0	0
1	0
2	0
3	0
4	0
5	0
6	0
7	0
8	0
9	0
10	0
11	0
12	0
13	0
14	0
15	0
16	0
17	0
18	0
19	0
20	0
21	0
22	0
23	0
24	0
25	0
26	0
27	0
28	0
29	0
30	0
31	0
32	0
33	0
34	0
35	0
36	0
37	0
38	0
39	0
40	0
41	0
42	0
43	0
44	0
45	0
46	0
47	0
48	0
49	0
50	0
51	0
52	0
53	0
54	0
55	0
56	0
57	0
58	0
59	0
60	0
61	0
62	0
63	0
64	0
65	0
66	0
67	0
68	0
69	3
70	9
71	42
72	55
73	61
74	53
75	61
76	61
77	55
78	62
79	46
80	52
81	60
82	64
83	65
84	62
85	53
86	44
87	47
88	50
89	53
90	55
91	53
92	42
93	43
94	56
95	43
96	50
97	43
98	71
99	57
100	60
101	62
102	49
103	57
104	44
105	52
106	59
107	51
108	46
109	47
110	62
111	49
112	52
113	41
114	42
115	61
116	53
117	49
118	55
119	50
120	62
121	51
122	50
123	52
124	56
125	48
126	56
127	41
128	58
129	55
130	62
131	50
132	51
133	63
134	54
135	59
136	41
137	49
138	47
139	61
140	42
141	50
142	53
143	51
144	48
145	65
146	50
147	45
148	62
149	60
150	61
151	67
152	55
153	59
154	50
155	60
156	53
157	63
158	62
159	43
160	56
161	50
162	60
163	59
164	60
165	63
166	69
167	67
168	62
169	53
170	49
171	62
172	58
173	67
174	58
175	62
176	58
177	63
178	66
179	68
180	61
181	66
182	63
183	53
184	60
185	65
186	57
187	85
188	66
189	60
190	66
191	71
192	57
193	74
194	68
195	69
196	64
197	77
198	64
199	66
200	77
201	72
202	60
203	65
204	68
205	75
206	68
207	65
208	74
209	76
210	71
211	69
212	58
213	65
214	68
215	84
216	64
217	78
218	72
219	77
220	84
221	79
222	80
223	82
224	65
225	80
226	81
227	86
228	71
229	81
230	73
231	75
232	87
233	92
234	62
235	79
236	80
237	72
238	84
239	83
240	76
241	84
242	97
243	87
244	87
245	70
246	84
247	101
248	81
249	92
250	87
251	91
252	97
253	102
254	99
255	88
256	82
257	93
258	77
259	93
260	99
261	91
262	103
263	108
264	101
265	80
266	112
267	83
268	112
269	99
270	100
271	102
272	88
273	117
274	99
275	104
276	98
277	111
278	99
279	94
280	112
281	94
282	99
283	103
284	112
285	97
286	109
287	120
288	107
289	105
290	113
291	122
292	102
293	102
294	113
295	98
296	87
297	105
298	99
299	108
300	124
301	120
302	109
303	106
304	131
305	118
306	113
307	124
308	111
309	105
310	117
311	121
312	125
313	131
314	136
315	130
316	129
317	106
318	134
319	131
320	125
321	119
322	121
323	137
324	113
325	121
326	123
327	136
328	115
329	118
330	124
331	131
332	109
333	126
334	142
335	117
336	143
337	142
338	120
339	119
340	108
341	120
342	108
343	106
344	124
345	127
346	125
347	129
348	114
349	123
350	105
351	123
352	126
353	110
354	118
355	132
356	124
357	130
358	130
359	131
360	123
361	124
362	139
363	117
364	112
365	135
366	121
367	115
368	116
369	120
370	124
371	114
372	135
373	121
374	117
375	103
376	123
377	132
378	112
379	109
380	99
381	117
382	122
383	128
384	129
385	125
386	130
387	125
388	123
389	137
390	105
391	111
392	121
393	116
394	124
395	122
396	131
397	111
398	125
399	112
400	121
401	114
402	109
403	102
404	128
405	127
406	132
407	110
408	109
409	116
410	126
411	127
412	124
413	119
414	124
415	116
416	98
417	96
418	133
419	118
420	109
421	128
422	100
423	129
424	96
425	115
426	118
427	131
428	100
429	114
430	95
431	148
432	130
433	134
434	118
435	128
436	101
437	106
438	128
439	122
440	111
441	135
442	119
443	83
444	136
445	123
446	112
447	103
448	100
449	114
450	125
451	115
452	107
453	130
454	129
455	134
456	134
457	111
458	116
459	128
460	133
461	128
462	126
463	123
464	125
465	104
466	124
467	117
468	129
469	104
470	123
471	123
472	113
473	124
474	111
475	99
476	100
477	105
478	122
479	118
480	123
481	130
482	131
483	110
484	123
485	104
486	105
487	125
488	99
489	117
490	134
491	111
492	101
493	122
494	118
495	123
496	99
497	117
498	126
499	124
500	86
501	111
502	121
503	117
504	129
505	125
506	106
507	110
508	115
509	119
510	124
511	122
512	130
513	115
514	116
515	136
516	117
517	110
518	127
519	136
520	130
521	104
522	106
523	103
524	113
525	119
526	121
527	97
528	120
529	118
530	127
531	125
532	123
533	117
534	112
535	91
536	104
537	101
538	117
539	114
540	125
541	106
542	118
543	123
544	131
545	117
546	124
547	119
548	108
549	118
550	113
551	100
552	98
553	121
554	107
555	122
556	97
557	107
558	108
559	121
560	114
561	121
562	123
563	106
564	98
565	101
566	119
567	106
568	109
569	114
570	98
571	110
572	119
573	112
574	116
575	117
576	108
577	116
578	104
579	108
580	112
581	109
582	118
583	106
584	124
585	120
586	146
587	112
588	96
589	112
590	105
591	134
592	98
593	105
594	104
595	99
596	94
597	112
598	105
599	86
600	116
601	134
602	112
603	106
604	105
605	102
606	90
607	103
608	120
609	84
610	113
611	112
612	90
613	93
614	102
615	129
616	110
617	93
618	99
619	103
620	110
621	102
622	82
623	98
624	122
625	93
626	103
627	133
628	114
629	85
630	122
631	88
632	103
633	117
634	109
635	117
636	123
637	113
638	99
639	114
640	117
641	104
642	105
643	102
644	109
645	103
646	99
647	108
648	111
649	99
650	103
651	83
652	108
653	104
654	93
655	109
656	106
657	107
658	85
659	104
660	104
661	100
662	97
663	96
664	83
665	82
666	94
667	94
668	96
669	122
670	99
671	91
672	106
673	94
674	102
675	105
676	109
677	98
678	118
679	111
680	118
681	105
682	112
683	102
684	100
685	103
686	87
687	108
688	103
689	92
690	94
691	98
692	91
693	107
694	94
695	88
696	113
697	82
698	106
699	113
700	97
701	83
702	85
703	92
704	103
705	90
706	104
707	97
708	119
709	98
710	100
711	89
712	119
713	86
714	95
715	82
716	97
717	96
718	92
719	80
720	117
721	85
722	110
723	93
724	89
725	86
726	104
727	74
728	104
729	95
730	93
731	114
732	96
733	92
734	102
735	106
736	116
737	101
738	110
739	114
740	100
741	98
742	79
743	97
744	111
745	96
746	95
747	80
748	99
749	106
750	88
751	102
752	93
753	103
754	109
755	96
756	89
757	103
758	110
759	97
760	82
761	79
762	97
763	106
764	116
765	94
766	87
767	112
768	92
769	97
770	120
771	102
772	88
773	102
774	106
775	119
776	102
777	87
778	113
779	106
780	94
781	106
782	104
783	109
784	89
785	116
786	125
787	102
788	98
789	113
790	96
791	89
792	95
793	98
794	103
795	107
796	108
797	100
798	112
799	99
800	119
801	114
802	114
803	111
804	113
805	96
806	95
807	119
808	94
809	96
810	119
811	102
812	92
813	92
814	98
815	95
816	104
817	99
818	102
819	86
820	103
821	92
822	93
823	102
824	80
825	107
826	86
827	96
828	102
829	103
830	107
831	117
832	102
833	96
834	90
835	109
836	115
837	91
838	115
839	107
840	115
841	88
842	108
843	97
844	112
845	91
846	97
847	111
848	104
849	85
850	116
851	104
852	88
853	129
854	103
855	106
856	94
857	92
858	103
859	84
860	100
861	107
862	90
863	94
864	104
865	98
866	113
867	97
868	106
869	115
870	94
871	101
872	107
873	80
874	103
875	100
876	97
877	106
878	94
879	87
880	114
881	85
882	96
883	93
884	95
885	79
886	92
887	85
888	93
889	94
890	104
891	100
892	91
893	91
894	73
895	90
896	96
897	102
898	106
899	108
900	93
901	85
902	79
903	97
904	92
905	90
906	106
907	76
908	96
909	81
910	99
911	74
912	83
913	72
914	84
915	89
916	72
917	75
918	77
919	95
920	81
921	100
922	112
923	90
924	79
925	89
926	91
927	102
928	82
929	83
930	76
931	99
932	75
933	94
934	86
935	76
936	78
937	73
938	74
939	71
940	60
941	94
942	101
943	79
944	101
945	87
946	77
947	79
948	91
949	70
950	97
951	77
952	76
953	76
954	86
955	73
956	85
957	82
958	89
959	84
960	88
961	90
962	84
963	83
964	84
965	85
966	94
967	94
968	66
969	92
970	105
971	75
972	77
973	65
974	83
975	86
976	75
977	81
978	95
979	88
980	80
981	77
982	85
983	85
984	84
985	91
986	81
987	92
988	87
989	74
990	75
991	85
992	75
993	81
994	79
995	83
996	76
997	82
998	94
999	83
1000	85
1001	75
1002	69
1003	87
1004	72
1005	82
1006	84
1007	80
1008	76
1009	62
1010	65
1011	68
1012	66
1013	80
1014	89
1015	80
1016	67
1017	99
1018	88
1019	77
1020	90
1021	71
1022	78
1023	73
1024	77
1025	88
1026	71
1027	67
1028	82
1029	56
1030	86
1031	76
1032	73
1033	75
1034	76
1035	86
1036	71
1037	62
1038	87
1039	84
1040	78
1041	79
1042	96
1043	70
1044	83
1045	76
1046	77
1047	76
1048	88
1049	74
1050	91
1051	70
1052	74
1053	72
1054	68
1055	68
1056	64
1057	64
1058	76
1059	62
1060	72
1061	72
1062	64
1063	87
1064	83
1065	61
1066	78
1067	76
1068	77
1069	76
1070	89
1071	78
1072	71
1073	88
1074	52
1075	72
1076	97
1077	76
1078	65
1079	76
1080	69
1081	75
1082	58
1083	78
1084	86
1085	74
1086	76
1087	59
1088	67
1089	93
1090	86
1091	81
1092	63
1093	64
1094	72
1095	80
1096	65
1097	71
1098	53
1099	78
1100	69
1101	62
1102	76
1103	62
1104	58
1105	79
1106	72
1107	70
1108	73
1109	80
1110	72
1111	69
1112	68
1113	83
1114	76
1115	60
1116	70
1117	78
1118	72
1119	67
1120	45
1121	71
1122	77
1123	67
1124	67
1125	69
1126	69
1127	70
1128	70
1129	69
1130	67
1131	57
1132	65
1133	85
1134	77
1135	60
1136	58
1137	71
1138	66
1139	72
1140	75
1141	77
1142	67
1143	69
1144	68
1145	70
1146	56
1147	54
1148	77
1149	79
1150	69
1151	66
1152	56
1153	63
1154	72
1155	70
1156	70
1157	63
1158	60
1159	61
1160	62
1161	69
1162	67
1163	44
1164	45
1165	80
1166	64
1167	64
1168	60
1169	72
1170	48
1171	64
1172	60
1173	83
1174	53
1175	65
1176	50
1177	57
1178	56
1179	56
1180	56
1181	67
1182	56
1183	69
1184	63
1185	57
1186	62
1187	75
1188	70
1189	48
1190	54
1191	57
1192	68
1193	59
1194	60
1195	65
1196	52
1197	54
1198	65
1199	55
1200	67
1201	52
1202	57
1203	55
1204	47
1205	70
1206	50
1207	43
1208	59
1209	47
1210	68
1211	58
1212	66
1213	51
1214	60
1215	61
1216	50
1217	59
1218	59
1219	53
1220	57
1221	50
1222	59
1223	59
1224	59
1225	59
1226	49
1227	57
1228	58
1229	54
1230	55
1231	57
1232	45
1233	67
1234	68
1235	54
1236	57
1237	59
1238	61
1239	62
1240	44
1241	53
1242	49
1243	62
1244	44
1245	60
1246	53
1247	52
1248	63
1249	66
1250	55
1251	55
1252	53
1253	60
1254	58
1255	56
1256	53
1257	45
1258	36
1259	51
1260	55
1261	48
1262	50
1263	40
1264	51
1265	54
1266	54
1267	51
1268	67
1269	50
1270	44
1271	37
1272	57
1273	56
1274	54
1275	48
1276	65
1277	54
1278	51
1279	52
1280	58
1281	56
1282	54
1283	44
1284	49
1285	49
1286	42
1287	47
1288	47
1289	78
1290	59
1291	53
1292	47
1293	54
1294	49
1295	42
1296	54
1297	47
1298	54
1299	46
1300	58
1301	52
1302	33
1303	48
1304	58
1305	54
1306	48
1307	45
1308	57
1309	51
1310	42
1311	47
1312	55
1313	48
1314	64
1315	56
1316	59
1317	53
1318	42
1319	66
1320	62
1321	47
1322	45
1323	49
1324	57
1325	60
1326	48
1327	62
1328	61
1329	50
1330	38
1331	63
1332	63
1333	52
1334	44
1335	48
1336	41
1337	53
1338	44
1339	58
1340	59
1341	58
1342	50
1343	63
1344	50
1345	50
1346	39
1347	54
1348	57
1349	35
1350	43
1351	60
1352	44
1353	50
1354	58
1355	49
1356	53
1357	51
1358	53
1359	47
1360	45
1361	43
1362	51
1363	34
1364	56
1365	43
1366	53
1367	47
1368	58
1369	57
1370	56
1371	53
1372	43
1373	50
1374	50
1375	42
1376	54
1377	35
1378	53
1379	53
1380	54
1381	49
1382	55
1383	63
1384	44
1385	38
1386	46
1387	47
1388	58
1389	43
1390	61
1391	41
1392	46
1393	52
1394	65
1395	43
1396	57
1397	52
1398	51
1399	45
1400	58
1401	39
1402	45
1403	57
1404	40
1405	48
1406	46
1407	46
1408	42
1409	64
1410	52
1411	42
1412	49
1413	39
1414	52
1415	45
1416	49
1417	50
1418	54
1419	33
1420	53
1421	44
1422	44
1423	64
1424	42
1425	48
1426	42
1427	56
1428	54
1429	37
1430	61
1431	55
1432	44
1433	63
1434	55
1435	47
1436	32
1437	46
1438	47
1439	41
1440	44
1441	47
1442	49
1443	40
1444	39
1445	47
1446	46
1447	45
1448	50
1449	39
1450	56
1451	52
1452	34
1453	44
1454	37
1455	38
1456	44
1457	43
1458	46
1459	37
1460	48
1461	48
1462	41
1463	31
1464	59
1465	48
1466	34
1467	42
1468	51
1469	50
1470	34
1471	49
1472	52
1473	48
1474	40
1475	46
1476	55
1477	46
1478	44
1479	54
1480	40
1481	42
1482	41
1483	48
1484	44
1485	51
1486	40
1487	54
1488	41
1489	43
1490	43
1491	34
1492	51
1493	56
1494	37
1495	47
1496	43
1497	40
1498	43
1499	52
1500	40
1501	52
1502	39
1503	38
1504	46
1505	48
1506	31
1507	59
1508	40
1509	38
1510	49
1511	46
1512	39
1513	40
1514	38
1515	33
1516	42
1517	38
1518	38
1519	50
1520	33
1521	52
1522	41
1523	46
1524	44
1525	41
1526	40
1527	48
1528	47
1529	48
1530	41
1531	45
1532	36
1533	39
1534	44
1535	38
1536	45
1537	39
1538	38
1539	36
1540	47
1541	47
1542	37
1543	31
1544	41
1545	36
1546	44
1547	34
1548	39
1549	35
1550	29
1551	23
1552	27
1553	41
1554	40
1555	42
1556	37
1557	37
1558	36
1559	24
1560	46
1561	27
1562	40
1563	38
1564	43
1565	40
1566	39
1567	43
1568	43
1569	33
1570	38
1571	25
1572	35
1573	43
1574	31
1575	32
1576	41
1577	28
1578	34
1579	31
1580	34
1581	28
1582	30
1583	26
1584	38
1585	37
1586	31
1587	33
1588	39
1589	36
1590	38
1591	47
1592	28
1593	43
1594	33
1595	43
1596	38
1597	34
1598	45
1599	42
1600	40
1601	33
1602	38
1603	41
1604	48
1605	37
1606	38
1607	32
1608	37
1609	21
1610	32
1611	28
1612	34
1613	41
1614	41
1615	41
1616	34
1617	29
1618	34
1619	28
1620	35
1621	42
1622	28
1623	24
1624	40
1625	31
1626	43
1627	39
1628	28
1629	39
1630	36
1631	39
1632	42
1633	27
1634	35
1635	33
1636	32
1637	33
1638	32
1639	29
1640	31
1641	28
1642	36
1643	29
1644	36
1645	43
1646	31
1647	32
1648	23
1649	21
1650	26
1651	35
1652	31
1653	33
1654	35
1655	25
1656	38
1657	30
1658	34
1659	25
1660	35
1661	24
1662	37
1663	21
1664	16
1665	40
1666	23
1667	37
1668	22
1669	30
1670	36
1671	29
1672	27
1673	29
1674	18
1675	18
1676	27
1677	33
1678	22
1679	37
1680	28
1681	33
1682	37
1683	36
1684	43
1685	32
1686	26
1687	21
1688	33
1689	16
1690	32
1691	30
1692	18
1693	25
1694	38
1695	21
1696	32
1697	26
1698	24
1699	30
1700	35
1701	24
1702	30
1703	30
1704	22
1705	26
1706	32
1707	23
1708	26
1709	27
1710	21
1711	33
1712	29
1713	27
1714	19
1715	25
1716	23
1717	27
1718	14
1719	26
1720	31
1721	17
1722	16
1723	18
1724	19
1725	21
1726	25
1727	27
1728	33
1729	30
1730	18
1731	32
1732	21
1733	16
1734	38
1735	23
1736	32
1737	26
1738	18
1739	23
1740	19
1741	11
1742	19
1743	35
1744	21
1745	18
1746	22
1747	23
1748	25
1749	27
1750	23
1751	24
1752	24
1753	26
1754	27
1755	11
1756	26
1757	22
1758	25
1759	26
1760	21
1761	19
1762	25
1763	21
1764	32
1765	21
1766	28
1767	25
1768	15
1769	24
1770	21
1771	31
1772	23
1773	29
1774	16
1775	20
1776	30
1777	21
1778	25
1779	13
1780	21
1781	34
1782	23
1783	19
1784	27
1785	23
1786	22
1787	27
1788	23
1789	18
1790	12
1791	17
1792	26
1793	21
1794	26
1795	25
1796	25
1797	14
1798	20
1799	11
1800	26
1801	15
1802	15
1803	22
1804	18
1805	21
1806	19
1807	23
1808	21
1809	22
1810	15
1811	27
1812	16
1813	23
1814	22
1815	22
1816	21
1817	39
1818	21
1819	15
1820	19
1821	23
1822	11
1823	26
1824	17
1825	17
1826	10
1827	23
1828	20
1829	21
1830	20
1831	17
1832	24
1833	12
1834	16
1835	22
1836	23
1837	18
1838	21
1839	28
1840	14
1841	16
1842	22
1843	22
1844	14
1845	25
1846	19
1847	20
1848	21
1849	23
1850	15
1851	20
1852	21
1853	30
1854	18
1855	16
1856	19
1857	28
1858	15
1859	24
1860	22
1861	18
1862	18
1863	24
1864	14
1865	18
1866	21
1867	14
1868	15
1869	25
1870	22
1871	10
1872	21
1873	20
1874	17
1875	25
1876	26
1877	16
1878	23
1879	36
1880	18
1881	13
1882	22
1883	10
1884	13
1885	19
1886	23
1887	18
1888	18
1889	15
1890	17
1891	16
1892	18
1893	17
1894	18
1895	20
1896	17
1897	29
1898	12
1899	16
1900	22
1901	16
1902	20
1903	13
1904	10
1905	12
1906	20
1907	18
1908	14
1909	18
1910	15
1911	18
1912	24
1913	19
1914	23
1915	25
1916	21
1917	20
1918	14
1919	16
1920	19
1921	13
1922	22
1923	22
1924	30
1925	13
1926	16
1927	17
1928	17
1929	19
1930	24
1931	18
1932	19
1933	22
1934	28
1935	17
1936	15
1937	11
1938	16
1939	19
1940	24
1941	19
1942	17
1943	16
1944	19
1945	23
1946	19
1947	16
1948	12
1949	12
1950	17
1951	27
1952	17
1953	9
1954	24
1955	17
1956	23
1957	18
1958	20
1959	14
1960	16
1961	15
1962	13
1963	17
1964	14
1965	16
1966	18
1967	19
1968	13
1969	17
1970	7
1971	15
1972	22
1973	21
1974	12
1975	18
1976	17
1977	19
1978	14
1979	18
1980	19
1981	14
1982	12
1983	15
1984	13
1985	14
1986	25
1987	19
1988	19
1989	24
1990	16
1991	20
1992	22
1993	12
1994	15
1995	18
1996	16
1997	12
1998	16
1999	20
2000	15
2001	18
2002	16
2003	19
2004	16
2005	15
2006	17
2007	14
2008	13
2009	18
2010	13
2011	14
2012	10
2013	17
2014	23
2015	26
2016	19
2017	17
2018	10
2019	19
2020	16
2021	16
2022	14
2023	12
2024	13
2025	24
2026	20
2027	33
2028	18
2029	15
2030	19
2031	19
2032	21
2033	11
2034	18
2035	12
2036	19
2037	20
2038	18
2039	13
2040	17
2041	17
2042	15
2043	18
2044	11
2045	15
2046	27
2047	15
2048	15
2049	16
2050	25
2051	11
2052	21
2053	20
2054	27
2055	16
2056	12
2057	17
2058	18
2059	12
2060	9
2061	20
2062	17
2063	14
2064	15
2065	17
2066	14
2067	17
2068	19
2069	15
2070	10
2071	21
2072	20
2073	13
2074	16
2075	12
2076	13
2077	21
2078	25
2079	21
2080	13
2081	7
2082	16
2083	19
2084	10
2085	12
2086	22
2087	22
2088	18
2089	16
2090	10
2091	13
2092	25
2093	10
2094	15
2095	19
2096	11
2097	17
2098	24
2099	23
2100	13
2101	20
2102	17
2103	11
2104	18
2105	15
2106	16
2107	22
2108	12
2109	11
2110	13
2111	10
2112	18
2113	20
2114	9
2115	21
2116	18
2117	12
2118	20
2119	16
2120	19
2121	13
2122	11
2123	18
2124	19
2125	22
2126	12
2127	13
2128	22
2129	12
2130	23
2131	16
2132	15
2133	17
2134	12
2135	14
2136	19
2137	13
2138	19
2139	17
2140	15
2141	20
2142	16
2143	11
2144	15
2145	15
2146	20
2147	21
2148	11
2149	20
2150	13
2151	22
2152	17
2153	16
2154	9
2155	20
2156	11
2157	16
2158	15
2159	20
2160	20
2161	17
2162	15
2163	17
2164	23
2165	18
2166	17
2167	15
2168	13
2169	19
2170	9
2171	9
2172	22
2173	20
2174	15
2175	21
2176	28
2177	12
2178	17
2179	22
2180	5
2181	11
2182	19
2183	12
2184	23
2185	13
2186	19
2187	18
2188	14
2189	22
2190	22
2191	9
2192	22
2193	16
2194	18
2195	12
2196	17
2197	16
2198	14
2199	13
2200	13
2201	14
2202	12
2203	11
2204	19
2205	20
2206	15
2207	18
2208	18
2209	19
2210	18
2211	14
2212	12
2213	16
2214	20
2215	23
2216	14
2217	17
2218	17
2219	17
2220	10
2221	12
2222	8
2223	19
2224	17
2225	18
2226	15
2227	17
2228	16
2229	16
2230	18
2231	14
2232	25
2233	24
2234	17
2235	23
2236	20
2237	14
2238	20
2239	18
2240	19
2241	31
2242	21
2243	8
2244	16
2245	14
2246	19
2247	20
2248	26
2249	20
2250	21
2251	15
2252	23
2253	26
2254	13
2255	14
2256	20
2257	28
2258	24
2259	29
2260	13
2261	16
2262	17
2263	23
2264	13
2265	21
2266	30
2267	30
2268	21
2269	29
2270	16
2271	30
2272	25
2273	30
2274	23
2275	42
2276	22
2277	24
2278	32
2279	31
2280	27
2281	21
2282	20
2283	32
2284	24
2285	34
2286	34
2287	34
2288	38
2289	33
2290	34
2291	33
2292	33
2293	37
2294	25
2295	23
2296	36
2297	25
2298	42
2299	41
2300	39
2301	28
2302	39
2303	36
2304	30
2305	40
2306	43
2307	29
2308	36
2309	50
2310	42
2311	31
2312	41
2313	46
2314	39
2315	52
2316	40
2317	47
2318	49
2319	33
2320	36
2321	53
2322	50
2323	45
2324	53
2325	60
2326	50
2327	49
2328	52
2329	60
2330	58
2331	64
2332	68
2333	55
2334	63
2335	69
2336	63
2337	68
2338	66
2339	62
2340	58
2341	77
2342	69
2343	65
2344	67
2345	68
2346	79
2347	83
2348	68
2349	93
2350	85
2351	98
2352	79
2353	77
2354	89
2355	84
2356	96
2357	85
2358	84
2359	94
2360	75
2361	98
2362	87
2363	98
2364	89
2365	101
2366	107
2367	97
2368	118
2369	91
2370	92
2371	100
2372	107
2373	91
2374	84
2375	93
2376	92
2377	96
2378	106
2379	117
2380	116
2381	104
2382	131
2383	98
2384	122
2385	144
2386	103
2387	105
2388	132
2389	130
2390	102
2391	133
2392	123
2393	124
2394	140
2395	133
2396	144
2397	133
2398	138
2399	154
2400	147
2401	129
2402	146
2403	155
2404	150
2405	159
2406	138
2407	145
2408	169
2409	179
2410	153
2411	158
2412	149
2413	147
2414	165
2415	128
2416	149
2417	154
2418	154
2419	165
2420	162
2421	159
2422	162
2423	171
2424	153
2425	185
2426	149
2427	154
2428	170
2429	169
2430	167
2431	185
2432	175
2433	173
2434	184
2435	196
2436	175
2437	205
2438	177
2439	172
2440	173
2441	185
2442	169
2443	187
2444	207
2445	186
2446	202
2447	183
2448	175
2449	176
2450	195
2451	214
2452	179
2453	189
2454	191
2455	184
2456	169
2457	186
2458	191
2459	198
2460	177
2461	172
2462	210
2463	185
2464	201
2465	184
2466	186
2467	188
2468	189
2469	187
2470	200
2471	197
2472	194
2473	198
2474	215
2475	213
2476	205
2477	188
2478	180
2479	163
2480	183
2481	184
2482	205
2483	177
2484	188
2485	181
2486	180
2487	185
2488	157
2489	172
2490	194
2491	196
2492	176
2493	196
2494	174
2495	168
2496	163
2497	188
2498	150
2499	153
2500	193
2501	165
2502	168
2503	157
2504	168
2505	163
2506	171
2507	178
2508	186
2509	165
2510	170
2511	163
2512	162
2513	154
2514	162
2515	180
2516	150
2517	159
2518	170
2519	156
2520	165
2521	155
2522	144
2523	144
2524	151
2525	127
2526	146
2527	146
2528	148
2529	153
2530	157
2531	145
2532	129
2533	165
2534	135
2535	172
2536	144
2537	134
2538	137
2539	136
2540	152
2541	129
2542	110
2543	118
2544	113
2545	113
2546	124
2547	100
2548	109
2549	120
2550	130
2551	130
2552	122
2553	121
2554	122
2555	142
2556	140
2557	115
2558	116
2559	102
2560	103
2561	113
2562	97
2563	111
2564	93
2565	97
2566	102
2567	107
2568	102
2569	110
2570	104
2571	96
2572	99
2573	99
2574	81
2575	74
2576	80
2577	88
2578	77
2579	79
2580	86
2581	85
2582	84
2583	76
2584	105
2585	74
2586	83
2587	79
2588	83
2589	79
2590	74
2591	81
2592	66
2593	75
2594	84
2595	70
2596	66
2597	64
2598	66
2599	61
2600	67
2601	59
2602	63
2603	62
2604	71
2605	70
2606	48
2607	56
2608	60
2609	58
2610	55
2611	54
2612	53
2613	59
2614	50
2615	56
2616	60
2617	54
2618	41
2619	45
2620	41
2621	57
2622	47
2623	40
2624	38
2625	39
2626	28
2627	37
2628	46
2629	45
2630	48
2631	41
2632	36
2633	31
2634	41
2635	28
2636	31
2637	45
2638	36
2639	36
2640	46
2641	29
2642	29
2643	38
2644	23
2645	34
2646	24
2647	32
2648	46
2649	20
2650	34
2651	26
2652	28
2653	24
2654	23
2655	21
2656	31
2657	33
2658	17
2659	24
2660	17
2661	23
2662	23
2663	15
2664	24
2665	23
2666	22
2667	17
2668	22
2669	19
2670	11
2671	18
2672	20
2673	19
2674	22
2675	25
2676	11
2677	28
2678	20
2679	23
2680	11
2681	15
2682	13
2683	26
2684	15
2685	17
2686	16
2687	12
2688	19
2689	21
2690	12
2691	15
2692	19
2693	13
2694	23
2695	9
2696	19
2697	13
2698	12
2699	18
2700	13
2701	11
2702	12
2703	10
2704	8
2705	12
2706	13
2707	14
2708	8
2709	10
2710	15
2711	11
2712	17
2713	12
2714	13
2715	15
2716	17
2717	16
2718	17
2719	8
2720	15
2721	17
2722	10
2723	15
2724	15
2725	7
2726	9
2727	13
2728	13
2729	14
2730	22
2731	18
2732	13
2733	10
2734	9
2735	5
2736	10
2737	17
2738	9
2739	5
2740	11
2741	18
2742	14
2743	9
2744	12
2745	17
2746	11
2747	2
2748	14
2749	16
2750	7
2751	15
2752	13
2753	14
2754	6
2755	18
2756	14
2757	10
2758	10
2759	8
2760	17
2761	5
2762	8
2763	14
2764	6
2765	10
2766	8
2767	10
2768	11
2769	10
2770	13
2771	14
2772	13
2773	8
2774	9
2775	10
2776	12
2777	12
2778	9
2779	16
2780	6
2781	16
2782	16
2783	11
2784	8
2785	11
2786	12
2787	9
2788	16
2789	7
2790	16
2791	15
2792	9
2793	10
2794	16
2795	9
2796	14
2797	11
2798	8
2799	11
2800	12
2801	12
2802	15
2803	14
2804	9
2805	12
2806	9
2807	8
2808	11
2809	14
2810	10
2811	11
2812	14
2813	11
2814	13
2815	11
2816	17
2817	15
2818	16
2819	11
2820	17
2821	7
2822	10
2823	11
2824	12
2825	12
2826	12
2827	9
2828	11
2829	13
2830	13
2831	11
2832	19
2833	9
2834	12
2835	5
2836	15
2837	11
2838	9
2839	16
2840	17
2841	16
2842	7
2843	9
2844	18
2845	11
2846	17
2847	11
2848	16
2849	14
2850	9
2851	8
2852	13
2853	12
2854	15
2855	12
2856	16
2857	11
2858	12
2859	11
2860	9
2861	3
2862	11
2863	8
2864	10
2865	9
2866	17
2867	10
2868	6
2869	10
2870	16
2871	11
2872	10
2873	17
2874	14
2875	9
2876	18
2877	3
2878	14
2879	11
2880	15
2881	9
2882	17
2883	15
2884	10
2885	7
2886	15
2887	5
2888	10
2889	13
2890	8
2891	10
2892	16
2893	8
2894	13
2895	10
2896	12
2897	11
2898	11
2899	18
2900	16
2901	14
2902	7
2903	7
2904	16
2905	14
2906	13
2907	7
2908	8
2909	6
2910	13
2911	15
2912	9
2913	10
2914	9
2915	15
2916	12
2917	11
2918	10
2919	9
2920	14
2921	11
2922	15
2923	11
2924	11
2925	15
2926	18
2927	10
2928	14
2929	10
2930	8
2931	11
2932	5
2933	17
2934	9
2935	7
2936	15
2937	12
2938	11
2939	13
2940	14
2941	13
2942	11
2943	11
2944	13
2945	11
2946	16
2947	13
2948	11
2949	7
2950	11
2951	8
2952	14
2953	8
2954	16
2955	8
2956	9
2957	13
2958	12
2959	10
2960	8
2961	11
2962	9
2963	12
2964	10
2965	10
2966	11
2967	4
2968	9
2969	8
2970	9
2971	10
2972	10
2973	14
2974	6
2975	10
2976	8
2977	8
2978	7
2979	12
2980	10
2981	13
2982	9
2983	11
2984	17
2985	11
2986	15
2987	7
2988	5
2989	13
2990	9
2991	5
2992	9
2993	7
2994	11
2995	8
2996	10
2997	6
2998	16
2999	13
3000	12
3001	10
3002	8
3003	10
3004	7
3005	8
3006	16
3007	12
3008	17
3009	14
3010	9
3011	14
3012	14
3013	10
3014	18
3015	16
3016	13
3017	8
3018	11
3019	12
3020	11
3021	15
3022	5
3023	7
3024	7
3025	10
3026	12
3027	9
3028	6
3029	11
3030	15
3031	13
3032	8
3033	12
3034	6
3035	13
3036	12
3037	8
3038	7
3039	22
3040	6
3041	13
3042	9
3043	6
3044	5
3045	14
3046	8
3047	13
3048	6
3049	4
3050	10
3051	9
3052	5
3053	10
3054	9
3055	8
3056	10
3057	6
3058	10
3059	6
3060	12
3061	6
3062	4
3063	11
3064	5
3065	10
3066	3
3067	7
3068	2
3069	7
3070	5
3071	9
3072	8
3073	7
3074	11
3075	12
3076	4
3077	9
3078	7
3079	6
3080	11
3081	16
3082	13
3083	7
3084	6
3085	4
3086	7
3087	9
3088	14
3089	6
3090	13
3091	12
3092	11
3093	4
3094	6
3095	7
3096	7
3097	10
3098	8
3099	11
3100	10
3101	7
3102	16
3103	8
3104	9
3105	11
3106	4
3107	15
3108	8
3109	8
3110	7
3111	6
3112	8
3113	4
3114	9
3115	8
3116	6
3117	10
3118	9
3119	10
3120	14
3121	8
3122	12
3123	5
3124	13
3125	13
3126	3
3127	4
3128	6
3129	9
3130	12
3131	6
3132	10
3133	9
3134	7
3135	6
3136	16
3137	4
3138	14
3139	5
3140	5
3141	10
3142	9
3143	12
3144	8
3145	4
3146	13
3147	6
3148	10
3149	8
3150	3
3151	7
3152	4
3153	6
3154	10
3155	10
3156	4
3157	5
3158	9
3159	10
3160	7
3161	6
3162	8
3163	4
3164	6
3165	7
3166	10
3167	8
3168	8
3169	7
3170	8
3171	9
3172	14
3173	5
3174	9
3175	6
3176	4
3177	5
3178	13
3179	9
3180	10
3181	10
3182	3
3183	9
3184	4
3185	5
3186	4
3187	6
3188	7
3189	6
3190	9
3191	16
3192	5
3193	6
3194	8
3195	7
3196	11
3197	9
3198	7
3199	6
3200	9
3201	7
3202	9
3203	7
3204	10
3205	10
3206	11
3207	19
3208	7
3209	9
3210	8
3211	9
3212	5
3213	9
3214	15
3215	6
3216	9
3217	10
3218	8
3219	14
3220	8
3221	10
3222	8
3223	5
3224	7
3225	6
3226	11
3227	9
3228	9
3229	11
3230	8
3231	7
3232	11
3233	8
3234	13
3235	13
3236	7
3237	8
3238	7
3239	12
3240	7
3241	5
3242	9
3243	15
3244	6
3245	7
3246	11
3247	3
3248	9
3249	8
3250	5
3251	8
3252	3
3253	12
3254	9
3255	10
3256	9
3257	7
3258	6
3259	12
3260	6
3261	9
3262	6
3263	10
3264	18
3265	6
3266	6
3267	6
3268	5
3269	14
3270	10
3271	10
3272	9
3273	12
3274	12
3275	5
3276	9
3277	10
3278	7
3279	4
3280	10
3281	4
3282	9
3283	6
3284	9
3285	11
3286	6
3287	6
3288	7
3289	7
3290	4
3291	9
3292	10
3293	7
3294	11
3295	7
3296	11
3297	13
3298	9
3299	4
3300	7
3301	11
3302	7
3303	9
3304	12
3305	12
3306	3
3307	15
3308	13
3309	12
3310	8
3311	8
3312	11
3313	6
3314	10
3315	14
3316	10
3317	8
3318	7
3319	11
3320	8
3321	13
3322	11
3323	13
3324	9
3325	14
3326	9
3327	13
3328	14
3329	6
3330	7
3331	6
3332	8
3333	10
3334	9
3335	4
3336	8
3337	12
3338	14
3339	12
3340	10
3341	9
3342	11
3343	9
3344	5
3345	9
3346	12
3347	10
3348	9
3349	7
3350	6
3351	10
3352	16
3353	13
3354	9
3355	10
3356	10
3357	4
3358	13
3359	7
3360	15
3361	4
3362	4
3363	12
3364	11
3365	11
3366	3
3367	14
3368	9
3369	8
3370	6
3371	10
3372	12
3373	10
3374	15
3375	14
3376	6
3377	9
3378	10
3379	3
3380	5
3381	7
3382	18
3383	8
3384	9
3385	10
3386	14
3387	11
3388	9
3389	10
3390	9
3391	10
3392	11
3393	13
3394	6
3395	10
3396	14
3397	10
3398	12
3399	10
3400	10
3401	10
3402	8
3403	9
3404	9
3405	10
3406	10
3407	10
3408	7
3409	3
3410	7
3411	8
3412	12
3413	5
3414	13
3415	5
3416	9
3417	6
3418	15
3419	14
3420	10
3421	13
3422	8
3423	6
3424	13
3425	16
3426	14
3427	10
3428	4
3429	10
3430	15
3431	9
3432	4
3433	13
3434	9
3435	10
3436	17
3437	8
3438	12
3439	9
3440	13
3441	4
3442	10
3443	10
3444	10
3445	14
3446	16
3447	12
3448	4
3449	5
3450	6
3451	5
3452	12
3453	9
3454	10
3455	9
3456	6
3457	7
3458	7
3459	11
3460	13
3461	14
3462	8
3463	10
3464	8
3465	6
3466	9
3467	5
3468	9
3469	7
3470	12
3471	10
3472	12
3473	15
3474	4
3475	11
3476	8
3477	8
3478	5
3479	8
3480	11
3481	12
3482	6
3483	8
3484	7
3485	3
3486	4
3487	5
3488	13
3489	10
3490	6
3491	13
3492	10
3493	10
3494	9
3495	11
3496	8
3497	5
3498	9
3499	2
3500	9
3501	10
3502	11
3503	6
3504	14
3505	8
3506	16
3507	10
3508	8
3509	13
3510	15
3511	13
3512	2
3513	13
3514	9
3515	13
3516	8
3517	11
3518	8
3519	8
3520	6
3521	14
3522	9
3523	6
3524	8
3525	7
3526	15
3527	10
3528	5
3529	5
3530	10
3531	8
3532	14
3533	9
3534	3
3535	16
3536	5
3537	12
3538	17
3539	10
3540	6
3541	6
3542	10
3543	11
3544	8
3545	13
3546	6
3547	8
3548	7
3549	13
3550	4
3551	10
3552	8
3553	8
3554	9
3555	11
3556	10
3557	5
3558	8
3559	6
3560	16
3561	7
3562	9
3563	9
3564	7
3565	5
3566	12
3567	8
3568	5
3569	8
3570	13
3571	11
3572	8
3573	10
3574	9
3575	7
3576	12
3577	9
3578	5
3579	6
3580	11
3581	7
3582	14
3583	9
3584	15
3585	10
3586	10
3587	6
3588	7
3589	12
3590	13
3591	9
3592	3
3593	10
3594	9
3595	8
3596	4
3597	10
3598	13
3599	5
3600	8
3601	7
3602	7
3603	6
3604	8
3605	6
3606	10
3607	8
3608	7
3609	10
3610	16
3611	16
3612	10
3613	8
3614	7
3615	6
3616	3
3617	4
3618	10
3619	14
3620	17
3621	13
3622	8
3623	5
3624	8
3625	12
3626	5
3627	6
3628	14
3629	5
3630	5
3631	9
3632	11
3633	8
3634	11
3635	10
3636	8
3637	11
3638	9
3639	7
3640	10
3641	10
3642	8
3643	7
3644	9
3645	6
3646	3
3647	9
3648	5
3649	6
3650	14
3651	6
3652	7
3653	8
3654	3
3655	6
3656	4
3657	11
3658	9
3659	5
3660	13
3661	11
3662	8
3663	12
3664	10
3665	11
3666	13
3667	8
3668	8
3669	7
3670	6
3671	4
3672	9
3673	9
3674	5
3675	5
3676	10
3677	9
3678	7
3679	5
3680	12
3681	8
3682	4
3683	8
3684	5
3685	12
3686	10
3687	13
3688	10
3689	11
3690	9
3691	10
3692	8
3693	9
3694	12
3695	10
3696	5
3697	9
3698	5
3699	5
3700	10
3701	11
3702	10
3703	9
3704	8
3705	8
3706	11
3707	10
3708	15
3709	7
3710	3
3711	3
3712	11
3713	9
3714	7
3715	11
3716	11
3717	6
3718	15
3719	8
3720	6
3721	9
3722	8
3723	5
3724	13
3725	6
3726	10
3727	8
3728	5
3729	4
3730	6
3731	9
3732	11
3733	8
3734	9
3735	6
3736	5
3737	9
3738	9
3739	9
3740	9
3741	9
3742	8
3743	5
3744	6
3745	7
3746	5
3747	9
3748	6
3749	15
3750	7
3751	4
3752	6
3753	16
3754	8
3755	9
3756	6
3757	4
3758	4
3759	10
3760	9
3761	3
3762	10
3763	13
3764	4
3765	8
3766	14
3767	11
3768	8
3769	8
3770	8
3771	6
3772	8
3773	9
3774	5
3775	3
3776	9
3777	7
3778	3
3779	10
3780	7
3781	7
3782	6
3783	6
3784	5
3785	10
3786	8
3787	4
3788	5
3789	12
3790	3
3791	10
3792	7
3793	6
3794	4
3795	6
3796	8
3797	12
3798	8
3799	9
3800	9
3801	10
3802	6
3803	10
3804	11
3805	6
3806	13
3807	8
3808	2
3809	6
3810	6
3811	10
3812	8
3813	5
3814	8
3815	10
3816	6
3817	3
3818	6
3819	9
3820	8
3821	6
3822	9
3823	10
3824	8
3825	5
3826	8
3827	9
3828	8
3829	8
3830	6
3831	9
3832	7
3833	5
3834	12
3835	6
3836	12
3837	8
3838	10
3839	4
3840	4
3841	6
3842	10
3843	10
3844	16
3845	6
3846	11
3847	5
3848	14
3849	4
3850	9
3851	10
3852	5
3853	6
3854	12
3855	7
3856	9
3857	7
3858	7
3859	7
3860	8
3861	9
3862	6
3863	6
3864	10
3865	6
3866	9
3867	5
3868	10
3869	6
3870	4
3871	15
3872	7
3873	7
3874	9
3875	9
3876	8
3877	7
3878	5
3879	11
3880	10
3881	4
3882	7
3883	9
3884	10
3885	8
3886	9
3887	7
3888	9
3889	7
3890	6
3891	9
3892	11
3893	6
3894	4
3895	4
3896	4
3897	8
3898	6
3899	6
3900	9
3901	8
3902	9
3903	5
3904	8
3905	14
3906	7
3907	9
3908	10
3909	5
3910	8
3911	9
3912	11
3913	10
3914	5
3915	15
3916	2
3917	7
3918	10
3919	8
3920	9
3921	8
3922	6
3923	7
3924	4
3925	6
3926	7
3927	8
3928	10
3929	7
3930	7
3931	9
3932	7
3933	10
3934	9
3935	8
3936	5
3937	8
3938	10
3939	6
3940	10
3941	4
3942	9
3943	10
3944	11
3945	9
3946	8
3947	7
3948	2
3949	7
3950	9
3951	4
3952	4
3953	3
3954	7
3955	13
3956	7
3957	6
3958	9
3959	4
3960	6
3961	6
3962	9
3963	4
3964	7
3965	9
3966	6
3967	9
3968	6
3969	7
3970	4
3971	9
3972	5
3973	9
3974	0
3975	8
3976	9
3977	8
3978	12
3979	7
3980	8
3981	8
3982	9
3983	5
3984	5
3985	10
3986	9
3987	6
3988	7
3989	7
3990	9
3991	4
3992	7
3993	7
3994	2
3995	11
3996	3
3997	5
3998	8
3999	7
4000	8
4001	9
4002	8
4003	6
4004	5
4005	9
4006	5
4007	5
4008	6
4009	3
4010	6
4011	7
4012	5
4013	6
4014	13
4015	5
4016	5
4017	5
4018	8
4019	7
4020	10
4021	9
4022	6
4023	17
4024	5
4025	6
4026	9
4027	12
4028	7
4029	7
4030	4
4031	6
4032	7
4033	9
4034	10
4035	10
4036	6
4037	8
4038	9
4039	10
4040	13
4041	5
4042	6
4043	8
4044	9
4045	5
4046	7
4047	6
4048	6
4049	11
4050	9
4051	5
4052	3
4053	5
4054	2
4055	8
4056	8
4057	11
4058	10
4059	5
4060	10
4061	12
4062	5
4063	7
4064	3
4065	5
4066	4
4067	9
4068	7
4069	2
4070	8
4071	3
4072	10
4073	10
4074	9
4075	8
4076	9
4077	8
4078	3
4079	10
4080	11
4081	9
4082	6
4083	8
4084	5
4085	3
4086	10
4087	9
4088	3
4089	6
4090	5
4091	8
4092	6
4093	5
4094	6
4095	10
4096	7
4097	6
4098	3
4099	6
4100	5
4101	9
4102	7
4103	11
4104	5
4105	10
4106	5
4107	6
4108	13
4109	4
4110	7
4111	10
4112	5
4113	6
4114	8
4115	6
4116	13
4117	5
4118	10
4119	8
4120	7
4121	9
4122	6
4123	7
4124	7
4125	5
4126	4
4127	8
4128	7
4129	11
4130	6
4131	5
4132	12
4133	7
4134	9
4135	4
4136	4
4137	8
4138	11
4139	4
4140	3
4141	9
4142	10
4143	8
4144	7
4145	5
4146	11
4147	8
4148	10
4149	4
4150	10
4151	6
4152	8
4153	6
4154	4
4155	5
4156	9
4157	9
4158	8
4159	4
4160	5
4161	7
4162	8
4163	15
4164	13
4165	8
4166	9
4167	11
4168	3
4169	9
4170	5
4171	10
4172	15
4173	3
4174	7
4175	9
4176	2
4177	2
4178	7
4179	10
4180	5
4181	12
4182	7
4183	7
4184	8
4185	4
4186	6
4187	5
4188	2
4189	6
4190	9
4191	8
4192	7
4193	4
4194	7
4195	10
4196	11
4197	10
4198	15
4199	10
4200	7
4201	8
4202	6
4203	2
4204	8
4205	5
4206	7
4207	10
4208	1
4209	8
4210	15
4211	10
4212	17
4213	5
4214	6
4215	8
4216	7
4217	6
4218	10
4219	7
4220	6
4221	13
4222	9
4223	6
4224	9
4225	3
4226	11
4227	3
4228	4
4229	4
4230	12
4231	7
4232	9
4233	6
4234	9
4235	5
4236	4
4237	5
4238	4
4239	9
4240	13
4241	9
4242	10
4243	11
4244	12
4245	10
4246	8
4247	1
4248	5
4249	12
4250	6
4251	11
4252	3
4253	3
4254	17
4255	9
4256	15
4257	6
4258	6
4259	9
4260	11
4261	3
4262	7
4263	10
4264	9
4265	5
4266	13
4267	7
4268	9
4269	5
4270	8
4271	9
4272	13
4273	16
4274	13
4275	8
4276	9
4277	8
4278	8
4279	4
4280	9
4281	8
4282	9
4283	8
4284	9
4285	4
4286	6
4287	10
4288	10
4289	9
4290	5
4291	10
4292	15
4293	7
4294	7
4295	2
4296	5
4297	5
4298	11
4299	9
4300	8
4301	18
4302	10
4303	4
4304	8
4305	6
4306	4
4307	7
4308	3
4309	9
4310	6
4311	5
4312	12
4313	9
4314	8
4315	7
4316	7
4317	11
4318	11
4319	13
4320	7
4321	7
4322	9
4323	9
4324	6
4325	8
4326	13
4327	6
4328	8
4329	13
4330	7
4331	7
4332	11
4333	4
4334	6
4335	5
4336	13
4337	4
4338	10
4339	14
4340	7
4341	14
4342	6
4343	16
4344	6
4345	6
4346	9
4347	8
4348	4
4349	8
4350	8
4351	9
4352	5
4353	7
4354	6
4355	6
4356	6
4357	11
4358	11
4359	11
4360	10
4361	6
4362	8
4363	8
4364	9
4365	15
4366	15
4367	7
4368	4
4369	8
4370	7
4371	7
4372	7
4373	5
4374	9
4375	6
4376	3
4377	13
4378	13
4379	8
4380	8
4381	8
4382	5
4383	11
4384	7
4385	11
4386	10
4387	4
4388	8
4389	8
4390	9
4391	17
4392	8
4393	11
4394	9
4395	8
4396	8
4397	10
4398	7
4399	8
4400	10
4401	13
4402	9
4403	9
4404	13
4405	8
4406	5
4407	9
4408	12
4409	7
4410	8
4411	7
4412	5
4413	4
4414	11
4415	12
4416	9
4417	5
4418	6
4419	8
4420	9
4421	9
4422	6
4423	3
4424	7
4425	8
4426	13
4427	8
4428	9
4429	8
4430	10
4431	9
4432	8
4433	3
4434	6
4435	6
4436	20
4437	5
4438	7
4439	5
4440	9
4441	4
4442	7
4443	9
4444	7
4445	6
4446	4
4447	9
4448	8
4449	6
4450	12
4451	6
4452	8
4453	8
4454	6
4455	9
4456	9
4457	5
4458	12
4459	4
4460	7
4461	5
4462	6
4463	10
4464	11
4465	9
4466	3
4467	3
4468	4
4469	5
4470	8
4471	7
4472	5
4473	10
4474	11
4475	5
4476	12
4477	5
4478	10
4479	6
4480	6
4481	9
4482	5
4483	7
4484	6
4485	11
4486	14
4487	6
4488	3
4489	4
4490	6
4491	12
4492	8
4493	5
4494	8
4495	9
4496	7
4497	5
4498	13
4499	14
4500	6
4501	6
4502	7
4503	11
4504	8
4505	6
4506	8
4507	16
4508	6
4509	4
4510	8
4511	5
4512	10
4513	13
4514	6
4515	7
4516	7
4517	3
4518	7
4519	10
4520	5
4521	8
4522	9
4523	12
4524	3
4525	4
4526	3
4527	10
4528	7
4529	6
4530	7
4531	6
4532	12
4533	6
4534	7
4535	6
4536	11
4537	15
4538	8
4539	10
4540	13
4541	4
4542	4
4543	12
4544	4
4545	9
4546	14
4547	11
4548	6
4549	13
4550	7
4551	15
4552	7
4553	8
4554	5
4555	4
4556	4
4557	12
4558	6
4559	9
4560	10
4561	11
4562	6
4563	4
4564	5
4565	6
4566	5
4567	10
4568	3
4569	9
4570	13
4571	7
4572	8
4573	9
4574	5
4575	9
4576	8
4577	11
4578	6
4579	7
4580	7
4581	14
4582	9
4583	4
4584	6
4585	5
4586	3
4587	12
4588	8
4589	6
4590	5
4591	13
4592	11
4593	6
4594	10
4595	5
4596	3
4597	8
4598	6
4599	10
4600	4
4601	10
4602	6
4603	9
4604	12
4605	7
4606	5
4607	3
4608	12
4609	5
4610	8
4611	7
4612	9
4613	9
4614	9
4615	4
4616	5
4617	1
4618	5
4619	5
4620	8
4621	10
4622	5
4623	4
4624	8
4625	6
4626	12
4627	9
4628	5
4629	9
4630	8
4631	6
4632	6
4633	9
4634	6
4635	5
4636	5
4637	6
4638	6
4639	8
4640	9
4641	4
4642	9
4643	10
4644	8
4645	10
4646	5
4647	5
4648	5
4649	7
4650	11
4651	10
4652	4
4653	6
4654	15
4655	6
4656	11
4657	7
4658	11
4659	12
4660	4
4661	11
4662	12
4663	15
4664	11
4665	10
4666	6
4667	10
4668	9
4669	8
4670	8
4671	17
4672	3
4673	8
4674	8
4675	6
4676	6
4677	6
4678	7
4679	7
4680	7
4681	9
4682	4
4683	13
4684	10
4685	6
4686	11
4687	10
4688	11
4689	8
4690	5
4691	10
4692	8
4693	10
4694	12
4695	7
4696	11
4697	5
4698	13
4699	10
4700	7
4701	11
4702	10
4703	8
4704	7
4705	6
4706	5
4707	9
4708	10
4709	12
4710	10
4711	5
4712	7
4713	8
4714	9
4715	9
4716	7
4717	5
4718	11
4719	10
4720	7
4721	7
4722	8
4723	13
4724	8
4725	6
4726	8
4727	9
4728	5
4729	7
4730	10
4731	12
4732	8
4733	9
4734	4
4735	12
4736	9
4737	9
4738	9
4739	7
4740	13
4741	4
4742	14
4743	5
4744	7
4745	5
4746	9
4747	8
4748	10
4749	5
4750	4
4751	5
4752	6
4753	11
4754	3
4755	6
4756	11
4757	5
4758	10
4759	7
4760	8
4761	10
4762	9
4763	7
4764	10
4765	8
4766	8
4767	10
4768	10
4769	10
4770	5
4771	7
4772	13
4773	9
4774	5
4775	5
4776	12
4777	8
4778	7
4779	9
4780	8
4781	11
4782	11
4783	10
4784	6
4785	3
4786	10
4787	6
4788	8
4789	5
4790	5
4791	6
4792	7
4793	9
4794	9
4795	7
4796	7
4797	6
4798	2
4799	5
4800	11
4801	7
4802	6
4803	14
4804	13
4805	5
4806	8
4807	8
4808	10
4809	8
4810	7
4811	5
4812	10
4813	7
4814	6
4815	8
4816	5
4817	7
4818	3
4819	5
4820	1
4821	8
4822	5
4823	13
4824	11
4825	4
4826	11
4827	11
4828	9
4829	6
4830	7
4831	5
4832	5
4833	5
4834	3
4835	7
4836	6
4837	6
4838	10
4839	7
4840	4
4841	7
4842	4
4843	8
4844	11
4845	6
4846	9
4847	7
4848	10
4849	5
4850	9
4851	6
4852	7
4853	7
4854	6
4855	2
4856	9
4857	9
4858	4
4859	11
4860	9
4861	6
4862	6
4863	5
4864	8
4865	9
4866	8
4867	6
4868	2
4869	9
4870	5
4871	10
4872	9
4873	7
4874	8
4875	8
4876	7
4877	8
4878	8
4879	5
4880	8
4881	8
4882	7
4883	7
4884	4
4885	7
4886	10
4887	8
4888	4
4889	3
4890	3
4891	10
4892	8
4893	6
4894	9
4895	10
4896	7
4897	10
4898	11
4899	13
4900	5
4901	5
4902	8
4903	3
4904	8
4905	5
4906	8
4907	12
4908	9
4909	3
4910	9
4911	7
4912	8
4913	8
4914	15
4915	6
4916	4
4917	2
4918	10
4919	12
4920	8
4921	7
4922	8
4923	8
4924	8
4925	8
4926	10
4927	5
4928	7
4929	5
4930	8
4931	6
4932	10
4933	6
4934	7
4935	1
4936	6
4937	9
4938	6
4939	7
4940	5
4941	12
4942	10
4943	7
4944	8
4945	6
4946	3
4947	10
4948	7
4949	5
4950	4
4951	5
4952	2
4953	9
4954	10
4955	7
4956	7
4957	12
4958	5
4959	1
4960	5
4961	9
4962	6
4963	7
4964	7
4965	5
4966	13
4967	8
4968	7
4969	7
4970	4
4971	7
4972	7
4973	6
4974	4
4975	8
4976	6
4977	6
4978	4
4979	5
4980	8
4981	6
4982	5
4983	5
4984	12
4985	2
4986	7
4987	9
4988	5
4989	7
4990	13
4991	3
4992	7
4993	11
4994	9
4995	7
4996	7
4997	8
4998	9
4999	6
5000	9
5001	6
5002	9
5003	8
5004	7
5005	5
5006	7
5007	7
5008	6
5009	5
5010	1
5011	9
5012	8
5013	8
5014	7
5015	4
5016	11
5017	4
5018	5
5019	10
5020	5
5021	2
5022	8
5023	1
5024	6
5025	5
5026	6
5027	6
5028	6
5029	8
5030	10
5031	7
5032	6
5033	6
5034	4
5035	6
5036	7
5037	8
5038	11
5039	7
5040	9
5041	6
5042	2
5043	2
5044	7
5045	2
5046	5
5047	5
5048	4
5049	10
5050	4
5051	11
5052	8
5053	4
5054	3
5055	3
5056	7
5057	7
5058	6
5059	6
5060	5
5061	3
5062	9
5063	5
5064	7
5065	4
5066	10
5067	10
5068	8
5069	4
5070	4
5071	5
5072	6
5073	9
5074	5
5075	5
5076	7
5077	5
5078	4
5079	5
5080	5
5081	7
5082	7
5083	4
5084	2
5085	6
5086	4
5087	8
5088	4
5089	9
5090	4
5091	5
5092	2
5093	7
5094	10
5095	4
5096	8
5097	6
5098	7
5099	7
5100	6
5101	5
5102	3
5103	11
5104	5
5105	4
5106	5
5107	2
5108	6
5109	12
5110	8
5111	6
5112	3
5113	3
5114	5
5115	1
5116	8
5117	3
5118	6
5119	8
5120	3
5121	4
5122	7
5123	6
5124	8
5125	2
5126	8
5127	5
5128	8
5129	2
5130	8
5131	2
5132	5
5133	2
5134	5
5135	6
5136	9
5137	6
5138	4
5139	10
5140	6
5141	7
5142	8
5143	6
5144	7
5145	8
5146	5
5147	5
5148	4
5149	9
5150	7
5151	6
5152	11
5153	5
5154	5
5155	5
5156	2
5157	7
5158	3
5159	10
5160	5
5161	3
5162	5
5163	5
5164	3
5165	3
5166	3
5167	4
5168	1
5169	4
5170	4
5171	4
5172	9
5173	10
5174	2
5175	7
5176	10
5177	4
5178	3
5179	11
5180	6
5181	4
5182	4
5183	6
5184	2
5185	3
5186	9
5187	4
5188	5
5189	5
5190	3
5191	5
5192	6
5193	3
5194	7
5195	1
5196	9
5197	4
5198	6
5199	7
5200	7
5201	4
5202	7
5203	7
5204	6
5205	3
5206	0
5207	5
5208	3
5209	5
5210	5
5211	5
5212	10
5213	5
5214	3
5215	8
5216	3
5217	8
5218	6
5219	9
5220	3
5221	6
5222	3
5223	7
5224	2
5225	3
5226	4
5227	4
5228	2
5229	6
5230	8
5231	7
5232	2
5233	5
5234	2
5235	4
5236	3
5237	8
5238	7
5239	1
5240	2
5241	3
5242	3
5243	4
5244	5
5245	7
5246	7
5247	7
5248	5
5249	4
5250	2
5251	6
5252	3
5253	4
5254	7
5255	7
5256	3
5257	5
5258	2
5259	3
5260	3
5261	3
5262	7
5263	5
5264	6
5265	5
5266	10
5267	2
5268	5
5269	3
5270	7
5271	2
5272	5
5273	4
5274	7
5275	6
5276	0
5277	7
5278	6
5279	8
5280	8
5281	4
5282	5
5283	4
5284	1
5285	11
5286	9
5287	0
5288	2
5289	3
5290	2
5291	3
5292	4
5293	1
5294	4
5295	5
5296	4
5297	5
5298	3
5299	6
5300	5
5301	3
5302	2
5303	4
5304	5
5305	5
5306	5
5307	6
5308	5
5309	5
5310	2
5311	7
5312	6
5313	5
5314	3
5315	7
5316	4
5317	3
5318	3
5319	5
5320	1
5321	5
5322	4
5323	5
5324	8
5325	4
5326	3
5327	4
5328	4
5329	4
5330	4
5331	2
5332	4
5333	4
5334	6
5335	2
5336	4
5337	9
5338	4
5339	5
5340	3
5341	3
5342	4
5343	3
5344	1
5345	6
5346	7
5347	6
5348	4
5349	4
5350	3
5351	5
5352	6
5353	3
5354	1
5355	4
5356	7
5357	3
5358	1
5359	1
5360	4
5361	7
5362	4
5363	2
5364	4
5365	1
5366	3
5367	6
5368	4
5369	2
5370	3
5371	3
5372	6
5373	2
5374	1
5375	7
5376	3
5377	4
5378	4
5379	3
5380	5
5381	5
5382	5
5383	4
5384	4
5385	6
5386	5
5387	2
5388	6
5389	4
5390	11
5391	4
5392	3
5393	3
5394	2
5395	7
5396	7
5397	4
5398	6
5399	2
5400	2
5401	4
5402	3
5403	2
5404	1
5405	4
5406	6
5407	7
5408	4
5409	3
5410	2
5411	3
5412	3
5413	2
5414	5
5415	8
5416	3
5417	4
5418	5
5419	3
5420	7
5421	3
5422	4
5423	3
5424	2
5425	3
5426	4
5427	4
5428	7
5429	1
5430	1
5431	9
5432	3
5433	7
5434	5
5435	4
5436	4
5437	6
5438	1
5439	5
5440	3
5441	1
5442	3
5443	7
5444	3
5445	3
5446	6
5447	5
5448	2
5449	6
5450	1
5451	2
5452	3
5453	4
5454	4
5455	6
5456	1
5457	6
5458	4
5459	4
5460	5
5461	5
5462	2
5463	4
5464	1
5465	7
5466	4
5467	3
5468	2
5469	2
5470	3
5471	0
5472	1
5473	3
5474	1
5475	4
5476	4
5477	3
5478	7
5479	5
5480	1
5481	3
5482	5
5483	0
5484	2
5485	1
5486	2
5487	4
5488	5
5489	5
5490	1
5491	2
5492	2
5493	3
5494	2
5495	3
5496	7
5497	4
5498	9
5499	1
5500	7
5501	4
5502	3
5503	4
5504	6
5505	5
5506	3
5507	2
5508	3
5509	3
5510	3
5511	4
5512	5
5513	3
5514	7
5515	0
5516	5
5517	3
5518	7
5519	4
5520	3
5521	7
5522	3
5523	4
5524	2
5525	4
5526	1
5527	5
5528	9
5529	1
5530	4
5531	2
5532	6
5533	1
5534	3
5535	4
5536	2
5537	6
5538	6
5539	3
5540	4
5541	3
5542	4
5543	4
5544	3
5545	11
5546	2
5547	3
5548	2
5549	5
5550	5
5551	1
5552	2
5553	4
5554	3
5555	1
5556	5
5557	3
5558	0
5559	3
5560	5
5561	3
5562	5
5563	3
5564	3
5565	3
5566	3
5567	4
5568	2
5569	4
5570	4
5571	5
5572	3
5573	2
5574	2
5575	3
5576	4
5577	7
5578	4
5579	5
5580	3
5581	1
5582	5
5583	7
5584	8
5585	2
5586	2
5587	1
5588	3
5589	4
5590	3
5591	5
5592	3
5593	2
5594	3
5595	0
5596	3
5597	4
5598	4
5599	5
5600	5
5601	3
5602	3
5603	3
5604	7
5605	3
5606	3
5607	1
5608	1
5609	7
5610	2
5611	1
5612	3
5613	6
5614	4
5615	3
5616	7
5617	2
5618	1
5619	1
5620	1
5621	5
5622	2
5623	3
5624	1
5625	3
5626	1
5627	1
5628	3
5629	3
5630	3
5631	0
5632	4
5633	3
5634	4
5635	1
5636	2
5637	2
5638	2
5639	1
5640	2
5641	0
5642	3
5643	3
5644	2
5645	3
5646	4
5647	5
5648	4
5649	2
5650	1
5651	5
5652	6
5653	3
5654	2
5655	4
5656	5
5657	5
5658	3
5659	5
5660	0
5661	4
5662	5
5663	2
5664	4
5665	2
5666	4
5667	3
5668	4
5669	2
5670	4
5671	2
5672	1
5673	3
5674	0
5675	5
5676	2
5677	9
5678	2
5679	2
5680	4
5681	2
5682	3
5683	2
5684	2
5685	4
5686	2
5687	4
5688	2
5689	3
5690	3
5691	2
5692	1
5693	3
5694	1
5695	1
5696	2
5697	4
5698	1
5699	3
5700	3
5701	5
5702	5
5703	3
5704	4
5705	2
5706	2
5707	3
5708	4
5709	3
5710	4
5711	3
5712	6
5713	2
5714	2
5715	1
5716	2
5717	2
5718	2
5719	3
5720	4
5721	2
5722	3
5723	5
5724	5
5725	3
5726	4
5727	4
5728	2
5729	3
5730	2
5731	4
5732	2
5733	4
5734	0
5735	2
5736	3
5737	1
5738	1
5739	3
5740	2
5741	1
5742	1
5743	7
5744	5
5745	2
5746	3
5747	3
5748	1
5749	6
5750	2
5751	2
5752	3
5753	2
5754	1
5755	2
5756	2
5757	1
5758	1
5759	6
5760	2
5761	2
5762	0
5763	2
5764	7
5765	7
5766	3
5767	2
5768	2
5769	3
5770	4
5771	3
5772	2
5773	3
5774	3
5775	6
5776	2
5777	4
5778	1
5779	4
5780	3
5781	3
5782	3
5783	3
5784	3
5785	4
5786	5
5787	4
5788	4
5789	4
5790	1
5791	4
5792	4
5793	0
5794	4
5795	2
5796	4
5797	2
5798	5
5799	4
5800	2
5801	4
5802	2
5803	2
5804	4
5805	3
5806	1
5807	1
5808	3
5809	4
5810	3
5811	0
5812	0
5813	6
5814	5
5815	5
5816	3
5817	4
5818	3
5819	1
5820	3
5821	6
5822	1
5823	6
5824	2
5825	3
5826	6
5827	2
5828	5
5829	2
5830	4
5831	3
5832	6
5833	0
5834	3
5835	2
5836	3
5837	5
5838	2
5839	3
5840	4
5841	1
5842	5
5843	2
5844	4
5845	5
5846	4
5847	4
5848	6
5849	4
5850	4
5851	4
5852	3
5853	3
5854	2
5855	4
5856	2
5857	5
5858	3
5859	1
5860	4
5861	2
5862	4
5863	2
5864	5
5865	4
5866	5
5867	1
5868	8
5869	3
5870	3
5871	4
5872	1
5873	3
5874	4
5875	4
5876	3
5877	2
5878	3
5879	8
5880	7
5881	4
5882	5
5883	4
5884	4
5885	3
5886	5
5887	7
5888	4
5889	1
5890	3
5891	2
5892	5
5893	9
5894	3
5895	4
5896	9
5897	6
5898	5
5899	7
5900	6
5901	1
5902	5
5903	8
5904	6
5905	1
5906	5
5907	4
5908	7
5909	6
5910	2
5911	9
5912	2
5913	7
5914	4
5915	10
5916	7
5917	4
5918	10
5919	3
5920	4
5921	9
5922	4
5923	8
5924	2
5925	5
5926	9
5927	5
5928	12
5929	7
5930	8
5931	10
5932	9
5933	12
5934	10
5935	6
5936	6
5937	7
5938	8
5939	10
5940	9
5941	5
5942	4
5943	5
5944	8
5945	9
5946	10
5947	7
5948	6
5949	5
5950	9
5951	3
5952	5
5953	7
5954	10
5955	7
5956	4
5957	14
5958	9
5959	4
5960	5
5961	6
5962	7
5963	5
5964	6
5965	9
5966	9
5967	5
5968	8
5969	7
5970	10
5971	11
5972	13
5973	6
5974	18
5975	6
5976	6
5977	6
5978	7
5979	4
5980	7
5981	12
5982	8
5983	10
5984	9
5985	14
5986	13
5987	11
5988	13
5989	7
5990	13
5991	8
5992	13
5993	12
5994	10
5995	10
5996	9
5997	14
5998	10
5999	11
6000	9
6001	18
6002	11
6003	11
6004	12
6005	5
6006	10
6007	17
6008	15
6009	12
6010	12
6011	17
6012	8
6013	14
6014	9
6015	7
6016	7
6017	9
6018	15
6019	7
6020	10
6021	10
6022	9
6023	10
6024	7
6025	13
6026	14
6027	4
6028	9
6029	16
6030	8
6031	11
6032	5
6033	17
6034	11
6035	22
6036	17
6037	11
6038	9
6039	17
6040	10
6041	18
6042	11
6043	11
6044	23
6045	10
6046	13
6047	16
6048	16
6049	15
6050	18
6051	15
6052	13
6053	19
6054	14
6055	15
6056	20
6057	11
6058	16
6059	18
6060	18
6061	21
6062	15
6063	12
6064	16
6065	12
6066	15
6067	17
6068	20
6069	18
6070	17
6071	19
6072	16
6073	13
6074	19
6075	10
6076	20
6077	16
6078	22
6079	17
6080	23
6081	10
6082	18
6083	12
6084	15
6085	15
6086	17
6087	15
6088	15
6089	15
6090	12
6091	13
6092	14
6093	20
6094	15
6095	12
6096	15
6097	21
6098	8
6099	15
6100	19
6101	22
6102	23
6103	15
6104	17
6105	11
6106	12
6107	14
6108	14
6109	20
6110	17
6111	23
6112	14
6113	19
6114	22
6115	20
6116	15
6117	20
6118	19
6119	13
6120	20
6121	13
6122	18
6123	25
6124	24
6125	15
6126	20
6127	23
6128	13
6129	15
6130	14
6131	21
6132	25
6133	16
6134	17
6135	20
6136	21
6137	13
6138	19
6139	12
6140	13
6141	21
6142	21
6143	15
6144	18
6145	15
6146	13
6147	19
6148	22
6149	21
6150	22
6151	21
6152	20
6153	22
6154	18
6155	21
6156	23
6157	23
6158	21
6159	20
6160	21
6161	14
6162	15
6163	17
6164	17
6165	17
6166	16
6167	14
6168	19
6169	12
6170	14
6171	16
6172	15
6173	12
6174	19
6175	24
6176	17
6177	13
6178	14
6179	13
6180	18
6181	13
6182	12
6183	17
6184	17
6185	16
6186	22
6187	17
6188	24
6189	15
6190	19
6191	18
6192	19
6193	19
6194	16
6195	15
6196	23
6197	25
6198	14
6199	14
6200	14
6201	24
6202	21
6203	20
6204	13
6205	13
6206	19
6207	20
6208	11
6209	10
6210	10
6211	12
6212	16
6213	19
6214	10
6215	14
6216	13
6217	14
6218	18
6219	16
6220	11
6221	23
6222	13
6223	15
6224	10
6225	20
6226	17
6227	22
6228	12
6229	19
6230	13
6231	19
6232	20
6233	18
6234	13
6235	14
6236	12
6237	19
6238	13
6239	15
6240	16
6241	21
6242	12
6243	24
6244	11
6245	23
6246	17
6247	19
6248	21
6249	17
6250	24
6251	15
6252	15
6253	22
6254	17
6255	15
6256	20
6257	18
6258	14
6259	13
6260	8
6261	18
6262	16
6263	15
6264	11
6265	14
6266	21
6267	12
6268	14
6269	17
6270	18
6271	20
6272	17
6273	16
6274	8
6275	8
6276	21
6277	17
6278	14
6279	21
6280	14
6281	14
6282	14
6283	14
6284	16
6285	15
6286	22
6287	17
6288	20
6289	10
6290	15
6291	13
6292	11
6293	12
6294	14
6295	13
6296	11
6297	15
6298	14
6299	11
6300	22
6301	11
6302	11
6303	13
6304	7
6305	10
6306	15
6307	13
6308	10
6309	11
6310	11
6311	17
6312	9
6313	7
6314	10
6315	12
6316	12
6317	10
6318	10
6319	13
6320	18
6321	16
6322	12
6323	8
6324	12
6325	11
6326	7
6327	16
6328	13
6329	13
6330	10
6331	18
6332	10
6333	10
6334	17
6335	16
6336	10
6337	12
6338	15
6339	10
6340	11
6341	17
6342	11
6343	13
6344	13
6345	9
6346	9
6347	12
6348	8
6349	13
6350	8
6351	9
6352	14
6353	13
6354	11
6355	14
6356	8
6357	10
6358	13
6359	8
6360	8
6361	17
6362	8
6363	6
6364	8
6365	6
6366	16
6367	10
6368	6
6369	8
6370	9
6371	10
6372	8
6373	6
6374	8
6375	5
6376	13
6377	9
6378	14
6379	14
6380	9
6381	8
6382	11
6383	10
6384	7
6385	8
6386	10
6387	14
6388	5
6389	9
6390	14
6391	7
6392	12
6393	10
6394	12
6395	7
6396	8
6397	11
6398	10
6399	9
6400	6
6401	7
6402	4
6403	11
6404	2
6405	5
6406	6
6407	6
6408	9
6409	2
6410	13
6411	2
6412	13
6413	7
6414	9
6415	7
6416	4
6417	10
6418	3
6419	9
6420	6
6421	6
6422	9
6423	7
6424	7
6425	9
6426	5
6427	5
6428	11
6429	6
6430	8
6431	5
6432	3
6433	7
6434	7
6435	9
6436	5
6437	4
6438	9
6439	10
6440	5
6441	1
6442	7
6443	5
6444	7
6445	6
6446	6
6447	2
6448	9
6449	6
6450	11
6451	4
6452	9
6453	5
6454	7
6455	5
6456	5
6457	4
6458	3
6459	10
6460	5
6461	5
6462	8
6463	7
6464	7
6465	2
6466	1
6467	3
6468	5
6469	6
6470	6
6471	3
6472	4
6473	0
6474	4
6475	4
6476	6
6477	5
6478	4
6479	3
6480	7
6481	5
6482	3
6483	3
6484	3
6485	3
6486	4
6487	0
6488	3
6489	5
6490	5
6491	0
6492	5
6493	3
6494	9
6495	8
6496	2
6497	2
6498	8
6499	6
6500	4
6501	3
6502	6
6503	3
6504	3
6505	6
6506	2
6507	3
6508	8
6509	6
6510	0
6511	5
6512	4
6513	3
6514	6
6515	4
6516	3
6517	4
6518	6
6519	4
6520	4
6521	3
6522	4
6523	6
6524	2
6525	4
6526	2
6527	5
6528	2
6529	2
6530	3
6531	4
6532	4
6533	1
6534	2
6535	0
6536	5
6537	3
6538	4
6539	2
6540	0
6541	2
6542	3
6543	6
6544	3
6545	1
6546	4
6547	3
6548	4
6549	2
6550	2
6551	5
6552	2
6553	4
6554	1
6555	3
6556	2
6557	2
6558	2
6559	1
6560	3
6561	5
6562	4
6563	5
6564	2
6565	0
6566	4
6567	4
6568	0
6569	4
6570	5
6571	5
6572	3
6573	2
6574	0
6575	3
6576	3
6577	1
6578	3
6579	3
6580	3
6581	3
6582	2
6583	1
6584	2
6585	3
6586	4
6587	4
6588	3
6589	1
6590	1
6591	2
6592	2
6593	4
6594	3
6595	4
6596	2
6597	1
6598	3
6599	1
6600	2
6601	3
6602	2
6603	2
6604	3
6605	6
6606	4
6607	3
6608	1
6609	3
6610	7
6611	2
6612	4
6613	2
6614	1
6615	1
6616	2
6617	4
6618	2
6619	3
6620	3
6621	4
6622	6
6623	2
6624	3
6625	2
6626	1
6627	4
6628	4
6629	2
6630	2
6631	1
6632	4
6633	1
6634	3
6635	2
6636	1
6637	0
6638	4
6639	1
6640	3
6641	2
6642	4
6643	5
6644	1
6645	1
6646	4
6647	1
6648	1
6649	4
6650	3
6651	1
6652	0
6653	2
6654	0
6655	0
6656	0
6657	2
6658	1
6659	0
6660	3
6661	2
6662	1
6663	1
6664	1
6665	3
6666	1
6667	2
6668	3
6669	4
6670	3
6671	4
6672	3
6673	4
6674	6
6675	6
6676	2
6677	0
6678	2
6679	4
6680	3
6681	3
6682	1
6683	5
6684	3
6685	3
6686	1
6687	3
6688	3
6689	3
6690	3
6691	2
6692	2
6693	0
6694	5
6695	0
6696	3
6697	2
6698	3
6699	2
6700	3
6701	2
6702	1
6703	0
6704	2
6705	0
6706	0
6707	5
6708	2
6709	1
6710	6
6711	1
6712	3
6713	1
6714	4
6715	4
6716	2
6717	2
6718	2
6719	2
6720	3
6721	1
6722	1
6723	3
6724	1
6725	2
6726	0
6727	4
6728	1
6729	2
6730	0
6731	2
6732	2
6733	6
6734	3
6735	1
6736	1
6737	4
6738	1
6739	2
6740	4
6741	3
6742	4
6743	2
6744	1
6745	3
6746	3
6747	1
6748	0
6749	2
6750	4
6751	6
6752	3
6753	2
6754	2
6755	2
6756	4
6757	0
6758	3
6759	3
6760	0
6761	3
6762	3
6763	6
6764	1
6765	3
6766	2
6767	2
6768	0
6769	1
6770	2
6771	2
6772	4
6773	4
6774	1
6775	2
6776	0
6777	2
6778	2
6779	3
6780	5
6781	4
6782	1
6783	3
6784	4
6785	2
6786	3
6787	0
6788	3
6789	6
6790	1
6791	1
6792	2
6793	5
6794	2
6795	0
6796	2
6797	5
6798	3
6799	1
6800	2
6801	1
6802	3
6803	2
6804	3
6805	4
6806	1
6807	1
6808	2
6809	1
6810	1
6811	3
6812	3
6813	5
6814	3
6815	4
6816	4
6817	4
6818	3
6819	3
6820	2
6821	3
6822	1
6823	3
6824	3
6825	2
6826	3
6827	5
6828	7
6829	5
6830	2
6831	1
6832	2
6833	2
6834	1
6835	3
6836	1
6837	1
6838	3
6839	2
6840	2
6841	5
6842	4
6843	3
6844	4
6845	1
6846	2
6847	4
6848	5
6849	3
6850	5
6851	3
6852	4
6853	3
6854	4
6855	2
6856	3
6857	6
6858	9
6859	2
6860	1
6861	1
6862	2
6863	9
6864	1
6865	4
6866	3
6867	1
6868	3
6869	4
6870	3
6871	2
6872	3
6873	2
6874	5
6875	1
6876	3
6877	0
6878	1
6879	5
6880	5
6881	3
6882	1
6883	1
6884	2
6885	2
6886	3
6887	3
6888	9
6889	2
6890	1
6891	3
6892	4
6893	4
6894	2
6895	2
6896	4
6897	7
6898	4
6899	4
6900	4
6901	3
6902	3
6903	5
6904	4
6905	4
6906	4
6907	2
6908	7
6909	2
6910	3
6911	3
6912	2
6913	2
6914	3
6915	4
6916	4
6917	5
6918	2
6919	4
6920	7
6921	5
6922	1
6923	3
6924	3
6925	3
6926	2
6927	5
6928	3
6929	1
6930	4
6931	1
6932	0
6933	3
6934	7
6935	3
6936	8
6937	5
6938	2
6939	2
6940	3
6941	6
6942	4
6943	1
6944	4
6945	2
6946	1
6947	6
6948	6
6949	1
6950	1
6951	8
6952	2
6953	4
6954	2
6955	3
6956	6
6957	3
6958	1
6959	1
6960	5
6961	4
6962	5
6963	4
6964	4
6965	5
6966	3
6967	3
6968	0
6969	2
6970	1
6971	3
6972	2
6973	3
6974	3
6975	2
6976	3
6977	3
6978	1
6979	3
6980	8
6981	3
6982	2
6983	4
6984	3
6985	6
6986	3
6987	8
6988	2
6989	3
6990	1
6991	2
6992	3
6993	1
6994	2
6995	2
6996	4
6997	4
6998	6
6999	2
7000	5
7001	2
7002	6
7003	3
7004	3
7005	3
7006	2
7007	4
7008	3
7009	6
7010	3
7011	5
7012	2
7013	8
7014	5
7015	5
7016	3
7017	6
7018	6
7019	3
7020	1
7021	2
7022	4
7023	2
7024	2
7025	5
7026	2
7027	4
7028	3
7029	5
7030	2
7031	6
7032	4
7033	5
7034	6
7035	2
7036	6
7037	6
7038	5
7039	2
7040	3
7041	1
7042	8
7043	9
7044	4
7045	5
7046	5
7047	1
7048	4
7049	6
7050	1
7051	4
7052	2
7053	9
7054	2
7055	3
7056	7
7057	6
7058	6
7059	7
7060	8
7061	6
7062	8
7063	5
7064	4
7065	3
7066	5
7067	6
7068	2
7069	2
7070	3
7071	3
7072	5
7073	5
7074	5
7075	6
7076	1
7077	6
7078	7
7079	3
7080	3
7081	2
7082	4
7083	3
7084	2
7085	2
7086	2
7087	4
7088	2
7089	5
7090	5
7091	5
7092	2
7093	3
7094	4
7095	5
7096	5
7097	6
7098	6
7099	6
7100	4
7101	2
7102	4
7103	5
7104	2
7105	3
7106	9
7107	4
7108	2
7109	5
7110	3
7111	3
7112	7
7113	2
7114	0
7115	7
7116	3
7117	2
7118	7
7119	4
7120	4
7121	4
7122	4
7123	4
7124	2
7125	7
7126	2
7127	2
7128	3
7129	6
7130	3
7131	3
7132	3
7133	2
7134	1
7135	3
7136	1
7137	8
7138	6
7139	3
7140	3
7141	3
7142	7
7143	2
7144	5
7145	6
7146	6
7147	4
7148	0
7149	1
7150	4
7151	3
7152	0
7153	2
7154	5
7155	7
7156	8
7157	2
7158	5
7159	4
7160	6
7161	4
7162	3
7163	7
7164	4
7165	1
7166	5
7167	5
7168	4
7169	5
7170	2
7171	4
7172	4
7173	4
7174	5
7175	6
7176	4
7177	1
7178	6
7179	6
7180	4
7181	3
7182	7
7183	4
7184	2
7185	1
7186	5
7187	2
7188	2
7189	2
7190	1
7191	9
7192	1
7193	4
7194	0
7195	3
7196	3
7197	1
7198	6
7199	1
7200	2
7201	5
7202	2
7203	2
7204	5
7205	2
7206	2
7207	1
7208	3
7209	2
7210	1
7211	1
7212	4
7213	5
7214	2
7215	2
7216	3
7217	2
7218	4
7219	4
7220	5
7221	4
7222	2
7223	4
7224	2
7225	3
7226	5
7227	7
7228	1
7229	7
7230	3
7231	4
7232	3
7233	0
7234	3
7235	4
7236	4
7237	5
7238	5
7239	5
7240	4
7241	2
7242	2
7243	4
7244	3
7245	2
7246	6
7247	3
7248	6
7249	3
7250	2
7251	2
7252	7
7253	5
7254	1
7255	4
7256	4
7257	6
7258	7
7259	2
7260	5
7261	2
7262	1
7263	2
7264	2
7265	5
7266	4
7267	2
7268	4
7269	5
7270	1
7271	3
7272	2
7273	5
7274	0
7275	3
7276	1
7277	3
7278	9
7279	3
7280	4
7281	4
7282	3
7283	2
7284	1
7285	3
7286	2
7287	2
7288	0
7289	2
7290	4
7291	5
7292	1
7293	2
7294	4
7295	2
7296	7
7297	2
7298	1
7299	2
7300	0
7301	2
7302	1
7303	3
7304	0
7305	3
7306	4
7307	0
7308	3
7309	2
7310	5
7311	2
7312	7
7313	4
7314	4
7315	3
7316	2
7317	4
7318	2
7319	1
7320	3
7321	2
7322	6
7323	1
7324	0
7325	1
7326	2
7327	2
7328	5
7329	0
7330	1
7331	0
7332	3
7333	3
7334	1
7335	2
7336	4
7337	2
7338	0
7339	1
7340	3
7341	2
7342	3
7343	1
7344	2
7345	0
7346	4
7347	3
7348	5
7349	2
7350	1
7351	2
7352	4
7353	4
7354	3
7355	3
7356	3
7357	5
7358	3
7359	3
7360	4
7361	3
7362	4
7363	3
7364	4
7365	1
7366	4
7367	2
7368	3
7369	2
7370	2
7371	1
7372	2
7373	1
7374	2
7375	2
7376	1
7377	3
7378	1
7379	5
7380	2
7381	3
7382	5
7383	1
7384	1
7385	0
7386	2
7387	3
7388	1
7389	0
7390	4
7391	2
7392	3
7393	2
7394	1
7395	4
7396	4
7397	3
7398	0
7399	5
7400	2
7401	4
7402	1
7403	0
7404	2
7405	2
7406	2
7407	2
7408	1
7409	3
7410	0
7411	4
7412	3
7413	1
7414	2
7415	1
7416	2
7417	1
7418	5
7419	1
7420	1
7421	1
7422	1
7423	2
7424	2
7425	1
7426	0
7427	0
7428	2
7429	3
7430	2
7431	4
7432	2
7433	2
7434	1
7435	2
7436	2
7437	3
7438	3
7439	1
7440	1
7441	0
7442	1
7443	3
7444	2
7445	1
7446	3
7447	4
7448	2
7449	2
7450	2
7451	3
7452	3
7453	1
7454	0
7455	1
7456	2
7457	3
7458	2
7459	2
7460	1
7461	2
7462	0
7463	0
7464	1
7465	0
7466	5
7467	4
7468	2
7469	3
7470	2
7471	1
7472	2
7473	0
7474	2
7475	1
7476	2
7477	0
7478	3
7479	4
7480	2
7481	1
7482	2
7483	1
7484	0
7485	2
7486	2
7487	2
7488	6
7489	2
7490	2
7491	5
7492	2
7493	3
7494	2
7495	1
7496	2
7497	2
7498	2
7499	3
7500	1
7501	2
7502	6
7503	1
7504	2
7505	0
7506	5
7507	0
7508	0
7509	3
7510	2
7511	1
7512	1
7513	0
7514	4
7515	1
7516	3
7517	0
7518	1
7519	1
7520	1
7521	1
7522	3
7523	5
7524	2
7525	0
7526	1
7527	3
7528	7
7529	0
7530	3
7531	4
7532	1
7533	1
7534	0
7535	0
7536	3
7537	0
7538	0
7539	1
7540	2
7541	4
7542	1
7543	1
7544	2
7545	2
7546	3
7547	1
7548	0
7549	4
7550	6
7551	1
7552	3
7553	1
7554	3
7555	2
7556	4
7557	3
7558	5
7559	1
7560	0
7561	2
7562	1
7563	1
7564	2
7565	1
7566	2
7567	1
7568	2
7569	2
7570	1
7571	1
7572	3
7573	0
7574	0
7575	2
7576	0
7577	0
7578	1
7579	0
7580	1
7581	0
7582	2
7583	2
7584	2
7585	2
7586	1
7587	1
7588	3
7589	3
7590	5
7591	0
7592	0
7593	0
7594	2
7595	2
7596	1
7597	3
7598	1
7599	3
7600	1
7601	4
7602	1
7603	7
7604	2
7605	1
7606	2
7607	1
7608	1
7609	2
7610	0
7611	1
7612	4
7613	3
7614	1
7615	0
7616	2
7617	1
7618	1
7619	0
7620	1
7621	1
7622	0
7623	3
7624	1
7625	1
7626	3
7627	3
7628	3
7629	0
7630	1
7631	4
7632	1
7633	1
7634	3
7635	0
7636	2
7637	4
7638	1
7639	2
7640	1
7641	2
7642	2
7643	5
7644	2
7645	1
7646	1
7647	1
7648	1
7649	4
7650	0
7651	0
7652	3
7653	1
7654	5
7655	2
7656	2
7657	0
7658	1
7659	2
7660	2
7661	3
7662	3
7663	1
7664	1
7665	0
7666	0
7667	1
7668	2
7669	2
7670	3
7671	2
7672	1
7673	1
7674	1
7675	2
7676	1
7677	1
7678	3
7679	3
7680	1
7681	2
7682	0
7683	3
7684	1
7685	2
7686	1
7687	0
7688	0
7689	1
7690	2
7691	0
7692	2
7693	2
7694	1
7695	0
7696	3
7697	2
7698	1
7699	0
7700	0
7701	0
7702	0
7703	1
7704	1
7705	1
7706	0
7707	3
7708	0
7709	1
7710	0
7711	2
7712	1
7713	2
7714	2
7715	1
7716	3
7717	2
7718	1
7719	0
7720	0
7721	2
7722	0
7723	5
7724	1
7725	1
7726	0
7727	3
7728	1
7729	2
7730	3
7731	3
7732	0
7733	1
7734	1
7735	2
7736	1
7737	0
7738	2
7739	0
7740	2
7741	2
7742	1
7743	0
7744	3
7745	2
7746	0
7747	1
7748	0
7749	1
7750	1
7751	1
7752	1
7753	2
7754	0
7755	0
7756	4
7757	1
7758	2
7759	1
7760	2
7761	3
7762	0
7763	1
7764	2
7765	0
7766	2
7767	2
7768	0
7769	2
7770	1
7771	1
7772	1
7773	1
7774	2
7775	0
7776	5
7777	2
7778	2
7779	2
7780	0
7781	3
7782	0
7783	0
7784	3
7785	0
7786	1
7787	0
7788	0
7789	1
7790	0
7791	1
7792	2
7793	1
7794	0
7795	3
7796	3
7797	1
7798	0
7799	0
7800	1
7801	0
7802	6
7803	0
7804	1
7805	1
7806	0
7807	1
7808	1
7809	2
7810	1
7811	3
7812	0
7813	3
7814	3
7815	1
7816	3
7817	1
7818	0
7819	3
7820	0
7821	5
7822	1
7823	1
7824	0
7825	1
7826	4
7827	0
7828	2
7829	0
7830	0
7831	0
7832	0
7833	1
7834	0
7835	2
7836	1
7837	1
7838	0
7839	2
7840	0
7841	0
7842	1
7843	1
7844	0
7845	1
7846	0
7847	0
7848	1
7849	0
7850	0
7851	1
7852	1
7853	1
7854	1
7855	1
7856	1
7857	0
7858	3
7859	1
7860	2
7861	1
7862	1
7863	1
7864	0
7865	2
7866	1
7867	2
7868	1
7869	1
7870	0
7871	1
7872	0
7873	1
7874	1
7875	4
7876	1
7877	1
7878	1
7879	3
7880	1
7881	0
7882	0
7883	0
7884	0
7885	1
7886	0
7887	2
7888	1
7889	1
7890	0
7891	2
7892	2
7893	5
7894	5
7895	2
7896	0
7897	2
7898	1
7899	0
7900	0
7901	1
7902	0
7903	1
7904	1
7905	0
7906	1
7907	3
7908	1
7909	2
7910	1
7911	0
7912	1
7913	0
7914	0
7915	0
7916	1
7917	1
7918	0
7919	0
7920	1
7921	2
7922	0
7923	0
7924	0
7925	0
7926	1
7927	0
7928	0
7929	0
7930	0
7931	0
7932	0
7933	0
7934	0
7935	1
7936	0
7937	0
7938	0
7939	1
7940	1
7941	1
7942	0
7943	0
7944	0
7945	1
7946	2
7947	0
7948	1
7949	0
7950	1
7951	2
7952	0
7953	2
7954	1
7955	0
7956	0
7957	1
7958	0
7959	2
7960	0
7961	2
7962	3
7963	0
7964	2
7965	1
7966	1
7967	2
7968	1
7969	0
7970	2
7971	1
7972	3
7973	1
7974	2
7975	2
7976	1
7977	2
7978	0
7979	1
7980	0
7981	1
7982	3
7983	0
7984	1
7985	0
7986	0
7987	1
7988	1
7989	1
7990	1
7991	0
7992	3
7993	4
7994	1
7995	1
7996	1
7997	1
7998	1
7999	0
8000	1
8001	1
8002	3
8003	1
8004	0
8005	0
8006	2
8007	3
8008	1
8009	2
8010	1
8011	1
8012	0
8013	0
8014	0
8015	1
8016	1
8017	0
8018	0
8019	0
8020	1
8021	2
8022	0
8023	0
8024	0
8025	0
8026	1
8027	1
8028	1
8029	0
8030	0
8031	2
8032	2
8033	0
8034	2
8035	0
8036	1
8037	0
8038	0
8039	1
8040	0
8041	1
8042	0
8043	1
8044	3
8045	1
8046	1
8047	2
8048	1
8049	0
8050	2
8051	1
8052	0
8053	1
8054	0
8055	0
8056	1
8057	0
8058	1
8059	0
8060	2
8061	0
8062	0
8063	0
8064	1
8065	0
8066	0
8067	2
8068	0
8069	0
8070	1
8071	0
8072	0
8073	0
8074	2
8075	2
8076	2
8077	0
8078	0
8079	2
8080	0
8081	0
8082	0
8083	0
8084	2
8085	1
8086	1
8087	0
8088	1
8089	1
8090	0
8091	0
8092	0
8093	0
8094	0
8095	0
8096	0
8097	0
8098	0
8099	0
8100	0
8101	0
8102	0
8103	0
8104	0
8105	0
8106	0
8107	0
8108	0
8109	0
8110	0
8111	0
8112	0
8113	0
8114	0
8115	0
8116	0
8117	0
8118	0
8119	0
8120	0
8121	0
8122	0
8123	0
8124	0
8125	0
8126	0
8127	0
8128	0
8129	0
8130	0
8131	0
8132	0
8133	0
8134	0
8135	0
8136	0
8137	0
8138	0
8139	0
8140	0
8141	0
8142	0
8143	0
8144	0
8145	0
8146	0
8147	0
8148	0
8149	0
8150	0
8151	0
8152	0
8153	0
8154	0
8155	0
8156	0
8157	0
8158	0
8159	0
8160	0
8161	0
8162	0
8163	0
8164	0
8165	0
8166	0
8167	0
8168	0
8169	0
8170	0
8171	0
8172	0
8173	0
8174	0
8175	0
8176	0
8177	0
8178	0
8179	0
8180	0
8181	0
8182	0
8183	0
8184	0
8185	0
8186	0
8187	0
8188	0
8189	0
8190	0
8191	0
