0	0
1	0
2	0
3	0
4	0
5	0
6	0
7	0
8	0
9	0
10	0
11	0
12	0
13	0
14	0
15	0
16	0
17	0
18	0
19	0
20	0
21	0
22	0
23	0
24	0
25	0
26	0
27	0
28	0
29	0
30	0
31	0
32	0
33	0
34	0
35	0
36	0
37	0
38	0
39	0
40	0
41	0
42	0
43	0
44	0
45	0
46	0
47	0
48	0
49	0
50	0
51	0
52	0
53	0
54	0
55	0
56	0
57	0
58	0
59	0
60	0
61	0
62	0
63	0
64	0
65	0
66	0
67	0
68	0
69	1
70	4
71	14
72	25
73	24
74	48
75	34
76	24
77	42
78	37
79	35
80	31
81	41
82	34
83	36
84	22
85	36
86	45
87	46
88	55
89	34
90	29
91	26
92	48
93	29
94	37
95	46
96	37
97	43
98	24
99	36
100	41
101	38
102	27
103	38
104	28
105	29
106	43
107	32
108	33
109	41
110	32
111	22
112	27
113	37
114	33
115	36
116	41
117	42
118	36
119	31
120	34
121	30
122	33
123	41
124	42
125	29
126	34
127	34
128	40
129	28
130	40
131	29
132	45
133	38
134	35
135	31
136	42
137	36
138	31
139	30
140	44
141	29
142	38
143	42
144	36
145	33
146	36
147	34
148	54
149	47
150	41
151	31
152	34
153	37
154	23
155	39
156	25
157	26
158	34
159	46
160	38
161	36
162	36
163	36
164	50
165	39
166	37
167	38
168	37
169	33
170	36
171	26
172	41
173	53
174	41
175	35
176	44
177	34
178	29
179	45
180	41
181	39
182	36
183	48
184	33
185	38
186	46
187	34
188	40
189	39
190	30
191	39
192	26
193	27
194	41
195	40
196	31
197	44
198	33
199	43
200	42
201	52
202	27
203	38
204	47
205	39
206	48
207	42
208	35
209	37
210	33
211	31
212	52
213	36
214	38
215	42
216	39
217	49
218	40
219	43
220	41
221	45
222	40
223	31
224	39
225	47
226	45
227	38
228	38
229	47
230	41
231	29
232	32
233	51
234	36
235	31
236	38
237	35
238	38
239	32
240	45
241	30
242	44
243	56
244	48
245	30
246	39
247	29
248	35
249	36
250	39
251	41
252	39
253	42
254	34
255	31
256	37
257	36
258	43
259	47
260	41
261	48
262	24
263	34
264	30
265	36
266	49
267	38
268	40
269	29
270	37
271	43
272	43
273	42
274	37
275	40
276	48
277	36
278	47
279	40
280	38
281	47
282	54
283	37
284	48
285	48
286	37
287	52
288	34
289	38
290	36
291	31
292	42
293	43
294	46
295	31
296	38
297	40
298	37
299	40
300	50
301	38
302	39
303	51
304	40
305	34
306	35
307	40
308	39
309	45
310	44
311	41
312	41
313	44
314	48
315	40
316	46
317	45
318	51
319	42
320	33
321	48
322	40
323	33
324	63
325	43
326	50
327	49
328	44
329	47
330	46
331	43
332	36
333	53
334	41
335	34
336	45
337	37
338	31
339	47
340	56
341	35
342	43
343	45
344	42
345	43
346	48
347	47
348	47
349	50
350	34
351	42
352	51
353	50
354	36
355	50
356	34
357	47
358	43
359	50
360	47
361	58
362	44
363	53
364	49
365	63
366	49
367	54
368	57
369	53
370	50
371	44
372	39
373	51
374	55
375	45
376	55
377	41
378	70
379	35
380	42
381	60
382	50
383	32
384	56
385	51
386	62
387	40
388	43
389	57
390	50
391	66
392	47
393	62
394	53
395	59
396	45
397	62
398	46
399	57
400	45
401	42
402	50
403	48
404	52
405	51
406	40
407	43
408	54
409	51
410	60
411	46
412	46
413	56
414	50
415	49
416	66
417	58
418	67
419	53
420	69
421	51
422	51
423	69
424	68
425	46
426	53
427	60
428	49
429	62
430	58
431	51
432	61
433	57
434	59
435	60
436	48
437	50
438	60
439	53
440	41
441	60
442	44
443	52
444	50
445	52
446	54
447	50
448	50
449	51
450	48
451	68
452	59
453	49
454	50
455	49
456	57
457	49
458	58
459	47
460	52
461	55
462	35
463	54
464	46
465	47
466	53
467	52
468	53
469	47
470	39
471	47
472	49
473	58
474	40
475	50
476	39
477	57
478	44
479	60
480	46
481	53
482	47
483	44
484	47
485	45
486	57
487	46
488	52
489	49
490	61
491	37
492	40
493	71
494	50
495	42
496	51
497	53
498	54
499	51
500	57
501	44
502	38
503	56
504	53
505	50
506	46
507	53
508	58
509	40
510	47
511	53
512	53
513	41
514	54
515	49
516	56
517	46
518	36
519	47
520	43
521	30
522	52
523	46
524	57
525	53
526	46
527	45
528	46
529	48
530	50
531	43
532	34
533	50
534	39
535	45
536	57
537	55
538	41
539	49
540	52
541	54
542	52
543	53
544	42
545	45
546	45
547	52
548	38
549	38
550	40
551	36
552	45
553	40
554	64
555	41
556	49
557	45
558	42
559	36
560	48
561	51
562	43
563	53
564	51
565	49
566	53
567	49
568	41
569	48
570	43
571	49
572	58
573	57
574	54
575	47
576	63
577	54
578	64
579	58
580	38
581	49
582	60
583	51
584	46
585	45
586	56
587	49
588	42
589	70
590	51
591	40
592	52
593	45
594	68
595	64
596	47
597	50
598	59
599	45
600	47
601	50
602	41
603	33
604	41
605	44
606	47
607	50
608	50
609	55
610	38
611	42
612	50
613	48
614	54
615	41
616	45
617	46
618	44
619	53
620	43
621	43
622	58
623	58
624	67
625	40
626	44
627	49
628	46
629	51
630	42
631	64
632	54
633	56
634	49
635	46
636	49
637	52
638	43
639	53
640	53
641	56
642	56
643	53
644	51
645	46
646	58
647	45
648	51
649	61
650	54
651	52
652	42
653	57
654	60
655	63
656	54
657	65
658	39
659	52
660	51
661	45
662	57
663	52
664	60
665	44
666	48
667	51
668	65
669	56
670	62
671	52
672	57
673	63
674	49
675	47
676	52
677	54
678	46
679	55
680	44
681	46
682	41
683	45
684	56
685	50
686	57
687	51
688	44
689	54
690	63
691	43
692	53
693	55
694	66
695	45
696	60
697	56
698	62
699	59
700	52
701	61
702	41
703	54
704	76
705	69
706	57
707	51
708	55
709	65
710	67
711	52
712	64
713	47
714	61
715	52
716	44
717	51
718	72
719	69
720	66
721	66
722	66
723	61
724	78
725	53
726	54
727	55
728	53
729	54
730	72
731	68
732	50
733	50
734	51
735	51
736	64
737	74
738	66
739	54
740	50
741	57
742	38
743	64
744	72
745	60
746	59
747	59
748	59
749	60
750	60
751	63
752	56
753	49
754	71
755	47
756	68
757	62
758	52
759	56
760	60
761	59
762	57
763	62
764	62
765	73
766	62
767	58
768	69
769	79
770	59
771	71
772	84
773	63
774	59
775	59
776	68
777	67
778	75
779	63
780	60
781	69
782	62
783	56
784	69
785	70
786	53
787	61
788	59
789	72
790	64
791	75
792	59
793	54
794	69
795	51
796	72
797	69
798	68
799	68
800	56
801	70
802	73
803	75
804	49
805	70
806	72
807	69
808	49
809	72
810	73
811	53
812	76
813	45
814	64
815	68
816	68
817	70
818	66
819	47
820	72
821	74
822	59
823	83
824	73
825	55
826	61
827	71
828	79
829	80
830	81
831	57
832	67
833	55
834	69
835	66
836	62
837	66
838	58
839	75
840	51
841	78
842	79
843	65
844	77
845	68
846	68
847	71
848	86
849	72
850	63
851	68
852	70
853	70
854	76
855	66
856	50
857	64
858	52
859	76
860	77
861	71
862	72
863	66
864	59
865	69
866	67
867	85
868	63
869	66
870	76
871	75
872	73
873	64
874	73
875	84
876	77
877	77
878	69
879	87
880	83
881	79
882	93
883	71
884	77
885	70
886	73
887	70
888	79
889	83
890	86
891	91
892	86
893	75
894	84
895	83
896	78
897	73
898	75
899	70
900	91
901	81
902	92
903	81
904	84
905	97
906	80
907	67
908	83
909	73
910	91
911	79
912	82
913	78
914	80
915	84
916	93
917	78
918	66
919	76
920	78
921	74
922	80
923	74
924	77
925	103
926	82
927	75
928	86
929	104
930	83
931	100
932	71
933	87
934	92
935	91
936	82
937	102
938	93
939	68
940	97
941	63
942	99
943	109
944	90
945	74
946	99
947	89
948	85
949	96
950	89
951	83
952	81
953	93
954	72
955	100
956	98
957	77
958	67
959	108
960	65
961	83
962	85
963	78
964	82
965	79
966	90
967	87
968	84
969	87
970	76
971	94
972	102
973	73
974	94
975	94
976	93
977	72
978	105
979	89
980	87
981	71
982	68
983	97
984	84
985	96
986	87
987	98
988	88
989	77
990	91
991	88
992	100
993	103
994	115
995	85
996	91
997	89
998	94
999	89
1000	96
1001	102
1002	104
1003	85
1004	87
1005	87
1006	102
1007	87
1008	95
1009	85
1010	106
1011	92
1012	110
1013	106
1014	90
1015	112
1016	106
1017	82
1018	91
1019	86
1020	96
1021	78
1022	95
1023	108
1024	86
1025	91
1026	95
1027	108
1028	89
1029	95
1030	112
1031	88
1032	86
1033	105
1034	93
1035	114
1036	100
1037	98
1038	106
1039	100
1040	97
1041	98
1042	107
1043	114
1044	90
1045	97
1046	107
1047	100
1048	98
1049	95
1050	87
1051	99
1052	89
1053	125
1054	94
1055	125
1056	92
1057	129
1058	87
1059	107
1060	112
1061	102
1062	101
1063	115
1064	115
1065	107
1066	91
1067	98
1068	104
1069	117
1070	102
1071	99
1072	104
1073	104
1074	125
1075	107
1076	90
1077	102
1078	117
1079	109
1080	115
1081	101
1082	114
1083	101
1084	114
1085	109
1086	118
1087	109
1088	117
1089	100
1090	118
1091	117
1092	117
1093	113
1094	100
1095	127
1096	117
1097	117
1098	108
1099	115
1100	87
1101	108
1102	99
1103	118
1104	103
1105	106
1106	118
1107	111
1108	119
1109	91
1110	126
1111	114
1112	123
1113	126
1114	103
1115	117
1116	98
1117	109
1118	107
1119	117
1120	130
1121	124
1122	95
1123	137
1124	119
1125	128
1126	124
1127	100
1128	99
1129	127
1130	103
1131	108
1132	98
1133	116
1134	100
1135	103
1136	124
1137	109
1138	97
1139	120
1140	108
1141	118
1142	110
1143	121
1144	105
1145	130
1146	131
1147	121
1148	95
1149	118
1150	122
1151	93
1152	109
1153	104
1154	104
1155	104
1156	102
1157	123
1158	128
1159	112
1160	114
1161	117
1162	103
1163	105
1164	96
1165	96
1166	100
1167	136
1168	118
1169	113
1170	88
1171	116
1172	116
1173	102
1174	124
1175	129
1176	110
1177	130
1178	113
1179	101
1180	105
1181	98
1182	102
1183	105
1184	111
1185	102
1186	120
1187	112
1188	136
1189	110
1190	119
1191	128
1192	97
1193	111
1194	127
1195	124
1196	110
1197	113
1198	96
1199	94
1200	109
1201	104
1202	112
1203	139
1204	118
1205	111
1206	98
1207	111
1208	104
1209	87
1210	105
1211	131
1212	90
1213	101
1214	90
1215	91
1216	116
1217	113
1218	128
1219	123
1220	103
1221	114
1222	100
1223	88
1224	106
1225	116
1226	111
1227	108
1228	113
1229	119
1230	104
1231	101
1232	125
1233	107
1234	115
1235	119
1236	94
1237	108
1238	125
1239	99
1240	123
1241	99
1242	105
1243	104
1244	115
1245	96
1246	116
1247	126
1248	103
1249	117
1250	110
1251	100
1252	110
1253	116
1254	128
1255	116
1256	115
1257	116
1258	106
1259	113
1260	121
1261	112
1262	116
1263	98
1264	122
1265	106
1266	116
1267	117
1268	105
1269	136
1270	119
1271	122
1272	88
1273	118
1274	101
1275	132
1276	106
1277	115
1278	102
1279	110
1280	104
1281	124
1282	139
1283	108
1284	113
1285	106
1286	100
1287	108
1288	124
1289	115
1290	103
1291	88
1292	128
1293	126
1294	113
1295	112
1296	120
1297	120
1298	120
1299	117
1300	101
1301	133
1302	114
1303	91
1304	113
1305	117
1306	118
1307	120
1308	121
1309	114
1310	103
1311	108
1312	102
1313	121
1314	105
1315	102
1316	113
1317	105
1318	112
1319	111
1320	104
1321	120
1322	105
1323	120
1324	124
1325	112
1326	108
1327	108
1328	112
1329	119
1330	105
1331	124
1332	114
1333	128
1334	105
1335	107
1336	117
1337	122
1338	125
1339	114
1340	106
1341	112
1342	134
1343	128
1344	113
1345	112
1346	109
1347	96
1348	102
1349	121
1350	106
1351	115
1352	114
1353	106
1354	130
1355	117
1356	115
1357	105
1358	109
1359	111
1360	111
1361	132
1362	109
1363	101
1364	101
1365	113
1366	111
1367	123
1368	97
1369	103
1370	118
1371	118
1372	108
1373	105
1374	132
1375	109
1376	98
1377	112
1378	105
1379	107
1380	110
1381	109
1382	114
1383	102
1384	117
1385	118
1386	117
1387	109
1388	102
1389	112
1390	112
1391	112
1392	93
1393	83
1394	131
1395	118
1396	117
1397	132
1398	106
1399	106
1400	126
1401	111
1402	110
1403	102
1404	103
1405	96
1406	100
1407	85
1408	114
1409	133
1410	107
1411	120
1412	120
1413	105
1414	109
1415	122
1416	127
1417	87
1418	106
1419	110
1420	92
1421	108
1422	123
1423	92
1424	102
1425	113
1426	102
1427	118
1428	101
1429	109
1430	118
1431	90
1432	96
1433	122
1434	103
1435	128
1436	93
1437	101
1438	112
1439	116
1440	98
1441	104
1442	108
1443	111
1444	87
1445	104
1446	115
1447	105
1448	123
1449	103
1450	101
1451	127
1452	107
1453	104
1454	101
1455	121
1456	126
1457	120
1458	117
1459	109
1460	92
1461	96
1462	101
1463	109
1464	123
1465	97
1466	103
1467	102
1468	109
1469	113
1470	124
1471	116
1472	131
1473	94
1474	100
1475	101
1476	102
1477	109
1478	120
1479	113
1480	122
1481	100
1482	122
1483	109
1484	94
1485	112
1486	109
1487	122
1488	110
1489	113
1490	108
1491	97
1492	110
1493	110
1494	115
1495	93
1496	111
1497	109
1498	133
1499	116
1500	108
1501	98
1502	112
1503	81
1504	85
1505	109
1506	109
1507	111
1508	128
1509	121
1510	97
1511	125
1512	109
1513	104
1514	103
1515	96
1516	97
1517	103
1518	97
1519	103
1520	102
1521	120
1522	123
1523	111
1524	94
1525	108
1526	121
1527	109
1528	115
1529	119
1530	113
1531	103
1532	122
1533	99
1534	114
1535	112
1536	86
1537	114
1538	97
1539	111
1540	121
1541	132
1542	105
1543	101
1544	127
1545	98
1546	118
1547	112
1548	108
1549	110
1550	117
1551	120
1552	107
1553	105
1554	107
1555	113
1556	102
1557	104
1558	98
1559	108
1560	106
1561	94
1562	102
1563	108
1564	124
1565	98
1566	107
1567	96
1568	102
1569	116
1570	110
1571	97
1572	132
1573	136
1574	117
1575	100
1576	103
1577	103
1578	113
1579	117
1580	115
1581	110
1582	113
1583	94
1584	102
1585	120
1586	108
1587	108
1588	102
1589	119
1590	120
1591	92
1592	99
1593	106
1594	88
1595	113
1596	98
1597	101
1598	103
1599	113
1600	106
1601	109
1602	99
1603	117
1604	99
1605	114
1606	120
1607	110
1608	108
1609	114
1610	112
1611	99
1612	107
1613	98
1614	114
1615	104
1616	106
1617	96
1618	105
1619	114
1620	104
1621	112
1622	112
1623	104
1624	109
1625	94
1626	112
1627	97
1628	130
1629	106
1630	93
1631	102
1632	114
1633	107
1634	110
1635	107
1636	111
1637	111
1638	107
1639	120
1640	111
1641	117
1642	95
1643	116
1644	107
1645	106
1646	113
1647	125
1648	105
1649	101
1650	114
1651	86
1652	97
1653	125
1654	97
1655	94
1656	106
1657	93
1658	110
1659	104
1660	104
1661	101
1662	112
1663	97
1664	114
1665	111
1666	109
1667	116
1668	89
1669	100
1670	115
1671	99
1672	113
1673	112
1674	95
1675	107
1676	106
1677	99
1678	92
1679	114
1680	109
1681	92
1682	112
1683	84
1684	119
1685	110
1686	120
1687	98
1688	121
1689	103
1690	95
1691	88
1692	108
1693	122
1694	113
1695	99
1696	102
1697	87
1698	109
1699	103
1700	108
1701	100
1702	114
1703	119
1704	121
1705	120
1706	110
1707	115
1708	105
1709	111
1710	103
1711	110
1712	97
1713	97
1714	80
1715	125
1716	99
1717	101
1718	100
1719	111
1720	91
1721	106
1722	98
1723	86
1724	96
1725	112
1726	96
1727	94
1728	107
1729	102
1730	112
1731	105
1732	102
1733	115
1734	105
1735	105
1736	107
1737	113
1738	110
1739	112
1740	107
1741	109
1742	96
1743	105
1744	105
1745	120
1746	95
1747	115
1748	103
1749	87
1750	114
1751	85
1752	108
1753	117
1754	100
1755	102
1756	112
1757	107
1758	106
1759	88
1760	105
1761	94
1762	112
1763	105
1764	91
1765	113
1766	99
1767	90
1768	99
1769	102
1770	107
1771	116
1772	100
1773	109
1774	99
1775	96
1776	108
1777	92
1778	105
1779	102
1780	106
1781	106
1782	113
1783	123
1784	104
1785	122
1786	103
1787	100
1788	112
1789	111
1790	110
1791	106
1792	98
1793	103
1794	122
1795	114
1796	106
1797	111
1798	105
1799	108
1800	111
1801	96
1802	97
1803	84
1804	115
1805	107
1806	93
1807	109
1808	97
1809	111
1810	95
1811	92
1812	106
1813	91
1814	114
1815	89
1816	109
1817	103
1818	118
1819	107
1820	114
1821	114
1822	92
1823	105
1824	105
1825	115
1826	115
1827	124
1828	111
1829	95
1830	103
1831	108
1832	97
1833	116
1834	106
1835	111
1836	115
1837	119
1838	107
1839	117
1840	94
1841	83
1842	105
1843	99
1844	87
1845	98
1846	112
1847	93
1848	95
1849	110
1850	107
1851	119
1852	95
1853	94
1854	104
1855	100
1856	99
1857	121
1858	103
1859	101
1860	111
1861	92
1862	96
1863	99
1864	90
1865	105
1866	97
1867	114
1868	101
1869	101
1870	100
1871	76
1872	119
1873	106
1874	101
1875	123
1876	99
1877	112
1878	108
1879	102
1880	106
1881	107
1882	99
1883	102
1884	108
1885	103
1886	115
1887	80
1888	111
1889	88
1890	103
1891	98
1892	102
1893	102
1894	95
1895	104
1896	73
1897	116
1898	94
1899	101
1900	94
1901	93
1902	112
1903	93
1904	102
1905	111
1906	111
1907	97
1908	116
1909	99
1910	111
1911	119
1912	83
1913	107
1914	119
1915	89
1916	118
1917	95
1918	104
1919	92
1920	111
1921	110
1922	96
1923	97
1924	91
1925	110
1926	108
1927	104
1928	87
1929	97
1930	104
1931	106
1932	114
1933	90
1934	96
1935	118
1936	85
1937	96
1938	98
1939	113
1940	87
1941	86
1942	95
1943	88
1944	98
1945	96
1946	91
1947	103
1948	100
1949	107
1950	102
1951	117
1952	98
1953	91
1954	104
1955	81
1956	81
1957	108
1958	108
1959	108
1960	96
1961	96
1962	93
1963	116
1964	100
1965	96
1966	91
1967	93
1968	103
1969	109
1970	102
1971	104
1972	108
1973	106
1974	109
1975	105
1976	100
1977	109
1978	83
1979	105
1980	112
1981	118
1982	83
1983	104
1984	86
1985	81
1986	92
1987	113
1988	100
1989	95
1990	102
1991	115
1992	98
1993	108
1994	104
1995	116
1996	103
1997	99
1998	97
1999	93
2000	91
2001	113
2002	101
2003	89
2004	95
2005	89
2006	99
2007	82
2008	117
2009	86
2010	102
2011	89
2012	82
2013	108
2014	94
2015	113
2016	99
2017	110
2018	98
2019	99
2020	95
2021	90
2022	90
2023	94
2024	105
2025	79
2026	94
2027	104
2028	89
2029	96
2030	100
2031	96
2032	108
2033	86
2034	105
2035	89
2036	75
2037	99
2038	108
2039	93
2040	105
2041	101
2042	127
2043	89
2044	81
2045	92
2046	91
2047	116
2048	90
2049	102
2050	84
2051	96
2052	94
2053	99
2054	90
2055	111
2056	112
2057	99
2058	105
2059	87
2060	95
2061	98
2062	92
2063	97
2064	98
2065	86
2066	95
2067	91
2068	96
2069	107
2070	93
2071	98
2072	100
2073	115
2074	96
2075	91
2076	97
2077	89
2078	90
2079	139
2080	110
2081	101
2082	103
2083	97
2084	107
2085	96
2086	87
2087	84
2088	102
2089	97
2090	102
2091	103
2092	90
2093	99
2094	99
2095	91
2096	94
2097	98
2098	101
2099	84
2100	112
2101	99
2102	87
2103	95
2104	89
2105	90
2106	92
2107	77
2108	80
2109	101
2110	99
2111	94
2112	94
2113	100
2114	111
2115	74
2116	95
2117	84
2118	108
2119	97
2120	109
2121	106
2122	100
2123	101
2124	87
2125	104
2126	105
2127	94
2128	95
2129	87
2130	98
2131	92
2132	102
2133	98
2134	86
2135	92
2136	110
2137	89
2138	84
2139	103
2140	94
2141	97
2142	110
2143	95
2144	93
2145	85
2146	97
2147	86
2148	89
2149	99
2150	104
2151	80
2152	107
2153	94
2154	100
2155	94
2156	107
2157	89
2158	108
2159	108
2160	106
2161	114
2162	85
2163	109
2164	89
2165	88
2166	88
2167	104
2168	95
2169	84
2170	83
2171	89
2172	82
2173	96
2174	95
2175	95
2176	102
2177	107
2178	97
2179	119
2180	92
2181	80
2182	86
2183	90
2184	100
2185	95
2186	95
2187	108
2188	100
2189	94
2190	79
2191	108
2192	104
2193	107
2194	71
2195	95
2196	100
2197	90
2198	85
2199	88
2200	78
2201	80
2202	96
2203	96
2204	92
2205	77
2206	85
2207	92
2208	91
2209	91
2210	82
2211	85
2212	95
2213	108
2214	100
2215	118
2216	87
2217	113
2218	76
2219	93
2220	86
2221	84
2222	100
2223	102
2224	93
2225	91
2226	90
2227	85
2228	95
2229	91
2230	86
2231	105
2232	98
2233	86
2234	95
2235	99
2236	71
2237	92
2238	101
2239	103
2240	88
2241	98
2242	89
2243	91
2244	99
2245	110
2246	86
2247	109
2248	83
2249	74
2250	103
2251	86
2252	82
2253	99
2254	80
2255	96
2256	86
2257	93
2258	96
2259	93
2260	90
2261	85
2262	82
2263	83
2264	91
2265	86
2266	85
2267	82
2268	100
2269	96
2270	90
2271	88
2272	95
2273	99
2274	91
2275	85
2276	86
2277	88
2278	104
2279	100
2280	86
2281	94
2282	88
2283	92
2284	88
2285	100
2286	88
2287	73
2288	96
2289	99
2290	100
2291	93
2292	90
2293	105
2294	80
2295	80
2296	90
2297	87
2298	92
2299	93
2300	98
2301	104
2302	87
2303	92
2304	107
2305	93
2306	104
2307	81
2308	90
2309	85
2310	83
2311	74
2312	105
2313	101
2314	77
2315	85
2316	90
2317	97
2318	106
2319	80
2320	98
2321	107
2322	81
2323	76
2324	101
2325	84
2326	102
2327	93
2328	68
2329	108
2330	81
2331	90
2332	102
2333	85
2334	86
2335	100
2336	91
2337	84
2338	88
2339	98
2340	90
2341	85
2342	83
2343	90
2344	69
2345	78
2346	96
2347	81
2348	88
2349	89
2350	101
2351	99
2352	87
2353	92
2354	92
2355	102
2356	105
2357	85
2358	103
2359	99
2360	86
2361	89
2362	98
2363	90
2364	74
2365	87
2366	86
2367	95
2368	77
2369	93
2370	84
2371	99
2372	88
2373	92
2374	108
2375	86
2376	99
2377	76
2378	71
2379	98
2380	89
2381	74
2382	97
2383	103
2384	112
2385	94
2386	92
2387	86
2388	90
2389	86
2390	95
2391	95
2392	89
2393	97
2394	97
2395	90
2396	76
2397	78
2398	104
2399	109
2400	94
2401	99
2402	94
2403	80
2404	79
2405	86
2406	76
2407	89
2408	84
2409	78
2410	84
2411	98
2412	91
2413	97
2414	88
2415	102
2416	96
2417	96
2418	88
2419	90
2420	95
2421	86
2422	83
2423	93
2424	80
2425	104
2426	103
2427	79
2428	85
2429	93
2430	85
2431	84
2432	92
2433	88
2434	81
2435	99
2436	95
2437	96
2438	89
2439	96
2440	106
2441	95
2442	90
2443	89
2444	97
2445	107
2446	107
2447	98
2448	97
2449	83
2450	85
2451	89
2452	87
2453	89
2454	73
2455	90
2456	103
2457	94
2458	96
2459	85
2460	87
2461	104
2462	93
2463	97
2464	87
2465	89
2466	99
2467	84
2468	102
2469	91
2470	86
2471	97
2472	107
2473	90
2474	101
2475	105
2476	85
2477	88
2478	95
2479	85
2480	103
2481	85
2482	102
2483	98
2484	118
2485	104
2486	100
2487	92
2488	103
2489	93
2490	93
2491	92
2492	97
2493	83
2494	92
2495	91
2496	87
2497	98
2498	81
2499	99
2500	80
2501	102
2502	90
2503	102
2504	107
2505	85
2506	105
2507	112
2508	87
2509	79
2510	106
2511	102
2512	92
2513	102
2514	100
2515	90
2516	94
2517	94
2518	87
2519	90
2520	99
2521	95
2522	91
2523	105
2524	107
2525	115
2526	88
2527	82
2528	96
2529	114
2530	109
2531	89
2532	110
2533	93
2534	101
2535	92
2536	86
2537	99
2538	95
2539	95
2540	99
2541	104
2542	100
2543	98
2544	101
2545	103
2546	93
2547	103
2548	93
2549	74
2550	97
2551	82
2552	94
2553	91
2554	99
2555	82
2556	93
2557	98
2558	103
2559	88
2560	82
2561	79
2562	87
2563	110
2564	87
2565	85
2566	78
2567	108
2568	82
2569	77
2570	99
2571	93
2572	96
2573	94
2574	87
2575	82
2576	109
2577	86
2578	97
2579	92
2580	97
2581	91
2582	96
2583	135
2584	91
2585	104
2586	88
2587	87
2588	102
2589	100
2590	90
2591	109
2592	90
2593	93
2594	82
2595	96
2596	82
2597	79
2598	104
2599	93
2600	94
2601	96
2602	100
2603	87
2604	95
2605	87
2606	97
2607	98
2608	90
2609	94
2610	89
2611	84
2612	111
2613	103
2614	114
2615	96
2616	98
2617	82
2618	93
2619	101
2620	89
2621	106
2622	79
2623	97
2624	87
2625	125
2626	100
2627	75
2628	108
2629	98
2630	101
2631	93
2632	90
2633	87
2634	96
2635	105
2636	89
2637	87
2638	78
2639	99
2640	85
2641	89
2642	94
2643	101
2644	103
2645	87
2646	92
2647	87
2648	100
2649	105
2650	107
2651	91
2652	100
2653	97
2654	101
2655	77
2656	107
2657	88
2658	89
2659	93
2660	119
2661	104
2662	90
2663	78
2664	101
2665	97
2666	90
2667	113
2668	97
2669	88
2670	85
2671	84
2672	97
2673	79
2674	92
2675	109
2676	92
2677	88
2678	97
2679	88
2680	100
2681	93
2682	112
2683	97
2684	89
2685	89
2686	105
2687	101
2688	96
2689	88
2690	86
2691	91
2692	95
2693	106
2694	83
2695	97
2696	75
2697	85
2698	84
2699	88
2700	101
2701	104
2702	96
2703	76
2704	106
2705	94
2706	96
2707	95
2708	74
2709	86
2710	77
2711	99
2712	78
2713	101
2714	91
2715	83
2716	80
2717	87
2718	94
2719	106
2720	93
2721	96
2722	95
2723	97
2724	87
2725	88
2726	93
2727	91
2728	109
2729	75
2730	98
2731	83
2732	85
2733	102
2734	93
2735	86
2736	86
2737	86
2738	89
2739	94
2740	88
2741	89
2742	77
2743	88
2744	102
2745	88
2746	90
2747	86
2748	97
2749	92
2750	94
2751	71
2752	91
2753	94
2754	75
2755	88
2756	79
2757	88
2758	92
2759	91
2760	86
2761	86
2762	90
2763	92
2764	99
2765	84
2766	103
2767	87
2768	83
2769	91
2770	91
2771	97
2772	95
2773	88
2774	92
2775	93
2776	77
2777	86
2778	76
2779	86
2780	79
2781	95
2782	96
2783	93
2784	95
2785	98
2786	96
2787	90
2788	95
2789	81
2790	85
2791	73
2792	84
2793	101
2794	91
2795	81
2796	100
2797	91
2798	84
2799	89
2800	75
2801	85
2802	76
2803	83
2804	78
2805	71
2806	81
2807	76
2808	79
2809	71
2810	99
2811	74
2812	81
2813	89
2814	90
2815	88
2816	78
2817	76
2818	94
2819	78
2820	87
2821	69
2822	70
2823	93
2824	74
2825	77
2826	87
2827	95
2828	87
2829	84
2830	75
2831	74
2832	64
2833	83
2834	86
2835	69
2836	73
2837	77
2838	91
2839	87
2840	97
2841	98
2842	89
2843	81
2844	89
2845	94
2846	98
2847	91
2848	69
2849	94
2850	88
2851	72
2852	80
2853	86
2854	95
2855	83
2856	71
2857	77
2858	85
2859	67
2860	80
2861	93
2862	71
2863	76
2864	54
2865	103
2866	101
2867	73
2868	85
2869	73
2870	74
2871	88
2872	70
2873	79
2874	65
2875	72
2876	65
2877	93
2878	93
2879	71
2880	83
2881	84
2882	92
2883	77
2884	68
2885	78
2886	73
2887	74
2888	79
2889	72
2890	90
2891	85
2892	91
2893	101
2894	77
2895	79
2896	79
2897	81
2898	92
2899	81
2900	79
2901	81
2902	68
2903	72
2904	86
2905	95
2906	82
2907	79
2908	104
2909	120
2910	79
2911	76
2912	70
2913	79
2914	86
2915	79
2916	86
2917	71
2918	78
2919	80
2920	81
2921	82
2922	72
2923	82
2924	73
2925	76
2926	87
2927	69
2928	72
2929	82
2930	65
2931	92
2932	75
2933	66
2934	64
2935	72
2936	105
2937	80
2938	91
2939	69
2940	67
2941	85
2942	70
2943	78
2944	71
2945	94
2946	79
2947	78
2948	94
2949	77
2950	86
2951	75
2952	79
2953	95
2954	81
2955	79
2956	83
2957	77
2958	78
2959	73
2960	79
2961	70
2962	71
2963	86
2964	70
2965	79
2966	68
2967	62
2968	86
2969	73
2970	61
2971	68
2972	74
2973	94
2974	66
2975	81
2976	70
2977	77
2978	109
2979	72
2980	81
2981	80
2982	70
2983	64
2984	57
2985	79
2986	77
2987	79
2988	84
2989	83
2990	69
2991	78
2992	85
2993	66
2994	68
2995	79
2996	81
2997	63
2998	82
2999	71
3000	66
3001	92
3002	71
3003	76
3004	81
3005	85
3006	63
3007	82
3008	76
3009	57
3010	67
3011	73
3012	87
3013	73
3014	74
3015	78
3016	67
3017	91
3018	67
3019	77
3020	76
3021	82
3022	88
3023	73
3024	79
3025	79
3026	82
3027	72
3028	76
3029	68
3030	88
3031	87
3032	81
3033	65
3034	81
3035	65
3036	74
3037	70
3038	85
3039	98
3040	67
3041	86
3042	62
3043	61
3044	66
3045	79
3046	73
3047	84
3048	58
3049	92
3050	75
3051	74
3052	82
3053	70
3054	78
3055	75
3056	84
3057	87
3058	80
3059	82
3060	68
3061	87
3062	62
3063	78
3064	64
3065	57
3066	68
3067	77
3068	67
3069	70
3070	86
3071	79
3072	64
3073	80
3074	69
3075	77
3076	90
3077	83
3078	87
3079	62
3080	69
3081	71
3082	81
3083	80
3084	73
3085	81
3086	78
3087	83
3088	70
3089	92
3090	74
3091	69
3092	86
3093	69
3094	67
3095	87
3096	73
3097	76
3098	77
3099	69
3100	79
3101	73
3102	68
3103	83
3104	75
3105	62
3106	71
3107	57
3108	55
3109	79
3110	88
3111	81
3112	90
3113	70
3114	67
3115	75
3116	75
3117	71
3118	69
3119	69
3120	82
3121	69
3122	64
3123	71
3124	80
3125	76
3126	70
3127	78
3128	82
3129	69
3130	68
3131	58
3132	68
3133	74
3134	87
3135	56
3136	66
3137	86
3138	74
3139	67
3140	84
3141	74
3142	76
3143	69
3144	80
3145	79
3146	61
3147	85
3148	71
3149	66
3150	68
3151	69
3152	74
3153	67
3154	75
3155	59
3156	65
3157	68
3158	65
3159	71
3160	72
3161	71
3162	77
3163	77
3164	90
3165	85
3166	74
3167	69
3168	67
3169	68
3170	67
3171	76
3172	64
3173	70
3174	53
3175	87
3176	65
3177	74
3178	70
3179	83
3180	72
3181	74
3182	64
3183	76
3184	65
3185	73
3186	80
3187	69
3188	76
3189	74
3190	73
3191	59
3192	68
3193	60
3194	66
3195	72
3196	66
3197	65
3198	95
3199	80
3200	92
3201	85
3202	72
3203	73
3204	96
3205	66
3206	75
3207	54
3208	75
3209	74
3210	70
3211	56
3212	65
3213	75
3214	87
3215	75
3216	67
3217	78
3218	63
3219	67
3220	76
3221	82
3222	88
3223	66
3224	79
3225	79
3226	73
3227	78
3228	83
3229	76
3230	62
3231	68
3232	65
3233	78
3234	61
3235	83
3236	63
3237	78
3238	93
3239	80
3240	75
3241	70
3242	74
3243	63
3244	69
3245	84
3246	73
3247	78
3248	61
3249	80
3250	58
3251	71
3252	57
3253	78
3254	76
3255	63
3256	73
3257	80
3258	67
3259	70
3260	69
3261	77
3262	64
3263	71
3264	74
3265	69
3266	56
3267	67
3268	79
3269	66
3270	62
3271	61
3272	74
3273	74
3274	60
3275	77
3276	69
3277	65
3278	72
3279	67
3280	62
3281	61
3282	68
3283	73
3284	72
3285	61
3286	59
3287	60
3288	53
3289	77
3290	71
3291	66
3292	61
3293	81
3294	71
3295	74
3296	82
3297	75
3298	66
3299	63
3300	59
3301	69
3302	68
3303	64
3304	69
3305	58
3306	73
3307	76
3308	86
3309	77
3310	73
3311	66
3312	90
3313	70
3314	74
3315	66
3316	75
3317	64
3318	63
3319	65
3320	76
3321	89
3322	77
3323	80
3324	70
3325	72
3326	51
3327	60
3328	69
3329	75
3330	71
3331	67
3332	96
3333	71
3334	85
3335	63
3336	76
3337	68
3338	44
3339	71
3340	70
3341	74
3342	57
3343	79
3344	72
3345	56
3346	60
3347	83
3348	62
3349	69
3350	80
3351	65
3352	75
3353	85
3354	79
3355	56
3356	70
3357	72
3358	70
3359	65
3360	72
3361	63
3362	81
3363	62
3364	53
3365	83
3366	79
3367	63
3368	62
3369	77
3370	55
3371	71
3372	83
3373	67
3374	83
3375	73
3376	69
3377	60
3378	69
3379	81
3380	64
3381	58
3382	69
3383	66
3384	70
3385	70
3386	66
3387	78
3388	61
3389	65
3390	64
3391	59
3392	59
3393	71
3394	78
3395	71
3396	63
3397	76
3398	76
3399	74
3400	62
3401	68
3402	75
3403	51
3404	62
3405	70
3406	75
3407	59
3408	77
3409	80
3410	61
3411	68
3412	53
3413	72
3414	69
3415	67
3416	56
3417	68
3418	78
3419	81
3420	60
3421	68
3422	80
3423	55
3424	64
3425	67
3426	66
3427	70
3428	80
3429	82
3430	72
3431	58
3432	70
3433	64
3434	70
3435	74
3436	74
3437	72
3438	70
3439	83
3440	65
3441	57
3442	79
3443	61
3444	54
3445	66
3446	66
3447	70
3448	69
3449	59
3450	55
3451	65
3452	68
3453	72
3454	63
3455	59
3456	77
3457	60
3458	60
3459	66
3460	77
3461	62
3462	56
3463	55
3464	65
3465	67
3466	67
3467	72
3468	65
3469	57
3470	66
3471	67
3472	56
3473	55
3474	68
3475	62
3476	54
3477	45
3478	79
3479	51
3480	58
3481	52
3482	68
3483	76
3484	71
3485	68
3486	73
3487	79
3488	71
3489	57
3490	66
3491	69
3492	80
3493	64
3494	71
3495	69
3496	55
3497	57
3498	72
3499	63
3500	66
3501	82
3502	80
3503	65
3504	62
3505	56
3506	65
3507	61
3508	66
3509	75
3510	64
3511	52
3512	58
3513	76
3514	58
3515	56
3516	57
3517	63
3518	50
3519	67
3520	60
3521	54
3522	67
3523	73
3524	58
3525	49
3526	59
3527	64
3528	53
3529	76
3530	76
3531	75
3532	63
3533	64
3534	60
3535	60
3536	61
3537	68
3538	73
3539	65
3540	62
3541	61
3542	56
3543	63
3544	56
3545	71
3546	60
3547	65
3548	56
3549	59
3550	63
3551	55
3552	56
3553	62
3554	66
3555	74
3556	72
3557	66
3558	73
3559	58
3560	66
3561	48
3562	50
3563	61
3564	57
3565	67
3566	61
3567	76
3568	56
3569	60
3570	65
3571	63
3572	59
3573	74
3574	61
3575	67
3576	53
3577	59
3578	65
3579	50
3580	69
3581	60
3582	64
3583	46
3584	76
3585	56
3586	61
3587	46
3588	77
3589	76
3590	51
3591	46
3592	68
3593	54
3594	53
3595	51
3596	60
3597	69
3598	45
3599	70
3600	62
3601	56
3602	68
3603	53
3604	61
3605	66
3606	52
3607	72
3608	52
3609	57
3610	57
3611	53
3612	54
3613	69
3614	59
3615	37
3616	53
3617	58
3618	63
3619	52
3620	52
3621	63
3622	52
3623	52
3624	56
3625	52
3626	59
3627	42
3628	64
3629	65
3630	65
3631	56
3632	67
3633	58
3634	61
3635	65
3636	56
3637	60
3638	60
3639	74
3640	61
3641	46
3642	45
3643	65
3644	68
3645	54
3646	48
3647	51
3648	54
3649	59
3650	54
3651	57
3652	43
3653	60
3654	60
3655	56
3656	54
3657	57
3658	71
3659	63
3660	51
3661	47
3662	46
3663	59
3664	54
3665	50
3666	55
3667	63
3668	52
3669	51
3670	80
3671	52
3672	57
3673	46
3674	57
3675	56
3676	47
3677	53
3678	51
3679	47
3680	66
3681	62
3682	67
3683	60
3684	56
3685	66
3686	62
3687	62
3688	60
3689	60
3690	53
3691	50
3692	60
3693	71
3694	55
3695	49
3696	53
3697	45
3698	53
3699	54
3700	46
3701	59
3702	58
3703	42
3704	70
3705	54
3706	61
3707	56
3708	67
3709	36
3710	52
3711	76
3712	55
3713	54
3714	62
3715	50
3716	60
3717	51
3718	54
3719	57
3720	58
3721	62
3722	35
3723	48
3724	62
3725	50
3726	49
3727	54
3728	51
3729	54
3730	60
3731	43
3732	57
3733	61
3734	61
3735	46
3736	60
3737	63
3738	51
3739	59
3740	49
3741	57
3742	43
3743	40
3744	48
3745	51
3746	49
3747	49
3748	53
3749	61
3750	58
3751	64
3752	60
3753	49
3754	57
3755	64
3756	69
3757	55
3758	58
3759	60
3760	53
3761	51
3762	55
3763	56
3764	42
3765	58
3766	52
3767	50
3768	57
3769	59
3770	44
3771	58
3772	59
3773	57
3774	53
3775	41
3776	67
3777	50
3778	46
3779	38
3780	46
3781	55
3782	47
3783	55
3784	47
3785	47
3786	49
3787	37
3788	57
3789	57
3790	52
3791	48
3792	58
3793	52
3794	42
3795	55
3796	47
3797	45
3798	44
3799	48
3800	53
3801	52
3802	60
3803	56
3804	57
3805	54
3806	55
3807	40
3808	46
3809	58
3810	47
3811	43
3812	42
3813	45
3814	54
3815	44
3816	56
3817	40
3818	50
3819	48
3820	44
3821	56
3822	52
3823	60
3824	48
3825	34
3826	51
3827	72
3828	54
3829	47
3830	75
3831	49
3832	57
3833	45
3834	56
3835	44
3836	54
3837	54
3838	49
3839	50
3840	62
3841	55
3842	46
3843	49
3844	56
3845	63
3846	66
3847	48
3848	44
3849	55
3850	57
3851	60
3852	48
3853	45
3854	44
3855	50
3856	57
3857	54
3858	40
3859	49
3860	67
3861	53
3862	58
3863	52
3864	50
3865	54
3866	59
3867	54
3868	42
3869	56
3870	55
3871	35
3872	58
3873	45
3874	34
3875	51
3876	59
3877	40
3878	39
3879	40
3880	55
3881	48
3882	43
3883	43
3884	42
3885	63
3886	42
3887	42
3888	55
3889	50
3890	55
3891	47
3892	50
3893	45
3894	55
3895	44
3896	65
3897	43
3898	57
3899	53
3900	36
3901	50
3902	43
3903	38
3904	51
3905	39
3906	57
3907	45
3908	52
3909	48
3910	57
3911	54
3912	48
3913	61
3914	50
3915	44
3916	56
3917	36
3918	52
3919	61
3920	64
3921	47
3922	47
3923	51
3924	56
3925	49
3926	61
3927	54
3928	62
3929	31
3930	61
3931	46
3932	50
3933	62
3934	49
3935	45
3936	32
3937	47
3938	44
3939	50
3940	51
3941	47
3942	53
3943	58
3944	34
3945	55
3946	53
3947	45
3948	40
3949	40
3950	59
3951	49
3952	47
3953	58
3954	46
3955	55
3956	41
3957	40
3958	40
3959	61
3960	34
3961	59
3962	58
3963	50
3964	40
3965	47
3966	48
3967	41
3968	38
3969	61
3970	44
3971	64
3972	39
3973	42
3974	61
3975	38
3976	41
3977	55
3978	51
3979	49
3980	54
3981	44
3982	47
3983	60
3984	41
3985	40
3986	42
3987	48
3988	34
3989	50
3990	45
3991	51
3992	42
3993	43
3994	53
3995	57
3996	42
3997	40
3998	60
3999	31
4000	28
4001	60
4002	51
4003	52
4004	66
4005	47
4006	59
4007	42
4008	43
4009	36
4010	47
4011	35
4012	55
4013	40
4014	50
4015	55
4016	48
4017	39
4018	46
4019	54
4020	37
4021	42
4022	44
4023	41
4024	63
4025	41
4026	51
4027	47
4028	52
4029	47
4030	44
4031	50
4032	43
4033	40
4034	59
4035	45
4036	42
4037	54
4038	43
4039	50
4040	46
4041	54
4042	47
4043	44
4044	48
4045	45
4046	49
4047	42
4048	52
4049	59
4050	56
4051	36
4052	37
4053	41
4054	56
4055	49
4056	58
4057	41
4058	52
4059	55
4060	51
4061	39
4062	45
4063	46
4064	47
4065	47
4066	44
4067	54
4068	64
4069	39
4070	63
4071	49
4072	54
4073	44
4074	60
4075	45
4076	40
4077	53
4078	57
4079	41
4080	44
4081	57
4082	42
4083	51
4084	50
4085	48
4086	52
4087	44
4088	41
4089	44
4090	35
4091	50
4092	46
4093	68
4094	58
4095	50
4096	46
4097	40
4098	40
4099	48
4100	40
4101	47
4102	54
4103	58
4104	43
4105	45
4106	38
4107	46
4108	46
4109	57
4110	54
4111	40
4112	39
4113	57
4114	46
4115	62
4116	45
4117	47
4118	38
4119	55
4120	41
4121	47
4122	37
4123	46
4124	57
4125	48
4126	47
4127	51
4128	52
4129	40
4130	49
4131	38
4132	39
4133	54
4134	42
4135	51
4136	55
4137	57
4138	53
4139	32
4140	47
4141	38
4142	46
4143	41
4144	49
4145	54
4146	47
4147	48
4148	34
4149	43
4150	51
4151	46
4152	49
4153	46
4154	34
4155	41
4156	38
4157	44
4158	46
4159	53
4160	50
4161	50
4162	48
4163	55
4164	49
4165	38
4166	63
4167	48
4168	52
4169	50
4170	33
4171	53
4172	51
4173	36
4174	37
4175	47
4176	46
4177	47
4178	35
4179	39
4180	52
4181	43
4182	42
4183	42
4184	43
4185	51
4186	46
4187	44
4188	44
4189	43
4190	48
4191	48
4192	45
4193	46
4194	60
4195	35
4196	53
4197	55
4198	52
4199	45
4200	37
4201	38
4202	49
4203	34
4204	49
4205	43
4206	29
4207	62
4208	38
4209	49
4210	42
4211	39
4212	39
4213	40
4214	35
4215	40
4216	43
4217	63
4218	39
4219	28
4220	39
4221	48
4222	47
4223	54
4224	52
4225	49
4226	45
4227	49
4228	53
4229	48
4230	50
4231	45
4232	31
4233	55
4234	42
4235	48
4236	48
4237	41
4238	36
4239	41
4240	48
4241	41
4242	48
4243	44
4244	50
4245	35
4246	48
4247	41
4248	51
4249	43
4250	45
4251	48
4252	46
4253	50
4254	53
4255	50
4256	42
4257	60
4258	56
4259	42
4260	52
4261	42
4262	46
4263	53
4264	52
4265	52
4266	54
4267	49
4268	47
4269	60
4270	53
4271	48
4272	28
4273	46
4274	46
4275	52
4276	44
4277	48
4278	40
4279	39
4280	53
4281	51
4282	44
4283	38
4284	44
4285	29
4286	41
4287	52
4288	42
4289	42
4290	31
4291	45
4292	46
4293	52
4294	37
4295	48
4296	48
4297	47
4298	40
4299	47
4300	41
4301	55
4302	45
4303	49
4304	44
4305	41
4306	44
4307	39
4308	48
4309	45
4310	46
4311	44
4312	46
4313	43
4314	39
4315	49
4316	47
4317	49
4318	56
4319	49
4320	41
4321	42
4322	54
4323	49
4324	42
4325	37
4326	64
4327	47
4328	49
4329	46
4330	60
4331	37
4332	45
4333	45
4334	42
4335	40
4336	39
4337	40
4338	51
4339	48
4340	55
4341	36
4342	51
4343	29
4344	40
4345	37
4346	48
4347	48
4348	44
4349	47
4350	50
4351	33
4352	39
4353	39
4354	44
4355	39
4356	53
4357	55
4358	43
4359	50
4360	50
4361	55
4362	47
4363	32
4364	45
4365	37
4366	45
4367	32
4368	38
4369	38
4370	38
4371	37
4372	35
4373	47
4374	46
4375	50
4376	43
4377	49
4378	41
4379	30
4380	39
4381	43
4382	28
4383	53
4384	38
4385	50
4386	44
4387	52
4388	50
4389	51
4390	58
4391	35
4392	37
4393	49
4394	41
4395	33
4396	48
4397	45
4398	34
4399	42
4400	46
4401	43
4402	56
4403	45
4404	40
4405	45
4406	49
4407	39
4408	31
4409	39
4410	45
4411	41
4412	49
4413	36
4414	50
4415	53
4416	45
4417	42
4418	31
4419	46
4420	52
4421	40
4422	49
4423	44
4424	43
4425	46
4426	38
4427	45
4428	58
4429	44
4430	44
4431	31
4432	50
4433	42
4434	49
4435	43
4436	52
4437	33
4438	46
4439	40
4440	56
4441	39
4442	37
4443	47
4444	52
4445	45
4446	45
4447	43
4448	52
4449	44
4450	32
4451	54
4452	43
4453	47
4454	51
4455	50
4456	37
4457	39
4458	54
4459	41
4460	45
4461	44
4462	48
4463	44
4464	44
4465	54
4466	53
4467	35
4468	40
4469	44
4470	54
4471	50
4472	47
4473	49
4474	40
4475	26
4476	41
4477	40
4478	36
4479	44
4480	46
4481	34
4482	41
4483	48
4484	59
4485	48
4486	47
4487	36
4488	46
4489	44
4490	28
4491	40
4492	41
4493	35
4494	36
4495	53
4496	35
4497	40
4498	45
4499	40
4500	52
4501	41
4502	41
4503	41
4504	43
4505	52
4506	45
4507	49
4508	38
4509	39
4510	44
4511	40
4512	43
4513	38
4514	41
4515	50
4516	53
4517	37
4518	44
4519	36
4520	43
4521	42
4522	46
4523	45
4524	44
4525	44
4526	54
4527	45
4528	46
4529	29
4530	37
4531	44
4532	43
4533	47
4534	41
4535	39
4536	34
4537	45
4538	34
4539	39
4540	46
4541	35
4542	49
4543	34
4544	34
4545	39
4546	42
4547	37
4548	39
4549	47
4550	55
4551	45
4552	44
4553	35
4554	43
4555	39
4556	38
4557	40
4558	39
4559	37
4560	43
4561	38
4562	44
4563	44
4564	38
4565	39
4566	33
4567	39
4568	47
4569	36
4570	48
4571	35
4572	33
4573	40
4574	33
4575	40
4576	47
4577	42
4578	44
4579	38
4580	29
4581	44
4582	36
4583	49
4584	42
4585	42
4586	44
4587	41
4588	42
4589	32
4590	43
4591	32
4592	32
4593	43
4594	42
4595	37
4596	46
4597	33
4598	47
4599	47
4600	50
4601	40
4602	43
4603	33
4604	44
4605	46
4606	33
4607	38
4608	40
4609	40
4610	41
4611	45
4612	37
4613	48
4614	41
4615	41
4616	41
4617	50
4618	50
4619	35
4620	36
4621	36
4622	34
4623	36
4624	39
4625	42
4626	45
4627	42
4628	35
4629	51
4630	33
4631	39
4632	25
4633	37
4634	44
4635	38
4636	42
4637	30
4638	42
4639	52
4640	45
4641	42
4642	31
4643	42
4644	50
4645	33
4646	50
4647	34
4648	24
4649	38
4650	41
4651	37
4652	46
4653	35
4654	37
4655	38
4656	43
4657	42
4658	38
4659	37
4660	33
4661	34
4662	38
4663	34
4664	52
4665	40
4666	51
4667	41
4668	25
4669	37
4670	31
4671	35
4672	48
4673	38
4674	31
4675	26
4676	40
4677	46
4678	52
4679	53
4680	37
4681	28
4682	44
4683	44
4684	43
4685	38
4686	40
4687	30
4688	41
4689	25
4690	33
4691	44
4692	33
4693	31
4694	42
4695	32
4696	26
4697	35
4698	47
4699	39
4700	46
4701	27
4702	34
4703	38
4704	41
4705	44
4706	44
4707	34
4708	28
4709	43
4710	33
4711	38
4712	36
4713	48
4714	35
4715	43
4716	44
4717	40
4718	29
4719	36
4720	34
4721	38
4722	40
4723	44
4724	42
4725	41
4726	33
4727	44
4728	38
4729	31
4730	38
4731	30
4732	35
4733	32
4734	40
4735	40
4736	43
4737	40
4738	36
4739	29
4740	29
4741	41
4742	36
4743	34
4744	39
4745	45
4746	37
4747	23
4748	34
4749	41
4750	39
4751	31
4752	40
4753	31
4754	39
4755	34
4756	27
4757	34
4758	37
4759	21
4760	30
4761	33
4762	24
4763	39
4764	41
4765	35
4766	32
4767	29
4768	38
4769	38
4770	45
4771	38
4772	35
4773	34
4774	36
4775	34
4776	32
4777	31
4778	30
4779	35
4780	42
4781	30
4782	25
4783	30
4784	45
4785	25
4786	33
4787	33
4788	34
4789	32
4790	35
4791	31
4792	28
4793	26
4794	42
4795	40
4796	43
4797	37
4798	36
4799	25
4800	34
4801	28
4802	42
4803	40
4804	41
4805	40
4806	38
4807	24
4808	36
4809	42
4810	31
4811	31
4812	35
4813	29
4814	37
4815	30
4816	44
4817	47
4818	41
4819	33
4820	33
4821	43
4822	35
4823	30
4824	30
4825	42
4826	27
4827	31
4828	33
4829	32
4830	22
4831	44
4832	22
4833	41
4834	35
4835	32
4836	29
4837	33
4838	35
4839	32
4840	35
4841	29
4842	40
4843	43
4844	34
4845	27
4846	25
4847	34
4848	39
4849	32
4850	34
4851	36
4852	30
4853	34
4854	47
4855	32
4856	27
4857	29
4858	26
4859	39
4860	29
4861	44
4862	28
4863	28
4864	36
4865	27
4866	32
4867	32
4868	22
4869	32
4870	33
4871	20
4872	32
4873	27
4874	30
4875	25
4876	34
4877	31
4878	38
4879	32
4880	33
4881	25
4882	28
4883	33
4884	35
4885	33
4886	31
4887	33
4888	34
4889	28
4890	31
4891	27
4892	41
4893	36
4894	27
4895	28
4896	35
4897	28
4898	41
4899	27
4900	25
4901	33
4902	28
4903	26
4904	26
4905	33
4906	29
4907	30
4908	27
4909	35
4910	33
4911	37
4912	31
4913	38
4914	25
4915	30
4916	36
4917	35
4918	38
4919	39
4920	23
4921	29
4922	36
4923	36
4924	26
4925	35
4926	27
4927	32
4928	43
4929	28
4930	33
4931	22
4932	26
4933	28
4934	24
4935	36
4936	25
4937	29
4938	25
4939	31
4940	29
4941	29
4942	26
4943	28
4944	35
4945	29
4946	20
4947	36
4948	28
4949	26
4950	36
4951	22
4952	34
4953	27
4954	30
4955	29
4956	16
4957	28
4958	25
4959	30
4960	34
4961	20
4962	29
4963	27
4964	30
4965	35
4966	14
4967	25
4968	34
4969	34
4970	25
4971	33
4972	34
4973	25
4974	26
4975	35
4976	30
4977	32
4978	33
4979	26
4980	28
4981	34
4982	34
4983	22
4984	28
4985	37
4986	36
4987	22
4988	24
4989	27
4990	26
4991	29
4992	31
4993	25
4994	27
4995	24
4996	29
4997	29
4998	34
4999	33
5000	32
5001	37
5002	25
5003	37
5004	30
5005	32
5006	26
5007	35
5008	38
5009	17
5010	23
5011	25
5012	29
5013	16
5014	17
5015	21
5016	29
5017	19
5018	24
5019	25
5020	20
5021	35
5022	34
5023	19
5024	30
5025	24
5026	30
5027	32
5028	31
5029	31
5030	30
5031	35
5032	31
5033	43
5034	28
5035	21
5036	42
5037	33
5038	22
5039	23
5040	27
5041	27
5042	27
5043	19
5044	17
5045	28
5046	29
5047	22
5048	29
5049	18
5050	28
5051	30
5052	27
5053	30
5054	28
5055	30
5056	27
5057	33
5058	24
5059	30
5060	27
5061	26
5062	28
5063	27
5064	33
5065	38
5066	26
5067	35
5068	15
5069	32
5070	31
5071	30
5072	28
5073	26
5074	29
5075	27
5076	28
5077	25
5078	29
5079	31
5080	40
5081	16
5082	23
5083	32
5084	27
5085	25
5086	27
5087	27
5088	35
5089	20
5090	32
5091	28
5092	28
5093	29
5094	26
5095	22
5096	28
5097	23
5098	30
5099	27
5100	29
5101	25
5102	18
5103	21
5104	20
5105	29
5106	21
5107	29
5108	19
5109	29
5110	19
5111	22
5112	33
5113	18
5114	28
5115	22
5116	22
5117	21
5118	27
5119	24
5120	24
5121	32
5122	28
5123	21
5124	35
5125	21
5126	16
5127	21
5128	23
5129	35
5130	24
5131	28
5132	23
5133	27
5134	25
5135	30
5136	29
5137	27
5138	18
5139	20
5140	23
5141	26
5142	21
5143	26
5144	31
5145	36
5146	23
5147	26
5148	37
5149	24
5150	17
5151	32
5152	29
5153	27
5154	45
5155	28
5156	27
5157	25
5158	33
5159	26
5160	23
5161	22
5162	26
5163	25
5164	30
5165	23
5166	25
5167	23
5168	22
5169	23
5170	23
5171	24
5172	21
5173	27
5174	16
5175	20
5176	32
5177	25
5178	20
5179	22
5180	30
5181	19
5182	27
5183	28
5184	23
5185	23
5186	18
5187	23
5188	21
5189	28
5190	20
5191	27
5192	33
5193	21
5194	33
5195	24
5196	26
5197	24
5198	30
5199	18
5200	35
5201	19
5202	26
5203	22
5204	25
5205	31
5206	25
5207	34
5208	17
5209	19
5210	20
5211	20
5212	17
5213	20
5214	22
5215	30
5216	28
5217	28
5218	20
5219	23
5220	32
5221	19
5222	20
5223	17
5224	24
5225	17
5226	25
5227	20
5228	17
5229	32
5230	23
5231	26
5232	30
5233	14
5234	29
5235	23
5236	29
5237	12
5238	25
5239	17
5240	19
5241	26
5242	21
5243	28
5244	24
5245	18
5246	28
5247	22
5248	18
5249	20
5250	19
5251	28
5252	21
5253	23
5254	23
5255	27
5256	25
5257	23
5258	16
5259	28
5260	23
5261	29
5262	20
5263	22
5264	14
5265	20
5266	24
5267	22
5268	16
5269	16
5270	22
5271	21
5272	25
5273	24
5274	36
5275	18
5276	30
5277	21
5278	20
5279	18
5280	24
5281	23
5282	26
5283	27
5284	25
5285	17
5286	18
5287	16
5288	23
5289	19
5290	15
5291	19
5292	23
5293	24
5294	31
5295	14
5296	19
5297	19
5298	25
5299	27
5300	24
5301	26
5302	19
5303	20
5304	19
5305	25
5306	16
5307	24
5308	21
5309	21
5310	30
5311	16
5312	20
5313	19
5314	19
5315	19
5316	21
5317	24
5318	21
5319	25
5320	24
5321	25
5322	14
5323	23
5324	30
5325	21
5326	20
5327	22
5328	27
5329	26
5330	16
5331	23
5332	32
5333	20
5334	22
5335	26
5336	29
5337	21
5338	16
5339	22
5340	25
5341	20
5342	26
5343	22
5344	16
5345	19
5346	14
5347	21
5348	26
5349	21
5350	24
5351	20
5352	19
5353	24
5354	19
5355	22
5356	19
5357	21
5358	27
5359	29
5360	21
5361	21
5362	34
5363	17
5364	17
5365	25
5366	22
5367	12
5368	17
5369	22
5370	34
5371	18
5372	21
5373	16
5374	14
5375	20
5376	16
5377	24
5378	22
5379	20
5380	24
5381	24
5382	16
5383	15
5384	17
5385	16
5386	19
5387	21
5388	18
5389	20
5390	20
5391	21
5392	22
5393	18
5394	24
5395	20
5396	20
5397	24
5398	12
5399	25
5400	15
5401	29
5402	24
5403	19
5404	24
5405	28
5406	23
5407	31
5408	24
5409	23
5410	25
5411	14
5412	24
5413	20
5414	25
5415	26
5416	16
5417	17
5418	26
5419	18
5420	20
5421	26
5422	9
5423	15
5424	22
5425	17
5426	24
5427	20
5428	18
5429	23
5430	37
5431	21
5432	19
5433	11
5434	16
5435	23
5436	21
5437	19
5438	25
5439	29
5440	18
5441	22
5442	27
5443	17
5444	22
5445	22
5446	35
5447	19
5448	16
5449	15
5450	19
5451	22
5452	14
5453	13
5454	18
5455	24
5456	34
5457	26
5458	24
5459	12
5460	21
5461	22
5462	19
5463	18
5464	22
5465	17
5466	10
5467	16
5468	16
5469	22
5470	15
5471	22
5472	17
5473	24
5474	19
5475	20
5476	21
5477	17
5478	21
5479	18
5480	20
5481	14
5482	21
5483	18
5484	10
5485	26
5486	27
5487	18
5488	17
5489	16
5490	20
5491	15
5492	21
5493	17
5494	16
5495	20
5496	17
5497	12
5498	19
5499	20
5500	27
5501	17
5502	11
5503	26
5504	21
5505	20
5506	12
5507	22
5508	23
5509	18
5510	26
5511	34
5512	15
5513	20
5514	11
5515	23
5516	24
5517	20
5518	12
5519	26
5520	23
5521	19
5522	17
5523	23
5524	19
5525	15
5526	19
5527	20
5528	21
5529	12
5530	17
5531	15
5532	24
5533	15
5534	19
5535	13
5536	12
5537	18
5538	23
5539	26
5540	22
5541	24
5542	21
5543	28
5544	18
5545	14
5546	12
5547	19
5548	14
5549	16
5550	13
5551	11
5552	25
5553	20
5554	22
5555	20
5556	15
5557	20
5558	17
5559	20
5560	20
5561	12
5562	20
5563	13
5564	18
5565	10
5566	18
5567	28
5568	23
5569	15
5570	25
5571	15
5572	18
5573	24
5574	22
5575	16
5576	18
5577	14
5578	19
5579	22
5580	10
5581	24
5582	10
5583	25
5584	18
5585	14
5586	15
5587	16
5588	20
5589	10
5590	16
5591	17
5592	19
5593	15
5594	14
5595	16
5596	18
5597	13
5598	21
5599	15
5600	9
5601	11
5602	14
5603	20
5604	21
5605	19
5606	19
5607	13
5608	19
5609	20
5610	9
5611	16
5612	17
5613	23
5614	15
5615	18
5616	15
5617	26
5618	17
5619	15
5620	15
5621	15
5622	15
5623	21
5624	12
5625	18
5626	25
5627	11
5628	27
5629	14
5630	15
5631	17
5632	13
5633	19
5634	13
5635	16
5636	18
5637	20
5638	18
5639	12
5640	20
5641	22
5642	19
5643	24
5644	18
5645	18
5646	17
5647	18
5648	23
5649	18
5650	22
5651	19
5652	18
5653	11
5654	13
5655	25
5656	19
5657	21
5658	13
5659	13
5660	21
5661	22
5662	21
5663	13
5664	18
5665	17
5666	16
5667	17
5668	22
5669	17
5670	22
5671	19
5672	13
5673	20
5674	13
5675	11
5676	17
5677	21
5678	25
5679	16
5680	15
5681	19
5682	18
5683	20
5684	14
5685	23
5686	20
5687	25
5688	15
5689	15
5690	14
5691	13
5692	18
5693	17
5694	15
5695	20
5696	18
5697	18
5698	14
5699	12
5700	20
5701	15
5702	17
5703	17
5704	13
5705	23
5706	25
5707	18
5708	21
5709	15
5710	20
5711	17
5712	19
5713	16
5714	20
5715	20
5716	21
5717	14
5718	22
5719	15
5720	10
5721	22
5722	20
5723	7
5724	14
5725	19
5726	26
5727	13
5728	19
5729	17
5730	24
5731	11
5732	20
5733	21
5734	13
5735	22
5736	18
5737	19
5738	13
5739	20
5740	12
5741	16
5742	16
5743	16
5744	18
5745	14
5746	22
5747	13
5748	17
5749	19
5750	18
5751	19
5752	18
5753	25
5754	15
5755	17
5756	20
5757	20
5758	19
5759	14
5760	18
5761	20
5762	17
5763	17
5764	15
5765	20
5766	19
5767	14
5768	18
5769	15
5770	21
5771	11
5772	23
5773	13
5774	18
5775	12
5776	15
5777	10
5778	11
5779	15
5780	18
5781	18
5782	18
5783	18
5784	10
5785	21
5786	23
5787	19
5788	13
5789	17
5790	15
5791	12
5792	15
5793	22
5794	13
5795	24
5796	19
5797	14
5798	18
5799	29
5800	15
5801	23
5802	18
5803	15
5804	15
5805	18
5806	20
5807	20
5808	12
5809	17
5810	20
5811	23
5812	15
5813	14
5814	10
5815	18
5816	19
5817	16
5818	20
5819	14
5820	19
5821	19
5822	14
5823	11
5824	12
5825	17
5826	16
5827	19
5828	16
5829	15
5830	19
5831	13
5832	18
5833	18
5834	18
5835	16
5836	15
5837	10
5838	23
5839	21
5840	22
5841	23
5842	14
5843	19
5844	12
5845	7
5846	17
5847	12
5848	12
5849	15
5850	14
5851	16
5852	19
5853	11
5854	22
5855	18
5856	11
5857	13
5858	21
5859	13
5860	19
5861	16
5862	24
5863	16
5864	18
5865	20
5866	21
5867	21
5868	15
5869	12
5870	17
5871	18
5872	14
5873	16
5874	20
5875	13
5876	18
5877	17
5878	13
5879	17
5880	20
5881	16
5882	18
5883	21
5884	14
5885	9
5886	11
5887	16
5888	10
5889	17
5890	13
5891	12
5892	15
5893	26
5894	7
5895	18
5896	20
5897	17
5898	18
5899	12
5900	9
5901	9
5902	13
5903	10
5904	17
5905	15
5906	7
5907	14
5908	11
5909	15
5910	15
5911	10
5912	13
5913	16
5914	27
5915	18
5916	12
5917	19
5918	20
5919	15
5920	19
5921	11
5922	11
5923	15
5924	14
5925	23
5926	18
5927	19
5928	18
5929	13
5930	24
5931	17
5932	20
5933	11
5934	16
5935	14
5936	12
5937	15
5938	8
5939	17
5940	16
5941	17
5942	20
5943	13
5944	13
5945	16
5946	14
5947	14
5948	20
5949	14
5950	19
5951	15
5952	15
5953	18
5954	19
5955	14
5956	18
5957	17
5958	16
5959	14
5960	13
5961	19
5962	17
5963	15
5964	10
5965	21
5966	15
5967	16
5968	19
5969	12
5970	25
5971	14
5972	11
5973	14
5974	20
5975	16
5976	23
5977	14
5978	20
5979	19
5980	22
5981	18
5982	24
5983	27
5984	13
5985	14
5986	19
5987	12
5988	16
5989	16
5990	11
5991	11
5992	18
5993	16
5994	13
5995	17
5996	15
5997	17
5998	25
5999	12
6000	12
6001	15
6002	15
6003	18
6004	18
6005	18
6006	15
6007	11
6008	22
6009	18
6010	17
6011	9
6012	14
6013	10
6014	14
6015	19
6016	18
6017	17
6018	19
6019	15
6020	16
6021	10
6022	10
6023	17
6024	13
6025	23
6026	14
6027	19
6028	17
6029	23
6030	12
6031	18
6032	21
6033	13
6034	20
6035	17
6036	14
6037	14
6038	18
6039	13
6040	13
6041	23
6042	14
6043	22
6044	8
6045	11
6046	23
6047	23
6048	24
6049	13
6050	16
6051	11
6052	15
6053	18
6054	16
6055	14
6056	18
6057	15
6058	13
6059	11
6060	20
6061	15
6062	18
6063	8
6064	22
6065	14
6066	14
6067	20
6068	16
6069	14
6070	16
6071	14
6072	18
6073	25
6074	17
6075	10
6076	17
6077	21
6078	14
6079	14
6080	11
6081	7
6082	13
6083	21
6084	24
6085	29
6086	13
6087	16
6088	22
6089	16
6090	16
6091	18
6092	15
6093	15
6094	17
6095	24
6096	15
6097	17
6098	15
6099	17
6100	17
6101	9
6102	14
6103	12
6104	8
6105	14
6106	19
6107	15
6108	9
6109	17
6110	10
6111	16
6112	9
6113	25
6114	13
6115	7
6116	18
6117	14
6118	11
6119	15
6120	24
6121	18
6122	16
6123	11
6124	14
6125	15
6126	15
6127	20
6128	17
6129	15
6130	20
6131	15
6132	17
6133	12
6134	12
6135	18
6136	12
6137	9
6138	15
6139	14
6140	19
6141	13
6142	14
6143	15
6144	16
6145	16
6146	12
6147	14
6148	20
6149	14
6150	8
6151	17
6152	20
6153	12
6154	20
6155	20
6156	15
6157	14
6158	12
6159	19
6160	15
6161	16
6162	18
6163	14
6164	18
6165	17
6166	12
6167	17
6168	19
6169	12
6170	13
6171	16
6172	22
6173	13
6174	10
6175	15
6176	10
6177	14
6178	14
6179	16
6180	16
6181	22
6182	20
6183	13
6184	14
6185	23
6186	16
6187	16
6188	20
6189	10
6190	14
6191	18
6192	12
6193	13
6194	10
6195	17
6196	14
6197	9
6198	13
6199	19
6200	14
6201	20
6202	10
6203	12
6204	20
6205	17
6206	14
6207	16
6208	14
6209	15
6210	11
6211	17
6212	16
6213	15
6214	12
6215	17
6216	15
6217	14
6218	20
6219	20
6220	13
6221	18
6222	11
6223	9
6224	14
6225	12
6226	19
6227	22
6228	15
6229	11
6230	14
6231	22
6232	12
6233	18
6234	11
6235	21
6236	15
6237	16
6238	12
6239	14
6240	13
6241	19
6242	11
6243	13
6244	13
6245	16
6246	26
6247	10
6248	17
6249	11
6250	10
6251	15
6252	11
6253	9
6254	12
6255	15
6256	13
6257	13
6258	16
6259	29
6260	17
6261	11
6262	23
6263	18
6264	18
6265	14
6266	14
6267	16
6268	16
6269	14
6270	15
6271	15
6272	21
6273	14
6274	10
6275	19
6276	13
6277	17
6278	11
6279	15
6280	18
6281	17
6282	11
6283	16
6284	19
6285	10
6286	17
6287	17
6288	15
6289	19
6290	10
6291	14
6292	11
6293	17
6294	22
6295	15
6296	11
6297	13
6298	19
6299	15
6300	13
6301	15
6302	16
6303	14
6304	11
6305	14
6306	23
6307	8
6308	19
6309	18
6310	10
6311	19
6312	19
6313	11
6314	20
6315	11
6316	12
6317	19
6318	15
6319	16
6320	13
6321	18
6322	18
6323	14
6324	16
6325	18
6326	12
6327	12
6328	12
6329	11
6330	14
6331	18
6332	12
6333	12
6334	9
6335	17
6336	15
6337	21
6338	22
6339	23
6340	10
6341	5
6342	15
6343	17
6344	11
6345	18
6346	17
6347	19
6348	12
6349	14
6350	20
6351	24
6352	15
6353	16
6354	12
6355	13
6356	12
6357	11
6358	18
6359	20
6360	14
6361	17
6362	10
6363	18
6364	13
6365	17
6366	16
6367	17
6368	9
6369	23
6370	22
6371	20
6372	19
6373	10
6374	20
6375	16
6376	15
6377	13
6378	16
6379	18
6380	16
6381	17
6382	17
6383	22
6384	4
6385	13
6386	14
6387	16
6388	17
6389	14
6390	10
6391	11
6392	12
6393	9
6394	11
6395	13
6396	13
6397	20
6398	30
6399	19
6400	11
6401	10
6402	15
6403	16
6404	18
6405	10
6406	10
6407	14
6408	16
6409	18
6410	14
6411	14
6412	9
6413	10
6414	13
6415	13
6416	14
6417	9
6418	13
6419	12
6420	12
6421	10
6422	11
6423	16
6424	17
6425	10
6426	16
6427	10
6428	9
6429	14
6430	21
6431	7
6432	14
6433	14
6434	8
6435	15
6436	11
6437	14
6438	23
6439	13
6440	19
6441	13
6442	9
6443	16
6444	13
6445	13
6446	12
6447	16
6448	26
6449	12
6450	12
6451	14
6452	7
6453	20
6454	15
6455	11
6456	22
6457	15
6458	13
6459	18
6460	18
6461	17
6462	15
6463	18
6464	12
6465	15
6466	9
6467	11
6468	11
6469	13
6470	6
6471	16
6472	15
6473	13
6474	15
6475	16
6476	15
6477	20
6478	26
6479	9
6480	11
6481	10
6482	11
6483	18
6484	5
6485	17
6486	13
6487	9
6488	12
6489	23
6490	14
6491	14
6492	14
6493	12
6494	17
6495	8
6496	6
6497	16
6498	12
6499	12
6500	7
6501	21
6502	13
6503	16
6504	13
6505	11
6506	18
6507	14
6508	15
6509	11
6510	10
6511	17
6512	9
6513	13
6514	19
6515	16
6516	8
6517	19
6518	15
6519	14
6520	15
6521	18
6522	10
6523	6
6524	19
6525	13
6526	21
6527	16
6528	19
6529	13
6530	18
6531	15
6532	15
6533	16
6534	11
6535	14
6536	6
6537	10
6538	15
6539	18
6540	18
6541	18
6542	16
6543	20
6544	13
6545	14
6546	12
6547	14
6548	7
6549	8
6550	16
6551	16
6552	18
6553	14
6554	20
6555	13
6556	13
6557	16
6558	10
6559	16
6560	16
6561	17
6562	14
6563	15
6564	18
6565	17
6566	18
6567	17
6568	14
6569	15
6570	28
6571	10
6572	14
6573	17
6574	19
6575	18
6576	9
6577	11
6578	10
6579	12
6580	21
6581	22
6582	13
6583	14
6584	13
6585	12
6586	19
6587	10
6588	19
6589	15
6590	17
6591	11
6592	8
6593	9
6594	15
6595	10
6596	9
6597	11
6598	23
6599	9
6600	22
6601	9
6602	18
6603	13
6604	12
6605	18
6606	20
6607	15
6608	15
6609	17
6610	23
6611	13
6612	11
6613	19
6614	15
6615	17
6616	13
6617	11
6618	17
6619	11
6620	9
6621	10
6622	17
6623	22
6624	12
6625	14
6626	10
6627	16
6628	18
6629	10
6630	13
6631	13
6632	22
6633	16
6634	7
6635	11
6636	18
6637	8
6638	8
6639	12
6640	16
6641	15
6642	14
6643	14
6644	21
6645	25
6646	13
6647	10
6648	13
6649	11
6650	9
6651	16
6652	11
6653	21
6654	12
6655	8
6656	18
6657	20
6658	17
6659	11
6660	11
6661	15
6662	16
6663	16
6664	7
6665	16
6666	26
6667	14
6668	23
6669	19
6670	21
6671	15
6672	15
6673	16
6674	16
6675	12
6676	18
6677	20
6678	19
6679	11
6680	19
6681	19
6682	16
6683	15
6684	18
6685	16
6686	21
6687	14
6688	10
6689	10
6690	15
6691	17
6692	14
6693	19
6694	13
6695	27
6696	24
6697	16
6698	13
6699	16
6700	9
6701	10
6702	13
6703	23
6704	15
6705	14
6706	12
6707	22
6708	20
6709	21
6710	11
6711	14
6712	14
6713	21
6714	22
6715	14
6716	12
6717	14
6718	11
6719	17
6720	17
6721	27
6722	13
6723	14
6724	14
6725	14
6726	21
6727	19
6728	13
6729	8
6730	6
6731	17
6732	21
6733	21
6734	9
6735	20
6736	16
6737	15
6738	18
6739	28
6740	18
6741	16
6742	16
6743	20
6744	19
6745	13
6746	18
6747	19
6748	17
6749	17
6750	18
6751	11
6752	22
6753	15
6754	20
6755	15
6756	12
6757	12
6758	13
6759	23
6760	14
6761	19
6762	19
6763	20
6764	21
6765	17
6766	14
6767	20
6768	15
6769	16
6770	23
6771	21
6772	18
6773	21
6774	15
6775	6
6776	21
6777	21
6778	29
6779	14
6780	22
6781	19
6782	19
6783	20
6784	27
6785	18
6786	19
6787	15
6788	14
6789	15
6790	20
6791	16
6792	22
6793	25
6794	18
6795	18
6796	23
6797	17
6798	28
6799	11
6800	19
6801	21
6802	15
6803	19
6804	18
6805	22
6806	28
6807	18
6808	21
6809	18
6810	23
6811	13
6812	21
6813	24
6814	21
6815	23
6816	24
6817	18
6818	23
6819	22
6820	29
6821	25
6822	24
6823	27
6824	14
6825	12
6826	14
6827	28
6828	15
6829	23
6830	16
6831	19
6832	20
6833	23
6834	26
6835	17
6836	22
6837	23
6838	19
6839	24
6840	25
6841	29
6842	17
6843	19
6844	21
6845	25
6846	26
6847	26
6848	30
6849	20
6850	30
6851	24
6852	26
6853	19
6854	24
6855	23
6856	17
6857	26
6858	27
6859	34
6860	22
6861	16
6862	16
6863	19
6864	32
6865	31
6866	25
6867	27
6868	26
6869	28
6870	26
6871	29
6872	27
6873	13
6874	27
6875	26
6876	16
6877	28
6878	28
6879	29
6880	37
6881	29
6882	31
6883	32
6884	30
6885	20
6886	26
6887	36
6888	19
6889	25
6890	36
6891	22
6892	28
6893	37
6894	35
6895	25
6896	27
6897	24
6898	28
6899	29
6900	36
6901	24
6902	28
6903	37
6904	32
6905	34
6906	35
6907	35
6908	33
6909	46
6910	33
6911	28
6912	29
6913	32
6914	37
6915	34
6916	29
6917	30
6918	34
6919	25
6920	27
6921	26
6922	30
6923	20
6924	40
6925	35
6926	29
6927	28
6928	42
6929	26
6930	30
6931	33
6932	34
6933	37
6934	27
6935	36
6936	40
6937	33
6938	41
6939	29
6940	34
6941	28
6942	36
6943	47
6944	50
6945	34
6946	42
6947	34
6948	47
6949	46
6950	52
6951	41
6952	47
6953	36
6954	29
6955	34
6956	50
6957	40
6958	35
6959	52
6960	41
6961	33
6962	46
6963	60
6964	40
6965	40
6966	40
6967	38
6968	45
6969	45
6970	44
6971	38
6972	48
6973	46
6974	38
6975	54
6976	33
6977	42
6978	44
6979	42
6980	52
6981	54
6982	43
6983	54
6984	52
6985	52
6986	53
6987	58
6988	43
6989	54
6990	47
6991	37
6992	50
6993	56
6994	52
6995	60
6996	44
6997	45
6998	54
6999	51
7000	54
7001	55
7002	42
7003	60
7004	54
7005	60
7006	51
7007	53
7008	60
7009	66
7010	64
7011	53
7012	48
7013	64
7014	55
7015	55
7016	58
7017	60
7018	51
7019	62
7020	62
7021	78
7022	52
7023	54
7024	51
7025	59
7026	67
7027	66
7028	54
7029	39
7030	65
7031	55
7032	61
7033	59
7034	52
7035	68
7036	76
7037	66
7038	68
7039	56
7040	66
7041	55
7042	70
7043	59
7044	81
7045	58
7046	58
7047	71
7048	78
7049	74
7050	56
7051	70
7052	78
7053	71
7054	81
7055	72
7056	66
7057	61
7058	73
7059	62
7060	66
7061	83
7062	80
7063	81
7064	65
7065	80
7066	64
7067	69
7068	89
7069	83
7070	82
7071	70
7072	83
7073	74
7074	76
7075	78
7076	77
7077	79
7078	95
7079	72
7080	91
7081	88
7082	78
7083	86
7084	75
7085	89
7086	83
7087	76
7088	86
7089	79
7090	82
7091	79
7092	84
7093	90
7094	86
7095	76
7096	91
7097	81
7098	94
7099	81
7100	75
7101	89
7102	64
7103	73
7104	78
7105	86
7106	89
7107	69
7108	111
7109	83
7110	77
7111	83
7112	98
7113	92
7114	84
7115	88
7116	79
7117	120
7118	103
7119	92
7120	97
7121	103
7122	118
7123	98
7124	114
7125	109
7126	113
7127	110
7128	100
7129	94
7130	92
7131	116
7132	93
7133	83
7134	91
7135	94
7136	118
7137	94
7138	96
7139	106
7140	101
7141	90
7142	82
7143	126
7144	114
7145	99
7146	104
7147	105
7148	91
7149	109
7150	100
7151	108
7152	115
7153	90
7154	125
7155	123
7156	121
7157	96
7158	112
7159	102
7160	115
7161	119
7162	110
7163	104
7164	123
7165	103
7166	133
7167	128
7168	129
7169	131
7170	122
7171	116
7172	109
7173	118
7174	109
7175	118
7176	125
7177	114
7178	112
7179	112
7180	125
7181	123
7182	137
7183	141
7184	113
7185	107
7186	122
7187	105
7188	132
7189	125
7190	120
7191	140
7192	135
7193	124
7194	132
7195	118
7196	133
7197	128
7198	120
7199	149
7200	162
7201	142
7202	123
7203	117
7204	128
7205	146
7206	140
7207	118
7208	109
7209	120
7210	127
7211	114
7212	138
7213	135
7214	128
7215	130
7216	146
7217	146
7218	118
7219	146
7220	112
7221	144
7222	134
7223	144
7224	126
7225	129
7226	122
7227	147
7228	129
7229	171
7230	137
7231	128
7232	140
7233	139
7234	127
7235	142
7236	164
7237	141
7238	138
7239	149
7240	144
7241	140
7242	140
7243	140
7244	151
7245	137
7246	131
7247	124
7248	158
7249	151
7250	151
7251	166
7252	153
7253	149
7254	154
7255	145
7256	135
7257	146
7258	157
7259	142
7260	172
7261	142
7262	159
7263	151
7264	149
7265	164
7266	156
7267	155
7268	146
7269	148
7270	169
7271	154
7272	149
7273	165
7274	140
7275	150
7276	150
7277	156
7278	149
7279	156
7280	167
7281	145
7282	170
7283	152
7284	143
7285	173
7286	161
7287	155
7288	170
7289	154
7290	146
7291	162
7292	159
7293	148
7294	173
7295	171
7296	167
7297	152
7298	160
7299	158
7300	164
7301	167
7302	188
7303	157
7304	179
7305	170
7306	162
7307	168
7308	169
7309	185
7310	180
7311	183
7312	186
7313	175
7314	174
7315	190
7316	166
7317	182
7318	192
7319	180
7320	173
7321	151
7322	192
7323	183
7324	157
7325	176
7326	181
7327	167
7328	162
7329	174
7330	155
7331	163
7332	182
7333	196
7334	164
7335	179
7336	172
7337	163
7338	191
7339	194
7340	187
7341	171
7342	164
7343	176
7344	200
7345	192
7346	174
7347	184
7348	165
7349	171
7350	148
7351	184
7352	170
7353	205
7354	174
7355	186
7356	141
7357	171
7358	191
7359	190
7360	157
7361	168
7362	147
7363	173
7364	177
7365	196
7366	179
7367	169
7368	166
7369	189
7370	174
7371	178
7372	161
7373	182
7374	172
7375	176
7376	199
7377	168
7378	167
7379	194
7380	193
7381	217
7382	176
7383	188
7384	193
7385	153
7386	216
7387	191
7388	187
7389	187
7390	168
7391	208
7392	188
7393	190
7394	186
7395	174
7396	174
7397	202
7398	181
7399	184
7400	159
7401	189
7402	170
7403	212
7404	197
7405	184
7406	196
7407	175
7408	176
7409	179
7410	202
7411	178
7412	198
7413	192
7414	180
7415	183
7416	167
7417	188
7418	148
7419	172
7420	186
7421	191
7422	177
7423	181
7424	201
7425	194
7426	164
7427	189
7428	205
7429	199
7430	192
7431	176
7432	183
7433	185
7434	187
7435	166
7436	181
7437	191
7438	186
7439	185
7440	176
7441	183
7442	181
7443	178
7444	173
7445	169
7446	170
7447	168
7448	181
7449	191
7450	227
7451	163
7452	164
7453	169
7454	191
7455	198
7456	173
7457	186
7458	159
7459	181
7460	159
7461	193
7462	199
7463	204
7464	192
7465	197
7466	186
7467	176
7468	182
7469	165
7470	160
7471	166
7472	185
7473	199
7474	170
7475	192
7476	181
7477	181
7478	175
7479	195
7480	175
7481	184
7482	140
7483	157
7484	185
7485	185
7486	173
7487	177
7488	176
7489	188
7490	165
7491	151
7492	187
7493	164
7494	178
7495	143
7496	169
7497	179
7498	146
7499	140
7500	162
7501	165
7502	172
7503	178
7504	175
7505	176
7506	162
7507	157
7508	160
7509	173
7510	171
7511	141
7512	164
7513	149
7514	180
7515	162
7516	154
7517	173
7518	170
7519	172
7520	166
7521	180
7522	177
7523	172
7524	167
7525	163
7526	179
7527	167
7528	188
7529	156
7530	162
7531	166
7532	158
7533	140
7534	160
7535	153
7536	124
7537	151
7538	156
7539	140
7540	155
7541	149
7542	164
7543	152
7544	171
7545	160
7546	148
7547	158
7548	148
7549	147
7550	188
7551	137
7552	142
7553	148
7554	158
7555	152
7556	133
7557	139
7558	158
7559	147
7560	141
7561	129
7562	132
7563	142
7564	142
7565	128
7566	167
7567	140
7568	155
7569	166
7570	152
7571	117
7572	158
7573	149
7574	122
7575	133
7576	138
7577	137
7578	132
7579	135
7580	169
7581	146
7582	140
7583	151
7584	130
7585	151
7586	144
7587	144
7588	133
7589	149
7590	133
7591	140
7592	136
7593	143
7594	156
7595	154
7596	129
7597	129
7598	136
7599	132
7600	120
7601	130
7602	126
7603	117
7604	132
7605	108
7606	147
7607	123
7608	127
7609	136
7610	139
7611	131
7612	129
7613	121
7614	118
7615	120
7616	141
7617	128
7618	131
7619	110
7620	138
7621	133
7622	136
7623	123
7624	118
7625	118
7626	129
7627	109
7628	97
7629	116
7630	117
7631	109
7632	106
7633	128
7634	118
7635	116
7636	125
7637	114
7638	110
7639	120
7640	123
7641	105
7642	97
7643	115
7644	113
7645	105
7646	118
7647	109
7648	110
7649	138
7650	122
7651	109
7652	113
7653	114
7654	101
7655	103
7656	113
7657	97
7658	112
7659	111
7660	98
7661	117
7662	115
7663	104
7664	98
7665	93
7666	102
7667	128
7668	109
7669	93
7670	112
7671	93
7672	95
7673	94
7674	90
7675	111
7676	92
7677	84
7678	99
7679	98
7680	86
7681	99
7682	108
7683	85
7684	95
7685	93
7686	88
7687	95
7688	84
7689	98
7690	94
7691	95
7692	103
7693	89
7694	90
7695	96
7696	86
7697	81
7698	82
7699	89
7700	83
7701	102
7702	99
7703	87
7704	86
7705	90
7706	86
7707	103
7708	76
7709	88
7710	86
7711	100
7712	76
7713	88
7714	80
7715	97
7716	81
7717	73
7718	86
7719	95
7720	77
7721	90
7722	83
7723	77
7724	76
7725	79
7726	75
7727	83
7728	73
7729	70
7730	71
7731	75
7732	70
7733	71
7734	63
7735	78
7736	79
7737	78
7738	81
7739	65
7740	76
7741	69
7742	67
7743	75
7744	74
7745	71
7746	78
7747	55
7748	61
7749	79
7750	72
7751	69
7752	71
7753	69
7754	64
7755	72
7756	73
7757	51
7758	61
7759	64
7760	66
7761	67
7762	55
7763	64
7764	45
7765	66
7766	52
7767	57
7768	74
7769	58
7770	51
7771	61
7772	60
7773	55
7774	55
7775	49
7776	52
7777	48
7778	58
7779	41
7780	58
7781	52
7782	51
7783	51
7784	63
7785	50
7786	58
7787	39
7788	62
7789	59
7790	48
7791	54
7792	65
7793	56
7794	58
7795	52
7796	52
7797	50
7798	57
7799	47
7800	61
7801	61
7802	37
7803	56
7804	42
7805	60
7806	46
7807	38
7808	56
7809	53
7810	43
7811	46
7812	47
7813	45
7814	53
7815	45
7816	47
7817	46
7818	53
7819	40
7820	46
7821	48
7822	37
7823	48
7824	40
7825	45
7826	43
7827	47
7828	53
7829	37
7830	39
7831	42
7832	41
7833	32
7834	31
7835	50
7836	46
7837	45
7838	54
7839	36
7840	42
7841	31
7842	35
7843	35
7844	30
7845	29
7846	41
7847	41
7848	37
7849	36
7850	39
7851	43
7852	42
7853	26
7854	32
7855	27
7856	46
7857	42
7858	37
7859	19
7860	26
7861	38
7862	44
7863	34
7864	36
7865	29
7866	26
7867	26
7868	34
7869	31
7870	33
7871	48
7872	34
7873	39
7874	41
7875	24
7876	29
7877	34
7878	21
7879	36
7880	29
7881	27
7882	32
7883	32
7884	35
7885	37
7886	26
7887	20
7888	25
7889	30
7890	35
7891	27
7892	28
7893	23
7894	29
7895	28
7896	24
7897	24
7898	22
7899	26
7900	24
7901	22
7902	27
7903	35
7904	23
7905	26
7906	19
7907	25
7908	21
7909	23
7910	28
7911	30
7912	19
7913	26
7914	19
7915	21
7916	26
7917	23
7918	23
7919	21
7920	25
7921	17
7922	23
7923	20
7924	31
7925	37
7926	27
7927	18
7928	16
7929	35
7930	22
7931	27
7932	21
7933	21
7934	25
7935	19
7936	20
7937	27
7938	26
7939	15
7940	25
7941	27
7942	23
7943	18
7944	23
7945	19
7946	20
7947	22
7948	15
7949	20
7950	20
7951	21
7952	15
7953	16
7954	12
7955	16
7956	22
7957	18
7958	18
7959	15
7960	28
7961	22
7962	17
7963	14
7964	22
7965	13
7966	14
7967	17
7968	13
7969	26
7970	29
7971	22
7972	20
7973	21
7974	23
7975	18
7976	19
7977	13
7978	19
7979	14
7980	13
7981	24
7982	20
7983	19
7984	13
7985	14
7986	12
7987	21
7988	13
7989	20
7990	15
7991	18
7992	20
7993	11
7994	19
7995	21
7996	9
7997	17
7998	13
7999	16
8000	20
8001	21
8002	8
8003	12
8004	14
8005	11
8006	16
8007	13
8008	18
8009	17
8010	14
8011	18
8012	21
8013	15
8014	18
8015	9
8016	12
8017	14
8018	14
8019	17
8020	17
8021	19
8022	15
8023	22
8024	16
8025	15
8026	12
8027	9
8028	18
8029	8
8030	8
8031	15
8032	15
8033	10
8034	20
8035	16
8036	12
8037	15
8038	10
8039	11
8040	13
8041	14
8042	11
8043	14
8044	9
8045	10
8046	14
8047	11
8048	12
8049	13
8050	12
8051	13
8052	10
8053	13
8054	11
8055	11
8056	18
8057	14
8058	6
8059	17
8060	12
8061	11
8062	7
8063	21
8064	17
8065	14
8066	16
8067	16
8068	15
8069	10
8070	14
8071	15
8072	14
8073	12
8074	16
8075	16
8076	6
8077	11
8078	10
8079	14
8080	12
8081	12
8082	10
8083	9
8084	8
8085	13
8086	9
8087	13
8088	7
8089	6
8090	6
8091	2
8092	0
8093	0
8094	0
8095	0
8096	0
8097	0
8098	0
8099	0
8100	0
8101	0
8102	0
8103	0
8104	0
8105	0
8106	0
8107	0
8108	0
8109	0
8110	0
8111	0
8112	0
8113	0
8114	0
8115	0
8116	0
8117	0
8118	0
8119	0
8120	0
8121	0
8122	0
8123	0
8124	0
8125	0
8126	0
8127	0
8128	0
8129	0
8130	0
8131	0
8132	0
8133	0
8134	0
8135	0
8136	0
8137	0
8138	0
8139	0
8140	0
8141	0
8142	0
8143	0
8144	0
8145	0
8146	0
8147	0
8148	0
8149	0
8150	0
8151	0
8152	0
8153	0
8154	0
8155	0
8156	0
8157	0
8158	0
8159	0
8160	0
8161	0
8162	0
8163	0
8164	0
8165	0
8166	0
8167	0
8168	0
8169	0
8170	0
8171	0
8172	0
8173	0
8174	0
8175	0
8176	0
8177	0
8178	0
8179	0
8180	0
8181	0
8182	0
8183	0
8184	0
8185	0
8186	0
8187	0
8188	0
8189	0
8190	0
8191	0
