0	0
1	0
2	0
3	0
4	0
5	0
6	0
7	0
8	0
9	0
10	0
11	0
12	0
13	0
14	0
15	0
16	0
17	0
18	0
19	0
20	0
21	0
22	0
23	0
24	0
25	0
26	0
27	0
28	0
29	0
30	0
31	0
32	0
33	0
34	0
35	0
36	0
37	0
38	0
39	0
40	0
41	0
42	0
43	0
44	0
45	0
46	0
47	0
48	0
49	0
50	0
51	0
52	0
53	0
54	0
55	0
56	0
57	0
58	0
59	0
60	0
61	0
62	0
63	0
64	1
65	1
66	1
67	1
68	0
69	5
70	10
71	34
72	64
73	65
74	58
75	67
76	44
77	50
78	64
79	58
80	59
81	79
82	68
83	66
84	45
85	57
86	53
87	64
88	69
89	69
90	65
91	63
92	71
93	60
94	67
95	54
96	74
97	68
98	52
99	64
100	60
101	57
102	54
103	74
104	56
105	57
106	78
107	59
108	66
109	55
110	52
111	51
112	73
113	78
114	67
115	66
116	58
117	66
118	49
119	51
120	58
121	61
122	71
123	66
124	63
125	64
126	65
127	72
128	66
129	53
130	72
131	64
132	57
133	81
134	68
135	70
136	61
137	70
138	56
139	58
140	65
141	66
142	71
143	58
144	74
145	65
146	72
147	69
148	74
149	81
150	84
151	74
152	82
153	66
154	71
155	69
156	74
157	75
158	68
159	68
160	75
161	80
162	87
163	69
164	82
165	81
166	80
167	87
168	75
169	87
170	105
171	85
172	64
173	97
174	95
175	84
176	75
177	76
178	83
179	99
180	96
181	92
182	89
183	114
184	94
185	115
186	126
187	103
188	105
189	115
190	104
191	105
192	103
193	131
194	107
195	111
196	110
197	138
198	116
199	127
200	136
201	115
202	147
203	164
204	132
205	147
206	137
207	140
208	151
209	161
210	151
211	159
212	154
213	149
214	150
215	166
216	157
217	160
218	142
219	176
220	157
221	179
222	203
223	186
224	194
225	188
226	195
227	197
228	196
229	201
230	190
231	198
232	208
233	175
234	211
235	225
236	177
237	208
238	230
239	221
240	229
241	230
242	184
243	229
244	246
245	248
246	220
247	261
248	258
249	244
250	252
251	248
252	270
253	270
254	236
255	268
256	285
257	269
258	290
259	299
260	269
261	314
262	281
263	312
264	313
265	310
266	308
267	291
268	318
269	334
270	322
271	320
272	344
273	326
274	340
275	352
276	367
277	305
278	336
279	369
280	375
281	391
282	352
283	390
284	396
285	354
286	380
287	403
288	377
289	412
290	430
291	428
292	404
293	393
294	421
295	439
296	472
297	467
298	457
299	461
300	455
301	422
302	491
303	460
304	488
305	530
306	501
307	561
308	539
309	589
310	610
311	620
312	559
313	681
314	668
315	665
316	693
317	702
318	742
319	782
320	747
321	813
322	821
323	844
324	895
325	921
326	975
327	980
328	960
329	1032
330	1129
331	1153
332	1144
333	1174
334	1248
335	1292
336	1313
337	1438
338	1489
339	1480
340	1537
341	1582
342	1704
343	1733
344	1835
345	1925
346	1975
347	2077
348	2151
349	2182
350	2270
351	2413
352	2567
353	2553
354	2590
355	2717
356	2870
357	2912
358	2994
359	3185
360	3267
361	3252
362	3349
363	3534
364	3641
365	3745
366	3826
367	3836
368	4029
369	4139
370	4298
371	4291
372	4468
373	4503
374	4724
375	4754
376	4775
377	4953
378	5000
379	5237
380	5243
381	5248
382	5237
383	5251
384	5376
385	5516
386	5630
387	5515
388	5713
389	5672
390	5738
391	5647
392	5646
393	5741
394	5748
395	5653
396	5894
397	5886
398	5788
399	5699
400	5784
401	5750
402	5581
403	5676
404	5558
405	5632
406	5344
407	5450
408	5329
409	5192
410	5295
411	5215
412	5167
413	4927
414	4963
415	4852
416	4579
417	4628
418	4564
419	4519
420	4337
421	4280
422	4156
423	4132
424	3921
425	3889
426	3867
427	3748
428	3622
429	3517
430	3428
431	3396
432	3188
433	3103
434	3004
435	2939
436	2843
437	2813
438	2750
439	2720
440	2545
441	2553
442	2465
443	2369
444	2316
445	2268
446	2203
447	2069
448	1967
449	1973
450	1950
451	1895
452	1820
453	1803
454	1701
455	1687
456	1651
457	1677
458	1576
459	1478
460	1493
461	1471
462	1440
463	1325
464	1349
465	1296
466	1245
467	1278
468	1237
469	1112
470	1108
471	1170
472	1049
473	1075
474	1043
475	966
476	966
477	990
478	895
479	906
480	882
481	877
482	851
483	823
484	833
485	784
486	763
487	751
488	701
489	731
490	700
491	690
492	640
493	686
494	614
495	667
496	582
497	548
498	531
499	503
500	548
501	499
502	467
503	481
504	468
505	430
506	449
507	405
508	424
509	406
510	363
511	337
512	335
513	366
514	320
515	304
516	324
517	303
518	267
519	268
520	276
521	288
522	237
523	233
524	230
525	228
526	211
527	237
528	195
529	188
530	199
531	183
532	189
533	162
534	187
535	164
536	160
537	174
538	173
539	149
540	144
541	139
542	132
543	144
544	136
545	128
546	126
547	123
548	127
549	132
550	108
551	113
552	124
553	104
554	115
555	127
556	116
557	119
558	132
559	112
560	111
561	132
562	103
563	110
564	111
565	103
566	101
567	101
568	117
569	112
570	105
571	114
572	99
573	107
574	119
575	117
576	115
577	113
578	97
579	109
580	139
581	113
582	97
583	94
584	116
585	100
586	115
587	110
588	124
589	118
590	120
591	123
592	113
593	113
594	115
595	100
596	126
597	117
598	124
599	128
600	125
601	129
602	101
603	130
604	114
605	110
606	116
607	124
608	144
609	116
610	119
611	140
612	121
613	116
614	141
615	118
616	131
617	134
618	158
619	132
620	124
621	132
622	135
623	152
624	137
625	124
626	140
627	133
628	142
629	142
630	155
631	150
632	133
633	144
634	161
635	149
636	166
637	171
638	162
639	141
640	138
641	154
642	162
643	144
644	149
645	164
646	177
647	149
648	154
649	159
650	155
651	186
652	159
653	171
654	178
655	169
656	164
657	169
658	196
659	182
660	173
661	203
662	161
663	181
664	195
665	180
666	197
667	180
668	193
669	222
670	181
671	201
672	194
673	189
674	204
675	172
676	199
677	199
678	223
679	199
680	188
681	208
682	234
683	240
684	209
685	210
686	205
687	225
688	206
689	224
690	210
691	203
692	216
693	230
694	253
695	228
696	227
697	214
698	233
699	201
700	231
701	237
702	246
703	218
704	253
705	255
706	218
707	228
708	251
709	234
710	251
711	211
712	250
713	248
714	213
715	237
716	222
717	246
718	233
719	283
720	263
721	257
722	254
723	267
724	231
725	235
726	280
727	269
728	261
729	270
730	260
731	257
732	258
733	254
734	248
735	276
736	246
737	266
738	252
739	220
740	234
741	234
742	246
743	236
744	255
745	226
746	246
747	273
748	274
749	273
750	267
751	275
752	245
753	246
754	259
755	236
756	234
757	266
758	241
759	243
760	196
761	282
762	259
763	236
764	284
765	252
766	224
767	257
768	251
769	248
770	213
771	254
772	257
773	252
774	247
775	233
776	255
777	229
778	243
779	230
780	214
781	252
782	229
783	246
784	228
785	222
786	234
787	215
788	212
789	222
790	202
791	232
792	248
793	221
794	240
795	203
796	223
797	205
798	220
799	226
800	202
801	240
802	220
803	214
804	228
805	230
806	181
807	242
808	227
809	210
810	249
811	235
812	215
813	242
814	224
815	223
816	204
817	251
818	235
819	237
820	236
821	235
822	222
823	205
824	224
825	247
826	272
827	245
828	251
829	263
830	237
831	247
832	273
833	260
834	260
835	250
836	259
837	258
838	266
839	257
840	306
841	282
842	268
843	287
844	291
845	302
846	274
847	307
848	276
849	302
850	346
851	327
852	323
853	308
854	320
855	353
856	329
857	352
858	339
859	324
860	338
861	343
862	320
863	375
864	334
865	384
866	330
867	359
868	367
869	393
870	368
871	387
872	364
873	353
874	390
875	413
876	379
877	373
878	413
879	376
880	427
881	430
882	441
883	414
884	411
885	394
886	414
887	412
888	430
889	413
890	443
891	441
892	445
893	419
894	435
895	415
896	429
897	432
898	436
899	430
900	423
901	429
902	397
903	422
904	430
905	409
906	435
907	426
908	426
909	422
910	434
911	446
912	431
913	421
914	421
915	416
916	437
917	445
918	402
919	439
920	438
921	396
922	423
923	410
924	413
925	393
926	414
927	356
928	404
929	361
930	403
931	373
932	386
933	413
934	405
935	368
936	399
937	386
938	364
939	417
940	349
941	334
942	366
943	335
944	392
945	381
946	363
947	352
948	359
949	345
950	328
951	350
952	348
953	350
954	322
955	338
956	331
957	330
958	306
959	298
960	325
961	334
962	280
963	293
964	317
965	323
966	307
967	273
968	330
969	278
970	327
971	271
972	315
973	293
974	311
975	279
976	284
977	298
978	304
979	296
980	257
981	262
982	261
983	278
984	232
985	290
986	265
987	275
988	270
989	272
990	246
991	208
992	255
993	268
994	242
995	246
996	242
997	213
998	228
999	247
1000	238
1001	241
1002	243
1003	233
1004	249
1005	231
1006	228
1007	269
1008	243
1009	223
1010	220
1011	212
1012	234
1013	228
1014	237
1015	228
1016	235
1017	210
1018	265
1019	245
1020	203
1021	231
1022	236
1023	256
1024	216
1025	226
1026	255
1027	265
1028	248
1029	249
1030	237
1031	259
1032	240
1033	277
1034	254
1035	251
1036	255
1037	275
1038	273
1039	288
1040	260
1041	280
1042	243
1043	281
1044	315
1045	288
1046	291
1047	307
1048	304
1049	312
1050	283
1051	303
1052	273
1053	294
1054	284
1055	341
1056	332
1057	355
1058	325
1059	354
1060	314
1061	350
1062	358
1063	356
1064	341
1065	332
1066	378
1067	365
1068	347
1069	409
1070	409
1071	388
1072	385
1073	412
1074	385
1075	423
1076	411
1077	432
1078	471
1079	420
1080	445
1081	464
1082	465
1083	464
1084	477
1085	520
1086	456
1087	473
1088	497
1089	542
1090	531
1091	557
1092	559
1093	576
1094	579
1095	587
1096	524
1097	605
1098	606
1099	585
1100	659
1101	606
1102	646
1103	673
1104	679
1105	690
1106	676
1107	694
1108	699
1109	696
1110	705
1111	761
1112	767
1113	813
1114	789
1115	825
1116	794
1117	860
1118	827
1119	828
1120	878
1121	874
1122	878
1123	923
1124	946
1125	927
1126	950
1127	983
1128	975
1129	1040
1130	992
1131	992
1132	1079
1133	1044
1134	1082
1135	1088
1136	1133
1137	1117
1138	1154
1139	1103
1140	1234
1141	1144
1142	1147
1143	1186
1144	1254
1145	1230
1146	1292
1147	1240
1148	1306
1149	1271
1150	1337
1151	1327
1152	1362
1153	1441
1154	1413
1155	1355
1156	1456
1157	1393
1158	1377
1159	1373
1160	1390
1161	1357
1162	1365
1163	1402
1164	1490
1165	1461
1166	1482
1167	1474
1168	1506
1169	1489
1170	1512
1171	1433
1172	1563
1173	1471
1174	1517
1175	1491
1176	1504
1177	1508
1178	1494
1179	1536
1180	1551
1181	1533
1182	1485
1183	1510
1184	1491
1185	1539
1186	1510
1187	1586
1188	1507
1189	1450
1190	1517
1191	1489
1192	1448
1193	1567
1194	1430
1195	1440
1196	1508
1197	1487
1198	1482
1199	1437
1200	1345
1201	1399
1202	1358
1203	1343
1204	1362
1205	1366
1206	1298
1207	1327
1208	1288
1209	1277
1210	1314
1211	1222
1212	1292
1213	1273
1214	1207
1215	1308
1216	1185
1217	1170
1218	1165
1219	1142
1220	1145
1221	1100
1222	1120
1223	1057
1224	1042
1225	1065
1226	989
1227	1081
1228	993
1229	1035
1230	975
1231	969
1232	914
1233	917
1234	945
1235	840
1236	924
1237	900
1238	873
1239	817
1240	829
1241	796
1242	772
1243	746
1244	747
1245	714
1246	730
1247	641
1248	665
1249	652
1250	690
1251	647
1252	617
1253	615
1254	617
1255	589
1256	586
1257	528
1258	534
1259	517
1260	538
1261	511
1262	471
1263	483
1264	453
1265	444
1266	417
1267	400
1268	441
1269	413
1270	399
1271	418
1272	377
1273	352
1274	360
1275	333
1276	320
1277	330
1278	308
1279	293
1280	339
1281	288
1282	275
1283	257
1284	262
1285	265
1286	255
1287	232
1288	276
1289	259
1290	245
1291	222
1292	227
1293	220
1294	229
1295	200
1296	214
1297	200
1298	190
1299	186
1300	189
1301	160
1302	194
1303	170
1304	172
1305	173
1306	155
1307	157
1308	152
1309	136
1310	162
1311	161
1312	158
1313	128
1314	154
1315	154
1316	139
1317	120
1318	123
1319	147
1320	121
1321	126
1322	119
1323	133
1324	112
1325	115
1326	122
1327	95
1328	104
1329	128
1330	123
1331	125
1332	107
1333	125
1334	121
1335	117
1336	108
1337	111
1338	109
1339	116
1340	105
1341	106
1342	95
1343	91
1344	108
1345	125
1346	86
1347	94
1348	115
1349	102
1350	85
1351	92
1352	83
1353	94
1354	96
1355	96
1356	111
1357	94
1358	99
1359	94
1360	94
1361	98
1362	97
1363	105
1364	96
1365	100
1366	79
1367	81
1368	93
1369	94
1370	100
1371	95
1372	83
1373	71
1374	92
1375	108
1376	91
1377	86
1378	85
1379	90
1380	80
1381	91
1382	96
1383	103
1384	93
1385	81
1386	93
1387	92
1388	86
1389	102
1390	97
1391	82
1392	108
1393	103
1394	100
1395	71
1396	89
1397	102
1398	104
1399	99
1400	79
1401	87
1402	83
1403	115
1404	100
1405	71
1406	80
1407	96
1408	94
1409	105
1410	85
1411	114
1412	89
1413	81
1414	99
1415	92
1416	84
1417	91
1418	79
1419	85
1420	80
1421	107
1422	96
1423	97
1424	114
1425	103
1426	90
1427	90
1428	90
1429	85
1430	92
1431	91
1432	86
1433	84
1434	105
1435	87
1436	102
1437	105
1438	83
1439	93
1440	84
1441	103
1442	104
1443	93
1444	88
1445	90
1446	103
1447	88
1448	81
1449	96
1450	82
1451	76
1452	87
1453	95
1454	103
1455	98
1456	111
1457	103
1458	92
1459	72
1460	96
1461	104
1462	84
1463	114
1464	103
1465	101
1466	99
1467	85
1468	87
1469	101
1470	87
1471	91
1472	94
1473	95
1474	97
1475	86
1476	98
1477	104
1478	95
1479	99
1480	89
1481	103
1482	86
1483	99
1484	104
1485	114
1486	104
1487	111
1488	100
1489	98
1490	94
1491	92
1492	98
1493	105
1494	108
1495	94
1496	101
1497	102
1498	84
1499	96
1500	99
1501	106
1502	86
1503	92
1504	100
1505	81
1506	94
1507	135
1508	101
1509	126
1510	102
1511	111
1512	119
1513	109
1514	104
1515	100
1516	94
1517	106
1518	93
1519	105
1520	88
1521	114
1522	92
1523	112
1524	100
1525	105
1526	117
1527	115
1528	105
1529	124
1530	117
1531	118
1532	119
1533	115
1534	103
1535	113
1536	111
1537	118
1538	101
1539	117
1540	108
1541	127
1542	113
1543	131
1544	115
1545	135
1546	118
1547	123
1548	110
1549	112
1550	109
1551	116
1552	116
1553	112
1554	125
1555	107
1556	105
1557	135
1558	146
1559	129
1560	134
1561	138
1562	132
1563	130
1564	128
1565	135
1566	133
1567	158
1568	133
1569	126
1570	123
1571	118
1572	124
1573	162
1574	138
1575	143
1576	140
1577	129
1578	149
1579	133
1580	123
1581	142
1582	151
1583	148
1584	173
1585	140
1586	146
1587	160
1588	153
1589	155
1590	156
1591	154
1592	158
1593	155
1594	152
1595	167
1596	168
1597	153
1598	145
1599	161
1600	167
1601	176
1602	180
1603	176
1604	172
1605	176
1606	183
1607	190
1608	188
1609	197
1610	195
1611	146
1612	186
1613	188
1614	180
1615	180
1616	184
1617	188
1618	173
1619	187
1620	195
1621	189
1622	217
1623	207
1624	214
1625	217
1626	221
1627	194
1628	198
1629	189
1630	207
1631	190
1632	235
1633	209
1634	212
1635	191
1636	224
1637	227
1638	229
1639	222
1640	217
1641	236
1642	226
1643	232
1644	261
1645	215
1646	264
1647	218
1648	228
1649	250
1650	248
1651	242
1652	254
1653	242
1654	253
1655	221
1656	243
1657	255
1658	245
1659	256
1660	257
1661	240
1662	260
1663	268
1664	268
1665	247
1666	240
1667	249
1668	251
1669	279
1670	262
1671	254
1672	272
1673	254
1674	268
1675	282
1676	265
1677	256
1678	286
1679	225
1680	263
1681	272
1682	248
1683	245
1684	268
1685	265
1686	258
1687	233
1688	252
1689	285
1690	267
1691	247
1692	279
1693	238
1694	261
1695	251
1696	232
1697	275
1698	265
1699	272
1700	242
1701	242
1702	260
1703	257
1704	240
1705	222
1706	268
1707	235
1708	228
1709	259
1710	246
1711	266
1712	248
1713	263
1714	224
1715	239
1716	237
1717	254
1718	229
1719	215
1720	221
1721	232
1722	232
1723	234
1724	257
1725	229
1726	242
1727	215
1728	227
1729	224
1730	200
1731	206
1732	196
1733	200
1734	202
1735	232
1736	218
1737	229
1738	228
1739	197
1740	205
1741	206
1742	207
1743	220
1744	182
1745	187
1746	189
1747	192
1748	183
1749	199
1750	175
1751	198
1752	181
1753	153
1754	179
1755	183
1756	179
1757	174
1758	168
1759	151
1760	175
1761	188
1762	161
1763	165
1764	173
1765	159
1766	163
1767	140
1768	145
1769	159
1770	125
1771	145
1772	150
1773	149
1774	148
1775	117
1776	158
1777	131
1778	125
1779	139
1780	125
1781	135
1782	136
1783	121
1784	127
1785	120
1786	147
1787	155
1788	125
1789	118
1790	123
1791	109
1792	114
1793	120
1794	117
1795	109
1796	129
1797	139
1798	128
1799	138
1800	122
1801	107
1802	122
1803	125
1804	110
1805	110
1806	110
1807	117
1808	113
1809	109
1810	107
1811	100
1812	125
1813	110
1814	90
1815	94
1816	110
1817	104
1818	94
1819	101
1820	99
1821	88
1822	97
1823	96
1824	100
1825	83
1826	103
1827	101
1828	92
1829	86
1830	83
1831	98
1832	105
1833	83
1834	92
1835	84
1836	69
1837	94
1838	90
1839	92
1840	73
1841	86
1842	85
1843	100
1844	83
1845	84
1846	77
1847	95
1848	78
1849	70
1850	99
1851	89
1852	86
1853	89
1854	101
1855	89
1856	82
1857	90
1858	83
1859	74
1860	70
1861	95
1862	92
1863	72
1864	90
1865	70
1866	82
1867	67
1868	82
1869	79
1870	88
1871	84
1872	76
1873	59
1874	82
1875	62
1876	80
1877	72
1878	83
1879	96
1880	77
1881	106
1882	82
1883	77
1884	90
1885	82
1886	76
1887	79
1888	73
1889	68
1890	88
1891	92
1892	75
1893	84
1894	74
1895	84
1896	71
1897	78
1898	76
1899	93
1900	92
1901	78
1902	70
1903	91
1904	64
1905	72
1906	72
1907	85
1908	88
1909	71
1910	84
1911	69
1912	76
1913	87
1914	75
1915	73
1916	77
1917	71
1918	71
1919	72
1920	85
1921	66
1922	85
1923	80
1924	82
1925	79
1926	78
1927	80
1928	64
1929	75
1930	73
1931	87
1932	73
1933	94
1934	77
1935	98
1936	76
1937	84
1938	75
1939	91
1940	80
1941	92
1942	85
1943	78
1944	86
1945	74
1946	90
1947	84
1948	91
1949	80
1950	72
1951	83
1952	102
1953	94
1954	95
1955	85
1956	76
1957	75
1958	88
1959	89
1960	87
1961	78
1962	93
1963	80
1964	79
1965	90
1966	81
1967	75
1968	94
1969	88
1970	85
1971	81
1972	93
1973	80
1974	76
1975	91
1976	76
1977	82
1978	98
1979	100
1980	91
1981	76
1982	84
1983	94
1984	82
1985	102
1986	83
1987	83
1988	74
1989	93
1990	106
1991	90
1992	97
1993	100
1994	83
1995	105
1996	86
1997	99
1998	96
1999	99
2000	81
2001	95
2002	85
2003	94
2004	84
2005	78
2006	99
2007	94
2008	85
2009	94
2010	88
2011	111
2012	95
2013	99
2014	96
2015	90
2016	91
2017	87
2018	97
2019	83
2020	95
2021	103
2022	95
2023	88
2024	112
2025	126
2026	96
2027	100
2028	85
2029	95
2030	93
2031	119
2032	91
2033	92
2034	82
2035	101
2036	93
2037	82
2038	77
2039	97
2040	108
2041	90
2042	109
2043	100
2044	114
2045	93
2046	118
2047	86
2048	96
2049	92
2050	82
2051	84
2052	103
2053	96
2054	89
2055	109
2056	110
2057	95
2058	84
2059	91
2060	97
2061	80
2062	105
2063	98
2064	104
2065	105
2066	95
2067	110
2068	89
2069	114
2070	111
2071	108
2072	118
2073	112
2074	94
2075	116
2076	81
2077	100
2078	102
2079	93
2080	92
2081	95
2082	104
2083	118
2084	98
2085	100
2086	116
2087	115
2088	113
2089	110
2090	115
2091	103
2092	99
2093	92
2094	103
2095	101
2096	110
2097	106
2098	104
2099	110
2100	109
2101	106
2102	116
2103	104
2104	107
2105	103
2106	103
2107	87
2108	123
2109	136
2110	111
2111	108
2112	119
2113	88
2114	104
2115	107
2116	114
2117	103
2118	99
2119	110
2120	127
2121	125
2122	112
2123	114
2124	104
2125	95
2126	103
2127	107
2128	110
2129	114
2130	90
2131	115
2132	106
2133	108
2134	96
2135	100
2136	104
2137	116
2138	119
2139	102
2140	112
2141	112
2142	122
2143	105
2144	112
2145	118
2146	120
2147	109
2148	96
2149	93
2150	104
2151	107
2152	121
2153	122
2154	102
2155	120
2156	122
2157	126
2158	116
2159	126
2160	116
2161	100
2162	124
2163	77
2164	111
2165	119
2166	125
2167	129
2168	117
2169	113
2170	120
2171	104
2172	119
2173	105
2174	120
2175	142
2176	118
2177	135
2178	122
2179	130
2180	111
2181	122
2182	129
2183	108
2184	123
2185	129
2186	132
2187	116
2188	126
2189	123
2190	126
2191	110
2192	117
2193	118
2194	124
2195	143
2196	117
2197	104
2198	123
2199	125
2200	119
2201	124
2202	115
2203	137
2204	120
2205	120
2206	105
2207	117
2208	125
2209	101
2210	120
2211	136
2212	133
2213	130
2214	122
2215	121
2216	125
2217	112
2218	119
2219	118
2220	117
2221	130
2222	121
2223	138
2224	102
2225	135
2226	134
2227	129
2228	135
2229	125
2230	127
2231	108
2232	112
2233	102
2234	111
2235	123
2236	107
2237	123
2238	112
2239	127
2240	122
2241	120
2242	128
2243	120
2244	133
2245	109
2246	142
2247	139
2248	138
2249	138
2250	116
2251	123
2252	112
2253	108
2254	140
2255	111
2256	132
2257	114
2258	141
2259	107
2260	107
2261	122
2262	102
2263	146
2264	107
2265	115
2266	134
2267	121
2268	112
2269	125
2270	134
2271	114
2272	132
2273	117
2274	104
2275	111
2276	107
2277	130
2278	132
2279	127
2280	125
2281	116
2282	119
2283	136
2284	122
2285	135
2286	124
2287	120
2288	121
2289	110
2290	121
2291	130
2292	132
2293	136
2294	102
2295	106
2296	110
2297	110
2298	115
2299	118
2300	127
2301	115
2302	125
2303	116
2304	124
2305	117
2306	120
2307	110
2308	131
2309	112
2310	109
2311	130
2312	120
2313	116
2314	111
2315	108
2316	102
2317	123
2318	92
2319	140
2320	113
2321	111
2322	109
2323	129
2324	131
2325	98
2326	106
2327	113
2328	111
2329	104
2330	110
2331	130
2332	107
2333	120
2334	119
2335	109
2336	108
2337	105
2338	118
2339	111
2340	135
2341	123
2342	94
2343	101
2344	101
2345	110
2346	113
2347	119
2348	121
2349	103
2350	122
2351	118
2352	118
2353	113
2354	132
2355	118
2356	110
2357	122
2358	114
2359	110
2360	106
2361	119
2362	108
2363	121
2364	125
2365	115
2366	100
2367	104
2368	125
2369	114
2370	104
2371	101
2372	110
2373	111
2374	104
2375	102
2376	96
2377	88
2378	89
2379	107
2380	104
2381	123
2382	109
2383	149
2384	104
2385	101
2386	115
2387	108
2388	115
2389	136
2390	122
2391	112
2392	115
2393	100
2394	99
2395	102
2396	105
2397	125
2398	110
2399	100
2400	112
2401	125
2402	113
2403	106
2404	81
2405	104
2406	103
2407	99
2408	117
2409	92
2410	105
2411	107
2412	100
2413	100
2414	99
2415	93
2416	102
2417	116
2418	118
2419	100
2420	98
2421	101
2422	114
2423	103
2424	119
2425	121
2426	90
2427	91
2428	108
2429	96
2430	114
2431	96
2432	100
2433	97
2434	96
2435	114
2436	103
2437	95
2438	111
2439	93
2440	96
2441	96
2442	99
2443	91
2444	105
2445	91
2446	91
2447	95
2448	98
2449	93
2450	108
2451	87
2452	93
2453	101
2454	105
2455	74
2456	97
2457	98
2458	87
2459	107
2460	92
2461	82
2462	94
2463	105
2464	91
2465	116
2466	89
2467	84
2468	90
2469	92
2470	102
2471	107
2472	96
2473	97
2474	90
2475	107
2476	90
2477	88
2478	96
2479	92
2480	92
2481	100
2482	83
2483	92
2484	107
2485	83
2486	92
2487	95
2488	95
2489	100
2490	92
2491	102
2492	72
2493	81
2494	87
2495	94
2496	108
2497	106
2498	84
2499	91
2500	86
2501	91
2502	94
2503	110
2504	91
2505	83
2506	79
2507	105
2508	105
2509	104
2510	91
2511	88
2512	89
2513	85
2514	82
2515	93
2516	80
2517	94
2518	75
2519	88
2520	100
2521	81
2522	75
2523	91
2524	99
2525	90
2526	98
2527	78
2528	100
2529	82
2530	81
2531	90
2532	93
2533	92
2534	93
2535	85
2536	77
2537	81
2538	92
2539	99
2540	85
2541	103
2542	81
2543	93
2544	105
2545	77
2546	77
2547	87
2548	90
2549	71
2550	81
2551	76
2552	89
2553	77
2554	94
2555	82
2556	82
2557	65
2558	92
2559	66
2560	79
2561	84
2562	71
2563	74
2564	84
2565	83
2566	86
2567	100
2568	70
2569	80
2570	80
2571	65
2572	83
2573	84
2574	87
2575	92
2576	85
2577	88
2578	88
2579	73
2580	73
2581	87
2582	89
2583	84
2584	80
2585	105
2586	83
2587	68
2588	78
2589	82
2590	82
2591	80
2592	77
2593	79
2594	76
2595	91
2596	78
2597	94
2598	90
2599	62
2600	80
2601	77
2602	83
2603	90
2604	76
2605	85
2606	66
2607	107
2608	75
2609	91
2610	79
2611	91
2612	77
2613	79
2614	68
2615	75
2616	69
2617	78
2618	71
2619	82
2620	77
2621	78
2622	79
2623	77
2624	67
2625	73
2626	96
2627	75
2628	86
2629	80
2630	82
2631	90
2632	86
2633	80
2634	96
2635	82
2636	87
2637	79
2638	90
2639	70
2640	67
2641	72
2642	61
2643	83
2644	78
2645	72
2646	81
2647	86
2648	62
2649	68
2650	92
2651	79
2652	84
2653	95
2654	92
2655	80
2656	80
2657	70
2658	69
2659	77
2660	64
2661	86
2662	86
2663	60
2664	72
2665	88
2666	72
2667	78
2668	80
2669	73
2670	90
2671	72
2672	76
2673	70
2674	86
2675	63
2676	80
2677	70
2678	66
2679	77
2680	73
2681	64
2682	78
2683	80
2684	73
2685	95
2686	73
2687	78
2688	65
2689	75
2690	81
2691	86
2692	61
2693	67
2694	62
2695	76
2696	67
2697	75
2698	68
2699	85
2700	80
2701	65
2702	87
2703	71
2704	69
2705	77
2706	85
2707	89
2708	92
2709	78
2710	87
2711	72
2712	69
2713	50
2714	78
2715	84
2716	72
2717	66
2718	74
2719	82
2720	77
2721	66
2722	78
2723	76
2724	69
2725	72
2726	56
2727	83
2728	75
2729	76
2730	81
2731	78
2732	76
2733	70
2734	70
2735	64
2736	77
2737	84
2738	85
2739	81
2740	77
2741	73
2742	58
2743	72
2744	83
2745	65
2746	76
2747	60
2748	78
2749	77
2750	59
2751	68
2752	65
2753	84
2754	74
2755	64
2756	72
2757	85
2758	82
2759	72
2760	73
2761	87
2762	75
2763	82
2764	64
2765	89
2766	74
2767	86
2768	67
2769	57
2770	68
2771	71
2772	94
2773	81
2774	90
2775	82
2776	53
2777	68
2778	70
2779	64
2780	84
2781	73
2782	57
2783	69
2784	71
2785	70
2786	70
2787	60
2788	73
2789	64
2790	70
2791	73
2792	69
2793	83
2794	69
2795	71
2796	70
2797	62
2798	71
2799	75
2800	63
2801	80
2802	68
2803	69
2804	57
2805	59
2806	75
2807	72
2808	70
2809	64
2810	67
2811	70
2812	74
2813	83
2814	61
2815	76
2816	61
2817	75
2818	72
2819	53
2820	82
2821	76
2822	65
2823	73
2824	46
2825	70
2826	71
2827	71
2828	63
2829	76
2830	73
2831	86
2832	77
2833	76
2834	54
2835	67
2836	60
2837	63
2838	64
2839	56
2840	66
2841	73
2842	63
2843	61
2844	61
2845	81
2846	69
2847	57
2848	81
2849	73
2850	62
2851	59
2852	55
2853	53
2854	66
2855	67
2856	64
2857	71
2858	61
2859	58
2860	62
2861	68
2862	77
2863	78
2864	52
2865	61
2866	47
2867	56
2868	60
2869	63
2870	74
2871	62
2872	82
2873	66
2874	42
2875	76
2876	63
2877	64
2878	60
2879	67
2880	59
2881	56
2882	57
2883	56
2884	61
2885	66
2886	65
2887	78
2888	63
2889	57
2890	77
2891	59
2892	66
2893	63
2894	71
2895	67
2896	78
2897	66
2898	50
2899	72
2900	68
2901	71
2902	83
2903	48
2904	51
2905	65
2906	68
2907	60
2908	60
2909	50
2910	68
2911	69
2912	71
2913	65
2914	47
2915	60
2916	68
2917	52
2918	64
2919	74
2920	62
2921	65
2922	51
2923	66
2924	62
2925	50
2926	50
2927	52
2928	52
2929	57
2930	48
2931	68
2932	56
2933	58
2934	55
2935	53
2936	46
2937	53
2938	55
2939	48
2940	64
2941	64
2942	38
2943	65
2944	55
2945	50
2946	67
2947	46
2948	62
2949	64
2950	39
2951	46
2952	49
2953	50
2954	59
2955	47
2956	58
2957	46
2958	61
2959	59
2960	53
2961	57
2962	50
2963	46
2964	52
2965	63
2966	62
2967	50
2968	48
2969	62
2970	62
2971	52
2972	49
2973	62
2974	49
2975	51
2976	42
2977	46
2978	59
2979	59
2980	42
2981	50
2982	55
2983	55
2984	55
2985	61
2986	57
2987	52
2988	51
2989	52
2990	51
2991	47
2992	63
2993	56
2994	39
2995	35
2996	68
2997	47
2998	47
2999	44
3000	48
3001	59
3002	44
3003	52
3004	47
3005	54
3006	56
3007	48
3008	56
3009	43
3010	46
3011	43
3012	58
3013	55
3014	48
3015	45
3016	60
3017	59
3018	57
3019	46
3020	56
3021	46
3022	49
3023	56
3024	53
3025	64
3026	53
3027	52
3028	46
3029	48
3030	56
3031	47
3032	38
3033	60
3034	47
3035	46
3036	45
3037	53
3038	58
3039	51
3040	54
3041	45
3042	56
3043	42
3044	54
3045	58
3046	41
3047	39
3048	44
3049	51
3050	38
3051	46
3052	45
3053	40
3054	50
3055	51
3056	43
3057	35
3058	37
3059	48
3060	58
3061	47
3062	53
3063	63
3064	55
3065	40
3066	48
3067	38
3068	50
3069	43
3070	45
3071	46
3072	44
3073	42
3074	50
3075	40
3076	46
3077	55
3078	47
3079	38
3080	32
3081	39
3082	50
3083	34
3084	49
3085	52
3086	49
3087	52
3088	51
3089	55
3090	49
3091	52
3092	46
3093	47
3094	48
3095	53
3096	34
3097	47
3098	48
3099	51
3100	39
3101	37
3102	47
3103	45
3104	46
3105	53
3106	57
3107	40
3108	59
3109	42
3110	49
3111	58
3112	52
3113	53
3114	38
3115	42
3116	53
3117	44
3118	57
3119	41
3120	46
3121	49
3122	44
3123	47
3124	39
3125	50
3126	48
3127	53
3128	50
3129	37
3130	48
3131	47
3132	33
3133	48
3134	51
3135	61
3136	43
3137	59
3138	50
3139	58
3140	47
3141	38
3142	55
3143	53
3144	53
3145	38
3146	45
3147	44
3148	49
3149	56
3150	43
3151	43
3152	46
3153	58
3154	45
3155	48
3156	60
3157	54
3158	32
3159	41
3160	45
3161	42
3162	37
3163	58
3164	46
3165	35
3166	47
3167	40
3168	54
3169	45
3170	46
3171	52
3172	41
3173	41
3174	74
3175	48
3176	47
3177	49
3178	44
3179	54
3180	52
3181	46
3182	41
3183	40
3184	49
3185	45
3186	51
3187	41
3188	50
3189	51
3190	47
3191	32
3192	27
3193	44
3194	40
3195	56
3196	51
3197	45
3198	47
3199	43
3200	33
3201	45
3202	60
3203	38
3204	41
3205	52
3206	49
3207	46
3208	47
3209	47
3210	55
3211	53
3212	39
3213	48
3214	40
3215	48
3216	48
3217	41
3218	53
3219	51
3220	49
3221	44
3222	49
3223	43
3224	43
3225	34
3226	46
3227	46
3228	64
3229	42
3230	35
3231	51
3232	50
3233	51
3234	53
3235	45
3236	53
3237	57
3238	45
3239	49
3240	41
3241	54
3242	32
3243	45
3244	31
3245	38
3246	40
3247	36
3248	32
3249	42
3250	42
3251	29
3252	46
3253	45
3254	32
3255	41
3256	38
3257	42
3258	39
3259	35
3260	39
3261	50
3262	44
3263	44
3264	50
3265	38
3266	48
3267	33
3268	44
3269	48
3270	45
3271	37
3272	45
3273	29
3274	37
3275	43
3276	41
3277	34
3278	56
3279	39
3280	46
3281	42
3282	40
3283	50
3284	48
3285	61
3286	39
3287	36
3288	39
3289	43
3290	63
3291	57
3292	38
3293	44
3294	33
3295	35
3296	47
3297	49
3298	46
3299	38
3300	43
3301	45
3302	36
3303	47
3304	36
3305	42
3306	39
3307	38
3308	45
3309	39
3310	39
3311	36
3312	40
3313	48
3314	27
3315	45
3316	41
3317	35
3318	48
3319	36
3320	38
3321	25
3322	42
3323	43
3324	36
3325	43
3326	43
3327	35
3328	43
3329	33
3330	42
3331	46
3332	38
3333	37
3334	49
3335	35
3336	31
3337	37
3338	42
3339	36
3340	50
3341	29
3342	35
3343	46
3344	36
3345	33
3346	41
3347	37
3348	33
3349	39
3350	45
3351	36
3352	52
3353	35
3354	46
3355	39
3356	34
3357	28
3358	40
3359	44
3360	52
3361	41
3362	39
3363	42
3364	42
3365	41
3366	35
3367	31
3368	33
3369	36
3370	40
3371	34
3372	39
3373	37
3374	45
3375	41
3376	47
3377	29
3378	24
3379	39
3380	39
3381	34
3382	35
3383	34
3384	36
3385	43
3386	39
3387	35
3388	34
3389	40
3390	32
3391	28
3392	34
3393	29
3394	38
3395	33
3396	25
3397	23
3398	35
3399	40
3400	32
3401	27
3402	42
3403	34
3404	38
3405	28
3406	26
3407	35
3408	29
3409	32
3410	22
3411	44
3412	41
3413	38
3414	35
3415	26
3416	38
3417	44
3418	47
3419	49
3420	34
3421	30
3422	30
3423	30
3424	40
3425	34
3426	34
3427	50
3428	34
3429	29
3430	27
3431	43
3432	28
3433	42
3434	27
3435	31
3436	32
3437	37
3438	37
3439	35
3440	38
3441	43
3442	41
3443	38
3444	33
3445	32
3446	28
3447	43
3448	40
3449	36
3450	47
3451	28
3452	39
3453	26
3454	35
3455	45
3456	39
3457	33
3458	36
3459	26
3460	31
3461	33
3462	35
3463	36
3464	37
3465	23
3466	28
3467	35
3468	42
3469	43
3470	25
3471	37
3472	38
3473	25
3474	30
3475	30
3476	26
3477	35
3478	23
3479	44
3480	31
3481	41
3482	37
3483	25
3484	44
3485	37
3486	46
3487	25
3488	36
3489	33
3490	43
3491	32
3492	28
3493	39
3494	31
3495	33
3496	42
3497	41
3498	32
3499	40
3500	30
3501	39
3502	41
3503	34
3504	38
3505	41
3506	40
3507	35
3508	26
3509	21
3510	31
3511	35
3512	29
3513	38
3514	30
3515	36
3516	41
3517	25
3518	38
3519	25
3520	33
3521	33
3522	35
3523	43
3524	26
3525	32
3526	42
3527	31
3528	32
3529	24
3530	33
3531	41
3532	36
3533	33
3534	37
3535	28
3536	37
3537	26
3538	37
3539	33
3540	27
3541	37
3542	37
3543	36
3544	30
3545	34
3546	25
3547	39
3548	27
3549	33
3550	41
3551	27
3552	33
3553	31
3554	49
3555	20
3556	43
3557	38
3558	36
3559	33
3560	34
3561	21
3562	38
3563	33
3564	40
3565	31
3566	31
3567	35
3568	20
3569	24
3570	34
3571	29
3572	31
3573	37
3574	26
3575	31
3576	29
3577	40
3578	29
3579	26
3580	26
3581	31
3582	29
3583	26
3584	25
3585	33
3586	25
3587	33
3588	38
3589	38
3590	28
3591	26
3592	39
3593	28
3594	26
3595	38
3596	30
3597	31
3598	38
3599	29
3600	33
3601	35
3602	24
3603	31
3604	39
3605	29
3606	36
3607	35
3608	26
3609	39
3610	47
3611	39
3612	31
3613	33
3614	27
3615	33
3616	41
3617	31
3618	30
3619	32
3620	27
3621	25
3622	38
3623	33
3624	36
3625	34
3626	40
3627	35
3628	35
3629	38
3630	33
3631	42
3632	25
3633	31
3634	37
3635	26
3636	29
3637	36
3638	18
3639	31
3640	33
3641	31
3642	20
3643	24
3644	33
3645	29
3646	34
3647	33
3648	29
3649	36
3650	39
3651	38
3652	31
3653	36
3654	32
3655	34
3656	33
3657	38
3658	41
3659	34
3660	27
3661	37
3662	31
3663	35
3664	40
3665	43
3666	26
3667	33
3668	23
3669	40
3670	33
3671	37
3672	40
3673	32
3674	37
3675	31
3676	43
3677	38
3678	32
3679	36
3680	42
3681	34
3682	32
3683	40
3684	40
3685	33
3686	46
3687	37
3688	35
3689	40
3690	45
3691	43
3692	38
3693	28
3694	36
3695	37
3696	35
3697	40
3698	40
3699	44
3700	40
3701	35
3702	31
3703	36
3704	42
3705	41
3706	42
3707	37
3708	43
3709	40
3710	44
3711	48
3712	37
3713	28
3714	41
3715	53
3716	42
3717	33
3718	38
3719	53
3720	37
3721	39
3722	36
3723	59
3724	49
3725	38
3726	34
3727	42
3728	37
3729	45
3730	35
3731	45
3732	47
3733	50
3734	59
3735	40
3736	42
3737	30
3738	41
3739	56
3740	49
3741	48
3742	65
3743	57
3744	42
3745	47
3746	41
3747	41
3748	48
3749	40
3750	37
3751	52
3752	61
3753	45
3754	46
3755	49
3756	45
3757	47
3758	50
3759	49
3760	61
3761	52
3762	55
3763	34
3764	53
3765	54
3766	51
3767	57
3768	55
3769	60
3770	53
3771	50
3772	49
3773	59
3774	63
3775	47
3776	49
3777	57
3778	46
3779	53
3780	40
3781	59
3782	43
3783	61
3784	61
3785	56
3786	51
3787	51
3788	57
3789	63
3790	53
3791	50
3792	50
3793	54
3794	46
3795	62
3796	60
3797	68
3798	54
3799	46
3800	62
3801	64
3802	45
3803	59
3804	45
3805	73
3806	63
3807	67
3808	62
3809	68
3810	61
3811	66
3812	63
3813	72
3814	66
3815	53
3816	72
3817	51
3818	61
3819	74
3820	64
3821	41
3822	57
3823	67
3824	69
3825	69
3826	71
3827	74
3828	64
3829	52
3830	70
3831	70
3832	61
3833	67
3834	69
3835	65
3836	77
3837	75
3838	68
3839	57
3840	71
3841	56
3842	74
3843	78
3844	49
3845	73
3846	60
3847	75
3848	58
3849	65
3850	69
3851	66
3852	79
3853	80
3854	58
3855	56
3856	68
3857	65
3858	75
3859	61
3860	64
3861	69
3862	68
3863	65
3864	73
3865	71
3866	84
3867	65
3868	79
3869	88
3870	54
3871	81
3872	71
3873	73
3874	73
3875	69
3876	69
3877	79
3878	76
3879	88
3880	76
3881	78
3882	67
3883	79
3884	83
3885	76
3886	86
3887	98
3888	67
3889	65
3890	83
3891	71
3892	78
3893	70
3894	75
3895	88
3896	86
3897	77
3898	89
3899	64
3900	82
3901	76
3902	71
3903	75
3904	85
3905	79
3906	83
3907	83
3908	71
3909	89
3910	73
3911	73
3912	79
3913	82
3914	78
3915	77
3916	80
3917	83
3918	82
3919	83
3920	68
3921	87
3922	82
3923	80
3924	91
3925	80
3926	102
3927	74
3928	67
3929	91
3930	83
3931	84
3932	90
3933	72
3934	78
3935	84
3936	82
3937	85
3938	83
3939	74
3940	76
3941	85
3942	72
3943	77
3944	89
3945	82
3946	89
3947	83
3948	61
3949	94
3950	86
3951	84
3952	75
3953	81
3954	85
3955	88
3956	97
3957	84
3958	84
3959	91
3960	72
3961	91
3962	86
3963	94
3964	78
3965	101
3966	108
3967	74
3968	83
3969	86
3970	86
3971	97
3972	89
3973	70
3974	95
3975	79
3976	82
3977	96
3978	83
3979	76
3980	78
3981	78
3982	80
3983	101
3984	80
3985	101
3986	89
3987	76
3988	82
3989	93
3990	66
3991	88
3992	97
3993	75
3994	75
3995	81
3996	69
3997	103
3998	77
3999	100
4000	76
4001	90
4002	79
4003	90
4004	85
4005	88
4006	93
4007	89
4008	97
4009	86
4010	87
4011	93
4012	90
4013	97
4014	89
4015	98
4016	83
4017	92
4018	91
4019	81
4020	76
4021	86
4022	75
4023	86
4024	79
4025	89
4026	90
4027	94
4028	86
4029	98
4030	74
4031	103
4032	96
4033	83
4034	93
4035	90
4036	90
4037	84
4038	97
4039	93
4040	89
4041	95
4042	99
4043	102
4044	83
4045	94
4046	93
4047	97
4048	96
4049	71
4050	100
4051	96
4052	103
4053	101
4054	82
4055	95
4056	100
4057	117
4058	105
4059	88
4060	80
4061	98
4062	104
4063	83
4064	84
4065	87
4066	104
4067	97
4068	105
4069	102
4070	105
4071	103
4072	89
4073	90
4074	92
4075	90
4076	84
4077	111
4078	91
4079	97
4080	93
4081	111
4082	83
4083	89
4084	91
4085	123
4086	100
4087	102
4088	125
4089	121
4090	94
4091	91
4092	90
4093	93
4094	84
4095	101
4096	93
4097	83
4098	110
4099	121
4100	105
4101	109
4102	109
4103	90
4104	98
4105	85
4106	106
4107	110
4108	94
4109	79
4110	102
4111	111
4112	106
4113	100
4114	109
4115	107
4116	117
4117	110
4118	114
4119	103
4120	100
4121	100
4122	101
4123	117
4124	105
4125	119
4126	105
4127	112
4128	103
4129	90
4130	92
4131	93
4132	107
4133	103
4134	109
4135	92
4136	108
4137	126
4138	121
4139	100
4140	110
4141	96
4142	127
4143	118
4144	117
4145	106
4146	117
4147	97
4148	128
4149	123
4150	106
4151	105
4152	116
4153	110
4154	109
4155	114
4156	105
4157	111
4158	105
4159	116
4160	130
4161	135
4162	96
4163	114
4164	121
4165	132
4166	118
4167	104
4168	133
4169	124
4170	110
4171	102
4172	123
4173	128
4174	135
4175	118
4176	132
4177	97
4178	115
4179	124
4180	139
4181	123
4182	114
4183	124
4184	117
4185	135
4186	131
4187	134
4188	138
4189	121
4190	120
4191	159
4192	113
4193	113
4194	133
4195	134
4196	127
4197	140
4198	129
4199	114
4200	123
4201	131
4202	113
4203	139
4204	109
4205	138
4206	147
4207	136
4208	119
4209	130
4210	145
4211	135
4212	137
4213	133
4214	126
4215	148
4216	130
4217	158
4218	125
4219	139
4220	142
4221	115
4222	130
4223	125
4224	139
4225	148
4226	160
4227	142
4228	143
4229	136
4230	150
4231	166
4232	149
4233	143
4234	159
4235	134
4236	173
4237	151
4238	121
4239	124
4240	144
4241	139
4242	129
4243	151
4244	156
4245	151
4246	151
4247	162
4248	154
4249	154
4250	155
4251	166
4252	140
4253	172
4254	144
4255	160
4256	167
4257	169
4258	152
4259	154
4260	154
4261	157
4262	154
4263	145
4264	167
4265	161
4266	142
4267	151
4268	161
4269	151
4270	162
4271	153
4272	149
4273	191
4274	136
4275	162
4276	152
4277	170
4278	163
4279	198
4280	174
4281	160
4282	164
4283	173
4284	172
4285	194
4286	188
4287	160
4288	167
4289	175
4290	152
4291	167
4292	137
4293	168
4294	154
4295	155
4296	138
4297	148
4298	142
4299	148
4300	153
4301	167
4302	177
4303	150
4304	174
4305	167
4306	186
4307	168
4308	153
4309	152
4310	157
4311	144
4312	193
4313	185
4314	163
4315	189
4316	197
4317	146
4318	180
4319	165
4320	178
4321	152
4322	166
4323	159
4324	177
4325	167
4326	169
4327	171
4328	161
4329	159
4330	179
4331	148
4332	158
4333	145
4334	141
4335	173
4336	169
4337	170
4338	183
4339	164
4340	166
4341	183
4342	165
4343	162
4344	171
4345	161
4346	169
4347	162
4348	157
4349	186
4350	167
4351	169
4352	149
4353	167
4354	157
4355	183
4356	147
4357	165
4358	176
4359	166
4360	147
4361	155
4362	143
4363	172
4364	179
4365	154
4366	155
4367	169
4368	146
4369	184
4370	164
4371	163
4372	157
4373	160
4374	166
4375	169
4376	180
4377	165
4378	143
4379	155
4380	165
4381	162
4382	154
4383	163
4384	175
4385	159
4386	169
4387	177
4388	168
4389	156
4390	170
4391	163
4392	161
4393	165
4394	167
4395	181
4396	164
4397	168
4398	166
4399	146
4400	141
4401	158
4402	162
4403	147
4404	155
4405	153
4406	166
4407	142
4408	140
4409	154
4410	132
4411	172
4412	158
4413	168
4414	170
4415	174
4416	146
4417	151
4418	147
4419	157
4420	160
4421	178
4422	168
4423	137
4424	166
4425	129
4426	143
4427	179
4428	129
4429	149
4430	166
4431	143
4432	142
4433	140
4434	146
4435	148
4436	133
4437	158
4438	130
4439	145
4440	135
4441	141
4442	137
4443	135
4444	135
4445	141
4446	143
4447	150
4448	128
4449	151
4450	138
4451	154
4452	143
4453	133
4454	130
4455	119
4456	143
4457	146
4458	137
4459	111
4460	115
4461	140
4462	142
4463	112
4464	140
4465	154
4466	125
4467	144
4468	126
4469	150
4470	124
4471	135
4472	143
4473	112
4474	133
4475	135
4476	143
4477	139
4478	126
4479	141
4480	119
4481	121
4482	116
4483	119
4484	113
4485	141
4486	125
4487	121
4488	109
4489	137
4490	127
4491	122
4492	118
4493	136
4494	127
4495	109
4496	125
4497	120
4498	138
4499	122
4500	124
4501	110
4502	105
4503	95
4504	118
4505	106
4506	130
4507	95
4508	124
4509	122
4510	110
4511	122
4512	108
4513	115
4514	109
4515	96
4516	112
4517	85
4518	105
4519	95
4520	103
4521	81
4522	98
4523	116
4524	96
4525	115
4526	100
4527	112
4528	101
4529	109
4530	115
4531	107
4532	105
4533	99
4534	110
4535	96
4536	109
4537	117
4538	92
4539	97
4540	94
4541	90
4542	100
4543	94
4544	98
4545	99
4546	94
4547	99
4548	72
4549	77
4550	93
4551	108
4552	75
4553	98
4554	97
4555	94
4556	93
4557	107
4558	88
4559	92
4560	90
4561	85
4562	92
4563	100
4564	96
4565	103
4566	98
4567	92
4568	87
4569	84
4570	68
4571	89
4572	74
4573	99
4574	87
4575	78
4576	93
4577	86
4578	77
4579	71
4580	77
4581	79
4582	89
4583	86
4584	83
4585	86
4586	78
4587	78
4588	84
4589	68
4590	95
4591	73
4592	68
4593	80
4594	85
4595	80
4596	78
4597	85
4598	77
4599	65
4600	73
4601	94
4602	86
4603	88
4604	86
4605	71
4606	71
4607	63
4608	68
4609	66
4610	67
4611	59
4612	89
4613	81
4614	65
4615	82
4616	67
4617	91
4618	80
4619	75
4620	78
4621	77
4622	89
4623	65
4624	86
4625	67
4626	60
4627	77
4628	81
4629	78
4630	96
4631	74
4632	66
4633	62
4634	81
4635	75
4636	66
4637	74
4638	77
4639	78
4640	89
4641	78
4642	91
4643	97
4644	73
4645	77
4646	79
4647	62
4648	68
4649	62
4650	92
4651	73
4652	76
4653	72
4654	84
4655	71
4656	87
4657	68
4658	71
4659	81
4660	72
4661	76
4662	78
4663	78
4664	78
4665	72
4666	87
4667	82
4668	67
4669	88
4670	83
4671	81
4672	94
4673	81
4674	64
4675	84
4676	74
4677	95
4678	64
4679	80
4680	76
4681	89
4682	83
4683	74
4684	71
4685	101
4686	92
4687	79
4688	96
4689	74
4690	94
4691	110
4692	83
4693	75
4694	95
4695	83
4696	105
4697	85
4698	107
4699	92
4700	67
4701	88
4702	101
4703	80
4704	86
4705	93
4706	96
4707	104
4708	79
4709	112
4710	95
4711	87
4712	111
4713	83
4714	82
4715	85
4716	87
4717	98
4718	97
4719	98
4720	116
4721	113
4722	82
4723	112
4724	91
4725	111
4726	87
4727	100
4728	111
4729	103
4730	95
4731	111
4732	113
4733	126
4734	88
4735	96
4736	114
4737	110
4738	121
4739	122
4740	106
4741	115
4742	93
4743	113
4744	113
4745	120
4746	122
4747	122
4748	129
4749	113
4750	110
4751	117
4752	113
4753	141
4754	145
4755	116
4756	127
4757	126
4758	138
4759	115
4760	138
4761	124
4762	144
4763	148
4764	107
4765	140
4766	140
4767	136
4768	105
4769	149
4770	150
4771	145
4772	146
4773	153
4774	129
4775	143
4776	136
4777	129
4778	141
4779	135
4780	125
4781	148
4782	145
4783	168
4784	134
4785	144
4786	155
4787	141
4788	138
4789	140
4790	161
4791	141
4792	158
4793	160
4794	156
4795	148
4796	177
4797	161
4798	159
4799	172
4800	182
4801	155
4802	168
4803	182
4804	174
4805	173
4806	163
4807	158
4808	192
4809	184
4810	161
4811	217
4812	156
4813	198
4814	200
4815	193
4816	165
4817	185
4818	212
4819	191
4820	210
4821	170
4822	203
4823	183
4824	198
4825	195
4826	178
4827	201
4828	208
4829	191
4830	181
4831	173
4832	172
4833	218
4834	195
4835	220
4836	193
4837	221
4838	199
4839	180
4840	219
4841	224
4842	185
4843	208
4844	241
4845	204
4846	193
4847	198
4848	217
4849	221
4850	228
4851	241
4852	215
4853	215
4854	203
4855	230
4856	237
4857	203
4858	217
4859	219
4860	218
4861	224
4862	239
4863	228
4864	238
4865	223
4866	243
4867	240
4868	254
4869	227
4870	222
4871	244
4872	239
4873	271
4874	209
4875	240
4876	257
4877	252
4878	228
4879	250
4880	269
4881	251
4882	269
4883	258
4884	286
4885	236
4886	287
4887	251
4888	286
4889	264
4890	264
4891	239
4892	248
4893	247
4894	261
4895	286
4896	289
4897	290
4898	279
4899	296
4900	268
4901	268
4902	292
4903	293
4904	268
4905	267
4906	268
4907	305
4908	286
4909	271
4910	287
4911	303
4912	310
4913	275
4914	276
4915	304
4916	284
4917	289
4918	294
4919	309
4920	318
4921	323
4922	276
4923	343
4924	324
4925	334
4926	347
4927	301
4928	318
4929	330
4930	351
4931	337
4932	289
4933	306
4934	328
4935	338
4936	309
4937	356
4938	327
4939	344
4940	311
4941	350
4942	307
4943	330
4944	319
4945	319
4946	312
4947	336
4948	329
4949	304
4950	325
4951	343
4952	302
4953	337
4954	348
4955	336
4956	358
4957	357
4958	375
4959	348
4960	347
4961	377
4962	345
4963	357
4964	312
4965	352
4966	361
4967	346
4968	378
4969	331
4970	337
4971	340
4972	352
4973	373
4974	367
4975	393
4976	362
4977	361
4978	334
4979	369
4980	344
4981	388
4982	387
4983	344
4984	376
4985	352
4986	362
4987	356
4988	400
4989	347
4990	374
4991	394
4992	366
4993	390
4994	364
4995	361
4996	370
4997	385
4998	371
4999	393
5000	427
5001	352
5002	389
5003	408
5004	410
5005	391
5006	350
5007	367
5008	371
5009	414
5010	393
5011	355
5012	405
5013	365
5014	387
5015	384
5016	379
5017	383
5018	408
5019	419
5020	393
5021	374
5022	393
5023	375
5024	385
5025	377
5026	404
5027	397
5028	406
5029	403
5030	406
5031	385
5032	381
5033	372
5034	430
5035	396
5036	402
5037	390
5038	392
5039	429
5040	412
5041	418
5042	396
5043	432
5044	422
5045	423
5046	421
5047	447
5048	392
5049	410
5050	438
5051	408
5052	413
5053	417
5054	397
5055	430
5056	415
5057	387
5058	417
5059	405
5060	398
5061	452
5062	436
5063	445
5064	411
5065	466
5066	423
5067	364
5068	405
5069	425
5070	417
5071	431
5072	405
5073	393
5074	449
5075	411
5076	382
5077	421
5078	405
5079	448
5080	414
5081	396
5082	419
5083	389
5084	398
5085	410
5086	409
5087	422
5088	411
5089	452
5090	431
5091	399
5092	467
5093	448
5094	400
5095	400
5096	427
5097	434
5098	391
5099	420
5100	427
5101	443
5102	388
5103	419
5104	411
5105	410
5106	423
5107	433
5108	406
5109	411
5110	422
5111	439
5112	379
5113	380
5114	394
5115	372
5116	389
5117	382
5118	388
5119	401
5120	436
5121	394
5122	404
5123	378
5124	410
5125	397
5126	382
5127	421
5128	427
5129	402
5130	423
5131	441
5132	347
5133	420
5134	390
5135	391
5136	383
5137	416
5138	435
5139	410
5140	346
5141	383
5142	414
5143	399
5144	407
5145	412
5146	365
5147	416
5148	404
5149	416
5150	434
5151	430
5152	382
5153	390
5154	355
5155	346
5156	365
5157	438
5158	390
5159	405
5160	367
5161	395
5162	374
5163	399
5164	395
5165	408
5166	398
5167	365
5168	437
5169	367
5170	366
5171	368
5172	361
5173	376
5174	365
5175	402
5176	409
5177	394
5178	394
5179	396
5180	392
5181	385
5182	373
5183	376
5184	371
5185	346
5186	345
5187	395
5188	361
5189	356
5190	358
5191	345
5192	359
5193	366
5194	347
5195	357
5196	359
5197	342
5198	352
5199	373
5200	359
5201	351
5202	351
5203	365
5204	328
5205	320
5206	360
5207	356
5208	344
5209	346
5210	359
5211	348
5212	361
5213	317
5214	371
5215	347
5216	328
5217	318
5218	327
5219	353
5220	313
5221	311
5222	341
5223	349
5224	320
5225	340
5226	364
5227	319
5228	323
5229	317
5230	342
5231	316
5232	322
5233	315
5234	316
5235	344
5236	324
5237	310
5238	322
5239	314
5240	327
5241	333
5242	329
5243	303
5244	291
5245	312
5246	270
5247	313
5248	323
5249	322
5250	309
5251	304
5252	289
5253	321
5254	289
5255	290
5256	304
5257	297
5258	319
5259	270
5260	279
5261	282
5262	319
5263	281
5264	313
5265	292
5266	305
5267	309
5268	290
5269	297
5270	275
5271	264
5272	258
5273	274
5274	256
5275	290
5276	242
5277	295
5278	244
5279	274
5280	287
5281	280
5282	284
5283	258
5284	253
5285	286
5286	246
5287	249
5288	262
5289	282
5290	268
5291	259
5292	268
5293	246
5294	291
5295	263
5296	282
5297	248
5298	282
5299	246
5300	247
5301	249
5302	240
5303	239
5304	298
5305	268
5306	236
5307	246
5308	248
5309	218
5310	237
5311	268
5312	236
5313	277
5314	247
5315	270
5316	215
5317	255
5318	247
5319	260
5320	268
5321	243
5322	260
5323	228
5324	228
5325	217
5326	240
5327	226
5328	229
5329	229
5330	270
5331	220
5332	243
5333	236
5334	213
5335	257
5336	242
5337	218
5338	209
5339	236
5340	232
5341	217
5342	202
5343	223
5344	218
5345	221
5346	209
5347	225
5348	231
5349	233
5350	230
5351	226
5352	182
5353	209
5354	215
5355	222
5356	222
5357	239
5358	222
5359	204
5360	226
5361	208
5362	193
5363	198
5364	206
5365	217
5366	214
5367	225
5368	204
5369	228
5370	228
5371	233
5372	220
5373	222
5374	201
5375	213
5376	202
5377	196
5378	223
5379	192
5380	234
5381	195
5382	184
5383	195
5384	188
5385	182
5386	212
5387	186
5388	201
5389	217
5390	219
5391	206
5392	202
5393	207
5394	194
5395	166
5396	189
5397	189
5398	229
5399	177
5400	200
5401	181
5402	193
5403	191
5404	196
5405	185
5406	194
5407	175
5408	199
5409	180
5410	187
5411	186
5412	194
5413	185
5414	190
5415	190
5416	193
5417	209
5418	184
5419	192
5420	194
5421	175
5422	194
5423	170
5424	153
5425	161
5426	198
5427	204
5428	180
5429	183
5430	180
5431	180
5432	184
5433	191
5434	187
5435	203
5436	167
5437	200
5438	215
5439	171
5440	181
5441	198
5442	187
5443	200
5444	154
5445	204
5446	163
5447	190
5448	200
5449	184
5450	177
5451	186
5452	167
5453	191
5454	174
5455	159
5456	178
5457	195
5458	149
5459	154
5460	212
5461	184
5462	198
5463	200
5464	171
5465	185
5466	194
5467	177
5468	177
5469	166
5470	170
5471	191
5472	182
5473	189
5474	188
5475	180
5476	173
5477	183
5478	171
5479	192
5480	170
5481	181
5482	161
5483	173
5484	193
5485	176
5486	185
5487	193
5488	197
5489	184
5490	194
5491	166
5492	181
5493	185
5494	190
5495	169
5496	182
5497	158
5498	200
5499	175
5500	176
5501	182
5502	151
5503	194
5504	185
5505	180
5506	172
5507	164
5508	172
5509	159
5510	170
5511	166
5512	174
5513	158
5514	194
5515	189
5516	160
5517	178
5518	178
5519	154
5520	178
5521	194
5522	168
5523	173
5524	164
5525	183
5526	175
5527	182
5528	180
5529	164
5530	194
5531	162
5532	165
5533	170
5534	161
5535	208
5536	147
5537	167
5538	182
5539	170
5540	170
5541	167
5542	170
5543	156
5544	167
5545	189
5546	176
5547	180
5548	158
5549	160
5550	191
5551	164
5552	154
5553	157
5554	161
5555	132
5556	145
5557	146
5558	167
5559	169
5560	192
5561	171
5562	164
5563	168
5564	177
5565	154
5566	186
5567	174
5568	144
5569	181
5570	177
5571	168
5572	163
5573	151
5574	162
5575	177
5576	173
5577	159
5578	170
5579	169
5580	164
5581	158
5582	170
5583	175
5584	166
5585	189
5586	152
5587	170
5588	177
5589	163
5590	173
5591	153
5592	161
5593	147
5594	150
5595	171
5596	158
5597	164
5598	155
5599	145
5600	168
5601	153
5602	178
5603	160
5604	146
5605	153
5606	177
5607	186
5608	174
5609	155
5610	150
5611	175
5612	169
5613	170
5614	155
5615	152
5616	154
5617	143
5618	149
5619	145
5620	154
5621	144
5622	148
5623	163
5624	145
5625	154
5626	158
5627	142
5628	140
5629	151
5630	155
5631	163
5632	160
5633	159
5634	148
5635	176
5636	144
5637	159
5638	142
5639	126
5640	152
5641	142
5642	141
5643	133
5644	141
5645	150
5646	148
5647	146
5648	159
5649	145
5650	145
5651	159
5652	142
5653	132
5654	139
5655	144
5656	162
5657	149
5658	145
5659	149
5660	138
5661	133
5662	146
5663	140
5664	144
5665	147
5666	132
5667	144
5668	161
5669	113
5670	145
5671	128
5672	142
5673	140
5674	111
5675	134
5676	144
5677	154
5678	139
5679	148
5680	111
5681	158
5682	120
5683	138
5684	141
5685	146
5686	145
5687	162
5688	112
5689	125
5690	154
5691	131
5692	136
5693	138
5694	113
5695	135
5696	140
5697	124
5698	120
5699	127
5700	113
5701	135
5702	140
5703	130
5704	126
5705	123
5706	141
5707	135
5708	140
5709	119
5710	119
5711	115
5712	125
5713	124
5714	119
5715	107
5716	109
5717	123
5718	128
5719	109
5720	119
5721	123
5722	112
5723	107
5724	130
5725	111
5726	125
5727	131
5728	120
5729	114
5730	105
5731	126
5732	107
5733	108
5734	119
5735	109
5736	112
5737	117
5738	107
5739	114
5740	122
5741	112
5742	108
5743	104
5744	110
5745	104
5746	109
5747	119
5748	94
5749	117
5750	107
5751	114
5752	117
5753	106
5754	107
5755	121
5756	91
5757	105
5758	110
5759	99
5760	113
5761	109
5762	109
5763	110
5764	90
5765	104
5766	92
5767	97
5768	116
5769	106
5770	92
5771	91
5772	110
5773	109
5774	93
5775	103
5776	95
5777	99
5778	89
5779	97
5780	97
5781	89
5782	115
5783	93
5784	76
5785	87
5786	82
5787	86
5788	70
5789	81
5790	88
5791	90
5792	68
5793	95
5794	81
5795	85
5796	86
5797	65
5798	84
5799	75
5800	81
5801	84
5802	80
5803	84
5804	81
5805	80
5806	87
5807	102
5808	73
5809	81
5810	79
5811	87
5812	73
5813	79
5814	91
5815	78
5816	71
5817	75
5818	78
5819	82
5820	72
5821	89
5822	68
5823	85
5824	78
5825	81
5826	72
5827	73
5828	70
5829	69
5830	64
5831	72
5832	76
5833	73
5834	68
5835	75
5836	62
5837	73
5838	70
5839	62
5840	70
5841	74
5842	72
5843	63
5844	80
5845	74
5846	71
5847	81
5848	62
5849	70
5850	79
5851	62
5852	65
5853	59
5854	64
5855	72
5856	59
5857	61
5858	55
5859	54
5860	71
5861	63
5862	68
5863	54
5864	58
5865	56
5866	75
5867	63
5868	65
5869	55
5870	63
5871	54
5872	53
5873	62
5874	59
5875	67
5876	66
5877	68
5878	61
5879	75
5880	47
5881	58
5882	53
5883	52
5884	46
5885	63
5886	48
5887	54
5888	69
5889	56
5890	37
5891	60
5892	45
5893	57
5894	62
5895	63
5896	72
5897	56
5898	58
5899	56
5900	47
5901	52
5902	50
5903	51
5904	53
5905	58
5906	56
5907	59
5908	58
5909	40
5910	50
5911	61
5912	48
5913	54
5914	41
5915	46
5916	40
5917	41
5918	54
5919	65
5920	47
5921	61
5922	47
5923	38
5924	56
5925	61
5926	49
5927	49
5928	42
5929	51
5930	44
5931	49
5932	51
5933	55
5934	44
5935	39
5936	47
5937	41
5938	42
5939	35
5940	48
5941	57
5942	38
5943	41
5944	44
5945	42
5946	49
5947	56
5948	37
5949	48
5950	35
5951	29
5952	37
5953	44
5954	41
5955	38
5956	44
5957	53
5958	52
5959	35
5960	37
5961	44
5962	46
5963	56
5964	46
5965	49
5966	40
5967	53
5968	39
5969	51
5970	53
5971	41
5972	46
5973	43
5974	45
5975	37
5976	44
5977	43
5978	60
5979	43
5980	52
5981	36
5982	39
5983	30
5984	44
5985	32
5986	42
5987	38
5988	39
5989	43
5990	35
5991	44
5992	42
5993	35
5994	44
5995	33
5996	45
5997	44
5998	35
5999	33
6000	40
6001	48
6002	53
6003	46
6004	42
6005	39
6006	50
6007	28
6008	39
6009	43
6010	44
6011	30
6012	42
6013	57
6014	43
6015	49
6016	47
6017	43
6018	54
6019	35
6020	46
6021	49
6022	42
6023	40
6024	29
6025	36
6026	35
6027	50
6028	34
6029	50
6030	52
6031	38
6032	51
6033	40
6034	40
6035	40
6036	40
6037	38
6038	38
6039	41
6040	28
6041	38
6042	33
6043	54
6044	46
6045	40
6046	35
6047	44
6048	54
6049	39
6050	39
6051	51
6052	36
6053	42
6054	45
6055	42
6056	45
6057	36
6058	40
6059	36
6060	41
6061	51
6062	33
6063	41
6064	38
6065	38
6066	36
6067	40
6068	33
6069	43
6070	45
6071	42
6072	49
6073	45
6074	39
6075	35
6076	27
6077	48
6078	42
6079	38
6080	37
6081	49
6082	36
6083	32
6084	37
6085	36
6086	41
6087	37
6088	35
6089	39
6090	48
6091	33
6092	41
6093	36
6094	45
6095	49
6096	45
6097	36
6098	45
6099	49
6100	42
6101	37
6102	48
6103	46
6104	42
6105	37
6106	34
6107	38
6108	55
6109	39
6110	37
6111	50
6112	33
6113	46
6114	40
6115	48
6116	52
6117	45
6118	41
6119	51
6120	35
6121	54
6122	33
6123	45
6124	48
6125	42
6126	38
6127	43
6128	46
6129	47
6130	44
6131	43
6132	34
6133	44
6134	48
6135	39
6136	39
6137	45
6138	52
6139	32
6140	61
6141	49
6142	51
6143	40
6144	41
6145	56
6146	50
6147	46
6148	56
6149	44
6150	49
6151	42
6152	50
6153	37
6154	46
6155	42
6156	47
6157	56
6158	46
6159	44
6160	41
6161	47
6162	32
6163	38
6164	33
6165	50
6166	39
6167	58
6168	48
6169	48
6170	50
6171	40
6172	40
6173	27
6174	42
6175	46
6176	49
6177	31
6178	46
6179	40
6180	49
6181	54
6182	49
6183	51
6184	49
6185	51
6186	40
6187	54
6188	40
6189	52
6190	34
6191	45
6192	48
6193	53
6194	46
6195	56
6196	44
6197	44
6198	57
6199	40
6200	46
6201	51
6202	52
6203	56
6204	57
6205	41
6206	30
6207	43
6208	48
6209	43
6210	49
6211	43
6212	39
6213	48
6214	42
6215	40
6216	55
6217	35
6218	45
6219	43
6220	48
6221	43
6222	42
6223	36
6224	51
6225	42
6226	39
6227	54
6228	49
6229	50
6230	48
6231	50
6232	45
6233	44
6234	44
6235	38
6236	38
6237	54
6238	43
6239	50
6240	42
6241	52
6242	61
6243	58
6244	47
6245	50
6246	52
6247	50
6248	44
6249	58
6250	36
6251	55
6252	44
6253	66
6254	54
6255	51
6256	59
6257	40
6258	52
6259	61
6260	42
6261	51
6262	59
6263	46
6264	59
6265	50
6266	56
6267	48
6268	45
6269	50
6270	36
6271	55
6272	47
6273	52
6274	50
6275	53
6276	37
6277	36
6278	49
6279	42
6280	52
6281	39
6282	49
6283	59
6284	39
6285	50
6286	57
6287	51
6288	51
6289	44
6290	52
6291	49
6292	61
6293	50
6294	55
6295	53
6296	49
6297	56
6298	41
6299	58
6300	57
6301	44
6302	46
6303	45
6304	52
6305	59
6306	39
6307	54
6308	50
6309	46
6310	51
6311	43
6312	43
6313	46
6314	45
6315	58
6316	48
6317	53
6318	55
6319	52
6320	54
6321	57
6322	47
6323	57
6324	38
6325	41
6326	64
6327	49
6328	65
6329	46
6330	48
6331	68
6332	64
6333	53
6334	63
6335	59
6336	56
6337	48
6338	49
6339	62
6340	53
6341	51
6342	49
6343	55
6344	34
6345	50
6346	51
6347	51
6348	44
6349	48
6350	51
6351	54
6352	43
6353	51
6354	42
6355	53
6356	50
6357	36
6358	58
6359	39
6360	44
6361	47
6362	58
6363	48
6364	51
6365	42
6366	48
6367	39
6368	48
6369	54
6370	41
6371	44
6372	40
6373	57
6374	52
6375	54
6376	55
6377	64
6378	42
6379	42
6380	47
6381	41
6382	40
6383	42
6384	50
6385	52
6386	45
6387	49
6388	52
6389	34
6390	32
6391	47
6392	37
6393	57
6394	58
6395	50
6396	46
6397	43
6398	48
6399	43
6400	53
6401	48
6402	58
6403	43
6404	48
6405	53
6406	46
6407	47
6408	46
6409	46
6410	44
6411	46
6412	37
6413	52
6414	34
6415	45
6416	47
6417	68
6418	57
6419	53
6420	46
6421	46
6422	43
6423	48
6424	46
6425	49
6426	41
6427	41
6428	44
6429	54
6430	57
6431	50
6432	46
6433	44
6434	37
6435	36
6436	41
6437	40
6438	47
6439	50
6440	38
6441	31
6442	48
6443	43
6444	60
6445	37
6446	41
6447	43
6448	33
6449	50
6450	38
6451	44
6452	51
6453	44
6454	36
6455	44
6456	41
6457	33
6458	51
6459	48
6460	50
6461	33
6462	43
6463	52
6464	34
6465	41
6466	46
6467	50
6468	38
6469	43
6470	39
6471	42
6472	51
6473	40
6474	43
6475	47
6476	39
6477	46
6478	50
6479	35
6480	35
6481	38
6482	49
6483	41
6484	37
6485	33
6486	29
6487	33
6488	34
6489	38
6490	26
6491	44
6492	34
6493	38
6494	35
6495	32
6496	45
6497	30
6498	51
6499	43
6500	30
6501	47
6502	31
6503	50
6504	37
6505	37
6506	38
6507	34
6508	35
6509	29
6510	32
6511	28
6512	37
6513	34
6514	29
6515	41
6516	28
6517	40
6518	40
6519	32
6520	39
6521	36
6522	39
6523	34
6524	38
6525	38
6526	28
6527	30
6528	35
6529	37
6530	37
6531	38
6532	48
6533	42
6534	36
6535	47
6536	27
6537	42
6538	41
6539	34
6540	36
6541	36
6542	35
6543	38
6544	42
6545	27
6546	38
6547	19
6548	29
6549	36
6550	26
6551	37
6552	32
6553	37
6554	34
6555	30
6556	29
6557	28
6558	25
6559	31
6560	24
6561	27
6562	35
6563	34
6564	26
6565	23
6566	25
6567	20
6568	26
6569	37
6570	33
6571	30
6572	36
6573	26
6574	31
6575	33
6576	29
6577	19
6578	25
6579	19
6580	25
6581	22
6582	36
6583	29
6584	24
6585	33
6586	20
6587	25
6588	31
6589	30
6590	23
6591	18
6592	26
6593	22
6594	20
6595	21
6596	26
6597	27
6598	28
6599	26
6600	21
6601	20
6602	28
6603	33
6604	28
6605	24
6606	23
6607	19
6608	38
6609	21
6610	25
6611	17
6612	29
6613	28
6614	19
6615	22
6616	25
6617	17
6618	17
6619	22
6620	33
6621	16
6622	18
6623	23
6624	23
6625	15
6626	31
6627	22
6628	24
6629	21
6630	21
6631	26
6632	21
6633	18
6634	17
6635	23
6636	30
6637	16
6638	20
6639	23
6640	18
6641	25
6642	16
6643	23
6644	20
6645	20
6646	16
6647	13
6648	17
6649	20
6650	17
6651	18
6652	17
6653	15
6654	20
6655	24
6656	21
6657	17
6658	18
6659	22
6660	17
6661	17
6662	17
6663	16
6664	16
6665	18
6666	19
6667	21
6668	13
6669	16
6670	22
6671	17
6672	14
6673	11
6674	21
6675	14
6676	12
6677	9
6678	14
6679	24
6680	16
6681	16
6682	25
6683	17
6684	16
6685	12
6686	18
6687	17
6688	19
6689	12
6690	11
6691	19
6692	13
6693	11
6694	17
6695	22
6696	10
6697	20
6698	18
6699	26
6700	21
6701	11
6702	12
6703	16
6704	18
6705	14
6706	13
6707	10
6708	12
6709	11
6710	26
6711	14
6712	10
6713	19
6714	17
6715	16
6716	13
6717	11
6718	13
6719	13
6720	17
6721	8
6722	18
6723	14
6724	12
6725	11
6726	16
6727	17
6728	13
6729	12
6730	18
6731	14
6732	12
6733	14
6734	14
6735	12
6736	15
6737	16
6738	11
6739	9
6740	13
6741	6
6742	6
6743	15
6744	13
6745	18
6746	7
6747	12
6748	12
6749	11
6750	11
6751	10
6752	10
6753	14
6754	12
6755	11
6756	10
6757	5
6758	7
6759	11
6760	10
6761	9
6762	22
6763	8
6764	12
6765	12
6766	10
6767	10
6768	13
6769	9
6770	5
6771	7
6772	18
6773	7
6774	11
6775	11
6776	22
6777	7
6778	18
6779	13
6780	16
6781	8
6782	10
6783	6
6784	19
6785	9
6786	18
6787	13
6788	9
6789	15
6790	6
6791	13
6792	12
6793	13
6794	10
6795	11
6796	9
6797	9
6798	10
6799	7
6800	9
6801	10
6802	14
6803	9
6804	15
6805	9
6806	13
6807	10
6808	10
6809	3
6810	9
6811	10
6812	7
6813	7
6814	7
6815	11
6816	6
6817	12
6818	8
6819	15
6820	10
6821	10
6822	9
6823	3
6824	9
6825	13
6826	16
6827	5
6828	6
6829	4
6830	4
6831	12
6832	13
6833	4
6834	5
6835	9
6836	19
6837	11
6838	5
6839	16
6840	7
6841	9
6842	8
6843	7
6844	18
6845	6
6846	12
6847	6
6848	10
6849	7
6850	9
6851	8
6852	7
6853	7
6854	4
6855	6
6856	6
6857	10
6858	12
6859	3
6860	9
6861	7
6862	13
6863	15
6864	10
6865	8
6866	13
6867	10
6868	8
6869	19
6870	3
6871	10
6872	5
6873	9
6874	7
6875	12
6876	8
6877	8
6878	6
6879	7
6880	8
6881	8
6882	9
6883	11
6884	6
6885	10
6886	7
6887	12
6888	3
6889	6
6890	8
6891	7
6892	2
6893	5
6894	12
6895	4
6896	6
6897	10
6898	2
6899	8
6900	4
6901	9
6902	8
6903	12
6904	5
6905	11
6906	6
6907	12
6908	11
6909	10
6910	9
6911	12
6912	8
6913	15
6914	6
6915	14
6916	7
6917	9
6918	11
6919	9
6920	8
6921	8
6922	4
6923	16
6924	4
6925	6
6926	9
6927	7
6928	7
6929	10
6930	9
6931	9
6932	8
6933	9
6934	5
6935	3
6936	8
6937	11
6938	12
6939	5
6940	6
6941	11
6942	6
6943	8
6944	4
6945	5
6946	9
6947	7
6948	8
6949	13
6950	6
6951	5
6952	9
6953	13
6954	8
6955	10
6956	2
6957	6
6958	13
6959	6
6960	12
6961	6
6962	6
6963	6
6964	8
6965	6
6966	6
6967	9
6968	5
6969	8
6970	5
6971	13
6972	5
6973	6
6974	7
6975	5
6976	6
6977	7
6978	8
6979	8
6980	4
6981	3
6982	10
6983	5
6984	7
6985	1
6986	9
6987	2
6988	10
6989	7
6990	7
6991	7
6992	9
6993	10
6994	7
6995	8
6996	6
6997	6
6998	14
6999	4
7000	8
7001	9
7002	4
7003	8
7004	8
7005	10
7006	4
7007	10
7008	12
7009	3
7010	4
7011	5
7012	8
7013	3
7014	8
7015	4
7016	9
7017	7
7018	5
7019	3
7020	3
7021	6
7022	4
7023	2
7024	5
7025	4
7026	2
7027	4
7028	7
7029	4
7030	3
7031	4
7032	7
7033	7
7034	8
7035	3
7036	5
7037	5
7038	5
7039	2
7040	4
7041	4
7042	3
7043	2
7044	6
7045	5
7046	4
7047	6
7048	6
7049	5
7050	5
7051	4
7052	4
7053	5
7054	6
7055	5
7056	3
7057	4
7058	2
7059	2
7060	7
7061	8
7062	6
7063	6
7064	9
7065	5
7066	6
7067	9
7068	2
7069	5
7070	2
7071	4
7072	1
7073	7
7074	5
7075	4
7076	3
7077	3
7078	7
7079	3
7080	2
7081	4
7082	5
7083	5
7084	6
7085	5
7086	4
7087	6
7088	7
7089	3
7090	3
7091	5
7092	7
7093	3
7094	5
7095	1
7096	4
7097	3
7098	6
7099	7
7100	5
7101	3
7102	5
7103	5
7104	2
7105	6
7106	5
7107	6
7108	9
7109	3
7110	2
7111	5
7112	2
7113	4
7114	1
7115	5
7116	4
7117	2
7118	4
7119	9
7120	4
7121	2
7122	2
7123	5
7124	3
7125	3
7126	7
7127	4
7128	2
7129	6
7130	4
7131	2
7132	5
7133	5
7134	5
7135	3
7136	3
7137	5
7138	5
7139	1
7140	4
7141	1
7142	1
7143	4
7144	5
7145	6
7146	4
7147	1
7148	2
7149	4
7150	3
7151	5
7152	3
7153	3
7154	3
7155	6
7156	1
7157	3
7158	3
7159	7
7160	2
7161	3
7162	4
7163	2
7164	3
7165	5
7166	2
7167	4
7168	2
7169	5
7170	3
7171	1
7172	0
7173	2
7174	7
7175	2
7176	1
7177	4
7178	6
7179	3
7180	5
7181	3
7182	3
7183	2
7184	4
7185	2
7186	3
7187	2
7188	4
7189	0
7190	3
7191	0
7192	2
7193	1
7194	4
7195	3
7196	4
7197	3
7198	6
7199	5
7200	4
7201	5
7202	4
7203	4
7204	5
7205	1
7206	4
7207	2
7208	2
7209	6
7210	3
7211	2
7212	1
7213	2
7214	1
7215	3
7216	1
7217	3
7218	3
7219	4
7220	2
7221	1
7222	3
7223	3
7224	3
7225	5
7226	3
7227	2
7228	3
7229	6
7230	1
7231	6
7232	0
7233	0
7234	2
7235	1
7236	4
7237	2
7238	2
7239	5
7240	0
7241	0
7242	3
7243	1
7244	3
7245	2
7246	0
7247	1
7248	1
7249	5
7250	2
7251	4
7252	2
7253	2
7254	3
7255	0
7256	1
7257	3
7258	2
7259	5
7260	2
7261	1
7262	4
7263	1
7264	4
7265	2
7266	4
7267	1
7268	3
7269	3
7270	1
7271	2
7272	4
7273	2
7274	5
7275	1
7276	2
7277	1
7278	1
7279	1
7280	3
7281	1
7282	1
7283	2
7284	3
7285	3
7286	1
7287	0
7288	2
7289	1
7290	0
7291	2
7292	3
7293	2
7294	2
7295	5
7296	2
7297	2
7298	0
7299	2
7300	0
7301	3
7302	2
7303	3
7304	2
7305	0
7306	1
7307	0
7308	1
7309	3
7310	1
7311	3
7312	2
7313	2
7314	2
7315	1
7316	1
7317	1
7318	1
7319	4
7320	5
7321	6
7322	2
7323	3
7324	0
7325	1
7326	4
7327	1
7328	3
7329	0
7330	2
7331	1
7332	2
7333	2
7334	2
7335	5
7336	1
7337	1
7338	1
7339	5
7340	2
7341	0
7342	1
7343	3
7344	1
7345	2
7346	0
7347	1
7348	2
7349	1
7350	0
7351	1
7352	1
7353	1
7354	0
7355	4
7356	0
7357	3
7358	2
7359	2
7360	3
7361	2
7362	4
7363	0
7364	0
7365	0
7366	4
7367	2
7368	3
7369	4
7370	3
7371	1
7372	1
7373	1
7374	1
7375	2
7376	3
7377	0
7378	0
7379	1
7380	1
7381	3
7382	1
7383	1
7384	2
7385	1
7386	2
7387	1
7388	1
7389	1
7390	0
7391	1
7392	2
7393	1
7394	1
7395	2
7396	3
7397	1
7398	1
7399	2
7400	1
7401	3
7402	1
7403	1
7404	3
7405	2
7406	2
7407	3
7408	2
7409	0
7410	3
7411	0
7412	3
7413	1
7414	2
7415	4
7416	0
7417	2
7418	1
7419	1
7420	2
7421	2
7422	2
7423	2
7424	1
7425	0
7426	0
7427	2
7428	2
7429	2
7430	2
7431	6
7432	0
7433	0
7434	1
7435	0
7436	2
7437	0
7438	1
7439	0
7440	3
7441	2
7442	0
7443	1
7444	2
7445	2
7446	0
7447	0
7448	2
7449	1
7450	2
7451	2
7452	0
7453	2
7454	2
7455	0
7456	2
7457	1
7458	2
7459	1
7460	1
7461	2
7462	3
7463	3
7464	2
7465	1
7466	3
7467	2
7468	2
7469	3
7470	2
7471	1
7472	2
7473	1
7474	2
7475	0
7476	0
7477	0
7478	1
7479	2
7480	3
7481	1
7482	4
7483	1
7484	1
7485	0
7486	2
7487	2
7488	1
7489	3
7490	5
7491	1
7492	1
7493	3
7494	5
7495	1
7496	1
7497	0
7498	2
7499	2
7500	0
7501	1
7502	0
7503	3
7504	0
7505	2
7506	2
7507	2
7508	2
7509	1
7510	1
7511	2
7512	1
7513	0
7514	3
7515	0
7516	0
7517	0
7518	2
7519	1
7520	1
7521	1
7522	0
7523	0
7524	1
7525	0
7526	0
7527	1
7528	2
7529	0
7530	5
7531	1
7532	1
7533	3
7534	2
7535	2
7536	1
7537	1
7538	1
7539	2
7540	3
7541	2
7542	3
7543	0
7544	1
7545	3
7546	4
7547	2
7548	1
7549	1
7550	0
7551	2
7552	1
7553	1
7554	2
7555	1
7556	0
7557	0
7558	0
7559	2
7560	0
7561	0
7562	1
7563	2
7564	0
7565	1
7566	3
7567	4
7568	4
7569	2
7570	1
7571	1
7572	1
7573	1
7574	0
7575	0
7576	0
7577	1
7578	0
7579	2
7580	1
7581	1
7582	4
7583	4
7584	4
7585	2
7586	2
7587	1
7588	2
7589	1
7590	2
7591	1
7592	2
7593	0
7594	3
7595	0
7596	2
7597	0
7598	0
7599	2
7600	1
7601	4
7602	0
7603	0
7604	0
7605	1
7606	1
7607	2
7608	3
7609	1
7610	4
7611	2
7612	0
7613	1
7614	0
7615	2
7616	2
7617	1
7618	0
7619	2
7620	1
7621	0
7622	1
7623	1
7624	2
7625	1
7626	1
7627	2
7628	1
7629	2
7630	1
7631	2
7632	1
7633	0
7634	3
7635	1
7636	1
7637	1
7638	0
7639	2
7640	2
7641	4
7642	0
7643	1
7644	0
7645	2
7646	2
7647	0
7648	0
7649	1
7650	1
7651	3
7652	0
7653	2
7654	0
7655	2
7656	2
7657	0
7658	1
7659	2
7660	0
7661	1
7662	0
7663	2
7664	1
7665	3
7666	0
7667	1
7668	4
7669	1
7670	3
7671	1
7672	4
7673	0
7674	1
7675	2
7676	2
7677	0
7678	0
7679	2
7680	1
7681	0
7682	0
7683	1
7684	2
7685	1
7686	0
7687	1
7688	0
7689	1
7690	0
7691	3
7692	1
7693	2
7694	5
7695	0
7696	1
7697	1
7698	1
7699	1
7700	0
7701	1
7702	0
7703	1
7704	2
7705	0
7706	2
7707	0
7708	1
7709	1
7710	1
7711	0
7712	5
7713	0
7714	2
7715	2
7716	4
7717	0
7718	1
7719	3
7720	1
7721	3
7722	1
7723	2
7724	0
7725	0
7726	1
7727	3
7728	1
7729	2
7730	0
7731	0
7732	2
7733	2
7734	1
7735	2
7736	2
7737	1
7738	1
7739	1
7740	1
7741	2
7742	1
7743	4
7744	2
7745	2
7746	0
7747	1
7748	2
7749	0
7750	1
7751	1
7752	0
7753	2
7754	1
7755	1
7756	0
7757	0
7758	2
7759	0
7760	1
7761	0
7762	2
7763	1
7764	2
7765	1
7766	0
7767	2
7768	2
7769	0
7770	1
7771	0
7772	1
7773	1
7774	2
7775	1
7776	0
7777	1
7778	0
7779	0
7780	2
7781	0
7782	0
7783	2
7784	2
7785	3
7786	0
7787	1
7788	2
7789	0
7790	3
7791	0
7792	1
7793	3
7794	0
7795	3
7796	1
7797	2
7798	2
7799	2
7800	2
7801	2
7802	1
7803	1
7804	3
7805	0
7806	1
7807	4
7808	5
7809	2
7810	0
7811	1
7812	1
7813	1
7814	0
7815	2
7816	1
7817	0
7818	2
7819	0
7820	1
7821	0
7822	1
7823	0
7824	0
7825	0
7826	2
7827	2
7828	2
7829	1
7830	0
7831	1
7832	1
7833	0
7834	1
7835	1
7836	2
7837	2
7838	0
7839	0
7840	1
7841	2
7842	2
7843	0
7844	0
7845	1
7846	0
7847	1
7848	1
7849	2
7850	0
7851	1
7852	0
7853	1
7854	1
7855	2
7856	2
7857	3
7858	1
7859	2
7860	3
7861	1
7862	2
7863	1
7864	0
7865	2
7866	2
7867	0
7868	1
7869	0
7870	0
7871	0
7872	1
7873	2
7874	2
7875	2
7876	1
7877	1
7878	1
7879	0
7880	2
7881	0
7882	2
7883	1
7884	1
7885	0
7886	1
7887	0
7888	3
7889	0
7890	0
7891	2
7892	0
7893	0
7894	0
7895	0
7896	1
7897	3
7898	1
7899	0
7900	0
7901	1
7902	1
7903	0
7904	1
7905	1
7906	3
7907	0
7908	0
7909	1
7910	1
7911	1
7912	2
7913	3
7914	0
7915	2
7916	0
7917	0
7918	0
7919	0
7920	2
7921	4
7922	4
7923	0
7924	1
7925	1
7926	2
7927	2
7928	2
7929	0
7930	1
7931	2
7932	0
7933	2
7934	3
7935	1
7936	0
7937	2
7938	0
7939	0
7940	2
7941	1
7942	0
7943	3
7944	1
7945	1
7946	1
7947	0
7948	1
7949	1
7950	3
7951	2
7952	1
7953	3
7954	1
7955	0
7956	0
7957	1
7958	0
7959	1
7960	0
7961	0
7962	1
7963	1
7964	0
7965	1
7966	1
7967	2
7968	1
7969	0
7970	2
7971	2
7972	1
7973	2
7974	4
7975	2
7976	1
7977	0
7978	1
7979	2
7980	2
7981	1
7982	0
7983	1
7984	0
7985	1
7986	1
7987	1
7988	0
7989	1
7990	1
7991	0
7992	5
7993	0
7994	0
7995	0
7996	2
7997	0
7998	1
7999	1
8000	2
8001	1
8002	2
8003	2
8004	1
8005	1
8006	0
8007	1
8008	0
8009	3
8010	1
8011	0
8012	1
8013	1
8014	0
8015	1
8016	1
8017	0
8018	1
8019	1
8020	2
8021	2
8022	1
8023	6
8024	2
8025	2
8026	2
8027	3
8028	0
8029	1
8030	3
8031	0
8032	0
8033	2
8034	0
8035	1
8036	2
8037	0
8038	3
8039	0
8040	1
8041	2
8042	3
8043	1
8044	0
8045	0
8046	1
8047	2
8048	0
8049	1
8050	0
8051	0
8052	2
8053	1
8054	1
8055	1
8056	1
8057	2
8058	1
8059	0
8060	0
8061	0
8062	2
8063	3
8064	2
8065	0
8066	3
8067	1
8068	2
8069	3
8070	2
8071	1
8072	1
8073	3
8074	0
8075	0
8076	0
8077	1
8078	1
8079	1
8080	2
8081	3
8082	0
8083	0
8084	2
8085	0
8086	4
8087	2
8088	1
8089	0
8090	0
8091	0
8092	2
8093	2
8094	0
8095	0
8096	0
8097	0
8098	0
8099	2
8100	1
8101	1
8102	0
8103	0
8104	0
8105	0
8106	0
8107	2
8108	0
8109	0
8110	0
8111	0
8112	1
8113	0
8114	0
8115	0
8116	1
8117	0
8118	0
8119	0
8120	0
8121	0
8122	1
8123	0
8124	0
8125	0
8126	1
8127	0
8128	0
8129	0
8130	0
8131	0
8132	0
8133	0
8134	0
8135	0
8136	0
8137	0
8138	0
8139	0
8140	0
8141	0
8142	0
8143	0
8144	0
8145	0
8146	0
8147	0
8148	0
8149	0
8150	0
8151	0
8152	0
8153	0
8154	0
8155	0
8156	0
8157	0
8158	0
8159	0
8160	0
8161	0
8162	0
8163	0
8164	0
8165	0
8166	0
8167	0
8168	0
8169	0
8170	0
8171	0
8172	0
8173	0
8174	0
8175	0
8176	0
8177	0
8178	0
8179	0
8180	0
8181	0
8182	0
8183	0
8184	0
8185	0
8186	0
8187	0
8188	0
8189	0
8190	0
8191	0
