0	0
1	0
2	0
3	0
4	0
5	0
6	0
7	0
8	0
9	0
10	0
11	0
12	0
13	0
14	0
15	0
16	0
17	0
18	0
19	0
20	0
21	0
22	0
23	0
24	0
25	0
26	0
27	0
28	0
29	0
30	0
31	0
32	0
33	0
34	0
35	0
36	0
37	0
38	0
39	0
40	0
41	0
42	0
43	0
44	0
45	0
46	0
47	0
48	0
49	0
50	0
51	0
52	0
53	0
54	0
55	0
56	0
57	0
58	0
59	0
60	0
61	0
62	0
63	0
64	0
65	0
66	0
67	0
68	0
69	0
70	0
71	5
72	7
73	8
74	15
75	13
76	12
77	16
78	16
79	11
80	14
81	13
82	18
83	9
84	16
85	19
86	11
87	13
88	13
89	13
90	12
91	12
92	9
93	15
94	12
95	13
96	12
97	16
98	20
99	15
100	11
101	13
102	7
103	9
104	14
105	17
106	16
107	15
108	10
109	16
110	6
111	13
112	11
113	13
114	12
115	16
116	9
117	20
118	14
119	20
120	14
121	20
122	11
123	12
124	8
125	11
126	9
127	14
128	16
129	17
130	5
131	19
132	12
133	13
134	22
135	19
136	16
137	15
138	13
139	18
140	15
141	13
142	13
143	16
144	24
145	10
146	15
147	16
148	18
149	15
150	20
151	17
152	16
153	16
154	24
155	18
156	13
157	15
158	12
159	13
160	20
161	16
162	12
163	13
164	23
165	20
166	26
167	21
168	21
169	21
170	23
171	19
172	19
173	22
174	17
175	12
176	19
177	27
178	15
179	11
180	18
181	21
182	21
183	20
184	16
185	22
186	22
187	17
188	10
189	20
190	16
191	22
192	16
193	9
194	18
195	26
196	24
197	17
198	22
199	23
200	22
201	20
202	26
203	25
204	19
205	16
206	16
207	19
208	19
209	17
210	16
211	18
212	20
213	22
214	25
215	21
216	17
217	23
218	31
219	22
220	20
221	18
222	32
223	15
224	20
225	23
226	29
227	22
228	22
229	28
230	22
231	23
232	23
233	18
234	21
235	32
236	18
237	24
238	24
239	22
240	29
241	20
242	23
243	35
244	25
245	22
246	26
247	18
248	23
249	20
250	21
251	22
252	29
253	29
254	35
255	24
256	29
257	33
258	37
259	27
260	34
261	25
262	34
263	36
264	31
265	25
266	24
267	29
268	31
269	35
270	22
271	25
272	32
273	37
274	32
275	36
276	23
277	27
278	37
279	26
280	34
281	25
282	23
283	33
284	39
285	35
286	25
287	22
288	29
289	28
290	33
291	36
292	28
293	31
294	23
295	29
296	21
297	25
298	25
299	16
300	31
301	34
302	25
303	34
304	35
305	38
306	37
307	27
308	34
309	35
310	30
311	32
312	26
313	33
314	34
315	28
316	31
317	31
318	33
319	30
320	38
321	29
322	24
323	23
324	30
325	31
326	30
327	29
328	26
329	28
330	29
331	29
332	28
333	29
334	29
335	25
336	24
337	28
338	22
339	28
340	28
341	24
342	26
343	24
344	39
345	33
346	27
347	34
348	31
349	31
350	28
351	33
352	25
353	25
354	30
355	32
356	30
357	40
358	37
359	34
360	31
361	26
362	34
363	28
364	28
365	30
366	19
367	34
368	24
369	34
370	31
371	23
372	37
373	31
374	34
375	35
376	37
377	27
378	33
379	25
380	23
381	25
382	29
383	20
384	34
385	16
386	27
387	22
388	24
389	22
390	38
391	36
392	27
393	30
394	20
395	28
396	38
397	21
398	32
399	23
400	26
401	30
402	20
403	32
404	33
405	32
406	30
407	24
408	21
409	30
410	21
411	35
412	28
413	34
414	34
415	14
416	25
417	30
418	26
419	27
420	38
421	26
422	16
423	23
424	29
425	36
426	16
427	22
428	27
429	30
430	22
431	19
432	33
433	29
434	23
435	37
436	27
437	24
438	23
439	32
440	27
441	23
442	28
443	28
444	26
445	29
446	17
447	27
448	23
449	26
450	31
451	29
452	32
453	21
454	24
455	23
456	30
457	23
458	25
459	18
460	28
461	27
462	35
463	38
464	17
465	31
466	21
467	31
468	28
469	24
470	34
471	18
472	32
473	22
474	24
475	24
476	36
477	27
478	22
479	27
480	24
481	33
482	19
483	18
484	25
485	19
486	33
487	27
488	24
489	24
490	24
491	26
492	28
493	28
494	29
495	26
496	32
497	25
498	23
499	30
500	22
501	13
502	20
503	25
504	25
505	28
506	36
507	34
508	26
509	27
510	16
511	42
512	30
513	35
514	31
515	20
516	25
517	29
518	27
519	40
520	28
521	23
522	26
523	26
524	21
525	24
526	35
527	25
528	33
529	35
530	29
531	21
532	20
533	27
534	13
535	35
536	31
537	22
538	35
539	29
540	25
541	19
542	36
543	26
544	27
545	26
546	24
547	22
548	23
549	27
550	25
551	26
552	23
553	20
554	34
555	25
556	32
557	26
558	27
559	18
560	27
561	35
562	22
563	24
564	28
565	31
566	33
567	19
568	20
569	15
570	27
571	41
572	31
573	27
574	30
575	28
576	20
577	20
578	28
579	22
580	17
581	20
582	24
583	21
584	21
585	28
586	18
587	24
588	32
589	18
590	21
591	27
592	18
593	30
594	18
595	28
596	25
597	20
598	27
599	29
600	17
601	26
602	25
603	22
604	32
605	20
606	26
607	21
608	24
609	22
610	14
611	24
612	25
613	29
614	29
615	22
616	27
617	24
618	25
619	23
620	25
621	24
622	21
623	30
624	26
625	25
626	22
627	17
628	20
629	21
630	22
631	24
632	21
633	18
634	21
635	31
636	23
637	21
638	21
639	23
640	29
641	32
642	21
643	26
644	24
645	24
646	14
647	22
648	22
649	15
650	28
651	23
652	15
653	31
654	17
655	24
656	26
657	22
658	32
659	25
660	25
661	27
662	20
663	29
664	27
665	19
666	24
667	29
668	30
669	19
670	23
671	19
672	28
673	25
674	26
675	17
676	19
677	18
678	25
679	28
680	25
681	28
682	28
683	25
684	21
685	23
686	26
687	22
688	31
689	23
690	26
691	22
692	22
693	22
694	26
695	22
696	26
697	29
698	16
699	19
700	27
701	22
702	24
703	21
704	17
705	16
706	20
707	24
708	18
709	20
710	24
711	31
712	28
713	20
714	33
715	26
716	20
717	26
718	17
719	30
720	20
721	24
722	26
723	15
724	22
725	17
726	35
727	23
728	19
729	22
730	25
731	28
732	20
733	24
734	18
735	24
736	26
737	27
738	24
739	24
740	23
741	20
742	30
743	27
744	22
745	23
746	25
747	19
748	19
749	31
750	19
751	25
752	26
753	25
754	17
755	27
756	27
757	23
758	29
759	33
760	29
761	23
762	27
763	30
764	26
765	18
766	20
767	23
768	26
769	18
770	35
771	31
772	19
773	28
774	28
775	27
776	22
777	24
778	26
779	29
780	24
781	17
782	23
783	20
784	22
785	23
786	20
787	20
788	21
789	24
790	25
791	32
792	32
793	19
794	15
795	34
796	16
797	28
798	21
799	20
800	29
801	11
802	23
803	28
804	27
805	28
806	27
807	24
808	23
809	16
810	33
811	22
812	20
813	26
814	20
815	20
816	27
817	21
818	17
819	29
820	22
821	18
822	20
823	22
824	23
825	27
826	21
827	29
828	17
829	24
830	22
831	24
832	30
833	16
834	19
835	26
836	26
837	19
838	28
839	18
840	24
841	13
842	27
843	22
844	28
845	25
846	17
847	26
848	22
849	19
850	18
851	27
852	21
853	18
854	22
855	23
856	21
857	26
858	27
859	25
860	13
861	28
862	26
863	23
864	17
865	20
866	15
867	15
868	25
869	18
870	16
871	16
872	23
873	27
874	28
875	23
876	22
877	18
878	12
879	15
880	21
881	22
882	19
883	21
884	19
885	24
886	21
887	19
888	20
889	19
890	22
891	22
892	19
893	21
894	22
895	22
896	22
897	26
898	15
899	17
900	25
901	21
902	17
903	27
904	20
905	21
906	37
907	23
908	23
909	18
910	27
911	23
912	21
913	22
914	17
915	21
916	26
917	19
918	29
919	21
920	26
921	20
922	16
923	18
924	23
925	23
926	17
927	16
928	21
929	18
930	9
931	13
932	34
933	26
934	18
935	18
936	22
937	13
938	17
939	13
940	18
941	24
942	14
943	13
944	10
945	14
946	14
947	23
948	24
949	22
950	14
951	18
952	23
953	17
954	19
955	20
956	16
957	18
958	16
959	19
960	18
961	24
962	17
963	15
964	18
965	17
966	21
967	18
968	20
969	14
970	23
971	17
972	23
973	23
974	26
975	18
976	20
977	22
978	19
979	21
980	17
981	13
982	25
983	10
984	12
985	16
986	26
987	19
988	18
989	16
990	17
991	20
992	17
993	22
994	18
995	17
996	19
997	18
998	17
999	24
1000	13
1001	14
1002	28
1003	19
1004	13
1005	14
1006	18
1007	24
1008	15
1009	24
1010	22
1011	18
1012	23
1013	23
1014	17
1015	21
1016	14
1017	15
1018	17
1019	19
1020	20
1021	15
1022	15
1023	16
1024	14
1025	19
1026	18
1027	18
1028	19
1029	22
1030	32
1031	12
1032	20
1033	19
1034	25
1035	17
1036	24
1037	14
1038	23
1039	14
1040	18
1041	8
1042	19
1043	20
1044	21
1045	24
1046	21
1047	20
1048	13
1049	23
1050	13
1051	16
1052	23
1053	17
1054	35
1055	18
1056	15
1057	13
1058	22
1059	19
1060	19
1061	18
1062	14
1063	22
1064	13
1065	25
1066	23
1067	20
1068	22
1069	19
1070	12
1071	17
1072	24
1073	24
1074	17
1075	13
1076	18
1077	23
1078	15
1079	14
1080	18
1081	18
1082	15
1083	22
1084	22
1085	13
1086	17
1087	12
1088	19
1089	15
1090	13
1091	13
1092	18
1093	19
1094	15
1095	13
1096	14
1097	21
1098	10
1099	11
1100	15
1101	21
1102	12
1103	19
1104	10
1105	16
1106	20
1107	20
1108	21
1109	9
1110	13
1111	25
1112	16
1113	21
1114	17
1115	15
1116	17
1117	16
1118	21
1119	18
1120	12
1121	16
1122	21
1123	9
1124	16
1125	16
1126	16
1127	18
1128	18
1129	20
1130	7
1131	22
1132	16
1133	20
1134	16
1135	16
1136	18
1137	18
1138	15
1139	20
1140	14
1141	13
1142	14
1143	9
1144	21
1145	17
1146	15
1147	15
1148	7
1149	20
1150	15
1151	15
1152	20
1153	15
1154	16
1155	16
1156	10
1157	16
1158	15
1159	9
1160	18
1161	15
1162	8
1163	13
1164	16
1165	11
1166	12
1167	10
1168	17
1169	11
1170	12
1171	19
1172	17
1173	16
1174	21
1175	19
1176	22
1177	11
1178	21
1179	12
1180	7
1181	15
1182	13
1183	18
1184	14
1185	11
1186	22
1187	14
1188	14
1189	13
1190	7
1191	9
1192	8
1193	15
1194	12
1195	16
1196	13
1197	16
1198	19
1199	10
1200	9
1201	7
1202	16
1203	6
1204	15
1205	15
1206	9
1207	11
1208	13
1209	14
1210	14
1211	19
1212	20
1213	18
1214	12
1215	10
1216	16
1217	16
1218	13
1219	16
1220	14
1221	18
1222	12
1223	14
1224	14
1225	9
1226	12
1227	17
1228	19
1229	9
1230	14
1231	14
1232	13
1233	14
1234	18
1235	12
1236	10
1237	12
1238	17
1239	20
1240	15
1241	9
1242	16
1243	14
1244	17
1245	15
1246	9
1247	14
1248	7
1249	16
1250	13
1251	13
1252	13
1253	19
1254	19
1255	15
1256	12
1257	10
1258	14
1259	14
1260	11
1261	18
1262	13
1263	11
1264	11
1265	5
1266	11
1267	9
1268	19
1269	15
1270	15
1271	12
1272	7
1273	17
1274	21
1275	18
1276	14
1277	12
1278	8
1279	10
1280	12
1281	13
1282	4
1283	16
1284	13
1285	17
1286	13
1287	9
1288	21
1289	10
1290	9
1291	17
1292	11
1293	8
1294	16
1295	6
1296	11
1297	9
1298	12
1299	17
1300	11
1301	12
1302	11
1303	9
1304	8
1305	12
1306	15
1307	9
1308	9
1309	13
1310	10
1311	13
1312	17
1313	9
1314	15
1315	11
1316	9
1317	13
1318	8
1319	12
1320	9
1321	11
1322	9
1323	12
1324	15
1325	8
1326	5
1327	13
1328	9
1329	14
1330	12
1331	7
1332	18
1333	11
1334	11
1335	16
1336	12
1337	16
1338	14
1339	16
1340	9
1341	10
1342	13
1343	15
1344	22
1345	15
1346	5
1347	6
1348	17
1349	17
1350	9
1351	15
1352	14
1353	7
1354	9
1355	14
1356	11
1357	15
1358	14
1359	15
1360	10
1361	6
1362	20
1363	12
1364	14
1365	12
1366	15
1367	7
1368	12
1369	20
1370	16
1371	12
1372	16
1373	8
1374	21
1375	12
1376	12
1377	10
1378	14
1379	13
1380	9
1381	15
1382	10
1383	8
1384	12
1385	9
1386	8
1387	3
1388	17
1389	11
1390	11
1391	14
1392	11
1393	6
1394	14
1395	14
1396	14
1397	9
1398	12
1399	14
1400	11
1401	11
1402	11
1403	11
1404	15
1405	14
1406	12
1407	9
1408	8
1409	9
1410	17
1411	11
1412	8
1413	9
1414	12
1415	11
1416	9
1417	13
1418	6
1419	17
1420	3
1421	8
1422	19
1423	13
1424	17
1425	9
1426	18
1427	14
1428	19
1429	7
1430	13
1431	9
1432	10
1433	15
1434	8
1435	7
1436	14
1437	8
1438	7
1439	12
1440	11
1441	13
1442	9
1443	17
1444	8
1445	13
1446	10
1447	12
1448	12
1449	12
1450	9
1451	14
1452	16
1453	10
1454	14
1455	11
1456	8
1457	11
1458	16
1459	7
1460	14
1461	16
1462	7
1463	10
1464	11
1465	12
1466	17
1467	10
1468	13
1469	13
1470	17
1471	11
1472	15
1473	10
1474	10
1475	8
1476	13
1477	12
1478	12
1479	9
1480	8
1481	15
1482	9
1483	8
1484	11
1485	9
1486	8
1487	9
1488	6
1489	7
1490	9
1491	11
1492	9
1493	7
1494	17
1495	11
1496	8
1497	16
1498	11
1499	5
1500	9
1501	12
1502	11
1503	9
1504	9
1505	6
1506	10
1507	6
1508	12
1509	11
1510	13
1511	10
1512	8
1513	11
1514	4
1515	13
1516	10
1517	12
1518	10
1519	10
1520	13
1521	7
1522	6
1523	11
1524	13
1525	12
1526	4
1527	9
1528	6
1529	13
1530	11
1531	12
1532	13
1533	9
1534	9
1535	11
1536	9
1537	6
1538	9
1539	8
1540	11
1541	8
1542	8
1543	11
1544	4
1545	6
1546	11
1547	9
1548	5
1549	11
1550	9
1551	8
1552	10
1553	12
1554	6
1555	17
1556	8
1557	5
1558	10
1559	8
1560	8
1561	8
1562	8
1563	9
1564	13
1565	11
1566	4
1567	9
1568	7
1569	10
1570	12
1571	11
1572	10
1573	5
1574	10
1575	11
1576	13
1577	8
1578	5
1579	9
1580	6
1581	11
1582	15
1583	12
1584	12
1585	7
1586	10
1587	11
1588	4
1589	9
1590	8
1591	8
1592	6
1593	9
1594	6
1595	8
1596	8
1597	7
1598	7
1599	9
1600	4
1601	3
1602	12
1603	7
1604	8
1605	8
1606	8
1607	7
1608	13
1609	8
1610	9
1611	9
1612	9
1613	8
1614	10
1615	7
1616	8
1617	3
1618	9
1619	8
1620	10
1621	7
1622	3
1623	12
1624	9
1625	10
1626	9
1627	6
1628	5
1629	5
1630	5
1631	7
1632	5
1633	4
1634	7
1635	7
1636	9
1637	11
1638	3
1639	9
1640	8
1641	10
1642	9
1643	7
1644	9
1645	3
1646	7
1647	4
1648	8
1649	7
1650	7
1651	9
1652	11
1653	8
1654	9
1655	6
1656	10
1657	8
1658	4
1659	11
1660	6
1661	2
1662	4
1663	6
1664	6
1665	3
1666	2
1667	4
1668	15
1669	4
1670	5
1671	10
1672	5
1673	5
1674	2
1675	5
1676	9
1677	3
1678	7
1679	3
1680	11
1681	4
1682	8
1683	3
1684	10
1685	10
1686	4
1687	9
1688	7
1689	7
1690	9
1691	2
1692	6
1693	6
1694	11
1695	5
1696	7
1697	9
1698	9
1699	4
1700	6
1701	4
1702	5
1703	7
1704	6
1705	6
1706	6
1707	4
1708	6
1709	6
1710	8
1711	9
1712	6
1713	8
1714	5
1715	5
1716	4
1717	8
1718	6
1719	3
1720	6
1721	4
1722	5
1723	3
1724	10
1725	3
1726	6
1727	6
1728	4
1729	9
1730	7
1731	7
1732	5
1733	1
1734	5
1735	2
1736	5
1737	9
1738	6
1739	6
1740	5
1741	2
1742	3
1743	6
1744	10
1745	2
1746	5
1747	3
1748	4
1749	6
1750	6
1751	4
1752	7
1753	2
1754	10
1755	8
1756	6
1757	7
1758	4
1759	3
1760	5
1761	2
1762	2
1763	3
1764	6
1765	6
1766	7
1767	7
1768	4
1769	4
1770	10
1771	4
1772	6
1773	7
1774	6
1775	6
1776	7
1777	5
1778	7
1779	2
1780	5
1781	7
1782	7
1783	7
1784	5
1785	7
1786	10
1787	5
1788	6
1789	6
1790	7
1791	5
1792	7
1793	10
1794	7
1795	5
1796	6
1797	5
1798	1
1799	6
1800	5
1801	5
1802	8
1803	4
1804	9
1805	6
1806	6
1807	7
1808	5
1809	5
1810	5
1811	3
1812	8
1813	3
1814	7
1815	5
1816	2
1817	1
1818	6
1819	3
1820	10
1821	4
1822	5
1823	4
1824	5
1825	3
1826	6
1827	4
1828	5
1829	8
1830	5
1831	5
1832	5
1833	10
1834	4
1835	4
1836	6
1837	3
1838	3
1839	8
1840	4
1841	9
1842	2
1843	3
1844	4
1845	1
1846	3
1847	3
1848	5
1849	8
1850	3
1851	5
1852	8
1853	6
1854	7
1855	3
1856	3
1857	7
1858	5
1859	3
1860	4
1861	2
1862	5
1863	2
1864	2
1865	2
1866	7
1867	5
1868	6
1869	10
1870	6
1871	7
1872	3
1873	6
1874	4
1875	4
1876	9
1877	1
1878	8
1879	5
1880	11
1881	5
1882	2
1883	2
1884	6
1885	5
1886	4
1887	5
1888	3
1889	4
1890	7
1891	5
1892	5
1893	5
1894	6
1895	2
1896	3
1897	5
1898	6
1899	3
1900	6
1901	5
1902	4
1903	3
1904	2
1905	7
1906	3
1907	3
1908	3
1909	3
1910	7
1911	3
1912	3
1913	2
1914	6
1915	4
1916	2
1917	5
1918	6
1919	4
1920	6
1921	8
1922	3
1923	4
1924	3
1925	3
1926	2
1927	5
1928	6
1929	4
1930	5
1931	4
1932	4
1933	6
1934	4
1935	2
1936	5
1937	3
1938	4
1939	5
1940	8
1941	4
1942	6
1943	2
1944	3
1945	6
1946	3
1947	9
1948	1
1949	5
1950	2
1951	7
1952	4
1953	6
1954	5
1955	8
1956	4
1957	2
1958	5
1959	2
1960	2
1961	1
1962	6
1963	3
1964	0
1965	2
1966	5
1967	6
1968	5
1969	3
1970	7
1971	5
1972	5
1973	2
1974	2
1975	2
1976	4
1977	6
1978	1
1979	3
1980	7
1981	3
1982	5
1983	5
1984	5
1985	4
1986	6
1987	4
1988	7
1989	5
1990	1
1991	6
1992	3
1993	6
1994	5
1995	5
1996	4
1997	1
1998	3
1999	3
2000	7
2001	1
2002	6
2003	3
2004	5
2005	6
2006	2
2007	2
2008	3
2009	5
2010	5
2011	6
2012	4
2013	5
2014	6
2015	1
2016	6
2017	3
2018	6
2019	5
2020	8
2021	3
2022	3
2023	4
2024	1
2025	5
2026	3
2027	4
2028	6
2029	3
2030	4
2031	6
2032	5
2033	7
2034	5
2035	3
2036	3
2037	2
2038	7
2039	4
2040	5
2041	4
2042	2
2043	4
2044	6
2045	3
2046	5
2047	4
2048	4
2049	7
2050	3
2051	2
2052	3
2053	2
2054	4
2055	5
2056	5
2057	3
2058	6
2059	1
2060	4
2061	2
2062	2
2063	5
2064	6
2065	3
2066	1
2067	2
2068	9
2069	2
2070	2
2071	4
2072	4
2073	6
2074	3
2075	1
2076	4
2077	4
2078	3
2079	6
2080	6
2081	4
2082	7
2083	8
2084	4
2085	4
2086	0
2087	3
2088	3
2089	7
2090	3
2091	4
2092	2
2093	3
2094	3
2095	7
2096	3
2097	6
2098	6
2099	4
2100	3
2101	3
2102	3
2103	1
2104	3
2105	2
2106	5
2107	1
2108	2
2109	2
2110	1
2111	1
2112	5
2113	8
2114	2
2115	3
2116	4
2117	3
2118	9
2119	3
2120	0
2121	3
2122	4
2123	6
2124	3
2125	7
2126	3
2127	4
2128	5
2129	5
2130	2
2131	6
2132	3
2133	2
2134	2
2135	2
2136	4
2137	3
2138	8
2139	2
2140	3
2141	4
2142	0
2143	5
2144	4
2145	5
2146	5
2147	6
2148	3
2149	2
2150	5
2151	1
2152	4
2153	5
2154	5
2155	2
2156	2
2157	5
2158	2
2159	4
2160	2
2161	5
2162	6
2163	2
2164	5
2165	4
2166	2
2167	7
2168	6
2169	7
2170	2
2171	3
2172	5
2173	1
2174	4
2175	4
2176	6
2177	2
2178	6
2179	3
2180	3
2181	9
2182	3
2183	3
2184	10
2185	5
2186	3
2187	3
2188	2
2189	5
2190	5
2191	4
2192	4
2193	3
2194	5
2195	5
2196	2
2197	4
2198	1
2199	4
2200	4
2201	6
2202	6
2203	2
2204	1
2205	5
2206	2
2207	6
2208	8
2209	2
2210	4
2211	6
2212	4
2213	5
2214	1
2215	6
2216	3
2217	5
2218	7
2219	4
2220	3
2221	4
2222	4
2223	5
2224	9
2225	7
2226	6
2227	7
2228	4
2229	9
2230	7
2231	3
2232	7
2233	5
2234	6
2235	3
2236	4
2237	6
2238	3
2239	5
2240	5
2241	11
2242	5
2243	5
2244	9
2245	12
2246	8
2247	8
2248	10
2249	9
2250	8
2251	5
2252	8
2253	5
2254	9
2255	8
2256	9
2257	9
2258	12
2259	9
2260	8
2261	8
2262	6
2263	4
2264	7
2265	14
2266	6
2267	10
2268	14
2269	15
2270	6
2271	11
2272	14
2273	12
2274	13
2275	12
2276	10
2277	12
2278	12
2279	9
2280	10
2281	8
2282	9
2283	14
2284	12
2285	18
2286	14
2287	8
2288	18
2289	21
2290	7
2291	12
2292	11
2293	16
2294	14
2295	11
2296	15
2297	23
2298	19
2299	13
2300	19
2301	12
2302	14
2303	21
2304	18
2305	23
2306	12
2307	18
2308	18
2309	17
2310	21
2311	14
2312	19
2313	24
2314	35
2315	23
2316	21
2317	27
2318	21
2319	17
2320	24
2321	23
2322	31
2323	28
2324	21
2325	22
2326	15
2327	27
2328	30
2329	23
2330	27
2331	27
2332	23
2333	22
2334	31
2335	33
2336	27
2337	34
2338	25
2339	20
2340	38
2341	25
2342	27
2343	32
2344	32
2345	24
2346	42
2347	45
2348	40
2349	32
2350	31
2351	40
2352	36
2353	29
2354	47
2355	38
2356	34
2357	32
2358	38
2359	35
2360	42
2361	39
2362	44
2363	46
2364	38
2365	35
2366	44
2367	41
2368	41
2369	53
2370	43
2371	43
2372	57
2373	52
2374	55
2375	33
2376	40
2377	37
2378	38
2379	53
2380	48
2381	44
2382	55
2383	51
2384	37
2385	40
2386	50
2387	35
2388	40
2389	40
2390	49
2391	43
2392	63
2393	62
2394	50
2395	46
2396	45
2397	57
2398	49
2399	43
2400	44
2401	56
2402	58
2403	61
2404	53
2405	42
2406	61
2407	56
2408	59
2409	64
2410	54
2411	52
2412	59
2413	59
2414	56
2415	50
2416	61
2417	56
2418	67
2419	57
2420	58
2421	51
2422	51
2423	49
2424	68
2425	56
2426	43
2427	57
2428	49
2429	45
2430	59
2431	52
2432	43
2433	60
2434	52
2435	50
2436	59
2437	44
2438	47
2439	44
2440	42
2441	53
2442	50
2443	49
2444	49
2445	57
2446	57
2447	49
2448	66
2449	43
2450	45
2451	50
2452	40
2453	50
2454	54
2455	63
2456	36
2457	52
2458	46
2459	57
2460	50
2461	37
2462	45
2463	45
2464	51
2465	58
2466	52
2467	53
2468	55
2469	45
2470	57
2471	57
2472	41
2473	36
2474	39
2475	45
2476	43
2477	45
2478	55
2479	46
2480	42
2481	38
2482	38
2483	47
2484	30
2485	33
2486	39
2487	27
2488	46
2489	39
2490	38
2491	41
2492	40
2493	34
2494	32
2495	48
2496	38
2497	26
2498	37
2499	29
2500	28
2501	43
2502	26
2503	19
2504	41
2505	36
2506	28
2507	30
2508	30
2509	39
2510	24
2511	25
2512	30
2513	33
2514	27
2515	31
2516	28
2517	32
2518	24
2519	18
2520	30
2521	24
2522	20
2523	23
2524	25
2525	27
2526	28
2527	24
2528	30
2529	19
2530	23
2531	11
2532	18
2533	17
2534	16
2535	21
2536	21
2537	16
2538	26
2539	16
2540	13
2541	22
2542	21
2543	22
2544	13
2545	17
2546	23
2547	19
2548	24
2549	19
2550	26
2551	16
2552	21
2553	15
2554	16
2555	13
2556	10
2557	9
2558	18
2559	8
2560	21
2561	11
2562	14
2563	9
2564	17
2565	8
2566	12
2567	12
2568	7
2569	7
2570	8
2571	9
2572	8
2573	7
2574	9
2575	9
2576	9
2577	7
2578	11
2579	16
2580	9
2581	5
2582	11
2583	5
2584	6
2585	8
2586	4
2587	3
2588	5
2589	8
2590	9
2591	5
2592	5
2593	9
2594	8
2595	6
2596	6
2597	8
2598	6
2599	2
2600	5
2601	6
2602	7
2603	5
2604	5
2605	9
2606	4
2607	3
2608	3
2609	6
2610	7
2611	6
2612	5
2613	5
2614	6
2615	2
2616	7
2617	5
2618	3
2619	6
2620	5
2621	2
2622	4
2623	3
2624	9
2625	5
2626	3
2627	4
2628	3
2629	6
2630	5
2631	5
2632	3
2633	2
2634	4
2635	5
2636	5
2637	2
2638	3
2639	6
2640	3
2641	7
2642	1
2643	5
2644	2
2645	2
2646	4
2647	1
2648	2
2649	2
2650	3
2651	4
2652	1
2653	3
2654	6
2655	2
2656	1
2657	2
2658	2
2659	1
2660	4
2661	1
2662	3
2663	2
2664	2
2665	1
2666	2
2667	3
2668	5
2669	2
2670	4
2671	2
2672	1
2673	3
2674	1
2675	3
2676	3
2677	6
2678	3
2679	1
2680	3
2681	3
2682	2
2683	3
2684	5
2685	3
2686	2
2687	3
2688	4
2689	1
2690	5
2691	3
2692	4
2693	3
2694	3
2695	3
2696	2
2697	3
2698	4
2699	3
2700	3
2701	3
2702	3
2703	5
2704	2
2705	4
2706	3
2707	3
2708	4
2709	5
2710	4
2711	1
2712	4
2713	2
2714	7
2715	7
2716	3
2717	1
2718	2
2719	3
2720	4
2721	4
2722	1
2723	3
2724	2
2725	2
2726	2
2727	2
2728	2
2729	4
2730	3
2731	3
2732	2
2733	2
2734	3
2735	4
2736	7
2737	3
2738	1
2739	4
2740	6
2741	1
2742	3
2743	3
2744	4
2745	3
2746	3
2747	2
2748	3
2749	1
2750	3
2751	4
2752	8
2753	1
2754	2
2755	5
2756	1
2757	1
2758	3
2759	2
2760	2
2761	0
2762	3
2763	2
2764	2
2765	5
2766	3
2767	3
2768	2
2769	1
2770	5
2771	1
2772	0
2773	1
2774	3
2775	4
2776	1
2777	4
2778	1
2779	1
2780	4
2781	4
2782	3
2783	1
2784	2
2785	3
2786	3
2787	1
2788	1
2789	3
2790	4
2791	4
2792	7
2793	3
2794	5
2795	4
2796	2
2797	5
2798	5
2799	2
2800	3
2801	3
2802	3
2803	1
2804	5
2805	2
2806	1
2807	3
2808	1
2809	2
2810	1
2811	2
2812	3
2813	0
2814	4
2815	2
2816	3
2817	5
2818	2
2819	6
2820	2
2821	5
2822	2
2823	4
2824	7
2825	2
2826	1
2827	3
2828	5
2829	2
2830	3
2831	2
2832	2
2833	6
2834	2
2835	2
2836	3
2837	4
2838	4
2839	2
2840	2
2841	1
2842	0
2843	4
2844	1
2845	5
2846	4
2847	5
2848	6
2849	3
2850	5
2851	2
2852	2
2853	0
2854	2
2855	2
2856	5
2857	4
2858	2
2859	4
2860	1
2861	2
2862	2
2863	2
2864	2
2865	2
2866	3
2867	2
2868	1
2869	3
2870	3
2871	2
2872	1
2873	6
2874	5
2875	5
2876	2
2877	3
2878	6
2879	1
2880	0
2881	1
2882	4
2883	4
2884	2
2885	2
2886	2
2887	1
2888	0
2889	3
2890	2
2891	3
2892	5
2893	2
2894	0
2895	1
2896	6
2897	1
2898	0
2899	4
2900	4
2901	0
2902	2
2903	2
2904	2
2905	3
2906	2
2907	1
2908	3
2909	5
2910	2
2911	5
2912	6
2913	2
2914	3
2915	4
2916	4
2917	2
2918	1
2919	2
2920	3
2921	4
2922	1
2923	2
2924	4
2925	3
2926	3
2927	3
2928	1
2929	0
2930	7
2931	0
2932	3
2933	3
2934	4
2935	3
2936	1
2937	1
2938	0
2939	4
2940	1
2941	3
2942	3
2943	2
2944	1
2945	1
2946	1
2947	2
2948	2
2949	3
2950	4
2951	0
2952	3
2953	2
2954	0
2955	3
2956	4
2957	4
2958	3
2959	0
2960	4
2961	4
2962	3
2963	3
2964	1
2965	2
2966	3
2967	4
2968	3
2969	3
2970	2
2971	3
2972	2
2973	0
2974	5
2975	0
2976	4
2977	4
2978	4
2979	5
2980	4
2981	1
2982	3
2983	4
2984	4
2985	4
2986	3
2987	4
2988	3
2989	1
2990	2
2991	1
2992	3
2993	2
2994	2
2995	2
2996	2
2997	4
2998	2
2999	2
3000	2
3001	3
3002	4
3003	2
3004	3
3005	4
3006	2
3007	0
3008	1
3009	2
3010	3
3011	2
3012	2
3013	4
3014	1
3015	3
3016	2
3017	2
3018	1
3019	2
3020	3
3021	3
3022	5
3023	3
3024	0
3025	1
3026	1
3027	5
3028	2
3029	2
3030	0
3031	0
3032	2
3033	4
3034	0
3035	2
3036	1
3037	2
3038	4
3039	1
3040	2
3041	2
3042	2
3043	4
3044	2
3045	0
3046	1
3047	0
3048	2
3049	0
3050	1
3051	1
3052	1
3053	4
3054	1
3055	3
3056	3
3057	1
3058	3
3059	3
3060	5
3061	2
3062	8
3063	1
3064	2
3065	2
3066	0
3067	3
3068	1
3069	4
3070	4
3071	0
3072	0
3073	1
3074	2
3075	0
3076	1
3077	4
3078	2
3079	2
3080	2
3081	1
3082	2
3083	3
3084	5
3085	0
3086	2
3087	0
3088	3
3089	3
3090	1
3091	2
3092	0
3093	5
3094	3
3095	1
3096	2
3097	1
3098	2
3099	0
3100	1
3101	5
3102	6
3103	5
3104	3
3105	3
3106	1
3107	1
3108	1
3109	2
3110	6
3111	0
3112	3
3113	0
3114	4
3115	2
3116	3
3117	1
3118	2
3119	0
3120	3
3121	1
3122	2
3123	2
3124	3
3125	2
3126	1
3127	2
3128	2
3129	0
3130	1
3131	2
3132	1
3133	4
3134	3
3135	2
3136	2
3137	1
3138	3
3139	5
3140	1
3141	6
3142	1
3143	5
3144	3
3145	3
3146	2
3147	0
3148	1
3149	1
3150	8
3151	3
3152	4
3153	1
3154	2
3155	0
3156	2
3157	0
3158	2
3159	4
3160	0
3161	1
3162	2
3163	5
3164	4
3165	4
3166	2
3167	2
3168	3
3169	6
3170	4
3171	8
3172	1
3173	1
3174	2
3175	2
3176	1
3177	0
3178	4
3179	4
3180	0
3181	4
3182	3
3183	3
3184	6
3185	3
3186	5
3187	1
3188	4
3189	3
3190	5
3191	3
3192	0
3193	0
3194	4
3195	3
3196	2
3197	4
3198	1
3199	6
3200	8
3201	0
3202	1
3203	1
3204	3
3205	0
3206	3
3207	2
3208	0
3209	3
3210	3
3211	2
3212	3
3213	2
3214	1
3215	1
3216	3
3217	2
3218	1
3219	3
3220	2
3221	0
3222	2
3223	5
3224	1
3225	2
3226	0
3227	0
3228	2
3229	6
3230	0
3231	0
3232	0
3233	3
3234	2
3235	1
3236	1
3237	3
3238	3
3239	5
3240	3
3241	3
3242	4
3243	1
3244	2
3245	2
3246	3
3247	0
3248	2
3249	2
3250	2
3251	1
3252	4
3253	5
3254	1
3255	0
3256	5
3257	3
3258	3
3259	4
3260	2
3261	3
3262	3
3263	4
3264	3
3265	2
3266	4
3267	0
3268	2
3269	5
3270	5
3271	0
3272	3
3273	1
3274	0
3275	1
3276	3
3277	1
3278	2
3279	1
3280	3
3281	1
3282	0
3283	2
3284	4
3285	0
3286	0
3287	2
3288	1
3289	1
3290	1
3291	5
3292	2
3293	2
3294	3
3295	4
3296	3
3297	3
3298	2
3299	1
3300	3
3301	1
3302	5
3303	1
3304	1
3305	1
3306	2
3307	2
3308	2
3309	1
3310	2
3311	1
3312	1
3313	4
3314	1
3315	2
3316	2
3317	3
3318	1
3319	3
3320	2
3321	2
3322	4
3323	1
3324	3
3325	1
3326	3
3327	1
3328	1
3329	4
3330	0
3331	1
3332	2
3333	5
3334	4
3335	1
3336	3
3337	1
3338	3
3339	2
3340	4
3341	4
3342	2
3343	0
3344	2
3345	1
3346	2
3347	4
3348	2
3349	1
3350	2
3351	2
3352	2
3353	2
3354	2
3355	1
3356	5
3357	1
3358	5
3359	2
3360	1
3361	3
3362	1
3363	2
3364	6
3365	3
3366	2
3367	2
3368	2
3369	3
3370	0
3371	4
3372	3
3373	1
3374	4
3375	0
3376	3
3377	3
3378	3
3379	2
3380	3
3381	2
3382	0
3383	3
3384	5
3385	1
3386	3
3387	1
3388	3
3389	7
3390	2
3391	1
3392	3
3393	2
3394	4
3395	2
3396	3
3397	2
3398	4
3399	0
3400	0
3401	4
3402	3
3403	4
3404	3
3405	4
3406	2
3407	3
3408	2
3409	2
3410	2
3411	0
3412	1
3413	2
3414	3
3415	2
3416	0
3417	2
3418	5
3419	0
3420	0
3421	2
3422	0
3423	3
3424	4
3425	1
3426	4
3427	6
3428	4
3429	3
3430	3
3431	1
3432	2
3433	3
3434	2
3435	1
3436	0
3437	1
3438	0
3439	1
3440	2
3441	2
3442	6
3443	4
3444	3
3445	0
3446	1
3447	3
3448	3
3449	3
3450	3
3451	3
3452	3
3453	1
3454	1
3455	3
3456	3
3457	0
3458	3
3459	3
3460	3
3461	4
3462	2
3463	4
3464	3
3465	2
3466	2
3467	4
3468	3
3469	1
3470	5
3471	4
3472	4
3473	1
3474	1
3475	3
3476	6
3477	4
3478	2
3479	5
3480	0
3481	4
3482	1
3483	2
3484	2
3485	3
3486	0
3487	1
3488	1
3489	1
3490	3
3491	3
3492	3
3493	2
3494	2
3495	5
3496	6
3497	1
3498	1
3499	1
3500	1
3501	3
3502	2
3503	3
3504	3
3505	2
3506	5
3507	0
3508	2
3509	3
3510	2
3511	2
3512	3
3513	3
3514	0
3515	3
3516	0
3517	1
3518	0
3519	0
3520	3
3521	2
3522	1
3523	0
3524	4
3525	6
3526	1
3527	0
3528	1
3529	1
3530	0
3531	1
3532	1
3533	3
3534	6
3535	0
3536	4
3537	1
3538	2
3539	3
3540	4
3541	2
3542	0
3543	2
3544	3
3545	0
3546	1
3547	3
3548	0
3549	3
3550	2
3551	2
3552	5
3553	2
3554	1
3555	2
3556	2
3557	5
3558	3
3559	0
3560	3
3561	0
3562	0
3563	1
3564	3
3565	2
3566	6
3567	2
3568	1
3569	0
3570	2
3571	1
3572	2
3573	3
3574	2
3575	4
3576	1
3577	1
3578	3
3579	2
3580	1
3581	0
3582	1
3583	1
3584	1
3585	0
3586	3
3587	6
3588	3
3589	0
3590	1
3591	2
3592	3
3593	2
3594	4
3595	4
3596	2
3597	2
3598	3
3599	1
3600	4
3601	1
3602	3
3603	0
3604	2
3605	1
3606	1
3607	1
3608	1
3609	4
3610	1
3611	1
3612	2
3613	1
3614	1
3615	1
3616	3
3617	3
3618	1
3619	2
3620	3
3621	2
3622	2
3623	2
3624	0
3625	4
3626	0
3627	2
3628	2
3629	0
3630	1
3631	1
3632	3
3633	0
3634	2
3635	2
3636	2
3637	2
3638	0
3639	1
3640	3
3641	2
3642	2
3643	0
3644	1
3645	2
3646	1
3647	1
3648	3
3649	3
3650	1
3651	2
3652	3
3653	3
3654	0
3655	1
3656	3
3657	0
3658	4
3659	4
3660	3
3661	2
3662	1
3663	0
3664	4
3665	2
3666	1
3667	0
3668	1
3669	0
3670	3
3671	3
3672	0
3673	1
3674	2
3675	0
3676	3
3677	1
3678	3
3679	5
3680	1
3681	1
3682	3
3683	1
3684	1
3685	1
3686	1
3687	2
3688	2
3689	3
3690	2
3691	3
3692	1
3693	2
3694	1
3695	2
3696	0
3697	3
3698	4
3699	2
3700	2
3701	2
3702	2
3703	1
3704	5
3705	2
3706	3
3707	1
3708	4
3709	3
3710	0
3711	0
3712	3
3713	3
3714	2
3715	0
3716	0
3717	3
3718	2
3719	4
3720	1
3721	0
3722	3
3723	4
3724	2
3725	2
3726	0
3727	5
3728	2
3729	2
3730	2
3731	2
3732	4
3733	1
3734	2
3735	0
3736	4
3737	5
3738	6
3739	4
3740	6
3741	1
3742	3
3743	1
3744	3
3745	0
3746	1
3747	3
3748	2
3749	5
3750	3
3751	0
3752	2
3753	3
3754	1
3755	2
3756	1
3757	5
3758	2
3759	0
3760	0
3761	1
3762	0
3763	2
3764	0
3765	2
3766	0
3767	2
3768	1
3769	4
3770	3
3771	2
3772	5
3773	2
3774	1
3775	2
3776	2
3777	0
3778	4
3779	1
3780	1
3781	4
3782	2
3783	2
3784	2
3785	3
3786	3
3787	2
3788	0
3789	1
3790	1
3791	1
3792	2
3793	2
3794	2
3795	2
3796	2
3797	3
3798	2
3799	4
3800	2
3801	4
3802	6
3803	4
3804	1
3805	1
3806	1
3807	2
3808	0
3809	1
3810	3
3811	1
3812	3
3813	2
3814	4
3815	3
3816	0
3817	3
3818	1
3819	0
3820	1
3821	1
3822	2
3823	1
3824	1
3825	0
3826	3
3827	4
3828	1
3829	0
3830	4
3831	2
3832	2
3833	2
3834	2
3835	0
3836	0
3837	2
3838	3
3839	1
3840	2
3841	3
3842	3
3843	2
3844	3
3845	1
3846	0
3847	1
3848	0
3849	2
3850	0
3851	0
3852	0
3853	3
3854	4
3855	0
3856	1
3857	2
3858	2
3859	2
3860	1
3861	1
3862	2
3863	3
3864	0
3865	2
3866	3
3867	1
3868	1
3869	3
3870	1
3871	4
3872	2
3873	0
3874	0
3875	2
3876	4
3877	0
3878	2
3879	3
3880	1
3881	0
3882	0
3883	1
3884	3
3885	2
3886	2
3887	2
3888	1
3889	0
3890	1
3891	2
3892	3
3893	4
3894	1
3895	1
3896	4
3897	3
3898	2
3899	2
3900	1
3901	4
3902	3
3903	3
3904	1
3905	3
3906	0
3907	2
3908	3
3909	0
3910	1
3911	0
3912	3
3913	4
3914	3
3915	0
3916	3
3917	1
3918	6
3919	2
3920	3
3921	0
3922	1
3923	1
3924	2
3925	2
3926	0
3927	2
3928	4
3929	7
3930	1
3931	1
3932	4
3933	1
3934	0
3935	3
3936	2
3937	0
3938	1
3939	0
3940	2
3941	0
3942	1
3943	3
3944	2
3945	4
3946	2
3947	1
3948	2
3949	1
3950	1
3951	1
3952	2
3953	5
3954	0
3955	1
3956	1
3957	1
3958	1
3959	0
3960	2
3961	5
3962	3
3963	2
3964	2
3965	1
3966	1
3967	3
3968	3
3969	1
3970	1
3971	2
3972	1
3973	1
3974	0
3975	1
3976	3
3977	0
3978	0
3979	0
3980	1
3981	1
3982	0
3983	2
3984	1
3985	3
3986	1
3987	1
3988	3
3989	3
3990	2
3991	1
3992	3
3993	1
3994	5
3995	0
3996	2
3997	2
3998	3
3999	1
4000	6
4001	1
4002	2
4003	4
4004	0
4005	2
4006	3
4007	1
4008	0
4009	1
4010	3
4011	1
4012	2
4013	2
4014	5
4015	1
4016	3
4017	2
4018	1
4019	3
4020	5
4021	3
4022	1
4023	2
4024	5
4025	2
4026	3
4027	1
4028	0
4029	2
4030	1
4031	1
4032	0
4033	2
4034	1
4035	1
4036	4
4037	1
4038	0
4039	1
4040	1
4041	2
4042	2
4043	1
4044	1
4045	1
4046	3
4047	2
4048	0
4049	2
4050	3
4051	0
4052	0
4053	1
4054	4
4055	2
4056	3
4057	3
4058	0
4059	4
4060	2
4061	2
4062	1
4063	2
4064	1
4065	4
4066	1
4067	1
4068	3
4069	1
4070	1
4071	3
4072	0
4073	4
4074	3
4075	0
4076	2
4077	0
4078	1
4079	3
4080	1
4081	0
4082	0
4083	7
4084	0
4085	1
4086	2
4087	2
4088	3
4089	0
4090	0
4091	1
4092	0
4093	1
4094	2
4095	2
4096	5
4097	1
4098	2
4099	0
4100	1
4101	1
4102	2
4103	2
4104	4
4105	2
4106	4
4107	1
4108	1
4109	2
4110	4
4111	1
4112	5
4113	0
4114	1
4115	0
4116	2
4117	0
4118	1
4119	1
4120	1
4121	3
4122	2
4123	1
4124	4
4125	2
4126	0
4127	1
4128	1
4129	2
4130	2
4131	4
4132	3
4133	1
4134	1
4135	3
4136	1
4137	2
4138	1
4139	1
4140	1
4141	0
4142	3
4143	1
4144	4
4145	5
4146	2
4147	3
4148	2
4149	1
4150	1
4151	3
4152	0
4153	1
4154	3
4155	5
4156	2
4157	4
4158	5
4159	0
4160	1
4161	4
4162	2
4163	0
4164	3
4165	2
4166	0
4167	3
4168	2
4169	2
4170	1
4171	2
4172	2
4173	1
4174	0
4175	1
4176	3
4177	0
4178	3
4179	3
4180	2
4181	2
4182	1
4183	4
4184	2
4185	0
4186	2
4187	0
4188	2
4189	2
4190	2
4191	1
4192	3
4193	1
4194	0
4195	2
4196	1
4197	3
4198	2
4199	2
4200	4
4201	1
4202	1
4203	1
4204	2
4205	3
4206	1
4207	1
4208	1
4209	1
4210	0
4211	0
4212	3
4213	0
4214	1
4215	4
4216	1
4217	0
4218	2
4219	4
4220	2
4221	0
4222	1
4223	1
4224	3
4225	2
4226	3
4227	0
4228	2
4229	2
4230	4
4231	1
4232	3
4233	2
4234	1
4235	1
4236	2
4237	3
4238	3
4239	3
4240	2
4241	2
4242	3
4243	1
4244	1
4245	1
4246	5
4247	2
4248	0
4249	1
4250	3
4251	4
4252	5
4253	5
4254	1
4255	0
4256	1
4257	4
4258	3
4259	2
4260	0
4261	3
4262	3
4263	3
4264	2
4265	1
4266	1
4267	5
4268	0
4269	1
4270	1
4271	3
4272	2
4273	1
4274	0
4275	3
4276	3
4277	4
4278	3
4279	1
4280	2
4281	1
4282	5
4283	1
4284	1
4285	4
4286	1
4287	2
4288	3
4289	3
4290	2
4291	2
4292	1
4293	2
4294	3
4295	1
4296	1
4297	3
4298	1
4299	0
4300	2
4301	4
4302	0
4303	2
4304	0
4305	1
4306	1
4307	4
4308	2
4309	2
4310	2
4311	2
4312	3
4313	2
4314	4
4315	5
4316	7
4317	3
4318	1
4319	3
4320	2
4321	0
4322	2
4323	0
4324	2
4325	1
4326	1
4327	0
4328	2
4329	1
4330	0
4331	2
4332	2
4333	2
4334	2
4335	2
4336	2
4337	3
4338	0
4339	1
4340	0
4341	3
4342	2
4343	1
4344	4
4345	0
4346	2
4347	3
4348	3
4349	1
4350	2
4351	2
4352	1
4353	3
4354	1
4355	2
4356	2
4357	1
4358	2
4359	6
4360	0
4361	1
4362	1
4363	0
4364	2
4365	2
4366	1
4367	5
4368	1
4369	3
4370	1
4371	1
4372	4
4373	1
4374	1
4375	1
4376	2
4377	4
4378	4
4379	1
4380	3
4381	3
4382	1
4383	5
4384	0
4385	3
4386	1
4387	2
4388	3
4389	1
4390	4
4391	5
4392	4
4393	0
4394	5
4395	2
4396	1
4397	0
4398	2
4399	3
4400	1
4401	1
4402	1
4403	2
4404	6
4405	7
4406	0
4407	3
4408	3
4409	1
4410	0
4411	0
4412	2
4413	4
4414	2
4415	2
4416	3
4417	2
4418	3
4419	1
4420	1
4421	1
4422	0
4423	2
4424	1
4425	1
4426	3
4427	2
4428	1
4429	3
4430	2
4431	1
4432	3
4433	0
4434	4
4435	5
4436	2
4437	1
4438	1
4439	5
4440	3
4441	1
4442	2
4443	4
4444	0
4445	1
4446	1
4447	1
4448	8
4449	3
4450	2
4451	3
4452	2
4453	1
4454	1
4455	1
4456	1
4457	2
4458	1
4459	5
4460	1
4461	2
4462	1
4463	1
4464	5
4465	2
4466	2
4467	2
4468	2
4469	3
4470	2
4471	1
4472	2
4473	1
4474	0
4475	0
4476	1
4477	4
4478	1
4479	4
4480	0
4481	1
4482	2
4483	0
4484	3
4485	2
4486	0
4487	1
4488	0
4489	1
4490	1
4491	0
4492	2
4493	0
4494	1
4495	2
4496	4
4497	0
4498	1
4499	2
4500	2
4501	1
4502	3
4503	2
4504	4
4505	2
4506	0
4507	0
4508	1
4509	3
4510	1
4511	3
4512	1
4513	2
4514	0
4515	3
4516	2
4517	1
4518	3
4519	1
4520	1
4521	3
4522	3
4523	1
4524	1
4525	3
4526	2
4527	5
4528	4
4529	3
4530	0
4531	0
4532	0
4533	1
4534	3
4535	1
4536	2
4537	1
4538	2
4539	1
4540	3
4541	3
4542	1
4543	1
4544	0
4545	3
4546	1
4547	2
4548	1
4549	2
4550	0
4551	3
4552	0
4553	1
4554	0
4555	0
4556	2
4557	1
4558	2
4559	3
4560	2
4561	0
4562	2
4563	4
4564	0
4565	3
4566	2
4567	4
4568	1
4569	3
4570	1
4571	1
4572	3
4573	4
4574	0
4575	1
4576	2
4577	3
4578	3
4579	1
4580	1
4581	5
4582	3
4583	2
4584	0
4585	1
4586	2
4587	0
4588	2
4589	5
4590	4
4591	0
4592	0
4593	4
4594	0
4595	2
4596	2
4597	3
4598	2
4599	2
4600	0
4601	3
4602	2
4603	2
4604	1
4605	1
4606	1
4607	1
4608	2
4609	1
4610	5
4611	3
4612	3
4613	1
4614	0
4615	1
4616	4
4617	1
4618	3
4619	2
4620	2
4621	2
4622	0
4623	4
4624	0
4625	1
4626	1
4627	3
4628	3
4629	2
4630	1
4631	2
4632	2
4633	2
4634	2
4635	3
4636	2
4637	4
4638	1
4639	2
4640	5
4641	2
4642	0
4643	2
4644	1
4645	2
4646	2
4647	1
4648	2
4649	2
4650	4
4651	1
4652	0
4653	2
4654	3
4655	1
4656	0
4657	0
4658	1
4659	7
4660	0
4661	0
4662	3
4663	2
4664	3
4665	3
4666	0
4667	0
4668	2
4669	1
4670	2
4671	0
4672	2
4673	5
4674	0
4675	3
4676	1
4677	3
4678	2
4679	0
4680	1
4681	3
4682	2
4683	2
4684	4
4685	4
4686	2
4687	3
4688	0
4689	3
4690	4
4691	2
4692	3
4693	2
4694	1
4695	3
4696	2
4697	2
4698	1
4699	0
4700	0
4701	4
4702	1
4703	3
4704	3
4705	3
4706	3
4707	4
4708	0
4709	0
4710	2
4711	1
4712	1
4713	1
4714	0
4715	2
4716	3
4717	1
4718	3
4719	5
4720	2
4721	1
4722	1
4723	1
4724	4
4725	2
4726	2
4727	1
4728	1
4729	2
4730	0
4731	2
4732	3
4733	0
4734	1
4735	4
4736	1
4737	0
4738	2
4739	2
4740	2
4741	2
4742	3
4743	5
4744	0
4745	2
4746	0
4747	3
4748	2
4749	1
4750	1
4751	2
4752	0
4753	2
4754	1
4755	5
4756	1
4757	2
4758	3
4759	1
4760	3
4761	1
4762	1
4763	2
4764	3
4765	3
4766	1
4767	1
4768	1
4769	2
4770	1
4771	1
4772	2
4773	0
4774	3
4775	5
4776	3
4777	2
4778	3
4779	1
4780	0
4781	2
4782	3
4783	3
4784	2
4785	4
4786	1
4787	2
4788	3
4789	4
4790	2
4791	5
4792	2
4793	3
4794	4
4795	3
4796	1
4797	3
4798	2
4799	1
4800	1
4801	5
4802	2
4803	2
4804	4
4805	0
4806	3
4807	1
4808	1
4809	1
4810	0
4811	3
4812	2
4813	2
4814	2
4815	2
4816	1
4817	2
4818	0
4819	2
4820	3
4821	3
4822	2
4823	0
4824	1
4825	4
4826	1
4827	0
4828	1
4829	3
4830	1
4831	3
4832	2
4833	1
4834	2
4835	2
4836	2
4837	1
4838	3
4839	2
4840	1
4841	5
4842	4
4843	2
4844	2
4845	3
4846	1
4847	3
4848	2
4849	0
4850	1
4851	2
4852	2
4853	4
4854	0
4855	2
4856	1
4857	1
4858	3
4859	4
4860	4
4861	5
4862	4
4863	0
4864	3
4865	3
4866	2
4867	0
4868	5
4869	0
4870	2
4871	4
4872	0
4873	0
4874	1
4875	1
4876	2
4877	3
4878	2
4879	1
4880	4
4881	1
4882	4
4883	1
4884	2
4885	1
4886	1
4887	2
4888	1
4889	2
4890	0
4891	2
4892	1
4893	1
4894	1
4895	3
4896	2
4897	3
4898	1
4899	0
4900	0
4901	2
4902	4
4903	2
4904	4
4905	1
4906	1
4907	2
4908	0
4909	2
4910	4
4911	1
4912	4
4913	4
4914	3
4915	5
4916	1
4917	3
4918	1
4919	2
4920	2
4921	0
4922	0
4923	2
4924	3
4925	3
4926	2
4927	1
4928	2
4929	3
4930	1
4931	2
4932	2
4933	1
4934	5
4935	2
4936	1
4937	2
4938	1
4939	2
4940	3
4941	2
4942	2
4943	0
4944	0
4945	2
4946	2
4947	5
4948	1
4949	1
4950	1
4951	0
4952	0
4953	2
4954	2
4955	1
4956	3
4957	2
4958	1
4959	4
4960	1
4961	2
4962	0
4963	3
4964	2
4965	1
4966	1
4967	2
4968	0
4969	2
4970	2
4971	2
4972	1
4973	0
4974	0
4975	3
4976	0
4977	0
4978	2
4979	1
4980	1
4981	1
4982	2
4983	3
4984	3
4985	2
4986	0
4987	2
4988	1
4989	1
4990	0
4991	1
4992	1
4993	0
4994	2
4995	1
4996	0
4997	0
4998	1
4999	2
5000	6
5001	1
5002	0
5003	1
5004	3
5005	1
5006	3
5007	1
5008	1
5009	0
5010	3
5011	2
5012	1
5013	0
5014	2
5015	1
5016	3
5017	0
5018	0
5019	2
5020	2
5021	2
5022	0
5023	1
5024	0
5025	1
5026	0
5027	2
5028	0
5029	0
5030	2
5031	2
5032	1
5033	2
5034	1
5035	2
5036	4
5037	2
5038	2
5039	2
5040	2
5041	1
5042	4
5043	1
5044	2
5045	4
5046	1
5047	0
5048	1
5049	2
5050	2
5051	6
5052	2
5053	1
5054	3
5055	1
5056	1
5057	1
5058	2
5059	0
5060	2
5061	3
5062	2
5063	2
5064	0
5065	1
5066	1
5067	0
5068	2
5069	2
5070	1
5071	2
5072	0
5073	1
5074	0
5075	2
5076	2
5077	3
5078	1
5079	4
5080	2
5081	1
5082	0
5083	2
5084	0
5085	1
5086	0
5087	0
5088	1
5089	0
5090	1
5091	1
5092	0
5093	1
5094	1
5095	1
5096	0
5097	0
5098	1
5099	0
5100	2
5101	0
5102	3
5103	1
5104	1
5105	1
5106	2
5107	1
5108	1
5109	2
5110	1
5111	3
5112	1
5113	2
5114	0
5115	1
5116	2
5117	1
5118	1
5119	3
5120	1
5121	0
5122	1
5123	1
5124	0
5125	2
5126	1
5127	1
5128	0
5129	2
5130	2
5131	1
5132	1
5133	0
5134	0
5135	0
5136	2
5137	3
5138	1
5139	1
5140	0
5141	1
5142	1
5143	1
5144	1
5145	0
5146	2
5147	0
5148	0
5149	0
5150	0
5151	2
5152	0
5153	3
5154	2
5155	0
5156	0
5157	1
5158	3
5159	1
5160	0
5161	2
5162	0
5163	3
5164	3
5165	1
5166	1
5167	0
5168	2
5169	0
5170	1
5171	0
5172	0
5173	3
5174	0
5175	3
5176	0
5177	1
5178	1
5179	0
5180	1
5181	1
5182	3
5183	1
5184	0
5185	1
5186	0
5187	4
5188	1
5189	2
5190	2
5191	0
5192	0
5193	0
5194	2
5195	0
5196	0
5197	3
5198	1
5199	0
5200	3
5201	4
5202	0
5203	2
5204	3
5205	0
5206	3
5207	2
5208	0
5209	0
5210	0
5211	0
5212	0
5213	1
5214	2
5215	1
5216	1
5217	2
5218	0
5219	1
5220	1
5221	2
5222	1
5223	0
5224	3
5225	0
5226	1
5227	0
5228	0
5229	0
5230	1
5231	2
5232	1
5233	1
5234	0
5235	1
5236	3
5237	2
5238	0
5239	1
5240	0
5241	1
5242	0
5243	2
5244	0
5245	0
5246	1
5247	3
5248	4
5249	2
5250	0
5251	1
5252	0
5253	0
5254	4
5255	0
5256	0
5257	2
5258	1
5259	1
5260	1
5261	2
5262	2
5263	0
5264	0
5265	1
5266	1
5267	1
5268	1
5269	0
5270	1
5271	2
5272	0
5273	2
5274	1
5275	0
5276	1
5277	0
5278	1
5279	3
5280	0
5281	1
5282	1
5283	0
5284	2
5285	0
5286	0
5287	1
5288	4
5289	1
5290	2
5291	0
5292	2
5293	1
5294	6
5295	3
5296	2
5297	0
5298	2
5299	1
5300	0
5301	2
5302	1
5303	3
5304	1
5305	4
5306	2
5307	2
5308	0
5309	1
5310	0
5311	0
5312	2
5313	0
5314	1
5315	1
5316	0
5317	0
5318	1
5319	2
5320	0
5321	0
5322	0
5323	1
5324	1
5325	1
5326	2
5327	0
5328	1
5329	0
5330	1
5331	1
5332	2
5333	1
5334	0
5335	0
5336	1
5337	0
5338	2
5339	0
5340	0
5341	2
5342	2
5343	1
5344	0
5345	1
5346	0
5347	0
5348	0
5349	1
5350	0
5351	1
5352	1
5353	2
5354	1
5355	1
5356	0
5357	2
5358	0
5359	0
5360	0
5361	1
5362	1
5363	0
5364	1
5365	3
5366	0
5367	0
5368	0
5369	1
5370	2
5371	1
5372	1
5373	0
5374	2
5375	2
5376	1
5377	1
5378	0
5379	1
5380	0
5381	0
5382	1
5383	0
5384	1
5385	1
5386	0
5387	1
5388	0
5389	0
5390	3
5391	1
5392	0
5393	2
5394	0
5395	1
5396	1
5397	0
5398	0
5399	0
5400	0
5401	0
5402	2
5403	2
5404	0
5405	1
5406	1
5407	1
5408	0
5409	0
5410	2
5411	0
5412	0
5413	1
5414	2
5415	1
5416	1
5417	0
5418	2
5419	1
5420	1
5421	1
5422	1
5423	0
5424	1
5425	0
5426	2
5427	0
5428	0
5429	2
5430	2
5431	1
5432	1
5433	2
5434	0
5435	0
5436	1
5437	2
5438	2
5439	0
5440	1
5441	0
5442	1
5443	1
5444	0
5445	0
5446	0
5447	1
5448	0
5449	1
5450	0
5451	1
5452	1
5453	2
5454	1
5455	1
5456	0
5457	1
5458	2
5459	0
5460	2
5461	1
5462	3
5463	1
5464	2
5465	1
5466	3
5467	0
5468	0
5469	2
5470	3
5471	0
5472	2
5473	0
5474	0
5475	1
5476	0
5477	1
5478	0
5479	2
5480	1
5481	1
5482	1
5483	0
5484	0
5485	0
5486	1
5487	0
5488	0
5489	0
5490	0
5491	1
5492	0
5493	1
5494	2
5495	2
5496	0
5497	2
5498	0
5499	0
5500	0
5501	2
5502	2
5503	0
5504	0
5505	1
5506	2
5507	0
5508	0
5509	0
5510	0
5511	2
5512	1
5513	0
5514	0
5515	1
5516	0
5517	1
5518	0
5519	0
5520	1
5521	0
5522	0
5523	0
5524	1
5525	2
5526	0
5527	0
5528	0
5529	0
5530	1
5531	0
5532	1
5533	1
5534	1
5535	2
5536	2
5537	0
5538	0
5539	1
5540	0
5541	2
5542	0
5543	2
5544	0
5545	1
5546	1
5547	3
5548	0
5549	0
5550	3
5551	0
5552	2
5553	0
5554	0
5555	2
5556	2
5557	1
5558	0
5559	0
5560	0
5561	0
5562	2
5563	1
5564	0
5565	0
5566	2
5567	3
5568	0
5569	1
5570	3
5571	0
5572	2
5573	1
5574	0
5575	1
5576	2
5577	0
5578	0
5579	1
5580	2
5581	0
5582	0
5583	1
5584	0
5585	1
5586	0
5587	2
5588	1
5589	1
5590	1
5591	2
5592	0
5593	0
5594	0
5595	0
5596	1
5597	1
5598	0
5599	1
5600	0
5601	0
5602	1
5603	1
5604	0
5605	0
5606	1
5607	0
5608	0
5609	0
5610	0
5611	1
5612	2
5613	1
5614	1
5615	0
5616	0
5617	0
5618	1
5619	2
5620	1
5621	0
5622	0
5623	1
5624	0
5625	2
5626	0
5627	1
5628	1
5629	0
5630	0
5631	0
5632	1
5633	0
5634	2
5635	1
5636	1
5637	2
5638	1
5639	1
5640	0
5641	2
5642	0
5643	1
5644	1
5645	1
5646	0
5647	2
5648	0
5649	1
5650	1
5651	0
5652	3
5653	1
5654	1
5655	3
5656	4
5657	0
5658	1
5659	2
5660	0
5661	2
5662	1
5663	0
5664	1
5665	0
5666	1
5667	1
5668	1
5669	2
5670	1
5671	0
5672	0
5673	0
5674	0
5675	0
5676	1
5677	0
5678	0
5679	0
5680	0
5681	0
5682	0
5683	0
5684	0
5685	0
5686	2
5687	1
5688	0
5689	0
5690	0
5691	1
5692	0
5693	0
5694	0
5695	0
5696	0
5697	0
5698	2
5699	1
5700	0
5701	2
5702	1
5703	0
5704	0
5705	0
5706	3
5707	0
5708	2
5709	1
5710	3
5711	2
5712	2
5713	2
5714	0
5715	1
5716	1
5717	0
5718	1
5719	1
5720	0
5721	2
5722	2
5723	4
5724	2
5725	0
5726	0
5727	0
5728	0
5729	0
5730	0
5731	0
5732	1
5733	0
5734	0
5735	0
5736	0
5737	0
5738	1
5739	0
5740	1
5741	2
5742	0
5743	1
5744	1
5745	1
5746	1
5747	1
5748	1
5749	0
5750	0
5751	0
5752	1
5753	0
5754	1
5755	1
5756	1
5757	2
5758	0
5759	0
5760	0
5761	1
5762	0
5763	1
5764	2
5765	0
5766	1
5767	0
5768	1
5769	0
5770	0
5771	0
5772	0
5773	1
5774	0
5775	0
5776	0
5777	0
5778	0
5779	0
5780	3
5781	2
5782	0
5783	0
5784	2
5785	1
5786	0
5787	0
5788	2
5789	3
5790	4
5791	0
5792	2
5793	0
5794	3
5795	3
5796	1
5797	3
5798	0
5799	0
5800	0
5801	1
5802	0
5803	0
5804	1
5805	0
5806	0
5807	0
5808	1
5809	1
5810	0
5811	0
5812	0
5813	1
5814	0
5815	0
5816	1
5817	3
5818	0
5819	0
5820	1
5821	3
5822	0
5823	1
5824	2
5825	1
5826	0
5827	1
5828	2
5829	0
5830	0
5831	0
5832	0
5833	2
5834	3
5835	2
5836	0
5837	0
5838	4
5839	2
5840	0
5841	1
5842	2
5843	1
5844	1
5845	2
5846	0
5847	0
5848	1
5849	1
5850	2
5851	0
5852	0
5853	1
5854	1
5855	0
5856	1
5857	3
5858	0
5859	1
5860	1
5861	2
5862	1
5863	2
5864	0
5865	2
5866	1
5867	2
5868	1
5869	0
5870	0
5871	2
5872	1
5873	1
5874	2
5875	1
5876	1
5877	0
5878	2
5879	1
5880	3
5881	2
5882	3
5883	3
5884	2
5885	3
5886	1
5887	1
5888	2
5889	2
5890	0
5891	3
5892	2
5893	1
5894	1
5895	1
5896	4
5897	1
5898	1
5899	3
5900	0
5901	0
5902	1
5903	1
5904	3
5905	1
5906	2
5907	0
5908	2
5909	0
5910	5
5911	0
5912	3
5913	1
5914	1
5915	1
5916	2
5917	2
5918	2
5919	1
5920	2
5921	4
5922	2
5923	1
5924	3
5925	1
5926	1
5927	4
5928	1
5929	3
5930	0
5931	0
5932	3
5933	3
5934	2
5935	1
5936	1
5937	2
5938	1
5939	4
5940	2
5941	4
5942	1
5943	2
5944	5
5945	4
5946	2
5947	6
5948	0
5949	2
5950	0
5951	3
5952	1
5953	0
5954	1
5955	3
5956	3
5957	1
5958	4
5959	4
5960	1
5961	1
5962	3
5963	7
5964	3
5965	6
5966	6
5967	3
5968	1
5969	3
5970	5
5971	7
5972	3
5973	0
5974	2
5975	3
5976	6
5977	2
5978	4
5979	1
5980	4
5981	4
5982	3
5983	4
5984	7
5985	6
5986	7
5987	3
5988	5
5989	1
5990	5
5991	5
5992	3
5993	4
5994	5
5995	3
5996	3
5997	2
5998	1
5999	6
6000	6
6001	8
6002	2
6003	1
6004	2
6005	4
6006	1
6007	3
6008	4
6009	5
6010	3
6011	4
6012	5
6013	7
6014	3
6015	4
6016	4
6017	1
6018	8
6019	6
6020	3
6021	3
6022	5
6023	3
6024	7
6025	5
6026	5
6027	5
6028	3
6029	4
6030	2
6031	4
6032	9
6033	5
6034	3
6035	4
6036	4
6037	4
6038	2
6039	3
6040	6
6041	3
6042	7
6043	4
6044	2
6045	7
6046	4
6047	3
6048	11
6049	8
6050	5
6051	0
6052	7
6053	3
6054	5
6055	8
6056	3
6057	5
6058	8
6059	2
6060	4
6061	5
6062	14
6063	13
6064	2
6065	6
6066	8
6067	7
6068	7
6069	9
6070	7
6071	5
6072	5
6073	3
6074	5
6075	13
6076	5
6077	7
6078	6
6079	2
6080	9
6081	5
6082	2
6083	4
6084	8
6085	3
6086	3
6087	5
6088	5
6089	6
6090	5
6091	8
6092	6
6093	5
6094	10
6095	4
6096	7
6097	2
6098	5
6099	7
6100	3
6101	7
6102	8
6103	7
6104	5
6105	4
6106	3
6107	5
6108	6
6109	4
6110	3
6111	6
6112	5
6113	5
6114	5
6115	11
6116	6
6117	5
6118	10
6119	5
6120	4
6121	8
6122	4
6123	8
6124	10
6125	4
6126	4
6127	10
6128	4
6129	8
6130	4
6131	10
6132	3
6133	5
6134	6
6135	2
6136	5
6137	5
6138	5
6139	4
6140	1
6141	6
6142	5
6143	6
6144	11
6145	3
6146	6
6147	6
6148	5
6149	2
6150	4
6151	6
6152	4
6153	8
6154	3
6155	5
6156	4
6157	7
6158	3
6159	6
6160	8
6161	6
6162	7
6163	4
6164	4
6165	8
6166	7
6167	4
6168	9
6169	6
6170	6
6171	5
6172	8
6173	6
6174	12
6175	3
6176	7
6177	4
6178	5
6179	10
6180	7
6181	3
6182	6
6183	7
6184	3
6185	2
6186	5
6187	9
6188	5
6189	7
6190	5
6191	2
6192	5
6193	3
6194	3
6195	3
6196	4
6197	8
6198	6
6199	1
6200	3
6201	5
6202	4
6203	2
6204	1
6205	5
6206	1
6207	3
6208	8
6209	2
6210	2
6211	7
6212	2
6213	4
6214	4
6215	3
6216	5
6217	6
6218	5
6219	5
6220	5
6221	6
6222	6
6223	3
6224	7
6225	3
6226	6
6227	3
6228	3
6229	5
6230	4
6231	4
6232	3
6233	3
6234	9
6235	4
6236	5
6237	1
6238	3
6239	7
6240	6
6241	4
6242	2
6243	4
6244	9
6245	5
6246	4
6247	7
6248	6
6249	5
6250	6
6251	3
6252	5
6253	0
6254	4
6255	4
6256	1
6257	5
6258	5
6259	3
6260	3
6261	1
6262	3
6263	7
6264	1
6265	2
6266	5
6267	2
6268	6
6269	3
6270	7
6271	3
6272	4
6273	3
6274	3
6275	6
6276	5
6277	3
6278	5
6279	2
6280	6
6281	1
6282	3
6283	1
6284	3
6285	5
6286	2
6287	3
6288	1
6289	5
6290	2
6291	2
6292	2
6293	2
6294	1
6295	2
6296	3
6297	1
6298	7
6299	3
6300	3
6301	1
6302	1
6303	1
6304	3
6305	6
6306	2
6307	2
6308	1
6309	2
6310	1
6311	2
6312	3
6313	1
6314	3
6315	1
6316	4
6317	1
6318	3
6319	4
6320	4
6321	1
6322	4
6323	3
6324	2
6325	2
6326	2
6327	0
6328	3
6329	5
6330	1
6331	2
6332	2
6333	2
6334	3
6335	2
6336	1
6337	0
6338	3
6339	0
6340	0
6341	2
6342	3
6343	0
6344	0
6345	1
6346	1
6347	2
6348	2
6349	1
6350	1
6351	3
6352	2
6353	1
6354	0
6355	1
6356	0
6357	2
6358	3
6359	4
6360	1
6361	2
6362	0
6363	2
6364	1
6365	2
6366	1
6367	3
6368	2
6369	0
6370	1
6371	2
6372	2
6373	0
6374	1
6375	1
6376	1
6377	2
6378	2
6379	1
6380	0
6381	0
6382	2
6383	0
6384	1
6385	2
6386	3
6387	1
6388	4
6389	1
6390	0
6391	1
6392	0
6393	1
6394	1
6395	0
6396	1
6397	1
6398	1
6399	0
6400	0
6401	2
6402	2
6403	0
6404	1
6405	1
6406	0
6407	1
6408	1
6409	1
6410	1
6411	0
6412	4
6413	1
6414	0
6415	1
6416	0
6417	0
6418	2
6419	0
6420	1
6421	1
6422	0
6423	0
6424	0
6425	0
6426	0
6427	2
6428	0
6429	1
6430	2
6431	1
6432	1
6433	2
6434	0
6435	1
6436	2
6437	1
6438	0
6439	0
6440	0
6441	0
6442	0
6443	1
6444	0
6445	1
6446	0
6447	1
6448	1
6449	1
6450	0
6451	0
6452	0
6453	0
6454	2
6455	1
6456	0
6457	0
6458	1
6459	0
6460	2
6461	3
6462	0
6463	0
6464	1
6465	0
6466	0
6467	2
6468	0
6469	0
6470	1
6471	1
6472	1
6473	1
6474	1
6475	0
6476	0
6477	1
6478	2
6479	1
6480	1
6481	0
6482	0
6483	0
6484	1
6485	1
6486	1
6487	0
6488	2
6489	0
6490	0
6491	0
6492	0
6493	0
6494	0
6495	2
6496	2
6497	2
6498	3
6499	0
6500	0
6501	1
6502	0
6503	0
6504	1
6505	1
6506	0
6507	1
6508	0
6509	1
6510	1
6511	0
6512	0
6513	0
6514	0
6515	1
6516	0
6517	1
6518	0
6519	0
6520	0
6521	1
6522	0
6523	1
6524	0
6525	1
6526	0
6527	0
6528	1
6529	0
6530	1
6531	0
6532	0
6533	1
6534	0
6535	0
6536	1
6537	0
6538	0
6539	0
6540	0
6541	0
6542	0
6543	0
6544	0
6545	1
6546	0
6547	2
6548	1
6549	0
6550	0
6551	0
6552	1
6553	1
6554	1
6555	0
6556	0
6557	1
6558	3
6559	0
6560	0
6561	0
6562	1
6563	0
6564	0
6565	0
6566	0
6567	1
6568	0
6569	1
6570	0
6571	1
6572	0
6573	0
6574	0
6575	0
6576	0
6577	1
6578	0
6579	2
6580	0
6581	0
6582	0
6583	1
6584	1
6585	0
6586	0
6587	1
6588	0
6589	0
6590	0
6591	0
6592	0
6593	2
6594	0
6595	1
6596	0
6597	0
6598	1
6599	1
6600	0
6601	2
6602	1
6603	1
6604	1
6605	0
6606	0
6607	2
6608	1
6609	1
6610	1
6611	1
6612	0
6613	0
6614	0
6615	0
6616	2
6617	0
6618	1
6619	0
6620	0
6621	2
6622	1
6623	1
6624	1
6625	0
6626	0
6627	1
6628	1
6629	0
6630	1
6631	0
6632	0
6633	0
6634	0
6635	1
6636	1
6637	0
6638	0
6639	0
6640	2
6641	1
6642	2
6643	1
6644	0
6645	1
6646	1
6647	0
6648	0
6649	0
6650	0
6651	0
6652	0
6653	2
6654	0
6655	1
6656	0
6657	1
6658	1
6659	0
6660	1
6661	0
6662	1
6663	1
6664	1
6665	2
6666	0
6667	0
6668	0
6669	0
6670	1
6671	2
6672	0
6673	0
6674	0
6675	0
6676	1
6677	2
6678	0
6679	0
6680	0
6681	0
6682	0
6683	0
6684	0
6685	1
6686	1
6687	0
6688	0
6689	0
6690	1
6691	0
6692	0
6693	1
6694	3
6695	0
6696	1
6697	0
6698	0
6699	0
6700	1
6701	0
6702	1
6703	0
6704	0
6705	0
6706	0
6707	0
6708	0
6709	0
6710	3
6711	1
6712	2
6713	0
6714	1
6715	0
6716	1
6717	0
6718	0
6719	0
6720	1
6721	1
6722	0
6723	0
6724	0
6725	1
6726	0
6727	1
6728	0
6729	0
6730	2
6731	1
6732	1
6733	0
6734	4
6735	0
6736	0
6737	1
6738	3
6739	2
6740	1
6741	0
6742	1
6743	2
6744	0
6745	0
6746	0
6747	0
6748	1
6749	1
6750	2
6751	0
6752	0
6753	0
6754	0
6755	3
6756	0
6757	0
6758	1
6759	0
6760	0
6761	1
6762	1
6763	1
6764	1
6765	2
6766	1
6767	0
6768	0
6769	0
6770	1
6771	3
6772	0
6773	0
6774	1
6775	0
6776	2
6777	1
6778	1
6779	1
6780	0
6781	1
6782	1
6783	2
6784	0
6785	1
6786	1
6787	1
6788	0
6789	0
6790	0
6791	1
6792	1
6793	1
6794	2
6795	1
6796	0
6797	0
6798	0
6799	2
6800	2
6801	0
6802	1
6803	2
6804	1
6805	1
6806	0
6807	1
6808	4
6809	2
6810	0
6811	0
6812	0
6813	2
6814	2
6815	0
6816	0
6817	0
6818	1
6819	1
6820	0
6821	0
6822	0
6823	1
6824	1
6825	0
6826	1
6827	1
6828	1
6829	1
6830	2
6831	0
6832	0
6833	2
6834	1
6835	0
6836	0
6837	1
6838	0
6839	0
6840	0
6841	1
6842	0
6843	1
6844	3
6845	0
6846	0
6847	0
6848	0
6849	1
6850	0
6851	0
6852	1
6853	2
6854	2
6855	0
6856	0
6857	1
6858	1
6859	0
6860	0
6861	0
6862	1
6863	0
6864	0
6865	0
6866	1
6867	0
6868	1
6869	1
6870	1
6871	1
6872	0
6873	0
6874	0
6875	3
6876	1
6877	0
6878	2
6879	2
6880	2
6881	1
6882	1
6883	2
6884	0
6885	1
6886	0
6887	2
6888	0
6889	1
6890	1
6891	1
6892	2
6893	2
6894	0
6895	0
6896	0
6897	0
6898	0
6899	0
6900	1
6901	0
6902	1
6903	1
6904	3
6905	1
6906	1
6907	0
6908	3
6909	2
6910	1
6911	1
6912	0
6913	1
6914	1
6915	0
6916	0
6917	0
6918	1
6919	3
6920	0
6921	1
6922	0
6923	2
6924	3
6925	2
6926	0
6927	0
6928	1
6929	1
6930	1
6931	1
6932	0
6933	0
6934	2
6935	0
6936	3
6937	1
6938	0
6939	0
6940	0
6941	1
6942	5
6943	1
6944	1
6945	1
6946	1
6947	0
6948	1
6949	3
6950	1
6951	2
6952	1
6953	1
6954	0
6955	1
6956	2
6957	2
6958	0
6959	0
6960	2
6961	0
6962	0
6963	0
6964	2
6965	2
6966	2
6967	1
6968	2
6969	2
6970	0
6971	2
6972	2
6973	0
6974	1
6975	1
6976	0
6977	0
6978	1
6979	2
6980	1
6981	0
6982	1
6983	3
6984	0
6985	1
6986	2
6987	2
6988	2
6989	0
6990	0
6991	1
6992	6
6993	0
6994	2
6995	1
6996	2
6997	3
6998	5
6999	1
7000	1
7001	1
7002	1
7003	0
7004	1
7005	0
7006	1
7007	3
7008	2
7009	1
7010	0
7011	2
7012	4
7013	0
7014	1
7015	1
7016	0
7017	0
7018	1
7019	1
7020	1
7021	1
7022	2
7023	0
7024	0
7025	2
7026	0
7027	0
7028	0
7029	0
7030	1
7031	2
7032	2
7033	0
7034	1
7035	0
7036	0
7037	3
7038	1
7039	1
7040	2
7041	1
7042	0
7043	0
7044	1
7045	2
7046	1
7047	1
7048	2
7049	1
7050	1
7051	0
7052	1
7053	0
7054	1
7055	0
7056	1
7057	0
7058	0
7059	0
7060	0
7061	0
7062	0
7063	2
7064	1
7065	0
7066	1
7067	2
7068	4
7069	0
7070	1
7071	1
7072	2
7073	1
7074	1
7075	2
7076	1
7077	1
7078	0
7079	1
7080	1
7081	0
7082	3
7083	0
7084	5
7085	3
7086	1
7087	1
7088	3
7089	3
7090	3
7091	0
7092	2
7093	2
7094	0
7095	0
7096	0
7097	1
7098	1
7099	2
7100	1
7101	0
7102	0
7103	0
7104	4
7105	2
7106	4
7107	0
7108	2
7109	1
7110	2
7111	1
7112	0
7113	2
7114	3
7115	0
7116	3
7117	2
7118	2
7119	0
7120	1
7121	0
7122	2
7123	0
7124	1
7125	4
7126	2
7127	2
7128	3
7129	2
7130	0
7131	0
7132	1
7133	1
7134	0
7135	1
7136	2
7137	0
7138	0
7139	0
7140	0
7141	1
7142	3
7143	0
7144	2
7145	1
7146	2
7147	0
7148	0
7149	1
7150	0
7151	1
7152	2
7153	1
7154	1
7155	0
7156	1
7157	0
7158	2
7159	0
7160	0
7161	1
7162	2
7163	3
7164	0
7165	0
7166	0
7167	2
7168	1
7169	1
7170	0
7171	0
7172	1
7173	1
7174	1
7175	1
7176	0
7177	1
7178	2
7179	1
7180	1
7181	2
7182	4
7183	1
7184	0
7185	0
7186	0
7187	2
7188	0
7189	0
7190	1
7191	0
7192	0
7193	1
7194	0
7195	0
7196	1
7197	3
7198	0
7199	0
7200	1
7201	0
7202	1
7203	1
7204	0
7205	0
7206	4
7207	1
7208	0
7209	2
7210	0
7211	2
7212	1
7213	2
7214	1
7215	1
7216	1
7217	0
7218	0
7219	0
7220	0
7221	0
7222	5
7223	2
7224	0
7225	0
7226	0
7227	2
7228	1
7229	1
7230	2
7231	1
7232	1
7233	1
7234	0
7235	0
7236	1
7237	1
7238	2
7239	3
7240	0
7241	0
7242	0
7243	2
7244	0
7245	0
7246	0
7247	2
7248	0
7249	2
7250	1
7251	1
7252	0
7253	0
7254	0
7255	0
7256	1
7257	0
7258	2
7259	0
7260	0
7261	1
7262	0
7263	0
7264	0
7265	1
7266	1
7267	0
7268	0
7269	0
7270	1
7271	1
7272	0
7273	0
7274	0
7275	1
7276	0
7277	0
7278	0
7279	0
7280	0
7281	1
7282	1
7283	1
7284	1
7285	1
7286	1
7287	2
7288	1
7289	0
7290	0
7291	0
7292	2
7293	0
7294	3
7295	1
7296	2
7297	1
7298	0
7299	2
7300	2
7301	1
7302	0
7303	0
7304	0
7305	0
7306	2
7307	0
7308	1
7309	0
7310	0
7311	0
7312	2
7313	0
7314	1
7315	0
7316	0
7317	0
7318	0
7319	0
7320	0
7321	3
7322	1
7323	0
7324	0
7325	0
7326	1
7327	2
7328	2
7329	0
7330	1
7331	1
7332	1
7333	0
7334	0
7335	0
7336	1
7337	0
7338	1
7339	0
7340	0
7341	1
7342	1
7343	3
7344	1
7345	0
7346	1
7347	1
7348	1
7349	0
7350	1
7351	0
7352	1
7353	0
7354	0
7355	1
7356	0
7357	1
7358	2
7359	1
7360	0
7361	0
7362	2
7363	0
7364	2
7365	1
7366	1
7367	0
7368	0
7369	1
7370	0
7371	0
7372	3
7373	0
7374	0
7375	0
7376	1
7377	1
7378	1
7379	3
7380	2
7381	0
7382	0
7383	0
7384	0
7385	0
7386	0
7387	0
7388	0
7389	0
7390	0
7391	0
7392	0
7393	0
7394	2
7395	0
7396	0
7397	2
7398	1
7399	0
7400	0
7401	3
7402	0
7403	0
7404	0
7405	0
7406	0
7407	0
7408	2
7409	0
7410	3
7411	2
7412	2
7413	1
7414	1
7415	1
7416	0
7417	1
7418	0
7419	1
7420	0
7421	0
7422	0
7423	1
7424	0
7425	1
7426	0
7427	0
7428	0
7429	0
7430	0
7431	0
7432	1
7433	0
7434	0
7435	0
7436	1
7437	0
7438	0
7439	0
7440	0
7441	1
7442	0
7443	0
7444	1
7445	1
7446	0
7447	0
7448	0
7449	1
7450	0
7451	0
7452	0
7453	0
7454	1
7455	1
7456	0
7457	1
7458	1
7459	0
7460	0
7461	2
7462	1
7463	0
7464	0
7465	0
7466	1
7467	0
7468	2
7469	2
7470	0
7471	0
7472	0
7473	0
7474	0
7475	1
7476	0
7477	0
7478	0
7479	1
7480	1
7481	0
7482	1
7483	0
7484	0
7485	0
7486	0
7487	0
7488	1
7489	1
7490	1
7491	1
7492	0
7493	1
7494	0
7495	0
7496	1
7497	1
7498	1
7499	0
7500	0
7501	0
7502	1
7503	0
7504	1
7505	0
7506	1
7507	1
7508	1
7509	0
7510	0
7511	0
7512	1
7513	0
7514	0
7515	0
7516	1
7517	0
7518	0
7519	1
7520	1
7521	0
7522	2
7523	3
7524	0
7525	0
7526	0
7527	0
7528	0
7529	0
7530	1
7531	1
7532	0
7533	0
7534	0
7535	1
7536	0
7537	0
7538	2
7539	0
7540	1
7541	0
7542	3
7543	1
7544	1
7545	0
7546	1
7547	0
7548	0
7549	0
7550	0
7551	0
7552	0
7553	0
7554	1
7555	0
7556	0
7557	0
7558	0
7559	0
7560	0
7561	1
7562	0
7563	2
7564	0
7565	0
7566	0
7567	1
7568	0
7569	0
7570	2
7571	0
7572	0
7573	0
7574	1
7575	0
7576	0
7577	0
7578	0
7579	0
7580	0
7581	1
7582	0
7583	0
7584	0
7585	1
7586	0
7587	0
7588	0
7589	0
7590	0
7591	0
7592	0
7593	0
7594	2
7595	0
7596	0
7597	0
7598	1
7599	0
7600	0
7601	1
7602	0
7603	1
7604	0
7605	0
7606	0
7607	0
7608	0
7609	1
7610	0
7611	2
7612	0
7613	0
7614	1
7615	0
7616	0
7617	1
7618	1
7619	1
7620	0
7621	0
7622	0
7623	1
7624	1
7625	0
7626	0
7627	1
7628	0
7629	0
7630	0
7631	1
7632	0
7633	1
7634	1
7635	0
7636	1
7637	2
7638	1
7639	0
7640	2
7641	0
7642	0
7643	0
7644	0
7645	2
7646	0
7647	0
7648	0
7649	0
7650	0
7651	0
7652	0
7653	0
7654	0
7655	0
7656	0
7657	0
7658	0
7659	1
7660	0
7661	1
7662	1
7663	0
7664	0
7665	0
7666	0
7667	2
7668	0
7669	0
7670	0
7671	1
7672	0
7673	0
7674	0
7675	0
7676	0
7677	0
7678	0
7679	1
7680	0
7681	2
7682	0
7683	0
7684	1
7685	0
7686	1
7687	1
7688	0
7689	1
7690	0
7691	0
7692	1
7693	0
7694	1
7695	0
7696	0
7697	2
7698	0
7699	0
7700	1
7701	0
7702	0
7703	0
7704	1
7705	0
7706	1
7707	0
7708	0
7709	1
7710	0
7711	0
7712	0
7713	0
7714	0
7715	1
7716	0
7717	0
7718	0
7719	0
7720	0
7721	1
7722	0
7723	0
7724	0
7725	0
7726	0
7727	0
7728	0
7729	1
7730	0
7731	1
7732	0
7733	0
7734	0
7735	0
7736	2
7737	0
7738	0
7739	0
7740	1
7741	1
7742	1
7743	0
7744	0
7745	0
7746	0
7747	0
7748	0
7749	0
7750	0
7751	0
7752	0
7753	0
7754	0
7755	0
7756	0
7757	0
7758	0
7759	0
7760	0
7761	0
7762	0
7763	0
7764	0
7765	1
7766	0
7767	0
7768	0
7769	0
7770	0
7771	1
7772	1
7773	0
7774	0
7775	1
7776	0
7777	0
7778	0
7779	0
7780	0
7781	0
7782	1
7783	0
7784	0
7785	0
7786	1
7787	0
7788	1
7789	0
7790	0
7791	0
7792	0
7793	0
7794	0
7795	0
7796	0
7797	0
7798	0
7799	0
7800	0
7801	0
7802	0
7803	0
7804	0
7805	1
7806	0
7807	0
7808	1
7809	0
7810	0
7811	1
7812	0
7813	0
7814	1
7815	0
7816	0
7817	0
7818	0
7819	0
7820	0
7821	0
7822	0
7823	0
7824	0
7825	0
7826	0
7827	0
7828	1
7829	1
7830	0
7831	0
7832	0
7833	1
7834	0
7835	1
7836	1
7837	1
7838	0
7839	0
7840	0
7841	1
7842	0
7843	0
7844	0
7845	0
7846	0
7847	0
7848	0
7849	1
7850	1
7851	0
7852	2
7853	0
7854	0
7855	0
7856	0
7857	1
7858	0
7859	0
7860	0
7861	1
7862	0
7863	0
7864	0
7865	0
7866	0
7867	0
7868	0
7869	0
7870	0
7871	0
7872	0
7873	0
7874	1
7875	0
7876	0
7877	0
7878	0
7879	0
7880	1
7881	0
7882	0
7883	0
7884	0
7885	1
7886	1
7887	1
7888	0
7889	1
7890	0
7891	0
7892	0
7893	0
7894	1
7895	0
7896	0
7897	0
7898	0
7899	1
7900	0
7901	0
7902	0
7903	0
7904	0
7905	0
7906	0
7907	0
7908	0
7909	0
7910	0
7911	0
7912	0
7913	0
7914	1
7915	0
7916	0
7917	1
7918	0
7919	0
7920	0
7921	0
7922	1
7923	0
7924	0
7925	0
7926	0
7927	0
7928	0
7929	1
7930	0
7931	0
7932	0
7933	0
7934	0
7935	0
7936	0
7937	0
7938	0
7939	0
7940	0
7941	1
7942	0
7943	0
7944	0
7945	0
7946	0
7947	0
7948	0
7949	1
7950	0
7951	0
7952	0
7953	0
7954	1
7955	0
7956	0
7957	0
7958	0
7959	0
7960	0
7961	0
7962	0
7963	0
7964	0
7965	0
7966	0
7967	0
7968	0
7969	0
7970	0
7971	1
7972	0
7973	0
7974	0
7975	1
7976	0
7977	0
7978	1
7979	0
7980	0
7981	0
7982	1
7983	0
7984	0
7985	0
7986	0
7987	0
7988	0
7989	0
7990	0
7991	1
7992	0
7993	1
7994	0
7995	0
7996	0
7997	0
7998	0
7999	0
8000	0
8001	0
8002	1
8003	0
8004	0
8005	0
8006	0
8007	0
8008	0
8009	0
8010	0
8011	0
8012	0
8013	0
8014	1
8015	0
8016	0
8017	0
8018	0
8019	0
8020	0
8021	0
8022	0
8023	0
8024	0
8025	0
8026	0
8027	0
8028	2
8029	0
8030	1
8031	0
8032	0
8033	2
8034	0
8035	1
8036	1
8037	0
8038	1
8039	0
8040	0
8041	0
8042	0
8043	0
8044	0
8045	1
8046	0
8047	0
8048	0
8049	0
8050	1
8051	0
8052	0
8053	0
8054	0
8055	0
8056	0
8057	0
8058	0
8059	0
8060	0
8061	0
8062	0
8063	1
8064	0
8065	0
8066	0
8067	0
8068	0
8069	0
8070	1
8071	0
8072	0
8073	1
8074	0
8075	0
8076	0
8077	0
8078	0
8079	0
8080	1
8081	0
8082	0
8083	0
8084	0
8085	0
8086	0
8087	0
8088	0
8089	1
8090	0
8091	1
8092	0
8093	0
8094	0
8095	0
8096	1
8097	0
8098	0
8099	0
8100	0
8101	0
8102	1
8103	0
8104	1
8105	0
8106	1
8107	1
8108	0
8109	0
8110	0
8111	0
8112	0
8113	0
8114	0
8115	0
8116	0
8117	0
8118	0
8119	0
8120	0
8121	0
8122	0
8123	0
8124	0
8125	0
8126	0
8127	0
8128	0
8129	0
8130	0
8131	0
8132	0
8133	0
8134	0
8135	0
8136	0
8137	0
8138	0
8139	0
8140	0
8141	0
8142	0
8143	0
8144	0
8145	0
8146	0
8147	0
8148	0
8149	0
8150	0
8151	0
8152	0
8153	0
8154	0
8155	0
8156	0
8157	0
8158	0
8159	0
8160	0
8161	0
8162	0
8163	0
8164	0
8165	0
8166	0
8167	0
8168	0
8169	0
8170	0
8171	0
8172	0
8173	0
8174	0
8175	0
8176	0
8177	0
8178	0
8179	0
8180	0
8181	0
8182	0
8183	0
8184	0
8185	0
8186	0
8187	0
8188	0
8189	0
8190	0
8191	0
