0	0
1	0
2	0
3	0
4	0
5	0
6	0
7	0
8	0
9	0
10	0
11	0
12	0
13	0
14	0
15	0
16	0
17	0
18	0
19	0
20	0
21	0
22	0
23	0
24	0
25	0
26	0
27	0
28	0
29	0
30	0
31	0
32	0
33	0
34	0
35	0
36	0
37	0
38	0
39	0
40	0
41	0
42	0
43	0
44	0
45	0
46	0
47	0
48	0
49	0
50	0
51	0
52	0
53	0
54	0
55	0
56	0
57	0
58	0
59	0
60	0
61	0
62	0
63	0
64	0
65	0
66	0
67	0
68	0
69	0
70	0
71	9
72	20
73	26
74	17
75	31
76	16
77	19
78	22
79	20
80	20
81	20
82	19
83	19
84	18
85	32
86	27
87	15
88	23
89	20
90	15
91	19
92	20
93	25
94	20
95	15
96	16
97	13
98	22
99	18
100	17
101	21
102	23
103	16
104	20
105	18
106	25
107	19
108	19
109	15
110	22
111	18
112	24
113	20
114	22
115	21
116	19
117	19
118	14
119	17
120	15
121	27
122	12
123	21
124	12
125	24
126	23
127	25
128	17
129	16
130	23
131	19
132	17
133	19
134	18
135	23
136	25
137	16
138	27
139	17
140	25
141	18
142	17
143	19
144	20
145	24
146	25
147	22
148	17
149	29
150	23
151	21
152	18
153	13
154	29
155	23
156	19
157	26
158	23
159	19
160	24
161	23
162	27
163	26
164	19
165	20
166	26
167	17
168	18
169	21
170	15
171	19
172	17
173	9
174	24
175	19
176	21
177	17
178	18
179	19
180	23
181	22
182	16
183	20
184	25
185	27
186	22
187	26
188	15
189	30
190	21
191	21
192	23
193	26
194	17
195	18
196	22
197	21
198	21
199	19
200	20
201	17
202	18
203	18
204	16
205	22
206	22
207	16
208	26
209	26
210	25
211	22
212	29
213	16
214	23
215	15
216	15
217	12
218	17
219	23
220	23
221	17
222	19
223	23
224	34
225	13
226	18
227	17
228	21
229	18
230	21
231	26
232	26
233	23
234	15
235	23
236	19
237	27
238	19
239	22
240	22
241	34
242	24
243	29
244	25
245	21
246	24
247	28
248	24
249	24
250	17
251	25
252	23
253	30
254	22
255	31
256	25
257	30
258	15
259	26
260	25
261	28
262	20
263	24
264	20
265	23
266	24
267	30
268	23
269	23
270	18
271	21
272	32
273	28
274	17
275	20
276	22
277	26
278	33
279	28
280	20
281	26
282	22
283	22
284	22
285	21
286	21
287	20
288	22
289	25
290	25
291	21
292	21
293	20
294	25
295	25
296	23
297	24
298	21
299	29
300	24
301	27
302	42
303	32
304	21
305	30
306	31
307	22
308	25
309	32
310	21
311	29
312	24
313	28
314	35
315	26
316	32
317	23
318	35
319	36
320	27
321	25
322	34
323	35
324	26
325	33
326	24
327	26
328	25
329	23
330	18
331	22
332	32
333	30
334	23
335	19
336	21
337	29
338	20
339	32
340	15
341	26
342	28
343	18
344	20
345	23
346	26
347	23
348	28
349	21
350	23
351	24
352	30
353	20
354	24
355	25
356	22
357	40
358	32
359	30
360	23
361	28
362	33
363	22
364	26
365	21
366	28
367	19
368	32
369	19
370	27
371	29
372	43
373	20
374	29
375	34
376	22
377	31
378	26
379	30
380	24
381	27
382	30
383	31
384	25
385	16
386	31
387	34
388	33
389	31
390	29
391	21
392	38
393	42
394	27
395	22
396	29
397	22
398	36
399	24
400	22
401	32
402	22
403	27
404	25
405	29
406	23
407	33
408	24
409	29
410	23
411	25
412	22
413	31
414	31
415	23
416	29
417	36
418	18
419	26
420	30
421	17
422	28
423	24
424	31
425	23
426	14
427	25
428	20
429	28
430	23
431	22
432	24
433	17
434	33
435	28
436	27
437	19
438	31
439	24
440	29
441	26
442	22
443	25
444	18
445	22
446	33
447	23
448	25
449	27
450	31
451	29
452	20
453	24
454	28
455	29
456	34
457	18
458	25
459	25
460	24
461	24
462	22
463	19
464	30
465	31
466	18
467	27
468	25
469	21
470	22
471	24
472	24
473	27
474	28
475	21
476	20
477	22
478	26
479	18
480	30
481	24
482	27
483	28
484	26
485	19
486	22
487	24
488	32
489	24
490	26
491	17
492	19
493	28
494	14
495	24
496	26
497	28
498	23
499	17
500	31
501	28
502	26
503	22
504	25
505	27
506	22
507	19
508	32
509	27
510	27
511	21
512	25
513	25
514	18
515	29
516	32
517	35
518	21
519	25
520	37
521	21
522	23
523	22
524	26
525	25
526	23
527	35
528	25
529	23
530	27
531	13
532	19
533	24
534	31
535	24
536	26
537	28
538	28
539	27
540	31
541	26
542	25
543	23
544	25
545	27
546	23
547	32
548	28
549	33
550	22
551	19
552	18
553	19
554	21
555	19
556	29
557	17
558	30
559	20
560	33
561	25
562	26
563	22
564	20
565	21
566	21
567	30
568	29
569	27
570	26
571	29
572	25
573	22
574	23
575	20
576	34
577	24
578	32
579	26
580	35
581	32
582	37
583	27
584	22
585	21
586	20
587	22
588	26
589	28
590	21
591	22
592	18
593	35
594	30
595	34
596	35
597	31
598	23
599	20
600	21
601	28
602	24
603	31
604	26
605	31
606	23
607	31
608	33
609	24
610	20
611	17
612	28
613	25
614	27
615	30
616	26
617	25
618	25
619	22
620	27
621	38
622	37
623	22
624	29
625	35
626	33
627	29
628	28
629	31
630	25
631	19
632	26
633	23
634	26
635	29
636	30
637	30
638	33
639	29
640	27
641	30
642	24
643	23
644	24
645	26
646	30
647	35
648	36
649	31
650	25
651	20
652	40
653	16
654	25
655	29
656	33
657	23
658	32
659	31
660	22
661	27
662	23
663	28
664	26
665	35
666	28
667	26
668	32
669	41
670	34
671	31
672	27
673	33
674	36
675	29
676	32
677	24
678	31
679	31
680	29
681	28
682	28
683	22
684	27
685	35
686	34
687	39
688	27
689	35
690	31
691	32
692	28
693	32
694	17
695	38
696	32
697	28
698	29
699	27
700	34
701	30
702	28
703	27
704	30
705	22
706	31
707	34
708	40
709	40
710	28
711	38
712	21
713	31
714	39
715	34
716	24
717	26
718	35
719	33
720	28
721	39
722	24
723	29
724	31
725	30
726	28
727	24
728	27
729	34
730	31
731	39
732	39
733	37
734	28
735	26
736	38
737	32
738	30
739	35
740	23
741	37
742	33
743	32
744	35
745	42
746	39
747	36
748	39
749	29
750	30
751	42
752	31
753	42
754	42
755	36
756	33
757	42
758	40
759	28
760	33
761	35
762	32
763	31
764	32
765	30
766	32
767	30
768	33
769	26
770	26
771	35
772	38
773	32
774	36
775	31
776	28
777	21
778	39
779	29
780	41
781	32
782	44
783	40
784	25
785	31
786	34
787	28
788	32
789	27
790	37
791	30
792	33
793	40
794	35
795	27
796	40
797	37
798	47
799	33
800	30
801	45
802	42
803	50
804	39
805	24
806	41
807	33
808	33
809	38
810	34
811	37
812	32
813	41
814	34
815	37
816	30
817	47
818	35
819	30
820	39
821	39
822	46
823	41
824	35
825	27
826	36
827	39
828	41
829	40
830	39
831	46
832	42
833	42
834	44
835	42
836	38
837	36
838	38
839	49
840	36
841	39
842	42
843	32
844	35
845	43
846	47
847	46
848	35
849	43
850	46
851	44
852	38
853	41
854	44
855	35
856	37
857	45
858	36
859	45
860	46
861	33
862	45
863	40
864	40
865	33
866	40
867	51
868	33
869	34
870	43
871	37
872	49
873	45
874	39
875	40
876	42
877	42
878	38
879	33
880	43
881	53
882	34
883	35
884	43
885	31
886	52
887	32
888	36
889	34
890	34
891	43
892	45
893	41
894	48
895	36
896	33
897	44
898	50
899	30
900	47
901	31
902	53
903	41
904	56
905	43
906	45
907	40
908	52
909	45
910	39
911	62
912	57
913	47
914	46
915	44
916	46
917	42
918	42
919	38
920	37
921	63
922	42
923	37
924	46
925	42
926	36
927	40
928	37
929	45
930	43
931	41
932	58
933	47
934	37
935	59
936	51
937	46
938	48
939	43
940	51
941	53
942	56
943	45
944	50
945	31
946	46
947	48
948	55
949	39
950	46
951	56
952	60
953	48
954	51
955	54
956	55
957	52
958	52
959	36
960	48
961	36
962	54
963	54
964	50
965	60
966	45
967	50
968	40
969	47
970	40
971	38
972	53
973	50
974	57
975	47
976	44
977	46
978	49
979	56
980	58
981	48
982	64
983	49
984	45
985	56
986	47
987	38
988	39
989	53
990	59
991	57
992	47
993	45
994	52
995	59
996	57
997	45
998	49
999	38
1000	50
1001	53
1002	51
1003	52
1004	67
1005	47
1006	53
1007	52
1008	55
1009	62
1010	60
1011	58
1012	57
1013	48
1014	50
1015	53
1016	46
1017	45
1018	59
1019	53
1020	59
1021	40
1022	52
1023	50
1024	61
1025	55
1026	44
1027	49
1028	55
1029	51
1030	59
1031	59
1032	58
1033	66
1034	67
1035	48
1036	57
1037	44
1038	59
1039	47
1040	64
1041	55
1042	59
1043	41
1044	51
1045	49
1046	52
1047	55
1048	47
1049	59
1050	55
1051	44
1052	57
1053	48
1054	52
1055	56
1056	40
1057	55
1058	57
1059	58
1060	49
1061	61
1062	52
1063	61
1064	55
1065	59
1066	73
1067	54
1068	62
1069	55
1070	56
1071	56
1072	53
1073	64
1074	54
1075	62
1076	47
1077	50
1078	53
1079	52
1080	58
1081	60
1082	57
1083	78
1084	56
1085	56
1086	45
1087	57
1088	70
1089	58
1090	74
1091	50
1092	69
1093	59
1094	56
1095	63
1096	49
1097	62
1098	55
1099	60
1100	55
1101	58
1102	59
1103	52
1104	53
1105	52
1106	54
1107	69
1108	72
1109	53
1110	54
1111	63
1112	61
1113	49
1114	56
1115	55
1116	49
1117	67
1118	80
1119	52
1120	60
1121	52
1122	50
1123	63
1124	66
1125	66
1126	51
1127	67
1128	49
1129	54
1130	56
1131	56
1132	48
1133	54
1134	45
1135	61
1136	64
1137	56
1138	64
1139	62
1140	46
1141	50
1142	57
1143	66
1144	49
1145	54
1146	43
1147	73
1148	55
1149	56
1150	59
1151	47
1152	60
1153	42
1154	66
1155	49
1156	57
1157	52
1158	55
1159	57
1160	52
1161	53
1162	46
1163	34
1164	57
1165	46
1166	50
1167	51
1168	67
1169	55
1170	50
1171	43
1172	47
1173	42
1174	66
1175	47
1176	54
1177	47
1178	53
1179	59
1180	48
1181	49
1182	54
1183	55
1184	59
1185	53
1186	55
1187	49
1188	49
1189	66
1190	58
1191	52
1192	57
1193	66
1194	57
1195	63
1196	66
1197	53
1198	58
1199	48
1200	42
1201	55
1202	54
1203	31
1204	63
1205	53
1206	50
1207	59
1208	47
1209	53
1210	44
1211	60
1212	64
1213	56
1214	46
1215	68
1216	51
1217	63
1218	55
1219	53
1220	59
1221	63
1222	53
1223	63
1224	65
1225	59
1226	67
1227	56
1228	56
1229	63
1230	63
1231	57
1232	65
1233	54
1234	53
1235	55
1236	68
1237	73
1238	67
1239	56
1240	43
1241	62
1242	47
1243	63
1244	53
1245	52
1246	53
1247	53
1248	49
1249	56
1250	55
1251	44
1252	61
1253	52
1254	51
1255	51
1256	55
1257	53
1258	59
1259	63
1260	38
1261	61
1262	52
1263	54
1264	58
1265	52
1266	49
1267	61
1268	46
1269	46
1270	77
1271	45
1272	50
1273	57
1274	65
1275	51
1276	59
1277	39
1278	52
1279	54
1280	52
1281	61
1282	68
1283	50
1284	48
1285	48
1286	56
1287	68
1288	53
1289	56
1290	60
1291	59
1292	43
1293	49
1294	53
1295	55
1296	55
1297	66
1298	59
1299	60
1300	66
1301	56
1302	64
1303	45
1304	57
1305	56
1306	61
1307	32
1308	58
1309	40
1310	58
1311	59
1312	46
1313	52
1314	53
1315	60
1316	58
1317	55
1318	69
1319	33
1320	56
1321	72
1322	53
1323	52
1324	54
1325	38
1326	44
1327	56
1328	54
1329	53
1330	44
1331	62
1332	59
1333	42
1334	42
1335	56
1336	61
1337	60
1338	54
1339	59
1340	62
1341	52
1342	48
1343	66
1344	64
1345	48
1346	62
1347	69
1348	54
1349	62
1350	42
1351	41
1352	69
1353	55
1354	50
1355	40
1356	57
1357	48
1358	53
1359	59
1360	47
1361	45
1362	46
1363	65
1364	59
1365	48
1366	49
1367	54
1368	54
1369	66
1370	62
1371	54
1372	52
1373	55
1374	40
1375	52
1376	59
1377	47
1378	62
1379	53
1380	57
1381	52
1382	59
1383	56
1384	54
1385	41
1386	46
1387	45
1388	51
1389	86
1390	59
1391	55
1392	54
1393	67
1394	45
1395	35
1396	80
1397	63
1398	68
1399	52
1400	48
1401	56
1402	60
1403	56
1404	53
1405	53
1406	47
1407	65
1408	65
1409	45
1410	80
1411	53
1412	44
1413	61
1414	56
1415	57
1416	66
1417	50
1418	59
1419	68
1420	57
1421	56
1422	57
1423	56
1424	61
1425	43
1426	69
1427	53
1428	70
1429	68
1430	50
1431	56
1432	52
1433	76
1434	64
1435	50
1436	54
1437	65
1438	61
1439	40
1440	50
1441	64
1442	55
1443	58
1444	52
1445	55
1446	64
1447	50
1448	64
1449	53
1450	56
1451	51
1452	48
1453	57
1454	46
1455	49
1456	57
1457	56
1458	60
1459	63
1460	54
1461	59
1462	37
1463	59
1464	55
1465	52
1466	63
1467	53
1468	57
1469	60
1470	48
1471	58
1472	53
1473	49
1474	57
1475	47
1476	47
1477	46
1478	54
1479	49
1480	60
1481	49
1482	49
1483	69
1484	77
1485	65
1486	51
1487	71
1488	43
1489	40
1490	60
1491	51
1492	60
1493	55
1494	51
1495	59
1496	54
1497	55
1498	42
1499	65
1500	61
1501	63
1502	69
1503	49
1504	43
1505	54
1506	59
1507	42
1508	68
1509	51
1510	56
1511	56
1512	59
1513	34
1514	68
1515	59
1516	68
1517	59
1518	74
1519	57
1520	61
1521	56
1522	52
1523	47
1524	46
1525	53
1526	53
1527	50
1528	51
1529	48
1530	58
1531	55
1532	56
1533	55
1534	38
1535	58
1536	54
1537	62
1538	48
1539	45
1540	47
1541	42
1542	66
1543	49
1544	54
1545	57
1546	37
1547	45
1548	52
1549	44
1550	50
1551	51
1552	62
1553	47
1554	58
1555	61
1556	64
1557	47
1558	59
1559	56
1560	65
1561	46
1562	46
1563	58
1564	45
1565	48
1566	62
1567	59
1568	54
1569	46
1570	44
1571	44
1572	54
1573	54
1574	53
1575	53
1576	62
1577	70
1578	62
1579	56
1580	39
1581	57
1582	48
1583	58
1584	50
1585	47
1586	51
1587	64
1588	63
1589	52
1590	62
1591	56
1592	37
1593	42
1594	53
1595	48
1596	52
1597	61
1598	49
1599	57
1600	55
1601	60
1602	62
1603	63
1604	44
1605	65
1606	51
1607	38
1608	50
1609	64
1610	50
1611	59
1612	52
1613	47
1614	54
1615	56
1616	63
1617	47
1618	46
1619	44
1620	54
1621	48
1622	46
1623	57
1624	64
1625	55
1626	55
1627	49
1628	68
1629	61
1630	47
1631	57
1632	57
1633	57
1634	40
1635	46
1636	56
1637	64
1638	65
1639	51
1640	54
1641	58
1642	49
1643	45
1644	64
1645	54
1646	54
1647	52
1648	63
1649	60
1650	55
1651	48
1652	65
1653	44
1654	42
1655	49
1656	58
1657	57
1658	67
1659	61
1660	53
1661	68
1662	66
1663	52
1664	51
1665	63
1666	51
1667	63
1668	57
1669	62
1670	45
1671	54
1672	44
1673	59
1674	49
1675	47
1676	59
1677	54
1678	60
1679	69
1680	49
1681	46
1682	50
1683	55
1684	56
1685	57
1686	53
1687	53
1688	57
1689	32
1690	62
1691	58
1692	58
1693	58
1694	48
1695	46
1696	46
1697	63
1698	45
1699	56
1700	58
1701	53
1702	64
1703	50
1704	50
1705	65
1706	47
1707	50
1708	63
1709	58
1710	63
1711	49
1712	44
1713	43
1714	60
1715	61
1716	49
1717	51
1718	61
1719	52
1720	46
1721	40
1722	51
1723	43
1724	49
1725	44
1726	64
1727	52
1728	55
1729	67
1730	65
1731	61
1732	49
1733	44
1734	63
1735	53
1736	46
1737	46
1738	69
1739	57
1740	49
1741	43
1742	49
1743	63
1744	57
1745	35
1746	51
1747	41
1748	69
1749	57
1750	54
1751	50
1752	52
1753	57
1754	53
1755	56
1756	39
1757	59
1758	64
1759	58
1760	58
1761	57
1762	45
1763	45
1764	48
1765	52
1766	50
1767	43
1768	51
1769	52
1770	57
1771	48
1772	38
1773	63
1774	52
1775	60
1776	45
1777	30
1778	48
1779	49
1780	52
1781	40
1782	59
1783	50
1784	42
1785	71
1786	40
1787	45
1788	52
1789	45
1790	32
1791	73
1792	54
1793	46
1794	39
1795	50
1796	54
1797	51
1798	52
1799	36
1800	61
1801	49
1802	47
1803	55
1804	58
1805	47
1806	50
1807	50
1808	58
1809	49
1810	40
1811	49
1812	44
1813	54
1814	56
1815	43
1816	49
1817	48
1818	46
1819	53
1820	44
1821	44
1822	58
1823	41
1824	53
1825	58
1826	44
1827	51
1828	53
1829	46
1830	45
1831	48
1832	56
1833	53
1834	45
1835	61
1836	44
1837	64
1838	46
1839	56
1840	57
1841	54
1842	40
1843	40
1844	45
1845	48
1846	45
1847	45
1848	58
1849	58
1850	52
1851	53
1852	62
1853	45
1854	58
1855	54
1856	43
1857	54
1858	60
1859	51
1860	57
1861	47
1862	51
1863	56
1864	60
1865	53
1866	58
1867	44
1868	56
1869	41
1870	52
1871	40
1872	46
1873	48
1874	51
1875	41
1876	56
1877	52
1878	67
1879	46
1880	52
1881	42
1882	61
1883	57
1884	57
1885	52
1886	47
1887	50
1888	58
1889	41
1890	53
1891	60
1892	54
1893	43
1894	56
1895	53
1896	55
1897	50
1898	60
1899	59
1900	50
1901	54
1902	55
1903	58
1904	48
1905	49
1906	60
1907	62
1908	40
1909	53
1910	50
1911	53
1912	41
1913	48
1914	51
1915	57
1916	50
1917	44
1918	58
1919	56
1920	59
1921	47
1922	51
1923	43
1924	53
1925	39
1926	46
1927	39
1928	43
1929	50
1930	43
1931	44
1932	59
1933	55
1934	49
1935	59
1936	69
1937	55
1938	44
1939	44
1940	43
1941	48
1942	57
1943	45
1944	42
1945	49
1946	36
1947	51
1948	43
1949	37
1950	40
1951	47
1952	54
1953	47
1954	41
1955	50
1956	48
1957	50
1958	49
1959	44
1960	41
1961	51
1962	41
1963	41
1964	58
1965	56
1966	39
1967	43
1968	56
1969	46
1970	40
1971	41
1972	55
1973	56
1974	52
1975	56
1976	48
1977	52
1978	48
1979	42
1980	55
1981	45
1982	56
1983	48
1984	47
1985	46
1986	38
1987	40
1988	41
1989	48
1990	43
1991	43
1992	57
1993	42
1994	49
1995	45
1996	50
1997	48
1998	44
1999	42
2000	43
2001	42
2002	38
2003	50
2004	59
2005	45
2006	65
2007	35
2008	50
2009	38
2010	39
2011	48
2012	52
2013	42
2014	43
2015	49
2016	55
2017	45
2018	44
2019	55
2020	48
2021	59
2022	47
2023	50
2024	60
2025	53
2026	36
2027	54
2028	40
2029	47
2030	54
2031	45
2032	40
2033	59
2034	51
2035	53
2036	40
2037	36
2038	54
2039	39
2040	34
2041	43
2042	29
2043	51
2044	53
2045	44
2046	44
2047	37
2048	56
2049	51
2050	53
2051	49
2052	51
2053	41
2054	70
2055	42
2056	68
2057	49
2058	49
2059	50
2060	49
2061	47
2062	43
2063	57
2064	44
2065	48
2066	40
2067	53
2068	43
2069	58
2070	43
2071	51
2072	55
2073	61
2074	49
2075	48
2076	62
2077	46
2078	51
2079	40
2080	50
2081	54
2082	44
2083	54
2084	46
2085	57
2086	42
2087	34
2088	48
2089	54
2090	49
2091	40
2092	40
2093	58
2094	45
2095	50
2096	65
2097	46
2098	46
2099	44
2100	41
2101	47
2102	37
2103	47
2104	47
2105	41
2106	49
2107	51
2108	36
2109	46
2110	48
2111	60
2112	43
2113	46
2114	52
2115	46
2116	47
2117	44
2118	53
2119	41
2120	67
2121	55
2122	47
2123	37
2124	56
2125	30
2126	39
2127	42
2128	45
2129	50
2130	35
2131	56
2132	52
2133	40
2134	39
2135	55
2136	53
2137	41
2138	53
2139	43
2140	39
2141	43
2142	40
2143	45
2144	44
2145	54
2146	48
2147	35
2148	43
2149	45
2150	51
2151	39
2152	34
2153	42
2154	56
2155	41
2156	46
2157	40
2158	53
2159	43
2160	40
2161	52
2162	45
2163	50
2164	52
2165	51
2166	47
2167	32
2168	42
2169	44
2170	46
2171	44
2172	47
2173	57
2174	40
2175	34
2176	38
2177	44
2178	47
2179	38
2180	58
2181	48
2182	49
2183	56
2184	47
2185	42
2186	52
2187	45
2188	50
2189	42
2190	50
2191	52
2192	38
2193	61
2194	36
2195	51
2196	57
2197	51
2198	39
2199	55
2200	41
2201	38
2202	42
2203	46
2204	54
2205	47
2206	43
2207	41
2208	32
2209	40
2210	38
2211	42
2212	43
2213	49
2214	45
2215	45
2216	66
2217	47
2218	46
2219	39
2220	48
2221	50
2222	40
2223	36
2224	32
2225	43
2226	46
2227	55
2228	42
2229	51
2230	31
2231	44
2232	44
2233	48
2234	43
2235	46
2236	44
2237	43
2238	46
2239	49
2240	43
2241	44
2242	45
2243	44
2244	54
2245	45
2246	40
2247	40
2248	33
2249	50
2250	54
2251	52
2252	50
2253	61
2254	47
2255	32
2256	53
2257	51
2258	40
2259	43
2260	28
2261	46
2262	48
2263	37
2264	39
2265	43
2266	50
2267	37
2268	38
2269	49
2270	36
2271	38
2272	43
2273	44
2274	46
2275	64
2276	46
2277	49
2278	44
2279	31
2280	40
2281	52
2282	46
2283	45
2284	32
2285	35
2286	46
2287	48
2288	34
2289	45
2290	40
2291	61
2292	48
2293	47
2294	31
2295	48
2296	46
2297	41
2298	50
2299	51
2300	50
2301	39
2302	51
2303	43
2304	44
2305	43
2306	46
2307	40
2308	48
2309	41
2310	45
2311	41
2312	51
2313	54
2314	47
2315	47
2316	50
2317	34
2318	57
2319	37
2320	46
2321	44
2322	46
2323	52
2324	38
2325	41
2326	41
2327	38
2328	49
2329	55
2330	43
2331	44
2332	43
2333	52
2334	43
2335	40
2336	39
2337	51
2338	32
2339	47
2340	43
2341	53
2342	44
2343	37
2344	38
2345	48
2346	48
2347	55
2348	37
2349	44
2350	48
2351	44
2352	47
2353	41
2354	53
2355	57
2356	52
2357	40
2358	51
2359	44
2360	38
2361	29
2362	43
2363	46
2364	42
2365	44
2366	44
2367	56
2368	42
2369	64
2370	44
2371	35
2372	56
2373	37
2374	48
2375	36
2376	40
2377	49
2378	34
2379	58
2380	46
2381	48
2382	49
2383	44
2384	47
2385	61
2386	60
2387	51
2388	54
2389	49
2390	44
2391	34
2392	45
2393	41
2394	54
2395	49
2396	36
2397	37
2398	52
2399	44
2400	40
2401	46
2402	39
2403	49
2404	54
2405	48
2406	42
2407	42
2408	54
2409	47
2410	42
2411	44
2412	56
2413	31
2414	40
2415	48
2416	44
2417	48
2418	45
2419	50
2420	48
2421	45
2422	48
2423	52
2424	39
2425	46
2426	56
2427	52
2428	47
2429	41
2430	54
2431	46
2432	45
2433	49
2434	31
2435	49
2436	66
2437	37
2438	52
2439	42
2440	41
2441	41
2442	51
2443	27
2444	50
2445	55
2446	46
2447	52
2448	46
2449	49
2450	38
2451	45
2452	49
2453	53
2454	52
2455	38
2456	43
2457	51
2458	59
2459	53
2460	58
2461	53
2462	37
2463	32
2464	55
2465	52
2466	50
2467	46
2468	39
2469	48
2470	61
2471	61
2472	66
2473	42
2474	35
2475	57
2476	64
2477	51
2478	42
2479	44
2480	66
2481	52
2482	53
2483	56
2484	53
2485	57
2486	53
2487	49
2488	43
2489	51
2490	44
2491	49
2492	44
2493	36
2494	51
2495	44
2496	57
2497	48
2498	49
2499	55
2500	50
2501	55
2502	53
2503	42
2504	52
2505	42
2506	43
2507	39
2508	38
2509	55
2510	54
2511	48
2512	56
2513	53
2514	56
2515	60
2516	58
2517	44
2518	50
2519	51
2520	49
2521	52
2522	49
2523	56
2524	45
2525	34
2526	52
2527	35
2528	39
2529	42
2530	56
2531	44
2532	46
2533	53
2534	50
2535	50
2536	42
2537	51
2538	44
2539	47
2540	43
2541	40
2542	52
2543	52
2544	40
2545	61
2546	52
2547	33
2548	51
2549	41
2550	46
2551	61
2552	51
2553	48
2554	52
2555	44
2556	41
2557	50
2558	55
2559	49
2560	44
2561	37
2562	38
2563	55
2564	53
2565	53
2566	49
2567	53
2568	55
2569	48
2570	50
2571	46
2572	36
2573	46
2574	42
2575	34
2576	40
2577	35
2578	45
2579	49
2580	44
2581	58
2582	53
2583	46
2584	51
2585	53
2586	38
2587	51
2588	44
2589	45
2590	51
2591	35
2592	51
2593	50
2594	53
2595	46
2596	50
2597	36
2598	45
2599	35
2600	55
2601	52
2602	44
2603	50
2604	59
2605	39
2606	43
2607	42
2608	50
2609	42
2610	45
2611	43
2612	44
2613	40
2614	48
2615	48
2616	44
2617	40
2618	39
2619	47
2620	42
2621	38
2622	50
2623	40
2624	45
2625	45
2626	46
2627	48
2628	51
2629	46
2630	49
2631	47
2632	37
2633	50
2634	44
2635	45
2636	43
2637	43
2638	52
2639	48
2640	56
2641	55
2642	47
2643	39
2644	55
2645	42
2646	56
2647	47
2648	49
2649	32
2650	51
2651	42
2652	42
2653	45
2654	49
2655	43
2656	47
2657	44
2658	50
2659	35
2660	48
2661	44
2662	41
2663	43
2664	49
2665	47
2666	53
2667	41
2668	41
2669	43
2670	47
2671	61
2672	46
2673	42
2674	48
2675	55
2676	50
2677	36
2678	50
2679	55
2680	41
2681	51
2682	49
2683	38
2684	37
2685	43
2686	42
2687	44
2688	54
2689	53
2690	56
2691	33
2692	51
2693	42
2694	51
2695	45
2696	48
2697	43
2698	53
2699	39
2700	49
2701	38
2702	40
2703	39
2704	36
2705	42
2706	41
2707	34
2708	51
2709	40
2710	44
2711	47
2712	37
2713	35
2714	40
2715	46
2716	48
2717	49
2718	50
2719	42
2720	45
2721	34
2722	43
2723	41
2724	41
2725	40
2726	47
2727	38
2728	40
2729	46
2730	49
2731	42
2732	40
2733	36
2734	40
2735	31
2736	30
2737	43
2738	37
2739	45
2740	53
2741	40
2742	40
2743	31
2744	32
2745	39
2746	35
2747	33
2748	46
2749	55
2750	41
2751	42
2752	36
2753	41
2754	41
2755	39
2756	37
2757	42
2758	47
2759	43
2760	36
2761	41
2762	33
2763	46
2764	38
2765	38
2766	39
2767	41
2768	45
2769	42
2770	36
2771	49
2772	53
2773	35
2774	43
2775	47
2776	45
2777	45
2778	45
2779	47
2780	34
2781	40
2782	52
2783	49
2784	34
2785	30
2786	48
2787	44
2788	42
2789	50
2790	34
2791	43
2792	56
2793	37
2794	44
2795	35
2796	37
2797	43
2798	51
2799	42
2800	47
2801	39
2802	51
2803	46
2804	34
2805	34
2806	41
2807	38
2808	48
2809	49
2810	42
2811	35
2812	36
2813	51
2814	33
2815	48
2816	51
2817	34
2818	27
2819	43
2820	43
2821	37
2822	37
2823	36
2824	29
2825	41
2826	37
2827	44
2828	39
2829	29
2830	33
2831	46
2832	35
2833	47
2834	49
2835	45
2836	41
2837	40
2838	49
2839	57
2840	41
2841	42
2842	30
2843	32
2844	44
2845	38
2846	34
2847	38
2848	33
2849	42
2850	49
2851	35
2852	42
2853	48
2854	39
2855	30
2856	43
2857	51
2858	51
2859	43
2860	35
2861	33
2862	39
2863	39
2864	44
2865	40
2866	40
2867	42
2868	29
2869	42
2870	29
2871	43
2872	36
2873	35
2874	30
2875	28
2876	37
2877	38
2878	37
2879	45
2880	42
2881	45
2882	30
2883	38
2884	44
2885	43
2886	41
2887	44
2888	39
2889	37
2890	33
2891	34
2892	39
2893	36
2894	34
2895	27
2896	36
2897	40
2898	36
2899	35
2900	38
2901	33
2902	44
2903	35
2904	29
2905	37
2906	33
2907	39
2908	42
2909	44
2910	43
2911	37
2912	40
2913	37
2914	48
2915	44
2916	33
2917	22
2918	35
2919	43
2920	39
2921	50
2922	39
2923	27
2924	42
2925	31
2926	39
2927	46
2928	39
2929	31
2930	42
2931	43
2932	34
2933	43
2934	37
2935	39
2936	33
2937	41
2938	27
2939	32
2940	28
2941	26
2942	43
2943	49
2944	31
2945	40
2946	50
2947	32
2948	38
2949	34
2950	45
2951	42
2952	33
2953	27
2954	40
2955	46
2956	46
2957	34
2958	34
2959	33
2960	32
2961	27
2962	31
2963	49
2964	34
2965	30
2966	45
2967	42
2968	37
2969	50
2970	40
2971	42
2972	35
2973	36
2974	29
2975	43
2976	42
2977	38
2978	31
2979	29
2980	41
2981	42
2982	33
2983	30
2984	30
2985	35
2986	50
2987	36
2988	43
2989	42
2990	32
2991	39
2992	47
2993	42
2994	38
2995	37
2996	41
2997	37
2998	40
2999	34
3000	45
3001	33
3002	34
3003	31
3004	39
3005	45
3006	45
3007	33
3008	37
3009	30
3010	31
3011	52
3012	37
3013	38
3014	43
3015	38
3016	44
3017	26
3018	32
3019	42
3020	46
3021	41
3022	37
3023	38
3024	30
3025	32
3026	33
3027	31
3028	40
3029	46
3030	47
3031	42
3032	31
3033	31
3034	52
3035	30
3036	43
3037	40
3038	39
3039	35
3040	35
3041	40
3042	39
3043	44
3044	36
3045	39
3046	49
3047	32
3048	34
3049	45
3050	36
3051	37
3052	39
3053	38
3054	35
3055	50
3056	25
3057	37
3058	35
3059	34
3060	37
3061	42
3062	29
3063	38
3064	34
3065	35
3066	38
3067	36
3068	39
3069	32
3070	30
3071	26
3072	32
3073	45
3074	28
3075	31
3076	34
3077	36
3078	41
3079	37
3080	40
3081	39
3082	34
3083	46
3084	36
3085	44
3086	39
3087	38
3088	30
3089	35
3090	33
3091	36
3092	40
3093	39
3094	32
3095	25
3096	39
3097	45
3098	45
3099	33
3100	30
3101	34
3102	34
3103	38
3104	39
3105	32
3106	42
3107	30
3108	35
3109	29
3110	48
3111	38
3112	43
3113	21
3114	34
3115	39
3116	36
3117	37
3118	47
3119	34
3120	29
3121	40
3122	34
3123	42
3124	39
3125	42
3126	22
3127	36
3128	40
3129	38
3130	33
3131	43
3132	36
3133	33
3134	41
3135	40
3136	41
3137	32
3138	29
3139	38
3140	39
3141	46
3142	23
3143	39
3144	36
3145	39
3146	34
3147	35
3148	32
3149	36
3150	29
3151	40
3152	31
3153	34
3154	36
3155	35
3156	32
3157	23
3158	32
3159	34
3160	34
3161	34
3162	26
3163	39
3164	22
3165	29
3166	43
3167	28
3168	39
3169	38
3170	40
3171	38
3172	35
3173	41
3174	34
3175	32
3176	38
3177	35
3178	32
3179	39
3180	32
3181	37
3182	35
3183	45
3184	28
3185	28
3186	32
3187	34
3188	43
3189	42
3190	37
3191	40
3192	24
3193	37
3194	42
3195	37
3196	43
3197	35
3198	29
3199	34
3200	29
3201	30
3202	29
3203	37
3204	36
3205	34
3206	37
3207	34
3208	31
3209	29
3210	35
3211	37
3212	38
3213	37
3214	32
3215	34
3216	27
3217	26
3218	33
3219	32
3220	35
3221	42
3222	45
3223	44
3224	36
3225	36
3226	31
3227	37
3228	41
3229	36
3230	37
3231	42
3232	42
3233	31
3234	34
3235	35
3236	35
3237	46
3238	27
3239	25
3240	24
3241	30
3242	37
3243	33
3244	36
3245	34
3246	32
3247	34
3248	33
3249	25
3250	26
3251	26
3252	39
3253	39
3254	45
3255	31
3256	40
3257	40
3258	31
3259	39
3260	25
3261	29
3262	30
3263	39
3264	37
3265	34
3266	29
3267	34
3268	39
3269	30
3270	29
3271	42
3272	32
3273	34
3274	33
3275	24
3276	26
3277	30
3278	48
3279	44
3280	39
3281	38
3282	33
3283	33
3284	45
3285	41
3286	28
3287	30
3288	40
3289	32
3290	40
3291	25
3292	40
3293	31
3294	30
3295	44
3296	22
3297	33
3298	32
3299	40
3300	32
3301	30
3302	34
3303	33
3304	37
3305	34
3306	35
3307	31
3308	32
3309	33
3310	35
3311	38
3312	32
3313	37
3314	48
3315	30
3316	33
3317	33
3318	30
3319	28
3320	33
3321	39
3322	38
3323	34
3324	29
3325	30
3326	33
3327	38
3328	43
3329	48
3330	43
3331	33
3332	33
3333	26
3334	43
3335	34
3336	41
3337	33
3338	47
3339	42
3340	26
3341	29
3342	35
3343	31
3344	38
3345	34
3346	29
3347	34
3348	25
3349	28
3350	38
3351	35
3352	32
3353	42
3354	26
3355	34
3356	27
3357	33
3358	33
3359	32
3360	24
3361	31
3362	39
3363	33
3364	36
3365	22
3366	31
3367	42
3368	42
3369	37
3370	40
3371	39
3372	36
3373	29
3374	27
3375	45
3376	26
3377	26
3378	46
3379	27
3380	30
3381	29
3382	35
3383	34
3384	29
3385	31
3386	32
3387	34
3388	41
3389	26
3390	29
3391	38
3392	36
3393	27
3394	37
3395	40
3396	32
3397	36
3398	24
3399	37
3400	37
3401	33
3402	33
3403	37
3404	26
3405	30
3406	29
3407	35
3408	30
3409	36
3410	29
3411	34
3412	36
3413	30
3414	22
3415	28
3416	35
3417	35
3418	32
3419	26
3420	37
3421	31
3422	22
3423	30
3424	42
3425	36
3426	40
3427	41
3428	28
3429	37
3430	26
3431	42
3432	37
3433	26
3434	30
3435	26
3436	30
3437	37
3438	36
3439	38
3440	35
3441	37
3442	37
3443	35
3444	35
3445	34
3446	46
3447	26
3448	36
3449	25
3450	23
3451	28
3452	30
3453	31
3454	25
3455	37
3456	38
3457	32
3458	29
3459	34
3460	30
3461	34
3462	34
3463	33
3464	21
3465	33
3466	36
3467	24
3468	34
3469	31
3470	31
3471	34
3472	33
3473	39
3474	28
3475	28
3476	33
3477	33
3478	26
3479	27
3480	35
3481	32
3482	37
3483	36
3484	32
3485	36
3486	21
3487	38
3488	29
3489	31
3490	40
3491	29
3492	36
3493	36
3494	32
3495	34
3496	27
3497	34
3498	30
3499	40
3500	28
3501	32
3502	21
3503	26
3504	31
3505	31
3506	29
3507	42
3508	27
3509	28
3510	26
3511	34
3512	24
3513	29
3514	28
3515	25
3516	39
3517	31
3518	29
3519	21
3520	44
3521	42
3522	25
3523	31
3524	35
3525	32
3526	29
3527	32
3528	25
3529	30
3530	35
3531	32
3532	31
3533	17
3534	39
3535	38
3536	28
3537	34
3538	24
3539	20
3540	34
3541	34
3542	36
3543	24
3544	28
3545	31
3546	34
3547	42
3548	32
3549	42
3550	28
3551	37
3552	21
3553	27
3554	29
3555	39
3556	32
3557	29
3558	27
3559	30
3560	26
3561	40
3562	18
3563	35
3564	35
3565	39
3566	29
3567	41
3568	29
3569	33
3570	27
3571	37
3572	28
3573	19
3574	30
3575	32
3576	31
3577	27
3578	27
3579	30
3580	30
3581	31
3582	28
3583	29
3584	29
3585	38
3586	28
3587	26
3588	31
3589	23
3590	26
3591	31
3592	33
3593	27
3594	33
3595	33
3596	22
3597	31
3598	27
3599	24
3600	29
3601	27
3602	28
3603	27
3604	30
3605	24
3606	37
3607	29
3608	29
3609	24
3610	26
3611	42
3612	32
3613	27
3614	30
3615	18
3616	29
3617	27
3618	27
3619	31
3620	27
3621	24
3622	31
3623	21
3624	29
3625	29
3626	32
3627	28
3628	30
3629	36
3630	31
3631	33
3632	36
3633	14
3634	27
3635	23
3636	23
3637	25
3638	31
3639	30
3640	34
3641	32
3642	35
3643	24
3644	27
3645	28
3646	25
3647	29
3648	21
3649	30
3650	29
3651	22
3652	32
3653	30
3654	23
3655	30
3656	39
3657	31
3658	28
3659	25
3660	24
3661	23
3662	22
3663	36
3664	28
3665	26
3666	35
3667	34
3668	35
3669	25
3670	27
3671	19
3672	19
3673	20
3674	26
3675	24
3676	18
3677	29
3678	30
3679	33
3680	19
3681	33
3682	24
3683	24
3684	24
3685	33
3686	21
3687	25
3688	22
3689	33
3690	23
3691	19
3692	27
3693	32
3694	23
3695	23
3696	33
3697	27
3698	16
3699	26
3700	27
3701	32
3702	22
3703	30
3704	21
3705	27
3706	38
3707	26
3708	33
3709	23
3710	28
3711	35
3712	26
3713	25
3714	27
3715	28
3716	22
3717	25
3718	24
3719	12
3720	32
3721	21
3722	22
3723	28
3724	29
3725	27
3726	26
3727	17
3728	28
3729	29
3730	31
3731	15
3732	30
3733	25
3734	24
3735	19
3736	34
3737	21
3738	20
3739	33
3740	20
3741	19
3742	35
3743	28
3744	24
3745	31
3746	22
3747	20
3748	26
3749	25
3750	23
3751	32
3752	22
3753	33
3754	31
3755	23
3756	27
3757	28
3758	20
3759	25
3760	24
3761	34
3762	31
3763	23
3764	26
3765	24
3766	32
3767	20
3768	29
3769	23
3770	33
3771	30
3772	28
3773	33
3774	22
3775	32
3776	29
3777	31
3778	28
3779	25
3780	34
3781	27
3782	19
3783	21
3784	31
3785	29
3786	23
3787	31
3788	31
3789	25
3790	11
3791	33
3792	35
3793	22
3794	31
3795	28
3796	23
3797	30
3798	22
3799	34
3800	22
3801	30
3802	29
3803	28
3804	28
3805	45
3806	22
3807	18
3808	29
3809	20
3810	16
3811	20
3812	24
3813	27
3814	37
3815	34
3816	20
3817	33
3818	25
3819	22
3820	12
3821	25
3822	26
3823	26
3824	22
3825	31
3826	22
3827	21
3828	26
3829	39
3830	24
3831	22
3832	21
3833	23
3834	27
3835	24
3836	36
3837	30
3838	29
3839	18
3840	20
3841	34
3842	32
3843	23
3844	24
3845	24
3846	28
3847	30
3848	24
3849	26
3850	20
3851	18
3852	25
3853	29
3854	27
3855	20
3856	25
3857	19
3858	21
3859	29
3860	33
3861	20
3862	26
3863	22
3864	24
3865	18
3866	27
3867	28
3868	15
3869	25
3870	28
3871	33
3872	24
3873	25
3874	32
3875	21
3876	23
3877	23
3878	27
3879	33
3880	29
3881	24
3882	20
3883	29
3884	25
3885	27
3886	32
3887	28
3888	23
3889	29
3890	21
3891	19
3892	25
3893	33
3894	31
3895	27
3896	33
3897	26
3898	23
3899	27
3900	25
3901	15
3902	28
3903	26
3904	32
3905	31
3906	25
3907	29
3908	33
3909	32
3910	26
3911	29
3912	27
3913	22
3914	20
3915	17
3916	22
3917	20
3918	13
3919	25
3920	34
3921	15
3922	25
3923	26
3924	17
3925	24
3926	20
3927	14
3928	25
3929	21
3930	28
3931	29
3932	21
3933	37
3934	23
3935	21
3936	25
3937	29
3938	19
3939	19
3940	31
3941	25
3942	29
3943	27
3944	22
3945	23
3946	32
3947	32
3948	29
3949	16
3950	31
3951	19
3952	13
3953	19
3954	28
3955	26
3956	19
3957	24
3958	26
3959	28
3960	26
3961	19
3962	29
3963	18
3964	23
3965	24
3966	20
3967	32
3968	21
3969	22
3970	23
3971	25
3972	35
3973	23
3974	27
3975	20
3976	28
3977	25
3978	27
3979	24
3980	18
3981	32
3982	27
3983	19
3984	23
3985	27
3986	24
3987	14
3988	12
3989	17
3990	22
3991	18
3992	28
3993	27
3994	18
3995	20
3996	27
3997	35
3998	27
3999	21
4000	23
4001	22
4002	21
4003	26
4004	22
4005	23
4006	26
4007	32
4008	22
4009	26
4010	20
4011	21
4012	23
4013	33
4014	19
4015	27
4016	31
4017	31
4018	26
4019	28
4020	26
4021	26
4022	25
4023	19
4024	16
4025	26
4026	29
4027	24
4028	21
4029	28
4030	21
4031	24
4032	23
4033	21
4034	20
4035	21
4036	23
4037	19
4038	16
4039	20
4040	19
4041	25
4042	21
4043	26
4044	31
4045	19
4046	27
4047	27
4048	18
4049	20
4050	25
4051	21
4052	21
4053	19
4054	27
4055	16
4056	20
4057	23
4058	23
4059	22
4060	21
4061	25
4062	32
4063	31
4064	23
4065	23
4066	27
4067	21
4068	16
4069	24
4070	27
4071	22
4072	24
4073	28
4074	18
4075	20
4076	17
4077	37
4078	27
4079	19
4080	19
4081	24
4082	24
4083	20
4084	23
4085	19
4086	24
4087	27
4088	20
4089	19
4090	26
4091	18
4092	33
4093	19
4094	24
4095	25
4096	26
4097	30
4098	26
4099	20
4100	21
4101	21
4102	26
4103	24
4104	25
4105	27
4106	28
4107	21
4108	22
4109	23
4110	14
4111	20
4112	22
4113	26
4114	17
4115	20
4116	20
4117	24
4118	30
4119	31
4120	25
4121	23
4122	19
4123	29
4124	32
4125	27
4126	28
4127	19
4128	18
4129	30
4130	25
4131	28
4132	28
4133	22
4134	18
4135	15
4136	27
4137	24
4138	36
4139	30
4140	14
4141	29
4142	27
4143	24
4144	22
4145	24
4146	24
4147	17
4148	18
4149	22
4150	13
4151	15
4152	27
4153	16
4154	35
4155	26
4156	25
4157	14
4158	26
4159	20
4160	15
4161	21
4162	30
4163	19
4164	26
4165	35
4166	26
4167	22
4168	17
4169	22
4170	17
4171	33
4172	19
4173	22
4174	15
4175	23
4176	27
4177	22
4178	21
4179	34
4180	25
4181	28
4182	22
4183	25
4184	22
4185	16
4186	15
4187	24
4188	32
4189	19
4190	22
4191	31
4192	24
4193	21
4194	24
4195	22
4196	21
4197	31
4198	27
4199	24
4200	30
4201	24
4202	22
4203	25
4204	20
4205	27
4206	29
4207	39
4208	17
4209	19
4210	25
4211	25
4212	17
4213	32
4214	22
4215	19
4216	20
4217	23
4218	22
4219	18
4220	36
4221	17
4222	33
4223	22
4224	18
4225	31
4226	16
4227	18
4228	18
4229	29
4230	15
4231	21
4232	34
4233	27
4234	27
4235	28
4236	15
4237	21
4238	17
4239	25
4240	24
4241	19
4242	21
4243	27
4244	21
4245	22
4246	19
4247	23
4248	29
4249	20
4250	21
4251	27
4252	21
4253	25
4254	27
4255	33
4256	14
4257	20
4258	32
4259	19
4260	31
4261	22
4262	24
4263	25
4264	25
4265	20
4266	33
4267	22
4268	27
4269	24
4270	18
4271	21
4272	24
4273	17
4274	26
4275	20
4276	18
4277	30
4278	21
4279	13
4280	21
4281	22
4282	22
4283	24
4284	18
4285	21
4286	25
4287	23
4288	25
4289	17
4290	26
4291	23
4292	20
4293	28
4294	25
4295	30
4296	26
4297	25
4298	12
4299	24
4300	28
4301	21
4302	31
4303	26
4304	19
4305	18
4306	18
4307	19
4308	22
4309	27
4310	26
4311	24
4312	22
4313	26
4314	26
4315	25
4316	29
4317	18
4318	22
4319	20
4320	16
4321	32
4322	26
4323	23
4324	27
4325	25
4326	20
4327	18
4328	29
4329	20
4330	25
4331	20
4332	27
4333	22
4334	31
4335	15
4336	23
4337	21
4338	26
4339	18
4340	24
4341	20
4342	20
4343	17
4344	16
4345	24
4346	21
4347	13
4348	19
4349	24
4350	21
4351	26
4352	17
4353	21
4354	23
4355	29
4356	15
4357	20
4358	18
4359	25
4360	14
4361	30
4362	21
4363	24
4364	21
4365	24
4366	20
4367	25
4368	26
4369	20
4370	28
4371	18
4372	20
4373	20
4374	21
4375	25
4376	27
4377	24
4378	26
4379	25
4380	20
4381	20
4382	24
4383	29
4384	23
4385	23
4386	20
4387	22
4388	28
4389	20
4390	29
4391	21
4392	20
4393	25
4394	14
4395	22
4396	13
4397	36
4398	20
4399	22
4400	19
4401	18
4402	16
4403	27
4404	20
4405	23
4406	22
4407	22
4408	21
4409	27
4410	21
4411	13
4412	33
4413	27
4414	20
4415	31
4416	27
4417	15
4418	19
4419	18
4420	31
4421	24
4422	20
4423	23
4424	22
4425	21
4426	24
4427	19
4428	20
4429	15
4430	29
4431	25
4432	13
4433	22
4434	17
4435	25
4436	18
4437	16
4438	21
4439	18
4440	19
4441	29
4442	27
4443	14
4444	26
4445	22
4446	18
4447	27
4448	17
4449	17
4450	21
4451	20
4452	21
4453	14
4454	22
4455	24
4456	24
4457	19
4458	26
4459	26
4460	20
4461	17
4462	22
4463	16
4464	23
4465	19
4466	27
4467	21
4468	19
4469	18
4470	24
4471	26
4472	19
4473	21
4474	29
4475	23
4476	20
4477	25
4478	22
4479	24
4480	21
4481	23
4482	24
4483	23
4484	24
4485	20
4486	23
4487	16
4488	22
4489	28
4490	27
4491	24
4492	24
4493	20
4494	23
4495	17
4496	12
4497	20
4498	18
4499	23
4500	15
4501	28
4502	14
4503	19
4504	21
4505	24
4506	24
4507	26
4508	10
4509	24
4510	21
4511	20
4512	18
4513	22
4514	25
4515	23
4516	31
4517	15
4518	14
4519	19
4520	23
4521	20
4522	28
4523	18
4524	19
4525	26
4526	15
4527	21
4528	24
4529	13
4530	23
4531	13
4532	28
4533	20
4534	26
4535	19
4536	17
4537	18
4538	14
4539	16
4540	24
4541	17
4542	20
4543	20
4544	16
4545	25
4546	18
4547	21
4548	28
4549	16
4550	15
4551	19
4552	14
4553	21
4554	18
4555	20
4556	15
4557	20
4558	19
4559	21
4560	16
4561	16
4562	12
4563	29
4564	16
4565	15
4566	19
4567	23
4568	23
4569	18
4570	22
4571	17
4572	23
4573	20
4574	18
4575	29
4576	18
4577	21
4578	14
4579	26
4580	19
4581	15
4582	22
4583	31
4584	20
4585	13
4586	21
4587	12
4588	23
4589	17
4590	15
4591	12
4592	17
4593	19
4594	14
4595	19
4596	16
4597	19
4598	27
4599	16
4600	11
4601	33
4602	23
4603	20
4604	16
4605	19
4606	17
4607	14
4608	12
4609	19
4610	13
4611	20
4612	22
4613	17
4614	27
4615	22
4616	18
4617	20
4618	15
4619	14
4620	23
4621	11
4622	15
4623	22
4624	23
4625	18
4626	17
4627	16
4628	14
4629	16
4630	11
4631	15
4632	15
4633	16
4634	11
4635	21
4636	17
4637	18
4638	20
4639	19
4640	20
4641	24
4642	18
4643	27
4644	10
4645	15
4646	19
4647	20
4648	21
4649	15
4650	16
4651	16
4652	17
4653	23
4654	18
4655	18
4656	22
4657	14
4658	16
4659	14
4660	29
4661	23
4662	17
4663	17
4664	18
4665	15
4666	19
4667	21
4668	21
4669	23
4670	14
4671	22
4672	16
4673	21
4674	24
4675	14
4676	12
4677	18
4678	21
4679	24
4680	20
4681	15
4682	16
4683	23
4684	19
4685	23
4686	21
4687	16
4688	10
4689	20
4690	14
4691	17
4692	21
4693	18
4694	14
4695	12
4696	14
4697	14
4698	17
4699	21
4700	14
4701	26
4702	18
4703	14
4704	15
4705	18
4706	17
4707	12
4708	13
4709	13
4710	19
4711	25
4712	26
4713	10
4714	20
4715	16
4716	22
4717	10
4718	16
4719	19
4720	20
4721	19
4722	17
4723	16
4724	21
4725	16
4726	11
4727	26
4728	20
4729	25
4730	20
4731	14
4732	19
4733	18
4734	19
4735	20
4736	19
4737	24
4738	22
4739	23
4740	15
4741	18
4742	13
4743	18
4744	11
4745	18
4746	13
4747	11
4748	19
4749	16
4750	19
4751	16
4752	22
4753	18
4754	16
4755	13
4756	15
4757	14
4758	12
4759	20
4760	12
4761	18
4762	22
4763	11
4764	17
4765	21
4766	16
4767	17
4768	22
4769	19
4770	20
4771	15
4772	14
4773	12
4774	29
4775	10
4776	15
4777	9
4778	15
4779	20
4780	17
4781	13
4782	19
4783	15
4784	19
4785	14
4786	18
4787	18
4788	17
4789	19
4790	15
4791	14
4792	18
4793	15
4794	17
4795	17
4796	16
4797	22
4798	15
4799	13
4800	22
4801	12
4802	15
4803	15
4804	17
4805	13
4806	15
4807	6
4808	19
4809	9
4810	9
4811	16
4812	19
4813	25
4814	17
4815	14
4816	17
4817	17
4818	23
4819	15
4820	16
4821	9
4822	13
4823	20
4824	10
4825	15
4826	9
4827	23
4828	13
4829	15
4830	16
4831	17
4832	15
4833	18
4834	13
4835	26
4836	7
4837	14
4838	17
4839	17
4840	9
4841	15
4842	18
4843	17
4844	12
4845	24
4846	17
4847	13
4848	14
4849	12
4850	22
4851	11
4852	19
4853	8
4854	15
4855	15
4856	10
4857	12
4858	17
4859	10
4860	10
4861	15
4862	9
4863	14
4864	17
4865	10
4866	18
4867	19
4868	15
4869	16
4870	12
4871	14
4872	19
4873	9
4874	21
4875	19
4876	13
4877	11
4878	15
4879	21
4880	13
4881	19
4882	13
4883	21
4884	20
4885	13
4886	19
4887	16
4888	14
4889	23
4890	9
4891	16
4892	11
4893	12
4894	15
4895	14
4896	14
4897	17
4898	21
4899	11
4900	17
4901	16
4902	14
4903	14
4904	18
4905	31
4906	11
4907	12
4908	16
4909	19
4910	7
4911	19
4912	16
4913	16
4914	19
4915	19
4916	18
4917	19
4918	15
4919	10
4920	19
4921	11
4922	10
4923	20
4924	10
4925	14
4926	19
4927	22
4928	16
4929	10
4930	12
4931	15
4932	13
4933	11
4934	10
4935	9
4936	7
4937	21
4938	10
4939	13
4940	20
4941	11
4942	9
4943	16
4944	18
4945	12
4946	18
4947	10
4948	20
4949	17
4950	18
4951	12
4952	17
4953	15
4954	12
4955	23
4956	15
4957	10
4958	18
4959	14
4960	14
4961	8
4962	13
4963	9
4964	16
4965	11
4966	16
4967	16
4968	20
4969	17
4970	11
4971	15
4972	24
4973	13
4974	17
4975	17
4976	14
4977	8
4978	13
4979	9
4980	18
4981	12
4982	14
4983	13
4984	14
4985	17
4986	16
4987	16
4988	10
4989	10
4990	8
4991	11
4992	10
4993	14
4994	18
4995	18
4996	16
4997	16
4998	10
4999	12
5000	14
5001	9
5002	7
5003	8
5004	16
5005	12
5006	18
5007	19
5008	15
5009	12
5010	15
5011	16
5012	14
5013	14
5014	10
5015	13
5016	12
5017	13
5018	11
5019	12
5020	10
5021	13
5022	17
5023	19
5024	9
5025	13
5026	9
5027	19
5028	9
5029	16
5030	18
5031	13
5032	14
5033	14
5034	17
5035	21
5036	14
5037	14
5038	11
5039	18
5040	16
5041	4
5042	13
5043	15
5044	17
5045	14
5046	17
5047	7
5048	15
5049	14
5050	14
5051	14
5052	15
5053	13
5054	19
5055	17
5056	15
5057	11
5058	9
5059	11
5060	14
5061	19
5062	16
5063	12
5064	18
5065	19
5066	14
5067	10
5068	14
5069	16
5070	8
5071	14
5072	11
5073	9
5074	13
5075	11
5076	13
5077	11
5078	7
5079	7
5080	10
5081	9
5082	17
5083	12
5084	11
5085	9
5086	9
5087	13
5088	8
5089	5
5090	11
5091	13
5092	13
5093	7
5094	10
5095	13
5096	13
5097	13
5098	11
5099	12
5100	10
5101	14
5102	12
5103	14
5104	14
5105	16
5106	12
5107	13
5108	16
5109	12
5110	19
5111	18
5112	14
5113	12
5114	16
5115	11
5116	13
5117	18
5118	15
5119	14
5120	7
5121	14
5122	13
5123	13
5124	23
5125	16
5126	15
5127	13
5128	11
5129	16
5130	9
5131	7
5132	11
5133	15
5134	14
5135	9
5136	16
5137	8
5138	15
5139	7
5140	9
5141	14
5142	8
5143	12
5144	15
5145	14
5146	20
5147	14
5148	9
5149	11
5150	13
5151	12
5152	11
5153	11
5154	15
5155	9
5156	14
5157	10
5158	8
5159	8
5160	16
5161	11
5162	16
5163	17
5164	15
5165	15
5166	16
5167	14
5168	9
5169	19
5170	9
5171	11
5172	11
5173	11
5174	12
5175	15
5176	15
5177	17
5178	14
5179	13
5180	19
5181	20
5182	7
5183	14
5184	11
5185	15
5186	19
5187	17
5188	8
5189	8
5190	11
5191	9
5192	13
5193	5
5194	8
5195	14
5196	23
5197	11
5198	17
5199	12
5200	21
5201	11
5202	17
5203	9
5204	11
5205	19
5206	12
5207	16
5208	11
5209	11
5210	6
5211	12
5212	11
5213	9
5214	16
5215	11
5216	7
5217	11
5218	7
5219	10
5220	12
5221	11
5222	6
5223	17
5224	13
5225	10
5226	9
5227	10
5228	10
5229	14
5230	9
5231	13
5232	14
5233	13
5234	10
5235	9
5236	12
5237	11
5238	4
5239	6
5240	9
5241	12
5242	6
5243	6
5244	13
5245	11
5246	16
5247	12
5248	5
5249	9
5250	11
5251	8
5252	8
5253	12
5254	14
5255	7
5256	9
5257	9
5258	5
5259	9
5260	12
5261	15
5262	11
5263	3
5264	8
5265	8
5266	7
5267	11
5268	12
5269	6
5270	10
5271	11
5272	7
5273	9
5274	15
5275	10
5276	9
5277	10
5278	4
5279	13
5280	10
5281	11
5282	9
5283	12
5284	10
5285	6
5286	9
5287	10
5288	14
5289	10
5290	7
5291	9
5292	7
5293	10
5294	9
5295	12
5296	6
5297	9
5298	19
5299	10
5300	10
5301	12
5302	11
5303	16
5304	12
5305	7
5306	9
5307	8
5308	6
5309	6
5310	8
5311	14
5312	5
5313	12
5314	12
5315	6
5316	4
5317	11
5318	10
5319	7
5320	7
5321	9
5322	15
5323	13
5324	7
5325	9
5326	12
5327	8
5328	10
5329	10
5330	8
5331	11
5332	9
5333	11
5334	15
5335	17
5336	8
5337	10
5338	11
5339	5
5340	11
5341	9
5342	9
5343	13
5344	8
5345	14
5346	9
5347	4
5348	5
5349	10
5350	13
5351	13
5352	8
5353	5
5354	11
5355	18
5356	10
5357	6
5358	9
5359	9
5360	16
5361	15
5362	10
5363	4
5364	9
5365	14
5366	8
5367	13
5368	10
5369	10
5370	10
5371	8
5372	11
5373	7
5374	3
5375	12
5376	7
5377	13
5378	6
5379	15
5380	12
5381	7
5382	14
5383	16
5384	17
5385	18
5386	7
5387	7
5388	13
5389	6
5390	6
5391	8
5392	12
5393	7
5394	10
5395	6
5396	18
5397	5
5398	6
5399	7
5400	9
5401	11
5402	12
5403	11
5404	9
5405	11
5406	16
5407	9
5408	6
5409	9
5410	6
5411	12
5412	12
5413	9
5414	13
5415	10
5416	8
5417	9
5418	14
5419	11
5420	13
5421	8
5422	11
5423	11
5424	11
5425	11
5426	11
5427	6
5428	10
5429	10
5430	10
5431	10
5432	14
5433	6
5434	11
5435	8
5436	12
5437	10
5438	9
5439	6
5440	11
5441	15
5442	5
5443	12
5444	7
5445	10
5446	3
5447	15
5448	13
5449	6
5450	7
5451	6
5452	16
5453	16
5454	4
5455	19
5456	6
5457	8
5458	5
5459	8
5460	16
5461	14
5462	8
5463	11
5464	16
5465	9
5466	5
5467	5
5468	15
5469	5
5470	12
5471	8
5472	4
5473	12
5474	8
5475	3
5476	11
5477	8
5478	5
5479	9
5480	8
5481	7
5482	14
5483	13
5484	10
5485	11
5486	11
5487	11
5488	9
5489	12
5490	5
5491	13
5492	9
5493	9
5494	9
5495	12
5496	18
5497	9
5498	12
5499	12
5500	11
5501	8
5502	16
5503	11
5504	7
5505	15
5506	9
5507	14
5508	11
5509	5
5510	9
5511	9
5512	6
5513	10
5514	9
5515	12
5516	10
5517	6
5518	10
5519	5
5520	7
5521	7
5522	8
5523	8
5524	5
5525	12
5526	10
5527	5
5528	11
5529	11
5530	17
5531	8
5532	9
5533	12
5534	5
5535	10
5536	7
5537	13
5538	7
5539	15
5540	10
5541	9
5542	9
5543	6
5544	5
5545	11
5546	3
5547	1
5548	14
5549	8
5550	10
5551	11
5552	7
5553	3
5554	8
5555	10
5556	12
5557	8
5558	8
5559	7
5560	2
5561	6
5562	6
5563	9
5564	7
5565	13
5566	8
5567	7
5568	9
5569	9
5570	6
5571	7
5572	12
5573	14
5574	8
5575	7
5576	9
5577	8
5578	11
5579	7
5580	7
5581	7
5582	8
5583	11
5584	12
5585	3
5586	9
5587	4
5588	7
5589	7
5590	10
5591	11
5592	8
5593	10
5594	3
5595	9
5596	7
5597	10
5598	8
5599	8
5600	7
5601	17
5602	10
5603	13
5604	7
5605	7
5606	5
5607	8
5608	6
5609	5
5610	11
5611	8
5612	11
5613	12
5614	10
5615	12
5616	12
5617	11
5618	10
5619	8
5620	8
5621	9
5622	8
5623	8
5624	8
5625	12
5626	2
5627	7
5628	8
5629	9
5630	12
5631	8
5632	14
5633	10
5634	9
5635	8
5636	11
5637	15
5638	7
5639	7
5640	5
5641	9
5642	10
5643	13
5644	8
5645	11
5646	11
5647	7
5648	17
5649	14
5650	12
5651	10
5652	7
5653	13
5654	15
5655	8
5656	6
5657	9
5658	11
5659	6
5660	11
5661	7
5662	10
5663	4
5664	9
5665	9
5666	10
5667	6
5668	6
5669	12
5670	6
5671	14
5672	8
5673	5
5674	4
5675	6
5676	8
5677	8
5678	11
5679	8
5680	7
5681	7
5682	11
5683	9
5684	5
5685	10
5686	7
5687	11
5688	9
5689	10
5690	11
5691	9
5692	10
5693	7
5694	6
5695	7
5696	5
5697	6
5698	5
5699	11
5700	11
5701	12
5702	11
5703	5
5704	9
5705	11
5706	13
5707	8
5708	10
5709	7
5710	8
5711	6
5712	7
5713	7
5714	9
5715	9
5716	11
5717	7
5718	11
5719	11
5720	4
5721	11
5722	11
5723	7
5724	8
5725	6
5726	9
5727	11
5728	6
5729	6
5730	13
5731	8
5732	14
5733	9
5734	6
5735	9
5736	10
5737	7
5738	11
5739	9
5740	7
5741	13
5742	8
5743	6
5744	9
5745	7
5746	9
5747	10
5748	6
5749	12
5750	6
5751	11
5752	7
5753	14
5754	11
5755	6
5756	9
5757	10
5758	8
5759	5
5760	10
5761	11
5762	6
5763	5
5764	7
5765	6
5766	13
5767	5
5768	8
5769	4
5770	4
5771	10
5772	10
5773	6
5774	7
5775	11
5776	3
5777	5
5778	11
5779	9
5780	7
5781	10
5782	11
5783	18
5784	14
5785	9
5786	6
5787	8
5788	8
5789	6
5790	9
5791	9
5792	11
5793	12
5794	4
5795	10
5796	9
5797	8
5798	9
5799	6
5800	15
5801	10
5802	4
5803	10
5804	5
5805	11
5806	5
5807	10
5808	7
5809	11
5810	5
5811	9
5812	7
5813	9
5814	9
5815	11
5816	6
5817	11
5818	11
5819	8
5820	10
5821	14
5822	6
5823	8
5824	10
5825	4
5826	12
5827	5
5828	8
5829	9
5830	5
5831	9
5832	9
5833	3
5834	8
5835	12
5836	6
5837	9
5838	9
5839	8
5840	8
5841	10
5842	6
5843	7
5844	5
5845	12
5846	6
5847	8
5848	11
5849	10
5850	5
5851	8
5852	7
5853	8
5854	6
5855	9
5856	18
5857	12
5858	4
5859	9
5860	10
5861	8
5862	12
5863	11
5864	4
5865	9
5866	10
5867	9
5868	12
5869	6
5870	7
5871	6
5872	6
5873	17
5874	11
5875	6
5876	12
5877	9
5878	6
5879	6
5880	7
5881	8
5882	12
5883	7
5884	9
5885	3
5886	4
5887	8
5888	6
5889	13
5890	5
5891	7
5892	13
5893	12
5894	8
5895	7
5896	9
5897	11
5898	8
5899	9
5900	9
5901	7
5902	6
5903	13
5904	15
5905	9
5906	11
5907	10
5908	11
5909	7
5910	9
5911	9
5912	8
5913	9
5914	9
5915	11
5916	8
5917	8
5918	3
5919	3
5920	8
5921	6
5922	5
5923	3
5924	7
5925	7
5926	6
5927	11
5928	9
5929	4
5930	8
5931	15
5932	6
5933	15
5934	7
5935	6
5936	9
5937	6
5938	5
5939	9
5940	6
5941	8
5942	9
5943	12
5944	6
5945	9
5946	8
5947	3
5948	7
5949	5
5950	11
5951	8
5952	5
5953	12
5954	7
5955	6
5956	9
5957	9
5958	13
5959	9
5960	8
5961	7
5962	6
5963	10
5964	7
5965	12
5966	5
5967	9
5968	9
5969	14
5970	4
5971	10
5972	8
5973	8
5974	9
5975	14
5976	9
5977	14
5978	10
5979	4
5980	8
5981	5
5982	4
5983	8
5984	12
5985	7
5986	7
5987	8
5988	11
5989	9
5990	12
5991	6
5992	9
5993	3
5994	11
5995	7
5996	12
5997	13
5998	10
5999	8
6000	9
6001	16
6002	5
6003	15
6004	6
6005	8
6006	9
6007	12
6008	7
6009	7
6010	6
6011	5
6012	9
6013	1
6014	4
6015	11
6016	7
6017	9
6018	11
6019	11
6020	6
6021	15
6022	6
6023	7
6024	4
6025	6
6026	6
6027	19
6028	8
6029	9
6030	6
6031	9
6032	10
6033	11
6034	5
6035	5
6036	10
6037	8
6038	6
6039	6
6040	8
6041	4
6042	15
6043	10
6044	14
6045	8
6046	10
6047	8
6048	9
6049	8
6050	2
6051	12
6052	12
6053	7
6054	8
6055	7
6056	6
6057	7
6058	13
6059	4
6060	8
6061	8
6062	9
6063	8
6064	9
6065	8
6066	11
6067	4
6068	4
6069	4
6070	6
6071	4
6072	8
6073	6
6074	12
6075	10
6076	8
6077	4
6078	6
6079	7
6080	5
6081	10
6082	8
6083	8
6084	6
6085	14
6086	7
6087	12
6088	12
6089	8
6090	7
6091	9
6092	10
6093	10
6094	6
6095	12
6096	6
6097	13
6098	9
6099	10
6100	7
6101	16
6102	8
6103	5
6104	8
6105	9
6106	7
6107	9
6108	9
6109	7
6110	3
6111	6
6112	13
6113	11
6114	16
6115	7
6116	3
6117	5
6118	17
6119	7
6120	10
6121	8
6122	3
6123	4
6124	9
6125	9
6126	6
6127	6
6128	9
6129	7
6130	10
6131	5
6132	11
6133	7
6134	9
6135	8
6136	9
6137	7
6138	10
6139	10
6140	10
6141	6
6142	8
6143	8
6144	14
6145	7
6146	5
6147	9
6148	7
6149	8
6150	6
6151	10
6152	9
6153	7
6154	2
6155	13
6156	13
6157	12
6158	10
6159	4
6160	12
6161	11
6162	10
6163	4
6164	11
6165	6
6166	8
6167	9
6168	8
6169	4
6170	6
6171	9
6172	9
6173	7
6174	5
6175	7
6176	9
6177	15
6178	6
6179	9
6180	6
6181	6
6182	5
6183	9
6184	7
6185	10
6186	5
6187	9
6188	8
6189	9
6190	10
6191	7
6192	8
6193	10
6194	6
6195	11
6196	10
6197	5
6198	3
6199	9
6200	5
6201	5
6202	4
6203	9
6204	2
6205	9
6206	9
6207	13
6208	15
6209	9
6210	6
6211	7
6212	13
6213	4
6214	13
6215	5
6216	5
6217	10
6218	14
6219	4
6220	6
6221	5
6222	10
6223	9
6224	9
6225	12
6226	10
6227	13
6228	6
6229	11
6230	6
6231	12
6232	8
6233	8
6234	11
6235	15
6236	4
6237	9
6238	12
6239	8
6240	8
6241	13
6242	10
6243	6
6244	7
6245	12
6246	6
6247	10
6248	5
6249	10
6250	3
6251	11
6252	8
6253	13
6254	6
6255	7
6256	3
6257	8
6258	5
6259	8
6260	5
6261	15
6262	6
6263	5
6264	10
6265	8
6266	6
6267	8
6268	5
6269	12
6270	7
6271	5
6272	7
6273	8
6274	9
6275	12
6276	11
6277	6
6278	5
6279	9
6280	4
6281	13
6282	9
6283	9
6284	7
6285	7
6286	6
6287	6
6288	13
6289	7
6290	5
6291	5
6292	9
6293	6
6294	8
6295	6
6296	6
6297	10
6298	8
6299	7
6300	7
6301	5
6302	4
6303	11
6304	8
6305	10
6306	6
6307	10
6308	8
6309	4
6310	6
6311	8
6312	6
6313	7
6314	8
6315	5
6316	7
6317	5
6318	7
6319	6
6320	11
6321	8
6322	14
6323	8
6324	6
6325	7
6326	3
6327	13
6328	11
6329	11
6330	3
6331	11
6332	5
6333	6
6334	7
6335	6
6336	8
6337	11
6338	8
6339	4
6340	4
6341	9
6342	8
6343	7
6344	8
6345	7
6346	8
6347	6
6348	7
6349	9
6350	7
6351	4
6352	8
6353	10
6354	6
6355	6
6356	5
6357	6
6358	4
6359	11
6360	9
6361	8
6362	9
6363	11
6364	4
6365	8
6366	5
6367	7
6368	13
6369	11
6370	5
6371	7
6372	10
6373	7
6374	7
6375	11
6376	7
6377	13
6378	6
6379	10
6380	7
6381	5
6382	7
6383	8
6384	6
6385	7
6386	9
6387	5
6388	7
6389	6
6390	12
6391	4
6392	8
6393	7
6394	10
6395	11
6396	6
6397	7
6398	6
6399	3
6400	5
6401	6
6402	3
6403	5
6404	7
6405	8
6406	5
6407	8
6408	7
6409	10
6410	5
6411	6
6412	9
6413	7
6414	8
6415	9
6416	4
6417	9
6418	7
6419	7
6420	7
6421	7
6422	7
6423	12
6424	9
6425	9
6426	6
6427	10
6428	4
6429	3
6430	7
6431	9
6432	5
6433	8
6434	10
6435	5
6436	6
6437	8
6438	12
6439	4
6440	10
6441	12
6442	8
6443	7
6444	5
6445	7
6446	10
6447	8
6448	7
6449	14
6450	10
6451	3
6452	4
6453	7
6454	6
6455	8
6456	6
6457	4
6458	7
6459	14
6460	4
6461	9
6462	7
6463	12
6464	5
6465	8
6466	8
6467	9
6468	4
6469	7
6470	5
6471	7
6472	7
6473	4
6474	8
6475	4
6476	8
6477	8
6478	6
6479	10
6480	4
6481	11
6482	6
6483	2
6484	10
6485	8
6486	10
6487	7
6488	4
6489	12
6490	10
6491	5
6492	5
6493	3
6494	6
6495	9
6496	7
6497	9
6498	4
6499	12
6500	8
6501	5
6502	7
6503	11
6504	8
6505	9
6506	7
6507	3
6508	10
6509	13
6510	9
6511	8
6512	0
6513	7
6514	5
6515	8
6516	11
6517	11
6518	9
6519	7
6520	8
6521	12
6522	8
6523	8
6524	7
6525	9
6526	11
6527	10
6528	9
6529	6
6530	9
6531	13
6532	7
6533	5
6534	8
6535	9
6536	9
6537	6
6538	5
6539	6
6540	9
6541	8
6542	8
6543	4
6544	5
6545	4
6546	9
6547	13
6548	9
6549	11
6550	10
6551	7
6552	13
6553	11
6554	7
6555	5
6556	7
6557	13
6558	12
6559	7
6560	6
6561	12
6562	7
6563	7
6564	11
6565	9
6566	6
6567	6
6568	4
6569	6
6570	11
6571	5
6572	8
6573	15
6574	10
6575	8
6576	12
6577	6
6578	4
6579	6
6580	6
6581	6
6582	6
6583	8
6584	6
6585	13
6586	11
6587	12
6588	8
6589	8
6590	9
6591	12
6592	9
6593	10
6594	11
6595	5
6596	8
6597	11
6598	10
6599	3
6600	6
6601	5
6602	10
6603	10
6604	10
6605	12
6606	8
6607	11
6608	12
6609	6
6610	9
6611	4
6612	11
6613	7
6614	7
6615	7
6616	9
6617	15
6618	15
6619	9
6620	4
6621	10
6622	8
6623	6
6624	6
6625	13
6626	13
6627	3
6628	11
6629	7
6630	4
6631	6
6632	10
6633	14
6634	10
6635	14
6636	9
6637	8
6638	8
6639	8
6640	7
6641	5
6642	4
6643	10
6644	15
6645	15
6646	6
6647	11
6648	10
6649	9
6650	17
6651	8
6652	10
6653	8
6654	4
6655	14
6656	18
6657	7
6658	8
6659	12
6660	17
6661	12
6662	11
6663	8
6664	8
6665	10
6666	9
6667	13
6668	12
6669	16
6670	11
6671	11
6672	15
6673	8
6674	10
6675	16
6676	7
6677	12
6678	5
6679	6
6680	13
6681	10
6682	10
6683	10
6684	12
6685	7
6686	7
6687	8
6688	11
6689	16
6690	18
6691	11
6692	9
6693	18
6694	18
6695	12
6696	15
6697	8
6698	10
6699	13
6700	12
6701	7
6702	8
6703	11
6704	12
6705	13
6706	11
6707	22
6708	13
6709	14
6710	19
6711	14
6712	11
6713	7
6714	11
6715	14
6716	8
6717	13
6718	10
6719	9
6720	11
6721	16
6722	12
6723	14
6724	15
6725	16
6726	6
6727	10
6728	14
6729	14
6730	13
6731	14
6732	15
6733	17
6734	14
6735	13
6736	16
6737	19
6738	13
6739	9
6740	17
6741	12
6742	6
6743	10
6744	16
6745	17
6746	19
6747	13
6748	13
6749	16
6750	19
6751	13
6752	18
6753	18
6754	15
6755	19
6756	17
6757	13
6758	16
6759	11
6760	13
6761	14
6762	10
6763	15
6764	16
6765	24
6766	16
6767	20
6768	22
6769	12
6770	11
6771	19
6772	13
6773	10
6774	17
6775	13
6776	14
6777	15
6778	26
6779	18
6780	11
6781	12
6782	17
6783	19
6784	9
6785	13
6786	16
6787	24
6788	21
6789	14
6790	24
6791	21
6792	13
6793	20
6794	19
6795	24
6796	23
6797	24
6798	21
6799	26
6800	24
6801	20
6802	24
6803	33
6804	18
6805	25
6806	16
6807	22
6808	24
6809	22
6810	25
6811	22
6812	30
6813	21
6814	25
6815	14
6816	23
6817	26
6818	18
6819	26
6820	16
6821	19
6822	19
6823	25
6824	26
6825	26
6826	25
6827	19
6828	20
6829	29
6830	28
6831	18
6832	26
6833	17
6834	19
6835	25
6836	26
6837	31
6838	27
6839	28
6840	26
6841	25
6842	24
6843	18
6844	28
6845	19
6846	17
6847	25
6848	25
6849	30
6850	28
6851	26
6852	31
6853	24
6854	27
6855	36
6856	28
6857	28
6858	43
6859	26
6860	29
6861	27
6862	30
6863	33
6864	35
6865	32
6866	38
6867	30
6868	34
6869	27
6870	21
6871	29
6872	35
6873	25
6874	28
6875	21
6876	31
6877	42
6878	33
6879	20
6880	25
6881	42
6882	36
6883	31
6884	31
6885	36
6886	21
6887	33
6888	35
6889	27
6890	34
6891	28
6892	41
6893	42
6894	24
6895	28
6896	30
6897	25
6898	31
6899	36
6900	41
6901	25
6902	31
6903	25
6904	41
6905	45
6906	43
6907	38
6908	41
6909	43
6910	48
6911	37
6912	37
6913	37
6914	40
6915	32
6916	38
6917	36
6918	35
6919	27
6920	28
6921	43
6922	43
6923	40
6924	45
6925	40
6926	47
6927	44
6928	47
6929	36
6930	49
6931	46
6932	40
6933	46
6934	32
6935	34
6936	34
6937	48
6938	38
6939	46
6940	52
6941	47
6942	39
6943	42
6944	48
6945	49
6946	38
6947	54
6948	42
6949	50
6950	44
6951	61
6952	39
6953	58
6954	29
6955	49
6956	42
6957	49
6958	32
6959	54
6960	48
6961	59
6962	53
6963	49
6964	49
6965	62
6966	55
6967	54
6968	65
6969	60
6970	49
6971	53
6972	50
6973	37
6974	48
6975	45
6976	50
6977	63
6978	59
6979	65
6980	57
6981	55
6982	54
6983	54
6984	57
6985	59
6986	42
6987	51
6988	43
6989	55
6990	51
6991	56
6992	47
6993	53
6994	50
6995	44
6996	70
6997	52
6998	67
6999	49
7000	55
7001	66
7002	54
7003	55
7004	50
7005	65
7006	65
7007	53
7008	49
7009	56
7010	67
7011	71
7012	60
7013	69
7014	87
7015	66
7016	61
7017	70
7018	63
7019	62
7020	60
7021	58
7022	59
7023	67
7024	80
7025	75
7026	58
7027	74
7028	86
7029	69
7030	56
7031	61
7032	71
7033	66
7034	68
7035	54
7036	62
7037	70
7038	64
7039	58
7040	53
7041	65
7042	76
7043	68
7044	86
7045	71
7046	68
7047	76
7048	77
7049	69
7050	72
7051	72
7052	74
7053	76
7054	66
7055	62
7056	78
7057	89
7058	66
7059	73
7060	74
7061	73
7062	82
7063	69
7064	74
7065	83
7066	75
7067	64
7068	78
7069	69
7070	61
7071	62
7072	78
7073	70
7074	74
7075	83
7076	68
7077	76
7078	78
7079	75
7080	78
7081	77
7082	99
7083	66
7084	86
7085	90
7086	86
7087	68
7088	71
7089	69
7090	87
7091	88
7092	79
7093	94
7094	79
7095	75
7096	92
7097	77
7098	96
7099	82
7100	96
7101	78
7102	81
7103	75
7104	88
7105	89
7106	91
7107	104
7108	87
7109	90
7110	90
7111	83
7112	71
7113	88
7114	68
7115	64
7116	87
7117	78
7118	79
7119	94
7120	85
7121	98
7122	97
7123	86
7124	89
7125	99
7126	78
7127	92
7128	88
7129	72
7130	82
7131	111
7132	97
7133	97
7134	89
7135	86
7136	105
7137	100
7138	80
7139	94
7140	98
7141	114
7142	93
7143	96
7144	90
7145	104
7146	90
7147	96
7148	89
7149	89
7150	92
7151	94
7152	93
7153	105
7154	86
7155	98
7156	104
7157	103
7158	105
7159	117
7160	98
7161	96
7162	106
7163	92
7164	107
7165	96
7166	82
7167	97
7168	86
7169	93
7170	100
7171	106
7172	88
7173	100
7174	104
7175	98
7176	98
7177	104
7178	106
7179	104
7180	101
7181	94
7182	97
7183	101
7184	101
7185	90
7186	117
7187	99
7188	85
7189	101
7190	96
7191	92
7192	114
7193	87
7194	90
7195	105
7196	115
7197	101
7198	104
7199	96
7200	105
7201	106
7202	88
7203	114
7204	111
7205	90
7206	110
7207	107
7208	92
7209	107
7210	114
7211	92
7212	94
7213	90
7214	113
7215	109
7216	98
7217	106
7218	102
7219	104
7220	92
7221	102
7222	119
7223	115
7224	111
7225	114
7226	99
7227	94
7228	97
7229	122
7230	97
7231	110
7232	102
7233	97
7234	108
7235	102
7236	90
7237	101
7238	134
7239	97
7240	102
7241	106
7242	90
7243	122
7244	87
7245	102
7246	97
7247	91
7248	115
7249	109
7250	101
7251	96
7252	96
7253	104
7254	83
7255	95
7256	117
7257	122
7258	102
7259	108
7260	108
7261	108
7262	102
7263	98
7264	117
7265	95
7266	100
7267	97
7268	95
7269	110
7270	88
7271	101
7272	113
7273	106
7274	87
7275	119
7276	91
7277	98
7278	116
7279	103
7280	97
7281	105
7282	107
7283	108
7284	105
7285	100
7286	103
7287	87
7288	119
7289	105
7290	99
7291	130
7292	119
7293	105
7294	89
7295	96
7296	106
7297	83
7298	96
7299	95
7300	87
7301	69
7302	103
7303	104
7304	97
7305	103
7306	95
7307	105
7308	103
7309	93
7310	90
7311	101
7312	97
7313	100
7314	110
7315	100
7316	107
7317	99
7318	114
7319	101
7320	87
7321	95
7322	81
7323	97
7324	99
7325	95
7326	102
7327	99
7328	113
7329	82
7330	104
7331	86
7332	102
7333	99
7334	78
7335	108
7336	106
7337	89
7338	85
7339	88
7340	95
7341	86
7342	102
7343	95
7344	85
7345	82
7346	89
7347	108
7348	79
7349	113
7350	100
7351	84
7352	100
7353	95
7354	95
7355	76
7356	102
7357	96
7358	98
7359	103
7360	80
7361	106
7362	79
7363	93
7364	81
7365	94
7366	97
7367	100
7368	92
7369	93
7370	88
7371	103
7372	91
7373	97
7374	89
7375	95
7376	91
7377	85
7378	95
7379	91
7380	81
7381	100
7382	91
7383	106
7384	97
7385	94
7386	100
7387	96
7388	80
7389	87
7390	94
7391	87
7392	88
7393	104
7394	96
7395	96
7396	87
7397	80
7398	85
7399	94
7400	85
7401	90
7402	75
7403	87
7404	100
7405	88
7406	86
7407	77
7408	66
7409	85
7410	104
7411	77
7412	87
7413	94
7414	96
7415	78
7416	69
7417	101
7418	90
7419	92
7420	79
7421	76
7422	85
7423	80
7424	70
7425	88
7426	97
7427	84
7428	80
7429	79
7430	84
7431	93
7432	72
7433	74
7434	78
7435	77
7436	83
7437	74
7438	69
7439	66
7440	87
7441	73
7442	65
7443	66
7444	85
7445	86
7446	69
7447	104
7448	88
7449	75
7450	67
7451	68
7452	74
7453	79
7454	67
7455	64
7456	81
7457	75
7458	78
7459	74
7460	57
7461	79
7462	69
7463	64
7464	84
7465	74
7466	79
7467	75
7468	60
7469	71
7470	69
7471	72
7472	71
7473	80
7474	78
7475	58
7476	62
7477	65
7478	56
7479	64
7480	64
7481	62
7482	49
7483	75
7484	49
7485	72
7486	65
7487	57
7488	64
7489	62
7490	54
7491	58
7492	54
7493	63
7494	54
7495	63
7496	62
7497	64
7498	65
7499	45
7500	57
7501	69
7502	59
7503	52
7504	66
7505	47
7506	50
7507	44
7508	48
7509	49
7510	60
7511	48
7512	58
7513	41
7514	53
7515	47
7516	52
7517	55
7518	58
7519	56
7520	42
7521	58
7522	52
7523	45
7524	63
7525	62
7526	55
7527	43
7528	55
7529	47
7530	52
7531	60
7532	40
7533	41
7534	52
7535	55
7536	42
7537	47
7538	46
7539	51
7540	58
7541	46
7542	45
7543	40
7544	57
7545	37
7546	47
7547	46
7548	50
7549	43
7550	47
7551	34
7552	68
7553	40
7554	44
7555	45
7556	40
7557	46
7558	37
7559	38
7560	40
7561	43
7562	44
7563	48
7564	34
7565	38
7566	31
7567	47
7568	32
7569	40
7570	43
7571	36
7572	36
7573	49
7574	49
7575	42
7576	33
7577	35
7578	45
7579	38
7580	37
7581	33
7582	40
7583	39
7584	33
7585	48
7586	37
7587	33
7588	38
7589	26
7590	27
7591	43
7592	40
7593	27
7594	29
7595	35
7596	26
7597	26
7598	24
7599	28
7600	25
7601	34
7602	36
7603	34
7604	27
7605	39
7606	25
7607	33
7608	33
7609	40
7610	28
7611	33
7612	35
7613	30
7614	37
7615	28
7616	41
7617	24
7618	33
7619	34
7620	22
7621	23
7622	30
7623	27
7624	28
7625	39
7626	33
7627	29
7628	28
7629	26
7630	35
7631	29
7632	34
7633	25
7634	19
7635	22
7636	26
7637	26
7638	26
7639	20
7640	27
7641	30
7642	27
7643	31
7644	27
7645	29
7646	24
7647	22
7648	26
7649	19
7650	22
7651	31
7652	29
7653	15
7654	24
7655	23
7656	22
7657	32
7658	20
7659	24
7660	20
7661	23
7662	19
7663	30
7664	26
7665	22
7666	23
7667	23
7668	25
7669	22
7670	19
7671	18
7672	18
7673	28
7674	19
7675	17
7676	15
7677	23
7678	16
7679	16
7680	32
7681	17
7682	18
7683	16
7684	15
7685	18
7686	14
7687	12
7688	17
7689	19
7690	19
7691	19
7692	20
7693	22
7694	10
7695	19
7696	16
7697	22
7698	24
7699	17
7700	16
7701	14
7702	19
7703	12
7704	16
7705	17
7706	22
7707	19
7708	19
7709	14
7710	24
7711	16
7712	7
7713	16
7714	16
7715	22
7716	18
7717	18
7718	16
7719	11
7720	13
7721	15
7722	10
7723	14
7724	11
7725	11
7726	15
7727	10
7728	12
7729	19
7730	14
7731	15
7732	15
7733	14
7734	12
7735	11
7736	14
7737	9
7738	14
7739	10
7740	19
7741	15
7742	10
7743	15
7744	12
7745	12
7746	15
7747	12
7748	10
7749	16
7750	19
7751	14
7752	7
7753	16
7754	11
7755	8
7756	14
7757	9
7758	14
7759	4
7760	9
7761	10
7762	7
7763	7
7764	7
7765	10
7766	9
7767	13
7768	16
7769	11
7770	12
7771	8
7772	11
7773	9
7774	10
7775	8
7776	3
7777	13
7778	11
7779	15
7780	6
7781	14
7782	13
7783	5
7784	15
7785	13
7786	4
7787	8
7788	5
7789	8
7790	10
7791	11
7792	7
7793	9
7794	8
7795	7
7796	10
7797	5
7798	9
7799	6
7800	8
7801	7
7802	9
7803	4
7804	6
7805	13
7806	7
7807	6
7808	5
7809	12
7810	7
7811	11
7812	4
7813	4
7814	7
7815	10
7816	11
7817	6
7818	6
7819	7
7820	8
7821	7
7822	7
7823	14
7824	8
7825	7
7826	8
7827	12
7828	6
7829	10
7830	4
7831	7
7832	6
7833	11
7834	8
7835	9
7836	4
7837	11
7838	6
7839	6
7840	8
7841	8
7842	7
7843	6
7844	11
7845	9
7846	6
7847	8
7848	12
7849	2
7850	4
7851	8
7852	11
7853	3
7854	7
7855	7
7856	10
7857	9
7858	4
7859	6
7860	6
7861	5
7862	7
7863	7
7864	2
7865	7
7866	3
7867	7
7868	4
7869	7
7870	7
7871	8
7872	8
7873	7
7874	4
7875	3
7876	6
7877	3
7878	5
7879	6
7880	8
7881	5
7882	8
7883	3
7884	8
7885	14
7886	3
7887	10
7888	2
7889	7
7890	4
7891	7
7892	4
7893	6
7894	4
7895	8
7896	6
7897	6
7898	8
7899	6
7900	13
7901	5
7902	5
7903	3
7904	6
7905	6
7906	5
7907	5
7908	9
7909	8
7910	3
7911	10
7912	8
7913	0
7914	7
7915	4
7916	4
7917	12
7918	4
7919	5
7920	6
7921	7
7922	8
7923	4
7924	7
7925	5
7926	8
7927	6
7928	5
7929	10
7930	2
7931	4
7932	2
7933	7
7934	11
7935	7
7936	5
7937	4
7938	4
7939	8
7940	7
7941	2
7942	8
7943	1
7944	9
7945	5
7946	8
7947	6
7948	4
7949	9
7950	3
7951	3
7952	7
7953	7
7954	4
7955	11
7956	8
7957	8
7958	7
7959	8
7960	5
7961	3
7962	4
7963	3
7964	2
7965	6
7966	4
7967	7
7968	4
7969	5
7970	3
7971	3
7972	8
7973	6
7974	6
7975	8
7976	5
7977	11
7978	6
7979	4
7980	3
7981	8
7982	3
7983	5
7984	8
7985	4
7986	3
7987	4
7988	9
7989	5
7990	7
7991	7
7992	5
7993	10
7994	5
7995	8
7996	3
7997	5
7998	10
7999	5
8000	5
8001	5
8002	8
8003	3
8004	5
8005	6
8006	7
8007	4
8008	8
8009	6
8010	10
8011	6
8012	7
8013	8
8014	4
8015	4
8016	8
8017	8
8018	7
8019	6
8020	9
8021	4
8022	3
8023	5
8024	4
8025	2
8026	8
8027	5
8028	4
8029	4
8030	4
8031	5
8032	3
8033	2
8034	6
8035	3
8036	6
8037	11
8038	5
8039	3
8040	6
8041	4
8042	7
8043	7
8044	6
8045	6
8046	4
8047	3
8048	5
8049	4
8050	3
8051	4
8052	4
8053	7
8054	8
8055	7
8056	5
8057	3
8058	4
8059	2
8060	4
8061	8
8062	4
8063	5
8064	5
8065	5
8066	7
8067	3
8068	3
8069	6
8070	5
8071	5
8072	4
8073	3
8074	2
8075	4
8076	6
8077	3
8078	5
8079	3
8080	6
8081	3
8082	1
8083	9
8084	1
8085	6
8086	4
8087	3
8088	3
8089	4
8090	9
8091	6
8092	2
8093	4
8094	4
8095	8
8096	6
8097	8
8098	12
8099	3
8100	2
8101	4
8102	1
8103	6
8104	9
8105	5
8106	3
8107	9
8108	6
8109	7
8110	1
8111	7
8112	5
8113	6
8114	0
8115	0
8116	0
8117	0
8118	0
8119	0
8120	0
8121	0
8122	0
8123	0
8124	0
8125	0
8126	0
8127	0
8128	0
8129	0
8130	0
8131	0
8132	0
8133	0
8134	0
8135	0
8136	0
8137	0
8138	0
8139	0
8140	0
8141	0
8142	0
8143	0
8144	0
8145	0
8146	0
8147	0
8148	0
8149	0
8150	0
8151	0
8152	0
8153	0
8154	0
8155	0
8156	0
8157	0
8158	0
8159	0
8160	0
8161	0
8162	0
8163	0
8164	0
8165	0
8166	0
8167	0
8168	0
8169	0
8170	0
8171	0
8172	0
8173	0
8174	0
8175	0
8176	0
8177	0
8178	0
8179	0
8180	0
8181	0
8182	0
8183	0
8184	0
8185	0
8186	0
8187	0
8188	0
8189	0
8190	0
8191	0
