0	0
1	0
2	0
3	0
4	0
5	0
6	0
7	0
8	0
9	0
10	0
11	0
12	0
13	0
14	0
15	0
16	0
17	0
18	0
19	0
20	0
21	0
22	0
23	0
24	0
25	0
26	0
27	0
28	0
29	0
30	0
31	0
32	0
33	0
34	0
35	0
36	0
37	0
38	0
39	0
40	0
41	0
42	0
43	0
44	0
45	0
46	0
47	0
48	0
49	0
50	0
51	0
52	0
53	0
54	0
55	0
56	0
57	0
58	0
59	0
60	0
61	0
62	0
63	0
64	0
65	1
66	1
67	1
68	0
69	4
70	7
71	26
72	60
73	72
74	61
75	62
76	64
77	64
78	63
79	55
80	64
81	66
82	65
83	58
84	76
85	62
86	66
87	66
88	65
89	47
90	84
91	58
92	68
93	82
94	78
95	66
96	81
97	55
98	75
99	66
100	76
101	60
102	70
103	76
104	69
105	72
106	68
107	64
108	70
109	81
110	75
111	58
112	86
113	63
114	77
115	91
116	65
117	69
118	77
119	83
120	85
121	66
122	69
123	99
124	67
125	95
126	86
127	91
128	79
129	64
130	87
131	80
132	98
133	100
134	102
135	92
136	97
137	88
138	91
139	71
140	94
141	83
142	111
143	95
144	90
145	88
146	96
147	93
148	76
149	89
150	101
151	107
152	107
153	95
154	120
155	115
156	114
157	101
158	103
159	123
160	122
161	121
162	124
163	114
164	114
165	109
166	109
167	122
168	134
169	121
170	132
171	124
172	108
173	132
174	137
175	128
176	130
177	133
178	138
179	154
180	164
181	130
182	126
183	152
184	136
185	146
186	159
187	163
188	157
189	170
190	136
191	188
192	163
193	157
194	143
195	164
196	194
197	173
198	208
199	179
200	191
201	184
202	209
203	179
204	197
205	202
206	175
207	163
208	202
209	215
210	220
211	203
212	203
213	226
214	227
215	231
216	205
217	213
218	240
219	214
220	257
221	210
222	262
223	256
224	225
225	257
226	292
227	272
228	305
229	271
230	276
231	286
232	292
233	285
234	319
235	330
236	321
237	321
238	362
239	340
240	332
241	348
242	371
243	379
244	410
245	390
246	355
247	382
248	402
249	388
250	371
251	415
252	456
253	438
254	446
255	474
256	435
257	460
258	493
259	501
260	501
261	515
262	591
263	559
264	558
265	575
266	601
267	592
268	637
269	666
270	649
271	670
272	702
273	726
274	726
275	800
276	752
277	789
278	754
279	865
280	834
281	843
282	942
283	921
284	896
285	981
286	962
287	1034
288	1037
289	1098
290	1132
291	1141
292	1217
293	1241
294	1335
295	1394
296	1360
297	1348
298	1418
299	1492
300	1550
301	1613
302	1589
303	1722
304	1758
305	1892
306	1906
307	2038
308	2100
309	2074
310	2159
311	2282
312	2345
313	2418
314	2572
315	2566
316	2688
317	2718
318	2779
319	2956
320	3111
321	3041
322	3138
323	3306
324	3338
325	3520
326	3596
327	3658
328	3961
329	4045
330	3975
331	4204
332	4277
333	4349
334	4414
335	4591
336	4595
337	4728
338	4818
339	4860
340	5044
341	5203
342	5115
343	5384
344	5380
345	5440
346	5484
347	5663
348	5569
349	5761
350	5717
351	5789
352	5895
353	6075
354	6118
355	6098
356	5942
357	6113
358	5889
359	5919
360	6137
361	5965
362	5995
363	5869
364	6030
365	5968
366	5901
367	5788
368	5889
369	5713
370	5718
371	5668
372	5634
373	5445
374	5515
375	5383
376	5084
377	5118
378	5030
379	4965
380	4857
381	4724
382	4696
383	4632
384	4473
385	4357
386	4085
387	4189
388	3935
389	3798
390	3782
391	3661
392	3584
393	3485
394	3376
395	3193
396	3169
397	3072
398	3118
399	2861
400	2818
401	2716
402	2628
403	2596
404	2559
405	2444
406	2459
407	2266
408	2227
409	2169
410	2174
411	2156
412	1941
413	1946
414	1892
415	1800
416	1735
417	1786
418	1709
419	1622
420	1630
421	1619
422	1540
423	1556
424	1413
425	1532
426	1414
427	1369
428	1378
429	1333
430	1350
431	1305
432	1222
433	1205
434	1190
435	1144
436	1178
437	1058
438	1105
439	1048
440	1029
441	983
442	1024
443	957
444	895
445	925
446	938
447	874
448	858
449	846
450	828
451	773
452	786
453	754
454	729
455	667
456	679
457	672
458	640
459	612
460	618
461	623
462	549
463	559
464	553
465	495
466	508
467	526
468	474
469	423
470	465
471	429
472	397
473	395
474	410
475	372
476	383
477	354
478	361
479	331
480	307
481	291
482	274
483	262
484	250
485	268
486	263
487	259
488	235
489	211
490	227
491	225
492	188
493	196
494	193
495	190
496	209
497	157
498	175
499	166
500	147
501	157
502	159
503	141
504	143
505	139
506	163
507	131
508	149
509	125
510	141
511	124
512	139
513	137
514	139
515	112
516	133
517	125
518	137
519	112
520	99
521	113
522	135
523	113
524	140
525	118
526	119
527	112
528	121
529	99
530	95
531	117
532	113
533	119
534	112
535	114
536	105
537	112
538	105
539	122
540	106
541	120
542	105
543	127
544	109
545	107
546	112
547	109
548	123
549	125
550	110
551	105
552	105
553	119
554	109
555	104
556	130
557	110
558	106
559	113
560	118
561	112
562	144
563	119
564	138
565	122
566	124
567	116
568	112
569	131
570	143
571	124
572	151
573	129
574	145
575	146
576	122
577	130
578	142
579	143
580	134
581	125
582	144
583	136
584	152
585	163
586	160
587	135
588	132
589	155
590	166
591	147
592	178
593	153
594	160
595	177
596	170
597	149
598	151
599	156
600	162
601	166
602	148
603	176
604	166
605	165
606	188
607	172
608	149
609	184
610	178
611	171
612	192
613	177
614	188
615	179
616	194
617	221
618	188
619	185
620	204
621	184
622	206
623	190
624	170
625	172
626	207
627	201
628	205
629	183
630	175
631	210
632	214
633	213
634	198
635	205
636	186
637	218
638	221
639	212
640	219
641	218
642	190
643	237
644	196
645	222
646	217
647	238
648	219
649	224
650	227
651	219
652	231
653	235
654	250
655	267
656	232
657	217
658	212
659	226
660	248
661	241
662	256
663	231
664	254
665	259
666	236
667	249
668	251
669	262
670	237
671	260
672	259
673	253
674	218
675	246
676	262
677	289
678	266
679	263
680	248
681	244
682	253
683	241
684	260
685	279
686	264
687	284
688	247
689	222
690	259
691	250
692	266
693	283
694	252
695	267
696	244
697	234
698	273
699	242
700	256
701	249
702	259
703	305
704	251
705	254
706	260
707	269
708	271
709	272
710	271
711	280
712	256
713	238
714	266
715	273
716	258
717	278
718	246
719	253
720	237
721	243
722	252
723	281
724	256
725	250
726	257
727	279
728	283
729	253
730	269
731	245
732	268
733	249
734	232
735	240
736	253
737	244
738	256
739	249
740	246
741	267
742	233
743	236
744	234
745	233
746	247
747	253
748	227
749	233
750	243
751	253
752	229
753	236
754	210
755	273
756	246
757	220
758	225
759	213
760	236
761	204
762	237
763	254
764	220
765	217
766	249
767	218
768	222
769	216
770	226
771	242
772	230
773	226
774	232
775	248
776	223
777	213
778	232
779	219
780	248
781	218
782	212
783	217
784	270
785	246
786	221
787	271
788	258
789	267
790	256
791	249
792	248
793	262
794	252
795	241
796	252
797	250
798	249
799	259
800	255
801	279
802	278
803	265
804	260
805	250
806	309
807	266
808	265
809	304
810	294
811	299
812	291
813	302
814	254
815	302
816	308
817	322
818	316
819	325
820	340
821	353
822	359
823	330
824	350
825	324
826	351
827	355
828	363
829	380
830	380
831	327
832	375
833	409
834	363
835	390
836	380
837	362
838	408
839	427
840	381
841	438
842	387
843	421
844	422
845	406
846	441
847	408
848	419
849	392
850	439
851	477
852	444
853	445
854	499
855	419
856	478
857	484
858	447
859	460
860	408
861	496
862	482
863	449
864	508
865	448
866	458
867	438
868	499
869	472
870	447
871	466
872	519
873	478
874	479
875	472
876	475
877	418
878	451
879	460
880	464
881	461
882	483
883	489
884	473
885	461
886	451
887	436
888	455
889	429
890	459
891	447
892	455
893	456
894	401
895	415
896	406
897	467
898	429
899	422
900	423
901	456
902	415
903	345
904	434
905	425
906	393
907	374
908	395
909	404
910	436
911	409
912	418
913	389
914	368
915	373
916	438
917	348
918	350
919	373
920	377
921	368
922	351
923	359
924	356
925	352
926	343
927	333
928	319
929	350
930	346
931	339
932	338
933	306
934	323
935	320
936	318
937	305
938	312
939	315
940	311
941	351
942	308
943	312
944	304
945	285
946	318
947	297
948	291
949	294
950	270
951	270
952	266
953	274
954	274
955	255
956	294
957	285
958	288
959	280
960	287
961	273
962	266
963	264
964	254
965	298
966	233
967	276
968	245
969	217
970	260
971	250
972	259
973	276
974	239
975	257
976	276
977	267
978	253
979	279
980	236
981	270
982	237
983	234
984	257
985	259
986	250
987	218
988	257
989	228
990	253
991	248
992	247
993	250
994	247
995	285
996	257
997	264
998	271
999	275
1000	282
1001	282
1002	270
1003	282
1004	267
1005	248
1006	282
1007	329
1008	285
1009	312
1010	279
1011	309
1012	297
1013	281
1014	292
1015	318
1016	286
1017	301
1018	325
1019	285
1020	306
1021	343
1022	310
1023	335
1024	310
1025	303
1026	355
1027	357
1028	382
1029	342
1030	362
1031	373
1032	362
1033	363
1034	381
1035	386
1036	388
1037	413
1038	389
1039	398
1040	434
1041	424
1042	439
1043	448
1044	478
1045	427
1046	430
1047	488
1048	448
1049	480
1050	476
1051	486
1052	461
1053	540
1054	489
1055	520
1056	524
1057	495
1058	563
1059	532
1060	550
1061	600
1062	523
1063	618
1064	614
1065	628
1066	587
1067	636
1068	607
1069	649
1070	662
1071	678
1072	681
1073	750
1074	760
1075	711
1076	774
1077	756
1078	767
1079	791
1080	788
1081	858
1082	850
1083	820
1084	852
1085	823
1086	853
1087	875
1088	879
1089	962
1090	904
1091	927
1092	923
1093	974
1094	969
1095	1017
1096	964
1097	1041
1098	1025
1099	1057
1100	1023
1101	1155
1102	1060
1103	1037
1104	1150
1105	1116
1106	1166
1107	1138
1108	1185
1109	1172
1110	1215
1111	1256
1112	1258
1113	1333
1114	1312
1115	1339
1116	1254
1117	1361
1118	1359
1119	1358
1120	1338
1121	1359
1122	1401
1123	1450
1124	1476
1125	1485
1126	1505
1127	1424
1128	1475
1129	1577
1130	1416
1131	1494
1132	1499
1133	1567
1134	1572
1135	1544
1136	1519
1137	1551
1138	1564
1139	1590
1140	1595
1141	1620
1142	1657
1143	1578
1144	1575
1145	1590
1146	1614
1147	1686
1148	1613
1149	1651
1150	1642
1151	1661
1152	1617
1153	1619
1154	1594
1155	1631
1156	1573
1157	1574
1158	1584
1159	1580
1160	1517
1161	1583
1162	1600
1163	1531
1164	1554
1165	1555
1166	1532
1167	1555
1168	1485
1169	1608
1170	1528
1171	1484
1172	1525
1173	1426
1174	1506
1175	1397
1176	1443
1177	1402
1178	1444
1179	1383
1180	1381
1181	1331
1182	1360
1183	1322
1184	1325
1185	1245
1186	1264
1187	1201
1188	1196
1189	1236
1190	1176
1191	1153
1192	1155
1193	1146
1194	1126
1195	1138
1196	1124
1197	1081
1198	1065
1199	1090
1200	980
1201	1052
1202	970
1203	1014
1204	920
1205	957
1206	952
1207	938
1208	893
1209	901
1210	832
1211	773
1212	790
1213	798
1214	809
1215	755
1216	753
1217	699
1218	696
1219	667
1220	697
1221	698
1222	687
1223	663
1224	599
1225	632
1226	566
1227	618
1228	589
1229	575
1230	535
1231	528
1232	540
1233	512
1234	478
1235	457
1236	441
1237	486
1238	427
1239	423
1240	373
1241	392
1242	362
1243	365
1244	389
1245	337
1246	365
1247	323
1248	326
1249	315
1250	343
1251	338
1252	302
1253	328
1254	246
1255	285
1256	284
1257	257
1258	229
1259	260
1260	235
1261	232
1262	206
1263	219
1264	214
1265	213
1266	209
1267	207
1268	189
1269	211
1270	202
1271	187
1272	177
1273	163
1274	181
1275	177
1276	188
1277	194
1278	167
1279	157
1280	158
1281	169
1282	157
1283	136
1284	156
1285	163
1286	163
1287	149
1288	149
1289	116
1290	125
1291	120
1292	122
1293	119
1294	120
1295	120
1296	132
1297	105
1298	118
1299	138
1300	121
1301	117
1302	118
1303	106
1304	109
1305	126
1306	115
1307	97
1308	122
1309	98
1310	136
1311	112
1312	104
1313	102
1314	100
1315	90
1316	116
1317	83
1318	107
1319	110
1320	97
1321	102
1322	87
1323	83
1324	104
1325	106
1326	96
1327	116
1328	109
1329	89
1330	100
1331	107
1332	114
1333	87
1334	95
1335	101
1336	91
1337	86
1338	112
1339	109
1340	94
1341	99
1342	97
1343	105
1344	90
1345	91
1346	97
1347	94
1348	94
1349	113
1350	103
1351	91
1352	117
1353	100
1354	91
1355	98
1356	93
1357	82
1358	105
1359	101
1360	94
1361	102
1362	78
1363	101
1364	101
1365	96
1366	87
1367	102
1368	105
1369	87
1370	81
1371	96
1372	81
1373	89
1374	96
1375	88
1376	87
1377	109
1378	102
1379	104
1380	83
1381	109
1382	78
1383	93
1384	90
1385	86
1386	90
1387	91
1388	98
1389	112
1390	113
1391	95
1392	132
1393	90
1394	95
1395	111
1396	109
1397	95
1398	103
1399	110
1400	85
1401	103
1402	95
1403	98
1404	94
1405	96
1406	94
1407	89
1408	91
1409	85
1410	92
1411	100
1412	88
1413	102
1414	96
1415	91
1416	84
1417	103
1418	99
1419	102
1420	94
1421	92
1422	105
1423	95
1424	89
1425	99
1426	91
1427	98
1428	103
1429	107
1430	104
1431	98
1432	102
1433	97
1434	101
1435	96
1436	106
1437	114
1438	113
1439	106
1440	92
1441	103
1442	106
1443	107
1444	107
1445	103
1446	116
1447	93
1448	96
1449	104
1450	99
1451	115
1452	86
1453	89
1454	84
1455	121
1456	102
1457	101
1458	93
1459	103
1460	104
1461	90
1462	96
1463	116
1464	100
1465	98
1466	116
1467	97
1468	100
1469	90
1470	93
1471	102
1472	95
1473	103
1474	101
1475	95
1476	97
1477	102
1478	121
1479	111
1480	101
1481	109
1482	126
1483	110
1484	94
1485	108
1486	107
1487	120
1488	109
1489	103
1490	121
1491	86
1492	108
1493	109
1494	103
1495	111
1496	111
1497	104
1498	112
1499	118
1500	114
1501	111
1502	104
1503	141
1504	116
1505	128
1506	114
1507	143
1508	150
1509	123
1510	120
1511	141
1512	126
1513	118
1514	113
1515	124
1516	125
1517	125
1518	96
1519	118
1520	128
1521	123
1522	133
1523	148
1524	112
1525	128
1526	140
1527	121
1528	110
1529	128
1530	132
1531	143
1532	147
1533	120
1534	133
1535	121
1536	120
1537	134
1538	144
1539	138
1540	149
1541	149
1542	136
1543	130
1544	149
1545	155
1546	155
1547	165
1548	138
1549	161
1550	141
1551	161
1552	131
1553	157
1554	174
1555	173
1556	165
1557	163
1558	183
1559	170
1560	158
1561	151
1562	168
1563	166
1564	188
1565	160
1566	168
1567	186
1568	182
1569	164
1570	155
1571	200
1572	187
1573	176
1574	189
1575	189
1576	203
1577	181
1578	193
1579	207
1580	182
1581	200
1582	195
1583	202
1584	214
1585	189
1586	212
1587	207
1588	181
1589	202
1590	200
1591	200
1592	216
1593	209
1594	212
1595	196
1596	205
1597	222
1598	227
1599	239
1600	214
1601	237
1602	231
1603	212
1604	228
1605	248
1606	243
1607	231
1608	236
1609	233
1610	243
1611	218
1612	237
1613	241
1614	234
1615	228
1616	246
1617	240
1618	244
1619	261
1620	263
1621	253
1622	260
1623	245
1624	255
1625	264
1626	267
1627	275
1628	288
1629	289
1630	237
1631	285
1632	260
1633	229
1634	235
1635	273
1636	279
1637	272
1638	239
1639	259
1640	263
1641	258
1642	289
1643	267
1644	276
1645	255
1646	290
1647	290
1648	288
1649	283
1650	280
1651	284
1652	288
1653	276
1654	298
1655	295
1656	289
1657	273
1658	283
1659	299
1660	293
1661	287
1662	255
1663	287
1664	309
1665	276
1666	267
1667	289
1668	276
1669	293
1670	287
1671	295
1672	276
1673	238
1674	290
1675	279
1676	267
1677	299
1678	274
1679	279
1680	239
1681	260
1682	293
1683	278
1684	265
1685	285
1686	268
1687	253
1688	263
1689	263
1690	256
1691	242
1692	256
1693	266
1694	261
1695	290
1696	280
1697	263
1698	247
1699	266
1700	249
1701	252
1702	256
1703	246
1704	234
1705	271
1706	262
1707	232
1708	240
1709	195
1710	242
1711	214
1712	221
1713	247
1714	230
1715	214
1716	198
1717	203
1718	220
1719	230
1720	203
1721	207
1722	207
1723	210
1724	205
1725	196
1726	186
1727	202
1728	208
1729	192
1730	182
1731	195
1732	169
1733	217
1734	182
1735	163
1736	191
1737	175
1738	171
1739	169
1740	172
1741	189
1742	165
1743	157
1744	159
1745	153
1746	147
1747	157
1748	165
1749	142
1750	183
1751	160
1752	152
1753	134
1754	145
1755	140
1756	141
1757	156
1758	120
1759	134
1760	148
1761	116
1762	149
1763	129
1764	136
1765	131
1766	131
1767	137
1768	135
1769	136
1770	164
1771	120
1772	109
1773	139
1774	133
1775	110
1776	110
1777	109
1778	106
1779	105
1780	117
1781	114
1782	116
1783	142
1784	100
1785	111
1786	109
1787	111
1788	109
1789	97
1790	95
1791	124
1792	113
1793	116
1794	98
1795	109
1796	103
1797	113
1798	113
1799	117
1800	118
1801	114
1802	105
1803	118
1804	94
1805	104
1806	106
1807	86
1808	108
1809	87
1810	88
1811	97
1812	83
1813	83
1814	94
1815	92
1816	80
1817	80
1818	96
1819	95
1820	94
1821	91
1822	92
1823	94
1824	85
1825	89
1826	81
1827	93
1828	74
1829	84
1830	100
1831	88
1832	98
1833	87
1834	71
1835	92
1836	83
1837	86
1838	107
1839	89
1840	67
1841	74
1842	84
1843	81
1844	84
1845	84
1846	92
1847	91
1848	86
1849	88
1850	60
1851	94
1852	80
1853	73
1854	91
1855	71
1856	74
1857	71
1858	77
1859	71
1860	77
1861	101
1862	87
1863	76
1864	78
1865	94
1866	105
1867	82
1868	80
1869	92
1870	94
1871	78
1872	69
1873	85
1874	70
1875	93
1876	81
1877	91
1878	102
1879	86
1880	88
1881	107
1882	99
1883	90
1884	99
1885	89
1886	84
1887	73
1888	68
1889	89
1890	83
1891	85
1892	80
1893	92
1894	89
1895	84
1896	86
1897	88
1898	88
1899	70
1900	101
1901	78
1902	96
1903	90
1904	81
1905	81
1906	69
1907	81
1908	73
1909	76
1910	73
1911	86
1912	97
1913	71
1914	96
1915	71
1916	85
1917	81
1918	86
1919	74
1920	85
1921	77
1922	88
1923	86
1924	83
1925	101
1926	97
1927	112
1928	96
1929	111
1930	96
1931	82
1932	96
1933	77
1934	94
1935	92
1936	80
1937	82
1938	108
1939	91
1940	86
1941	107
1942	97
1943	93
1944	106
1945	97
1946	108
1947	78
1948	85
1949	101
1950	92
1951	82
1952	92
1953	94
1954	92
1955	89
1956	106
1957	94
1958	91
1959	92
1960	77
1961	84
1962	106
1963	85
1964	88
1965	94
1966	82
1967	79
1968	122
1969	101
1970	90
1971	88
1972	87
1973	89
1974	91
1975	98
1976	87
1977	98
1978	97
1979	104
1980	96
1981	89
1982	99
1983	105
1984	100
1985	97
1986	106
1987	94
1988	99
1989	98
1990	112
1991	98
1992	92
1993	115
1994	86
1995	96
1996	85
1997	102
1998	102
1999	97
2000	89
2001	111
2002	118
2003	104
2004	111
2005	78
2006	139
2007	98
2008	105
2009	104
2010	93
2011	93
2012	102
2013	104
2014	101
2015	103
2016	94
2017	90
2018	99
2019	111
2020	118
2021	106
2022	104
2023	111
2024	79
2025	111
2026	115
2027	102
2028	89
2029	103
2030	119
2031	87
2032	118
2033	109
2034	110
2035	110
2036	98
2037	112
2038	101
2039	106
2040	101
2041	114
2042	124
2043	104
2044	106
2045	118
2046	101
2047	93
2048	109
2049	104
2050	108
2051	102
2052	96
2053	120
2054	104
2055	99
2056	101
2057	102
2058	105
2059	102
2060	110
2061	111
2062	105
2063	110
2064	96
2065	91
2066	91
2067	109
2068	117
2069	116
2070	96
2071	107
2072	113
2073	120
2074	95
2075	107
2076	123
2077	122
2078	110
2079	109
2080	110
2081	116
2082	112
2083	116
2084	125
2085	106
2086	122
2087	114
2088	119
2089	111
2090	125
2091	122
2092	121
2093	123
2094	123
2095	108
2096	129
2097	121
2098	110
2099	113
2100	123
2101	118
2102	117
2103	113
2104	110
2105	104
2106	117
2107	113
2108	110
2109	115
2110	108
2111	120
2112	129
2113	129
2114	101
2115	118
2116	122
2117	117
2118	114
2119	113
2120	102
2121	132
2122	102
2123	135
2124	115
2125	126
2126	123
2127	92
2128	113
2129	143
2130	112
2131	121
2132	113
2133	103
2134	109
2135	124
2136	107
2137	125
2138	116
2139	139
2140	116
2141	118
2142	129
2143	108
2144	123
2145	126
2146	119
2147	109
2148	142
2149	98
2150	125
2151	127
2152	122
2153	127
2154	138
2155	105
2156	135
2157	127
2158	107
2159	134
2160	113
2161	102
2162	130
2163	118
2164	121
2165	126
2166	110
2167	119
2168	128
2169	129
2170	101
2171	130
2172	115
2173	103
2174	131
2175	126
2176	125
2177	122
2178	137
2179	120
2180	110
2181	127
2182	120
2183	121
2184	150
2185	129
2186	143
2187	122
2188	113
2189	139
2190	116
2191	141
2192	144
2193	140
2194	108
2195	100
2196	118
2197	114
2198	135
2199	130
2200	137
2201	138
2202	120
2203	109
2204	135
2205	151
2206	119
2207	135
2208	137
2209	111
2210	131
2211	114
2212	127
2213	129
2214	107
2215	127
2216	127
2217	147
2218	123
2219	130
2220	123
2221	144
2222	147
2223	122
2224	139
2225	124
2226	137
2227	124
2228	141
2229	140
2230	113
2231	105
2232	120
2233	111
2234	129
2235	143
2236	120
2237	137
2238	126
2239	134
2240	132
2241	110
2242	131
2243	112
2244	139
2245	122
2246	129
2247	128
2248	124
2249	128
2250	121
2251	138
2252	137
2253	106
2254	124
2255	117
2256	147
2257	133
2258	154
2259	120
2260	149
2261	129
2262	142
2263	126
2264	141
2265	119
2266	109
2267	136
2268	136
2269	137
2270	131
2271	130
2272	115
2273	125
2274	126
2275	104
2276	130
2277	135
2278	113
2279	138
2280	106
2281	147
2282	112
2283	121
2284	102
2285	148
2286	131
2287	122
2288	127
2289	131
2290	153
2291	136
2292	126
2293	110
2294	105
2295	139
2296	124
2297	123
2298	121
2299	116
2300	119
2301	111
2302	101
2303	126
2304	124
2305	113
2306	144
2307	128
2308	113
2309	124
2310	136
2311	115
2312	122
2313	125
2314	117
2315	129
2316	123
2317	123
2318	115
2319	123
2320	121
2321	126
2322	124
2323	113
2324	125
2325	134
2326	130
2327	119
2328	116
2329	104
2330	105
2331	119
2332	116
2333	116
2334	124
2335	131
2336	130
2337	129
2338	122
2339	112
2340	109
2341	130
2342	124
2343	103
2344	114
2345	114
2346	135
2347	117
2348	127
2349	118
2350	106
2351	110
2352	109
2353	129
2354	126
2355	122
2356	125
2357	113
2358	101
2359	106
2360	92
2361	123
2362	96
2363	117
2364	124
2365	113
2366	102
2367	104
2368	108
2369	99
2370	108
2371	118
2372	114
2373	111
2374	104
2375	107
2376	111
2377	91
2378	120
2379	112
2380	98
2381	106
2382	108
2383	127
2384	104
2385	113
2386	116
2387	131
2388	103
2389	101
2390	102
2391	110
2392	117
2393	114
2394	108
2395	136
2396	107
2397	115
2398	105
2399	104
2400	104
2401	93
2402	113
2403	111
2404	97
2405	108
2406	85
2407	112
2408	116
2409	111
2410	120
2411	114
2412	92
2413	114
2414	109
2415	107
2416	98
2417	97
2418	107
2419	93
2420	126
2421	108
2422	94
2423	101
2424	106
2425	107
2426	110
2427	98
2428	102
2429	91
2430	111
2431	105
2432	94
2433	105
2434	96
2435	97
2436	109
2437	103
2438	98
2439	103
2440	80
2441	140
2442	101
2443	108
2444	97
2445	69
2446	79
2447	98
2448	90
2449	97
2450	98
2451	94
2452	106
2453	98
2454	95
2455	81
2456	102
2457	86
2458	109
2459	85
2460	93
2461	101
2462	96
2463	120
2464	107
2465	94
2466	102
2467	73
2468	82
2469	98
2470	111
2471	108
2472	104
2473	105
2474	93
2475	95
2476	97
2477	89
2478	84
2479	97
2480	86
2481	94
2482	71
2483	98
2484	90
2485	90
2486	110
2487	82
2488	101
2489	93
2490	109
2491	91
2492	108
2493	105
2494	100
2495	80
2496	81
2497	89
2498	101
2499	98
2500	116
2501	116
2502	86
2503	95
2504	99
2505	89
2506	83
2507	87
2508	100
2509	98
2510	94
2511	77
2512	87
2513	98
2514	94
2515	78
2516	98
2517	95
2518	91
2519	79
2520	90
2521	106
2522	99
2523	75
2524	86
2525	95
2526	96
2527	79
2528	88
2529	81
2530	88
2531	97
2532	83
2533	91
2534	87
2535	88
2536	89
2537	75
2538	90
2539	93
2540	75
2541	95
2542	86
2543	77
2544	75
2545	87
2546	90
2547	104
2548	72
2549	86
2550	83
2551	81
2552	78
2553	98
2554	67
2555	89
2556	82
2557	86
2558	93
2559	78
2560	79
2561	86
2562	105
2563	86
2564	75
2565	76
2566	76
2567	86
2568	88
2569	97
2570	79
2571	100
2572	72
2573	92
2574	80
2575	91
2576	110
2577	106
2578	81
2579	88
2580	69
2581	97
2582	63
2583	85
2584	87
2585	75
2586	96
2587	85
2588	92
2589	83
2590	78
2591	89
2592	83
2593	79
2594	86
2595	72
2596	84
2597	103
2598	79
2599	96
2600	74
2601	89
2602	85
2603	76
2604	87
2605	79
2606	76
2607	94
2608	69
2609	81
2610	88
2611	74
2612	75
2613	86
2614	82
2615	84
2616	77
2617	90
2618	82
2619	78
2620	80
2621	89
2622	87
2623	91
2624	81
2625	85
2626	98
2627	90
2628	87
2629	80
2630	89
2631	81
2632	94
2633	81
2634	84
2635	78
2636	100
2637	90
2638	102
2639	80
2640	80
2641	59
2642	85
2643	85
2644	90
2645	73
2646	81
2647	74
2648	71
2649	64
2650	101
2651	68
2652	91
2653	82
2654	83
2655	79
2656	79
2657	90
2658	73
2659	89
2660	89
2661	79
2662	96
2663	67
2664	79
2665	66
2666	103
2667	70
2668	99
2669	74
2670	81
2671	81
2672	76
2673	85
2674	84
2675	89
2676	101
2677	70
2678	84
2679	82
2680	88
2681	74
2682	69
2683	75
2684	78
2685	87
2686	77
2687	67
2688	85
2689	70
2690	83
2691	87
2692	77
2693	85
2694	95
2695	73
2696	81
2697	79
2698	82
2699	87
2700	93
2701	75
2702	95
2703	72
2704	60
2705	75
2706	80
2707	82
2708	87
2709	74
2710	94
2711	73
2712	87
2713	89
2714	70
2715	73
2716	56
2717	81
2718	92
2719	74
2720	79
2721	90
2722	76
2723	85
2724	83
2725	93
2726	82
2727	68
2728	86
2729	90
2730	80
2731	73
2732	82
2733	63
2734	75
2735	86
2736	62
2737	80
2738	71
2739	74
2740	83
2741	82
2742	85
2743	91
2744	77
2745	80
2746	96
2747	69
2748	73
2749	82
2750	94
2751	74
2752	81
2753	78
2754	84
2755	80
2756	59
2757	65
2758	70
2759	77
2760	92
2761	74
2762	73
2763	92
2764	72
2765	94
2766	96
2767	78
2768	68
2769	86
2770	69
2771	73
2772	77
2773	72
2774	74
2775	63
2776	75
2777	74
2778	67
2779	73
2780	78
2781	76
2782	65
2783	71
2784	71
2785	83
2786	80
2787	61
2788	62
2789	78
2790	94
2791	62
2792	67
2793	76
2794	80
2795	68
2796	80
2797	68
2798	70
2799	55
2800	61
2801	71
2802	92
2803	80
2804	68
2805	73
2806	64
2807	72
2808	65
2809	70
2810	85
2811	67
2812	64
2813	70
2814	88
2815	74
2816	71
2817	68
2818	69
2819	52
2820	72
2821	64
2822	69
2823	63
2824	67
2825	74
2826	61
2827	73
2828	61
2829	76
2830	58
2831	62
2832	93
2833	70
2834	77
2835	84
2836	58
2837	88
2838	79
2839	83
2840	74
2841	65
2842	69
2843	71
2844	59
2845	60
2846	69
2847	77
2848	70
2849	53
2850	67
2851	67
2852	57
2853	66
2854	69
2855	67
2856	70
2857	55
2858	80
2859	69
2860	70
2861	67
2862	83
2863	65
2864	53
2865	79
2866	76
2867	62
2868	50
2869	61
2870	70
2871	65
2872	56
2873	82
2874	73
2875	79
2876	70
2877	64
2878	63
2879	49
2880	69
2881	52
2882	61
2883	56
2884	63
2885	71
2886	70
2887	56
2888	63
2889	57
2890	56
2891	58
2892	52
2893	70
2894	69
2895	69
2896	59
2897	71
2898	62
2899	62
2900	66
2901	58
2902	54
2903	62
2904	60
2905	58
2906	49
2907	57
2908	55
2909	69
2910	57
2911	69
2912	72
2913	53
2914	55
2915	61
2916	69
2917	73
2918	59
2919	50
2920	55
2921	62
2922	62
2923	64
2924	71
2925	64
2926	56
2927	58
2928	67
2929	55
2930	65
2931	51
2932	48
2933	58
2934	69
2935	56
2936	57
2937	46
2938	55
2939	40
2940	64
2941	59
2942	51
2943	62
2944	61
2945	61
2946	58
2947	57
2948	51
2949	55
2950	60
2951	59
2952	51
2953	55
2954	41
2955	70
2956	62
2957	58
2958	64
2959	60
2960	68
2961	56
2962	62
2963	66
2964	67
2965	48
2966	49
2967	49
2968	58
2969	47
2970	54
2971	56
2972	70
2973	56
2974	58
2975	53
2976	66
2977	42
2978	44
2979	37
2980	60
2981	65
2982	57
2983	51
2984	55
2985	63
2986	65
2987	55
2988	48
2989	44
2990	57
2991	52
2992	58
2993	69
2994	56
2995	53
2996	54
2997	51
2998	56
2999	52
3000	53
3001	46
3002	50
3003	54
3004	52
3005	62
3006	61
3007	56
3008	57
3009	58
3010	61
3011	52
3012	55
3013	71
3014	52
3015	48
3016	57
3017	49
3018	66
3019	54
3020	48
3021	44
3022	53
3023	59
3024	48
3025	42
3026	47
3027	51
3028	45
3029	47
3030	55
3031	52
3032	46
3033	36
3034	51
3035	61
3036	53
3037	49
3038	45
3039	53
3040	57
3041	58
3042	48
3043	58
3044	58
3045	53
3046	47
3047	39
3048	48
3049	57
3050	45
3051	55
3052	50
3053	50
3054	57
3055	47
3056	62
3057	57
3058	51
3059	64
3060	53
3061	56
3062	52
3063	55
3064	50
3065	51
3066	44
3067	58
3068	51
3069	45
3070	52
3071	48
3072	49
3073	44
3074	50
3075	40
3076	53
3077	66
3078	46
3079	54
3080	50
3081	44
3082	54
3083	38
3084	55
3085	46
3086	47
3087	54
3088	49
3089	44
3090	52
3091	49
3092	39
3093	42
3094	58
3095	59
3096	59
3097	44
3098	45
3099	46
3100	49
3101	37
3102	52
3103	62
3104	50
3105	56
3106	50
3107	37
3108	44
3109	49
3110	52
3111	48
3112	59
3113	56
3114	51
3115	45
3116	42
3117	49
3118	47
3119	66
3120	42
3121	50
3122	36
3123	38
3124	46
3125	47
3126	45
3127	49
3128	51
3129	48
3130	55
3131	42
3132	50
3133	40
3134	45
3135	54
3136	41
3137	49
3138	37
3139	53
3140	50
3141	43
3142	32
3143	55
3144	44
3145	38
3146	38
3147	57
3148	49
3149	51
3150	56
3151	50
3152	40
3153	55
3154	38
3155	59
3156	46
3157	51
3158	60
3159	49
3160	59
3161	42
3162	37
3163	53
3164	55
3165	42
3166	47
3167	55
3168	46
3169	49
3170	37
3171	46
3172	40
3173	67
3174	50
3175	48
3176	46
3177	39
3178	46
3179	50
3180	44
3181	39
3182	59
3183	36
3184	49
3185	45
3186	51
3187	61
3188	56
3189	63
3190	48
3191	53
3192	50
3193	42
3194	44
3195	52
3196	45
3197	45
3198	54
3199	43
3200	46
3201	53
3202	40
3203	45
3204	44
3205	34
3206	50
3207	46
3208	51
3209	40
3210	32
3211	39
3212	48
3213	65
3214	58
3215	52
3216	53
3217	47
3218	50
3219	49
3220	46
3221	51
3222	22
3223	48
3224	37
3225	40
3226	47
3227	53
3228	44
3229	62
3230	42
3231	40
3232	35
3233	47
3234	47
3235	45
3236	60
3237	36
3238	59
3239	56
3240	51
3241	45
3242	37
3243	45
3244	45
3245	39
3246	34
3247	45
3248	56
3249	54
3250	44
3251	50
3252	39
3253	46
3254	47
3255	50
3256	36
3257	53
3258	54
3259	36
3260	48
3261	42
3262	40
3263	46
3264	44
3265	36
3266	58
3267	53
3268	41
3269	43
3270	42
3271	37
3272	39
3273	51
3274	43
3275	50
3276	47
3277	40
3278	51
3279	49
3280	47
3281	46
3282	54
3283	42
3284	48
3285	47
3286	45
3287	48
3288	41
3289	45
3290	58
3291	24
3292	50
3293	50
3294	40
3295	46
3296	28
3297	48
3298	44
3299	48
3300	46
3301	58
3302	34
3303	44
3304	42
3305	36
3306	28
3307	48
3308	38
3309	56
3310	46
3311	27
3312	29
3313	45
3314	39
3315	48
3316	37
3317	41
3318	43
3319	43
3320	39
3321	37
3322	53
3323	36
3324	34
3325	41
3326	47
3327	34
3328	50
3329	33
3330	45
3331	48
3332	41
3333	47
3334	48
3335	49
3336	39
3337	32
3338	45
3339	29
3340	44
3341	47
3342	32
3343	46
3344	40
3345	32
3346	34
3347	37
3348	38
3349	33
3350	30
3351	38
3352	35
3353	35
3354	33
3355	42
3356	46
3357	34
3358	46
3359	30
3360	43
3361	47
3362	45
3363	32
3364	47
3365	39
3366	34
3367	33
3368	33
3369	47
3370	36
3371	42
3372	39
3373	42
3374	37
3375	37
3376	26
3377	43
3378	38
3379	33
3380	48
3381	45
3382	42
3383	36
3384	38
3385	40
3386	24
3387	52
3388	40
3389	34
3390	41
3391	33
3392	36
3393	33
3394	37
3395	30
3396	34
3397	37
3398	48
3399	33
3400	31
3401	43
3402	38
3403	31
3404	39
3405	38
3406	31
3407	45
3408	43
3409	39
3410	30
3411	37
3412	41
3413	25
3414	27
3415	34
3416	46
3417	43
3418	50
3419	30
3420	40
3421	44
3422	32
3423	33
3424	43
3425	38
3426	48
3427	28
3428	51
3429	27
3430	38
3431	47
3432	36
3433	23
3434	37
3435	37
3436	35
3437	36
3438	34
3439	41
3440	39
3441	40
3442	37
3443	32
3444	30
3445	39
3446	35
3447	34
3448	37
3449	35
3450	29
3451	34
3452	29
3453	32
3454	23
3455	43
3456	42
3457	38
3458	25
3459	27
3460	43
3461	32
3462	42
3463	42
3464	32
3465	31
3466	36
3467	36
3468	36
3469	28
3470	27
3471	29
3472	34
3473	35
3474	29
3475	33
3476	36
3477	41
3478	33
3479	43
3480	42
3481	45
3482	27
3483	35
3484	44
3485	36
3486	41
3487	35
3488	32
3489	42
3490	33
3491	36
3492	29
3493	27
3494	39
3495	42
3496	35
3497	35
3498	34
3499	40
3500	28
3501	30
3502	33
3503	33
3504	41
3505	30
3506	24
3507	34
3508	30
3509	29
3510	34
3511	31
3512	26
3513	27
3514	36
3515	34
3516	35
3517	41
3518	24
3519	32
3520	33
3521	38
3522	28
3523	38
3524	32
3525	35
3526	30
3527	29
3528	37
3529	38
3530	29
3531	26
3532	38
3533	35
3534	23
3535	34
3536	36
3537	35
3538	43
3539	34
3540	23
3541	35
3542	35
3543	36
3544	24
3545	37
3546	30
3547	33
3548	35
3549	32
3550	27
3551	34
3552	40
3553	25
3554	35
3555	33
3556	34
3557	33
3558	39
3559	34
3560	38
3561	49
3562	38
3563	24
3564	35
3565	26
3566	24
3567	30
3568	32
3569	24
3570	37
3571	43
3572	31
3573	29
3574	25
3575	40
3576	30
3577	34
3578	34
3579	30
3580	29
3581	32
3582	33
3583	36
3584	34
3585	32
3586	30
3587	41
3588	49
3589	30
3590	35
3591	27
3592	35
3593	34
3594	39
3595	32
3596	44
3597	28
3598	35
3599	42
3600	31
3601	32
3602	24
3603	36
3604	28
3605	33
3606	31
3607	31
3608	40
3609	40
3610	42
3611	45
3612	42
3613	33
3614	29
3615	32
3616	32
3617	23
3618	29
3619	36
3620	24
3621	34
3622	29
3623	34
3624	42
3625	37
3626	30
3627	28
3628	41
3629	40
3630	44
3631	50
3632	32
3633	36
3634	28
3635	45
3636	32
3637	31
3638	46
3639	33
3640	37
3641	40
3642	44
3643	31
3644	52
3645	35
3646	28
3647	31
3648	46
3649	24
3650	40
3651	37
3652	29
3653	47
3654	32
3655	43
3656	36
3657	35
3658	37
3659	38
3660	40
3661	30
3662	47
3663	39
3664	37
3665	42
3666	44
3667	38
3668	41
3669	32
3670	35
3671	33
3672	41
3673	41
3674	39
3675	41
3676	29
3677	42
3678	37
3679	54
3680	38
3681	30
3682	46
3683	44
3684	42
3685	47
3686	39
3687	39
3688	40
3689	37
3690	53
3691	40
3692	54
3693	31
3694	47
3695	49
3696	48
3697	54
3698	41
3699	51
3700	41
3701	51
3702	43
3703	52
3704	40
3705	49
3706	40
3707	35
3708	53
3709	39
3710	56
3711	50
3712	43
3713	38
3714	48
3715	42
3716	43
3717	44
3718	41
3719	56
3720	55
3721	48
3722	43
3723	34
3724	49
3725	43
3726	41
3727	64
3728	50
3729	51
3730	41
3731	45
3732	46
3733	49
3734	48
3735	45
3736	55
3737	49
3738	50
3739	52
3740	53
3741	44
3742	69
3743	50
3744	50
3745	49
3746	48
3747	50
3748	45
3749	47
3750	55
3751	51
3752	65
3753	56
3754	36
3755	60
3756	56
3757	61
3758	52
3759	51
3760	49
3761	53
3762	67
3763	55
3764	57
3765	60
3766	53
3767	45
3768	54
3769	38
3770	50
3771	61
3772	57
3773	63
3774	47
3775	56
3776	72
3777	67
3778	59
3779	64
3780	56
3781	59
3782	66
3783	65
3784	63
3785	51
3786	61
3787	53
3788	63
3789	61
3790	63
3791	51
3792	59
3793	66
3794	63
3795	55
3796	62
3797	49
3798	49
3799	55
3800	65
3801	59
3802	54
3803	58
3804	58
3805	66
3806	68
3807	70
3808	65
3809	72
3810	77
3811	75
3812	85
3813	69
3814	61
3815	69
3816	68
3817	67
3818	80
3819	72
3820	68
3821	67
3822	68
3823	63
3824	63
3825	60
3826	70
3827	81
3828	76
3829	76
3830	70
3831	68
3832	75
3833	64
3834	67
3835	54
3836	74
3837	57
3838	63
3839	83
3840	71
3841	89
3842	72
3843	60
3844	56
3845	82
3846	72
3847	66
3848	84
3849	72
3850	73
3851	81
3852	79
3853	66
3854	65
3855	86
3856	60
3857	84
3858	73
3859	74
3860	80
3861	69
3862	88
3863	69
3864	78
3865	79
3866	72
3867	79
3868	69
3869	97
3870	59
3871	74
3872	73
3873	85
3874	80
3875	79
3876	91
3877	76
3878	93
3879	74
3880	73
3881	75
3882	77
3883	81
3884	60
3885	99
3886	75
3887	81
3888	85
3889	90
3890	87
3891	71
3892	90
3893	63
3894	79
3895	79
3896	74
3897	75
3898	90
3899	84
3900	86
3901	72
3902	88
3903	87
3904	88
3905	82
3906	82
3907	74
3908	77
3909	80
3910	76
3911	90
3912	99
3913	75
3914	88
3915	74
3916	94
3917	82
3918	80
3919	99
3920	79
3921	76
3922	86
3923	88
3924	89
3925	96
3926	83
3927	86
3928	86
3929	102
3930	78
3931	81
3932	93
3933	82
3934	89
3935	81
3936	73
3937	103
3938	92
3939	92
3940	83
3941	98
3942	90
3943	90
3944	98
3945	96
3946	99
3947	82
3948	104
3949	94
3950	96
3951	74
3952	87
3953	91
3954	80
3955	93
3956	91
3957	100
3958	79
3959	88
3960	87
3961	83
3962	82
3963	92
3964	92
3965	82
3966	87
3967	76
3968	89
3969	93
3970	84
3971	95
3972	89
3973	84
3974	74
3975	93
3976	91
3977	80
3978	90
3979	80
3980	105
3981	83
3982	90
3983	95
3984	82
3985	103
3986	104
3987	86
3988	101
3989	73
3990	82
3991	88
3992	94
3993	90
3994	84
3995	101
3996	96
3997	81
3998	104
3999	92
4000	99
4001	90
4002	105
4003	94
4004	97
4005	99
4006	68
4007	103
4008	110
4009	90
4010	107
4011	87
4012	99
4013	90
4014	72
4015	89
4016	92
4017	94
4018	80
4019	106
4020	82
4021	94
4022	107
4023	78
4024	99
4025	97
4026	79
4027	95
4028	113
4029	93
4030	101
4031	82
4032	90
4033	120
4034	102
4035	90
4036	89
4037	112
4038	96
4039	93
4040	87
4041	84
4042	93
4043	99
4044	94
4045	94
4046	103
4047	103
4048	98
4049	86
4050	98
4051	96
4052	124
4053	85
4054	97
4055	91
4056	109
4057	111
4058	112
4059	107
4060	78
4061	105
4062	97
4063	89
4064	103
4065	108
4066	103
4067	110
4068	81
4069	102
4070	111
4071	101
4072	106
4073	99
4074	103
4075	94
4076	115
4077	110
4078	110
4079	106
4080	100
4081	102
4082	94
4083	89
4084	93
4085	120
4086	97
4087	109
4088	109
4089	89
4090	114
4091	106
4092	114
4093	89
4094	105
4095	109
4096	98
4097	119
4098	100
4099	90
4100	99
4101	107
4102	94
4103	104
4104	106
4105	107
4106	108
4107	107
4108	109
4109	98
4110	118
4111	119
4112	120
4113	95
4114	113
4115	107
4116	102
4117	105
4118	108
4119	109
4120	124
4121	124
4122	105
4123	90
4124	111
4125	122
4126	121
4127	110
4128	117
4129	124
4130	112
4131	104
4132	122
4133	108
4134	119
4135	131
4136	122
4137	104
4138	94
4139	136
4140	106
4141	119
4142	110
4143	132
4144	111
4145	124
4146	101
4147	133
4148	116
4149	113
4150	111
4151	124
4152	123
4153	130
4154	95
4155	142
4156	109
4157	113
4158	126
4159	125
4160	147
4161	138
4162	136
4163	127
4164	125
4165	142
4166	135
4167	143
4168	128
4169	128
4170	103
4171	124
4172	151
4173	127
4174	155
4175	152
4176	143
4177	144
4178	113
4179	152
4180	135
4181	160
4182	138
4183	131
4184	127
4185	131
4186	116
4187	135
4188	114
4189	154
4190	117
4191	141
4192	132
4193	129
4194	139
4195	143
4196	129
4197	136
4198	154
4199	129
4200	139
4201	152
4202	122
4203	164
4204	134
4205	138
4206	143
4207	128
4208	152
4209	155
4210	155
4211	152
4212	135
4213	130
4214	123
4215	136
4216	140
4217	130
4218	166
4219	150
4220	139
4221	148
4222	152
4223	152
4224	144
4225	136
4226	168
4227	135
4228	148
4229	154
4230	159
4231	152
4232	160
4233	163
4234	148
4235	164
4236	158
4237	137
4238	146
4239	158
4240	158
4241	145
4242	145
4243	156
4244	156
4245	127
4246	150
4247	150
4248	144
4249	168
4250	158
4251	171
4252	166
4253	149
4254	168
4255	168
4256	140
4257	163
4258	140
4259	148
4260	147
4261	179
4262	139
4263	149
4264	173
4265	183
4266	185
4267	174
4268	161
4269	181
4270	185
4271	167
4272	162
4273	188
4274	162
4275	172
4276	173
4277	174
4278	173
4279	166
4280	183
4281	163
4282	163
4283	155
4284	158
4285	172
4286	182
4287	170
4288	173
4289	174
4290	170
4291	179
4292	170
4293	166
4294	171
4295	180
4296	169
4297	168
4298	165
4299	188
4300	166
4301	186
4302	182
4303	169
4304	158
4305	171
4306	185
4307	154
4308	191
4309	196
4310	166
4311	181
4312	174
4313	183
4314	181
4315	163
4316	205
4317	170
4318	170
4319	171
4320	172
4321	166
4322	184
4323	173
4324	199
4325	177
4326	182
4327	166
4328	169
4329	182
4330	191
4331	186
4332	169
4333	188
4334	163
4335	176
4336	189
4337	188
4338	167
4339	170
4340	163
4341	205
4342	181
4343	167
4344	176
4345	160
4346	176
4347	184
4348	186
4349	183
4350	175
4351	190
4352	189
4353	195
4354	187
4355	156
4356	178
4357	189
4358	176
4359	163
4360	159
4361	170
4362	168
4363	173
4364	174
4365	191
4366	179
4367	154
4368	187
4369	168
4370	186
4371	166
4372	162
4373	162
4374	191
4375	191
4376	186
4377	193
4378	153
4379	178
4380	161
4381	178
4382	198
4383	152
4384	166
4385	165
4386	139
4387	159
4388	175
4389	167
4390	176
4391	192
4392	157
4393	162
4394	156
4395	161
4396	150
4397	149
4398	165
4399	168
4400	159
4401	142
4402	171
4403	168
4404	186
4405	184
4406	173
4407	149
4408	168
4409	178
4410	169
4411	178
4412	142
4413	166
4414	146
4415	166
4416	171
4417	160
4418	162
4419	158
4420	189
4421	164
4422	155
4423	154
4424	157
4425	151
4426	156
4427	148
4428	175
4429	156
4430	148
4431	166
4432	127
4433	151
4434	161
4435	155
4436	146
4437	161
4438	164
4439	171
4440	139
4441	142
4442	158
4443	147
4444	153
4445	123
4446	165
4447	155
4448	149
4449	150
4450	141
4451	141
4452	136
4453	126
4454	152
4455	131
4456	159
4457	151
4458	149
4459	143
4460	149
4461	161
4462	134
4463	145
4464	139
4465	159
4466	149
4467	151
4468	166
4469	144
4470	127
4471	127
4472	142
4473	135
4474	128
4475	134
4476	123
4477	126
4478	153
4479	128
4480	141
4481	130
4482	135
4483	131
4484	111
4485	131
4486	149
4487	129
4488	118
4489	121
4490	144
4491	120
4492	131
4493	110
4494	115
4495	137
4496	127
4497	145
4498	134
4499	125
4500	123
4501	112
4502	112
4503	134
4504	127
4505	107
4506	113
4507	123
4508	136
4509	132
4510	132
4511	99
4512	106
4513	130
4514	118
4515	132
4516	122
4517	129
4518	117
4519	99
4520	105
4521	106
4522	124
4523	97
4524	94
4525	111
4526	112
4527	108
4528	115
4529	127
4530	92
4531	99
4532	137
4533	106
4534	115
4535	117
4536	99
4537	102
4538	107
4539	104
4540	107
4541	102
4542	101
4543	114
4544	119
4545	100
4546	102
4547	87
4548	106
4549	109
4550	120
4551	115
4552	103
4553	94
4554	96
4555	82
4556	108
4557	119
4558	108
4559	108
4560	96
4561	102
4562	112
4563	94
4564	104
4565	96
4566	103
4567	98
4568	76
4569	92
4570	90
4571	84
4572	95
4573	96
4574	94
4575	88
4576	93
4577	113
4578	94
4579	74
4580	92
4581	89
4582	81
4583	91
4584	99
4585	77
4586	71
4587	81
4588	92
4589	94
4590	69
4591	93
4592	88
4593	80
4594	90
4595	91
4596	97
4597	101
4598	91
4599	92
4600	97
4601	86
4602	95
4603	79
4604	85
4605	87
4606	76
4607	81
4608	80
4609	79
4610	77
4611	80
4612	84
4613	80
4614	86
4615	79
4616	78
4617	87
4618	89
4619	78
4620	87
4621	83
4622	74
4623	96
4624	94
4625	96
4626	90
4627	80
4628	88
4629	74
4630	73
4631	91
4632	89
4633	71
4634	96
4635	71
4636	78
4637	91
4638	58
4639	87
4640	79
4641	83
4642	81
4643	74
4644	87
4645	96
4646	89
4647	95
4648	79
4649	90
4650	75
4651	74
4652	64
4653	81
4654	81
4655	89
4656	78
4657	84
4658	92
4659	84
4660	71
4661	74
4662	76
4663	77
4664	98
4665	85
4666	75
4667	93
4668	94
4669	80
4670	87
4671	77
4672	72
4673	86
4674	95
4675	83
4676	85
4677	71
4678	89
4679	102
4680	83
4681	88
4682	96
4683	73
4684	98
4685	92
4686	118
4687	93
4688	94
4689	92
4690	100
4691	96
4692	97
4693	87
4694	102
4695	110
4696	100
4697	107
4698	98
4699	112
4700	93
4701	91
4702	111
4703	100
4704	96
4705	107
4706	95
4707	107
4708	83
4709	93
4710	92
4711	96
4712	111
4713	101
4714	118
4715	109
4716	124
4717	102
4718	100
4719	103
4720	103
4721	106
4722	114
4723	112
4724	118
4725	103
4726	110
4727	122
4728	106
4729	101
4730	108
4731	115
4732	115
4733	121
4734	119
4735	110
4736	123
4737	138
4738	109
4739	113
4740	96
4741	133
4742	93
4743	111
4744	108
4745	114
4746	120
4747	134
4748	117
4749	133
4750	123
4751	148
4752	131
4753	122
4754	134
4755	150
4756	128
4757	130
4758	137
4759	134
4760	102
4761	154
4762	142
4763	146
4764	156
4765	124
4766	133
4767	135
4768	136
4769	161
4770	114
4771	131
4772	143
4773	127
4774	171
4775	173
4776	132
4777	144
4778	163
4779	157
4780	156
4781	164
4782	145
4783	149
4784	130
4785	168
4786	162
4787	141
4788	155
4789	156
4790	175
4791	160
4792	185
4793	129
4794	190
4795	181
4796	158
4797	168
4798	163
4799	168
4800	167
4801	169
4802	177
4803	164
4804	185
4805	162
4806	182
4807	163
4808	158
4809	178
4810	179
4811	162
4812	169
4813	167
4814	189
4815	182
4816	195
4817	201
4818	206
4819	197
4820	195
4821	182
4822	207
4823	188
4824	204
4825	195
4826	216
4827	200
4828	177
4829	221
4830	200
4831	226
4832	199
4833	223
4834	198
4835	203
4836	220
4837	232
4838	226
4839	210
4840	221
4841	206
4842	194
4843	199
4844	239
4845	214
4846	237
4847	236
4848	202
4849	255
4850	216
4851	232
4852	268
4853	243
4854	236
4855	226
4856	230
4857	244
4858	238
4859	235
4860	250
4861	237
4862	246
4863	258
4864	254
4865	256
4866	244
4867	238
4868	272
4869	257
4870	261
4871	258
4872	257
4873	291
4874	255
4875	271
4876	301
4877	263
4878	255
4879	274
4880	265
4881	274
4882	245
4883	285
4884	269
4885	281
4886	272
4887	281
4888	308
4889	306
4890	284
4891	299
4892	292
4893	282
4894	272
4895	259
4896	296
4897	277
4898	302
4899	281
4900	300
4901	252
4902	316
4903	272
4904	293
4905	300
4906	305
4907	294
4908	308
4909	339
4910	339
4911	298
4912	335
4913	309
4914	318
4915	311
4916	306
4917	325
4918	318
4919	311
4920	301
4921	288
4922	309
4923	325
4924	333
4925	323
4926	316
4927	321
4928	328
4929	341
4930	324
4931	337
4932	322
4933	343
4934	344
4935	364
4936	319
4937	320
4938	308
4939	354
4940	351
4941	356
4942	354
4943	307
4944	334
4945	331
4946	327
4947	360
4948	353
4949	328
4950	379
4951	360
4952	341
4953	352
4954	370
4955	359
4956	377
4957	366
4958	386
4959	382
4960	346
4961	365
4962	364
4963	364
4964	373
4965	368
4966	361
4967	397
4968	375
4969	378
4970	368
4971	349
4972	404
4973	373
4974	354
4975	398
4976	399
4977	367
4978	384
4979	399
4980	390
4981	405
4982	405
4983	373
4984	382
4985	396
4986	393
4987	349
4988	404
4989	391
4990	375
4991	412
4992	389
4993	404
4994	393
4995	399
4996	378
4997	399
4998	463
4999	405
5000	381
5001	404
5002	381
5003	398
5004	366
5005	418
5006	413
5007	407
5008	437
5009	437
5010	407
5011	408
5012	436
5013	422
5014	430
5015	404
5016	391
5017	413
5018	440
5019	429
5020	426
5021	387
5022	379
5023	424
5024	408
5025	462
5026	413
5027	413
5028	424
5029	412
5030	389
5031	418
5032	411
5033	445
5034	421
5035	420
5036	436
5037	433
5038	410
5039	436
5040	387
5041	453
5042	449
5043	415
5044	413
5045	474
5046	444
5047	416
5048	430
5049	401
5050	472
5051	405
5052	457
5053	453
5054	408
5055	438
5056	450
5057	434
5058	412
5059	436
5060	425
5061	436
5062	464
5063	450
5064	443
5065	451
5066	411
5067	414
5068	438
5069	419
5070	448
5071	445
5072	464
5073	433
5074	470
5075	443
5076	425
5077	452
5078	457
5079	392
5080	421
5081	451
5082	472
5083	421
5084	445
5085	457
5086	467
5087	450
5088	427
5089	454
5090	422
5091	438
5092	431
5093	394
5094	443
5095	460
5096	387
5097	433
5098	436
5099	456
5100	414
5101	419
5102	426
5103	435
5104	446
5105	443
5106	442
5107	421
5108	448
5109	434
5110	415
5111	472
5112	439
5113	438
5114	438
5115	422
5116	463
5117	445
5118	457
5119	431
5120	428
5121	459
5122	455
5123	410
5124	424
5125	448
5126	396
5127	448
5128	452
5129	432
5130	410
5131	439
5132	405
5133	428
5134	421
5135	404
5136	413
5137	452
5138	451
5139	431
5140	425
5141	430
5142	455
5143	407
5144	452
5145	454
5146	421
5147	442
5148	417
5149	419
5150	424
5151	436
5152	434
5153	446
5154	468
5155	405
5156	427
5157	422
5158	417
5159	361
5160	340
5161	411
5162	391
5163	402
5164	430
5165	399
5166	435
5167	424
5168	392
5169	433
5170	450
5171	447
5172	392
5173	414
5174	380
5175	407
5176	371
5177	381
5178	415
5179	404
5180	439
5181	385
5182	397
5183	357
5184	413
5185	385
5186	401
5187	380
5188	382
5189	391
5190	376
5191	404
5192	370
5193	394
5194	354
5195	379
5196	366
5197	359
5198	379
5199	345
5200	405
5201	390
5202	385
5203	400
5204	373
5205	406
5206	372
5207	385
5208	348
5209	362
5210	359
5211	398
5212	393
5213	378
5214	355
5215	376
5216	358
5217	359
5218	378
5219	358
5220	356
5221	381
5222	343
5223	336
5224	361
5225	370
5226	345
5227	360
5228	361
5229	345
5230	347
5231	385
5232	335
5233	370
5234	365
5235	364
5236	325
5237	352
5238	353
5239	339
5240	314
5241	338
5242	355
5243	342
5244	368
5245	336
5246	340
5247	338
5248	328
5249	355
5250	355
5251	320
5252	341
5253	338
5254	345
5255	329
5256	334
5257	301
5258	325
5259	306
5260	312
5261	313
5262	295
5263	327
5264	319
5265	333
5266	336
5267	369
5268	333
5269	325
5270	340
5271	311
5272	305
5273	315
5274	310
5275	303
5276	307
5277	320
5278	310
5279	326
5280	286
5281	316
5282	322
5283	300
5284	296
5285	292
5286	296
5287	283
5288	294
5289	283
5290	285
5291	300
5292	300
5293	280
5294	271
5295	279
5296	298
5297	303
5298	295
5299	277
5300	285
5301	291
5302	264
5303	286
5304	282
5305	295
5306	275
5307	299
5308	292
5309	244
5310	248
5311	291
5312	244
5313	268
5314	266
5315	280
5316	273
5317	286
5318	277
5319	245
5320	266
5321	275
5322	261
5323	250
5324	267
5325	277
5326	262
5327	259
5328	266
5329	284
5330	227
5331	269
5332	255
5333	273
5334	248
5335	247
5336	229
5337	237
5338	255
5339	242
5340	244
5341	216
5342	251
5343	251
5344	270
5345	247
5346	249
5347	262
5348	242
5349	259
5350	244
5351	241
5352	238
5353	254
5354	243
5355	242
5356	234
5357	244
5358	249
5359	224
5360	223
5361	242
5362	227
5363	238
5364	224
5365	268
5366	231
5367	233
5368	244
5369	226
5370	207
5371	242
5372	241
5373	248
5374	209
5375	220
5376	221
5377	218
5378	223
5379	238
5380	257
5381	245
5382	238
5383	209
5384	221
5385	207
5386	231
5387	246
5388	228
5389	214
5390	239
5391	222
5392	236
5393	259
5394	220
5395	197
5396	220
5397	196
5398	206
5399	240
5400	192
5401	224
5402	207
5403	208
5404	209
5405	225
5406	216
5407	195
5408	202
5409	220
5410	222
5411	189
5412	199
5413	210
5414	204
5415	214
5416	204
5417	194
5418	223
5419	210
5420	238
5421	202
5422	222
5423	207
5424	194
5425	217
5426	193
5427	187
5428	225
5429	213
5430	212
5431	221
5432	192
5433	184
5434	209
5435	203
5436	207
5437	212
5438	218
5439	213
5440	209
5441	181
5442	199
5443	203
5444	177
5445	214
5446	214
5447	182
5448	224
5449	192
5450	185
5451	189
5452	188
5453	204
5454	194
5455	199
5456	195
5457	204
5458	193
5459	185
5460	204
5461	171
5462	191
5463	188
5464	227
5465	172
5466	220
5467	209
5468	205
5469	186
5470	192
5471	183
5472	178
5473	196
5474	197
5475	216
5476	190
5477	209
5478	187
5479	207
5480	190
5481	206
5482	194
5483	203
5484	207
5485	202
5486	181
5487	196
5488	200
5489	197
5490	193
5491	195
5492	199
5493	205
5494	180
5495	205
5496	207
5497	188
5498	184
5499	153
5500	196
5501	180
5502	178
5503	179
5504	193
5505	191
5506	205
5507	170
5508	182
5509	194
5510	186
5511	185
5512	208
5513	195
5514	163
5515	188
5516	187
5517	196
5518	176
5519	215
5520	190
5521	196
5522	192
5523	170
5524	184
5525	216
5526	201
5527	192
5528	193
5529	175
5530	175
5531	195
5532	177
5533	211
5534	166
5535	204
5536	166
5537	187
5538	207
5539	186
5540	179
5541	200
5542	208
5543	189
5544	180
5545	176
5546	189
5547	177
5548	171
5549	171
5550	169
5551	180
5552	185
5553	156
5554	183
5555	193
5556	174
5557	195
5558	187
5559	199
5560	187
5561	207
5562	174
5563	189
5564	202
5565	178
5566	185
5567	208
5568	183
5569	182
5570	170
5571	160
5572	171
5573	175
5574	173
5575	191
5576	193
5577	190
5578	182
5579	181
5580	174
5581	139
5582	156
5583	181
5584	186
5585	175
5586	175
5587	204
5588	193
5589	194
5590	181
5591	187
5592	174
5593	193
5594	169
5595	172
5596	191
5597	178
5598	182
5599	170
5600	172
5601	155
5602	181
5603	172
5604	186
5605	172
5606	181
5607	172
5608	203
5609	180
5610	200
5611	198
5612	169
5613	189
5614	193
5615	204
5616	190
5617	171
5618	175
5619	198
5620	152
5621	174
5622	157
5623	191
5624	167
5625	182
5626	187
5627	180
5628	185
5629	194
5630	177
5631	155
5632	181
5633	164
5634	155
5635	174
5636	186
5637	181
5638	181
5639	177
5640	177
5641	169
5642	173
5643	159
5644	183
5645	165
5646	188
5647	160
5648	167
5649	173
5650	157
5651	171
5652	156
5653	170
5654	155
5655	159
5656	161
5657	159
5658	166
5659	168
5660	163
5661	172
5662	164
5663	175
5664	181
5665	173
5666	176
5667	142
5668	166
5669	142
5670	148
5671	171
5672	174
5673	157
5674	164
5675	159
5676	158
5677	156
5678	139
5679	161
5680	158
5681	153
5682	158
5683	154
5684	140
5685	148
5686	125
5687	160
5688	140
5689	139
5690	159
5691	136
5692	140
5693	143
5694	170
5695	140
5696	154
5697	170
5698	154
5699	169
5700	145
5701	141
5702	140
5703	156
5704	136
5705	151
5706	131
5707	161
5708	144
5709	145
5710	147
5711	138
5712	139
5713	154
5714	143
5715	165
5716	121
5717	131
5718	133
5719	163
5720	149
5721	123
5722	136
5723	139
5724	133
5725	154
5726	121
5727	103
5728	149
5729	132
5730	116
5731	133
5732	110
5733	130
5734	124
5735	127
5736	136
5737	127
5738	127
5739	121
5740	121
5741	118
5742	136
5743	117
5744	119
5745	126
5746	132
5747	141
5748	110
5749	125
5750	120
5751	125
5752	116
5753	124
5754	105
5755	114
5756	124
5757	131
5758	128
5759	124
5760	106
5761	114
5762	127
5763	111
5764	92
5765	114
5766	113
5767	110
5768	112
5769	108
5770	112
5771	107
5772	109
5773	96
5774	106
5775	114
5776	122
5777	103
5778	104
5779	118
5780	98
5781	125
5782	115
5783	110
5784	121
5785	95
5786	101
5787	100
5788	106
5789	103
5790	96
5791	79
5792	111
5793	99
5794	120
5795	107
5796	96
5797	107
5798	93
5799	94
5800	94
5801	106
5802	110
5803	100
5804	81
5805	103
5806	83
5807	102
5808	98
5809	95
5810	83
5811	96
5812	94
5813	86
5814	95
5815	91
5816	85
5817	94
5818	89
5819	86
5820	90
5821	107
5822	80
5823	90
5824	70
5825	94
5826	81
5827	77
5828	95
5829	104
5830	81
5831	84
5832	85
5833	75
5834	97
5835	92
5836	85
5837	92
5838	77
5839	61
5840	96
5841	75
5842	75
5843	85
5844	112
5845	73
5846	82
5847	101
5848	95
5849	72
5850	85
5851	72
5852	77
5853	82
5854	74
5855	79
5856	76
5857	83
5858	71
5859	96
5860	88
5861	59
5862	80
5863	71
5864	69
5865	73
5866	82
5867	78
5868	66
5869	94
5870	67
5871	84
5872	84
5873	65
5874	68
5875	81
5876	64
5877	62
5878	73
5879	80
5880	68
5881	50
5882	65
5883	66
5884	68
5885	74
5886	61
5887	58
5888	65
5889	62
5890	59
5891	80
5892	80
5893	80
5894	78
5895	65
5896	64
5897	65
5898	63
5899	68
5900	67
5901	64
5902	54
5903	66
5904	71
5905	60
5906	67
5907	71
5908	73
5909	57
5910	58
5911	53
5912	55
5913	74
5914	53
5915	70
5916	64
5917	59
5918	74
5919	55
5920	50
5921	47
5922	67
5923	56
5924	60
5925	65
5926	60
5927	63
5928	62
5929	57
5930	52
5931	62
5932	62
5933	66
5934	52
5935	52
5936	40
5937	61
5938	56
5939	58
5940	72
5941	60
5942	42
5943	57
5944	50
5945	45
5946	58
5947	62
5948	49
5949	59
5950	62
5951	51
5952	61
5953	51
5954	42
5955	50
5956	55
5957	57
5958	53
5959	61
5960	39
5961	55
5962	47
5963	49
5964	67
5965	62
5966	39
5967	43
5968	54
5969	51
5970	47
5971	60
5972	53
5973	48
5974	52
5975	35
5976	56
5977	58
5978	52
5979	60
5980	55
5981	42
5982	48
5983	44
5984	48
5985	47
5986	52
5987	51
5988	45
5989	45
5990	48
5991	55
5992	50
5993	45
5994	57
5995	43
5996	51
5997	35
5998	49
5999	40
6000	42
6001	47
6002	49
6003	43
6004	41
6005	50
6006	49
6007	45
6008	58
6009	63
6010	44
6011	42
6012	40
6013	59
6014	44
6015	55
6016	62
6017	42
6018	50
6019	44
6020	49
6021	52
6022	39
6023	46
6024	56
6025	51
6026	42
6027	60
6028	55
6029	45
6030	43
6031	40
6032	38
6033	46
6034	45
6035	41
6036	42
6037	48
6038	44
6039	55
6040	48
6041	49
6042	48
6043	48
6044	53
6045	49
6046	53
6047	49
6048	43
6049	52
6050	43
6051	42
6052	52
6053	50
6054	43
6055	34
6056	50
6057	52
6058	41
6059	62
6060	41
6061	42
6062	50
6063	53
6064	50
6065	35
6066	39
6067	51
6068	52
6069	45
6070	42
6071	45
6072	42
6073	51
6074	47
6075	38
6076	43
6077	45
6078	39
6079	44
6080	44
6081	36
6082	51
6083	48
6084	47
6085	44
6086	46
6087	52
6088	50
6089	52
6090	38
6091	48
6092	59
6093	56
6094	42
6095	47
6096	40
6097	57
6098	56
6099	53
6100	48
6101	55
6102	57
6103	35
6104	37
6105	46
6106	43
6107	52
6108	45
6109	43
6110	42
6111	53
6112	55
6113	36
6114	38
6115	31
6116	48
6117	41
6118	43
6119	51
6120	55
6121	58
6122	44
6123	35
6124	43
6125	60
6126	40
6127	58
6128	58
6129	59
6130	52
6131	59
6132	36
6133	52
6134	46
6135	45
6136	60
6137	60
6138	43
6139	41
6140	57
6141	45
6142	21
6143	43
6144	50
6145	51
6146	44
6147	43
6148	42
6149	44
6150	52
6151	46
6152	42
6153	41
6154	54
6155	44
6156	58
6157	45
6158	49
6159	48
6160	51
6161	45
6162	43
6163	48
6164	56
6165	56
6166	47
6167	49
6168	48
6169	53
6170	61
6171	45
6172	52
6173	53
6174	57
6175	58
6176	58
6177	56
6178	47
6179	54
6180	50
6181	44
6182	53
6183	52
6184	56
6185	52
6186	50
6187	57
6188	49
6189	47
6190	52
6191	54
6192	43
6193	52
6194	42
6195	60
6196	53
6197	36
6198	52
6199	51
6200	58
6201	46
6202	43
6203	57
6204	48
6205	60
6206	41
6207	46
6208	59
6209	56
6210	52
6211	54
6212	56
6213	43
6214	55
6215	51
6216	45
6217	51
6218	44
6219	53
6220	40
6221	45
6222	48
6223	58
6224	58
6225	64
6226	43
6227	50
6228	53
6229	67
6230	51
6231	53
6232	57
6233	55
6234	56
6235	52
6236	66
6237	41
6238	49
6239	53
6240	50
6241	60
6242	41
6243	50
6244	51
6245	56
6246	59
6247	59
6248	55
6249	53
6250	51
6251	43
6252	58
6253	51
6254	51
6255	60
6256	45
6257	46
6258	54
6259	49
6260	49
6261	59
6262	51
6263	54
6264	59
6265	42
6266	44
6267	50
6268	41
6269	47
6270	50
6271	61
6272	41
6273	57
6274	58
6275	57
6276	62
6277	62
6278	52
6279	53
6280	51
6281	43
6282	51
6283	59
6284	53
6285	49
6286	56
6287	62
6288	55
6289	50
6290	51
6291	64
6292	49
6293	55
6294	74
6295	50
6296	66
6297	54
6298	53
6299	53
6300	57
6301	54
6302	69
6303	65
6304	55
6305	61
6306	65
6307	49
6308	48
6309	57
6310	57
6311	51
6312	49
6313	55
6314	56
6315	56
6316	47
6317	56
6318	52
6319	66
6320	56
6321	48
6322	70
6323	48
6324	52
6325	52
6326	49
6327	57
6328	53
6329	59
6330	59
6331	61
6332	52
6333	63
6334	55
6335	45
6336	65
6337	75
6338	64
6339	60
6340	62
6341	62
6342	78
6343	48
6344	69
6345	59
6346	40
6347	62
6348	54
6349	56
6350	55
6351	65
6352	57
6353	65
6354	58
6355	38
6356	55
6357	53
6358	56
6359	54
6360	52
6361	57
6362	46
6363	57
6364	65
6365	54
6366	57
6367	50
6368	48
6369	52
6370	65
6371	75
6372	56
6373	66
6374	62
6375	66
6376	56
6377	57
6378	62
6379	39
6380	51
6381	64
6382	48
6383	54
6384	56
6385	58
6386	56
6387	64
6388	51
6389	51
6390	57
6391	52
6392	55
6393	53
6394	54
6395	57
6396	54
6397	49
6398	53
6399	61
6400	53
6401	70
6402	55
6403	59
6404	51
6405	60
6406	55
6407	43
6408	49
6409	64
6410	39
6411	56
6412	48
6413	54
6414	54
6415	49
6416	60
6417	55
6418	46
6419	42
6420	58
6421	41
6422	51
6423	42
6424	52
6425	52
6426	54
6427	52
6428	57
6429	56
6430	63
6431	48
6432	60
6433	59
6434	53
6435	51
6436	56
6437	54
6438	64
6439	52
6440	58
6441	46
6442	45
6443	62
6444	51
6445	52
6446	39
6447	56
6448	49
6449	56
6450	55
6451	56
6452	48
6453	47
6454	69
6455	48
6456	57
6457	46
6458	45
6459	45
6460	55
6461	52
6462	36
6463	52
6464	57
6465	46
6466	39
6467	46
6468	39
6469	43
6470	56
6471	48
6472	49
6473	48
6474	62
6475	38
6476	52
6477	49
6478	50
6479	59
6480	49
6481	43
6482	43
6483	54
6484	54
6485	45
6486	52
6487	52
6488	51
6489	42
6490	45
6491	51
6492	52
6493	46
6494	35
6495	42
6496	38
6497	43
6498	54
6499	43
6500	55
6501	38
6502	51
6503	24
6504	45
6505	40
6506	38
6507	37
6508	43
6509	35
6510	35
6511	45
6512	50
6513	40
6514	42
6515	34
6516	37
6517	44
6518	44
6519	37
6520	50
6521	35
6522	39
6523	40
6524	46
6525	56
6526	45
6527	36
6528	53
6529	48
6530	31
6531	50
6532	45
6533	39
6534	36
6535	33
6536	47
6537	49
6538	36
6539	33
6540	45
6541	39
6542	41
6543	46
6544	39
6545	36
6546	25
6547	38
6548	41
6549	36
6550	36
6551	50
6552	35
6553	41
6554	44
6555	31
6556	32
6557	40
6558	31
6559	25
6560	26
6561	25
6562	29
6563	45
6564	33
6565	37
6566	36
6567	37
6568	33
6569	39
6570	25
6571	28
6572	30
6573	36
6574	33
6575	32
6576	26
6577	25
6578	35
6579	40
6580	36
6581	34
6582	32
6583	28
6584	32
6585	36
6586	30
6587	34
6588	37
6589	33
6590	26
6591	26
6592	28
6593	33
6594	28
6595	40
6596	26
6597	22
6598	29
6599	31
6600	34
6601	30
6602	30
6603	31
6604	20
6605	28
6606	24
6607	23
6608	24
6609	19
6610	24
6611	31
6612	24
6613	16
6614	23
6615	23
6616	37
6617	22
6618	30
6619	26
6620	22
6621	30
6622	29
6623	28
6624	30
6625	26
6626	19
6627	22
6628	23
6629	22
6630	20
6631	22
6632	15
6633	19
6634	25
6635	26
6636	27
6637	14
6638	25
6639	28
6640	18
6641	23
6642	24
6643	22
6644	23
6645	32
6646	31
6647	24
6648	20
6649	27
6650	20
6651	20
6652	18
6653	20
6654	28
6655	24
6656	16
6657	27
6658	22
6659	17
6660	15
6661	26
6662	18
6663	22
6664	23
6665	20
6666	25
6667	34
6668	19
6669	33
6670	29
6671	30
6672	18
6673	20
6674	31
6675	26
6676	20
6677	25
6678	18
6679	15
6680	24
6681	18
6682	12
6683	16
6684	27
6685	17
6686	17
6687	22
6688	21
6689	15
6690	18
6691	20
6692	18
6693	26
6694	18
6695	17
6696	17
6697	15
6698	18
6699	21
6700	16
6701	15
6702	18
6703	16
6704	19
6705	17
6706	20
6707	14
6708	21
6709	15
6710	17
6711	12
6712	20
6713	17
6714	14
6715	11
6716	20
6717	18
6718	27
6719	20
6720	13
6721	16
6722	21
6723	22
6724	25
6725	17
6726	19
6727	10
6728	9
6729	17
6730	15
6731	11
6732	16
6733	10
6734	15
6735	14
6736	13
6737	13
6738	18
6739	20
6740	17
6741	19
6742	12
6743	10
6744	10
6745	18
6746	14
6747	14
6748	16
6749	14
6750	15
6751	16
6752	12
6753	26
6754	23
6755	13
6756	13
6757	18
6758	11
6759	5
6760	17
6761	11
6762	17
6763	18
6764	12
6765	21
6766	17
6767	12
6768	15
6769	10
6770	8
6771	17
6772	11
6773	10
6774	15
6775	12
6776	18
6777	12
6778	7
6779	13
6780	10
6781	9
6782	16
6783	13
6784	12
6785	11
6786	17
6787	8
6788	11
6789	9
6790	8
6791	15
6792	10
6793	8
6794	8
6795	13
6796	19
6797	8
6798	13
6799	12
6800	9
6801	17
6802	13
6803	15
6804	8
6805	11
6806	9
6807	14
6808	11
6809	12
6810	19
6811	12
6812	6
6813	11
6814	14
6815	14
6816	10
6817	10
6818	9
6819	10
6820	6
6821	10
6822	14
6823	18
6824	14
6825	8
6826	8
6827	8
6828	10
6829	12
6830	13
6831	10
6832	18
6833	14
6834	14
6835	4
6836	13
6837	8
6838	11
6839	10
6840	8
6841	7
6842	7
6843	15
6844	10
6845	10
6846	10
6847	12
6848	11
6849	10
6850	8
6851	6
6852	11
6853	8
6854	11
6855	13
6856	8
6857	8
6858	9
6859	11
6860	11
6861	11
6862	15
6863	9
6864	9
6865	8
6866	16
6867	7
6868	8
6869	5
6870	14
6871	11
6872	5
6873	9
6874	8
6875	14
6876	9
6877	15
6878	8
6879	15
6880	10
6881	4
6882	10
6883	8
6884	13
6885	10
6886	8
6887	13
6888	8
6889	14
6890	8
6891	11
6892	15
6893	13
6894	5
6895	10
6896	11
6897	10
6898	12
6899	12
6900	9
6901	11
6902	11
6903	12
6904	6
6905	11
6906	9
6907	8
6908	4
6909	10
6910	9
6911	7
6912	4
6913	9
6914	10
6915	5
6916	10
6917	8
6918	3
6919	10
6920	15
6921	5
6922	7
6923	7
6924	11
6925	5
6926	8
6927	13
6928	8
6929	14
6930	12
6931	9
6932	10
6933	9
6934	10
6935	15
6936	7
6937	10
6938	10
6939	6
6940	8
6941	12
6942	7
6943	12
6944	9
6945	10
6946	5
6947	8
6948	8
6949	7
6950	13
6951	7
6952	7
6953	15
6954	14
6955	8
6956	10
6957	8
6958	9
6959	12
6960	4
6961	15
6962	4
6963	5
6964	7
6965	11
6966	9
6967	7
6968	9
6969	9
6970	6
6971	13
6972	10
6973	9
6974	9
6975	10
6976	7
6977	14
6978	7
6979	10
6980	9
6981	3
6982	8
6983	4
6984	12
6985	15
6986	8
6987	14
6988	8
6989	10
6990	10
6991	7
6992	10
6993	5
6994	7
6995	11
6996	6
6997	12
6998	5
6999	8
7000	10
7001	11
7002	9
7003	8
7004	4
7005	9
7006	8
7007	9
7008	5
7009	9
7010	15
7011	4
7012	7
7013	8
7014	9
7015	5
7016	8
7017	7
7018	11
7019	4
7020	6
7021	7
7022	9
7023	10
7024	5
7025	8
7026	8
7027	8
7028	10
7029	2
7030	5
7031	4
7032	9
7033	9
7034	9
7035	3
7036	3
7037	6
7038	7
7039	6
7040	5
7041	10
7042	3
7043	3
7044	14
7045	3
7046	6
7047	4
7048	5
7049	8
7050	6
7051	4
7052	5
7053	9
7054	9
7055	12
7056	6
7057	8
7058	10
7059	7
7060	7
7061	6
7062	6
7063	8
7064	4
7065	6
7066	6
7067	5
7068	5
7069	1
7070	5
7071	2
7072	5
7073	3
7074	13
7075	6
7076	8
7077	3
7078	3
7079	10
7080	3
7081	5
7082	9
7083	3
7084	4
7085	7
7086	2
7087	6
7088	6
7089	4
7090	6
7091	6
7092	5
7093	1
7094	2
7095	4
7096	7
7097	3
7098	0
7099	4
7100	5
7101	8
7102	7
7103	6
7104	9
7105	8
7106	1
7107	10
7108	5
7109	9
7110	9
7111	6
7112	7
7113	6
7114	0
7115	2
7116	6
7117	5
7118	5
7119	11
7120	5
7121	3
7122	11
7123	2
7124	6
7125	5
7126	1
7127	7
7128	3
7129	3
7130	12
7131	9
7132	4
7133	4
7134	4
7135	2
7136	4
7137	5
7138	5
7139	4
7140	5
7141	5
7142	6
7143	7
7144	9
7145	5
7146	5
7147	3
7148	4
7149	3
7150	5
7151	8
7152	5
7153	7
7154	4
7155	2
7156	6
7157	5
7158	8
7159	5
7160	4
7161	2
7162	3
7163	8
7164	6
7165	4
7166	3
7167	3
7168	4
7169	8
7170	5
7171	5
7172	2
7173	1
7174	2
7175	2
7176	3
7177	5
7178	2
7179	9
7180	4
7181	2
7182	2
7183	0
7184	9
7185	4
7186	4
7187	3
7188	4
7189	5
7190	4
7191	6
7192	0
7193	4
7194	5
7195	4
7196	6
7197	4
7198	4
7199	2
7200	1
7201	4
7202	4
7203	7
7204	8
7205	2
7206	1
7207	8
7208	5
7209	3
7210	4
7211	4
7212	4
7213	3
7214	3
7215	7
7216	2
7217	2
7218	6
7219	5
7220	5
7221	1
7222	1
7223	1
7224	1
7225	4
7226	3
7227	3
7228	5
7229	2
7230	7
7231	4
7232	3
7233	4
7234	6
7235	2
7236	3
7237	4
7238	3
7239	5
7240	3
7241	3
7242	5
7243	7
7244	0
7245	3
7246	5
7247	4
7248	2
7249	2
7250	6
7251	3
7252	7
7253	2
7254	1
7255	6
7256	3
7257	3
7258	0
7259	2
7260	2
7261	3
7262	6
7263	5
7264	5
7265	0
7266	4
7267	2
7268	2
7269	1
7270	4
7271	5
7272	2
7273	3
7274	3
7275	3
7276	8
7277	3
7278	5
7279	1
7280	3
7281	6
7282	3
7283	1
7284	7
7285	2
7286	4
7287	3
7288	1
7289	1
7290	1
7291	1
7292	5
7293	3
7294	2
7295	3
7296	2
7297	4
7298	4
7299	4
7300	3
7301	3
7302	1
7303	4
7304	2
7305	1
7306	0
7307	3
7308	6
7309	1
7310	3
7311	4
7312	1
7313	5
7314	3
7315	2
7316	2
7317	3
7318	4
7319	5
7320	0
7321	4
7322	3
7323	4
7324	2
7325	2
7326	2
7327	3
7328	1
7329	1
7330	6
7331	4
7332	3
7333	1
7334	1
7335	1
7336	4
7337	3
7338	4
7339	5
7340	2
7341	2
7342	2
7343	2
7344	5
7345	1
7346	3
7347	4
7348	3
7349	0
7350	4
7351	5
7352	3
7353	2
7354	2
7355	3
7356	5
7357	1
7358	3
7359	3
7360	3
7361	3
7362	4
7363	6
7364	2
7365	2
7366	2
7367	4
7368	1
7369	3
7370	0
7371	1
7372	3
7373	0
7374	1
7375	1
7376	1
7377	2
7378	0
7379	2
7380	1
7381	0
7382	3
7383	5
7384	3
7385	1
7386	4
7387	4
7388	2
7389	2
7390	1
7391	5
7392	1
7393	3
7394	2
7395	3
7396	2
7397	3
7398	2
7399	1
7400	4
7401	3
7402	4
7403	1
7404	2
7405	3
7406	2
7407	3
7408	1
7409	2
7410	2
7411	4
7412	1
7413	2
7414	2
7415	1
7416	1
7417	1
7418	2
7419	0
7420	0
7421	1
7422	0
7423	3
7424	1
7425	3
7426	2
7427	3
7428	2
7429	2
7430	2
7431	2
7432	3
7433	4
7434	0
7435	1
7436	2
7437	3
7438	2
7439	0
7440	1
7441	4
7442	1
7443	3
7444	2
7445	1
7446	1
7447	1
7448	1
7449	0
7450	5
7451	1
7452	2
7453	0
7454	4
7455	0
7456	1
7457	0
7458	1
7459	3
7460	0
7461	3
7462	2
7463	2
7464	0
7465	3
7466	4
7467	1
7468	2
7469	1
7470	1
7471	2
7472	4
7473	1
7474	2
7475	3
7476	0
7477	2
7478	1
7479	2
7480	2
7481	0
7482	1
7483	1
7484	0
7485	2
7486	2
7487	2
7488	2
7489	4
7490	4
7491	2
7492	4
7493	0
7494	3
7495	2
7496	2
7497	0
7498	2
7499	1
7500	1
7501	1
7502	1
7503	0
7504	2
7505	0
7506	0
7507	0
7508	2
7509	1
7510	3
7511	4
7512	4
7513	4
7514	1
7515	3
7516	4
7517	3
7518	3
7519	0
7520	1
7521	2
7522	2
7523	2
7524	1
7525	3
7526	0
7527	6
7528	2
7529	3
7530	1
7531	4
7532	1
7533	1
7534	4
7535	2
7536	0
7537	2
7538	3
7539	2
7540	0
7541	1
7542	2
7543	3
7544	0
7545	1
7546	3
7547	0
7548	2
7549	2
7550	1
7551	1
7552	3
7553	3
7554	0
7555	2
7556	0
7557	3
7558	1
7559	2
7560	2
7561	2
7562	3
7563	4
7564	0
7565	6
7566	4
7567	1
7568	1
7569	0
7570	0
7571	2
7572	1
7573	1
7574	1
7575	3
7576	2
7577	3
7578	3
7579	0
7580	3
7581	2
7582	2
7583	0
7584	2
7585	2
7586	2
7587	4
7588	2
7589	1
7590	3
7591	1
7592	0
7593	3
7594	0
7595	0
7596	1
7597	2
7598	1
7599	2
7600	1
7601	1
7602	2
7603	2
7604	2
7605	2
7606	2
7607	2
7608	0
7609	0
7610	0
7611	2
7612	0
7613	1
7614	1
7615	1
7616	3
7617	4
7618	0
7619	3
7620	2
7621	2
7622	2
7623	0
7624	2
7625	3
7626	4
7627	2
7628	3
7629	1
7630	1
7631	1
7632	2
7633	3
7634	1
7635	1
7636	2
7637	1
7638	0
7639	1
7640	0
7641	2
7642	1
7643	2
7644	2
7645	0
7646	0
7647	3
7648	2
7649	4
7650	1
7651	3
7652	0
7653	1
7654	1
7655	2
7656	4
7657	2
7658	1
7659	1
7660	1
7661	2
7662	1
7663	1
7664	4
7665	3
7666	2
7667	1
7668	0
7669	2
7670	0
7671	1
7672	0
7673	4
7674	1
7675	1
7676	4
7677	3
7678	1
7679	2
7680	1
7681	0
7682	0
7683	5
7684	4
7685	1
7686	2
7687	2
7688	2
7689	3
7690	0
7691	0
7692	1
7693	1
7694	0
7695	2
7696	5
7697	2
7698	4
7699	3
7700	1
7701	0
7702	0
7703	2
7704	1
7705	0
7706	1
7707	0
7708	4
7709	0
7710	0
7711	2
7712	0
7713	0
7714	1
7715	1
7716	1
7717	1
7718	1
7719	3
7720	2
7721	3
7722	1
7723	2
7724	1
7725	0
7726	1
7727	1
7728	1
7729	1
7730	0
7731	2
7732	1
7733	1
7734	3
7735	2
7736	2
7737	0
7738	3
7739	0
7740	0
7741	2
7742	3
7743	3
7744	0
7745	0
7746	1
7747	1
7748	2
7749	2
7750	2
7751	0
7752	0
7753	2
7754	3
7755	1
7756	2
7757	0
7758	1
7759	1
7760	1
7761	0
7762	1
7763	1
7764	1
7765	0
7766	1
7767	2
7768	0
7769	1
7770	1
7771	2
7772	3
7773	3
7774	2
7775	2
7776	4
7777	3
7778	1
7779	2
7780	2
7781	1
7782	0
7783	1
7784	1
7785	1
7786	1
7787	1
7788	0
7789	0
7790	2
7791	2
7792	1
7793	1
7794	1
7795	1
7796	2
7797	1
7798	3
7799	0
7800	5
7801	1
7802	0
7803	2
7804	1
7805	0
7806	2
7807	1
7808	2
7809	5
7810	2
7811	1
7812	1
7813	1
7814	0
7815	1
7816	1
7817	2
7818	1
7819	4
7820	1
7821	3
7822	2
7823	3
7824	2
7825	1
7826	2
7827	1
7828	0
7829	1
7830	2
7831	1
7832	1
7833	2
7834	2
7835	0
7836	2
7837	1
7838	3
7839	1
7840	2
7841	2
7842	1
7843	0
7844	0
7845	0
7846	0
7847	0
7848	1
7849	0
7850	0
7851	0
7852	1
7853	1
7854	0
7855	0
7856	0
7857	0
7858	1
7859	1
7860	2
7861	1
7862	1
7863	1
7864	0
7865	1
7866	1
7867	1
7868	2
7869	3
7870	2
7871	0
7872	2
7873	1
7874	1
7875	0
7876	1
7877	2
7878	1
7879	2
7880	0
7881	0
7882	1
7883	0
7884	0
7885	1
7886	3
7887	1
7888	0
7889	0
7890	2
7891	1
7892	2
7893	0
7894	0
7895	5
7896	2
7897	1
7898	2
7899	2
7900	1
7901	0
7902	3
7903	0
7904	4
7905	1
7906	1
7907	1
7908	2
7909	4
7910	0
7911	3
7912	3
7913	0
7914	0
7915	2
7916	1
7917	1
7918	2
7919	2
7920	1
7921	0
7922	0
7923	2
7924	2
7925	2
7926	3
7927	1
7928	1
7929	1
7930	4
7931	1
7932	1
7933	0
7934	1
7935	2
7936	0
7937	1
7938	2
7939	0
7940	2
7941	1
7942	2
7943	0
7944	0
7945	0
7946	1
7947	2
7948	2
7949	1
7950	0
7951	0
7952	1
7953	1
7954	0
7955	0
7956	1
7957	0
7958	3
7959	3
7960	2
7961	1
7962	1
7963	1
7964	1
7965	1
7966	0
7967	1
7968	1
7969	2
7970	2
7971	1
7972	2
7973	5
7974	0
7975	1
7976	2
7977	1
7978	1
7979	1
7980	1
7981	3
7982	0
7983	0
7984	1
7985	2
7986	0
7987	0
7988	1
7989	0
7990	4
7991	1
7992	1
7993	1
7994	2
7995	1
7996	0
7997	1
7998	1
7999	0
8000	2
8001	1
8002	1
8003	1
8004	0
8005	0
8006	0
8007	2
8008	0
8009	0
8010	2
8011	1
8012	1
8013	1
8014	2
8015	1
8016	3
8017	3
8018	2
8019	2
8020	1
8021	2
8022	2
8023	1
8024	2
8025	1
8026	1
8027	3
8028	0
8029	3
8030	2
8031	1
8032	4
8033	0
8034	0
8035	1
8036	1
8037	2
8038	0
8039	2
8040	1
8041	1
8042	2
8043	4
8044	1
8045	1
8046	3
8047	1
8048	3
8049	0
8050	2
8051	3
8052	5
8053	2
8054	0
8055	3
8056	2
8057	2
8058	2
8059	1
8060	3
8061	1
8062	3
8063	2
8064	1
8065	3
8066	2
8067	0
8068	1
8069	0
8070	0
8071	3
8072	1
8073	0
8074	1
8075	1
8076	1
8077	1
8078	1
8079	1
8080	0
8081	2
8082	2
8083	4
8084	0
8085	1
8086	3
8087	3
8088	2
8089	2
8090	0
8091	0
8092	1
8093	1
8094	4
8095	1
8096	0
8097	2
8098	1
8099	2
8100	1
8101	0
8102	0
8103	1
8104	0
8105	5
8106	1
8107	1
8108	2
8109	1
8110	1
8111	2
8112	3
8113	1
8114	0
8115	1
8116	0
8117	1
8118	1
8119	2
8120	0
8121	0
8122	1
8123	0
8124	0
8125	0
8126	0
8127	1
8128	0
8129	0
8130	0
8131	2
8132	0
8133	0
8134	0
8135	0
8136	1
8137	2
8138	0
8139	0
8140	0
8141	0
8142	0
8143	0
8144	1
8145	0
8146	1
8147	0
8148	0
8149	0
8150	0
8151	0
8152	0
8153	0
8154	0
8155	0
8156	0
8157	0
8158	0
8159	0
8160	0
8161	0
8162	0
8163	0
8164	0
8165	0
8166	0
8167	0
8168	0
8169	0
8170	0
8171	0
8172	0
8173	0
8174	0
8175	0
8176	0
8177	0
8178	0
8179	0
8180	0
8181	0
8182	0
8183	0
8184	0
8185	0
8186	0
8187	0
8188	0
8189	0
8190	0
8191	0
