0	0
1	0
2	0
3	0
4	0
5	0
6	0
7	0
8	0
9	0
10	0
11	0
12	0
13	0
14	0
15	0
16	0
17	0
18	0
19	0
20	0
21	0
22	0
23	0
24	0
25	0
26	0
27	0
28	0
29	0
30	0
31	0
32	0
33	0
34	0
35	0
36	0
37	0
38	0
39	0
40	0
41	0
42	0
43	0
44	0
45	0
46	0
47	0
48	0
49	0
50	0
51	0
52	0
53	0
54	0
55	0
56	0
57	0
58	0
59	0
60	0
61	0
62	0
63	0
64	0
65	0
66	0
67	1
68	1
69	0
70	1
71	1
72	0
73	0
74	0
75	0
76	0
77	0
78	1
79	0
80	0
81	1
82	0
83	0
84	1
85	0
86	0
87	0
88	0
89	0
90	2
91	0
92	1
93	2
94	1
95	0
96	0
97	0
98	0
99	0
100	0
101	2
102	0
103	0
104	0
105	0
106	1
107	0
108	0
109	1
110	0
111	1
112	1
113	1
114	1
115	1
116	1
117	0
118	0
119	1
120	2
121	3
122	1
123	1
124	0
125	0
126	0
127	1
128	0
129	0
130	0
131	1
132	1
133	0
134	1
135	1
136	1
137	2
138	0
139	0
140	1
141	0
142	1
143	1
144	0
145	1
146	2
147	2
148	0
149	0
150	3
151	0
152	1
153	2
154	2
155	0
156	1
157	1
158	1
159	1
160	1
161	1
162	0
163	1
164	1
165	2
166	2
167	1
168	4
169	1
170	1
171	2
172	2
173	0
174	2
175	0
176	3
177	0
178	1
179	3
180	1
181	3
182	2
183	3
184	6
185	3
186	2
187	5
188	2
189	6
190	3
191	2
192	3
193	9
194	7
195	2
196	2
197	5
198	6
199	7
200	6
201	7
202	5
203	10
204	8
205	8
206	5
207	5
208	9
209	8
210	5
211	10
212	3
213	13
214	10
215	10
216	8
217	11
218	10
219	11
220	16
221	13
222	17
223	16
224	16
225	18
226	11
227	16
228	27
229	16
230	15
231	14
232	21
233	28
234	26
235	16
236	25
237	22
238	33
239	33
240	25
241	20
242	31
243	36
244	31
245	32
246	30
247	35
248	51
249	34
250	42
251	38
252	46
253	47
254	46
255	54
256	55
257	50
258	53
259	51
260	56
261	54
262	72
263	65
264	73
265	54
266	71
267	77
268	71
269	78
270	84
271	91
272	92
273	103
274	77
275	115
276	141
277	103
278	131
279	145
280	125
281	158
282	152
283	164
284	178
285	189
286	177
287	222
288	220
289	218
290	219
291	236
292	279
293	251
294	265
295	325
296	324
297	320
298	367
299	371
300	415
301	425
302	483
303	484
304	499
305	502
306	549
307	585
308	606
309	624
310	639
311	716
312	721
313	784
314	774
315	863
316	848
317	878
318	895
319	1007
320	1067
321	1064
322	1154
323	1149
324	1186
325	1320
326	1260
327	1334
328	1338
329	1407
330	1411
331	1396
332	1515
333	1530
334	1616
335	1598
336	1614
337	1640
338	1701
339	1752
340	1751
341	1772
342	1779
343	1758
344	1839
345	1855
346	1939
347	1907
348	1893
349	1853
350	1926
351	1886
352	2020
353	1862
354	1943
355	1845
356	1922
357	1838
358	2009
359	1946
360	1866
361	1918
362	1776
363	1862
364	1833
365	1881
366	1756
367	1762
368	1721
369	1791
370	1642
371	1636
372	1665
373	1506
374	1584
375	1510
376	1457
377	1480
378	1485
379	1492
380	1334
381	1363
382	1375
383	1238
384	1246
385	1209
386	1199
387	1165
388	1231
389	1128
390	1212
391	1140
392	1116
393	1016
394	1034
395	987
396	1055
397	966
398	946
399	925
400	939
401	924
402	891
403	842
404	823
405	851
406	766
407	795
408	784
409	754
410	788
411	748
412	753
413	739
414	637
415	661
416	670
417	652
418	653
419	693
420	620
421	641
422	573
423	598
424	563
425	547
426	517
427	490
428	512
429	543
430	489
431	479
432	444
433	468
434	407
435	429
436	404
437	369
438	401
439	381
440	372
441	363
442	339
443	347
444	305
445	334
446	298
447	288
448	248
449	292
450	283
451	252
452	242
453	264
454	222
455	211
456	226
457	172
458	216
459	194
460	168
461	194
462	169
463	151
464	149
465	159
466	151
467	147
468	131
469	152
470	125
471	130
472	106
473	132
474	111
475	123
476	92
477	109
478	120
479	100
480	110
481	83
482	79
483	110
484	81
485	103
486	86
487	101
488	99
489	101
490	88
491	90
492	82
493	82
494	68
495	64
496	97
497	81
498	84
499	72
500	86
501	89
502	72
503	100
504	96
505	98
506	79
507	98
508	94
509	89
510	88
511	77
512	66
513	87
514	79
515	67
516	82
517	71
518	75
519	81
520	74
521	82
522	86
523	82
524	87
525	97
526	84
527	85
528	88
529	91
530	96
531	87
532	95
533	97
534	105
535	105
536	99
537	86
538	82
539	90
540	94
541	90
542	95
543	95
544	89
545	108
546	97
547	97
548	92
549	106
550	91
551	110
552	101
553	109
554	92
555	96
556	98
557	119
558	104
559	101
560	104
561	102
562	116
563	125
564	112
565	120
566	121
567	121
568	98
569	115
570	136
571	124
572	142
573	109
574	124
575	128
576	140
577	129
578	135
579	128
580	120
581	126
582	128
583	142
584	130
585	135
586	154
587	120
588	143
589	142
590	120
591	164
592	128
593	147
594	166
595	146
596	148
597	163
598	162
599	138
600	161
601	148
602	159
603	168
604	165
605	144
606	155
607	148
608	158
609	154
610	155
611	152
612	168
613	177
614	154
615	175
616	179
617	165
618	173
619	172
620	172
621	164
622	167
623	176
624	175
625	176
626	185
627	173
628	173
629	182
630	199
631	181
632	180
633	165
634	175
635	185
636	164
637	189
638	189
639	192
640	205
641	172
642	165
643	196
644	189
645	190
646	208
647	188
648	189
649	183
650	208
651	209
652	196
653	186
654	198
655	218
656	199
657	185
658	206
659	191
660	153
661	175
662	189
663	201
664	205
665	187
666	226
667	223
668	202
669	207
670	209
671	180
672	179
673	196
674	192
675	211
676	205
677	215
678	192
679	184
680	196
681	180
682	210
683	190
684	158
685	186
686	212
687	192
688	222
689	210
690	195
691	194
692	194
693	165
694	191
695	188
696	183
697	189
698	182
699	183
700	186
701	187
702	190
703	196
704	210
705	183
706	178
707	160
708	187
709	160
710	174
711	197
712	179
713	158
714	213
715	172
716	189
717	158
718	190
719	177
720	166
721	167
722	174
723	188
724	174
725	175
726	174
727	192
728	158
729	168
730	171
731	178
732	162
733	158
734	193
735	213
736	173
737	160
738	192
739	148
740	181
741	174
742	147
743	206
744	171
745	177
746	201
747	208
748	179
749	205
750	195
751	182
752	205
753	209
754	214
755	213
756	207
757	188
758	218
759	209
760	208
761	230
762	200
763	194
764	207
765	214
766	245
767	233
768	222
769	235
770	245
771	255
772	262
773	238
774	240
775	252
776	257
777	245
778	288
779	266
780	242
781	264
782	255
783	269
784	290
785	271
786	300
787	275
788	273
789	288
790	331
791	309
792	286
793	250
794	299
795	307
796	316
797	296
798	331
799	290
800	351
801	300
802	335
803	299
804	327
805	296
806	339
807	341
808	367
809	334
810	310
811	333
812	307
813	291
814	347
815	318
816	309
817	342
818	332
819	342
820	330
821	343
822	355
823	351
824	334
825	330
826	365
827	302
828	353
829	320
830	324
831	322
832	341
833	344
834	347
835	324
836	342
837	329
838	351
839	314
840	330
841	334
842	336
843	337
844	302
845	300
846	313
847	303
848	278
849	317
850	297
851	315
852	324
853	308
854	293
855	278
856	307
857	285
858	300
859	295
860	297
861	294
862	277
863	282
864	246
865	286
866	239
867	234
868	277
869	260
870	273
871	296
872	241
873	225
874	265
875	252
876	285
877	245
878	249
879	251
880	234
881	234
882	242
883	232
884	225
885	249
886	215
887	224
888	209
889	201
890	211
891	223
892	231
893	207
894	208
895	191
896	221
897	259
898	219
899	195
900	227
901	182
902	211
903	197
904	200
905	201
906	206
907	191
908	180
909	200
910	204
911	188
912	192
913	193
914	197
915	198
916	187
917	182
918	192
919	186
920	176
921	158
922	189
923	173
924	196
925	163
926	181
927	186
928	183
929	195
930	192
931	181
932	167
933	208
934	183
935	190
936	177
937	203
938	174
939	177
940	192
941	189
942	190
943	219
944	187
945	191
946	208
947	204
948	203
949	197
950	189
951	196
952	196
953	210
954	199
955	202
956	232
957	241
958	246
959	210
960	224
961	249
962	230
963	266
964	232
965	241
966	281
967	252
968	242
969	274
970	266
971	272
972	269
973	292
974	271
975	284
976	262
977	261
978	310
979	327
980	327
981	280
982	318
983	347
984	332
985	358
986	329
987	377
988	326
989	331
990	342
991	361
992	363
993	361
994	383
995	413
996	375
997	410
998	421
999	405
1000	427
1001	440
1002	490
1003	439
1004	488
1005	509
1006	459
1007	469
1008	465
1009	521
1010	524
1011	523
1012	577
1013	548
1014	568
1015	560
1016	586
1017	625
1018	584
1019	610
1020	608
1021	667
1022	626
1023	600
1024	716
1025	665
1026	703
1027	723
1028	717
1029	752
1030	781
1031	744
1032	763
1033	767
1034	719
1035	776
1036	750
1037	808
1038	855
1039	794
1040	866
1041	856
1042	860
1043	939
1044	932
1045	939
1046	937
1047	898
1048	1001
1049	1015
1050	982
1051	1002
1052	980
1053	1052
1054	1090
1055	1050
1056	1070
1057	1117
1058	1070
1059	1093
1060	1074
1061	1122
1062	1098
1063	1129
1064	1136
1065	1128
1066	1133
1067	1118
1068	1123
1069	1150
1070	1203
1071	1162
1072	1220
1073	1165
1074	1159
1075	1179
1076	1246
1077	1238
1078	1266
1079	1164
1080	1247
1081	1198
1082	1224
1083	1190
1084	1263
1085	1255
1086	1181
1087	1253
1088	1208
1089	1178
1090	1229
1091	1193
1092	1192
1093	1166
1094	1151
1095	1125
1096	1172
1097	1134
1098	1080
1099	1151
1100	1098
1101	1148
1102	1097
1103	1079
1104	1063
1105	1164
1106	1082
1107	1115
1108	981
1109	1060
1110	1001
1111	1009
1112	1068
1113	1055
1114	977
1115	937
1116	976
1117	997
1118	949
1119	969
1120	888
1121	921
1122	874
1123	842
1124	882
1125	852
1126	839
1127	831
1128	866
1129	773
1130	768
1131	783
1132	758
1133	758
1134	725
1135	748
1136	699
1137	687
1138	668
1139	632
1140	600
1141	607
1142	622
1143	588
1144	591
1145	534
1146	539
1147	547
1148	506
1149	538
1150	491
1151	437
1152	486
1153	453
1154	430
1155	436
1156	444
1157	396
1158	402
1159	379
1160	376
1161	358
1162	364
1163	355
1164	349
1165	319
1166	314
1167	364
1168	315
1169	334
1170	308
1171	277
1172	259
1173	249
1174	240
1175	266
1176	258
1177	242
1178	227
1179	207
1180	213
1181	200
1182	215
1183	203
1184	210
1185	163
1186	199
1187	181
1188	172
1189	188
1190	126
1191	173
1192	175
1193	139
1194	155
1195	146
1196	147
1197	138
1198	142
1199	129
1200	154
1201	112
1202	119
1203	108
1204	123
1205	101
1206	110
1207	110
1208	123
1209	113
1210	109
1211	115
1212	106
1213	101
1214	92
1215	91
1216	89
1217	102
1218	109
1219	88
1220	96
1221	79
1222	81
1223	83
1224	97
1225	109
1226	98
1227	85
1228	79
1229	88
1230	83
1231	94
1232	86
1233	85
1234	73
1235	70
1236	84
1237	76
1238	74
1239	94
1240	62
1241	81
1242	75
1243	80
1244	62
1245	95
1246	81
1247	55
1248	67
1249	71
1250	91
1251	74
1252	60
1253	82
1254	88
1255	82
1256	69
1257	82
1258	79
1259	84
1260	68
1261	64
1262	66
1263	69
1264	69
1265	75
1266	68
1267	60
1268	62
1269	80
1270	62
1271	79
1272	71
1273	72
1274	61
1275	70
1276	69
1277	71
1278	70
1279	58
1280	67
1281	56
1282	60
1283	69
1284	80
1285	70
1286	64
1287	71
1288	77
1289	70
1290	71
1291	82
1292	66
1293	68
1294	71
1295	78
1296	84
1297	66
1298	61
1299	76
1300	71
1301	88
1302	59
1303	77
1304	61
1305	73
1306	65
1307	59
1308	88
1309	66
1310	71
1311	82
1312	66
1313	60
1314	76
1315	66
1316	79
1317	84
1318	57
1319	73
1320	81
1321	73
1322	67
1323	69
1324	86
1325	67
1326	74
1327	74
1328	76
1329	80
1330	71
1331	75
1332	72
1333	79
1334	60
1335	78
1336	65
1337	57
1338	81
1339	79
1340	67
1341	66
1342	66
1343	69
1344	47
1345	58
1346	67
1347	76
1348	73
1349	72
1350	75
1351	70
1352	67
1353	75
1354	72
1355	67
1356	68
1357	69
1358	73
1359	82
1360	80
1361	80
1362	77
1363	87
1364	72
1365	70
1366	64
1367	84
1368	75
1369	69
1370	77
1371	89
1372	74
1373	68
1374	93
1375	83
1376	87
1377	61
1378	74
1379	69
1380	75
1381	80
1382	76
1383	82
1384	78
1385	78
1386	83
1387	83
1388	89
1389	74
1390	79
1391	83
1392	74
1393	68
1394	69
1395	72
1396	81
1397	93
1398	78
1399	76
1400	83
1401	94
1402	75
1403	79
1404	65
1405	80
1406	95
1407	85
1408	75
1409	60
1410	82
1411	72
1412	91
1413	67
1414	96
1415	80
1416	87
1417	83
1418	83
1419	86
1420	83
1421	112
1422	91
1423	91
1424	76
1425	83
1426	110
1427	84
1428	83
1429	92
1430	91
1431	102
1432	98
1433	76
1434	91
1435	83
1436	98
1437	99
1438	104
1439	98
1440	88
1441	110
1442	98
1443	101
1444	90
1445	117
1446	90
1447	86
1448	113
1449	93
1450	107
1451	120
1452	103
1453	111
1454	108
1455	119
1456	96
1457	120
1458	117
1459	107
1460	112
1461	121
1462	94
1463	116
1464	123
1465	118
1466	101
1467	105
1468	133
1469	128
1470	123
1471	130
1472	141
1473	115
1474	121
1475	115
1476	121
1477	146
1478	134
1479	98
1480	127
1481	129
1482	127
1483	115
1484	135
1485	156
1486	145
1487	110
1488	136
1489	129
1490	112
1491	135
1492	117
1493	128
1494	128
1495	132
1496	127
1497	153
1498	151
1499	132
1500	144
1501	166
1502	157
1503	188
1504	169
1505	169
1506	159
1507	158
1508	144
1509	171
1510	149
1511	164
1512	162
1513	155
1514	169
1515	165
1516	154
1517	139
1518	160
1519	201
1520	165
1521	164
1522	176
1523	160
1524	189
1525	180
1526	177
1527	162
1528	176
1529	185
1530	167
1531	193
1532	194
1533	196
1534	181
1535	189
1536	181
1537	184
1538	167
1539	164
1540	188
1541	183
1542	175
1543	193
1544	181
1545	206
1546	177
1547	208
1548	210
1549	195
1550	199
1551	169
1552	193
1553	198
1554	214
1555	219
1556	206
1557	185
1558	189
1559	184
1560	187
1561	182
1562	183
1563	191
1564	184
1565	173
1566	205
1567	214
1568	202
1569	195
1570	226
1571	194
1572	200
1573	181
1574	176
1575	167
1576	172
1577	207
1578	205
1579	194
1580	194
1581	189
1582	192
1583	186
1584	174
1585	166
1586	180
1587	178
1588	182
1589	174
1590	165
1591	187
1592	177
1593	180
1594	183
1595	162
1596	158
1597	201
1598	171
1599	183
1600	181
1601	174
1602	166
1603	144
1604	179
1605	162
1606	170
1607	140
1608	150
1609	158
1610	175
1611	144
1612	174
1613	159
1614	147
1615	139
1616	151
1617	169
1618	147
1619	135
1620	145
1621	159
1622	160
1623	133
1624	140
1625	142
1626	152
1627	131
1628	136
1629	131
1630	145
1631	114
1632	119
1633	119
1634	128
1635	124
1636	122
1637	108
1638	117
1639	146
1640	119
1641	115
1642	116
1643	113
1644	99
1645	96
1646	107
1647	110
1648	101
1649	110
1650	100
1651	96
1652	108
1653	119
1654	92
1655	94
1656	89
1657	87
1658	84
1659	106
1660	91
1661	88
1662	111
1663	91
1664	84
1665	101
1666	91
1667	87
1668	84
1669	101
1670	93
1671	74
1672	83
1673	98
1674	77
1675	98
1676	87
1677	85
1678	83
1679	69
1680	71
1681	81
1682	66
1683	74
1684	79
1685	73
1686	72
1687	73
1688	85
1689	61
1690	70
1691	68
1692	75
1693	60
1694	84
1695	74
1696	70
1697	75
1698	75
1699	83
1700	77
1701	81
1702	73
1703	76
1704	61
1705	69
1706	73
1707	61
1708	60
1709	56
1710	75
1711	62
1712	67
1713	69
1714	66
1715	68
1716	66
1717	58
1718	83
1719	70
1720	62
1721	61
1722	69
1723	77
1724	64
1725	82
1726	68
1727	60
1728	54
1729	61
1730	60
1731	55
1732	68
1733	67
1734	56
1735	57
1736	71
1737	67
1738	65
1739	67
1740	64
1741	72
1742	62
1743	60
1744	66
1745	58
1746	68
1747	66
1748	56
1749	64
1750	69
1751	82
1752	64
1753	72
1754	66
1755	61
1756	55
1757	60
1758	63
1759	63
1760	62
1761	70
1762	59
1763	84
1764	76
1765	59
1766	57
1767	65
1768	66
1769	64
1770	61
1771	54
1772	59
1773	71
1774	50
1775	64
1776	71
1777	57
1778	72
1779	63
1780	57
1781	70
1782	65
1783	61
1784	79
1785	80
1786	64
1787	51
1788	75
1789	72
1790	78
1791	68
1792	68
1793	60
1794	75
1795	67
1796	59
1797	64
1798	74
1799	63
1800	72
1801	65
1802	70
1803	64
1804	69
1805	64
1806	66
1807	57
1808	72
1809	74
1810	78
1811	54
1812	65
1813	78
1814	73
1815	60
1816	68
1817	67
1818	69
1819	59
1820	70
1821	58
1822	76
1823	53
1824	74
1825	42
1826	83
1827	65
1828	66
1829	59
1830	67
1831	69
1832	79
1833	62
1834	76
1835	65
1836	78
1837	66
1838	77
1839	63
1840	57
1841	59
1842	74
1843	61
1844	72
1845	75
1846	63
1847	82
1848	67
1849	66
1850	60
1851	79
1852	66
1853	74
1854	73
1855	73
1856	66
1857	73
1858	71
1859	63
1860	84
1861	71
1862	73
1863	83
1864	58
1865	63
1866	66
1867	72
1868	70
1869	65
1870	78
1871	75
1872	77
1873	71
1874	75
1875	70
1876	71
1877	77
1878	86
1879	85
1880	69
1881	69
1882	75
1883	69
1884	87
1885	85
1886	84
1887	69
1888	61
1889	84
1890	93
1891	69
1892	82
1893	85
1894	93
1895	83
1896	83
1897	79
1898	79
1899	77
1900	80
1901	83
1902	84
1903	75
1904	77
1905	70
1906	82
1907	93
1908	72
1909	80
1910	78
1911	75
1912	71
1913	71
1914	84
1915	79
1916	79
1917	85
1918	85
1919	107
1920	64
1921	88
1922	83
1923	67
1924	85
1925	83
1926	96
1927	68
1928	93
1929	89
1930	84
1931	79
1932	65
1933	85
1934	93
1935	81
1936	80
1937	84
1938	82
1939	79
1940	93
1941	73
1942	100
1943	79
1944	86
1945	83
1946	69
1947	83
1948	97
1949	82
1950	93
1951	80
1952	91
1953	101
1954	82
1955	87
1956	85
1957	96
1958	68
1959	93
1960	82
1961	88
1962	82
1963	96
1964	95
1965	95
1966	108
1967	85
1968	92
1969	85
1970	80
1971	83
1972	87
1973	83
1974	101
1975	77
1976	98
1977	90
1978	80
1979	78
1980	98
1981	96
1982	91
1983	97
1984	84
1985	78
1986	89
1987	97
1988	89
1989	91
1990	81
1991	113
1992	86
1993	86
1994	85
1995	97
1996	97
1997	96
1998	85
1999	96
2000	75
2001	86
2002	83
2003	116
2004	93
2005	87
2006	85
2007	94
2008	76
2009	100
2010	67
2011	89
2012	104
2013	95
2014	86
2015	89
2016	96
2017	79
2018	85
2019	86
2020	105
2021	97
2022	96
2023	105
2024	81
2025	89
2026	114
2027	91
2028	100
2029	90
2030	88
2031	86
2032	98
2033	101
2034	87
2035	103
2036	80
2037	84
2038	94
2039	82
2040	102
2041	96
2042	80
2043	86
2044	97
2045	89
2046	107
2047	99
2048	100
2049	109
2050	96
2051	85
2052	98
2053	107
2054	105
2055	101
2056	99
2057	89
2058	99
2059	93
2060	87
2061	87
2062	104
2063	104
2064	93
2065	102
2066	87
2067	91
2068	105
2069	115
2070	91
2071	95
2072	117
2073	94
2074	102
2075	111
2076	84
2077	103
2078	92
2079	109
2080	101
2081	107
2082	105
2083	105
2084	81
2085	100
2086	113
2087	114
2088	93
2089	104
2090	103
2091	92
2092	120
2093	101
2094	101
2095	121
2096	83
2097	103
2098	110
2099	99
2100	95
2101	104
2102	97
2103	109
2104	100
2105	102
2106	98
2107	92
2108	110
2109	99
2110	109
2111	99
2112	100
2113	102
2114	108
2115	95
2116	93
2117	110
2118	102
2119	102
2120	97
2121	105
2122	106
2123	87
2124	94
2125	101
2126	93
2127	102
2128	99
2129	97
2130	103
2131	93
2132	103
2133	94
2134	112
2135	98
2136	87
2137	87
2138	83
2139	91
2140	95
2141	90
2142	92
2143	92
2144	101
2145	102
2146	93
2147	91
2148	89
2149	84
2150	81
2151	94
2152	86
2153	99
2154	90
2155	97
2156	90
2157	103
2158	93
2159	80
2160	97
2161	97
2162	90
2163	95
2164	96
2165	103
2166	103
2167	95
2168	89
2169	88
2170	111
2171	103
2172	99
2173	88
2174	79
2175	95
2176	88
2177	108
2178	101
2179	83
2180	90
2181	85
2182	91
2183	82
2184	82
2185	94
2186	82
2187	94
2188	83
2189	105
2190	100
2191	92
2192	104
2193	81
2194	91
2195	99
2196	91
2197	102
2198	101
2199	89
2200	91
2201	83
2202	92
2203	93
2204	94
2205	116
2206	79
2207	93
2208	78
2209	92
2210	96
2211	85
2212	94
2213	78
2214	93
2215	74
2216	89
2217	98
2218	85
2219	87
2220	84
2221	94
2222	88
2223	81
2224	94
2225	84
2226	111
2227	91
2228	90
2229	90
2230	96
2231	98
2232	88
2233	64
2234	96
2235	88
2236	90
2237	80
2238	108
2239	80
2240	96
2241	94
2242	109
2243	93
2244	70
2245	96
2246	87
2247	74
2248	79
2249	83
2250	86
2251	84
2252	73
2253	84
2254	77
2255	82
2256	78
2257	78
2258	83
2259	77
2260	78
2261	67
2262	95
2263	97
2264	92
2265	81
2266	87
2267	97
2268	72
2269	84
2270	72
2271	84
2272	71
2273	101
2274	94
2275	94
2276	78
2277	80
2278	89
2279	70
2280	80
2281	76
2282	83
2283	96
2284	76
2285	88
2286	91
2287	78
2288	84
2289	75
2290	76
2291	78
2292	88
2293	77
2294	84
2295	62
2296	71
2297	69
2298	82
2299	63
2300	83
2301	63
2302	107
2303	70
2304	76
2305	84
2306	85
2307	79
2308	90
2309	82
2310	94
2311	75
2312	71
2313	86
2314	86
2315	84
2316	67
2317	78
2318	83
2319	68
2320	89
2321	74
2322	66
2323	87
2324	76
2325	75
2326	81
2327	73
2328	83
2329	79
2330	80
2331	77
2332	79
2333	56
2334	88
2335	43
2336	71
2337	69
2338	75
2339	85
2340	53
2341	71
2342	78
2343	70
2344	62
2345	79
2346	84
2347	78
2348	72
2349	74
2350	69
2351	76
2352	62
2353	84
2354	78
2355	60
2356	71
2357	84
2358	73
2359	69
2360	63
2361	72
2362	76
2363	70
2364	69
2365	58
2366	72
2367	70
2368	74
2369	57
2370	65
2371	62
2372	59
2373	77
2374	56
2375	77
2376	77
2377	82
2378	63
2379	66
2380	63
2381	75
2382	67
2383	69
2384	63
2385	60
2386	56
2387	75
2388	70
2389	69
2390	80
2391	72
2392	64
2393	57
2394	76
2395	75
2396	65
2397	67
2398	75
2399	58
2400	60
2401	73
2402	70
2403	76
2404	71
2405	81
2406	68
2407	58
2408	79
2409	73
2410	60
2411	86
2412	65
2413	64
2414	59
2415	70
2416	71
2417	69
2418	71
2419	78
2420	67
2421	62
2422	75
2423	65
2424	58
2425	61
2426	71
2427	71
2428	63
2429	60
2430	62
2431	65
2432	64
2433	56
2434	76
2435	50
2436	72
2437	73
2438	67
2439	61
2440	68
2441	62
2442	72
2443	74
2444	52
2445	81
2446	58
2447	61
2448	78
2449	64
2450	68
2451	57
2452	53
2453	71
2454	84
2455	58
2456	72
2457	59
2458	68
2459	62
2460	65
2461	57
2462	55
2463	58
2464	74
2465	72
2466	56
2467	62
2468	62
2469	61
2470	57
2471	63
2472	59
2473	72
2474	65
2475	68
2476	54
2477	61
2478	61
2479	57
2480	50
2481	71
2482	69
2483	73
2484	64
2485	59
2486	66
2487	69
2488	70
2489	47
2490	53
2491	68
2492	61
2493	79
2494	64
2495	65
2496	54
2497	60
2498	70
2499	63
2500	67
2501	63
2502	59
2503	65
2504	58
2505	51
2506	72
2507	66
2508	56
2509	56
2510	74
2511	49
2512	65
2513	48
2514	57
2515	59
2516	68
2517	76
2518	63
2519	62
2520	51
2521	62
2522	78
2523	66
2524	71
2525	71
2526	68
2527	65
2528	61
2529	56
2530	70
2531	66
2532	57
2533	60
2534	59
2535	59
2536	72
2537	52
2538	61
2539	70
2540	54
2541	56
2542	55
2543	59
2544	54
2545	70
2546	56
2547	62
2548	54
2549	59
2550	60
2551	57
2552	65
2553	50
2554	64
2555	60
2556	61
2557	62
2558	51
2559	51
2560	57
2561	72
2562	55
2563	63
2564	62
2565	65
2566	65
2567	72
2568	58
2569	53
2570	55
2571	53
2572	62
2573	65
2574	59
2575	53
2576	65
2577	57
2578	69
2579	64
2580	62
2581	51
2582	69
2583	63
2584	48
2585	76
2586	76
2587	54
2588	52
2589	63
2590	58
2591	57
2592	31
2593	66
2594	62
2595	58
2596	58
2597	68
2598	64
2599	50
2600	54
2601	59
2602	48
2603	54
2604	53
2605	51
2606	51
2607	57
2608	58
2609	49
2610	57
2611	46
2612	71
2613	48
2614	61
2615	65
2616	56
2617	61
2618	59
2619	54
2620	58
2621	51
2622	54
2623	56
2624	47
2625	60
2626	61
2627	65
2628	39
2629	47
2630	52
2631	41
2632	57
2633	52
2634	62
2635	43
2636	68
2637	48
2638	58
2639	65
2640	46
2641	65
2642	44
2643	43
2644	39
2645	47
2646	54
2647	57
2648	48
2649	68
2650	55
2651	45
2652	34
2653	49
2654	46
2655	57
2656	45
2657	49
2658	58
2659	64
2660	61
2661	38
2662	52
2663	49
2664	52
2665	55
2666	49
2667	49
2668	55
2669	51
2670	54
2671	54
2672	51
2673	55
2674	48
2675	64
2676	54
2677	52
2678	56
2679	49
2680	36
2681	45
2682	59
2683	42
2684	34
2685	47
2686	63
2687	47
2688	55
2689	32
2690	52
2691	55
2692	60
2693	45
2694	46
2695	61
2696	59
2697	52
2698	55
2699	49
2700	38
2701	54
2702	43
2703	51
2704	44
2705	48
2706	45
2707	50
2708	51
2709	44
2710	53
2711	48
2712	55
2713	48
2714	40
2715	48
2716	42
2717	49
2718	56
2719	41
2720	58
2721	42
2722	49
2723	52
2724	39
2725	56
2726	50
2727	47
2728	37
2729	40
2730	44
2731	31
2732	41
2733	32
2734	43
2735	39
2736	49
2737	38
2738	42
2739	43
2740	46
2741	42
2742	36
2743	38
2744	46
2745	35
2746	45
2747	45
2748	46
2749	32
2750	40
2751	46
2752	26
2753	40
2754	50
2755	26
2756	48
2757	39
2758	45
2759	35
2760	40
2761	39
2762	45
2763	43
2764	50
2765	37
2766	47
2767	36
2768	51
2769	49
2770	37
2771	42
2772	37
2773	41
2774	41
2775	49
2776	34
2777	38
2778	26
2779	46
2780	40
2781	46
2782	26
2783	38
2784	38
2785	38
2786	42
2787	28
2788	44
2789	47
2790	34
2791	29
2792	43
2793	43
2794	51
2795	47
2796	46
2797	43
2798	46
2799	44
2800	33
2801	42
2802	47
2803	44
2804	37
2805	41
2806	34
2807	43
2808	33
2809	37
2810	52
2811	37
2812	39
2813	35
2814	38
2815	37
2816	37
2817	38
2818	43
2819	43
2820	39
2821	38
2822	44
2823	45
2824	41
2825	36
2826	48
2827	36
2828	30
2829	38
2830	35
2831	39
2832	34
2833	39
2834	37
2835	42
2836	42
2837	32
2838	45
2839	38
2840	33
2841	31
2842	31
2843	32
2844	26
2845	34
2846	43
2847	38
2848	29
2849	45
2850	44
2851	36
2852	36
2853	39
2854	45
2855	36
2856	36
2857	39
2858	55
2859	40
2860	39
2861	44
2862	47
2863	36
2864	40
2865	32
2866	40
2867	51
2868	32
2869	34
2870	32
2871	35
2872	36
2873	42
2874	34
2875	24
2876	26
2877	38
2878	47
2879	31
2880	45
2881	36
2882	31
2883	35
2884	41
2885	36
2886	32
2887	47
2888	36
2889	44
2890	41
2891	40
2892	37
2893	35
2894	46
2895	33
2896	36
2897	42
2898	37
2899	38
2900	23
2901	45
2902	38
2903	27
2904	43
2905	41
2906	33
2907	36
2908	45
2909	40
2910	30
2911	33
2912	29
2913	38
2914	38
2915	45
2916	50
2917	32
2918	30
2919	37
2920	36
2921	34
2922	35
2923	40
2924	44
2925	40
2926	36
2927	43
2928	34
2929	35
2930	27
2931	34
2932	39
2933	35
2934	41
2935	46
2936	36
2937	32
2938	32
2939	43
2940	43
2941	35
2942	45
2943	33
2944	41
2945	27
2946	30
2947	37
2948	35
2949	43
2950	36
2951	38
2952	40
2953	30
2954	39
2955	32
2956	43
2957	35
2958	34
2959	27
2960	39
2961	38
2962	37
2963	23
2964	36
2965	28
2966	30
2967	34
2968	34
2969	42
2970	34
2971	35
2972	41
2973	42
2974	31
2975	25
2976	33
2977	33
2978	32
2979	34
2980	25
2981	39
2982	31
2983	33
2984	22
2985	37
2986	40
2987	37
2988	34
2989	33
2990	37
2991	39
2992	23
2993	38
2994	29
2995	32
2996	37
2997	28
2998	38
2999	50
3000	40
3001	38
3002	28
3003	36
3004	34
3005	37
3006	30
3007	24
3008	32
3009	23
3010	27
3011	42
3012	32
3013	27
3014	50
3015	29
3016	27
3017	34
3018	38
3019	35
3020	48
3021	41
3022	43
3023	36
3024	41
3025	26
3026	43
3027	35
3028	40
3029	39
3030	39
3031	45
3032	24
3033	33
3034	35
3035	32
3036	28
3037	29
3038	27
3039	49
3040	35
3041	30
3042	38
3043	39
3044	23
3045	37
3046	32
3047	31
3048	40
3049	34
3050	25
3051	31
3052	38
3053	33
3054	37
3055	29
3056	34
3057	19
3058	31
3059	31
3060	41
3061	23
3062	41
3063	37
3064	29
3065	33
3066	32
3067	31
3068	32
3069	38
3070	34
3071	24
3072	32
3073	31
3074	31
3075	25
3076	39
3077	30
3078	41
3079	26
3080	36
3081	34
3082	32
3083	19
3084	34
3085	22
3086	22
3087	37
3088	33
3089	41
3090	37
3091	28
3092	35
3093	36
3094	35
3095	40
3096	34
3097	28
3098	27
3099	24
3100	30
3101	19
3102	24
3103	34
3104	34
3105	27
3106	25
3107	36
3108	32
3109	29
3110	32
3111	46
3112	21
3113	19
3114	31
3115	30
3116	28
3117	31
3118	25
3119	25
3120	24
3121	25
3122	33
3123	37
3124	24
3125	35
3126	25
3127	28
3128	35
3129	38
3130	36
3131	30
3132	34
3133	40
3134	34
3135	21
3136	20
3137	25
3138	36
3139	34
3140	25
3141	36
3142	21
3143	30
3144	39
3145	25
3146	25
3147	28
3148	31
3149	34
3150	28
3151	22
3152	35
3153	27
3154	26
3155	28
3156	34
3157	31
3158	30
3159	30
3160	28
3161	25
3162	28
3163	31
3164	27
3165	26
3166	34
3167	15
3168	29
3169	23
3170	24
3171	23
3172	26
3173	28
3174	34
3175	29
3176	36
3177	27
3178	35
3179	41
3180	29
3181	24
3182	30
3183	35
3184	29
3185	26
3186	33
3187	31
3188	23
3189	22
3190	30
3191	32
3192	19
3193	27
3194	29
3195	30
3196	34
3197	38
3198	24
3199	20
3200	32
3201	23
3202	35
3203	27
3204	25
3205	35
3206	16
3207	34
3208	21
3209	31
3210	28
3211	29
3212	23
3213	28
3214	30
3215	29
3216	30
3217	34
3218	22
3219	21
3220	20
3221	22
3222	21
3223	29
3224	25
3225	23
3226	31
3227	26
3228	30
3229	22
3230	24
3231	39
3232	22
3233	25
3234	20
3235	17
3236	26
3237	20
3238	26
3239	20
3240	28
3241	39
3242	33
3243	26
3244	33
3245	17
3246	22
3247	30
3248	30
3249	28
3250	21
3251	15
3252	22
3253	19
3254	29
3255	29
3256	25
3257	25
3258	20
3259	20
3260	30
3261	21
3262	26
3263	27
3264	19
3265	22
3266	25
3267	27
3268	22
3269	19
3270	31
3271	26
3272	32
3273	28
3274	27
3275	21
3276	28
3277	18
3278	17
3279	13
3280	18
3281	28
3282	29
3283	22
3284	15
3285	31
3286	33
3287	29
3288	27
3289	22
3290	16
3291	26
3292	29
3293	21
3294	23
3295	21
3296	25
3297	26
3298	21
3299	29
3300	29
3301	31
3302	18
3303	17
3304	14
3305	24
3306	34
3307	31
3308	26
3309	23
3310	14
3311	32
3312	20
3313	20
3314	19
3315	32
3316	16
3317	26
3318	27
3319	23
3320	23
3321	29
3322	22
3323	32
3324	15
3325	23
3326	28
3327	25
3328	23
3329	20
3330	24
3331	11
3332	22
3333	24
3334	23
3335	24
3336	19
3337	20
3338	31
3339	28
3340	34
3341	26
3342	27
3343	26
3344	25
3345	25
3346	17
3347	30
3348	19
3349	20
3350	31
3351	24
3352	32
3353	29
3354	23
3355	37
3356	29
3357	27
3358	30
3359	23
3360	25
3361	26
3362	22
3363	31
3364	17
3365	29
3366	19
3367	21
3368	34
3369	17
3370	26
3371	28
3372	14
3373	25
3374	34
3375	21
3376	32
3377	21
3378	38
3379	21
3380	24
3381	35
3382	24
3383	21
3384	26
3385	27
3386	30
3387	29
3388	21
3389	14
3390	26
3391	24
3392	19
3393	20
3394	20
3395	22
3396	35
3397	22
3398	28
3399	23
3400	23
3401	14
3402	26
3403	31
3404	17
3405	30
3406	31
3407	24
3408	27
3409	19
3410	32
3411	23
3412	30
3413	25
3414	26
3415	27
3416	19
3417	27
3418	32
3419	21
3420	26
3421	19
3422	29
3423	27
3424	21
3425	24
3426	30
3427	31
3428	35
3429	23
3430	28
3431	36
3432	28
3433	21
3434	19
3435	26
3436	37
3437	35
3438	27
3439	15
3440	26
3441	35
3442	19
3443	25
3444	25
3445	29
3446	32
3447	27
3448	29
3449	25
3450	28
3451	36
3452	28
3453	25
3454	36
3455	27
3456	20
3457	34
3458	30
3459	28
3460	28
3461	34
3462	33
3463	22
3464	29
3465	29
3466	33
3467	29
3468	32
3469	34
3470	25
3471	26
3472	32
3473	44
3474	37
3475	28
3476	32
3477	31
3478	27
3479	44
3480	39
3481	34
3482	37
3483	33
3484	31
3485	39
3486	29
3487	27
3488	29
3489	47
3490	33
3491	27
3492	26
3493	40
3494	37
3495	33
3496	39
3497	37
3498	38
3499	21
3500	42
3501	37
3502	29
3503	41
3504	38
3505	26
3506	31
3507	29
3508	25
3509	23
3510	31
3511	24
3512	44
3513	29
3514	40
3515	49
3516	22
3517	39
3518	42
3519	48
3520	46
3521	41
3522	41
3523	39
3524	33
3525	39
3526	37
3527	31
3528	48
3529	43
3530	45
3531	42
3532	39
3533	37
3534	47
3535	24
3536	46
3537	46
3538	31
3539	40
3540	48
3541	39
3542	41
3543	45
3544	28
3545	42
3546	41
3547	44
3548	38
3549	45
3550	47
3551	54
3552	59
3553	42
3554	41
3555	49
3556	37
3557	41
3558	39
3559	45
3560	44
3561	51
3562	64
3563	37
3564	54
3565	54
3566	49
3567	45
3568	44
3569	38
3570	56
3571	44
3572	50
3573	46
3574	47
3575	45
3576	47
3577	54
3578	41
3579	54
3580	49
3581	44
3582	56
3583	51
3584	46
3585	47
3586	58
3587	59
3588	63
3589	46
3590	52
3591	45
3592	43
3593	48
3594	49
3595	45
3596	33
3597	57
3598	46
3599	52
3600	50
3601	51
3602	57
3603	53
3604	65
3605	64
3606	51
3607	51
3608	55
3609	52
3610	44
3611	55
3612	69
3613	52
3614	68
3615	50
3616	42
3617	60
3618	48
3619	57
3620	57
3621	56
3622	49
3623	52
3624	60
3625	53
3626	59
3627	50
3628	43
3629	52
3630	50
3631	57
3632	63
3633	57
3634	49
3635	53
3636	58
3637	61
3638	69
3639	69
3640	56
3641	60
3642	48
3643	53
3644	68
3645	62
3646	67
3647	55
3648	57
3649	51
3650	50
3651	68
3652	55
3653	71
3654	57
3655	56
3656	60
3657	78
3658	60
3659	71
3660	57
3661	66
3662	50
3663	76
3664	60
3665	59
3666	57
3667	66
3668	72
3669	58
3670	60
3671	66
3672	59
3673	59
3674	64
3675	71
3676	61
3677	61
3678	60
3679	57
3680	58
3681	71
3682	68
3683	69
3684	58
3685	80
3686	66
3687	53
3688	63
3689	66
3690	64
3691	67
3692	50
3693	67
3694	64
3695	62
3696	79
3697	73
3698	56
3699	62
3700	90
3701	71
3702	68
3703	77
3704	86
3705	66
3706	62
3707	60
3708	74
3709	66
3710	74
3711	61
3712	61
3713	59
3714	62
3715	64
3716	73
3717	55
3718	72
3719	58
3720	65
3721	55
3722	71
3723	53
3724	69
3725	80
3726	65
3727	76
3728	62
3729	59
3730	70
3731	66
3732	74
3733	66
3734	64
3735	66
3736	54
3737	52
3738	79
3739	69
3740	72
3741	64
3742	79
3743	59
3744	63
3745	58
3746	61
3747	70
3748	64
3749	69
3750	73
3751	72
3752	70
3753	70
3754	59
3755	78
3756	67
3757	79
3758	58
3759	74
3760	70
3761	66
3762	71
3763	75
3764	67
3765	68
3766	63
3767	69
3768	74
3769	70
3770	71
3771	64
3772	72
3773	76
3774	70
3775	68
3776	59
3777	84
3778	61
3779	85
3780	70
3781	74
3782	72
3783	79
3784	71
3785	75
3786	59
3787	68
3788	63
3789	71
3790	69
3791	69
3792	66
3793	58
3794	72
3795	75
3796	63
3797	79
3798	75
3799	79
3800	79
3801	81
3802	84
3803	65
3804	64
3805	77
3806	60
3807	79
3808	74
3809	74
3810	79
3811	82
3812	64
3813	77
3814	64
3815	82
3816	68
3817	75
3818	85
3819	76
3820	77
3821	85
3822	77
3823	85
3824	63
3825	80
3826	66
3827	80
3828	86
3829	76
3830	68
3831	77
3832	68
3833	73
3834	80
3835	66
3836	70
3837	75
3838	81
3839	84
3840	92
3841	90
3842	61
3843	67
3844	63
3845	84
3846	84
3847	82
3848	58
3849	86
3850	78
3851	77
3852	80
3853	65
3854	82
3855	68
3856	105
3857	75
3858	102
3859	77
3860	80
3861	91
3862	98
3863	75
3864	77
3865	88
3866	111
3867	84
3868	85
3869	71
3870	75
3871	82
3872	84
3873	89
3874	86
3875	89
3876	77
3877	97
3878	89
3879	77
3880	79
3881	80
3882	87
3883	86
3884	89
3885	93
3886	79
3887	90
3888	68
3889	80
3890	89
3891	95
3892	94
3893	93
3894	94
3895	89
3896	89
3897	93
3898	101
3899	79
3900	86
3901	99
3902	89
3903	74
3904	93
3905	102
3906	100
3907	90
3908	83
3909	101
3910	107
3911	103
3912	95
3913	97
3914	122
3915	100
3916	99
3917	89
3918	98
3919	95
3920	105
3921	101
3922	102
3923	90
3924	96
3925	114
3926	118
3927	111
3928	103
3929	79
3930	87
3931	110
3932	88
3933	105
3934	116
3935	99
3936	96
3937	93
3938	92
3939	103
3940	116
3941	103
3942	108
3943	107
3944	124
3945	102
3946	109
3947	76
3948	104
3949	99
3950	116
3951	89
3952	97
3953	130
3954	105
3955	111
3956	123
3957	113
3958	121
3959	107
3960	124
3961	107
3962	115
3963	125
3964	112
3965	118
3966	96
3967	118
3968	94
3969	135
3970	109
3971	112
3972	108
3973	117
3974	118
3975	104
3976	118
3977	100
3978	106
3979	127
3980	142
3981	113
3982	106
3983	117
3984	111
3985	117
3986	113
3987	135
3988	127
3989	113
3990	126
3991	125
3992	116
3993	107
3994	124
3995	115
3996	119
3997	137
3998	135
3999	120
4000	129
4001	128
4002	112
4003	115
4004	114
4005	135
4006	106
4007	110
4008	140
4009	130
4010	117
4011	121
4012	133
4013	127
4014	123
4015	110
4016	145
4017	126
4018	149
4019	130
4020	112
4021	121
4022	134
4023	138
4024	112
4025	128
4026	142
4027	142
4028	145
4029	132
4030	112
4031	150
4032	139
4033	108
4034	129
4035	144
4036	144
4037	138
4038	133
4039	126
4040	128
4041	137
4042	129
4043	119
4044	133
4045	159
4046	146
4047	147
4048	120
4049	130
4050	125
4051	147
4052	131
4053	116
4054	110
4055	130
4056	130
4057	147
4058	138
4059	133
4060	151
4061	134
4062	143
4063	109
4064	137
4065	117
4066	127
4067	145
4068	131
4069	148
4070	153
4071	143
4072	103
4073	105
4074	135
4075	110
4076	148
4077	130
4078	126
4079	114
4080	128
4081	141
4082	123
4083	124
4084	105
4085	124
4086	127
4087	132
4088	133
4089	140
4090	132
4091	132
4092	105
4093	131
4094	119
4095	132
4096	128
4097	132
4098	147
4099	130
4100	125
4101	141
4102	124
4103	130
4104	150
4105	135
4106	130
4107	134
4108	140
4109	132
4110	133
4111	116
4112	128
4113	115
4114	128
4115	130
4116	120
4117	143
4118	120
4119	112
4120	129
4121	115
4122	106
4123	111
4124	127
4125	142
4126	115
4127	125
4128	112
4129	122
4130	120
4131	115
4132	118
4133	128
4134	114
4135	128
4136	122
4137	133
4138	127
4139	106
4140	110
4141	99
4142	114
4143	116
4144	145
4145	137
4146	136
4147	123
4148	101
4149	131
4150	118
4151	104
4152	135
4153	122
4154	105
4155	138
4156	121
4157	141
4158	103
4159	119
4160	100
4161	122
4162	99
4163	128
4164	90
4165	114
4166	126
4167	139
4168	100
4169	116
4170	115
4171	106
4172	129
4173	119
4174	107
4175	109
4176	107
4177	105
4178	100
4179	109
4180	102
4181	95
4182	109
4183	105
4184	108
4185	103
4186	98
4187	99
4188	99
4189	112
4190	89
4191	104
4192	84
4193	100
4194	89
4195	107
4196	101
4197	87
4198	103
4199	107
4200	106
4201	105
4202	103
4203	112
4204	91
4205	103
4206	94
4207	94
4208	100
4209	88
4210	96
4211	90
4212	99
4213	83
4214	88
4215	99
4216	108
4217	78
4218	82
4219	95
4220	91
4221	89
4222	88
4223	95
4224	100
4225	74
4226	94
4227	91
4228	79
4229	73
4230	95
4231	61
4232	69
4233	88
4234	81
4235	93
4236	90
4237	78
4238	89
4239	84
4240	94
4241	79
4242	65
4243	83
4244	71
4245	76
4246	91
4247	97
4248	81
4249	65
4250	76
4251	76
4252	69
4253	72
4254	88
4255	69
4256	75
4257	69
4258	67
4259	85
4260	81
4261	73
4262	59
4263	68
4264	61
4265	60
4266	66
4267	78
4268	75
4269	65
4270	74
4271	91
4272	66
4273	61
4274	72
4275	66
4276	69
4277	69
4278	71
4279	65
4280	61
4281	66
4282	83
4283	72
4284	58
4285	67
4286	74
4287	70
4288	66
4289	63
4290	67
4291	61
4292	61
4293	66
4294	58
4295	63
4296	68
4297	69
4298	73
4299	63
4300	49
4301	67
4302	58
4303	59
4304	60
4305	70
4306	60
4307	67
4308	80
4309	67
4310	54
4311	57
4312	75
4313	54
4314	51
4315	74
4316	67
4317	64
4318	60
4319	64
4320	70
4321	58
4322	56
4323	61
4324	63
4325	55
4326	51
4327	60
4328	63
4329	62
4330	66
4331	67
4332	55
4333	50
4334	59
4335	53
4336	47
4337	48
4338	48
4339	67
4340	61
4341	65
4342	54
4343	67
4344	47
4345	55
4346	62
4347	48
4348	63
4349	59
4350	62
4351	70
4352	50
4353	59
4354	67
4355	49
4356	53
4357	56
4358	65
4359	63
4360	62
4361	61
4362	54
4363	57
4364	64
4365	56
4366	65
4367	64
4368	43
4369	56
4370	62
4371	56
4372	53
4373	55
4374	52
4375	50
4376	55
4377	53
4378	60
4379	62
4380	63
4381	59
4382	65
4383	65
4384	60
4385	56
4386	68
4387	65
4388	51
4389	58
4390	67
4391	62
4392	69
4393	73
4394	53
4395	71
4396	65
4397	64
4398	72
4399	56
4400	55
4401	64
4402	60
4403	70
4404	76
4405	71
4406	72
4407	69
4408	69
4409	53
4410	77
4411	57
4412	64
4413	77
4414	70
4415	70
4416	78
4417	65
4418	66
4419	83
4420	77
4421	55
4422	79
4423	87
4424	71
4425	74
4426	68
4427	66
4428	60
4429	72
4430	73
4431	73
4432	86
4433	71
4434	75
4435	91
4436	91
4437	77
4438	74
4439	80
4440	103
4441	76
4442	78
4443	77
4444	82
4445	74
4446	86
4447	101
4448	73
4449	91
4450	88
4451	81
4452	86
4453	96
4454	96
4455	90
4456	85
4457	88
4458	83
4459	103
4460	85
4461	87
4462	77
4463	99
4464	96
4465	84
4466	105
4467	98
4468	107
4469	88
4470	102
4471	93
4472	97
4473	93
4474	105
4475	110
4476	110
4477	109
4478	120
4479	97
4480	98
4481	106
4482	103
4483	99
4484	109
4485	115
4486	115
4487	119
4488	90
4489	100
4490	91
4491	99
4492	94
4493	124
4494	111
4495	102
4496	103
4497	112
4498	121
4499	117
4500	110
4501	126
4502	113
4503	126
4504	147
4505	111
4506	113
4507	102
4508	122
4509	120
4510	117
4511	148
4512	144
4513	127
4514	130
4515	122
4516	106
4517	99
4518	141
4519	128
4520	131
4521	149
4522	139
4523	131
4524	136
4525	141
4526	148
4527	124
4528	131
4529	117
4530	138
4531	153
4532	154
4533	152
4534	164
4535	135
4536	172
4537	166
4538	139
4539	129
4540	149
4541	140
4542	153
4543	147
4544	159
4545	186
4546	137
4547	173
4548	151
4549	159
4550	149
4551	151
4552	161
4553	171
4554	168
4555	152
4556	163
4557	160
4558	176
4559	159
4560	179
4561	190
4562	182
4563	186
4564	167
4565	175
4566	178
4567	161
4568	193
4569	189
4570	184
4571	185
4572	173
4573	191
4574	175
4575	186
4576	196
4577	186
4578	172
4579	193
4580	198
4581	220
4582	217
4583	175
4584	201
4585	211
4586	227
4587	195
4588	216
4589	203
4590	225
4591	212
4592	196
4593	196
4594	226
4595	226
4596	217
4597	221
4598	210
4599	238
4600	232
4601	206
4602	225
4603	211
4604	215
4605	204
4606	223
4607	219
4608	211
4609	229
4610	229
4611	240
4612	193
4613	251
4614	229
4615	241
4616	205
4617	211
4618	230
4619	233
4620	239
4621	207
4622	237
4623	229
4624	219
4625	245
4626	251
4627	253
4628	230
4629	246
4630	226
4631	263
4632	262
4633	239
4634	258
4635	244
4636	241
4637	262
4638	239
4639	233
4640	279
4641	249
4642	241
4643	227
4644	261
4645	280
4646	296
4647	254
4648	285
4649	287
4650	228
4651	283
4652	287
4653	230
4654	314
4655	253
4656	311
4657	258
4658	267
4659	255
4660	274
4661	275
4662	303
4663	277
4664	279
4665	287
4666	261
4667	297
4668	257
4669	255
4670	264
4671	279
4672	299
4673	271
4674	270
4675	274
4676	297
4677	276
4678	277
4679	287
4680	286
4681	298
4682	310
4683	298
4684	302
4685	305
4686	280
4687	266
4688	299
4689	312
4690	249
4691	289
4692	317
4693	284
4694	296
4695	308
4696	311
4697	300
4698	298
4699	324
4700	302
4701	308
4702	328
4703	316
4704	283
4705	306
4706	324
4707	323
4708	315
4709	306
4710	284
4711	285
4712	305
4713	294
4714	301
4715	304
4716	300
4717	307
4718	324
4719	328
4720	329
4721	323
4722	345
4723	324
4724	324
4725	294
4726	300
4727	314
4728	285
4729	306
4730	284
4731	293
4732	323
4733	284
4734	300
4735	317
4736	301
4737	302
4738	316
4739	310
4740	326
4741	317
4742	333
4743	329
4744	331
4745	336
4746	335
4747	312
4748	311
4749	352
4750	312
4751	323
4752	302
4753	340
4754	338
4755	305
4756	316
4757	345
4758	326
4759	323
4760	325
4761	337
4762	299
4763	315
4764	318
4765	335
4766	295
4767	318
4768	324
4769	301
4770	355
4771	309
4772	331
4773	309
4774	310
4775	362
4776	325
4777	326
4778	329
4779	345
4780	311
4781	301
4782	325
4783	315
4784	317
4785	344
4786	326
4787	315
4788	363
4789	333
4790	325
4791	285
4792	355
4793	309
4794	330
4795	369
4796	319
4797	299
4798	327
4799	368
4800	317
4801	328
4802	326
4803	307
4804	323
4805	319
4806	330
4807	313
4808	318
4809	349
4810	319
4811	297
4812	309
4813	322
4814	320
4815	325
4816	345
4817	320
4818	331
4819	335
4820	309
4821	353
4822	340
4823	323
4824	318
4825	315
4826	311
4827	293
4828	283
4829	322
4830	321
4831	274
4832	288
4833	308
4834	316
4835	271
4836	273
4837	308
4838	336
4839	318
4840	323
4841	328
4842	264
4843	319
4844	314
4845	294
4846	304
4847	324
4848	297
4849	298
4850	315
4851	310
4852	301
4853	306
4854	285
4855	311
4856	312
4857	323
4858	328
4859	310
4860	297
4861	285
4862	294
4863	276
4864	302
4865	305
4866	258
4867	269
4868	275
4869	288
4870	280
4871	264
4872	299
4873	272
4874	275
4875	287
4876	283
4877	274
4878	294
4879	293
4880	284
4881	279
4882	283
4883	290
4884	277
4885	288
4886	289
4887	300
4888	264
4889	291
4890	279
4891	254
4892	308
4893	275
4894	270
4895	304
4896	267
4897	285
4898	301
4899	265
4900	262
4901	281
4902	259
4903	285
4904	249
4905	306
4906	252
4907	269
4908	267
4909	241
4910	243
4911	241
4912	257
4913	262
4914	261
4915	225
4916	249
4917	235
4918	246
4919	247
4920	246
4921	262
4922	252
4923	252
4924	249
4925	245
4926	236
4927	240
4928	263
4929	232
4930	225
4931	221
4932	224
4933	211
4934	234
4935	262
4936	241
4937	249
4938	258
4939	225
4940	236
4941	250
4942	209
4943	254
4944	215
4945	246
4946	232
4947	220
4948	225
4949	212
4950	218
4951	219
4952	237
4953	232
4954	210
4955	226
4956	230
4957	214
4958	217
4959	241
4960	220
4961	187
4962	219
4963	240
4964	203
4965	220
4966	191
4967	206
4968	231
4969	217
4970	203
4971	188
4972	207
4973	201
4974	227
4975	216
4976	204
4977	198
4978	206
4979	206
4980	212
4981	168
4982	178
4983	220
4984	181
4985	182
4986	215
4987	193
4988	208
4989	176
4990	196
4991	201
4992	169
4993	204
4994	191
4995	193
4996	191
4997	197
4998	189
4999	198
5000	193
5001	211
5002	157
5003	175
5004	197
5005	174
5006	196
5007	178
5008	178
5009	177
5010	176
5011	180
5012	173
5013	166
5014	188
5015	172
5016	171
5017	190
5018	164
5019	178
5020	160
5021	159
5022	175
5023	171
5024	176
5025	159
5026	212
5027	167
5028	161
5029	151
5030	182
5031	173
5032	160
5033	164
5034	166
5035	170
5036	176
5037	168
5038	158
5039	157
5040	158
5041	148
5042	155
5043	169
5044	172
5045	141
5046	169
5047	154
5048	153
5049	170
5050	163
5051	140
5052	161
5053	161
5054	178
5055	144
5056	158
5057	135
5058	146
5059	150
5060	140
5061	153
5062	167
5063	148
5064	149
5065	168
5066	146
5067	157
5068	162
5069	146
5070	156
5071	158
5072	173
5073	144
5074	155
5075	159
5076	146
5077	136
5078	148
5079	141
5080	137
5081	150
5082	158
5083	150
5084	148
5085	154
5086	164
5087	139
5088	137
5089	159
5090	146
5091	158
5092	167
5093	131
5094	142
5095	131
5096	131
5097	132
5098	142
5099	159
5100	139
5101	136
5102	116
5103	136
5104	133
5105	123
5106	127
5107	133
5108	147
5109	159
5110	125
5111	123
5112	130
5113	142
5114	124
5115	116
5116	130
5117	122
5118	150
5119	134
5120	137
5121	122
5122	144
5123	135
5124	137
5125	118
5126	147
5127	143
5128	144
5129	144
5130	142
5131	127
5132	143
5133	136
5134	129
5135	140
5136	134
5137	124
5138	135
5139	125
5140	152
5141	137
5142	126
5143	141
5144	129
5145	137
5146	134
5147	116
5148	129
5149	147
5150	138
5151	123
5152	131
5153	142
5154	132
5155	119
5156	143
5157	138
5158	131
5159	130
5160	140
5161	141
5162	126
5163	147
5164	129
5165	126
5166	115
5167	132
5168	169
5169	140
5170	130
5171	132
5172	124
5173	104
5174	134
5175	125
5176	130
5177	118
5178	126
5179	138
5180	120
5181	152
5182	126
5183	112
5184	116
5185	126
5186	135
5187	122
5188	151
5189	140
5190	120
5191	154
5192	139
5193	124
5194	128
5195	106
5196	135
5197	127
5198	120
5199	127
5200	140
5201	134
5202	128
5203	135
5204	140
5205	139
5206	119
5207	121
5208	141
5209	145
5210	119
5211	156
5212	130
5213	136
5214	125
5215	123
5216	116
5217	134
5218	127
5219	115
5220	123
5221	116
5222	136
5223	125
5224	122
5225	128
5226	129
5227	142
5228	130
5229	123
5230	121
5231	121
5232	134
5233	142
5234	109
5235	116
5236	109
5237	123
5238	129
5239	148
5240	116
5241	132
5242	106
5243	140
5244	124
5245	126
5246	129
5247	124
5248	119
5249	122
5250	150
5251	124
5252	131
5253	135
5254	118
5255	115
5256	126
5257	118
5258	121
5259	115
5260	122
5261	105
5262	127
5263	149
5264	120
5265	132
5266	109
5267	123
5268	111
5269	125
5270	139
5271	123
5272	115
5273	120
5274	125
5275	123
5276	116
5277	110
5278	112
5279	119
5280	80
5281	108
5282	111
5283	122
5284	117
5285	120
5286	113
5287	115
5288	133
5289	113
5290	117
5291	99
5292	116
5293	106
5294	131
5295	118
5296	116
5297	121
5298	120
5299	129
5300	112
5301	101
5302	98
5303	115
5304	102
5305	111
5306	113
5307	94
5308	111
5309	115
5310	104
5311	114
5312	109
5313	92
5314	109
5315	96
5316	102
5317	101
5318	113
5319	111
5320	101
5321	136
5322	102
5323	97
5324	98
5325	114
5326	104
5327	110
5328	86
5329	94
5330	96
5331	103
5332	97
5333	110
5334	95
5335	103
5336	128
5337	107
5338	95
5339	98
5340	94
5341	100
5342	108
5343	114
5344	106
5345	96
5346	110
5347	84
5348	113
5349	85
5350	102
5351	85
5352	100
5353	103
5354	112
5355	121
5356	85
5357	106
5358	105
5359	76
5360	91
5361	95
5362	86
5363	81
5364	94
5365	83
5366	104
5367	105
5368	97
5369	88
5370	89
5371	91
5372	93
5373	75
5374	106
5375	94
5376	77
5377	103
5378	98
5379	88
5380	92
5381	94
5382	98
5383	96
5384	81
5385	81
5386	79
5387	77
5388	82
5389	77
5390	76
5391	75
5392	99
5393	90
5394	78
5395	75
5396	76
5397	78
5398	82
5399	98
5400	76
5401	84
5402	92
5403	85
5404	75
5405	75
5406	73
5407	87
5408	75
5409	54
5410	89
5411	72
5412	61
5413	83
5414	75
5415	65
5416	63
5417	67
5418	68
5419	77
5420	66
5421	53
5422	66
5423	58
5424	67
5425	90
5426	53
5427	75
5428	74
5429	80
5430	74
5431	73
5432	70
5433	61
5434	77
5435	59
5436	63
5437	73
5438	56
5439	67
5440	74
5441	63
5442	81
5443	74
5444	68
5445	55
5446	53
5447	56
5448	60
5449	69
5450	60
5451	62
5452	54
5453	60
5454	61
5455	78
5456	58
5457	64
5458	57
5459	64
5460	61
5461	50
5462	53
5463	62
5464	56
5465	67
5466	60
5467	62
5468	52
5469	47
5470	72
5471	61
5472	55
5473	45
5474	48
5475	58
5476	69
5477	58
5478	54
5479	57
5480	61
5481	70
5482	44
5483	47
5484	73
5485	39
5486	48
5487	38
5488	46
5489	64
5490	43
5491	54
5492	62
5493	56
5494	49
5495	51
5496	46
5497	57
5498	47
5499	58
5500	55
5501	49
5502	56
5503	48
5504	39
5505	45
5506	44
5507	40
5508	45
5509	55
5510	42
5511	48
5512	47
5513	53
5514	41
5515	44
5516	35
5517	48
5518	44
5519	28
5520	49
5521	46
5522	49
5523	30
5524	37
5525	42
5526	45
5527	44
5528	45
5529	33
5530	40
5531	49
5532	45
5533	36
5534	49
5535	43
5536	50
5537	43
5538	52
5539	33
5540	57
5541	41
5542	50
5543	49
5544	47
5545	42
5546	32
5547	53
5548	31
5549	49
5550	35
5551	32
5552	40
5553	35
5554	40
5555	48
5556	43
5557	30
5558	34
5559	36
5560	40
5561	33
5562	33
5563	37
5564	39
5565	26
5566	38
5567	44
5568	44
5569	29
5570	45
5571	43
5572	47
5573	43
5574	37
5575	37
5576	31
5577	33
5578	18
5579	45
5580	27
5581	32
5582	36
5583	34
5584	25
5585	33
5586	34
5587	34
5588	40
5589	37
5590	29
5591	36
5592	33
5593	48
5594	33
5595	28
5596	43
5597	41
5598	43
5599	37
5600	26
5601	30
5602	29
5603	32
5604	23
5605	37
5606	22
5607	39
5608	33
5609	30
5610	24
5611	26
5612	30
5613	37
5614	25
5615	20
5616	31
5617	30
5618	30
5619	37
5620	24
5621	30
5622	24
5623	35
5624	37
5625	31
5626	24
5627	42
5628	32
5629	31
5630	32
5631	38
5632	31
5633	27
5634	27
5635	34
5636	29
5637	32
5638	27
5639	33
5640	29
5641	30
5642	26
5643	30
5644	33
5645	31
5646	23
5647	25
5648	32
5649	28
5650	33
5651	34
5652	41
5653	35
5654	33
5655	27
5656	23
5657	33
5658	26
5659	28
5660	37
5661	32
5662	29
5663	27
5664	33
5665	23
5666	34
5667	28
5668	27
5669	36
5670	23
5671	25
5672	36
5673	27
5674	39
5675	20
5676	17
5677	25
5678	32
5679	28
5680	33
5681	29
5682	20
5683	29
5684	25
5685	27
5686	21
5687	34
5688	30
5689	33
5690	42
5691	31
5692	26
5693	33
5694	22
5695	29
5696	45
5697	33
5698	31
5699	30
5700	26
5701	29
5702	34
5703	23
5704	28
5705	23
5706	31
5707	26
5708	32
5709	26
5710	36
5711	29
5712	30
5713	31
5714	29
5715	23
5716	32
5717	28
5718	32
5719	28
5720	27
5721	40
5722	37
5723	28
5724	35
5725	32
5726	25
5727	28
5728	26
5729	28
5730	31
5731	36
5732	32
5733	28
5734	32
5735	24
5736	24
5737	29
5738	38
5739	27
5740	27
5741	25
5742	37
5743	25
5744	42
5745	42
5746	25
5747	40
5748	33
5749	25
5750	23
5751	27
5752	27
5753	30
5754	35
5755	34
5756	35
5757	27
5758	32
5759	30
5760	37
5761	36
5762	26
5763	21
5764	31
5765	31
5766	36
5767	29
5768	37
5769	30
5770	29
5771	33
5772	36
5773	31
5774	32
5775	36
5776	29
5777	27
5778	39
5779	26
5780	28
5781	42
5782	30
5783	17
5784	32
5785	32
5786	35
5787	33
5788	30
5789	28
5790	34
5791	23
5792	31
5793	34
5794	34
5795	29
5796	29
5797	38
5798	33
5799	29
5800	24
5801	46
5802	26
5803	37
5804	41
5805	38
5806	25
5807	24
5808	33
5809	36
5810	28
5811	29
5812	29
5813	33
5814	43
5815	30
5816	35
5817	30
5818	40
5819	33
5820	38
5821	26
5822	30
5823	38
5824	30
5825	29
5826	40
5827	26
5828	32
5829	23
5830	51
5831	36
5832	31
5833	30
5834	34
5835	35
5836	39
5837	30
5838	37
5839	32
5840	39
5841	25
5842	42
5843	36
5844	34
5845	35
5846	25
5847	37
5848	30
5849	29
5850	32
5851	39
5852	25
5853	26
5854	38
5855	38
5856	25
5857	29
5858	39
5859	32
5860	46
5861	34
5862	27
5863	33
5864	28
5865	28
5866	31
5867	32
5868	28
5869	42
5870	31
5871	31
5872	30
5873	33
5874	37
5875	34
5876	37
5877	28
5878	41
5879	38
5880	40
5881	31
5882	29
5883	31
5884	34
5885	44
5886	28
5887	44
5888	32
5889	25
5890	37
5891	40
5892	40
5893	29
5894	34
5895	35
5896	39
5897	32
5898	43
5899	37
5900	38
5901	48
5902	28
5903	38
5904	31
5905	34
5906	29
5907	33
5908	38
5909	24
5910	53
5911	30
5912	35
5913	39
5914	37
5915	41
5916	44
5917	39
5918	30
5919	36
5920	30
5921	32
5922	33
5923	34
5924	39
5925	44
5926	42
5927	37
5928	48
5929	40
5930	38
5931	38
5932	34
5933	40
5934	41
5935	28
5936	51
5937	24
5938	31
5939	35
5940	41
5941	37
5942	45
5943	35
5944	37
5945	28
5946	33
5947	35
5948	42
5949	42
5950	41
5951	31
5952	36
5953	29
5954	35
5955	40
5956	30
5957	38
5958	38
5959	43
5960	31
5961	34
5962	28
5963	40
5964	23
5965	26
5966	30
5967	44
5968	38
5969	25
5970	36
5971	36
5972	39
5973	35
5974	37
5975	37
5976	30
5977	47
5978	34
5979	25
5980	34
5981	30
5982	30
5983	30
5984	30
5985	34
5986	34
5987	27
5988	35
5989	45
5990	33
5991	26
5992	30
5993	32
5994	32
5995	36
5996	41
5997	38
5998	41
5999	34
6000	32
6001	52
6002	32
6003	45
6004	27
6005	40
6006	20
6007	32
6008	35
6009	33
6010	35
6011	24
6012	27
6013	27
6014	44
6015	27
6016	33
6017	32
6018	40
6019	37
6020	46
6021	23
6022	38
6023	43
6024	40
6025	27
6026	35
6027	33
6028	27
6029	38
6030	33
6031	36
6032	32
6033	33
6034	40
6035	38
6036	24
6037	36
6038	36
6039	44
6040	44
6041	26
6042	24
6043	19
6044	33
6045	37
6046	42
6047	34
6048	32
6049	28
6050	34
6051	45
6052	25
6053	34
6054	45
6055	33
6056	28
6057	42
6058	31
6059	39
6060	29
6061	23
6062	32
6063	33
6064	34
6065	35
6066	30
6067	28
6068	29
6069	29
6070	34
6071	29
6072	35
6073	27
6074	36
6075	31
6076	30
6077	42
6078	29
6079	38
6080	30
6081	28
6082	29
6083	29
6084	23
6085	37
6086	39
6087	33
6088	24
6089	32
6090	25
6091	32
6092	29
6093	29
6094	39
6095	32
6096	36
6097	21
6098	37
6099	19
6100	28
6101	29
6102	41
6103	30
6104	27
6105	39
6106	33
6107	40
6108	29
6109	39
6110	26
6111	41
6112	24
6113	31
6114	32
6115	29
6116	28
6117	27
6118	20
6119	27
6120	29
6121	31
6122	29
6123	34
6124	34
6125	21
6126	26
6127	20
6128	27
6129	23
6130	30
6131	19
6132	28
6133	25
6134	21
6135	24
6136	21
6137	19
6138	23
6139	24
6140	19
6141	29
6142	30
6143	28
6144	28
6145	15
6146	22
6147	19
6148	27
6149	25
6150	30
6151	31
6152	27
6153	31
6154	31
6155	20
6156	16
6157	24
6158	24
6159	26
6160	28
6161	15
6162	29
6163	22
6164	21
6165	27
6166	22
6167	17
6168	14
6169	22
6170	20
6171	20
6172	15
6173	29
6174	20
6175	25
6176	32
6177	20
6178	18
6179	19
6180	20
6181	23
6182	25
6183	22
6184	19
6185	20
6186	19
6187	29
6188	20
6189	20
6190	27
6191	21
6192	18
6193	21
6194	18
6195	17
6196	24
6197	25
6198	13
6199	18
6200	21
6201	19
6202	19
6203	23
6204	16
6205	15
6206	15
6207	18
6208	14
6209	14
6210	19
6211	18
6212	20
6213	21
6214	17
6215	22
6216	21
6217	22
6218	19
6219	17
6220	18
6221	15
6222	19
6223	16
6224	21
6225	20
6226	12
6227	15
6228	11
6229	11
6230	15
6231	15
6232	11
6233	12
6234	11
6235	7
6236	17
6237	17
6238	14
6239	15
6240	21
6241	14
6242	21
6243	15
6244	14
6245	14
6246	15
6247	12
6248	12
6249	9
6250	9
6251	12
6252	18
6253	8
6254	15
6255	8
6256	19
6257	18
6258	14
6259	15
6260	6
6261	9
6262	13
6263	17
6264	13
6265	16
6266	11
6267	13
6268	18
6269	13
6270	13
6271	17
6272	11
6273	9
6274	12
6275	14
6276	19
6277	13
6278	9
6279	9
6280	17
6281	8
6282	11
6283	10
6284	8
6285	13
6286	11
6287	14
6288	9
6289	10
6290	16
6291	12
6292	14
6293	11
6294	11
6295	11
6296	11
6297	11
6298	13
6299	11
6300	12
6301	9
6302	17
6303	9
6304	11
6305	13
6306	11
6307	12
6308	18
6309	12
6310	13
6311	8
6312	5
6313	11
6314	4
6315	6
6316	11
6317	11
6318	9
6319	7
6320	10
6321	7
6322	9
6323	8
6324	15
6325	7
6326	10
6327	9
6328	8
6329	8
6330	9
6331	8
6332	7
6333	14
6334	7
6335	12
6336	6
6337	6
6338	15
6339	10
6340	11
6341	8
6342	8
6343	8
6344	9
6345	7
6346	13
6347	8
6348	6
6349	11
6350	6
6351	5
6352	5
6353	8
6354	8
6355	6
6356	11
6357	11
6358	7
6359	8
6360	7
6361	8
6362	14
6363	8
6364	5
6365	10
6366	15
6367	8
6368	7
6369	9
6370	10
6371	5
6372	9
6373	6
6374	14
6375	9
6376	12
6377	5
6378	8
6379	7
6380	6
6381	7
6382	9
6383	9
6384	13
6385	8
6386	14
6387	6
6388	3
6389	7
6390	14
6391	13
6392	5
6393	5
6394	6
6395	9
6396	7
6397	5
6398	10
6399	6
6400	5
6401	7
6402	7
6403	5
6404	5
6405	6
6406	7
6407	4
6408	7
6409	7
6410	8
6411	5
6412	4
6413	7
6414	5
6415	6
6416	8
6417	4
6418	8
6419	7
6420	8
6421	6
6422	5
6423	6
6424	6
6425	8
6426	6
6427	7
6428	4
6429	9
6430	6
6431	5
6432	7
6433	11
6434	8
6435	4
6436	9
6437	3
6438	5
6439	7
6440	6
6441	9
6442	8
6443	5
6444	3
6445	5
6446	8
6447	4
6448	3
6449	9
6450	4
6451	6
6452	3
6453	9
6454	7
6455	5
6456	4
6457	6
6458	4
6459	9
6460	5
6461	6
6462	5
6463	5
6464	4
6465	6
6466	6
6467	6
6468	2
6469	2
6470	2
6471	3
6472	8
6473	10
6474	5
6475	11
6476	8
6477	7
6478	8
6479	7
6480	6
6481	12
6482	1
6483	9
6484	8
6485	6
6486	9
6487	4
6488	6
6489	4
6490	11
6491	4
6492	3
6493	7
6494	2
6495	8
6496	4
6497	4
6498	2
6499	1
6500	2
6501	4
6502	4
6503	2
6504	8
6505	7
6506	4
6507	4
6508	6
6509	4
6510	8
6511	3
6512	4
6513	9
6514	5
6515	3
6516	6
6517	6
6518	5
6519	4
6520	4
6521	2
6522	8
6523	4
6524	7
6525	4
6526	5
6527	4
6528	8
6529	2
6530	6
6531	7
6532	4
6533	3
6534	4
6535	4
6536	4
6537	4
6538	5
6539	8
6540	10
6541	3
6542	5
6543	0
6544	4
6545	4
6546	7
6547	5
6548	3
6549	9
6550	4
6551	12
6552	4
6553	3
6554	7
6555	3
6556	5
6557	2
6558	7
6559	6
6560	2
6561	2
6562	2
6563	5
6564	5
6565	8
6566	7
6567	2
6568	7
6569	5
6570	7
6571	8
6572	1
6573	4
6574	8
6575	7
6576	5
6577	5
6578	5
6579	5
6580	2
6581	6
6582	8
6583	4
6584	4
6585	4
6586	6
6587	1
6588	4
6589	7
6590	4
6591	5
6592	3
6593	2
6594	2
6595	4
6596	3
6597	4
6598	4
6599	5
6600	1
6601	2
6602	3
6603	4
6604	6
6605	5
6606	3
6607	0
6608	1
6609	4
6610	4
6611	4
6612	3
6613	1
6614	5
6615	5
6616	3
6617	2
6618	4
6619	4
6620	7
6621	3
6622	6
6623	3
6624	6
6625	4
6626	4
6627	3
6628	4
6629	3
6630	4
6631	4
6632	2
6633	5
6634	2
6635	2
6636	2
6637	4
6638	4
6639	3
6640	2
6641	0
6642	6
6643	1
6644	2
6645	5
6646	3
6647	1
6648	4
6649	1
6650	1
6651	3
6652	3
6653	3
6654	4
6655	2
6656	5
6657	4
6658	4
6659	1
6660	2
6661	3
6662	6
6663	4
6664	3
6665	4
6666	4
6667	2
6668	2
6669	5
6670	4
6671	2
6672	4
6673	3
6674	2
6675	5
6676	4
6677	5
6678	3
6679	4
6680	7
6681	3
6682	3
6683	7
6684	4
6685	3
6686	3
6687	2
6688	5
6689	1
6690	4
6691	2
6692	3
6693	4
6694	0
6695	3
6696	2
6697	1
6698	1
6699	4
6700	4
6701	1
6702	4
6703	2
6704	3
6705	1
6706	0
6707	3
6708	5
6709	3
6710	1
6711	2
6712	5
6713	4
6714	5
6715	2
6716	4
6717	1
6718	2
6719	5
6720	3
6721	2
6722	2
6723	2
6724	2
6725	3
6726	2
6727	2
6728	5
6729	1
6730	4
6731	0
6732	4
6733	4
6734	2
6735	1
6736	3
6737	2
6738	0
6739	1
6740	1
6741	1
6742	2
6743	2
6744	3
6745	2
6746	4
6747	1
6748	3
6749	0
6750	3
6751	2
6752	2
6753	2
6754	0
6755	5
6756	2
6757	3
6758	1
6759	1
6760	1
6761	2
6762	2
6763	4
6764	3
6765	3
6766	2
6767	2
6768	0
6769	1
6770	1
6771	5
6772	2
6773	3
6774	3
6775	5
6776	2
6777	3
6778	7
6779	1
6780	3
6781	1
6782	4
6783	2
6784	4
6785	4
6786	4
6787	3
6788	1
6789	2
6790	3
6791	1
6792	2
6793	1
6794	3
6795	0
6796	0
6797	3
6798	1
6799	0
6800	3
6801	0
6802	2
6803	2
6804	1
6805	1
6806	2
6807	4
6808	2
6809	2
6810	0
6811	1
6812	0
6813	1
6814	3
6815	1
6816	1
6817	0
6818	0
6819	2
6820	2
6821	0
6822	1
6823	3
6824	2
6825	0
6826	1
6827	4
6828	1
6829	2
6830	2
6831	1
6832	1
6833	3
6834	1
6835	3
6836	1
6837	1
6838	1
6839	2
6840	1
6841	1
6842	2
6843	1
6844	2
6845	2
6846	1
6847	5
6848	0
6849	1
6850	0
6851	0
6852	1
6853	0
6854	2
6855	1
6856	3
6857	3
6858	1
6859	2
6860	0
6861	0
6862	2
6863	2
6864	2
6865	1
6866	2
6867	2
6868	1
6869	1
6870	1
6871	0
6872	1
6873	1
6874	1
6875	1
6876	0
6877	1
6878	3
6879	6
6880	3
6881	3
6882	0
6883	1
6884	3
6885	1
6886	2
6887	3
6888	1
6889	4
6890	3
6891	2
6892	0
6893	0
6894	1
6895	0
6896	1
6897	0
6898	0
6899	1
6900	3
6901	1
6902	0
6903	2
6904	2
6905	1
6906	2
6907	1
6908	2
6909	1
6910	1
6911	1
6912	3
6913	0
6914	0
6915	2
6916	1
6917	1
6918	4
6919	1
6920	2
6921	0
6922	0
6923	2
6924	1
6925	2
6926	1
6927	1
6928	1
6929	1
6930	0
6931	1
6932	2
6933	2
6934	1
6935	1
6936	1
6937	3
6938	0
6939	0
6940	1
6941	1
6942	2
6943	0
6944	1
6945	3
6946	1
6947	1
6948	0
6949	0
6950	0
6951	3
6952	2
6953	2
6954	1
6955	1
6956	0
6957	2
6958	0
6959	1
6960	2
6961	1
6962	0
6963	1
6964	1
6965	0
6966	1
6967	0
6968	1
6969	0
6970	2
6971	0
6972	1
6973	0
6974	3
6975	2
6976	1
6977	2
6978	1
6979	2
6980	1
6981	4
6982	0
6983	2
6984	1
6985	1
6986	0
6987	3
6988	0
6989	2
6990	2
6991	4
6992	0
6993	0
6994	0
6995	2
6996	3
6997	1
6998	0
6999	5
7000	0
7001	1
7002	1
7003	0
7004	0
7005	0
7006	3
7007	0
7008	0
7009	1
7010	1
7011	0
7012	2
7013	1
7014	1
7015	0
7016	1
7017	0
7018	1
7019	0
7020	2
7021	2
7022	1
7023	1
7024	4
7025	1
7026	1
7027	1
7028	0
7029	0
7030	1
7031	0
7032	0
7033	1
7034	2
7035	0
7036	0
7037	0
7038	1
7039	0
7040	2
7041	1
7042	1
7043	0
7044	3
7045	0
7046	4
7047	1
7048	2
7049	0
7050	0
7051	2
7052	1
7053	1
7054	2
7055	0
7056	1
7057	0
7058	1
7059	1
7060	1
7061	0
7062	0
7063	0
7064	0
7065	2
7066	0
7067	1
7068	4
7069	0
7070	1
7071	0
7072	1
7073	2
7074	2
7075	1
7076	2
7077	0
7078	0
7079	1
7080	2
7081	0
7082	1
7083	0
7084	2
7085	1
7086	1
7087	0
7088	0
7089	2
7090	2
7091	1
7092	1
7093	1
7094	0
7095	2
7096	0
7097	2
7098	2
7099	1
7100	0
7101	2
7102	1
7103	2
7104	0
7105	0
7106	2
7107	1
7108	0
7109	1
7110	0
7111	1
7112	3
7113	1
7114	0
7115	1
7116	1
7117	1
7118	0
7119	0
7120	1
7121	0
7122	1
7123	0
7124	1
7125	1
7126	0
7127	2
7128	1
7129	1
7130	5
7131	1
7132	1
7133	0
7134	3
7135	2
7136	0
7137	4
7138	2
7139	0
7140	0
7141	1
7142	1
7143	1
7144	0
7145	0
7146	2
7147	0
7148	0
7149	0
7150	0
7151	0
7152	1
7153	3
7154	3
7155	0
7156	1
7157	0
7158	0
7159	1
7160	2
7161	0
7162	0
7163	1
7164	0
7165	1
7166	1
7167	3
7168	0
7169	1
7170	1
7171	1
7172	0
7173	0
7174	1
7175	1
7176	3
7177	0
7178	2
7179	1
7180	0
7181	0
7182	2
7183	0
7184	1
7185	1
7186	0
7187	2
7188	1
7189	4
7190	0
7191	0
7192	1
7193	0
7194	0
7195	0
7196	2
7197	2
7198	1
7199	0
7200	1
7201	1
7202	1
7203	1
7204	1
7205	2
7206	1
7207	1
7208	0
7209	1
7210	1
7211	1
7212	1
7213	1
7214	1
7215	0
7216	2
7217	0
7218	1
7219	0
7220	3
7221	1
7222	1
7223	3
7224	2
7225	0
7226	1
7227	0
7228	3
7229	0
7230	2
7231	2
7232	1
7233	1
7234	1
7235	1
7236	0
7237	0
7238	0
7239	0
7240	0
7241	1
7242	2
7243	0
7244	1
7245	0
7246	0
7247	0
7248	1
7249	0
7250	0
7251	1
7252	0
7253	0
7254	4
7255	0
7256	1
7257	1
7258	3
7259	1
7260	0
7261	2
7262	2
7263	0
7264	0
7265	1
7266	1
7267	1
7268	2
7269	0
7270	2
7271	0
7272	1
7273	2
7274	0
7275	0
7276	1
7277	2
7278	0
7279	0
7280	2
7281	2
7282	1
7283	0
7284	1
7285	2
7286	2
7287	2
7288	0
7289	0
7290	2
7291	2
7292	0
7293	1
7294	1
7295	0
7296	2
7297	2
7298	0
7299	0
7300	2
7301	1
7302	1
7303	2
7304	0
7305	2
7306	1
7307	0
7308	0
7309	0
7310	0
7311	0
7312	2
7313	2
7314	0
7315	3
7316	1
7317	0
7318	0
7319	0
7320	2
7321	0
7322	1
7323	1
7324	0
7325	1
7326	2
7327	3
7328	0
7329	2
7330	1
7331	1
7332	1
7333	1
7334	0
7335	0
7336	1
7337	0
7338	1
7339	1
7340	0
7341	0
7342	0
7343	0
7344	1
7345	1
7346	0
7347	2
7348	2
7349	0
7350	1
7351	1
7352	2
7353	1
7354	1
7355	0
7356	0
7357	2
7358	3
7359	0
7360	0
7361	0
7362	0
7363	2
7364	1
7365	1
7366	0
7367	2
7368	4
7369	0
7370	1
7371	2
7372	1
7373	1
7374	0
7375	1
7376	0
7377	1
7378	0
7379	1
7380	2
7381	1
7382	2
7383	0
7384	1
7385	1
7386	2
7387	0
7388	0
7389	1
7390	1
7391	0
7392	0
7393	0
7394	1
7395	2
7396	1
7397	2
7398	0
7399	2
7400	2
7401	0
7402	1
7403	1
7404	0
7405	3
7406	1
7407	1
7408	0
7409	1
7410	1
7411	3
7412	0
7413	0
7414	0
7415	0
7416	2
7417	1
7418	0
7419	0
7420	2
7421	2
7422	3
7423	0
7424	3
7425	0
7426	1
7427	3
7428	0
7429	0
7430	0
7431	2
7432	2
7433	0
7434	0
7435	2
7436	0
7437	2
7438	1
7439	1
7440	1
7441	1
7442	2
7443	0
7444	2
7445	2
7446	0
7447	1
7448	0
7449	2
7450	0
7451	0
7452	0
7453	1
7454	0
7455	2
7456	1
7457	1
7458	2
7459	5
7460	1
7461	0
7462	0
7463	0
7464	1
7465	0
7466	1
7467	1
7468	0
7469	1
7470	0
7471	1
7472	1
7473	0
7474	2
7475	0
7476	0
7477	1
7478	0
7479	1
7480	1
7481	1
7482	0
7483	2
7484	0
7485	3
7486	0
7487	0
7488	1
7489	0
7490	3
7491	1
7492	1
7493	1
7494	1
7495	0
7496	0
7497	1
7498	1
7499	1
7500	0
7501	0
7502	0
7503	3
7504	1
7505	0
7506	0
7507	0
7508	1
7509	2
7510	2
7511	1
7512	2
7513	0
7514	3
7515	1
7516	0
7517	0
7518	2
7519	0
7520	1
7521	1
7522	1
7523	1
7524	1
7525	0
7526	1
7527	0
7528	3
7529	0
7530	1
7531	1
7532	2
7533	1
7534	1
7535	2
7536	1
7537	1
7538	0
7539	1
7540	0
7541	0
7542	2
7543	0
7544	1
7545	0
7546	1
7547	0
7548	1
7549	1
7550	1
7551	1
7552	1
7553	0
7554	1
7555	0
7556	0
7557	0
7558	2
7559	0
7560	1
7561	1
7562	1
7563	0
7564	0
7565	0
7566	2
7567	1
7568	0
7569	0
7570	0
7571	0
7572	0
7573	0
7574	2
7575	0
7576	0
7577	0
7578	3
7579	0
7580	0
7581	0
7582	0
7583	3
7584	0
7585	2
7586	2
7587	1
7588	0
7589	1
7590	0
7591	2
7592	0
7593	1
7594	1
7595	0
7596	1
7597	1
7598	0
7599	1
7600	1
7601	1
7602	0
7603	0
7604	1
7605	0
7606	0
7607	0
7608	1
7609	0
7610	2
7611	1
7612	0
7613	0
7614	0
7615	1
7616	1
7617	2
7618	1
7619	1
7620	1
7621	1
7622	0
7623	3
7624	1
7625	0
7626	0
7627	0
7628	1
7629	0
7630	2
7631	1
7632	1
7633	0
7634	0
7635	1
7636	0
7637	2
7638	2
7639	0
7640	0
7641	1
7642	2
7643	3
7644	2
7645	0
7646	0
7647	2
7648	1
7649	2
7650	0
7651	1
7652	1
7653	1
7654	0
7655	0
7656	1
7657	0
7658	0
7659	0
7660	0
7661	1
7662	1
7663	3
7664	0
7665	1
7666	0
7667	0
7668	2
7669	0
7670	0
7671	1
7672	0
7673	2
7674	0
7675	0
7676	0
7677	0
7678	2
7679	0
7680	0
7681	1
7682	1
7683	1
7684	1
7685	1
7686	1
7687	1
7688	1
7689	1
7690	2
7691	2
7692	1
7693	1
7694	1
7695	1
7696	1
7697	1
7698	0
7699	0
7700	1
7701	1
7702	1
7703	1
7704	1
7705	0
7706	0
7707	1
7708	1
7709	1
7710	0
7711	0
7712	1
7713	0
7714	0
7715	3
7716	1
7717	0
7718	0
7719	2
7720	3
7721	1
7722	0
7723	0
7724	2
7725	0
7726	1
7727	0
7728	1
7729	0
7730	0
7731	1
7732	2
7733	3
7734	0
7735	2
7736	1
7737	1
7738	0
7739	1
7740	0
7741	1
7742	1
7743	0
7744	1
7745	0
7746	0
7747	1
7748	0
7749	1
7750	0
7751	0
7752	1
7753	0
7754	0
7755	1
7756	1
7757	1
7758	1
7759	1
7760	1
7761	0
7762	2
7763	1
7764	1
7765	0
7766	2
7767	0
7768	2
7769	0
7770	1
7771	0
7772	2
7773	2
7774	1
7775	0
7776	1
7777	0
7778	0
7779	3
7780	0
7781	1
7782	2
7783	1
7784	2
7785	3
7786	0
7787	4
7788	0
7789	2
7790	2
7791	2
7792	1
7793	0
7794	2
7795	1
7796	0
7797	1
7798	1
7799	0
7800	1
7801	2
7802	0
7803	0
7804	1
7805	0
7806	1
7807	3
7808	1
7809	2
7810	0
7811	2
7812	0
7813	0
7814	1
7815	2
7816	2
7817	0
7818	0
7819	1
7820	0
7821	0
7822	1
7823	0
7824	0
7825	0
7826	1
7827	0
7828	0
7829	0
7830	0
7831	1
7832	0
7833	0
7834	1
7835	0
7836	1
7837	1
7838	1
7839	1
7840	0
7841	0
7842	0
7843	2
7844	0
7845	0
7846	0
7847	1
7848	1
7849	0
7850	0
7851	0
7852	1
7853	0
7854	0
7855	0
7856	0
7857	0
7858	0
7859	1
7860	1
7861	2
7862	1
7863	4
7864	0
7865	2
7866	0
7867	1
7868	1
7869	1
7870	2
7871	0
7872	1
7873	0
7874	1
7875	1
7876	0
7877	1
7878	0
7879	0
7880	0
7881	1
7882	1
7883	1
7884	2
7885	0
7886	0
7887	2
7888	0
7889	1
7890	1
7891	1
7892	1
7893	0
7894	0
7895	0
7896	3
7897	2
7898	2
7899	1
7900	0
7901	2
7902	3
7903	2
7904	2
7905	0
7906	1
7907	0
7908	0
7909	1
7910	1
7911	2
7912	0
7913	0
7914	1
7915	1
7916	2
7917	3
7918	3
7919	2
7920	3
7921	0
7922	0
7923	1
7924	1
7925	0
7926	0
7927	2
7928	3
7929	1
7930	2
7931	0
7932	1
7933	1
7934	0
7935	0
7936	0
7937	0
7938	0
7939	0
7940	3
7941	0
7942	1
7943	0
7944	0
7945	0
7946	0
7947	0
7948	2
7949	1
7950	3
7951	2
7952	1
7953	2
7954	0
7955	1
7956	0
7957	1
7958	0
7959	0
7960	0
7961	1
7962	1
7963	0
7964	3
7965	0
7966	0
7967	2
7968	1
7969	0
7970	1
7971	2
7972	0
7973	1
7974	1
7975	1
7976	0
7977	2
7978	1
7979	1
7980	0
7981	2
7982	1
7983	2
7984	1
7985	0
7986	1
7987	1
7988	1
7989	1
7990	1
7991	2
7992	1
7993	0
7994	0
7995	1
7996	0
7997	0
7998	0
7999	0
8000	1
8001	0
8002	0
8003	0
8004	1
8005	0
8006	2
8007	1
8008	1
8009	4
8010	1
8011	0
8012	1
8013	0
8014	0
8015	0
8016	1
8017	2
8018	0
8019	2
8020	0
8021	1
8022	2
8023	2
8024	0
8025	0
8026	0
8027	2
8028	0
8029	2
8030	2
8031	0
8032	0
8033	0
8034	0
8035	2
8036	1
8037	0
8038	1
8039	1
8040	2
8041	2
8042	0
8043	1
8044	3
8045	0
8046	1
8047	2
8048	1
8049	0
8050	0
8051	2
8052	1
8053	0
8054	0
8055	0
8056	0
8057	2
8058	1
8059	0
8060	0
8061	0
8062	1
8063	0
8064	1
8065	0
8066	1
8067	1
8068	1
8069	1
8070	1
8071	1
8072	0
8073	3
8074	3
8075	1
8076	0
8077	1
8078	1
8079	0
8080	1
8081	0
8082	0
8083	0
8084	0
8085	0
8086	0
8087	1
8088	0
8089	1
8090	1
8091	0
8092	0
8093	0
8094	1
8095	0
8096	0
8097	0
8098	0
8099	0
8100	0
8101	0
8102	0
8103	0
8104	0
8105	0
8106	0
8107	0
8108	0
8109	0
8110	0
8111	0
8112	0
8113	0
8114	0
8115	0
8116	0
8117	0
8118	0
8119	0
8120	0
8121	1
8122	0
8123	0
8124	0
8125	0
8126	0
8127	0
8128	0
8129	0
8130	0
8131	0
8132	0
8133	0
8134	0
8135	0
8136	0
8137	0
8138	0
8139	0
8140	0
8141	0
8142	0
8143	0
8144	0
8145	0
8146	0
8147	0
8148	0
8149	0
8150	0
8151	0
8152	0
8153	0
8154	0
8155	0
8156	0
8157	0
8158	0
8159	0
8160	0
8161	0
8162	0
8163	0
8164	0
8165	0
8166	0
8167	0
8168	0
8169	0
8170	0
8171	0
8172	0
8173	0
8174	0
8175	0
8176	0
8177	0
8178	0
8179	0
8180	0
8181	0
8182	0
8183	0
8184	0
8185	0
8186	0
8187	0
8188	0
8189	0
8190	0
8191	0
