0	0
1	0
2	0
3	0
4	0
5	0
6	0
7	0
8	0
9	0
10	0
11	0
12	0
13	0
14	0
15	0
16	0
17	0
18	0
19	0
20	0
21	0
22	0
23	0
24	0
25	0
26	0
27	0
28	0
29	0
30	0
31	0
32	0
33	0
34	0
35	0
36	0
37	0
38	0
39	0
40	0
41	0
42	0
43	0
44	0
45	0
46	0
47	0
48	0
49	0
50	0
51	0
52	0
53	0
54	0
55	0
56	0
57	0
58	0
59	0
60	0
61	0
62	0
63	0
64	0
65	0
66	0
67	0
68	0
69	0
70	0
71	6
72	2
73	4
74	2
75	10
76	9
77	9
78	3
79	7
80	8
81	4
82	2
83	4
84	4
85	7
86	6
87	7
88	8
89	3
90	14
91	13
92	4
93	7
94	6
95	8
96	10
97	8
98	12
99	8
100	10
101	7
102	10
103	9
104	12
105	12
106	12
107	9
108	9
109	15
110	14
111	18
112	15
113	12
114	10
115	8
116	10
117	11
118	12
119	14
120	16
121	15
122	10
123	12
124	13
125	7
126	15
127	18
128	18
129	20
130	25
131	15
132	13
133	25
134	31
135	17
136	21
137	19
138	26
139	17
140	31
141	13
142	25
143	28
144	20
145	25
146	21
147	20
148	25
149	35
150	20
151	24
152	23
153	31
154	28
155	22
156	29
157	33
158	26
159	37
160	27
161	26
162	35
163	33
164	36
165	27
166	18
167	25
168	34
169	37
170	41
171	34
172	33
173	37
174	28
175	35
176	36
177	29
178	62
179	54
180	55
181	37
182	58
183	54
184	58
185	49
186	43
187	57
188	44
189	39
190	58
191	27
192	68
193	45
194	61
195	59
196	56
197	57
198	61
199	52
200	61
201	59
202	63
203	73
204	81
205	62
206	73
207	79
208	64
209	55
210	72
211	59
212	66
213	85
214	75
215	74
216	77
217	85
218	73
219	69
220	76
221	75
222	79
223	89
224	99
225	80
226	88
227	82
228	87
229	87
230	93
231	98
232	106
233	101
234	97
235	109
236	132
237	110
238	109
239	111
240	110
241	139
242	111
243	119
244	135
245	120
246	130
247	142
248	129
249	128
250	125
251	146
252	136
253	174
254	143
255	150
256	123
257	154
258	152
259	168
260	165
261	194
262	180
263	159
264	183
265	183
266	185
267	196
268	193
269	190
270	217
271	221
272	209
273	228
274	214
275	231
276	232
277	269
278	285
279	255
280	257
281	293
282	277
283	283
284	315
285	296
286	333
287	288
288	361
289	358
290	346
291	385
292	373
293	394
294	420
295	412
296	417
297	438
298	443
299	447
300	415
301	479
302	531
303	518
304	535
305	544
306	609
307	628
308	626
309	643
310	645
311	681
312	706
313	753
314	773
315	763
316	825
317	847
318	852
319	840
320	925
321	929
322	953
323	1021
324	1018
325	1038
326	1111
327	1133
328	1156
329	1212
330	1204
331	1304
332	1256
333	1364
334	1327
335	1451
336	1424
337	1460
338	1523
339	1553
340	1584
341	1646
342	1657
343	1707
344	1661
345	1795
346	1818
347	1894
348	1799
349	1839
350	1923
351	1967
352	1950
353	1920
354	2008
355	2050
356	1977
357	2069
358	2017
359	2027
360	2077
361	2086
362	2045
363	1998
364	1990
365	2116
366	2044
367	2047
368	2143
369	2055
370	2029
371	2032
372	1968
373	1896
374	2017
375	1917
376	1923
377	1859
378	1777
379	1824
380	1838
381	1750
382	1733
383	1728
384	1712
385	1638
386	1635
387	1556
388	1516
389	1544
390	1471
391	1462
392	1440
393	1391
394	1352
395	1338
396	1169
397	1293
398	1198
399	1180
400	1179
401	1084
402	1069
403	1000
404	991
405	983
406	940
407	946
408	906
409	888
410	820
411	784
412	779
413	767
414	743
415	721
416	697
417	668
418	661
419	660
420	628
421	600
422	580
423	583
424	558
425	581
426	607
427	482
428	497
429	505
430	502
431	483
432	498
433	461
434	455
435	438
436	407
437	429
438	447
439	414
440	370
441	404
442	392
443	385
444	347
445	353
446	342
447	310
448	352
449	342
450	298
451	292
452	302
453	275
454	283
455	278
456	288
457	304
458	245
459	238
460	271
461	235
462	225
463	221
464	242
465	228
466	195
467	191
468	197
469	187
470	183
471	177
472	172
473	148
474	163
475	153
476	127
477	121
478	137
479	118
480	133
481	131
482	115
483	138
484	139
485	105
486	107
487	104
488	97
489	99
490	82
491	110
492	83
493	100
494	77
495	79
496	89
497	70
498	77
499	67
500	69
501	63
502	59
503	58
504	75
505	68
506	59
507	51
508	56
509	58
510	60
511	61
512	54
513	47
514	36
515	46
516	61
517	49
518	52
519	42
520	36
521	46
522	50
523	44
524	41
525	42
526	56
527	37
528	53
529	39
530	44
531	34
532	31
533	30
534	40
535	37
536	40
537	39
538	31
539	34
540	35
541	45
542	40
543	45
544	29
545	41
546	37
547	33
548	53
549	37
550	41
551	49
552	42
553	40
554	37
555	33
556	38
557	33
558	40
559	35
560	35
561	35
562	35
563	54
564	53
565	48
566	52
567	41
568	40
569	46
570	47
571	54
572	34
573	41
574	40
575	59
576	36
577	43
578	49
579	54
580	46
581	44
582	41
583	41
584	51
585	48
586	40
587	46
588	52
589	43
590	63
591	61
592	39
593	46
594	52
595	53
596	49
597	53
598	45
599	69
600	54
601	48
602	52
603	62
604	60
605	48
606	45
607	51
608	60
609	57
610	58
611	53
612	57
613	67
614	55
615	66
616	62
617	65
618	67
619	56
620	65
621	66
622	67
623	58
624	74
625	76
626	65
627	70
628	71
629	73
630	57
631	63
632	61
633	83
634	74
635	76
636	68
637	92
638	76
639	71
640	57
641	71
642	63
643	81
644	64
645	86
646	83
647	95
648	77
649	93
650	78
651	87
652	82
653	74
654	96
655	63
656	72
657	74
658	89
659	73
660	97
661	81
662	75
663	76
664	71
665	73
666	80
667	68
668	99
669	95
670	91
671	86
672	71
673	83
674	77
675	84
676	70
677	90
678	103
679	83
680	68
681	91
682	99
683	80
684	94
685	90
686	98
687	99
688	84
689	95
690	86
691	82
692	101
693	101
694	81
695	95
696	105
697	88
698	89
699	92
700	101
701	103
702	85
703	92
704	97
705	92
706	94
707	93
708	101
709	102
710	89
711	104
712	82
713	101
714	84
715	83
716	106
717	95
718	95
719	84
720	89
721	91
722	102
723	87
724	88
725	92
726	82
727	98
728	97
729	96
730	116
731	91
732	79
733	107
734	87
735	84
736	93
737	87
738	63
739	92
740	107
741	87
742	77
743	74
744	99
745	75
746	68
747	84
748	106
749	105
750	66
751	84
752	83
753	102
754	91
755	102
756	91
757	84
758	111
759	97
760	69
761	67
762	77
763	85
764	106
765	73
766	92
767	87
768	99
769	97
770	89
771	91
772	64
773	80
774	80
775	103
776	87
777	77
778	78
779	85
780	77
781	82
782	77
783	87
784	68
785	80
786	90
787	86
788	93
789	73
790	78
791	77
792	76
793	90
794	84
795	89
796	82
797	79
798	85
799	91
800	98
801	78
802	99
803	88
804	110
805	83
806	88
807	101
808	83
809	82
810	109
811	87
812	113
813	91
814	104
815	99
816	101
817	94
818	103
819	109
820	89
821	120
822	108
823	101
824	111
825	107
826	114
827	113
828	123
829	132
830	116
831	113
832	119
833	122
834	131
835	138
836	134
837	123
838	118
839	129
840	129
841	146
842	116
843	137
844	161
845	154
846	140
847	147
848	123
849	143
850	137
851	163
852	153
853	169
854	147
855	156
856	147
857	151
858	159
859	161
860	178
861	147
862	158
863	141
864	173
865	173
866	154
867	156
868	179
869	171
870	173
871	167
872	167
873	139
874	168
875	156
876	167
877	184
878	176
879	181
880	166
881	179
882	178
883	179
884	172
885	173
886	185
887	171
888	183
889	172
890	172
891	165
892	170
893	168
894	160
895	173
896	151
897	169
898	159
899	159
900	165
901	150
902	160
903	182
904	159
905	151
906	170
907	172
908	183
909	159
910	154
911	171
912	152
913	166
914	147
915	142
916	159
917	155
918	148
919	136
920	171
921	146
922	123
923	131
924	124
925	151
926	135
927	114
928	132
929	149
930	134
931	129
932	155
933	132
934	127
935	128
936	146
937	117
938	121
939	122
940	123
941	102
942	103
943	132
944	132
945	116
946	117
947	96
948	107
949	113
950	97
951	112
952	108
953	109
954	108
955	106
956	114
957	85
958	96
959	111
960	86
961	93
962	113
963	85
964	98
965	115
966	98
967	80
968	109
969	99
970	99
971	106
972	89
973	83
974	101
975	94
976	89
977	72
978	106
979	122
980	93
981	72
982	101
983	107
984	81
985	75
986	91
987	104
988	95
989	95
990	106
991	87
992	87
993	101
994	85
995	100
996	78
997	102
998	95
999	92
1000	88
1001	96
1002	109
1003	83
1004	94
1005	91
1006	99
1007	99
1008	103
1009	93
1010	86
1011	112
1012	113
1013	68
1014	80
1015	91
1016	106
1017	86
1018	108
1019	94
1020	83
1021	98
1022	123
1023	84
1024	100
1025	116
1026	110
1027	95
1028	112
1029	103
1030	113
1031	116
1032	132
1033	121
1034	127
1035	118
1036	109
1037	138
1038	133
1039	135
1040	157
1041	128
1042	129
1043	130
1044	137
1045	133
1046	154
1047	162
1048	146
1049	132
1050	146
1051	138
1052	138
1053	196
1054	156
1055	164
1056	163
1057	163
1058	184
1059	167
1060	186
1061	178
1062	181
1063	172
1064	185
1065	190
1066	194
1067	191
1068	187
1069	197
1070	218
1071	234
1072	197
1073	190
1074	216
1075	235
1076	220
1077	208
1078	276
1079	239
1080	242
1081	239
1082	242
1083	269
1084	280
1085	233
1086	270
1087	281
1088	283
1089	263
1090	282
1091	292
1092	302
1093	316
1094	325
1095	308
1096	328
1097	317
1098	315
1099	314
1100	337
1101	328
1102	313
1103	347
1104	330
1105	346
1106	366
1107	336
1108	368
1109	373
1110	398
1111	387
1112	398
1113	390
1114	391
1115	428
1116	461
1117	441
1118	431
1119	422
1120	440
1121	438
1122	437
1123	479
1124	470
1125	438
1126	480
1127	492
1128	483
1129	474
1130	514
1131	460
1132	528
1133	502
1134	467
1135	506
1136	535
1137	529
1138	514
1139	546
1140	522
1141	540
1142	518
1143	553
1144	557
1145	534
1146	567
1147	527
1148	596
1149	539
1150	540
1151	570
1152	563
1153	525
1154	585
1155	572
1156	582
1157	583
1158	626
1159	597
1160	587
1161	525
1162	602
1163	587
1164	602
1165	540
1166	624
1167	569
1168	541
1169	598
1170	572
1171	569
1172	533
1173	600
1174	545
1175	539
1176	520
1177	573
1178	550
1179	521
1180	504
1181	559
1182	540
1183	545
1184	529
1185	515
1186	489
1187	477
1188	482
1189	487
1190	508
1191	453
1192	494
1193	537
1194	456
1195	494
1196	496
1197	471
1198	489
1199	477
1200	429
1201	454
1202	479
1203	424
1204	413
1205	423
1206	392
1207	428
1208	389
1209	404
1210	414
1211	347
1212	380
1213	361
1214	358
1215	342
1216	350
1217	351
1218	330
1219	352
1220	332
1221	322
1222	329
1223	323
1224	301
1225	300
1226	279
1227	299
1228	267
1229	253
1230	243
1231	244
1232	231
1233	243
1234	249
1235	244
1236	218
1237	216
1238	215
1239	186
1240	199
1241	212
1242	189
1243	186
1244	168
1245	201
1246	168
1247	182
1248	162
1249	152
1250	176
1251	146
1252	160
1253	153
1254	174
1255	132
1256	122
1257	140
1258	118
1259	126
1260	125
1261	123
1262	127
1263	118
1264	97
1265	93
1266	112
1267	107
1268	104
1269	96
1270	104
1271	107
1272	75
1273	89
1274	84
1275	99
1276	77
1277	95
1278	63
1279	70
1280	74
1281	63
1282	77
1283	65
1284	76
1285	73
1286	81
1287	68
1288	65
1289	64
1290	60
1291	71
1292	65
1293	56
1294	65
1295	50
1296	49
1297	53
1298	55
1299	58
1300	54
1301	55
1302	50
1303	51
1304	50
1305	57
1306	57
1307	46
1308	59
1309	39
1310	57
1311	44
1312	50
1313	43
1314	42
1315	43
1316	40
1317	44
1318	45
1319	43
1320	42
1321	56
1322	48
1323	40
1324	40
1325	37
1326	47
1327	36
1328	37
1329	35
1330	37
1331	33
1332	48
1333	38
1334	38
1335	37
1336	43
1337	37
1338	34
1339	36
1340	48
1341	26
1342	36
1343	47
1344	36
1345	36
1346	33
1347	46
1348	35
1349	35
1350	30
1351	36
1352	41
1353	29
1354	32
1355	27
1356	33
1357	49
1358	28
1359	30
1360	44
1361	44
1362	33
1363	34
1364	34
1365	32
1366	43
1367	33
1368	39
1369	39
1370	40
1371	34
1372	41
1373	33
1374	30
1375	39
1376	37
1377	48
1378	36
1379	32
1380	36
1381	31
1382	32
1383	39
1384	37
1385	36
1386	32
1387	37
1388	31
1389	33
1390	44
1391	44
1392	38
1393	32
1394	29
1395	34
1396	36
1397	37
1398	30
1399	40
1400	40
1401	34
1402	39
1403	35
1404	29
1405	43
1406	44
1407	47
1408	37
1409	35
1410	31
1411	60
1412	42
1413	34
1414	27
1415	41
1416	34
1417	41
1418	24
1419	24
1420	50
1421	43
1422	35
1423	41
1424	44
1425	37
1426	46
1427	37
1428	42
1429	21
1430	32
1431	28
1432	44
1433	52
1434	37
1435	23
1436	44
1437	48
1438	41
1439	31
1440	39
1441	26
1442	43
1443	41
1444	33
1445	34
1446	41
1447	34
1448	42
1449	41
1450	32
1451	36
1452	45
1453	31
1454	33
1455	39
1456	38
1457	39
1458	35
1459	34
1460	31
1461	32
1462	44
1463	37
1464	31
1465	38
1466	36
1467	41
1468	38
1469	39
1470	43
1471	27
1472	41
1473	46
1474	29
1475	33
1476	33
1477	40
1478	29
1479	34
1480	34
1481	49
1482	45
1483	43
1484	32
1485	30
1486	34
1487	39
1488	33
1489	29
1490	45
1491	41
1492	43
1493	34
1494	38
1495	39
1496	39
1497	42
1498	34
1499	28
1500	46
1501	52
1502	39
1503	36
1504	34
1505	40
1506	44
1507	37
1508	46
1509	47
1510	38
1511	39
1512	29
1513	46
1514	50
1515	44
1516	45
1517	35
1518	34
1519	46
1520	50
1521	44
1522	41
1523	46
1524	50
1525	39
1526	35
1527	55
1528	42
1529	48
1530	47
1531	50
1532	43
1533	45
1534	50
1535	54
1536	54
1537	48
1538	47
1539	43
1540	44
1541	50
1542	54
1543	54
1544	55
1545	56
1546	57
1547	44
1548	56
1549	28
1550	62
1551	50
1552	47
1553	55
1554	54
1555	50
1556	56
1557	56
1558	69
1559	54
1560	50
1561	54
1562	62
1563	70
1564	60
1565	58
1566	61
1567	53
1568	57
1569	54
1570	68
1571	60
1572	71
1573	68
1574	71
1575	64
1576	46
1577	75
1578	76
1579	62
1580	67
1581	60
1582	78
1583	53
1584	61
1585	52
1586	77
1587	56
1588	71
1589	54
1590	74
1591	66
1592	73
1593	73
1594	69
1595	64
1596	84
1597	81
1598	77
1599	73
1600	67
1601	79
1602	69
1603	62
1604	75
1605	81
1606	73
1607	65
1608	77
1609	89
1610	93
1611	80
1612	87
1613	81
1614	94
1615	82
1616	86
1617	99
1618	84
1619	107
1620	81
1621	101
1622	93
1623	103
1624	76
1625	92
1626	107
1627	69
1628	106
1629	94
1630	95
1631	87
1632	97
1633	101
1634	97
1635	95
1636	98
1637	109
1638	107
1639	106
1640	84
1641	95
1642	116
1643	92
1644	104
1645	100
1646	90
1647	97
1648	93
1649	112
1650	99
1651	105
1652	115
1653	101
1654	110
1655	94
1656	101
1657	120
1658	108
1659	98
1660	116
1661	143
1662	127
1663	103
1664	111
1665	103
1666	102
1667	113
1668	123
1669	107
1670	119
1671	112
1672	104
1673	108
1674	131
1675	106
1676	109
1677	110
1678	115
1679	131
1680	107
1681	116
1682	124
1683	119
1684	119
1685	90
1686	124
1687	114
1688	114
1689	121
1690	110
1691	95
1692	124
1693	109
1694	93
1695	97
1696	110
1697	106
1698	113
1699	101
1700	115
1701	114
1702	98
1703	88
1704	97
1705	103
1706	101
1707	117
1708	94
1709	91
1710	89
1711	93
1712	92
1713	77
1714	93
1715	108
1716	85
1717	99
1718	74
1719	108
1720	92
1721	96
1722	75
1723	69
1724	74
1725	87
1726	81
1727	82
1728	99
1729	93
1730	81
1731	86
1732	88
1733	77
1734	80
1735	69
1736	72
1737	62
1738	76
1739	95
1740	81
1741	73
1742	91
1743	88
1744	81
1745	74
1746	70
1747	76
1748	60
1749	70
1750	84
1751	68
1752	51
1753	60
1754	66
1755	75
1756	63
1757	60
1758	71
1759	73
1760	70
1761	70
1762	71
1763	68
1764	68
1765	67
1766	54
1767	60
1768	44
1769	53
1770	59
1771	61
1772	58
1773	60
1774	55
1775	49
1776	53
1777	59
1778	49
1779	54
1780	43
1781	63
1782	53
1783	44
1784	40
1785	40
1786	51
1787	50
1788	60
1789	44
1790	52
1791	31
1792	46
1793	44
1794	39
1795	54
1796	47
1797	42
1798	36
1799	43
1800	43
1801	37
1802	52
1803	39
1804	40
1805	49
1806	33
1807	33
1808	36
1809	41
1810	42
1811	45
1812	41
1813	49
1814	51
1815	40
1816	37
1817	41
1818	28
1819	41
1820	31
1821	34
1822	44
1823	27
1824	37
1825	50
1826	44
1827	37
1828	27
1829	34
1830	42
1831	27
1832	26
1833	38
1834	34
1835	31
1836	31
1837	41
1838	31
1839	34
1840	32
1841	37
1842	42
1843	40
1844	28
1845	31
1846	30
1847	24
1848	33
1849	21
1850	38
1851	30
1852	38
1853	28
1854	33
1855	29
1856	30
1857	35
1858	32
1859	28
1860	43
1861	32
1862	31
1863	35
1864	38
1865	40
1866	31
1867	31
1868	32
1869	25
1870	27
1871	25
1872	30
1873	30
1874	34
1875	27
1876	38
1877	35
1878	22
1879	34
1880	38
1881	27
1882	34
1883	26
1884	25
1885	30
1886	26
1887	38
1888	35
1889	50
1890	26
1891	25
1892	40
1893	23
1894	32
1895	32
1896	34
1897	38
1898	30
1899	24
1900	18
1901	22
1902	42
1903	34
1904	26
1905	26
1906	32
1907	34
1908	43
1909	27
1910	20
1911	34
1912	34
1913	33
1914	29
1915	32
1916	45
1917	28
1918	36
1919	36
1920	38
1921	24
1922	48
1923	31
1924	39
1925	36
1926	41
1927	32
1928	26
1929	31
1930	31
1931	41
1932	37
1933	42
1934	39
1935	41
1936	26
1937	33
1938	33
1939	35
1940	36
1941	33
1942	38
1943	36
1944	40
1945	26
1946	33
1947	29
1948	32
1949	34
1950	34
1951	27
1952	31
1953	36
1954	33
1955	25
1956	33
1957	35
1958	35
1959	27
1960	30
1961	38
1962	23
1963	37
1964	25
1965	35
1966	38
1967	34
1968	34
1969	26
1970	28
1971	36
1972	40
1973	42
1974	39
1975	35
1976	38
1977	37
1978	29
1979	40
1980	35
1981	44
1982	33
1983	41
1984	40
1985	33
1986	34
1987	37
1988	34
1989	35
1990	40
1991	33
1992	38
1993	25
1994	39
1995	43
1996	33
1997	49
1998	36
1999	32
2000	44
2001	30
2002	30
2003	37
2004	34
2005	37
2006	39
2007	31
2008	38
2009	31
2010	39
2011	30
2012	38
2013	39
2014	39
2015	28
2016	30
2017	39
2018	36
2019	40
2020	39
2021	28
2022	31
2023	42
2024	49
2025	39
2026	31
2027	42
2028	38
2029	34
2030	39
2031	47
2032	34
2033	50
2034	41
2035	34
2036	37
2037	40
2038	30
2039	34
2040	36
2041	51
2042	39
2043	35
2044	28
2045	46
2046	40
2047	36
2048	39
2049	44
2050	37
2051	36
2052	39
2053	45
2054	43
2055	42
2056	40
2057	45
2058	31
2059	31
2060	41
2061	35
2062	40
2063	35
2064	45
2065	41
2066	36
2067	28
2068	47
2069	34
2070	50
2071	31
2072	45
2073	38
2074	34
2075	34
2076	41
2077	32
2078	37
2079	32
2080	38
2081	41
2082	38
2083	40
2084	44
2085	44
2086	35
2087	36
2088	47
2089	37
2090	32
2091	33
2092	44
2093	44
2094	34
2095	51
2096	49
2097	52
2098	46
2099	38
2100	40
2101	28
2102	39
2103	31
2104	45
2105	50
2106	37
2107	39
2108	34
2109	40
2110	42
2111	45
2112	47
2113	37
2114	37
2115	34
2116	37
2117	48
2118	39
2119	41
2120	39
2121	44
2122	40
2123	36
2124	36
2125	51
2126	38
2127	54
2128	41
2129	52
2130	27
2131	36
2132	40
2133	34
2134	34
2135	43
2136	55
2137	43
2138	36
2139	39
2140	46
2141	53
2142	39
2143	37
2144	46
2145	43
2146	49
2147	36
2148	40
2149	37
2150	42
2151	51
2152	32
2153	30
2154	46
2155	40
2156	35
2157	40
2158	46
2159	54
2160	48
2161	49
2162	50
2163	42
2164	37
2165	47
2166	36
2167	50
2168	50
2169	37
2170	54
2171	51
2172	56
2173	44
2174	50
2175	39
2176	41
2177	44
2178	34
2179	56
2180	47
2181	46
2182	52
2183	44
2184	49
2185	52
2186	30
2187	44
2188	61
2189	47
2190	54
2191	38
2192	48
2193	45
2194	43
2195	57
2196	43
2197	49
2198	47
2199	39
2200	54
2201	53
2202	41
2203	46
2204	45
2205	46
2206	48
2207	42
2208	37
2209	52
2210	44
2211	36
2212	50
2213	56
2214	55
2215	33
2216	43
2217	51
2218	30
2219	48
2220	45
2221	46
2222	51
2223	34
2224	41
2225	44
2226	46
2227	47
2228	49
2229	52
2230	56
2231	42
2232	50
2233	45
2234	42
2235	45
2236	43
2237	41
2238	44
2239	37
2240	42
2241	49
2242	44
2243	55
2244	43
2245	53
2246	45
2247	41
2248	45
2249	56
2250	40
2251	50
2252	41
2253	38
2254	43
2255	43
2256	58
2257	32
2258	45
2259	44
2260	42
2261	37
2262	40
2263	42
2264	34
2265	39
2266	38
2267	39
2268	38
2269	43
2270	38
2271	48
2272	52
2273	59
2274	40
2275	41
2276	49
2277	61
2278	48
2279	43
2280	48
2281	45
2282	34
2283	49
2284	54
2285	37
2286	41
2287	40
2288	51
2289	48
2290	47
2291	48
2292	55
2293	44
2294	47
2295	40
2296	41
2297	32
2298	44
2299	41
2300	40
2301	47
2302	42
2303	46
2304	39
2305	45
2306	53
2307	47
2308	49
2309	53
2310	51
2311	42
2312	58
2313	40
2314	46
2315	42
2316	45
2317	61
2318	52
2319	46
2320	50
2321	49
2322	48
2323	47
2324	48
2325	52
2326	32
2327	41
2328	45
2329	36
2330	50
2331	44
2332	46
2333	47
2334	40
2335	41
2336	51
2337	49
2338	48
2339	46
2340	46
2341	48
2342	43
2343	49
2344	50
2345	39
2346	39
2347	47
2348	37
2349	43
2350	38
2351	45
2352	51
2353	32
2354	40
2355	43
2356	48
2357	39
2358	42
2359	34
2360	44
2361	39
2362	57
2363	37
2364	51
2365	47
2366	42
2367	36
2368	49
2369	44
2370	40
2371	50
2372	35
2373	53
2374	35
2375	47
2376	51
2377	43
2378	42
2379	38
2380	48
2381	31
2382	48
2383	45
2384	33
2385	39
2386	51
2387	32
2388	48
2389	35
2390	36
2391	39
2392	45
2393	47
2394	40
2395	30
2396	43
2397	47
2398	43
2399	36
2400	48
2401	50
2402	41
2403	30
2404	33
2405	36
2406	42
2407	40
2408	32
2409	44
2410	49
2411	36
2412	57
2413	37
2414	39
2415	30
2416	42
2417	47
2418	36
2419	47
2420	36
2421	37
2422	34
2423	37
2424	32
2425	37
2426	46
2427	35
2428	45
2429	40
2430	44
2431	33
2432	39
2433	49
2434	31
2435	34
2436	37
2437	41
2438	45
2439	41
2440	38
2441	38
2442	47
2443	36
2444	40
2445	39
2446	44
2447	42
2448	45
2449	30
2450	35
2451	41
2452	34
2453	40
2454	43
2455	30
2456	39
2457	47
2458	35
2459	34
2460	40
2461	40
2462	44
2463	38
2464	32
2465	33
2466	38
2467	29
2468	37
2469	39
2470	28
2471	32
2472	31
2473	40
2474	38
2475	37
2476	28
2477	38
2478	33
2479	27
2480	34
2481	38
2482	39
2483	26
2484	37
2485	43
2486	40
2487	37
2488	33
2489	37
2490	30
2491	26
2492	27
2493	33
2494	28
2495	32
2496	38
2497	37
2498	30
2499	39
2500	30
2501	30
2502	31
2503	26
2504	37
2505	41
2506	45
2507	29
2508	31
2509	41
2510	28
2511	39
2512	34
2513	24
2514	32
2515	37
2516	29
2517	37
2518	28
2519	33
2520	24
2521	25
2522	16
2523	30
2524	35
2525	26
2526	28
2527	22
2528	28
2529	26
2530	35
2531	33
2532	30
2533	28
2534	22
2535	45
2536	43
2537	38
2538	36
2539	41
2540	30
2541	33
2542	30
2543	27
2544	37
2545	46
2546	40
2547	32
2548	24
2549	29
2550	36
2551	32
2552	27
2553	34
2554	37
2555	37
2556	32
2557	32
2558	24
2559	32
2560	31
2561	26
2562	34
2563	32
2564	37
2565	38
2566	43
2567	30
2568	26
2569	41
2570	28
2571	40
2572	39
2573	26
2574	30
2575	35
2576	34
2577	29
2578	31
2579	37
2580	22
2581	27
2582	30
2583	27
2584	32
2585	28
2586	32
2587	27
2588	33
2589	24
2590	28
2591	36
2592	31
2593	28
2594	19
2595	25
2596	25
2597	31
2598	34
2599	22
2600	30
2601	31
2602	27
2603	30
2604	33
2605	23
2606	23
2607	32
2608	29
2609	29
2610	32
2611	41
2612	33
2613	32
2614	34
2615	36
2616	24
2617	26
2618	21
2619	41
2620	28
2621	36
2622	30
2623	30
2624	31
2625	22
2626	31
2627	34
2628	37
2629	27
2630	26
2631	28
2632	30
2633	36
2634	30
2635	24
2636	35
2637	30
2638	25
2639	19
2640	33
2641	25
2642	26
2643	21
2644	38
2645	31
2646	27
2647	40
2648	24
2649	27
2650	26
2651	27
2652	32
2653	23
2654	32
2655	28
2656	31
2657	20
2658	37
2659	27
2660	25
2661	38
2662	31
2663	30
2664	28
2665	26
2666	25
2667	24
2668	26
2669	35
2670	26
2671	34
2672	24
2673	34
2674	22
2675	39
2676	32
2677	29
2678	43
2679	29
2680	19
2681	23
2682	34
2683	35
2684	39
2685	27
2686	31
2687	25
2688	27
2689	29
2690	28
2691	27
2692	26
2693	31
2694	25
2695	29
2696	22
2697	30
2698	30
2699	27
2700	25
2701	36
2702	28
2703	28
2704	19
2705	29
2706	24
2707	28
2708	27
2709	33
2710	27
2711	30
2712	25
2713	29
2714	30
2715	28
2716	24
2717	24
2718	33
2719	34
2720	27
2721	31
2722	46
2723	19
2724	20
2725	23
2726	28
2727	35
2728	27
2729	34
2730	23
2731	34
2732	30
2733	22
2734	33
2735	26
2736	33
2737	27
2738	24
2739	33
2740	31
2741	33
2742	35
2743	33
2744	21
2745	30
2746	27
2747	23
2748	23
2749	24
2750	27
2751	19
2752	29
2753	22
2754	28
2755	23
2756	34
2757	32
2758	39
2759	30
2760	35
2761	25
2762	27
2763	31
2764	30
2765	29
2766	25
2767	26
2768	29
2769	27
2770	29
2771	25
2772	23
2773	21
2774	32
2775	31
2776	30
2777	21
2778	24
2779	24
2780	31
2781	30
2782	28
2783	31
2784	28
2785	29
2786	27
2787	25
2788	28
2789	29
2790	37
2791	22
2792	32
2793	33
2794	26
2795	17
2796	27
2797	39
2798	31
2799	35
2800	42
2801	24
2802	32
2803	29
2804	26
2805	19
2806	34
2807	38
2808	24
2809	36
2810	24
2811	33
2812	33
2813	18
2814	39
2815	28
2816	39
2817	22
2818	30
2819	32
2820	26
2821	21
2822	26
2823	31
2824	26
2825	26
2826	28
2827	19
2828	25
2829	36
2830	28
2831	18
2832	16
2833	21
2834	31
2835	36
2836	28
2837	24
2838	24
2839	27
2840	22
2841	16
2842	32
2843	25
2844	22
2845	25
2846	31
2847	28
2848	32
2849	38
2850	25
2851	23
2852	16
2853	27
2854	24
2855	23
2856	25
2857	25
2858	27
2859	19
2860	21
2861	28
2862	20
2863	26
2864	35
2865	26
2866	24
2867	27
2868	21
2869	25
2870	20
2871	26
2872	18
2873	30
2874	21
2875	26
2876	22
2877	24
2878	25
2879	20
2880	21
2881	19
2882	19
2883	32
2884	23
2885	27
2886	23
2887	32
2888	26
2889	24
2890	16
2891	23
2892	25
2893	25
2894	27
2895	21
2896	25
2897	24
2898	18
2899	18
2900	22
2901	24
2902	22
2903	27
2904	21
2905	29
2906	19
2907	19
2908	21
2909	27
2910	20
2911	19
2912	17
2913	20
2914	20
2915	19
2916	27
2917	21
2918	18
2919	17
2920	24
2921	31
2922	20
2923	13
2924	22
2925	23
2926	26
2927	24
2928	21
2929	19
2930	27
2931	18
2932	19
2933	13
2934	24
2935	33
2936	24
2937	21
2938	27
2939	17
2940	21
2941	19
2942	12
2943	20
2944	13
2945	22
2946	24
2947	18
2948	27
2949	32
2950	23
2951	29
2952	26
2953	18
2954	17
2955	20
2956	15
2957	16
2958	22
2959	23
2960	24
2961	23
2962	17
2963	22
2964	18
2965	23
2966	23
2967	21
2968	22
2969	19
2970	20
2971	23
2972	24
2973	23
2974	19
2975	14
2976	24
2977	23
2978	24
2979	30
2980	24
2981	22
2982	29
2983	22
2984	22
2985	24
2986	18
2987	22
2988	28
2989	18
2990	14
2991	24
2992	29
2993	14
2994	28
2995	8
2996	16
2997	21
2998	17
2999	12
3000	16
3001	23
3002	26
3003	19
3004	26
3005	19
3006	13
3007	21
3008	12
3009	31
3010	16
3011	29
3012	21
3013	21
3014	18
3015	15
3016	18
3017	23
3018	17
3019	24
3020	25
3021	23
3022	18
3023	17
3024	18
3025	15
3026	18
3027	29
3028	23
3029	23
3030	18
3031	19
3032	28
3033	17
3034	20
3035	23
3036	28
3037	19
3038	23
3039	15
3040	23
3041	14
3042	15
3043	24
3044	17
3045	13
3046	23
3047	19
3048	23
3049	18
3050	19
3051	25
3052	26
3053	18
3054	17
3055	19
3056	18
3057	25
3058	22
3059	22
3060	34
3061	16
3062	21
3063	21
3064	21
3065	15
3066	18
3067	14
3068	15
3069	15
3070	18
3071	20
3072	20
3073	17
3074	24
3075	18
3076	26
3077	18
3078	30
3079	17
3080	15
3081	22
3082	26
3083	14
3084	13
3085	23
3086	21
3087	15
3088	19
3089	21
3090	9
3091	18
3092	23
3093	17
3094	16
3095	27
3096	20
3097	19
3098	12
3099	26
3100	18
3101	21
3102	26
3103	21
3104	25
3105	18
3106	23
3107	17
3108	16
3109	19
3110	21
3111	17
3112	16
3113	16
3114	15
3115	18
3116	12
3117	21
3118	15
3119	12
3120	16
3121	16
3122	16
3123	24
3124	22
3125	15
3126	20
3127	18
3128	23
3129	17
3130	22
3131	21
3132	23
3133	12
3134	16
3135	21
3136	13
3137	15
3138	25
3139	18
3140	23
3141	14
3142	15
3143	20
3144	23
3145	21
3146	23
3147	18
3148	16
3149	14
3150	15
3151	16
3152	14
3153	22
3154	21
3155	24
3156	16
3157	18
3158	15
3159	13
3160	21
3161	18
3162	17
3163	20
3164	10
3165	21
3166	16
3167	19
3168	16
3169	17
3170	24
3171	21
3172	12
3173	22
3174	14
3175	21
3176	17
3177	16
3178	22
3179	14
3180	28
3181	16
3182	17
3183	11
3184	20
3185	17
3186	18
3187	16
3188	16
3189	17
3190	26
3191	24
3192	17
3193	20
3194	21
3195	18
3196	12
3197	18
3198	17
3199	16
3200	14
3201	22
3202	11
3203	17
3204	19
3205	21
3206	21
3207	15
3208	16
3209	18
3210	16
3211	21
3212	26
3213	15
3214	17
3215	9
3216	23
3217	17
3218	17
3219	18
3220	27
3221	13
3222	10
3223	18
3224	13
3225	16
3226	16
3227	18
3228	16
3229	9
3230	12
3231	16
3232	11
3233	15
3234	14
3235	15
3236	20
3237	11
3238	13
3239	15
3240	23
3241	13
3242	26
3243	20
3244	15
3245	24
3246	10
3247	14
3248	16
3249	17
3250	18
3251	13
3252	16
3253	12
3254	21
3255	22
3256	17
3257	10
3258	21
3259	18
3260	16
3261	3
3262	11
3263	15
3264	22
3265	17
3266	19
3267	22
3268	13
3269	18
3270	25
3271	22
3272	21
3273	11
3274	13
3275	18
3276	21
3277	13
3278	13
3279	18
3280	14
3281	15
3282	14
3283	18
3284	24
3285	14
3286	20
3287	25
3288	12
3289	15
3290	16
3291	14
3292	13
3293	16
3294	14
3295	15
3296	17
3297	24
3298	7
3299	20
3300	16
3301	11
3302	14
3303	13
3304	17
3305	20
3306	27
3307	19
3308	17
3309	17
3310	16
3311	15
3312	13
3313	7
3314	20
3315	22
3316	23
3317	20
3318	11
3319	20
3320	22
3321	17
3322	18
3323	22
3324	15
3325	14
3326	17
3327	17
3328	11
3329	13
3330	18
3331	19
3332	17
3333	16
3334	23
3335	15
3336	15
3337	24
3338	15
3339	20
3340	16
3341	11
3342	24
3343	24
3344	10
3345	19
3346	16
3347	13
3348	13
3349	9
3350	15
3351	18
3352	11
3353	16
3354	23
3355	9
3356	10
3357	9
3358	12
3359	13
3360	20
3361	9
3362	11
3363	15
3364	22
3365	14
3366	23
3367	18
3368	16
3369	16
3370	11
3371	17
3372	10
3373	13
3374	9
3375	12
3376	12
3377	18
3378	14
3379	18
3380	10
3381	13
3382	16
3383	16
3384	8
3385	14
3386	9
3387	15
3388	16
3389	14
3390	9
3391	12
3392	14
3393	14
3394	10
3395	16
3396	15
3397	13
3398	27
3399	17
3400	13
3401	16
3402	18
3403	10
3404	15
3405	11
3406	14
3407	13
3408	16
3409	12
3410	17
3411	11
3412	14
3413	9
3414	20
3415	15
3416	16
3417	10
3418	14
3419	16
3420	15
3421	12
3422	12
3423	13
3424	12
3425	18
3426	10
3427	16
3428	19
3429	16
3430	10
3431	13
3432	15
3433	17
3434	19
3435	14
3436	16
3437	18
3438	18
3439	8
3440	19
3441	16
3442	8
3443	15
3444	15
3445	19
3446	13
3447	16
3448	9
3449	14
3450	14
3451	12
3452	12
3453	14
3454	19
3455	7
3456	16
3457	18
3458	12
3459	14
3460	9
3461	13
3462	12
3463	17
3464	18
3465	17
3466	16
3467	16
3468	16
3469	18
3470	17
3471	18
3472	15
3473	9
3474	11
3475	22
3476	21
3477	20
3478	11
3479	17
3480	10
3481	14
3482	13
3483	18
3484	20
3485	7
3486	17
3487	15
3488	10
3489	21
3490	11
3491	15
3492	21
3493	9
3494	15
3495	16
3496	6
3497	17
3498	19
3499	13
3500	11
3501	15
3502	16
3503	16
3504	14
3505	18
3506	21
3507	10
3508	16
3509	11
3510	16
3511	12
3512	14
3513	10
3514	18
3515	15
3516	11
3517	12
3518	10
3519	20
3520	11
3521	13
3522	11
3523	14
3524	19
3525	18
3526	11
3527	12
3528	12
3529	12
3530	13
3531	12
3532	14
3533	16
3534	10
3535	14
3536	22
3537	13
3538	8
3539	11
3540	18
3541	9
3542	12
3543	12
3544	7
3545	14
3546	7
3547	20
3548	14
3549	9
3550	14
3551	7
3552	10
3553	11
3554	9
3555	18
3556	7
3557	16
3558	15
3559	12
3560	13
3561	18
3562	9
3563	5
3564	4
3565	15
3566	10
3567	9
3568	7
3569	9
3570	12
3571	11
3572	18
3573	14
3574	13
3575	16
3576	10
3577	8
3578	12
3579	9
3580	12
3581	12
3582	13
3583	10
3584	12
3585	10
3586	7
3587	10
3588	14
3589	21
3590	15
3591	13
3592	16
3593	11
3594	12
3595	14
3596	13
3597	16
3598	11
3599	13
3600	19
3601	14
3602	11
3603	12
3604	12
3605	14
3606	15
3607	8
3608	9
3609	13
3610	10
3611	15
3612	9
3613	14
3614	13
3615	10
3616	14
3617	9
3618	9
3619	16
3620	11
3621	12
3622	8
3623	9
3624	11
3625	9
3626	12
3627	13
3628	8
3629	14
3630	13
3631	14
3632	11
3633	13
3634	13
3635	12
3636	11
3637	13
3638	10
3639	19
3640	20
3641	12
3642	13
3643	10
3644	16
3645	10
3646	16
3647	21
3648	7
3649	10
3650	10
3651	12
3652	9
3653	16
3654	19
3655	9
3656	17
3657	15
3658	9
3659	15
3660	8
3661	16
3662	24
3663	14
3664	9
3665	17
3666	14
3667	12
3668	15
3669	14
3670	10
3671	16
3672	14
3673	18
3674	9
3675	12
3676	16
3677	15
3678	14
3679	19
3680	12
3681	15
3682	13
3683	15
3684	14
3685	12
3686	15
3687	17
3688	17
3689	20
3690	22
3691	17
3692	12
3693	24
3694	12
3695	15
3696	18
3697	12
3698	13
3699	16
3700	22
3701	15
3702	10
3703	17
3704	16
3705	20
3706	10
3707	19
3708	18
3709	13
3710	13
3711	19
3712	8
3713	13
3714	16
3715	10
3716	15
3717	16
3718	17
3719	23
3720	19
3721	26
3722	17
3723	11
3724	20
3725	16
3726	17
3727	22
3728	9
3729	9
3730	15
3731	12
3732	25
3733	17
3734	17
3735	16
3736	12
3737	11
3738	15
3739	19
3740	24
3741	17
3742	19
3743	11
3744	18
3745	20
3746	15
3747	18
3748	19
3749	15
3750	14
3751	16
3752	11
3753	17
3754	20
3755	16
3756	19
3757	20
3758	18
3759	18
3760	23
3761	26
3762	21
3763	21
3764	17
3765	13
3766	21
3767	14
3768	21
3769	18
3770	25
3771	18
3772	17
3773	20
3774	20
3775	26
3776	18
3777	20
3778	27
3779	14
3780	23
3781	25
3782	15
3783	23
3784	15
3785	18
3786	25
3787	13
3788	26
3789	16
3790	28
3791	27
3792	22
3793	19
3794	15
3795	18
3796	24
3797	14
3798	20
3799	18
3800	19
3801	25
3802	22
3803	29
3804	14
3805	11
3806	18
3807	21
3808	16
3809	15
3810	19
3811	35
3812	29
3813	34
3814	18
3815	30
3816	17
3817	17
3818	18
3819	33
3820	24
3821	18
3822	21
3823	27
3824	22
3825	18
3826	13
3827	30
3828	28
3829	20
3830	22
3831	26
3832	25
3833	20
3834	22
3835	28
3836	24
3837	18
3838	28
3839	23
3840	27
3841	13
3842	21
3843	29
3844	24
3845	15
3846	24
3847	20
3848	36
3849	24
3850	27
3851	23
3852	20
3853	28
3854	30
3855	31
3856	25
3857	26
3858	23
3859	20
3860	21
3861	24
3862	22
3863	25
3864	24
3865	25
3866	29
3867	19
3868	29
3869	18
3870	30
3871	26
3872	25
3873	24
3874	22
3875	32
3876	32
3877	30
3878	25
3879	31
3880	23
3881	17
3882	30
3883	30
3884	38
3885	23
3886	28
3887	18
3888	23
3889	29
3890	25
3891	36
3892	31
3893	33
3894	27
3895	34
3896	36
3897	29
3898	30
3899	24
3900	35
3901	36
3902	38
3903	23
3904	30
3905	30
3906	22
3907	27
3908	24
3909	21
3910	22
3911	36
3912	24
3913	31
3914	38
3915	27
3916	35
3917	24
3918	28
3919	26
3920	38
3921	43
3922	27
3923	38
3924	31
3925	22
3926	23
3927	35
3928	34
3929	27
3930	34
3931	34
3932	33
3933	19
3934	26
3935	28
3936	30
3937	26
3938	38
3939	28
3940	33
3941	33
3942	33
3943	36
3944	31
3945	30
3946	33
3947	28
3948	31
3949	36
3950	29
3951	30
3952	28
3953	29
3954	33
3955	35
3956	36
3957	34
3958	19
3959	32
3960	27
3961	34
3962	31
3963	21
3964	35
3965	33
3966	28
3967	35
3968	33
3969	20
3970	32
3971	34
3972	38
3973	33
3974	36
3975	32
3976	35
3977	27
3978	32
3979	25
3980	28
3981	36
3982	34
3983	35
3984	25
3985	29
3986	45
3987	32
3988	33
3989	24
3990	33
3991	24
3992	39
3993	29
3994	34
3995	36
3996	38
3997	33
3998	30
3999	37
4000	30
4001	25
4002	20
4003	20
4004	27
4005	38
4006	33
4007	34
4008	35
4009	34
4010	42
4011	34
4012	31
4013	33
4014	24
4015	42
4016	39
4017	39
4018	36
4019	36
4020	31
4021	43
4022	35
4023	29
4024	24
4025	28
4026	28
4027	38
4028	36
4029	31
4030	37
4031	31
4032	39
4033	40
4034	30
4035	35
4036	41
4037	32
4038	27
4039	31
4040	30
4041	31
4042	34
4043	37
4044	42
4045	34
4046	26
4047	36
4048	42
4049	37
4050	27
4051	24
4052	27
4053	35
4054	36
4055	28
4056	34
4057	39
4058	41
4059	44
4060	41
4061	35
4062	24
4063	40
4064	56
4065	30
4066	31
4067	36
4068	30
4069	37
4070	37
4071	48
4072	39
4073	33
4074	22
4075	36
4076	27
4077	40
4078	39
4079	34
4080	41
4081	42
4082	33
4083	36
4084	22
4085	45
4086	44
4087	46
4088	39
4089	46
4090	35
4091	39
4092	39
4093	34
4094	40
4095	32
4096	37
4097	33
4098	45
4099	30
4100	30
4101	43
4102	33
4103	44
4104	34
4105	33
4106	36
4107	36
4108	31
4109	41
4110	45
4111	38
4112	35
4113	45
4114	36
4115	33
4116	40
4117	39
4118	43
4119	39
4120	36
4121	29
4122	28
4123	39
4124	39
4125	23
4126	35
4127	34
4128	36
4129	36
4130	36
4131	45
4132	40
4133	33
4134	41
4135	35
4136	33
4137	35
4138	35
4139	34
4140	37
4141	29
4142	32
4143	35
4144	43
4145	32
4146	41
4147	39
4148	39
4149	50
4150	42
4151	40
4152	52
4153	43
4154	51
4155	45
4156	47
4157	40
4158	34
4159	47
4160	37
4161	46
4162	33
4163	45
4164	38
4165	46
4166	45
4167	41
4168	49
4169	39
4170	50
4171	42
4172	47
4173	43
4174	43
4175	44
4176	34
4177	34
4178	35
4179	43
4180	45
4181	46
4182	39
4183	51
4184	47
4185	42
4186	38
4187	38
4188	45
4189	48
4190	38
4191	36
4192	44
4193	46
4194	51
4195	47
4196	41
4197	52
4198	41
4199	48
4200	65
4201	44
4202	53
4203	33
4204	56
4205	49
4206	49
4207	44
4208	51
4209	51
4210	57
4211	37
4212	51
4213	52
4214	48
4215	41
4216	55
4217	50
4218	41
4219	51
4220	45
4221	58
4222	46
4223	50
4224	48
4225	45
4226	49
4227	57
4228	51
4229	52
4230	54
4231	45
4232	44
4233	45
4234	45
4235	54
4236	44
4237	53
4238	48
4239	50
4240	53
4241	48
4242	45
4243	49
4244	42
4245	56
4246	46
4247	51
4248	52
4249	54
4250	49
4251	45
4252	62
4253	58
4254	42
4255	55
4256	64
4257	57
4258	50
4259	65
4260	56
4261	57
4262	48
4263	59
4264	44
4265	57
4266	63
4267	57
4268	47
4269	36
4270	58
4271	60
4272	56
4273	62
4274	64
4275	56
4276	47
4277	53
4278	50
4279	50
4280	53
4281	65
4282	53
4283	57
4284	45
4285	67
4286	68
4287	52
4288	66
4289	51
4290	52
4291	67
4292	52
4293	52
4294	52
4295	69
4296	65
4297	53
4298	67
4299	46
4300	59
4301	57
4302	66
4303	63
4304	53
4305	51
4306	53
4307	65
4308	62
4309	78
4310	51
4311	57
4312	68
4313	64
4314	63
4315	60
4316	57
4317	52
4318	55
4319	73
4320	70
4321	54
4322	72
4323	61
4324	70
4325	63
4326	53
4327	72
4328	53
4329	68
4330	67
4331	60
4332	59
4333	49
4334	63
4335	67
4336	65
4337	67
4338	63
4339	55
4340	56
4341	70
4342	63
4343	61
4344	56
4345	62
4346	55
4347	61
4348	65
4349	63
4350	60
4351	73
4352	54
4353	68
4354	62
4355	55
4356	60
4357	59
4358	69
4359	85
4360	58
4361	49
4362	78
4363	56
4364	58
4365	63
4366	64
4367	64
4368	47
4369	49
4370	61
4371	54
4372	58
4373	68
4374	68
4375	67
4376	68
4377	58
4378	53
4379	59
4380	49
4381	47
4382	65
4383	63
4384	48
4385	57
4386	81
4387	49
4388	67
4389	63
4390	60
4391	74
4392	81
4393	61
4394	53
4395	67
4396	73
4397	63
4398	57
4399	59
4400	54
4401	57
4402	47
4403	63
4404	74
4405	75
4406	55
4407	65
4408	81
4409	71
4410	62
4411	70
4412	68
4413	59
4414	72
4415	72
4416	54
4417	67
4418	57
4419	67
4420	72
4421	60
4422	62
4423	58
4424	53
4425	78
4426	66
4427	66
4428	50
4429	64
4430	54
4431	65
4432	67
4433	55
4434	48
4435	53
4436	55
4437	54
4438	52
4439	63
4440	60
4441	54
4442	64
4443	57
4444	65
4445	68
4446	50
4447	65
4448	61
4449	62
4450	69
4451	62
4452	66
4453	64
4454	48
4455	61
4456	45
4457	50
4458	71
4459	57
4460	48
4461	75
4462	62
4463	54
4464	61
4465	56
4466	57
4467	65
4468	65
4469	55
4470	61
4471	52
4472	57
4473	51
4474	47
4475	61
4476	57
4477	60
4478	51
4479	51
4480	58
4481	56
4482	46
4483	57
4484	66
4485	62
4486	70
4487	55
4488	41
4489	67
4490	50
4491	62
4492	58
4493	53
4494	46
4495	50
4496	55
4497	46
4498	54
4499	44
4500	65
4501	65
4502	52
4503	58
4504	63
4505	72
4506	53
4507	55
4508	56
4509	46
4510	51
4511	35
4512	52
4513	50
4514	42
4515	50
4516	53
4517	42
4518	60
4519	58
4520	53
4521	40
4522	42
4523	44
4524	47
4525	42
4526	41
4527	41
4528	50
4529	48
4530	42
4531	45
4532	64
4533	47
4534	32
4535	49
4536	52
4537	53
4538	49
4539	49
4540	42
4541	53
4542	42
4543	43
4544	45
4545	39
4546	53
4547	46
4548	51
4549	45
4550	55
4551	50
4552	40
4553	49
4554	43
4555	43
4556	47
4557	47
4558	50
4559	44
4560	35
4561	36
4562	37
4563	34
4564	43
4565	36
4566	53
4567	37
4568	53
4569	38
4570	38
4571	44
4572	37
4573	32
4574	41
4575	54
4576	31
4577	44
4578	40
4579	43
4580	40
4581	45
4582	37
4583	42
4584	42
4585	36
4586	39
4587	43
4588	32
4589	47
4590	33
4591	38
4592	42
4593	36
4594	35
4595	30
4596	31
4597	50
4598	31
4599	39
4600	48
4601	36
4602	35
4603	33
4604	43
4605	35
4606	33
4607	39
4608	38
4609	42
4610	41
4611	46
4612	33
4613	44
4614	41
4615	42
4616	46
4617	45
4618	30
4619	39
4620	35
4621	37
4622	27
4623	33
4624	33
4625	33
4626	31
4627	31
4628	28
4629	38
4630	27
4631	32
4632	35
4633	32
4634	37
4635	32
4636	26
4637	47
4638	42
4639	26
4640	33
4641	31
4642	33
4643	35
4644	30
4645	35
4646	33
4647	35
4648	35
4649	24
4650	29
4651	28
4652	37
4653	34
4654	28
4655	34
4656	28
4657	35
4658	31
4659	31
4660	32
4661	34
4662	37
4663	30
4664	28
4665	25
4666	21
4667	24
4668	38
4669	26
4670	32
4671	35
4672	32
4673	31
4674	26
4675	38
4676	35
4677	22
4678	29
4679	35
4680	28
4681	42
4682	33
4683	31
4684	40
4685	34
4686	35
4687	24
4688	37
4689	28
4690	31
4691	27
4692	25
4693	28
4694	33
4695	35
4696	28
4697	37
4698	34
4699	36
4700	40
4701	36
4702	37
4703	36
4704	35
4705	29
4706	50
4707	35
4708	25
4709	26
4710	36
4711	38
4712	36
4713	33
4714	36
4715	27
4716	32
4717	32
4718	36
4719	30
4720	31
4721	34
4722	40
4723	35
4724	30
4725	35
4726	37
4727	31
4728	25
4729	31
4730	43
4731	39
4732	31
4733	32
4734	28
4735	36
4736	39
4737	33
4738	35
4739	37
4740	18
4741	30
4742	33
4743	36
4744	48
4745	37
4746	37
4747	43
4748	30
4749	37
4750	30
4751	32
4752	40
4753	33
4754	31
4755	55
4756	46
4757	33
4758	29
4759	38
4760	47
4761	39
4762	50
4763	44
4764	43
4765	35
4766	40
4767	42
4768	44
4769	46
4770	36
4771	35
4772	57
4773	44
4774	42
4775	41
4776	35
4777	48
4778	33
4779	51
4780	45
4781	45
4782	33
4783	41
4784	40
4785	54
4786	46
4787	50
4788	63
4789	42
4790	47
4791	52
4792	39
4793	47
4794	53
4795	37
4796	43
4797	52
4798	54
4799	48
4800	55
4801	40
4802	38
4803	50
4804	51
4805	56
4806	60
4807	38
4808	44
4809	59
4810	58
4811	52
4812	53
4813	59
4814	44
4815	50
4816	61
4817	55
4818	54
4819	65
4820	56
4821	55
4822	61
4823	48
4824	52
4825	56
4826	53
4827	50
4828	59
4829	51
4830	63
4831	69
4832	56
4833	51
4834	49
4835	57
4836	66
4837	61
4838	71
4839	73
4840	73
4841	68
4842	61
4843	65
4844	54
4845	63
4846	47
4847	81
4848	56
4849	54
4850	60
4851	81
4852	72
4853	79
4854	58
4855	62
4856	61
4857	86
4858	60
4859	80
4860	68
4861	69
4862	61
4863	74
4864	76
4865	87
4866	87
4867	63
4868	85
4869	64
4870	87
4871	89
4872	74
4873	77
4874	79
4875	76
4876	66
4877	66
4878	74
4879	71
4880	91
4881	76
4882	94
4883	83
4884	96
4885	69
4886	100
4887	94
4888	99
4889	88
4890	78
4891	82
4892	90
4893	94
4894	75
4895	87
4896	84
4897	92
4898	79
4899	98
4900	95
4901	101
4902	82
4903	86
4904	106
4905	104
4906	94
4907	87
4908	88
4909	74
4910	92
4911	88
4912	87
4913	105
4914	91
4915	89
4916	93
4917	89
4918	92
4919	106
4920	91
4921	98
4922	99
4923	83
4924	103
4925	89
4926	119
4927	96
4928	90
4929	109
4930	92
4931	109
4932	105
4933	98
4934	120
4935	114
4936	97
4937	95
4938	103
4939	112
4940	119
4941	99
4942	102
4943	94
4944	107
4945	100
4946	114
4947	111
4948	92
4949	105
4950	98
4951	106
4952	119
4953	103
4954	123
4955	116
4956	95
4957	111
4958	110
4959	117
4960	98
4961	133
4962	101
4963	110
4964	110
4965	117
4966	114
4967	109
4968	114
4969	131
4970	122
4971	119
4972	124
4973	126
4974	130
4975	126
4976	117
4977	119
4978	126
4979	120
4980	113
4981	135
4982	120
4983	112
4984	112
4985	115
4986	114
4987	126
4988	131
4989	126
4990	122
4991	131
4992	116
4993	122
4994	135
4995	134
4996	129
4997	120
4998	131
4999	139
5000	124
5001	126
5002	138
5003	139
5004	137
5005	145
5006	148
5007	149
5008	135
5009	116
5010	148
5011	135
5012	145
5013	152
5014	121
5015	147
5016	135
5017	139
5018	127
5019	153
5020	148
5021	127
5022	153
5023	136
5024	136
5025	131
5026	157
5027	136
5028	152
5029	131
5030	157
5031	145
5032	167
5033	133
5034	147
5035	150
5036	133
5037	118
5038	161
5039	139
5040	160
5041	154
5042	149
5043	144
5044	157
5045	142
5046	148
5047	163
5048	137
5049	150
5050	146
5051	162
5052	135
5053	161
5054	154
5055	143
5056	157
5057	150
5058	150
5059	145
5060	154
5061	158
5062	141
5063	155
5064	170
5065	131
5066	190
5067	172
5068	164
5069	176
5070	174
5071	173
5072	156
5073	156
5074	183
5075	169
5076	156
5077	158
5078	166
5079	174
5080	158
5081	151
5082	152
5083	146
5084	119
5085	173
5086	171
5087	160
5088	146
5089	166
5090	151
5091	140
5092	169
5093	163
5094	171
5095	186
5096	152
5097	165
5098	161
5099	160
5100	167
5101	172
5102	182
5103	154
5104	187
5105	170
5106	171
5107	158
5108	153
5109	148
5110	181
5111	159
5112	162
5113	169
5114	172
5115	165
5116	180
5117	137
5118	174
5119	178
5120	185
5121	150
5122	159
5123	153
5124	182
5125	193
5126	154
5127	188
5128	188
5129	158
5130	160
5131	142
5132	150
5133	179
5134	147
5135	171
5136	162
5137	158
5138	174
5139	164
5140	153
5141	152
5142	163
5143	147
5144	165
5145	147
5146	160
5147	154
5148	150
5149	147
5150	159
5151	138
5152	190
5153	159
5154	153
5155	157
5156	165
5157	151
5158	173
5159	144
5160	147
5161	170
5162	151
5163	138
5164	144
5165	166
5166	173
5167	151
5168	172
5169	164
5170	192
5171	145
5172	185
5173	162
5174	164
5175	156
5176	165
5177	187
5178	163
5179	145
5180	161
5181	174
5182	158
5183	160
5184	183
5185	175
5186	149
5187	181
5188	171
5189	157
5190	151
5191	152
5192	139
5193	145
5194	166
5195	163
5196	152
5197	147
5198	168
5199	172
5200	160
5201	167
5202	155
5203	139
5204	143
5205	137
5206	161
5207	160
5208	132
5209	168
5210	156
5211	141
5212	146
5213	145
5214	147
5215	150
5216	150
5217	152
5218	149
5219	171
5220	140
5221	156
5222	153
5223	134
5224	144
5225	153
5226	156
5227	160
5228	148
5229	127
5230	149
5231	136
5232	163
5233	165
5234	145
5235	148
5236	153
5237	146
5238	142
5239	152
5240	151
5241	140
5242	134
5243	141
5244	153
5245	184
5246	151
5247	130
5248	153
5249	135
5250	139
5251	124
5252	136
5253	150
5254	124
5255	147
5256	141
5257	139
5258	131
5259	146
5260	122
5261	150
5262	139
5263	130
5264	135
5265	116
5266	154
5267	115
5268	134
5269	129
5270	148
5271	122
5272	149
5273	128
5274	142
5275	139
5276	133
5277	141
5278	145
5279	122
5280	142
5281	134
5282	155
5283	126
5284	135
5285	126
5286	148
5287	127
5288	121
5289	139
5290	118
5291	116
5292	107
5293	149
5294	115
5295	114
5296	127
5297	105
5298	127
5299	146
5300	133
5301	122
5302	112
5303	126
5304	127
5305	120
5306	133
5307	127
5308	119
5309	116
5310	130
5311	146
5312	109
5313	118
5314	113
5315	117
5316	116
5317	109
5318	100
5319	124
5320	114
5321	107
5322	128
5323	126
5324	120
5325	95
5326	124
5327	103
5328	101
5329	109
5330	131
5331	107
5332	109
5333	126
5334	104
5335	98
5336	108
5337	112
5338	115
5339	104
5340	103
5341	87
5342	119
5343	122
5344	128
5345	110
5346	104
5347	111
5348	100
5349	107
5350	102
5351	106
5352	97
5353	115
5354	131
5355	101
5356	122
5357	100
5358	99
5359	101
5360	97
5361	120
5362	106
5363	102
5364	95
5365	89
5366	92
5367	104
5368	84
5369	122
5370	102
5371	111
5372	94
5373	87
5374	105
5375	114
5376	84
5377	92
5378	94
5379	103
5380	83
5381	93
5382	88
5383	105
5384	115
5385	95
5386	116
5387	108
5388	91
5389	94
5390	86
5391	85
5392	115
5393	92
5394	86
5395	90
5396	101
5397	94
5398	94
5399	80
5400	88
5401	84
5402	99
5403	91
5404	95
5405	87
5406	92
5407	98
5408	89
5409	101
5410	91
5411	92
5412	93
5413	102
5414	83
5415	101
5416	89
5417	78
5418	85
5419	77
5420	86
5421	86
5422	78
5423	85
5424	90
5425	68
5426	98
5427	91
5428	88
5429	83
5430	90
5431	107
5432	77
5433	85
5434	94
5435	82
5436	85
5437	92
5438	88
5439	74
5440	98
5441	86
5442	76
5443	82
5444	83
5445	86
5446	92
5447	86
5448	66
5449	89
5450	93
5451	77
5452	86
5453	83
5454	83
5455	96
5456	76
5457	77
5458	83
5459	82
5460	95
5461	59
5462	74
5463	93
5464	74
5465	84
5466	85
5467	75
5468	95
5469	99
5470	85
5471	89
5472	74
5473	101
5474	98
5475	76
5476	65
5477	76
5478	73
5479	74
5480	84
5481	82
5482	74
5483	77
5484	95
5485	77
5486	79
5487	84
5488	86
5489	82
5490	87
5491	84
5492	66
5493	72
5494	91
5495	73
5496	86
5497	80
5498	70
5499	70
5500	73
5501	55
5502	91
5503	88
5504	85
5505	68
5506	83
5507	70
5508	76
5509	92
5510	81
5511	88
5512	73
5513	76
5514	73
5515	79
5516	71
5517	71
5518	87
5519	73
5520	73
5521	73
5522	78
5523	90
5524	78
5525	82
5526	72
5527	79
5528	91
5529	71
5530	74
5531	75
5532	63
5533	70
5534	67
5535	79
5536	86
5537	73
5538	77
5539	84
5540	78
5541	75
5542	71
5543	60
5544	75
5545	73
5546	60
5547	71
5548	70
5549	74
5550	69
5551	74
5552	81
5553	66
5554	85
5555	77
5556	69
5557	89
5558	63
5559	86
5560	67
5561	93
5562	69
5563	84
5564	64
5565	84
5566	81
5567	76
5568	74
5569	93
5570	60
5571	63
5572	66
5573	75
5574	74
5575	64
5576	74
5577	60
5578	66
5579	84
5580	80
5581	67
5582	72
5583	84
5584	67
5585	90
5586	52
5587	66
5588	78
5589	82
5590	59
5591	65
5592	61
5593	57
5594	71
5595	74
5596	71
5597	68
5598	82
5599	66
5600	70
5601	82
5602	66
5603	67
5604	64
5605	71
5606	59
5607	71
5608	75
5609	69
5610	58
5611	65
5612	56
5613	71
5614	57
5615	62
5616	74
5617	81
5618	68
5619	71
5620	74
5621	69
5622	82
5623	87
5624	64
5625	76
5626	66
5627	78
5628	72
5629	69
5630	69
5631	64
5632	68
5633	63
5634	73
5635	81
5636	70
5637	72
5638	77
5639	73
5640	69
5641	80
5642	62
5643	80
5644	85
5645	73
5646	63
5647	74
5648	82
5649	68
5650	57
5651	68
5652	72
5653	78
5654	79
5655	66
5656	59
5657	82
5658	69
5659	66
5660	77
5661	51
5662	71
5663	70
5664	60
5665	68
5666	59
5667	81
5668	63
5669	62
5670	69
5671	61
5672	67
5673	59
5674	61
5675	74
5676	68
5677	64
5678	72
5679	77
5680	56
5681	55
5682	73
5683	76
5684	53
5685	72
5686	51
5687	61
5688	70
5689	77
5690	72
5691	83
5692	72
5693	55
5694	80
5695	53
5696	67
5697	60
5698	51
5699	59
5700	75
5701	70
5702	62
5703	77
5704	51
5705	70
5706	49
5707	53
5708	73
5709	65
5710	67
5711	52
5712	60
5713	72
5714	74
5715	56
5716	67
5717	73
5718	49
5719	56
5720	65
5721	61
5722	52
5723	62
5724	53
5725	67
5726	64
5727	60
5728	71
5729	76
5730	65
5731	56
5732	58
5733	58
5734	51
5735	55
5736	51
5737	58
5738	65
5739	61
5740	69
5741	54
5742	55
5743	65
5744	61
5745	70
5746	67
5747	47
5748	62
5749	62
5750	48
5751	65
5752	55
5753	66
5754	63
5755	52
5756	51
5757	58
5758	47
5759	60
5760	56
5761	61
5762	53
5763	53
5764	46
5765	58
5766	68
5767	61
5768	44
5769	54
5770	52
5771	51
5772	54
5773	51
5774	60
5775	47
5776	46
5777	70
5778	49
5779	49
5780	56
5781	50
5782	45
5783	52
5784	62
5785	50
5786	52
5787	52
5788	44
5789	60
5790	59
5791	50
5792	54
5793	45
5794	51
5795	58
5796	50
5797	53
5798	54
5799	48
5800	49
5801	57
5802	54
5803	48
5804	56
5805	35
5806	37
5807	47
5808	45
5809	40
5810	44
5811	37
5812	41
5813	50
5814	37
5815	58
5816	51
5817	39
5818	43
5819	40
5820	53
5821	44
5822	46
5823	43
5824	45
5825	49
5826	55
5827	36
5828	43
5829	52
5830	50
5831	42
5832	43
5833	53
5834	43
5835	44
5836	47
5837	38
5838	53
5839	39
5840	31
5841	49
5842	41
5843	39
5844	47
5845	43
5846	45
5847	45
5848	43
5849	35
5850	49
5851	42
5852	35
5853	40
5854	36
5855	27
5856	40
5857	41
5858	40
5859	39
5860	29
5861	47
5862	42
5863	41
5864	44
5865	31
5866	45
5867	33
5868	37
5869	39
5870	34
5871	45
5872	50
5873	37
5874	36
5875	32
5876	32
5877	43
5878	34
5879	33
5880	29
5881	31
5882	30
5883	35
5884	30
5885	26
5886	35
5887	22
5888	38
5889	37
5890	45
5891	29
5892	36
5893	35
5894	34
5895	42
5896	45
5897	35
5898	33
5899	29
5900	26
5901	30
5902	29
5903	36
5904	25
5905	30
5906	44
5907	32
5908	35
5909	26
5910	35
5911	38
5912	33
5913	30
5914	28
5915	37
5916	33
5917	28
5918	25
5919	24
5920	41
5921	35
5922	30
5923	25
5924	25
5925	30
5926	28
5927	33
5928	34
5929	19
5930	32
5931	36
5932	36
5933	26
5934	29
5935	25
5936	30
5937	34
5938	27
5939	29
5940	26
5941	35
5942	20
5943	27
5944	31
5945	27
5946	30
5947	27
5948	26
5949	38
5950	24
5951	29
5952	34
5953	27
5954	17
5955	15
5956	24
5957	19
5958	24
5959	30
5960	24
5961	41
5962	23
5963	23
5964	20
5965	28
5966	18
5967	28
5968	24
5969	36
5970	16
5971	21
5972	25
5973	17
5974	20
5975	17
5976	22
5977	12
5978	34
5979	21
5980	23
5981	20
5982	26
5983	29
5984	22
5985	21
5986	22
5987	20
5988	22
5989	22
5990	19
5991	34
5992	28
5993	16
5994	19
5995	18
5996	23
5997	16
5998	19
5999	23
6000	26
6001	23
6002	24
6003	24
6004	22
6005	22
6006	29
6007	18
6008	23
6009	22
6010	19
6011	23
6012	16
6013	18
6014	18
6015	20
6016	19
6017	13
6018	20
6019	19
6020	19
6021	18
6022	17
6023	19
6024	24
6025	19
6026	24
6027	21
6028	16
6029	16
6030	23
6031	15
6032	18
6033	26
6034	14
6035	22
6036	13
6037	10
6038	24
6039	24
6040	20
6041	14
6042	27
6043	20
6044	21
6045	17
6046	15
6047	20
6048	20
6049	18
6050	21
6051	20
6052	14
6053	20
6054	18
6055	21
6056	17
6057	24
6058	22
6059	27
6060	15
6061	22
6062	19
6063	21
6064	21
6065	13
6066	19
6067	15
6068	10
6069	18
6070	23
6071	18
6072	17
6073	20
6074	20
6075	15
6076	10
6077	18
6078	9
6079	26
6080	22
6081	27
6082	20
6083	18
6084	21
6085	20
6086	17
6087	24
6088	16
6089	19
6090	16
6091	19
6092	18
6093	13
6094	19
6095	11
6096	18
6097	16
6098	19
6099	16
6100	20
6101	16
6102	20
6103	16
6104	17
6105	16
6106	24
6107	14
6108	11
6109	30
6110	17
6111	17
6112	9
6113	22
6114	12
6115	19
6116	13
6117	13
6118	24
6119	19
6120	24
6121	16
6122	22
6123	19
6124	17
6125	13
6126	22
6127	15
6128	20
6129	17
6130	30
6131	17
6132	21
6133	13
6134	15
6135	15
6136	25
6137	12
6138	15
6139	28
6140	17
6141	25
6142	17
6143	18
6144	14
6145	17
6146	15
6147	21
6148	19
6149	22
6150	19
6151	20
6152	22
6153	21
6154	17
6155	17
6156	22
6157	25
6158	16
6159	25
6160	19
6161	18
6162	24
6163	22
6164	14
6165	16
6166	23
6167	22
6168	26
6169	17
6170	14
6171	18
6172	24
6173	20
6174	27
6175	16
6176	20
6177	23
6178	23
6179	23
6180	16
6181	21
6182	14
6183	19
6184	13
6185	20
6186	19
6187	25
6188	21
6189	24
6190	18
6191	20
6192	18
6193	13
6194	16
6195	22
6196	14
6197	14
6198	16
6199	19
6200	23
6201	22
6202	19
6203	20
6204	19
6205	21
6206	20
6207	23
6208	26
6209	13
6210	15
6211	19
6212	18
6213	17
6214	23
6215	28
6216	29
6217	18
6218	25
6219	16
6220	14
6221	22
6222	17
6223	12
6224	21
6225	20
6226	19
6227	20
6228	17
6229	28
6230	25
6231	31
6232	21
6233	23
6234	17
6235	18
6236	20
6237	20
6238	24
6239	30
6240	22
6241	28
6242	19
6243	21
6244	21
6245	15
6246	12
6247	15
6248	22
6249	29
6250	27
6251	21
6252	19
6253	21
6254	24
6255	24
6256	24
6257	17
6258	14
6259	18
6260	18
6261	24
6262	16
6263	20
6264	20
6265	11
6266	26
6267	25
6268	21
6269	19
6270	31
6271	23
6272	20
6273	25
6274	25
6275	15
6276	28
6277	15
6278	16
6279	19
6280	18
6281	31
6282	23
6283	18
6284	17
6285	25
6286	21
6287	18
6288	19
6289	23
6290	15
6291	22
6292	28
6293	33
6294	19
6295	26
6296	21
6297	21
6298	22
6299	26
6300	28
6301	20
6302	24
6303	19
6304	24
6305	25
6306	21
6307	22
6308	28
6309	25
6310	20
6311	19
6312	14
6313	16
6314	18
6315	23
6316	24
6317	23
6318	23
6319	20
6320	16
6321	23
6322	30
6323	25
6324	23
6325	27
6326	16
6327	20
6328	23
6329	21
6330	24
6331	28
6332	23
6333	29
6334	20
6335	20
6336	32
6337	27
6338	22
6339	23
6340	18
6341	20
6342	27
6343	29
6344	24
6345	23
6346	21
6347	26
6348	28
6349	27
6350	20
6351	26
6352	25
6353	23
6354	24
6355	23
6356	23
6357	25
6358	24
6359	25
6360	21
6361	32
6362	19
6363	28
6364	22
6365	25
6366	28
6367	25
6368	24
6369	38
6370	30
6371	24
6372	21
6373	23
6374	20
6375	26
6376	24
6377	21
6378	31
6379	20
6380	16
6381	27
6382	32
6383	21
6384	31
6385	26
6386	23
6387	27
6388	21
6389	22
6390	24
6391	26
6392	14
6393	17
6394	44
6395	20
6396	28
6397	22
6398	23
6399	24
6400	21
6401	22
6402	18
6403	21
6404	22
6405	22
6406	28
6407	18
6408	19
6409	31
6410	17
6411	27
6412	29
6413	28
6414	20
6415	25
6416	20
6417	37
6418	21
6419	22
6420	18
6421	26
6422	23
6423	23
6424	14
6425	25
6426	22
6427	35
6428	28
6429	28
6430	16
6431	32
6432	19
6433	24
6434	30
6435	31
6436	17
6437	21
6438	19
6439	20
6440	22
6441	14
6442	22
6443	20
6444	21
6445	18
6446	30
6447	20
6448	22
6449	22
6450	30
6451	26
6452	17
6453	30
6454	25
6455	14
6456	23
6457	19
6458	17
6459	22
6460	25
6461	25
6462	29
6463	21
6464	35
6465	17
6466	28
6467	23
6468	24
6469	24
6470	27
6471	25
6472	29
6473	21
6474	16
6475	16
6476	21
6477	22
6478	27
6479	26
6480	13
6481	23
6482	23
6483	24
6484	18
6485	20
6486	17
6487	23
6488	15
6489	25
6490	21
6491	15
6492	15
6493	26
6494	18
6495	18
6496	18
6497	15
6498	20
6499	20
6500	17
6501	23
6502	26
6503	13
6504	16
6505	31
6506	17
6507	14
6508	16
6509	26
6510	16
6511	21
6512	15
6513	12
6514	19
6515	18
6516	23
6517	19
6518	22
6519	17
6520	25
6521	16
6522	22
6523	20
6524	15
6525	26
6526	22
6527	26
6528	20
6529	16
6530	18
6531	19
6532	23
6533	18
6534	15
6535	25
6536	17
6537	19
6538	20
6539	14
6540	11
6541	21
6542	14
6543	19
6544	15
6545	24
6546	17
6547	26
6548	19
6549	30
6550	16
6551	17
6552	14
6553	19
6554	17
6555	17
6556	28
6557	26
6558	23
6559	18
6560	17
6561	20
6562	19
6563	15
6564	18
6565	22
6566	15
6567	21
6568	12
6569	13
6570	22
6571	22
6572	18
6573	18
6574	22
6575	16
6576	26
6577	22
6578	19
6579	13
6580	23
6581	20
6582	27
6583	12
6584	20
6585	20
6586	18
6587	14
6588	17
6589	16
6590	18
6591	18
6592	20
6593	16
6594	21
6595	12
6596	14
6597	10
6598	20
6599	11
6600	15
6601	16
6602	21
6603	13
6604	20
6605	18
6606	11
6607	10
6608	15
6609	25
6610	12
6611	10
6612	13
6613	20
6614	18
6615	17
6616	19
6617	12
6618	19
6619	7
6620	18
6621	16
6622	14
6623	13
6624	12
6625	14
6626	18
6627	24
6628	15
6629	17
6630	9
6631	17
6632	13
6633	12
6634	22
6635	15
6636	16
6637	8
6638	20
6639	18
6640	15
6641	14
6642	16
6643	20
6644	10
6645	16
6646	18
6647	15
6648	18
6649	15
6650	13
6651	13
6652	15
6653	8
6654	7
6655	13
6656	12
6657	10
6658	10
6659	19
6660	13
6661	11
6662	10
6663	13
6664	12
6665	17
6666	15
6667	22
6668	9
6669	18
6670	9
6671	17
6672	15
6673	10
6674	13
6675	15
6676	9
6677	12
6678	8
6679	9
6680	17
6681	17
6682	7
6683	14
6684	12
6685	16
6686	8
6687	8
6688	9
6689	9
6690	13
6691	12
6692	7
6693	9
6694	13
6695	8
6696	10
6697	14
6698	4
6699	7
6700	8
6701	12
6702	4
6703	9
6704	5
6705	5
6706	5
6707	9
6708	7
6709	8
6710	16
6711	9
6712	9
6713	5
6714	11
6715	5
6716	12
6717	11
6718	8
6719	8
6720	9
6721	4
6722	15
6723	13
6724	10
6725	9
6726	11
6727	6
6728	7
6729	4
6730	10
6731	8
6732	8
6733	7
6734	8
6735	9
6736	9
6737	10
6738	8
6739	8
6740	7
6741	9
6742	8
6743	10
6744	9
6745	15
6746	8
6747	10
6748	10
6749	10
6750	7
6751	9
6752	6
6753	5
6754	5
6755	2
6756	5
6757	7
6758	10
6759	6
6760	8
6761	8
6762	7
6763	10
6764	4
6765	3
6766	5
6767	10
6768	15
6769	8
6770	5
6771	8
6772	9
6773	12
6774	4
6775	8
6776	5
6777	8
6778	10
6779	7
6780	6
6781	5
6782	4
6783	9
6784	7
6785	6
6786	6
6787	10
6788	5
6789	9
6790	12
6791	6
6792	10
6793	4
6794	6
6795	4
6796	5
6797	6
6798	5
6799	7
6800	12
6801	3
6802	8
6803	3
6804	10
6805	9
6806	6
6807	9
6808	8
6809	7
6810	3
6811	6
6812	4
6813	5
6814	7
6815	10
6816	4
6817	12
6818	8
6819	4
6820	8
6821	4
6822	12
6823	7
6824	8
6825	7
6826	8
6827	6
6828	3
6829	7
6830	3
6831	5
6832	2
6833	4
6834	5
6835	8
6836	2
6837	3
6838	5
6839	4
6840	3
6841	6
6842	5
6843	7
6844	9
6845	5
6846	1
6847	5
6848	5
6849	3
6850	6
6851	8
6852	4
6853	7
6854	4
6855	6
6856	4
6857	3
6858	3
6859	1
6860	3
6861	4
6862	5
6863	10
6864	6
6865	7
6866	3
6867	6
6868	3
6869	5
6870	3
6871	6
6872	2
6873	2
6874	5
6875	4
6876	2
6877	1
6878	4
6879	1
6880	4
6881	6
6882	8
6883	8
6884	3
6885	1
6886	6
6887	3
6888	8
6889	7
6890	5
6891	3
6892	4
6893	7
6894	3
6895	3
6896	5
6897	6
6898	3
6899	3
6900	5
6901	2
6902	3
6903	4
6904	2
6905	4
6906	2
6907	4
6908	5
6909	9
6910	4
6911	3
6912	5
6913	4
6914	2
6915	1
6916	6
6917	4
6918	4
6919	4
6920	5
6921	3
6922	4
6923	3
6924	3
6925	2
6926	4
6927	3
6928	5
6929	5
6930	5
6931	4
6932	4
6933	8
6934	1
6935	2
6936	5
6937	6
6938	4
6939	3
6940	2
6941	4
6942	7
6943	5
6944	6
6945	5
6946	6
6947	6
6948	3
6949	4
6950	4
6951	8
6952	11
6953	5
6954	6
6955	2
6956	4
6957	3
6958	5
6959	4
6960	6
6961	5
6962	2
6963	4
6964	5
6965	3
6966	2
6967	2
6968	4
6969	4
6970	4
6971	4
6972	4
6973	3
6974	6
6975	3
6976	4
6977	3
6978	7
6979	9
6980	5
6981	3
6982	7
6983	2
6984	4
6985	5
6986	5
6987	3
6988	4
6989	9
6990	2
6991	3
6992	2
6993	4
6994	8
6995	6
6996	3
6997	4
6998	1
6999	7
7000	9
7001	4
7002	3
7003	5
7004	2
7005	6
7006	3
7007	2
7008	6
7009	1
7010	4
7011	6
7012	6
7013	6
7014	4
7015	7
7016	2
7017	3
7018	3
7019	3
7020	4
7021	3
7022	5
7023	3
7024	3
7025	4
7026	5
7027	3
7028	5
7029	1
7030	4
7031	6
7032	3
7033	2
7034	4
7035	2
7036	5
7037	3
7038	6
7039	1
7040	6
7041	3
7042	3
7043	3
7044	4
7045	3
7046	3
7047	2
7048	3
7049	5
7050	2
7051	4
7052	1
7053	6
7054	6
7055	3
7056	6
7057	2
7058	4
7059	4
7060	4
7061	4
7062	2
7063	3
7064	5
7065	2
7066	4
7067	4
7068	3
7069	6
7070	3
7071	2
7072	2
7073	3
7074	4
7075	2
7076	2
7077	4
7078	2
7079	2
7080	4
7081	4
7082	4
7083	2
7084	6
7085	3
7086	5
7087	2
7088	1
7089	5
7090	3
7091	2
7092	0
7093	2
7094	2
7095	1
7096	6
7097	4
7098	2
7099	1
7100	1
7101	1
7102	2
7103	5
7104	3
7105	5
7106	3
7107	6
7108	3
7109	2
7110	3
7111	5
7112	4
7113	2
7114	6
7115	0
7116	5
7117	4
7118	5
7119	2
7120	0
7121	2
7122	1
7123	2
7124	1
7125	1
7126	2
7127	1
7128	2
7129	5
7130	2
7131	2
7132	1
7133	6
7134	1
7135	0
7136	4
7137	4
7138	0
7139	1
7140	1
7141	4
7142	1
7143	3
7144	5
7145	2
7146	2
7147	4
7148	2
7149	2
7150	0
7151	5
7152	2
7153	1
7154	2
7155	3
7156	2
7157	4
7158	2
7159	1
7160	1
7161	6
7162	2
7163	3
7164	1
7165	2
7166	1
7167	5
7168	4
7169	3
7170	2
7171	2
7172	3
7173	3
7174	2
7175	3
7176	1
7177	4
7178	0
7179	2
7180	2
7181	3
7182	3
7183	3
7184	3
7185	0
7186	2
7187	1
7188	1
7189	3
7190	3
7191	0
7192	2
7193	0
7194	1
7195	1
7196	2
7197	2
7198	2
7199	3
7200	0
7201	3
7202	2
7203	2
7204	2
7205	1
7206	2
7207	0
7208	3
7209	0
7210	1
7211	4
7212	1
7213	3
7214	2
7215	4
7216	2
7217	3
7218	1
7219	2
7220	1
7221	6
7222	0
7223	2
7224	1
7225	3
7226	1
7227	1
7228	1
7229	1
7230	3
7231	1
7232	0
7233	5
7234	2
7235	0
7236	1
7237	0
7238	0
7239	0
7240	2
7241	1
7242	2
7243	2
7244	1
7245	2
7246	3
7247	1
7248	2
7249	0
7250	1
7251	2
7252	0
7253	0
7254	1
7255	0
7256	2
7257	2
7258	4
7259	4
7260	1
7261	3
7262	2
7263	2
7264	4
7265	1
7266	1
7267	1
7268	1
7269	3
7270	0
7271	1
7272	2
7273	1
7274	1
7275	2
7276	1
7277	1
7278	1
7279	5
7280	1
7281	1
7282	3
7283	0
7284	2
7285	3
7286	1
7287	0
7288	2
7289	0
7290	1
7291	0
7292	1
7293	2
7294	1
7295	2
7296	1
7297	0
7298	2
7299	0
7300	4
7301	2
7302	1
7303	1
7304	3
7305	1
7306	1
7307	0
7308	0
7309	3
7310	1
7311	3
7312	0
7313	4
7314	2
7315	2
7316	1
7317	2
7318	0
7319	1
7320	0
7321	0
7322	1
7323	1
7324	1
7325	2
7326	4
7327	1
7328	1
7329	2
7330	1
7331	0
7332	1
7333	1
7334	0
7335	1
7336	2
7337	1
7338	1
7339	1
7340	0
7341	0
7342	2
7343	1
7344	2
7345	2
7346	2
7347	1
7348	1
7349	1
7350	0
7351	0
7352	1
7353	1
7354	0
7355	1
7356	3
7357	1
7358	2
7359	1
7360	3
7361	1
7362	1
7363	1
7364	0
7365	0
7366	2
7367	0
7368	1
7369	0
7370	1
7371	1
7372	0
7373	2
7374	0
7375	1
7376	1
7377	2
7378	2
7379	0
7380	2
7381	0
7382	0
7383	5
7384	0
7385	1
7386	1
7387	2
7388	0
7389	1
7390	1
7391	3
7392	0
7393	0
7394	1
7395	2
7396	1
7397	3
7398	1
7399	1
7400	0
7401	0
7402	0
7403	2
7404	3
7405	1
7406	0
7407	4
7408	1
7409	0
7410	0
7411	1
7412	0
7413	1
7414	1
7415	1
7416	1
7417	4
7418	0
7419	0
7420	1
7421	0
7422	0
7423	1
7424	2
7425	1
7426	1
7427	1
7428	2
7429	3
7430	0
7431	1
7432	4
7433	0
7434	2
7435	0
7436	1
7437	0
7438	0
7439	1
7440	3
7441	0
7442	0
7443	0
7444	1
7445	0
7446	1
7447	1
7448	1
7449	1
7450	0
7451	1
7452	0
7453	4
7454	2
7455	0
7456	1
7457	0
7458	0
7459	1
7460	0
7461	0
7462	1
7463	0
7464	0
7465	0
7466	0
7467	2
7468	0
7469	0
7470	0
7471	0
7472	1
7473	0
7474	0
7475	2
7476	0
7477	0
7478	1
7479	0
7480	2
7481	0
7482	0
7483	1
7484	2
7485	0
7486	2
7487	1
7488	0
7489	2
7490	1
7491	2
7492	0
7493	0
7494	2
7495	1
7496	1
7497	0
7498	1
7499	0
7500	0
7501	1
7502	3
7503	1
7504	1
7505	0
7506	0
7507	3
7508	0
7509	1
7510	2
7511	0
7512	0
7513	1
7514	0
7515	4
7516	0
7517	0
7518	0
7519	0
7520	0
7521	1
7522	1
7523	1
7524	1
7525	1
7526	2
7527	0
7528	1
7529	0
7530	1
7531	1
7532	1
7533	1
7534	1
7535	0
7536	1
7537	0
7538	1
7539	1
7540	1
7541	2
7542	0
7543	0
7544	0
7545	0
7546	0
7547	1
7548	0
7549	0
7550	1
7551	0
7552	0
7553	1
7554	0
7555	0
7556	1
7557	1
7558	0
7559	0
7560	1
7561	1
7562	2
7563	0
7564	0
7565	1
7566	1
7567	0
7568	1
7569	2
7570	0
7571	0
7572	3
7573	1
7574	0
7575	2
7576	0
7577	1
7578	0
7579	2
7580	1
7581	0
7582	0
7583	1
7584	1
7585	0
7586	0
7587	1
7588	1
7589	1
7590	0
7591	1
7592	0
7593	2
7594	1
7595	0
7596	0
7597	1
7598	0
7599	0
7600	0
7601	0
7602	3
7603	1
7604	1
7605	1
7606	0
7607	1
7608	0
7609	0
7610	1
7611	2
7612	0
7613	4
7614	0
7615	0
7616	1
7617	0
7618	0
7619	0
7620	2
7621	0
7622	0
7623	0
7624	1
7625	0
7626	2
7627	1
7628	0
7629	0
7630	2
7631	0
7632	1
7633	1
7634	1
7635	1
7636	1
7637	0
7638	2
7639	0
7640	0
7641	0
7642	0
7643	1
7644	1
7645	0
7646	0
7647	0
7648	2
7649	0
7650	1
7651	1
7652	1
7653	0
7654	0
7655	0
7656	1
7657	2
7658	0
7659	0
7660	0
7661	0
7662	0
7663	0
7664	0
7665	0
7666	0
7667	1
7668	0
7669	1
7670	1
7671	1
7672	2
7673	0
7674	1
7675	0
7676	0
7677	1
7678	0
7679	0
7680	0
7681	1
7682	0
7683	0
7684	0
7685	0
7686	1
7687	0
7688	0
7689	0
7690	0
7691	2
7692	1
7693	1
7694	0
7695	0
7696	1
7697	0
7698	1
7699	1
7700	1
7701	3
7702	2
7703	0
7704	2
7705	2
7706	0
7707	2
7708	1
7709	2
7710	1
7711	0
7712	0
7713	1
7714	0
7715	0
7716	2
7717	0
7718	1
7719	0
7720	0
7721	0
7722	1
7723	0
7724	0
7725	1
7726	1
7727	0
7728	1
7729	1
7730	2
7731	1
7732	0
7733	0
7734	1
7735	1
7736	1
7737	3
7738	0
7739	1
7740	0
7741	1
7742	0
7743	0
7744	1
7745	1
7746	1
7747	2
7748	0
7749	1
7750	1
7751	0
7752	0
7753	1
7754	1
7755	0
7756	1
7757	0
7758	0
7759	0
7760	0
7761	1
7762	1
7763	0
7764	1
7765	0
7766	0
7767	0
7768	1
7769	0
7770	0
7771	1
7772	1
7773	2
7774	0
7775	0
7776	0
7777	0
7778	0
7779	0
7780	0
7781	1
7782	0
7783	0
7784	0
7785	1
7786	0
7787	0
7788	0
7789	0
7790	0
7791	0
7792	0
7793	1
7794	1
7795	2
7796	2
7797	0
7798	0
7799	2
7800	0
7801	1
7802	2
7803	1
7804	1
7805	0
7806	0
7807	0
7808	1
7809	0
7810	0
7811	0
7812	1
7813	0
7814	0
7815	1
7816	0
7817	1
7818	0
7819	3
7820	0
7821	1
7822	0
7823	1
7824	0
7825	1
7826	0
7827	0
7828	1
7829	0
7830	1
7831	0
7832	3
7833	1
7834	1
7835	0
7836	1
7837	0
7838	0
7839	2
7840	0
7841	0
7842	0
7843	2
7844	1
7845	3
7846	1
7847	1
7848	0
7849	0
7850	0
7851	0
7852	1
7853	1
7854	0
7855	0
7856	1
7857	0
7858	0
7859	1
7860	0
7861	1
7862	0
7863	1
7864	2
7865	0
7866	1
7867	0
7868	1
7869	0
7870	0
7871	3
7872	0
7873	0
7874	0
7875	0
7876	0
7877	2
7878	0
7879	0
7880	0
7881	1
7882	2
7883	0
7884	0
7885	1
7886	0
7887	0
7888	1
7889	0
7890	0
7891	1
7892	0
7893	0
7894	2
7895	1
7896	1
7897	0
7898	1
7899	0
7900	0
7901	0
7902	0
7903	1
7904	0
7905	0
7906	0
7907	1
7908	1
7909	0
7910	1
7911	0
7912	1
7913	0
7914	1
7915	2
7916	0
7917	0
7918	0
7919	0
7920	0
7921	0
7922	1
7923	0
7924	0
7925	0
7926	2
7927	0
7928	0
7929	1
7930	0
7931	1
7932	0
7933	0
7934	0
7935	1
7936	1
7937	0
7938	0
7939	0
7940	0
7941	2
7942	2
7943	0
7944	0
7945	0
7946	1
7947	1
7948	0
7949	1
7950	0
7951	1
7952	1
7953	0
7954	0
7955	0
7956	0
7957	0
7958	1
7959	0
7960	0
7961	0
7962	0
7963	3
7964	0
7965	0
7966	1
7967	2
7968	0
7969	0
7970	1
7971	0
7972	1
7973	1
7974	1
7975	0
7976	1
7977	0
7978	1
7979	0
7980	1
7981	0
7982	2
7983	0
7984	1
7985	0
7986	0
7987	1
7988	1
7989	0
7990	1
7991	1
7992	2
7993	0
7994	1
7995	0
7996	1
7997	0
7998	1
7999	0
8000	0
8001	1
8002	0
8003	0
8004	0
8005	1
8006	0
8007	1
8008	1
8009	0
8010	0
8011	1
8012	1
8013	0
8014	2
8015	0
8016	0
8017	0
8018	1
8019	0
8020	0
8021	0
8022	0
8023	0
8024	0
8025	0
8026	0
8027	0
8028	0
8029	1
8030	0
8031	0
8032	1
8033	1
8034	0
8035	4
8036	0
8037	4
8038	1
8039	0
8040	0
8041	1
8042	1
8043	0
8044	1
8045	0
8046	0
8047	0
8048	0
8049	1
8050	1
8051	0
8052	0
8053	0
8054	1
8055	0
8056	1
8057	0
8058	0
8059	0
8060	1
8061	1
8062	1
8063	0
8064	0
8065	1
8066	0
8067	0
8068	1
8069	1
8070	1
8071	0
8072	0
8073	1
8074	0
8075	1
8076	0
8077	1
8078	0
8079	0
8080	0
8081	1
8082	0
8083	0
8084	0
8085	1
8086	1
8087	1
8088	1
8089	0
8090	1
8091	1
8092	0
8093	1
8094	0
8095	2
8096	1
8097	1
8098	0
8099	0
8100	0
8101	0
8102	0
8103	1
8104	0
8105	1
8106	0
8107	0
8108	0
8109	1
8110	0
8111	0
8112	1
8113	0
8114	0
8115	0
8116	0
8117	0
8118	0
8119	0
8120	0
8121	0
8122	0
8123	0
8124	1
8125	0
8126	0
8127	0
8128	0
8129	1
8130	0
8131	1
8132	0
8133	0
8134	0
8135	0
8136	0
8137	0
8138	0
8139	1
8140	0
8141	1
8142	0
8143	0
8144	0
8145	0
8146	0
8147	0
8148	0
8149	0
8150	0
8151	0
8152	0
8153	0
8154	0
8155	0
8156	0
8157	0
8158	1
8159	0
8160	0
8161	0
8162	0
8163	0
8164	0
8165	0
8166	0
8167	0
8168	0
8169	0
8170	0
8171	0
8172	0
8173	0
8174	0
8175	0
8176	0
8177	0
8178	0
8179	0
8180	0
8181	0
8182	0
8183	0
8184	0
8185	0
8186	0
8187	0
8188	0
8189	0
8190	0
8191	0
