0	0
1	0
2	0
3	0
4	0
5	0
6	0
7	0
8	0
9	0
10	0
11	0
12	0
13	0
14	0
15	0
16	0
17	0
18	0
19	0
20	0
21	0
22	0
23	0
24	0
25	0
26	0
27	0
28	0
29	0
30	0
31	0
32	0
33	0
34	0
35	0
36	0
37	0
38	0
39	0
40	0
41	0
42	0
43	0
44	0
45	0
46	0
47	0
48	0
49	0
50	0
51	0
52	0
53	0
54	0
55	0
56	0
57	0
58	0
59	0
60	0
61	0
62	0
63	0
64	0
65	0
66	0
67	0
68	0
69	0
70	0
71	0
72	0
73	0
74	0
75	0
76	0
77	0
78	0
79	0
80	0
81	0
82	0
83	0
84	0
85	0
86	0
87	0
88	0
89	0
90	0
91	0
92	0
93	0
94	0
95	0
96	0
97	0
98	0
99	0
100	0
101	0
102	0
103	0
104	0
105	0
106	0
107	0
108	0
109	0
110	0
111	0
112	0
113	0
114	0
115	0
116	0
117	0
118	0
119	0
120	0
121	0
122	0
123	0
124	0
125	0
126	0
127	0
128	0
129	0
130	0
131	0
132	0
133	0
134	0
135	0
136	0
137	0
138	0
139	0
140	0
141	0
142	0
143	0
144	0
145	0
146	0
147	0
148	0
149	0
150	0
151	0
152	0
153	0
154	0
155	0
156	0
157	0
158	0
159	0
160	0
161	0
162	0
163	0
164	0
165	0
166	0
167	0
168	0
169	0
170	0
171	0
172	0
173	0
174	0
175	0
176	0
177	0
178	0
179	0
180	0
181	0
182	0
183	0
184	0
185	0
186	0
187	0
188	0
189	0
190	0
191	0
192	0
193	0
194	0
195	0
196	0
197	0
198	0
199	0
200	0
201	0
202	0
203	0
204	0
205	0
206	0
207	0
208	0
209	0
210	0
211	0
212	0
213	0
214	0
215	0
216	0
217	0
218	0
219	0
220	0
221	0
222	0
223	0
224	0
225	0
226	0
227	0
228	0
229	0
230	0
231	0
232	0
233	0
234	0
235	0
236	0
237	0
238	0
239	0
240	0
241	0
242	0
243	0
244	0
245	0
246	0
247	0
248	0
249	0
250	0
251	0
252	0
253	0
254	0
255	0
256	0
257	0
258	0
259	0
260	0
261	0
262	0
263	0
264	0
265	0
266	0
267	0
268	0
269	0
270	0
271	0
272	0
273	0
274	0
275	0
276	1
277	0
278	0
279	0
280	0
281	0
282	0
283	0
284	0
285	0
286	0
287	0
288	0
289	0
290	0
291	0
292	0
293	0
294	0
295	0
296	0
297	0
298	0
299	0
300	0
301	0
302	0
303	0
304	0
305	0
306	1
307	0
308	0
309	0
310	0
311	0
312	0
313	0
314	0
315	0
316	0
317	0
318	0
319	0
320	0
321	0
322	0
323	0
324	0
325	0
326	0
327	0
328	0
329	0
330	0
331	0
332	0
333	0
334	0
335	0
336	0
337	0
338	0
339	0
340	0
341	0
342	0
343	0
344	0
345	0
346	0
347	0
348	0
349	0
350	0
351	0
352	0
353	0
354	0
355	0
356	0
357	0
358	0
359	0
360	0
361	0
362	0
363	0
364	0
365	0
366	0
367	0
368	1
369	0
370	0
371	0
372	0
373	0
374	0
375	0
376	0
377	0
378	0
379	0
380	0
381	0
382	0
383	0
384	0
385	0
386	0
387	0
388	0
389	0
390	1
391	0
392	0
393	0
394	0
395	0
396	0
397	0
398	0
399	0
400	0
401	0
402	0
403	1
404	0
405	0
406	0
407	0
408	0
409	0
410	0
411	0
412	0
413	0
414	0
415	0
416	0
417	0
418	0
419	0
420	0
421	0
422	0
423	0
424	0
425	0
426	0
427	0
428	0
429	0
430	0
431	0
432	0
433	0
434	0
435	0
436	0
437	0
438	1
439	0
440	0
441	0
442	0
443	0
444	0
445	0
446	0
447	0
448	0
449	0
450	0
451	0
452	0
453	0
454	0
455	0
456	0
457	0
458	0
459	1
460	0
461	0
462	0
463	0
464	0
465	0
466	0
467	0
468	0
469	0
470	0
471	0
472	0
473	0
474	0
475	0
476	0
477	0
478	0
479	0
480	0
481	0
482	0
483	1
484	0
485	0
486	0
487	0
488	0
489	0
490	0
491	0
492	0
493	0
494	0
495	0
496	0
497	1
498	0
499	0
500	0
501	0
502	0
503	0
504	0
505	0
506	0
507	0
508	0
509	0
510	0
511	0
512	0
513	0
514	0
515	0
516	0
517	0
518	0
519	0
520	0
521	0
522	0
523	0
524	0
525	0
526	0
527	0
528	0
529	1
530	0
531	0
532	0
533	0
534	0
535	0
536	1
537	0
538	0
539	0
540	0
541	0
542	1
543	1
544	0
545	1
546	0
547	2
548	0
549	0
550	1
551	1
552	0
553	1
554	0
555	0
556	0
557	0
558	1
559	1
560	0
561	1
562	0
563	1
564	0
565	0
566	0
567	0
568	0
569	1
570	1
571	0
572	0
573	0
574	0
575	1
576	1
577	0
578	0
579	0
580	1
581	0
582	1
583	1
584	2
585	1
586	1
587	0
588	0
589	1
590	2
591	1
592	2
593	3
594	0
595	1
596	2
597	0
598	1
599	0
600	0
601	1
602	1
603	1
604	0
605	1
606	2
607	3
608	1
609	1
610	2
611	1
612	1
613	1
614	1
615	1
616	1
617	0
618	4
619	1
620	2
621	1
622	2
623	2
624	3
625	1
626	5
627	1
628	2
629	2
630	0
631	3
632	4
633	2
634	4
635	1
636	3
637	2
638	3
639	1
640	2
641	1
642	4
643	9
644	4
645	6
646	5
647	5
648	6
649	3
650	3
651	1
652	3
653	0
654	2
655	4
656	2
657	2
658	4
659	3
660	6
661	4
662	7
663	4
664	1
665	5
666	7
667	5
668	1
669	6
670	7
671	4
672	11
673	8
674	7
675	9
676	8
677	6
678	7
679	12
680	6
681	10
682	13
683	3
684	2
685	9
686	5
687	10
688	10
689	10
690	10
691	11
692	8
693	7
694	6
695	3
696	4
697	3
698	10
699	14
700	11
701	8
702	14
703	12
704	12
705	18
706	13
707	15
708	7
709	13
710	15
711	12
712	11
713	16
714	22
715	13
716	15
717	15
718	7
719	12
720	12
721	18
722	11
723	15
724	11
725	12
726	15
727	25
728	18
729	23
730	15
731	21
732	21
733	16
734	12
735	27
736	19
737	12
738	19
739	18
740	12
741	24
742	19
743	14
744	22
745	21
746	16
747	14
748	21
749	19
750	20
751	23
752	30
753	26
754	25
755	25
756	23
757	16
758	25
759	28
760	22
761	25
762	22
763	17
764	27
765	21
766	30
767	30
768	24
769	26
770	31
771	40
772	22
773	40
774	22
775	38
776	29
777	34
778	29
779	17
780	41
781	37
782	36
783	24
784	27
785	26
786	33
787	29
788	26
789	41
790	32
791	30
792	41
793	37
794	31
795	34
796	34
797	32
798	27
799	36
800	41
801	22
802	29
803	38
804	48
805	36
806	43
807	43
808	32
809	46
810	48
811	38
812	33
813	48
814	35
815	40
816	45
817	36
818	36
819	43
820	37
821	35
822	37
823	44
824	37
825	42
826	36
827	40
828	35
829	32
830	39
831	33
832	38
833	42
834	33
835	41
836	39
837	31
838	34
839	43
840	39
841	33
842	52
843	40
844	41
845	39
846	45
847	45
848	40
849	40
850	49
851	39
852	36
853	39
854	49
855	35
856	35
857	52
858	46
859	30
860	37
861	47
862	47
863	34
864	36
865	52
866	34
867	44
868	51
869	43
870	43
871	42
872	43
873	47
874	46
875	41
876	54
877	42
878	41
879	36
880	35
881	28
882	32
883	43
884	42
885	45
886	37
887	40
888	38
889	47
890	37
891	35
892	48
893	43
894	32
895	36
896	39
897	38
898	34
899	35
900	35
901	27
902	42
903	32
904	26
905	32
906	36
907	29
908	33
909	34
910	42
911	36
912	31
913	28
914	34
915	31
916	31
917	40
918	38
919	30
920	34
921	40
922	25
923	33
924	24
925	35
926	25
927	30
928	41
929	19
930	28
931	21
932	28
933	37
934	31
935	26
936	39
937	33
938	27
939	31
940	23
941	20
942	31
943	23
944	19
945	30
946	27
947	31
948	22
949	21
950	18
951	18
952	22
953	23
954	20
955	20
956	25
957	18
958	17
959	31
960	17
961	17
962	26
963	17
964	12
965	22
966	19
967	17
968	18
969	14
970	20
971	18
972	17
973	14
974	18
975	14
976	23
977	15
978	19
979	13
980	12
981	18
982	18
983	11
984	13
985	16
986	18
987	15
988	19
989	20
990	11
991	13
992	13
993	13
994	5
995	13
996	19
997	8
998	11
999	10
1000	19
1001	10
1002	13
1003	12
1004	10
1005	12
1006	12
1007	11
1008	10
1009	10
1010	10
1011	14
1012	8
1013	5
1014	9
1015	14
1016	3
1017	8
1018	8
1019	11
1020	9
1021	8
1022	10
1023	10
1024	8
1025	6
1026	7
1027	11
1028	8
1029	4
1030	6
1031	9
1032	8
1033	7
1034	9
1035	11
1036	7
1037	6
1038	11
1039	1
1040	6
1041	2
1042	6
1043	6
1044	7
1045	5
1046	3
1047	5
1048	6
1049	7
1050	2
1051	2
1052	6
1053	4
1054	0
1055	5
1056	3
1057	3
1058	2
1059	7
1060	6
1061	3
1062	4
1063	6
1064	7
1065	2
1066	4
1067	1
1068	6
1069	2
1070	2
1071	3
1072	1
1073	1
1074	3
1075	2
1076	2
1077	1
1078	0
1079	1
1080	1
1081	2
1082	1
1083	1
1084	4
1085	1
1086	3
1087	2
1088	2
1089	3
1090	5
1091	1
1092	1
1093	1
1094	2
1095	0
1096	1
1097	1
1098	0
1099	0
1100	3
1101	0
1102	3
1103	0
1104	2
1105	0
1106	0
1107	1
1108	1
1109	0
1110	0
1111	1
1112	4
1113	0
1114	0
1115	1
1116	1
1117	1
1118	0
1119	1
1120	2
1121	2
1122	1
1123	1
1124	0
1125	1
1126	0
1127	1
1128	0
1129	1
1130	0
1131	0
1132	0
1133	0
1134	1
1135	0
1136	0
1137	1
1138	1
1139	1
1140	0
1141	0
1142	0
1143	1
1144	0
1145	0
1146	1
1147	0
1148	0
1149	0
1150	0
1151	1
1152	1
1153	0
1154	0
1155	0
1156	0
1157	1
1158	0
1159	0
1160	1
1161	0
1162	0
1163	0
1164	0
1165	1
1166	0
1167	0
1168	0
1169	0
1170	0
1171	0
1172	0
1173	0
1174	0
1175	0
1176	1
1177	0
1178	0
1179	0
1180	0
1181	0
1182	0
1183	0
1184	0
1185	0
1186	0
1187	1
1188	1
1189	0
1190	0
1191	0
1192	1
1193	0
1194	0
1195	0
1196	0
1197	0
1198	0
1199	0
1200	0
1201	0
1202	0
1203	0
1204	0
1205	0
1206	0
1207	0
1208	0
1209	0
1210	0
1211	0
1212	0
1213	0
1214	0
1215	0
1216	0
1217	0
1218	0
1219	0
1220	0
1221	0
1222	0
1223	0
1224	0
1225	0
1226	0
1227	0
1228	0
1229	0
1230	0
1231	0
1232	0
1233	0
1234	0
1235	0
1236	0
1237	0
1238	0
1239	0
1240	0
1241	0
1242	0
1243	0
1244	0
1245	0
1246	0
1247	0
1248	0
1249	0
1250	0
1251	0
1252	0
1253	0
1254	0
1255	0
1256	0
1257	0
1258	0
1259	0
1260	0
1261	0
1262	0
1263	0
1264	0
1265	0
1266	0
1267	0
1268	0
1269	0
1270	0
1271	0
1272	0
1273	0
1274	0
1275	0
1276	0
1277	1
1278	0
1279	0
1280	0
1281	0
1282	0
1283	0
1284	0
1285	0
1286	0
1287	0
1288	0
1289	0
1290	1
1291	0
1292	0
1293	0
1294	0
1295	0
1296	0
1297	0
1298	0
1299	0
1300	0
1301	0
1302	0
1303	0
1304	0
1305	0
1306	0
1307	0
1308	0
1309	0
1310	0
1311	0
1312	0
1313	0
1314	0
1315	0
1316	0
1317	0
1318	0
1319	0
1320	0
1321	0
1322	0
1323	0
1324	0
1325	0
1326	0
1327	0
1328	0
1329	0
1330	0
1331	0
1332	0
1333	0
1334	0
1335	0
1336	0
1337	0
1338	0
1339	0
1340	0
1341	0
1342	0
1343	0
1344	0
1345	0
1346	0
1347	0
1348	0
1349	0
1350	0
1351	0
1352	0
1353	0
1354	0
1355	0
1356	0
1357	0
1358	0
1359	0
1360	0
1361	0
1362	0
1363	0
1364	0
1365	0
1366	0
1367	0
1368	0
1369	0
1370	0
1371	0
1372	0
1373	0
1374	0
1375	0
1376	0
1377	0
1378	0
1379	0
1380	0
1381	0
1382	0
1383	0
1384	0
1385	0
1386	0
1387	0
1388	0
1389	0
1390	0
1391	0
1392	0
1393	0
1394	0
1395	0
1396	0
1397	0
1398	0
1399	0
1400	0
1401	0
1402	0
1403	0
1404	0
1405	0
1406	0
1407	0
1408	0
1409	0
1410	0
1411	0
1412	0
1413	0
1414	0
1415	0
1416	0
1417	0
1418	0
1419	0
1420	0
1421	0
1422	0
1423	0
1424	0
1425	0
1426	0
1427	0
1428	0
1429	0
1430	0
1431	0
1432	0
1433	0
1434	0
1435	0
1436	0
1437	0
1438	0
1439	0
1440	0
1441	0
1442	0
1443	0
1444	0
1445	0
1446	0
1447	0
1448	0
1449	0
1450	0
1451	0
1452	0
1453	0
1454	0
1455	0
1456	0
1457	1
1458	0
1459	0
1460	0
1461	0
1462	0
1463	0
1464	0
1465	0
1466	0
1467	0
1468	0
1469	0
1470	0
1471	0
1472	0
1473	0
1474	0
1475	1
1476	0
1477	0
1478	0
1479	0
1480	0
1481	0
1482	0
1483	0
1484	0
1485	0
1486	0
1487	0
1488	0
1489	0
1490	0
1491	0
1492	0
1493	0
1494	0
1495	0
1496	0
1497	0
1498	0
1499	0
1500	0
1501	0
1502	0
1503	0
1504	0
1505	0
1506	0
1507	0
1508	0
1509	0
1510	0
1511	0
1512	0
1513	0
1514	0
1515	0
1516	0
1517	0
1518	0
1519	0
1520	0
1521	0
1522	0
1523	0
1524	0
1525	0
1526	0
1527	0
1528	0
1529	1
1530	0
1531	0
1532	0
1533	0
1534	0
1535	0
1536	0
1537	0
1538	0
1539	0
1540	0
1541	0
1542	0
1543	0
1544	0
1545	0
1546	0
1547	0
1548	0
1549	0
1550	0
1551	0
1552	0
1553	0
1554	0
1555	0
1556	0
1557	0
1558	0
1559	0
1560	0
1561	0
1562	0
1563	0
1564	0
1565	0
1566	0
1567	0
1568	0
1569	0
1570	0
1571	0
1572	0
1573	0
1574	0
1575	0
1576	0
1577	0
1578	0
1579	0
1580	0
1581	0
1582	0
1583	0
1584	0
1585	0
1586	0
1587	0
1588	0
1589	0
1590	0
1591	0
1592	0
1593	0
1594	0
1595	0
1596	0
1597	0
1598	0
1599	0
1600	0
1601	0
1602	0
1603	0
1604	0
1605	0
1606	0
1607	0
1608	0
1609	0
1610	0
1611	0
1612	0
1613	0
1614	0
1615	0
1616	0
1617	0
1618	0
1619	0
1620	0
1621	0
1622	0
1623	0
1624	0
1625	0
1626	0
1627	0
1628	0
1629	0
1630	0
1631	0
1632	0
1633	0
1634	0
1635	0
1636	0
1637	0
1638	0
1639	0
1640	0
1641	0
1642	0
1643	0
1644	0
1645	0
1646	0
1647	0
1648	0
1649	0
1650	0
1651	0
1652	0
1653	0
1654	0
1655	0
1656	0
1657	0
1658	0
1659	0
1660	0
1661	0
1662	0
1663	0
1664	0
1665	0
1666	0
1667	0
1668	0
1669	0
1670	0
1671	0
1672	0
1673	0
1674	0
1675	0
1676	0
1677	0
1678	0
1679	0
1680	0
1681	0
1682	0
1683	0
1684	0
1685	0
1686	0
1687	0
1688	0
1689	0
1690	0
1691	0
1692	0
1693	0
1694	0
1695	0
1696	0
1697	0
1698	0
1699	0
1700	0
1701	0
1702	0
1703	0
1704	0
1705	0
1706	0
1707	0
1708	0
1709	0
1710	0
1711	0
1712	1
1713	0
1714	0
1715	0
1716	1
1717	0
1718	0
1719	0
1720	1
1721	0
1722	0
1723	0
1724	0
1725	0
1726	0
1727	0
1728	0
1729	1
1730	0
1731	0
1732	0
1733	0
1734	0
1735	1
1736	0
1737	0
1738	1
1739	0
1740	0
1741	0
1742	0
1743	0
1744	0
1745	0
1746	0
1747	0
1748	0
1749	0
1750	0
1751	0
1752	0
1753	0
1754	0
1755	0
1756	0
1757	0
1758	0
1759	0
1760	0
1761	0
1762	0
1763	0
1764	0
1765	0
1766	0
1767	0
1768	0
1769	0
1770	0
1771	0
1772	0
1773	0
1774	0
1775	0
1776	0
1777	0
1778	0
1779	0
1780	0
1781	0
1782	0
1783	0
1784	0
1785	0
1786	0
1787	0
1788	1
1789	0
1790	0
1791	0
1792	0
1793	0
1794	0
1795	0
1796	0
1797	1
1798	0
1799	0
1800	0
1801	0
1802	0
1803	0
1804	0
1805	1
1806	0
1807	0
1808	2
1809	0
1810	1
1811	0
1812	1
1813	0
1814	0
1815	0
1816	0
1817	0
1818	0
1819	0
1820	0
1821	0
1822	1
1823	1
1824	0
1825	1
1826	0
1827	1
1828	0
1829	1
1830	0
1831	1
1832	1
1833	2
1834	1
1835	1
1836	0
1837	0
1838	0
1839	0
1840	0
1841	1
1842	0
1843	2
1844	0
1845	0
1846	2
1847	4
1848	1
1849	0
1850	2
1851	0
1852	2
1853	2
1854	1
1855	2
1856	1
1857	2
1858	1
1859	0
1860	1
1861	2
1862	1
1863	3
1864	1
1865	1
1866	3
1867	1
1868	0
1869	0
1870	5
1871	1
1872	5
1873	0
1874	1
1875	2
1876	0
1877	2
1878	1
1879	2
1880	3
1881	1
1882	1
1883	2
1884	1
1885	1
1886	4
1887	3
1888	4
1889	2
1890	2
1891	1
1892	4
1893	4
1894	3
1895	3
1896	4
1897	1
1898	0
1899	4
1900	5
1901	4
1902	3
1903	1
1904	4
1905	1
1906	4
1907	5
1908	3
1909	6
1910	3
1911	2
1912	4
1913	3
1914	2
1915	1
1916	4
1917	8
1918	4
1919	3
1920	6
1921	5
1922	5
1923	6
1924	6
1925	4
1926	2
1927	5
1928	7
1929	7
1930	3
1931	8
1932	2
1933	7
1934	2
1935	8
1936	5
1937	8
1938	12
1939	10
1940	6
1941	7
1942	12
1943	9
1944	14
1945	6
1946	8
1947	10
1948	7
1949	8
1950	6
1951	7
1952	14
1953	7
1954	10
1955	4
1956	4
1957	8
1958	12
1959	12
1960	10
1961	7
1962	9
1963	8
1964	12
1965	14
1966	11
1967	8
1968	11
1969	13
1970	7
1971	20
1972	13
1973	11
1974	10
1975	12
1976	14
1977	13
1978	11
1979	7
1980	14
1981	12
1982	15
1983	19
1984	21
1985	9
1986	15
1987	18
1988	14
1989	21
1990	18
1991	4
1992	19
1993	17
1994	15
1995	20
1996	17
1997	15
1998	20
1999	10
2000	13
2001	27
2002	13
2003	15
2004	19
2005	20
2006	19
2007	17
2008	24
2009	20
2010	20
2011	17
2012	23
2013	14
2014	25
2015	22
2016	19
2017	24
2018	18
2019	20
2020	27
2021	28
2022	22
2023	20
2024	27
2025	24
2026	18
2027	29
2028	19
2029	32
2030	29
2031	31
2032	26
2033	20
2034	33
2035	26
2036	25
2037	36
2038	23
2039	23
2040	36
2041	25
2042	26
2043	32
2044	28
2045	30
2046	46
2047	28
2048	21
2049	17
2050	23
2051	33
2052	33
2053	24
2054	30
2055	29
2056	28
2057	35
2058	32
2059	37
2060	47
2061	34
2062	31
2063	34
2064	36
2065	40
2066	39
2067	48
2068	40
2069	41
2070	34
2071	40
2072	33
2073	42
2074	23
2075	36
2076	43
2077	41
2078	39
2079	38
2080	47
2081	26
2082	27
2083	31
2084	38
2085	51
2086	39
2087	28
2088	39
2089	36
2090	43
2091	31
2092	32
2093	49
2094	37
2095	33
2096	28
2097	40
2098	33
2099	35
2100	34
2101	36
2102	35
2103	42
2104	41
2105	32
2106	39
2107	33
2108	30
2109	32
2110	38
2111	38
2112	45
2113	47
2114	39
2115	43
2116	27
2117	21
2118	44
2119	26
2120	40
2121	45
2122	39
2123	36
2124	37
2125	35
2126	31
2127	36
2128	33
2129	30
2130	36
2131	31
2132	29
2133	38
2134	38
2135	27
2136	38
2137	34
2138	34
2139	33
2140	32
2141	34
2142	32
2143	38
2144	36
2145	27
2146	28
2147	24
2148	38
2149	34
2150	28
2151	34
2152	34
2153	36
2154	37
2155	32
2156	30
2157	30
2158	29
2159	21
2160	33
2161	29
2162	27
2163	26
2164	30
2165	37
2166	41
2167	31
2168	38
2169	17
2170	23
2171	32
2172	36
2173	27
2174	20
2175	29
2176	31
2177	30
2178	40
2179	29
2180	41
2181	33
2182	26
2183	34
2184	21
2185	33
2186	25
2187	25
2188	33
2189	19
2190	20
2191	27
2192	24
2193	33
2194	26
2195	25
2196	19
2197	27
2198	26
2199	17
2200	18
2201	21
2202	13
2203	11
2204	25
2205	20
2206	24
2207	20
2208	20
2209	19
2210	14
2211	24
2212	15
2213	21
2214	25
2215	15
2216	19
2217	18
2218	16
2219	23
2220	10
2221	20
2222	13
2223	19
2224	6
2225	15
2226	22
2227	14
2228	20
2229	15
2230	12
2231	8
2232	12
2233	9
2234	20
2235	10
2236	7
2237	18
2238	9
2239	12
2240	7
2241	16
2242	14
2243	9
2244	8
2245	13
2246	14
2247	11
2248	14
2249	10
2250	10
2251	7
2252	10
2253	13
2254	10
2255	6
2256	7
2257	7
2258	8
2259	8
2260	7
2261	7
2262	5
2263	7
2264	9
2265	4
2266	7
2267	12
2268	4
2269	7
2270	11
2271	4
2272	7
2273	8
2274	6
2275	5
2276	4
2277	5
2278	6
2279	4
2280	4
2281	6
2282	5
2283	3
2284	6
2285	6
2286	2
2287	10
2288	4
2289	6
2290	7
2291	4
2292	4
2293	1
2294	7
2295	1
2296	4
2297	5
2298	1
2299	3
2300	3
2301	7
2302	3
2303	1
2304	4
2305	5
2306	6
2307	1
2308	6
2309	1
2310	2
2311	3
2312	1
2313	3
2314	4
2315	4
2316	4
2317	3
2318	2
2319	1
2320	4
2321	3
2322	3
2323	2
2324	2
2325	3
2326	4
2327	3
2328	1
2329	2
2330	2
2331	4
2332	1
2333	2
2334	2
2335	2
2336	0
2337	3
2338	1
2339	1
2340	2
2341	0
2342	1
2343	1
2344	1
2345	1
2346	2
2347	2
2348	0
2349	1
2350	1
2351	2
2352	1
2353	0
2354	1
2355	2
2356	0
2357	3
2358	1
2359	1
2360	0
2361	0
2362	1
2363	1
2364	2
2365	2
2366	0
2367	2
2368	1
2369	1
2370	0
2371	1
2372	0
2373	0
2374	0
2375	0
2376	0
2377	1
2378	0
2379	2
2380	0
2381	0
2382	1
2383	0
2384	0
2385	0
2386	1
2387	0
2388	0
2389	2
2390	0
2391	0
2392	0
2393	0
2394	2
2395	1
2396	0
2397	0
2398	1
2399	0
2400	0
2401	0
2402	1
2403	0
2404	0
2405	0
2406	0
2407	2
2408	0
2409	2
2410	0
2411	0
2412	0
2413	1
2414	0
2415	0
2416	1
2417	0
2418	2
2419	0
2420	0
2421	0
2422	0
2423	0
2424	0
2425	1
2426	0
2427	0
2428	0
2429	0
2430	0
2431	1
2432	1
2433	0
2434	0
2435	0
2436	1
2437	1
2438	0
2439	1
2440	0
2441	0
2442	0
2443	0
2444	0
2445	0
2446	0
2447	0
2448	0
2449	0
2450	0
2451	0
2452	0
2453	0
2454	0
2455	0
2456	0
2457	1
2458	0
2459	0
2460	0
2461	0
2462	0
2463	0
2464	0
2465	0
2466	0
2467	0
2468	0
2469	0
2470	0
2471	0
2472	0
2473	0
2474	0
2475	0
2476	0
2477	0
2478	0
2479	0
2480	0
2481	0
2482	0
2483	0
2484	0
2485	0
2486	0
2487	0
2488	0
2489	0
2490	0
2491	0
2492	0
2493	0
2494	0
2495	0
2496	0
2497	0
2498	0
2499	0
2500	0
2501	1
2502	0
2503	0
2504	0
2505	0
2506	0
2507	0
2508	0
2509	0
2510	0
2511	0
2512	0
2513	0
2514	0
2515	0
2516	0
2517	0
2518	0
2519	0
2520	0
2521	0
2522	0
2523	0
2524	0
2525	0
2526	0
2527	0
2528	0
2529	0
2530	0
2531	0
2532	0
2533	0
2534	0
2535	0
2536	0
2537	0
2538	0
2539	0
2540	0
2541	0
2542	0
2543	0
2544	0
2545	0
2546	0
2547	0
2548	0
2549	0
2550	0
2551	0
2552	0
2553	0
2554	0
2555	0
2556	0
2557	0
2558	0
2559	0
2560	0
2561	0
2562	0
2563	0
2564	0
2565	0
2566	0
2567	0
2568	0
2569	0
2570	0
2571	0
2572	0
2573	0
2574	0
2575	0
2576	0
2577	0
2578	0
2579	0
2580	0
2581	0
2582	0
2583	0
2584	0
2585	0
2586	0
2587	0
2588	0
2589	0
2590	0
2591	0
2592	0
2593	0
2594	0
2595	0
2596	0
2597	0
2598	0
2599	0
2600	0
2601	0
2602	0
2603	0
2604	1
2605	0
2606	0
2607	0
2608	0
2609	0
2610	0
2611	0
2612	0
2613	0
2614	0
2615	0
2616	0
2617	0
2618	0
2619	0
2620	0
2621	0
2622	0
2623	0
2624	0
2625	0
2626	0
2627	0
2628	0
2629	0
2630	0
2631	0
2632	0
2633	0
2634	0
2635	0
2636	0
2637	0
2638	0
2639	0
2640	0
2641	0
2642	0
2643	0
2644	0
2645	0
2646	0
2647	0
2648	0
2649	0
2650	0
2651	0
2652	0
2653	0
2654	0
2655	0
2656	0
2657	0
2658	0
2659	0
2660	0
2661	0
2662	0
2663	0
2664	0
2665	0
2666	0
2667	0
2668	0
2669	0
2670	0
2671	0
2672	0
2673	0
2674	0
2675	0
2676	0
2677	0
2678	0
2679	0
2680	0
2681	0
2682	0
2683	0
2684	0
2685	0
2686	0
2687	0
2688	0
2689	0
2690	0
2691	0
2692	0
2693	0
2694	0
2695	0
2696	0
2697	0
2698	0
2699	0
2700	0
2701	1
2702	0
2703	0
2704	0
2705	0
2706	0
2707	0
2708	0
2709	0
2710	0
2711	0
2712	0
2713	0
2714	0
2715	0
2716	0
2717	0
2718	0
2719	0
2720	0
2721	0
2722	0
2723	0
2724	0
2725	0
2726	0
2727	0
2728	0
2729	0
2730	0
2731	0
2732	0
2733	0
2734	0
2735	0
2736	0
2737	0
2738	0
2739	0
2740	0
2741	0
2742	0
2743	0
2744	0
2745	0
2746	0
2747	0
2748	0
2749	0
2750	0
2751	0
2752	0
2753	0
2754	0
2755	0
2756	0
2757	0
2758	0
2759	0
2760	0
2761	0
2762	0
2763	0
2764	0
2765	0
2766	0
2767	0
2768	0
2769	0
2770	0
2771	0
2772	0
2773	0
2774	0
2775	0
2776	0
2777	0
2778	0
2779	0
2780	0
2781	0
2782	0
2783	0
2784	0
2785	0
2786	0
2787	0
2788	0
2789	0
2790	0
2791	0
2792	0
2793	0
2794	0
2795	0
2796	0
2797	0
2798	0
2799	0
2800	0
2801	0
2802	0
2803	0
2804	0
2805	0
2806	0
2807	0
2808	0
2809	0
2810	0
2811	0
2812	0
2813	0
2814	0
2815	0
2816	0
2817	0
2818	0
2819	0
2820	0
2821	0
2822	0
2823	0
2824	0
2825	0
2826	0
2827	0
2828	0
2829	0
2830	0
2831	0
2832	0
2833	0
2834	0
2835	0
2836	0
2837	0
2838	0
2839	0
2840	0
2841	0
2842	1
2843	0
2844	0
2845	0
2846	0
2847	0
2848	0
2849	0
2850	0
2851	0
2852	0
2853	0
2854	0
2855	0
2856	0
2857	0
2858	0
2859	0
2860	0
2861	0
2862	0
2863	0
2864	0
2865	0
2866	0
2867	0
2868	0
2869	0
2870	0
2871	0
2872	0
2873	0
2874	0
2875	0
2876	0
2877	0
2878	0
2879	0
2880	0
2881	0
2882	0
2883	0
2884	0
2885	0
2886	0
2887	0
2888	0
2889	0
2890	0
2891	0
2892	0
2893	0
2894	0
2895	0
2896	0
2897	0
2898	0
2899	0
2900	0
2901	0
2902	0
2903	0
2904	0
2905	0
2906	0
2907	0
2908	0
2909	0
2910	0
2911	0
2912	0
2913	0
2914	0
2915	1
2916	0
2917	0
2918	0
2919	0
2920	0
2921	0
2922	0
2923	0
2924	0
2925	0
2926	0
2927	0
2928	0
2929	0
2930	0
2931	0
2932	0
2933	0
2934	0
2935	0
2936	0
2937	0
2938	0
2939	0
2940	0
2941	0
2942	0
2943	0
2944	0
2945	0
2946	0
2947	0
2948	0
2949	0
2950	0
2951	0
2952	0
2953	0
2954	0
2955	0
2956	0
2957	0
2958	1
2959	0
2960	0
2961	0
2962	0
2963	0
2964	0
2965	0
2966	0
2967	0
2968	0
2969	1
2970	0
2971	0
2972	0
2973	0
2974	0
2975	1
2976	0
2977	0
2978	0
2979	0
2980	0
2981	0
2982	0
2983	0
2984	0
2985	0
2986	0
2987	0
2988	0
2989	0
2990	0
2991	0
2992	0
2993	0
2994	0
2995	0
2996	0
2997	0
2998	0
2999	0
3000	0
3001	0
3002	0
3003	0
3004	0
3005	0
3006	0
3007	0
3008	0
3009	0
3010	0
3011	0
3012	0
3013	0
3014	0
3015	0
3016	0
3017	0
3018	0
3019	1
3020	0
3021	0
3022	0
3023	0
3024	0
3025	0
3026	0
3027	1
3028	0
3029	0
3030	0
3031	1
3032	0
3033	0
3034	0
3035	0
3036	0
3037	0
3038	0
3039	0
3040	0
3041	0
3042	0
3043	0
3044	0
3045	0
3046	0
3047	2
3048	0
3049	0
3050	0
3051	0
3052	1
3053	0
3054	1
3055	0
3056	0
3057	0
3058	0
3059	1
3060	1
3061	0
3062	0
3063	0
3064	0
3065	1
3066	0
3067	1
3068	0
3069	0
3070	0
3071	3
3072	1
3073	0
3074	1
3075	0
3076	1
3077	0
3078	0
3079	0
3080	0
3081	1
3082	0
3083	1
3084	0
3085	1
3086	1
3087	0
3088	1
3089	0
3090	0
3091	1
3092	0
3093	0
3094	0
3095	1
3096	0
3097	0
3098	2
3099	3
3100	0
3101	1
3102	0
3103	0
3104	0
3105	0
3106	3
3107	0
3108	1
3109	1
3110	0
3111	1
3112	1
3113	3
3114	0
3115	3
3116	1
3117	2
3118	0
3119	0
3120	1
3121	1
3122	0
3123	3
3124	1
3125	1
3126	3
3127	2
3128	3
3129	2
3130	0
3131	0
3132	3
3133	1
3134	3
3135	3
3136	2
3137	3
3138	1
3139	2
3140	1
3141	3
3142	2
3143	1
3144	3
3145	2
3146	1
3147	5
3148	4
3149	4
3150	3
3151	0
3152	5
3153	5
3154	3
3155	2
3156	4
3157	1
3158	5
3159	3
3160	6
3161	3
3162	4
3163	3
3164	4
3165	7
3166	5
3167	7
3168	5
3169	4
3170	3
3171	4
3172	8
3173	6
3174	4
3175	7
3176	9
3177	13
3178	5
3179	8
3180	6
3181	5
3182	5
3183	5
3184	9
3185	6
3186	6
3187	4
3188	5
3189	5
3190	7
3191	9
3192	6
3193	9
3194	4
3195	3
3196	7
3197	6
3198	15
3199	10
3200	7
3201	7
3202	5
3203	10
3204	11
3205	12
3206	6
3207	13
3208	12
3209	12
3210	14
3211	13
3212	13
3213	10
3214	9
3215	14
3216	13
3217	10
3218	5
3219	13
3220	11
3221	12
3222	13
3223	17
3224	12
3225	8
3226	18
3227	16
3228	16
3229	9
3230	23
3231	14
3232	16
3233	15
3234	16
3235	18
3236	19
3237	17
3238	17
3239	19
3240	12
3241	10
3242	20
3243	18
3244	14
3245	25
3246	16
3247	18
3248	16
3249	14
3250	20
3251	16
3252	12
3253	21
3254	18
3255	25
3256	19
3257	17
3258	26
3259	19
3260	19
3261	21
3262	23
3263	19
3264	28
3265	24
3266	19
3267	26
3268	32
3269	35
3270	31
3271	21
3272	31
3273	23
3274	24
3275	31
3276	21
3277	24
3278	27
3279	36
3280	29
3281	31
3282	34
3283	29
3284	23
3285	28
3286	27
3287	28
3288	29
3289	34
3290	32
3291	33
3292	23
3293	24
3294	26
3295	33
3296	29
3297	30
3298	25
3299	33
3300	34
3301	32
3302	31
3303	35
3304	36
3305	30
3306	41
3307	37
3308	31
3309	30
3310	32
3311	27
3312	20
3313	29
3314	36
3315	29
3316	39
3317	33
3318	26
3319	25
3320	44
3321	35
3322	44
3323	33
3324	51
3325	42
3326	35
3327	43
3328	41
3329	38
3330	39
3331	33
3332	44
3333	38
3334	39
3335	44
3336	29
3337	37
3338	40
3339	34
3340	33
3341	37
3342	39
3343	31
3344	31
3345	40
3346	36
3347	33
3348	31
3349	36
3350	34
3351	30
3352	44
3353	37
3354	41
3355	41
3356	46
3357	35
3358	34
3359	40
3360	39
3361	36
3362	44
3363	44
3364	38
3365	56
3366	40
3367	33
3368	35
3369	39
3370	41
3371	40
3372	40
3373	31
3374	43
3375	29
3376	40
3377	36
3378	37
3379	38
3380	35
3381	35
3382	37
3383	28
3384	35
3385	45
3386	38
3387	39
3388	36
3389	38
3390	30
3391	28
3392	29
3393	40
3394	43
3395	34
3396	39
3397	40
3398	36
3399	31
3400	28
3401	41
3402	35
3403	35
3404	40
3405	40
3406	28
3407	25
3408	38
3409	21
3410	27
3411	37
3412	37
3413	26
3414	26
3415	27
3416	31
3417	32
3418	25
3419	36
3420	36
3421	37
3422	24
3423	39
3424	20
3425	24
3426	39
3427	35
3428	26
3429	33
3430	35
3431	31
3432	34
3433	27
3434	23
3435	32
3436	25
3437	31
3438	23
3439	29
3440	24
3441	21
3442	14
3443	23
3444	33
3445	24
3446	25
3447	26
3448	33
3449	17
3450	27
3451	20
3452	16
3453	21
3454	20
3455	24
3456	20
3457	21
3458	18
3459	20
3460	22
3461	13
3462	27
3463	15
3464	14
3465	21
3466	12
3467	19
3468	16
3469	20
3470	16
3471	14
3472	16
3473	12
3474	16
3475	29
3476	15
3477	15
3478	15
3479	13
3480	16
3481	10
3482	14
3483	16
3484	18
3485	14
3486	16
3487	17
3488	11
3489	16
3490	11
3491	13
3492	16
3493	15
3494	7
3495	12
3496	18
3497	9
3498	14
3499	8
3500	10
3501	7
3502	13
3503	14
3504	11
3505	8
3506	6
3507	4
3508	16
3509	5
3510	12
3511	11
3512	6
3513	5
3514	9
3515	9
3516	6
3517	6
3518	8
3519	5
3520	10
3521	10
3522	8
3523	2
3524	13
3525	10
3526	6
3527	4
3528	6
3529	7
3530	6
3531	4
3532	7
3533	8
3534	9
3535	3
3536	6
3537	7
3538	4
3539	5
3540	3
3541	11
3542	3
3543	6
3544	5
3545	5
3546	7
3547	2
3548	2
3549	1
3550	6
3551	3
3552	0
3553	4
3554	6
3555	2
3556	5
3557	1
3558	2
3559	4
3560	6
3561	4
3562	1
3563	4
3564	2
3565	3
3566	4
3567	1
3568	4
3569	3
3570	6
3571	1
3572	4
3573	3
3574	3
3575	1
3576	1
3577	0
3578	1
3579	0
3580	4
3581	0
3582	2
3583	2
3584	1
3585	4
3586	3
3587	1
3588	2
3589	1
3590	0
3591	1
3592	1
3593	3
3594	1
3595	4
3596	1
3597	0
3598	2
3599	2
3600	0
3601	0
3602	1
3603	2
3604	1
3605	1
3606	0
3607	2
3608	0
3609	1
3610	1
3611	0
3612	1
3613	1
3614	1
3615	1
3616	2
3617	1
3618	0
3619	0
3620	0
3621	1
3622	0
3623	0
3624	0
3625	0
3626	0
3627	0
3628	0
3629	0
3630	0
3631	0
3632	0
3633	0
3634	0
3635	0
3636	0
3637	0
3638	0
3639	0
3640	0
3641	0
3642	1
3643	0
3644	0
3645	0
3646	0
3647	0
3648	0
3649	1
3650	1
3651	0
3652	0
3653	1
3654	0
3655	1
3656	0
3657	0
3658	0
3659	1
3660	0
3661	0
3662	0
3663	0
3664	0
3665	1
3666	1
3667	0
3668	0
3669	0
3670	0
3671	0
3672	0
3673	0
3674	0
3675	1
3676	1
3677	0
3678	1
3679	0
3680	0
3681	0
3682	1
3683	0
3684	0
3685	0
3686	0
3687	0
3688	0
3689	0
3690	0
3691	0
3692	0
3693	0
3694	0
3695	0
3696	0
3697	0
3698	0
3699	0
3700	0
3701	0
3702	0
3703	0
3704	0
3705	0
3706	0
3707	0
3708	1
3709	0
3710	0
3711	0
3712	0
3713	0
3714	0
3715	0
3716	0
3717	0
3718	0
3719	0
3720	0
3721	0
3722	0
3723	0
3724	0
3725	0
3726	0
3727	0
3728	0
3729	0
3730	0
3731	0
3732	0
3733	0
3734	1
3735	0
3736	0
3737	0
3738	0
3739	0
3740	0
3741	0
3742	0
3743	0
3744	0
3745	0
3746	0
3747	0
3748	0
3749	0
3750	0
3751	0
3752	0
3753	0
3754	0
3755	0
3756	0
3757	0
3758	0
3759	0
3760	0
3761	0
3762	0
3763	0
3764	0
3765	0
3766	0
3767	0
3768	0
3769	0
3770	0
3771	0
3772	0
3773	0
3774	0
3775	0
3776	0
3777	0
3778	0
3779	0
3780	0
3781	0
3782	0
3783	0
3784	0
3785	0
3786	0
3787	0
3788	0
3789	0
3790	0
3791	0
3792	0
3793	0
3794	0
3795	0
3796	0
3797	0
3798	0
3799	0
3800	0
3801	0
3802	0
3803	0
3804	0
3805	0
3806	0
3807	0
3808	0
3809	0
3810	0
3811	0
3812	0
3813	0
3814	0
3815	0
3816	0
3817	0
3818	0
3819	0
3820	0
3821	0
3822	0
3823	0
3824	0
3825	0
3826	0
3827	0
3828	0
3829	0
3830	0
3831	0
3832	0
3833	0
3834	0
3835	0
3836	0
3837	0
3838	0
3839	0
3840	0
3841	0
3842	0
3843	0
3844	1
3845	0
3846	0
3847	0
3848	0
3849	0
3850	0
3851	0
3852	0
3853	0
3854	0
3855	0
3856	0
3857	0
3858	0
3859	0
3860	0
3861	0
3862	0
3863	0
3864	0
3865	0
3866	0
3867	0
3868	0
3869	0
3870	0
3871	0
3872	0
3873	0
3874	0
3875	0
3876	0
3877	0
3878	0
3879	0
3880	0
3881	0
3882	0
3883	0
3884	0
3885	0
3886	0
3887	0
3888	0
3889	1
3890	0
3891	0
3892	0
3893	0
3894	0
3895	0
3896	0
3897	0
3898	0
3899	0
3900	0
3901	0
3902	0
3903	0
3904	0
3905	0
3906	0
3907	0
3908	0
3909	0
3910	0
3911	0
3912	0
3913	0
3914	0
3915	0
3916	0
3917	0
3918	0
3919	0
3920	0
3921	0
3922	0
3923	0
3924	0
3925	0
3926	0
3927	0
3928	0
3929	0
3930	0
3931	0
3932	0
3933	0
3934	1
3935	0
3936	0
3937	0
3938	0
3939	0
3940	0
3941	0
3942	0
3943	0
3944	0
3945	0
3946	0
3947	0
3948	0
3949	0
3950	0
3951	0
3952	0
3953	0
3954	0
3955	0
3956	0
3957	0
3958	0
3959	0
3960	0
3961	0
3962	0
3963	0
3964	0
3965	0
3966	1
3967	0
3968	0
3969	0
3970	0
3971	0
3972	0
3973	0
3974	0
3975	0
3976	0
3977	1
3978	0
3979	0
3980	0
3981	0
3982	0
3983	0
3984	1
3985	0
3986	0
3987	0
3988	0
3989	0
3990	0
3991	0
3992	0
3993	0
3994	0
3995	0
3996	0
3997	0
3998	0
3999	0
4000	0
4001	0
4002	0
4003	0
4004	0
4005	0
4006	0
4007	0
4008	0
4009	0
4010	0
4011	0
4012	0
4013	0
4014	0
4015	0
4016	0
4017	0
4018	0
4019	0
4020	0
4021	0
4022	0
4023	0
4024	0
4025	0
4026	0
4027	0
4028	0
4029	0
4030	0
4031	0
4032	0
4033	0
4034	0
4035	0
4036	0
4037	0
4038	0
4039	0
4040	0
4041	0
4042	0
4043	0
4044	0
4045	0
4046	0
4047	0
4048	0
4049	0
4050	0
4051	0
4052	0
4053	0
4054	0
4055	0
4056	0
4057	0
4058	0
4059	0
4060	0
4061	0
4062	0
4063	0
4064	0
4065	0
4066	0
4067	0
4068	0
4069	0
4070	0
4071	0
4072	0
4073	0
4074	0
4075	0
4076	0
4077	0
4078	0
4079	0
4080	0
4081	0
4082	0
4083	0
4084	0
4085	0
4086	0
4087	0
4088	0
4089	0
4090	0
4091	0
4092	0
4093	0
4094	0
4095	0
4096	0
4097	0
4098	0
4099	0
4100	0
4101	0
4102	0
4103	0
4104	0
4105	0
4106	0
4107	0
4108	0
4109	0
4110	0
4111	0
4112	0
4113	0
4114	0
4115	0
4116	0
4117	0
4118	0
4119	0
4120	0
4121	0
4122	0
4123	0
4124	0
4125	0
4126	0
4127	0
4128	0
4129	0
4130	0
4131	0
4132	0
4133	0
4134	0
4135	0
4136	0
4137	0
4138	0
4139	0
4140	0
4141	0
4142	0
4143	0
4144	0
4145	0
4146	0
4147	0
4148	0
4149	0
4150	0
4151	0
4152	0
4153	0
4154	0
4155	0
4156	0
4157	0
4158	0
4159	0
4160	0
4161	0
4162	0
4163	0
4164	0
4165	0
4166	0
4167	0
4168	0
4169	0
4170	0
4171	0
4172	0
4173	0
4174	0
4175	0
4176	0
4177	0
4178	0
4179	0
4180	0
4181	0
4182	0
4183	0
4184	0
4185	0
4186	0
4187	0
4188	0
4189	0
4190	0
4191	0
4192	0
4193	0
4194	0
4195	0
4196	0
4197	0
4198	0
4199	1
4200	0
4201	0
4202	0
4203	0
4204	0
4205	0
4206	0
4207	0
4208	0
4209	0
4210	1
4211	0
4212	0
4213	0
4214	0
4215	1
4216	0
4217	0
4218	0
4219	0
4220	0
4221	0
4222	0
4223	0
4224	0
4225	0
4226	0
4227	0
4228	0
4229	0
4230	0
4231	0
4232	0
4233	0
4234	0
4235	0
4236	0
4237	0
4238	0
4239	0
4240	0
4241	0
4242	0
4243	0
4244	0
4245	0
4246	0
4247	0
4248	0
4249	0
4250	0
4251	0
4252	0
4253	0
4254	0
4255	0
4256	1
4257	1
4258	0
4259	0
4260	0
4261	0
4262	0
4263	0
4264	0
4265	0
4266	1
4267	0
4268	0
4269	0
4270	0
4271	0
4272	0
4273	0
4274	0
4275	1
4276	0
4277	0
4278	0
4279	0
4280	0
4281	0
4282	0
4283	0
4284	0
4285	0
4286	0
4287	0
4288	0
4289	1
4290	0
4291	0
4292	0
4293	0
4294	0
4295	0
4296	0
4297	0
4298	0
4299	0
4300	0
4301	0
4302	1
4303	0
4304	0
4305	0
4306	0
4307	1
4308	0
4309	0
4310	0
4311	1
4312	1
4313	1
4314	0
4315	1
4316	0
4317	1
4318	0
4319	1
4320	1
4321	2
4322	0
4323	0
4324	1
4325	0
4326	0
4327	0
4328	1
4329	0
4330	0
4331	0
4332	0
4333	0
4334	0
4335	2
4336	0
4337	0
4338	1
4339	1
4340	2
4341	0
4342	1
4343	0
4344	0
4345	0
4346	0
4347	0
4348	1
4349	1
4350	0
4351	0
4352	0
4353	0
4354	1
4355	0
4356	1
4357	2
4358	0
4359	1
4360	0
4361	1
4362	0
4363	1
4364	1
4365	0
4366	0
4367	0
4368	1
4369	1
4370	1
4371	1
4372	0
4373	2
4374	0
4375	2
4376	0
4377	0
4378	0
4379	2
4380	1
4381	0
4382	5
4383	4
4384	3
4385	0
4386	3
4387	1
4388	1
4389	0
4390	3
4391	2
4392	1
4393	5
4394	1
4395	0
4396	0
4397	1
4398	4
4399	1
4400	5
4401	3
4402	3
4403	1
4404	3
4405	5
4406	3
4407	2
4408	3
4409	5
4410	5
4411	1
4412	1
4413	1
4414	3
4415	3
4416	6
4417	1
4418	3
4419	3
4420	3
4421	1
4422	3
4423	8
4424	5
4425	6
4426	4
4427	7
4428	7
4429	4
4430	1
4431	6
4432	8
4433	3
4434	7
4435	10
4436	1
4437	3
4438	4
4439	8
4440	10
4441	6
4442	6
4443	7
4444	7
4445	6
4446	5
4447	9
4448	10
4449	4
4450	4
4451	7
4452	15
4453	12
4454	8
4455	13
4456	10
4457	7
4458	7
4459	12
4460	7
4461	10
4462	11
4463	11
4464	8
4465	8
4466	10
4467	6
4468	9
4469	9
4470	10
4471	10
4472	12
4473	19
4474	15
4475	14
4476	6
4477	12
4478	18
4479	14
4480	20
4481	12
4482	12
4483	16
4484	15
4485	18
4486	11
4487	6
4488	16
4489	12
4490	21
4491	11
4492	17
4493	15
4494	13
4495	16
4496	25
4497	17
4498	24
4499	24
4500	16
4501	21
4502	23
4503	14
4504	19
4505	13
4506	18
4507	23
4508	25
4509	19
4510	20
4511	31
4512	13
4513	15
4514	32
4515	16
4516	21
4517	21
4518	21
4519	19
4520	13
4521	25
4522	22
4523	23
4524	18
4525	21
4526	27
4527	18
4528	25
4529	34
4530	25
4531	20
4532	29
4533	32
4534	23
4535	20
4536	24
4537	30
4538	15
4539	31
4540	40
4541	30
4542	14
4543	20
4544	22
4545	32
4546	25
4547	27
4548	25
4549	29
4550	23
4551	30
4552	26
4553	26
4554	20
4555	30
4556	32
4557	21
4558	25
4559	34
4560	32
4561	38
4562	22
4563	32
4564	34
4565	26
4566	42
4567	45
4568	40
4569	42
4570	23
4571	32
4572	31
4573	25
4574	32
4575	27
4576	40
4577	43
4578	42
4579	26
4580	32
4581	40
4582	44
4583	41
4584	38
4585	27
4586	19
4587	32
4588	42
4589	39
4590	48
4591	42
4592	44
4593	33
4594	39
4595	39
4596	45
4597	31
4598	30
4599	32
4600	36
4601	33
4602	35
4603	32
4604	40
4605	22
4606	51
4607	40
4608	36
4609	27
4610	35
4611	41
4612	43
4613	37
4614	45
4615	35
4616	39
4617	36
4618	49
4619	38
4620	39
4621	41
4622	45
4623	29
4624	34
4625	31
4626	34
4627	32
4628	37
4629	36
4630	42
4631	36
4632	42
4633	24
4634	40
4635	42
4636	37
4637	37
4638	30
4639	29
4640	42
4641	28
4642	45
4643	40
4644	35
4645	33
4646	29
4647	39
4648	33
4649	30
4650	35
4651	32
4652	39
4653	26
4654	28
4655	34
4656	33
4657	31
4658	32
4659	29
4660	21
4661	22
4662	27
4663	40
4664	22
4665	39
4666	34
4667	29
4668	23
4669	42
4670	30
4671	36
4672	38
4673	29
4674	30
4675	35
4676	32
4677	33
4678	26
4679	38
4680	24
4681	32
4682	28
4683	20
4684	27
4685	35
4686	19
4687	33
4688	23
4689	30
4690	24
4691	25
4692	21
4693	16
4694	24
4695	28
4696	20
4697	24
4698	26
4699	18
4700	32
4701	14
4702	23
4703	19
4704	23
4705	22
4706	18
4707	23
4708	24
4709	23
4710	20
4711	21
4712	22
4713	25
4714	30
4715	29
4716	18
4717	21
4718	19
4719	16
4720	27
4721	25
4722	11
4723	26
4724	11
4725	21
4726	11
4727	15
4728	18
4729	13
4730	15
4731	15
4732	7
4733	24
4734	20
4735	20
4736	13
4737	10
4738	13
4739	22
4740	11
4741	13
4742	12
4743	12
4744	8
4745	15
4746	11
4747	18
4748	15
4749	15
4750	11
4751	18
4752	15
4753	7
4754	10
4755	12
4756	17
4757	10
4758	17
4759	12
4760	8
4761	8
4762	13
4763	16
4764	6
4765	4
4766	12
4767	10
4768	10
4769	6
4770	4
4771	7
4772	8
4773	3
4774	10
4775	8
4776	7
4777	7
4778	6
4779	11
4780	7
4781	10
4782	7
4783	6
4784	8
4785	3
4786	7
4787	7
4788	4
4789	5
4790	2
4791	10
4792	6
4793	7
4794	7
4795	5
4796	5
4797	4
4798	2
4799	3
4800	7
4801	1
4802	2
4803	0
4804	3
4805	4
4806	4
4807	3
4808	4
4809	8
4810	5
4811	5
4812	3
4813	4
4814	1
4815	1
4816	1
4817	4
4818	4
4819	5
4820	6
4821	1
4822	4
4823	4
4824	3
4825	1
4826	5
4827	3
4828	3
4829	2
4830	1
4831	1
4832	1
4833	0
4834	4
4835	3
4836	3
4837	2
4838	1
4839	3
4840	3
4841	0
4842	4
4843	3
4844	0
4845	1
4846	1
4847	0
4848	2
4849	2
4850	2
4851	4
4852	1
4853	0
4854	2
4855	2
4856	0
4857	0
4858	0
4859	0
4860	2
4861	1
4862	1
4863	1
4864	1
4865	1
4866	3
4867	1
4868	1
4869	0
4870	2
4871	0
4872	0
4873	0
4874	2
4875	1
4876	2
4877	1
4878	0
4879	1
4880	1
4881	0
4882	0
4883	1
4884	0
4885	0
4886	0
4887	0
4888	1
4889	1
4890	2
4891	1
4892	0
4893	0
4894	0
4895	0
4896	2
4897	0
4898	0
4899	0
4900	2
4901	0
4902	1
4903	0
4904	0
4905	0
4906	0
4907	1
4908	0
4909	0
4910	0
4911	0
4912	1
4913	0
4914	2
4915	0
4916	1
4917	0
4918	0
4919	0
4920	0
4921	1
4922	0
4923	0
4924	0
4925	1
4926	1
4927	0
4928	0
4929	0
4930	0
4931	0
4932	0
4933	0
4934	0
4935	0
4936	0
4937	1
4938	0
4939	1
4940	0
4941	0
4942	0
4943	0
4944	0
4945	1
4946	0
4947	0
4948	0
4949	0
4950	1
4951	0
4952	0
4953	0
4954	1
4955	0
4956	0
4957	0
4958	0
4959	0
4960	0
4961	0
4962	0
4963	1
4964	0
4965	0
4966	0
4967	0
4968	0
4969	0
4970	0
4971	0
4972	0
4973	0
4974	0
4975	0
4976	0
4977	0
4978	0
4979	0
4980	0
4981	0
4982	0
4983	1
4984	0
4985	0
4986	0
4987	0
4988	0
4989	0
4990	0
4991	0
4992	0
4993	0
4994	0
4995	0
4996	0
4997	0
4998	0
4999	0
5000	0
5001	0
5002	0
5003	0
5004	0
5005	0
5006	0
5007	0
5008	1
5009	0
5010	0
5011	0
5012	0
5013	0
5014	1
5015	0
5016	0
5017	0
5018	1
5019	0
5020	0
5021	0
5022	0
5023	0
5024	0
5025	0
5026	0
5027	0
5028	0
5029	0
5030	0
5031	0
5032	0
5033	0
5034	0
5035	0
5036	0
5037	0
5038	1
5039	0
5040	0
5041	0
5042	0
5043	0
5044	0
5045	0
5046	0
5047	0
5048	0
5049	0
5050	0
5051	0
5052	0
5053	0
5054	0
5055	0
5056	0
5057	0
5058	0
5059	0
5060	0
5061	0
5062	0
5063	0
5064	0
5065	0
5066	0
5067	0
5068	0
5069	0
5070	0
5071	0
5072	0
5073	0
5074	0
5075	0
5076	0
5077	0
5078	0
5079	0
5080	0
5081	0
5082	0
5083	0
5084	0
5085	0
5086	0
5087	0
5088	0
5089	0
5090	0
5091	0
5092	0
5093	0
5094	0
5095	0
5096	0
5097	0
5098	0
5099	0
5100	0
5101	0
5102	0
5103	0
5104	0
5105	0
5106	0
5107	0
5108	0
5109	0
5110	0
5111	0
5112	0
5113	0
5114	0
5115	0
5116	0
5117	0
5118	0
5119	0
5120	0
5121	0
5122	0
5123	0
5124	0
5125	0
5126	0
5127	0
5128	0
5129	0
5130	0
5131	0
5132	0
5133	0
5134	0
5135	0
5136	0
5137	0
5138	0
5139	0
5140	0
5141	0
5142	0
5143	0
5144	0
5145	0
5146	0
5147	0
5148	0
5149	0
5150	0
5151	0
5152	0
5153	0
5154	0
5155	0
5156	0
5157	0
5158	0
5159	0
5160	0
5161	0
5162	0
5163	0
5164	0
5165	0
5166	0
5167	0
5168	0
5169	0
5170	0
5171	0
5172	0
5173	0
5174	0
5175	0
5176	0
5177	0
5178	0
5179	0
5180	0
5181	0
5182	0
5183	0
5184	0
5185	0
5186	0
5187	0
5188	0
5189	0
5190	0
5191	0
5192	0
5193	0
5194	0
5195	0
5196	0
5197	0
5198	0
5199	0
5200	0
5201	0
5202	0
5203	0
5204	0
5205	0
5206	0
5207	0
5208	0
5209	0
5210	0
5211	0
5212	0
5213	0
5214	0
5215	0
5216	0
5217	0
5218	0
5219	0
5220	0
5221	0
5222	0
5223	0
5224	0
5225	0
5226	0
5227	0
5228	0
5229	0
5230	0
5231	0
5232	0
5233	0
5234	0
5235	0
5236	0
5237	0
5238	0
5239	0
5240	0
5241	0
5242	0
5243	0
5244	0
5245	0
5246	0
5247	0
5248	0
5249	0
5250	0
5251	0
5252	0
5253	0
5254	0
5255	0
5256	0
5257	0
5258	0
5259	0
5260	0
5261	0
5262	0
5263	0
5264	0
5265	0
5266	0
5267	0
5268	0
5269	0
5270	0
5271	0
5272	0
5273	0
5274	0
5275	0
5276	0
5277	0
5278	0
5279	0
5280	1
5281	0
5282	0
5283	0
5284	0
5285	0
5286	0
5287	0
5288	0
5289	0
5290	0
5291	0
5292	0
5293	0
5294	0
5295	0
5296	0
5297	0
5298	0
5299	0
5300	0
5301	0
5302	0
5303	0
5304	0
5305	0
5306	0
5307	0
5308	0
5309	0
5310	0
5311	0
5312	0
5313	0
5314	0
5315	0
5316	0
5317	0
5318	0
5319	0
5320	0
5321	0
5322	0
5323	0
5324	0
5325	0
5326	0
5327	0
5328	0
5329	0
5330	0
5331	0
5332	0
5333	0
5334	0
5335	0
5336	0
5337	0
5338	0
5339	0
5340	0
5341	0
5342	0
5343	0
5344	0
5345	0
5346	0
5347	0
5348	0
5349	0
5350	0
5351	0
5352	0
5353	0
5354	0
5355	0
5356	0
5357	0
5358	0
5359	0
5360	0
5361	0
5362	0
5363	0
5364	0
5365	0
5366	0
5367	0
5368	0
5369	0
5370	0
5371	0
5372	0
5373	0
5374	0
5375	0
5376	0
5377	0
5378	0
5379	0
5380	0
5381	0
5382	0
5383	0
5384	0
5385	0
5386	0
5387	0
5388	0
5389	0
5390	0
5391	0
5392	0
5393	0
5394	0
5395	0
5396	0
5397	0
5398	0
5399	0
5400	0
5401	0
5402	0
5403	0
5404	0
5405	0
5406	0
5407	1
5408	0
5409	0
5410	0
5411	0
5412	0
5413	0
5414	0
5415	0
5416	0
5417	0
5418	0
5419	0
5420	0
5421	0
5422	0
5423	0
5424	0
5425	0
5426	0
5427	0
5428	0
5429	0
5430	0
5431	0
5432	0
5433	0
5434	0
5435	1
5436	0
5437	0
5438	0
5439	0
5440	0
5441	0
5442	0
5443	0
5444	0
5445	0
5446	0
5447	0
5448	0
5449	0
5450	0
5451	0
5452	0
5453	0
5454	0
5455	0
5456	0
5457	1
5458	0
5459	0
5460	0
5461	0
5462	0
5463	0
5464	0
5465	0
5466	0
5467	0
5468	0
5469	0
5470	0
5471	0
5472	0
5473	0
5474	0
5475	0
5476	0
5477	0
5478	0
5479	0
5480	0
5481	0
5482	0
5483	0
5484	0
5485	0
5486	0
5487	0
5488	0
5489	0
5490	0
5491	0
5492	0
5493	0
5494	0
5495	0
5496	0
5497	0
5498	0
5499	0
5500	0
5501	0
5502	0
5503	0
5504	1
5505	0
5506	0
5507	0
5508	0
5509	0
5510	0
5511	0
5512	0
5513	0
5514	0
5515	0
5516	0
5517	0
5518	0
5519	0
5520	0
5521	0
5522	0
5523	0
5524	0
5525	0
5526	0
5527	0
5528	0
5529	0
5530	0
5531	1
5532	0
5533	0
5534	0
5535	0
5536	0
5537	0
5538	0
5539	0
5540	1
5541	0
5542	0
5543	0
5544	0
5545	0
5546	0
5547	1
5548	0
5549	0
5550	0
5551	0
5552	0
5553	0
5554	0
5555	0
5556	0
5557	0
5558	0
5559	0
5560	0
5561	0
5562	0
5563	1
5564	0
5565	0
5566	0
5567	0
5568	0
5569	0
5570	1
5571	1
5572	0
5573	0
5574	2
5575	0
5576	0
5577	0
5578	1
5579	0
5580	0
5581	0
5582	0
5583	2
5584	0
5585	0
5586	0
5587	0
5588	0
5589	0
5590	1
5591	0
5592	0
5593	0
5594	1
5595	0
5596	0
5597	0
5598	1
5599	1
5600	0
5601	0
5602	0
5603	0
5604	1
5605	0
5606	3
5607	0
5608	1
5609	1
5610	0
5611	0
5612	0
5613	2
5614	0
5615	0
5616	0
5617	2
5618	1
5619	3
5620	1
5621	0
5622	1
5623	0
5624	0
5625	0
5626	0
5627	3
5628	1
5629	0
5630	2
5631	2
5632	2
5633	2
5634	1
5635	0
5636	1
5637	2
5638	0
5639	5
5640	0
5641	0
5642	1
5643	1
5644	2
5645	1
5646	3
5647	1
5648	2
5649	3
5650	1
5651	1
5652	0
5653	2
5654	0
5655	3
5656	2
5657	1
5658	1
5659	3
5660	3
5661	1
5662	4
5663	4
5664	5
5665	4
5666	1
5667	4
5668	5
5669	1
5670	2
5671	7
5672	1
5673	4
5674	3
5675	4
5676	1
5677	3
5678	6
5679	5
5680	6
5681	1
5682	4
5683	5
5684	6
5685	10
5686	4
5687	2
5688	5
5689	2
5690	6
5691	4
5692	2
5693	5
5694	3
5695	4
5696	9
5697	3
5698	7
5699	6
5700	4
5701	7
5702	7
5703	4
5704	10
5705	5
5706	5
5707	8
5708	7
5709	9
5710	7
5711	9
5712	4
5713	16
5714	7
5715	8
5716	5
5717	9
5718	9
5719	12
5720	6
5721	6
5722	5
5723	9
5724	7
5725	9
5726	15
5727	6
5728	10
5729	9
5730	12
5731	11
5732	10
5733	12
5734	11
5735	17
5736	12
5737	13
5738	6
5739	12
5740	16
5741	19
5742	11
5743	14
5744	21
5745	9
5746	12
5747	12
5748	16
5749	13
5750	9
5751	7
5752	12
5753	11
5754	11
5755	17
5756	18
5757	12
5758	25
5759	25
5760	15
5761	19
5762	16
5763	19
5764	24
5765	19
5766	13
5767	17
5768	19
5769	19
5770	22
5771	16
5772	23
5773	28
5774	23
5775	18
5776	26
5777	20
5778	22
5779	24
5780	20
5781	32
5782	28
5783	18
5784	15
5785	27
5786	25
5787	22
5788	18
5789	21
5790	34
5791	31
5792	20
5793	24
5794	29
5795	25
5796	24
5797	29
5798	15
5799	23
5800	24
5801	27
5802	24
5803	22
5804	24
5805	28
5806	20
5807	26
5808	25
5809	28
5810	36
5811	24
5812	33
5813	25
5814	31
5815	25
5816	22
5817	24
5818	25
5819	30
5820	33
5821	45
5822	32
5823	23
5824	29
5825	28
5826	31
5827	39
5828	42
5829	25
5830	35
5831	46
5832	36
5833	28
5834	31
5835	39
5836	44
5837	34
5838	38
5839	30
5840	42
5841	21
5842	30
5843	41
5844	32
5845	32
5846	38
5847	38
5848	34
5849	39
5850	34
5851	38
5852	28
5853	37
5854	23
5855	41
5856	38
5857	36
5858	35
5859	40
5860	34
5861	42
5862	34
5863	34
5864	35
5865	33
5866	26
5867	31
5868	43
5869	41
5870	26
5871	37
5872	28
5873	45
5874	37
5875	33
5876	34
5877	34
5878	42
5879	30
5880	32
5881	29
5882	38
5883	42
5884	36
5885	41
5886	31
5887	32
5888	27
5889	40
5890	50
5891	30
5892	39
5893	29
5894	27
5895	34
5896	37
5897	39
5898	40
5899	33
5900	37
5901	38
5902	37
5903	30
5904	33
5905	30
5906	29
5907	37
5908	31
5909	43
5910	33
5911	42
5912	25
5913	42
5914	32
5915	31
5916	19
5917	38
5918	40
5919	24
5920	48
5921	29
5922	23
5923	25
5924	35
5925	25
5926	25
5927	32
5928	25
5929	26
5930	20
5931	34
5932	19
5933	26
5934	28
5935	32
5936	43
5937	37
5938	30
5939	28
5940	24
5941	31
5942	27
5943	29
5944	25
5945	22
5946	27
5947	22
5948	17
5949	29
5950	23
5951	22
5952	33
5953	25
5954	25
5955	22
5956	21
5957	23
5958	21
5959	16
5960	24
5961	17
5962	29
5963	32
5964	26
5965	18
5966	25
5967	12
5968	25
5969	18
5970	24
5971	25
5972	14
5973	18
5974	17
5975	14
5976	17
5977	18
5978	16
5979	18
5980	13
5981	14
5982	20
5983	16
5984	13
5985	16
5986	17
5987	18
5988	13
5989	21
5990	18
5991	19
5992	19
5993	13
5994	17
5995	11
5996	23
5997	9
5998	7
5999	14
6000	10
6001	12
6002	17
6003	16
6004	20
6005	10
6006	14
6007	13
6008	17
6009	8
6010	15
6011	13
6012	6
6013	17
6014	11
6015	10
6016	7
6017	12
6018	14
6019	12
6020	10
6021	12
6022	13
6023	3
6024	8
6025	8
6026	12
6027	10
6028	8
6029	8
6030	10
6031	4
6032	6
6033	2
6034	13
6035	9
6036	6
6037	9
6038	13
6039	4
6040	2
6041	7
6042	6
6043	7
6044	5
6045	11
6046	5
6047	3
6048	4
6049	5
6050	7
6051	5
6052	5
6053	5
6054	4
6055	4
6056	1
6057	4
6058	6
6059	7
6060	5
6061	3
6062	5
6063	1
6064	5
6065	3
6066	9
6067	3
6068	5
6069	6
6070	3
6071	7
6072	4
6073	6
6074	3
6075	3
6076	5
6077	0
6078	3
6079	5
6080	3
6081	2
6082	3
6083	3
6084	2
6085	2
6086	3
6087	2
6088	1
6089	1
6090	2
6091	1
6092	1
6093	2
6094	2
6095	3
6096	3
6097	2
6098	0
6099	5
6100	2
6101	0
6102	0
6103	1
6104	0
6105	1
6106	2
6107	0
6108	2
6109	3
6110	1
6111	1
6112	1
6113	1
6114	2
6115	1
6116	2
6117	2
6118	0
6119	2
6120	1
6121	1
6122	0
6123	0
6124	2
6125	0
6126	1
6127	2
6128	0
6129	0
6130	1
6131	1
6132	0
6133	0
6134	1
6135	0
6136	0
6137	1
6138	0
6139	1
6140	1
6141	0
6142	1
6143	3
6144	0
6145	0
6146	0
6147	0
6148	0
6149	1
6150	0
6151	0
6152	0
6153	1
6154	0
6155	0
6156	0
6157	0
6158	0
6159	1
6160	0
6161	0
6162	0
6163	0
6164	0
6165	0
6166	0
6167	0
6168	0
6169	1
6170	0
6171	0
6172	0
6173	0
6174	0
6175	1
6176	0
6177	0
6178	0
6179	0
6180	0
6181	0
6182	0
6183	0
6184	0
6185	0
6186	0
6187	0
6188	0
6189	0
6190	1
6191	1
6192	0
6193	0
6194	0
6195	0
6196	0
6197	0
6198	0
6199	0
6200	0
6201	0
6202	1
6203	0
6204	0
6205	0
6206	1
6207	0
6208	0
6209	0
6210	0
6211	0
6212	1
6213	0
6214	1
6215	0
6216	0
6217	0
6218	0
6219	0
6220	0
6221	0
6222	0
6223	0
6224	1
6225	0
6226	0
6227	0
6228	0
6229	1
6230	0
6231	0
6232	0
6233	0
6234	0
6235	0
6236	0
6237	0
6238	0
6239	0
6240	0
6241	0
6242	0
6243	0
6244	0
6245	0
6246	0
6247	0
6248	0
6249	0
6250	0
6251	0
6252	0
6253	0
6254	0
6255	0
6256	0
6257	0
6258	0
6259	0
6260	0
6261	0
6262	0
6263	0
6264	1
6265	0
6266	0
6267	0
6268	0
6269	0
6270	0
6271	0
6272	0
6273	0
6274	0
6275	0
6276	0
6277	0
6278	0
6279	0
6280	0
6281	0
6282	0
6283	0
6284	0
6285	0
6286	0
6287	0
6288	0
6289	0
6290	0
6291	0
6292	0
6293	0
6294	0
6295	0
6296	0
6297	0
6298	0
6299	0
6300	0
6301	0
6302	0
6303	0
6304	0
6305	1
6306	0
6307	0
6308	1
6309	0
6310	0
6311	0
6312	0
6313	0
6314	0
6315	0
6316	0
6317	1
6318	0
6319	0
6320	0
6321	0
6322	0
6323	0
6324	0
6325	0
6326	0
6327	1
6328	0
6329	0
6330	0
6331	0
6332	0
6333	0
6334	0
6335	0
6336	0
6337	0
6338	0
6339	1
6340	1
6341	0
6342	0
6343	0
6344	0
6345	0
6346	0
6347	0
6348	0
6349	0
6350	0
6351	0
6352	0
6353	0
6354	0
6355	0
6356	0
6357	0
6358	0
6359	0
6360	1
6361	0
6362	1
6363	0
6364	0
6365	0
6366	0
6367	0
6368	0
6369	0
6370	0
6371	2
6372	0
6373	0
6374	0
6375	0
6376	1
6377	0
6378	0
6379	0
6380	0
6381	0
6382	0
6383	0
6384	0
6385	2
6386	1
6387	1
6388	2
6389	1
6390	1
6391	0
6392	0
6393	1
6394	1
6395	0
6396	0
6397	0
6398	0
6399	1
6400	1
6401	1
6402	0
6403	0
6404	0
6405	3
6406	0
6407	0
6408	0
6409	1
6410	0
6411	1
6412	0
6413	0
6414	0
6415	1
6416	4
6417	1
6418	0
6419	0
6420	1
6421	0
6422	1
6423	2
6424	2
6425	0
6426	0
6427	2
6428	1
6429	0
6430	0
6431	1
6432	0
6433	0
6434	1
6435	0
6436	1
6437	3
6438	0
6439	1
6440	0
6441	1
6442	4
6443	1
6444	0
6445	1
6446	1
6447	3
6448	3
6449	0
6450	1
6451	0
6452	0
6453	0
6454	0
6455	2
6456	0
6457	1
6458	3
6459	2
6460	0
6461	1
6462	1
6463	0
6464	1
6465	1
6466	2
6467	1
6468	1
6469	1
6470	1
6471	1
6472	1
6473	1
6474	1
6475	2
6476	1
6477	1
6478	1
6479	0
6480	1
6481	0
6482	0
6483	1
6484	1
6485	1
6486	0
6487	3
6488	2
6489	0
6490	0
6491	0
6492	2
6493	2
6494	0
6495	1
6496	2
6497	1
6498	0
6499	2
6500	0
6501	2
6502	0
6503	0
6504	0
6505	1
6506	2
6507	1
6508	1
6509	3
6510	2
6511	1
6512	1
6513	1
6514	0
6515	0
6516	3
6517	0
6518	3
6519	2
6520	1
6521	2
6522	0
6523	2
6524	1
6525	1
6526	2
6527	0
6528	1
6529	0
6530	2
6531	0
6532	6
6533	1
6534	2
6535	1
6536	2
6537	1
6538	0
6539	0
6540	1
6541	2
6542	1
6543	3
6544	2
6545	1
6546	2
6547	0
6548	1
6549	1
6550	0
6551	0
6552	2
6553	3
6554	2
6555	1
6556	0
6557	0
6558	1
6559	1
6560	0
6561	0
6562	0
6563	0
6564	0
6565	1
6566	1
6567	0
6568	1
6569	2
6570	0
6571	0
6572	0
6573	0
6574	0
6575	1
6576	1
6577	0
6578	0
6579	0
6580	0
6581	0
6582	0
6583	0
6584	0
6585	1
6586	1
6587	1
6588	2
6589	0
6590	0
6591	0
6592	0
6593	1
6594	0
6595	0
6596	0
6597	0
6598	0
6599	1
6600	1
6601	0
6602	1
6603	0
6604	0
6605	0
6606	0
6607	0
6608	0
6609	0
6610	0
6611	0
6612	1
6613	0
6614	0
6615	0
6616	1
6617	1
6618	0
6619	3
6620	0
6621	2
6622	1
6623	1
6624	0
6625	0
6626	1
6627	0
6628	0
6629	0
6630	0
6631	0
6632	0
6633	1
6634	0
6635	0
6636	0
6637	1
6638	1
6639	0
6640	0
6641	2
6642	0
6643	0
6644	1
6645	0
6646	1
6647	0
6648	0
6649	0
6650	0
6651	0
6652	0
6653	0
6654	1
6655	0
6656	1
6657	0
6658	2
6659	0
6660	1
6661	1
6662	0
6663	0
6664	0
6665	1
6666	0
6667	0
6668	1
6669	0
6670	0
6671	0
6672	0
6673	0
6674	0
6675	0
6676	0
6677	0
6678	1
6679	0
6680	1
6681	0
6682	0
6683	0
6684	0
6685	0
6686	0
6687	1
6688	0
6689	1
6690	2
6691	0
6692	0
6693	1
6694	0
6695	0
6696	0
6697	0
6698	0
6699	0
6700	1
6701	0
6702	0
6703	0
6704	0
6705	0
6706	0
6707	0
6708	0
6709	0
6710	0
6711	0
6712	0
6713	0
6714	0
6715	0
6716	0
6717	0
6718	0
6719	0
6720	0
6721	0
6722	1
6723	0
6724	0
6725	0
6726	0
6727	0
6728	0
6729	0
6730	0
6731	0
6732	0
6733	0
6734	0
6735	0
6736	0
6737	0
6738	0
6739	0
6740	0
6741	1
6742	0
6743	1
6744	0
6745	0
6746	0
6747	0
6748	0
6749	0
6750	0
6751	0
6752	0
6753	0
6754	0
6755	0
6756	1
6757	0
6758	0
6759	0
6760	0
6761	0
6762	0
6763	0
6764	0
6765	1
6766	0
6767	0
6768	0
6769	0
6770	0
6771	0
6772	0
6773	0
6774	0
6775	0
6776	0
6777	0
6778	0
6779	0
6780	0
6781	0
6782	0
6783	0
6784	0
6785	0
6786	0
6787	0
6788	0
6789	0
6790	0
6791	0
6792	0
6793	0
6794	0
6795	0
6796	0
6797	1
6798	0
6799	0
6800	0
6801	0
6802	0
6803	0
6804	0
6805	0
6806	0
6807	0
6808	1
6809	0
6810	0
6811	0
6812	0
6813	1
6814	2
6815	0
6816	0
6817	0
6818	0
6819	0
6820	1
6821	0
6822	0
6823	0
6824	0
6825	0
6826	0
6827	0
6828	1
6829	0
6830	0
6831	0
6832	0
6833	1
6834	0
6835	0
6836	0
6837	1
6838	2
6839	1
6840	0
6841	1
6842	0
6843	1
6844	2
6845	0
6846	0
6847	0
6848	0
6849	1
6850	0
6851	1
6852	0
6853	0
6854	0
6855	1
6856	0
6857	1
6858	0
6859	2
6860	0
6861	0
6862	1
6863	0
6864	0
6865	0
6866	0
6867	1
6868	1
6869	0
6870	3
6871	2
6872	2
6873	0
6874	1
6875	2
6876	2
6877	0
6878	0
6879	4
6880	1
6881	1
6882	0
6883	0
6884	1
6885	2
6886	1
6887	2
6888	4
6889	2
6890	1
6891	3
6892	3
6893	1
6894	1
6895	1
6896	2
6897	3
6898	2
6899	3
6900	2
6901	2
6902	0
6903	2
6904	4
6905	1
6906	4
6907	2
6908	4
6909	0
6910	1
6911	3
6912	5
6913	6
6914	1
6915	5
6916	2
6917	5
6918	2
6919	8
6920	2
6921	2
6922	7
6923	2
6924	5
6925	2
6926	6
6927	5
6928	4
6929	6
6930	4
6931	7
6932	5
6933	2
6934	4
6935	4
6936	7
6937	3
6938	11
6939	6
6940	4
6941	4
6942	6
6943	8
6944	9
6945	3
6946	7
6947	5
6948	8
6949	6
6950	1
6951	6
6952	1
6953	5
6954	8
6955	7
6956	6
6957	4
6958	10
6959	7
6960	12
6961	4
6962	10
6963	7
6964	4
6965	9
6966	7
6967	9
6968	9
6969	8
6970	7
6971	11
6972	9
6973	10
6974	11
6975	10
6976	6
6977	11
6978	12
6979	17
6980	13
6981	13
6982	10
6983	10
6984	11
6985	9
6986	7
6987	19
6988	14
6989	17
6990	16
6991	22
6992	7
6993	9
6994	13
6995	14
6996	17
6997	23
6998	16
6999	14
7000	15
7001	18
7002	16
7003	12
7004	12
7005	18
7006	12
7007	18
7008	27
7009	22
7010	20
7011	15
7012	23
7013	22
7014	26
7015	18
7016	22
7017	18
7018	17
7019	19
7020	18
7021	17
7022	22
7023	23
7024	24
7025	15
7026	26
7027	13
7028	24
7029	23
7030	24
7031	18
7032	42
7033	31
7034	26
7035	21
7036	27
7037	27
7038	27
7039	22
7040	27
7041	20
7042	24
7043	38
7044	20
7045	15
7046	30
7047	22
7048	25
7049	36
7050	30
7051	34
7052	30
7053	30
7054	35
7055	34
7056	27
7057	20
7058	28
7059	31
7060	30
7061	28
7062	33
7063	33
7064	36
7065	37
7066	29
7067	35
7068	35
7069	30
7070	34
7071	33
7072	27
7073	43
7074	27
7075	36
7076	34
7077	22
7078	21
7079	31
7080	37
7081	39
7082	38
7083	37
7084	21
7085	37
7086	39
7087	32
7088	24
7089	41
7090	31
7091	26
7092	45
7093	43
7094	44
7095	43
7096	30
7097	40
7098	31
7099	36
7100	40
7101	46
7102	50
7103	43
7104	31
7105	32
7106	40
7107	39
7108	41
7109	48
7110	46
7111	31
7112	40
7113	31
7114	41
7115	32
7116	41
7117	41
7118	41
7119	36
7120	37
7121	42
7122	24
7123	47
7124	46
7125	36
7126	43
7127	35
7128	43
7129	42
7130	49
7131	45
7132	38
7133	36
7134	44
7135	36
7136	42
7137	43
7138	42
7139	37
7140	26
7141	27
7142	32
7143	43
7144	31
7145	43
7146	43
7147	34
7148	36
7149	36
7150	41
7151	34
7152	31
7153	41
7154	49
7155	42
7156	33
7157	39
7158	51
7159	30
7160	39
7161	38
7162	40
7163	41
7164	45
7165	29
7166	34
7167	32
7168	36
7169	29
7170	27
7171	26
7172	33
7173	28
7174	25
7175	35
7176	28
7177	39
7178	30
7179	42
7180	40
7181	26
7182	32
7183	27
7184	23
7185	33
7186	33
7187	35
7188	38
7189	20
7190	28
7191	31
7192	22
7193	26
7194	32
7195	24
7196	27
7197	28
7198	27
7199	27
7200	26
7201	32
7202	24
7203	25
7204	34
7205	23
7206	18
7207	28
7208	24
7209	16
7210	25
7211	22
7212	28
7213	22
7214	24
7215	34
7216	24
7217	27
7218	29
7219	21
7220	26
7221	27
7222	26
7223	16
7224	24
7225	16
7226	24
7227	18
7228	18
7229	17
7230	14
7231	19
7232	21
7233	18
7234	15
7235	23
7236	16
7237	17
7238	18
7239	12
7240	22
7241	19
7242	18
7243	20
7244	15
7245	16
7246	22
7247	21
7248	16
7249	14
7250	20
7251	18
7252	15
7253	10
7254	12
7255	10
7256	14
7257	8
7258	11
7259	15
7260	11
7261	6
7262	12
7263	13
7264	12
7265	7
7266	16
7267	8
7268	9
7269	8
7270	16
7271	7
7272	9
7273	13
7274	9
7275	10
7276	12
7277	8
7278	7
7279	8
7280	10
7281	17
7282	9
7283	7
7284	9
7285	3
7286	6
7287	4
7288	9
7289	6
7290	8
7291	8
7292	8
7293	12
7294	4
7295	4
7296	6
7297	7
7298	9
7299	9
7300	6
7301	4
7302	7
7303	4
7304	0
7305	9
7306	2
7307	3
7308	2
7309	2
7310	4
7311	2
7312	2
7313	9
7314	7
7315	4
7316	5
7317	5
7318	6
7319	4
7320	5
7321	2
7322	2
7323	5
7324	4
7325	3
7326	6
7327	3
7328	4
7329	1
7330	0
7331	4
7332	0
7333	4
7334	3
7335	5
7336	3
7337	0
7338	2
7339	1
7340	2
7341	6
7342	2
7343	2
7344	2
7345	2
7346	2
7347	0
7348	2
7349	1
7350	1
7351	0
7352	0
7353	1
7354	3
7355	2
7356	3
7357	0
7358	0
7359	1
7360	2
7361	2
7362	1
7363	2
7364	1
7365	2
7366	2
7367	3
7368	4
7369	1
7370	2
7371	2
7372	1
7373	1
7374	0
7375	1
7376	0
7377	1
7378	2
7379	0
7380	2
7381	2
7382	2
7383	1
7384	0
7385	2
7386	0
7387	0
7388	0
7389	1
7390	0
7391	0
7392	1
7393	0
7394	0
7395	0
7396	0
7397	0
7398	0
7399	1
7400	0
7401	0
7402	1
7403	0
7404	1
7405	1
7406	0
7407	0
7408	1
7409	0
7410	1
7411	0
7412	0
7413	1
7414	2
7415	0
7416	0
7417	0
7418	0
7419	0
7420	0
7421	0
7422	0
7423	0
7424	0
7425	0
7426	0
7427	0
7428	0
7429	0
7430	0
7431	0
7432	0
7433	1
7434	0
7435	0
7436	0
7437	1
7438	0
7439	0
7440	0
7441	0
7442	0
7443	0
7444	0
7445	0
7446	0
7447	0
7448	1
7449	0
7450	1
7451	0
7452	0
7453	0
7454	0
7455	0
7456	0
7457	0
7458	0
7459	1
7460	0
7461	0
7462	0
7463	0
7464	0
7465	0
7466	0
7467	0
7468	0
7469	0
7470	1
7471	0
7472	0
7473	0
7474	1
7475	0
7476	0
7477	0
7478	0
7479	0
7480	0
7481	0
7482	0
7483	0
7484	0
7485	0
7486	0
7487	0
7488	0
7489	0
7490	0
7491	0
7492	0
7493	0
7494	0
7495	0
7496	0
7497	0
7498	0
7499	0
7500	0
7501	0
7502	0
7503	0
7504	0
7505	0
7506	0
7507	0
7508	0
7509	0
7510	0
7511	0
7512	0
7513	0
7514	0
7515	0
7516	0
7517	0
7518	0
7519	0
7520	0
7521	0
7522	0
7523	0
7524	0
7525	0
7526	0
7527	0
7528	0
7529	0
7530	0
7531	0
7532	0
7533	0
7534	0
7535	0
7536	0
7537	0
7538	0
7539	0
7540	0
7541	0
7542	0
7543	1
7544	0
7545	0
7546	0
7547	0
7548	0
7549	0
7550	0
7551	0
7552	0
7553	0
7554	0
7555	0
7556	1
7557	0
7558	0
7559	0
7560	0
7561	0
7562	0
7563	0
7564	0
7565	1
7566	0
7567	0
7568	0
7569	0
7570	0
7571	0
7572	0
7573	0
7574	0
7575	0
7576	0
7577	0
7578	0
7579	0
7580	0
7581	0
7582	0
7583	0
7584	0
7585	0
7586	0
7587	0
7588	0
7589	0
7590	0
7591	0
7592	0
7593	0
7594	0
7595	0
7596	0
7597	0
7598	0
7599	0
7600	0
7601	0
7602	0
7603	0
7604	0
7605	0
7606	0
7607	0
7608	0
7609	0
7610	0
7611	0
7612	0
7613	0
7614	0
7615	0
7616	0
7617	0
7618	0
7619	0
7620	0
7621	0
7622	0
7623	0
7624	0
7625	0
7626	0
7627	0
7628	0
7629	0
7630	0
7631	0
7632	0
7633	0
7634	1
7635	0
7636	0
7637	0
7638	0
7639	0
7640	0
7641	0
7642	0
7643	1
7644	0
7645	0
7646	0
7647	0
7648	1
7649	1
7650	0
7651	0
7652	0
7653	0
7654	0
7655	0
7656	0
7657	0
7658	0
7659	0
7660	0
7661	0
7662	0
7663	0
7664	0
7665	0
7666	0
7667	0
7668	0
7669	0
7670	0
7671	1
7672	0
7673	0
7674	0
7675	0
7676	0
7677	0
7678	0
7679	0
7680	0
7681	0
7682	0
7683	0
7684	0
7685	0
7686	0
7687	0
7688	0
7689	0
7690	0
7691	0
7692	0
7693	0
7694	0
7695	0
7696	0
7697	0
7698	0
7699	0
7700	0
7701	0
7702	0
7703	0
7704	0
7705	0
7706	0
7707	1
7708	0
7709	0
7710	0
7711	0
7712	0
7713	0
7714	0
7715	0
7716	0
7717	0
7718	0
7719	0
7720	0
7721	0
7722	0
7723	0
7724	0
7725	0
7726	0
7727	0
7728	0
7729	0
7730	0
7731	0
7732	0
7733	0
7734	0
7735	0
7736	0
7737	0
7738	0
7739	0
7740	0
7741	0
7742	0
7743	0
7744	0
7745	0
7746	0
7747	0
7748	0
7749	0
7750	0
7751	0
7752	0
7753	0
7754	0
7755	0
7756	0
7757	0
7758	0
7759	0
7760	0
7761	0
7762	0
7763	0
7764	0
7765	0
7766	0
7767	0
7768	0
7769	0
7770	0
7771	0
7772	0
7773	0
7774	0
7775	0
7776	0
7777	0
7778	0
7779	0
7780	0
7781	0
7782	0
7783	0
7784	0
7785	0
7786	0
7787	0
7788	0
7789	0
7790	0
7791	0
7792	0
7793	0
7794	0
7795	0
7796	0
7797	0
7798	0
7799	0
7800	0
7801	0
7802	0
7803	0
7804	0
7805	0
7806	0
7807	0
7808	0
7809	0
7810	0
7811	0
7812	0
7813	0
7814	0
7815	0
7816	0
7817	0
7818	0
7819	0
7820	0
7821	0
7822	0
7823	0
7824	0
7825	0
7826	0
7827	0
7828	0
7829	0
7830	0
7831	0
7832	0
7833	0
7834	0
7835	0
7836	0
7837	0
7838	0
7839	0
7840	0
7841	0
7842	0
7843	0
7844	0
7845	0
7846	0
7847	0
7848	0
7849	0
7850	0
7851	0
7852	0
7853	0
7854	0
7855	0
7856	0
7857	0
7858	0
7859	0
7860	0
7861	0
7862	0
7863	0
7864	0
7865	0
7866	0
7867	0
7868	0
7869	0
7870	0
7871	0
7872	0
7873	0
7874	0
7875	0
7876	0
7877	0
7878	0
7879	0
7880	0
7881	0
7882	0
7883	0
7884	0
7885	0
7886	0
7887	0
7888	0
7889	0
7890	0
7891	0
7892	0
7893	0
7894	0
7895	0
7896	0
7897	0
7898	0
7899	0
7900	0
7901	0
7902	0
7903	0
7904	0
7905	0
7906	0
7907	0
7908	0
7909	0
7910	0
7911	0
7912	0
7913	0
7914	0
7915	0
7916	0
7917	0
7918	0
7919	0
7920	0
7921	0
7922	0
7923	0
7924	0
7925	0
7926	0
7927	0
7928	0
7929	0
7930	0
7931	0
7932	0
7933	0
7934	0
7935	0
7936	0
7937	0
7938	0
7939	0
7940	0
7941	0
7942	0
7943	0
7944	0
7945	0
7946	0
7947	0
7948	0
7949	0
7950	0
7951	0
7952	0
7953	0
7954	0
7955	0
7956	0
7957	0
7958	0
7959	0
7960	0
7961	0
7962	0
7963	0
7964	0
7965	0
7966	0
7967	0
7968	0
7969	0
7970	0
7971	0
7972	0
7973	0
7974	0
7975	0
7976	0
7977	0
7978	0
7979	0
7980	0
7981	0
7982	0
7983	0
7984	0
7985	0
7986	0
7987	0
7988	0
7989	0
7990	0
7991	0
7992	0
7993	0
7994	0
7995	0
7996	0
7997	0
7998	0
7999	0
8000	0
8001	0
8002	0
8003	0
8004	0
8005	0
8006	0
8007	0
8008	0
8009	0
8010	0
8011	0
8012	0
8013	0
8014	0
8015	0
8016	0
8017	0
8018	0
8019	0
8020	0
8021	0
8022	0
8023	0
8024	0
8025	0
8026	0
8027	0
8028	0
8029	0
8030	0
8031	0
8032	0
8033	0
8034	0
8035	0
8036	0
8037	0
8038	0
8039	0
8040	0
8041	0
8042	0
8043	0
8044	0
8045	0
8046	0
8047	0
8048	0
8049	0
8050	0
8051	0
8052	0
8053	0
8054	0
8055	0
8056	0
8057	0
8058	0
8059	0
8060	0
8061	0
8062	0
8063	0
8064	0
8065	0
8066	0
8067	0
8068	0
8069	0
8070	0
8071	0
8072	0
8073	0
8074	0
8075	0
8076	0
8077	0
8078	0
8079	0
8080	0
8081	0
8082	0
8083	0
8084	0
8085	0
8086	0
8087	0
8088	0
8089	0
8090	0
8091	0
8092	0
8093	0
8094	0
8095	1
8096	0
8097	0
8098	0
8099	0
8100	0
8101	0
8102	0
8103	0
8104	0
8105	0
8106	0
8107	0
8108	0
8109	0
8110	0
8111	0
8112	0
8113	0
8114	0
8115	0
8116	0
8117	0
8118	0
8119	0
8120	0
8121	0
8122	0
8123	0
8124	0
8125	0
8126	0
8127	0
8128	0
8129	0
8130	0
8131	0
8132	0
8133	0
8134	0
8135	0
8136	0
8137	0
8138	0
8139	0
8140	0
8141	0
8142	0
8143	0
8144	0
8145	0
8146	0
8147	0
8148	0
8149	0
8150	0
8151	0
8152	0
8153	0
8154	0
8155	0
8156	0
8157	0
8158	0
8159	0
8160	0
8161	0
8162	0
8163	0
8164	0
8165	0
8166	0
8167	0
8168	0
8169	0
8170	0
8171	0
8172	0
8173	0
8174	0
8175	0
8176	0
8177	0
8178	0
8179	0
8180	0
8181	0
8182	0
8183	0
8184	0
8185	0
8186	0
8187	0
8188	0
8189	0
8190	0
8191	0
