0	0
1	0
2	0
3	0
4	0
5	0
6	0
7	0
8	0
9	0
10	0
11	0
12	0
13	0
14	0
15	0
16	0
17	0
18	0
19	0
20	0
21	0
22	0
23	0
24	0
25	0
26	0
27	0
28	0
29	0
30	0
31	0
32	0
33	0
34	0
35	0
36	0
37	0
38	0
39	0
40	0
41	0
42	0
43	0
44	0
45	0
46	0
47	0
48	0
49	0
50	0
51	0
52	0
53	0
54	0
55	0
56	0
57	0
58	0
59	0
60	0
61	0
62	0
63	0
64	0
65	0
66	0
67	0
68	0
69	0
70	0
71	0
72	0
73	0
74	0
75	0
76	0
77	0
78	0
79	0
80	0
81	0
82	0
83	0
84	0
85	0
86	0
87	0
88	0
89	0
90	0
91	0
92	0
93	0
94	0
95	0
96	0
97	0
98	0
99	0
100	0
101	0
102	0
103	0
104	0
105	0
106	0
107	0
108	0
109	0
110	0
111	0
112	0
113	0
114	0
115	0
116	0
117	0
118	0
119	0
120	0
121	0
122	0
123	0
124	0
125	0
126	0
127	0
128	0
129	0
130	0
131	0
132	0
133	0
134	0
135	0
136	0
137	0
138	0
139	0
140	0
141	0
142	0
143	0
144	0
145	0
146	0
147	0
148	0
149	0
150	0
151	0
152	0
153	0
154	0
155	0
156	0
157	0
158	0
159	0
160	0
161	0
162	0
163	0
164	0
165	0
166	0
167	0
168	0
169	0
170	0
171	0
172	0
173	0
174	0
175	0
176	0
177	0
178	0
179	1
180	0
181	0
182	0
183	0
184	0
185	0
186	0
187	0
188	0
189	0
190	1
191	0
192	0
193	0
194	0
195	0
196	0
197	0
198	0
199	0
200	0
201	0
202	0
203	0
204	1
205	0
206	0
207	0
208	0
209	0
210	0
211	0
212	0
213	0
214	0
215	0
216	0
217	0
218	0
219	0
220	1
221	0
222	0
223	1
224	0
225	0
226	0
227	0
228	0
229	0
230	0
231	0
232	0
233	0
234	1
235	0
236	0
237	0
238	0
239	0
240	0
241	0
242	0
243	0
244	1
245	0
246	0
247	0
248	0
249	0
250	0
251	0
252	0
253	0
254	0
255	0
256	0
257	0
258	0
259	0
260	0
261	0
262	0
263	0
264	0
265	0
266	0
267	1
268	0
269	0
270	0
271	1
272	0
273	0
274	0
275	0
276	0
277	0
278	0
279	0
280	0
281	0
282	0
283	1
284	0
285	0
286	0
287	0
288	0
289	0
290	0
291	1
292	0
293	0
294	0
295	0
296	0
297	0
298	0
299	0
300	0
301	0
302	0
303	0
304	0
305	0
306	0
307	0
308	0
309	1
310	0
311	0
312	0
313	0
314	0
315	0
316	0
317	0
318	0
319	0
320	0
321	0
322	0
323	0
324	0
325	0
326	0
327	0
328	0
329	1
330	1
331	0
332	0
333	0
334	0
335	0
336	0
337	0
338	0
339	0
340	0
341	0
342	0
343	0
344	0
345	0
346	0
347	0
348	0
349	0
350	0
351	0
352	0
353	0
354	0
355	0
356	0
357	0
358	0
359	0
360	0
361	1
362	0
363	0
364	0
365	0
366	0
367	0
368	0
369	0
370	0
371	0
372	0
373	0
374	1
375	0
376	1
377	0
378	0
379	1
380	0
381	0
382	0
383	0
384	0
385	0
386	0
387	0
388	0
389	1
390	0
391	0
392	0
393	0
394	0
395	0
396	0
397	0
398	0
399	0
400	1
401	1
402	0
403	0
404	0
405	0
406	2
407	0
408	0
409	0
410	0
411	0
412	0
413	0
414	0
415	0
416	0
417	0
418	0
419	0
420	0
421	0
422	0
423	0
424	0
425	0
426	0
427	1
428	0
429	0
430	0
431	0
432	0
433	0
434	0
435	0
436	0
437	0
438	0
439	0
440	0
441	0
442	0
443	0
444	0
445	0
446	0
447	0
448	0
449	0
450	0
451	0
452	0
453	0
454	0
455	0
456	0
457	0
458	0
459	0
460	0
461	0
462	1
463	0
464	0
465	1
466	0
467	0
468	0
469	0
470	0
471	0
472	0
473	0
474	0
475	0
476	0
477	0
478	1
479	0
480	1
481	0
482	0
483	0
484	0
485	0
486	0
487	0
488	0
489	0
490	0
491	0
492	0
493	0
494	0
495	0
496	0
497	0
498	0
499	0
500	0
501	0
502	0
503	0
504	0
505	0
506	0
507	0
508	0
509	0
510	0
511	1
512	0
513	0
514	0
515	0
516	0
517	0
518	0
519	0
520	0
521	0
522	0
523	1
524	0
525	0
526	0
527	0
528	0
529	0
530	0
531	0
532	0
533	1
534	0
535	0
536	0
537	0
538	0
539	0
540	0
541	0
542	0
543	0
544	0
545	0
546	0
547	0
548	0
549	0
550	0
551	1
552	0
553	0
554	1
555	0
556	0
557	0
558	1
559	0
560	0
561	0
562	0
563	0
564	0
565	0
566	0
567	0
568	0
569	0
570	0
571	0
572	0
573	0
574	0
575	0
576	0
577	0
578	0
579	0
580	1
581	1
582	0
583	0
584	0
585	0
586	0
587	0
588	0
589	0
590	0
591	0
592	0
593	0
594	0
595	0
596	0
597	0
598	0
599	0
600	0
601	0
602	0
603	0
604	0
605	0
606	0
607	0
608	1
609	0
610	0
611	0
612	0
613	0
614	0
615	0
616	0
617	0
618	0
619	0
620	0
621	0
622	0
623	0
624	0
625	0
626	0
627	0
628	1
629	0
630	0
631	0
632	0
633	0
634	0
635	0
636	0
637	0
638	0
639	0
640	0
641	0
642	0
643	0
644	0
645	0
646	0
647	1
648	1
649	0
650	0
651	0
652	0
653	0
654	0
655	0
656	0
657	0
658	0
659	0
660	0
661	0
662	0
663	0
664	0
665	0
666	0
667	0
668	0
669	1
670	0
671	0
672	0
673	0
674	0
675	0
676	0
677	0
678	0
679	0
680	1
681	0
682	0
683	0
684	0
685	0
686	0
687	0
688	0
689	0
690	0
691	0
692	0
693	0
694	0
695	0
696	0
697	0
698	0
699	0
700	0
701	0
702	0
703	0
704	0
705	1
706	1
707	0
708	0
709	0
710	0
711	0
712	0
713	0
714	0
715	0
716	1
717	1
718	1
719	0
720	0
721	0
722	1
723	0
724	0
725	0
726	0
727	0
728	0
729	0
730	0
731	0
732	0
733	0
734	0
735	0
736	0
737	0
738	0
739	0
740	0
741	0
742	0
743	0
744	0
745	0
746	0
747	0
748	0
749	1
750	0
751	1
752	0
753	0
754	0
755	0
756	0
757	0
758	0
759	0
760	0
761	0
762	0
763	0
764	0
765	0
766	0
767	0
768	1
769	0
770	0
771	0
772	0
773	0
774	0
775	0
776	0
777	0
778	0
779	0
780	0
781	0
782	0
783	1
784	0
785	0
786	0
787	0
788	0
789	1
790	0
791	0
792	0
793	0
794	0
795	1
796	1
797	0
798	0
799	0
800	1
801	0
802	1
803	0
804	0
805	0
806	0
807	0
808	0
809	0
810	1
811	0
812	0
813	1
814	1
815	0
816	0
817	0
818	0
819	0
820	0
821	0
822	1
823	1
824	0
825	0
826	0
827	0
828	0
829	2
830	0
831	1
832	0
833	1
834	0
835	0
836	1
837	0
838	3
839	1
840	1
841	1
842	1
843	2
844	1
845	1
846	0
847	1
848	0
849	0
850	1
851	0
852	0
853	3
854	1
855	0
856	0
857	0
858	1
859	0
860	2
861	0
862	0
863	0
864	1
865	4
866	2
867	2
868	0
869	0
870	1
871	1
872	1
873	1
874	0
875	0
876	2
877	2
878	0
879	0
880	1
881	1
882	0
883	0
884	1
885	0
886	1
887	1
888	2
889	0
890	1
891	0
892	0
893	0
894	0
895	2
896	2
897	2
898	3
899	3
900	0
901	0
902	0
903	1
904	1
905	0
906	1
907	2
908	2
909	2
910	0
911	0
912	1
913	2
914	0
915	0
916	3
917	3
918	2
919	2
920	3
921	0
922	1
923	0
924	1
925	4
926	0
927	1
928	3
929	2
930	2
931	1
932	0
933	2
934	1
935	1
936	2
937	3
938	4
939	1
940	3
941	3
942	1
943	2
944	3
945	3
946	2
947	2
948	2
949	2
950	1
951	3
952	1
953	1
954	4
955	2
956	1
957	6
958	1
959	3
960	2
961	3
962	4
963	1
964	2
965	1
966	3
967	0
968	1
969	1
970	3
971	3
972	1
973	3
974	2
975	5
976	2
977	3
978	4
979	7
980	7
981	2
982	5
983	5
984	9
985	1
986	6
987	7
988	6
989	1
990	3
991	0
992	4
993	1
994	3
995	2
996	4
997	3
998	5
999	1
1000	4
1001	3
1002	2
1003	7
1004	5
1005	3
1006	9
1007	7
1008	9
1009	6
1010	3
1011	4
1012	8
1013	6
1014	6
1015	7
1016	3
1017	8
1018	6
1019	5
1020	6
1021	5
1022	4
1023	5
1024	5
1025	6
1026	5
1027	9
1028	6
1029	6
1030	4
1031	7
1032	4
1033	5
1034	9
1035	8
1036	10
1037	5
1038	4
1039	7
1040	6
1041	3
1042	3
1043	3
1044	9
1045	10
1046	9
1047	7
1048	10
1049	12
1050	6
1051	5
1052	4
1053	6
1054	10
1055	14
1056	13
1057	6
1058	6
1059	11
1060	13
1061	6
1062	11
1063	10
1064	5
1065	10
1066	11
1067	6
1068	14
1069	11
1070	10
1071	8
1072	13
1073	13
1074	6
1075	13
1076	5
1077	6
1078	10
1079	17
1080	16
1081	22
1082	3
1083	12
1084	7
1085	7
1086	13
1087	6
1088	12
1089	20
1090	8
1091	18
1092	15
1093	13
1094	10
1095	13
1096	11
1097	12
1098	12
1099	9
1100	10
1101	12
1102	16
1103	19
1104	8
1105	20
1106	15
1107	9
1108	16
1109	20
1110	17
1111	22
1112	18
1113	16
1114	13
1115	14
1116	13
1117	18
1118	16
1119	24
1120	17
1121	19
1122	19
1123	17
1124	17
1125	14
1126	12
1127	16
1128	26
1129	20
1130	17
1131	11
1132	27
1133	20
1134	13
1135	25
1136	21
1137	14
1138	23
1139	26
1140	18
1141	19
1142	17
1143	27
1144	16
1145	21
1146	11
1147	19
1148	28
1149	19
1150	20
1151	21
1152	18
1153	19
1154	15
1155	19
1156	23
1157	19
1158	20
1159	20
1160	29
1161	26
1162	29
1163	34
1164	24
1165	28
1166	15
1167	21
1168	30
1169	23
1170	26
1171	27
1172	19
1173	26
1174	27
1175	30
1176	33
1177	32
1178	16
1179	33
1180	24
1181	25
1182	27
1183	25
1184	28
1185	23
1186	34
1187	30
1188	24
1189	22
1190	27
1191	22
1192	36
1193	30
1194	41
1195	23
1196	34
1197	36
1198	22
1199	33
1200	28
1201	41
1202	31
1203	30
1204	24
1205	27
1206	30
1207	37
1208	32
1209	30
1210	33
1211	39
1212	40
1213	31
1214	35
1215	40
1216	39
1217	33
1218	35
1219	31
1220	32
1221	35
1222	41
1223	34
1224	33
1225	45
1226	36
1227	31
1228	28
1229	43
1230	35
1231	32
1232	30
1233	44
1234	30
1235	46
1236	39
1237	30
1238	38
1239	51
1240	36
1241	38
1242	40
1243	37
1244	35
1245	53
1246	55
1247	37
1248	40
1249	38
1250	43
1251	40
1252	53
1253	49
1254	45
1255	46
1256	41
1257	42
1258	49
1259	38
1260	43
1261	32
1262	40
1263	52
1264	48
1265	43
1266	45
1267	49
1268	51
1269	45
1270	54
1271	54
1272	41
1273	55
1274	38
1275	53
1276	42
1277	53
1278	51
1279	41
1280	57
1281	53
1282	58
1283	33
1284	43
1285	56
1286	58
1287	53
1288	50
1289	66
1290	47
1291	60
1292	55
1293	58
1294	58
1295	46
1296	48
1297	65
1298	61
1299	60
1300	56
1301	55
1302	51
1303	64
1304	57
1305	50
1306	50
1307	56
1308	62
1309	70
1310	63
1311	62
1312	62
1313	62
1314	71
1315	66
1316	54
1317	71
1318	62
1319	62
1320	67
1321	64
1322	60
1323	48
1324	61
1325	74
1326	62
1327	66
1328	60
1329	63
1330	57
1331	66
1332	62
1333	69
1334	56
1335	52
1336	74
1337	77
1338	61
1339	73
1340	75
1341	68
1342	70
1343	81
1344	77
1345	62
1346	55
1347	59
1348	73
1349	69
1350	75
1351	67
1352	71
1353	71
1354	73
1355	55
1356	75
1357	73
1358	57
1359	68
1360	79
1361	76
1362	82
1363	78
1364	76
1365	73
1366	61
1367	63
1368	69
1369	57
1370	82
1371	73
1372	83
1373	66
1374	83
1375	82
1376	68
1377	68
1378	77
1379	73
1380	87
1381	68
1382	59
1383	79
1384	84
1385	68
1386	79
1387	80
1388	69
1389	72
1390	86
1391	89
1392	75
1393	85
1394	75
1395	79
1396	68
1397	76
1398	75
1399	74
1400	88
1401	74
1402	81
1403	75
1404	64
1405	72
1406	79
1407	91
1408	81
1409	86
1410	91
1411	82
1412	92
1413	78
1414	80
1415	90
1416	89
1417	69
1418	89
1419	73
1420	78
1421	82
1422	98
1423	104
1424	92
1425	86
1426	85
1427	92
1428	87
1429	83
1430	69
1431	96
1432	84
1433	87
1434	77
1435	106
1436	91
1437	82
1438	94
1439	85
1440	82
1441	79
1442	80
1443	95
1444	73
1445	97
1446	99
1447	96
1448	111
1449	88
1450	104
1451	91
1452	85
1453	101
1454	87
1455	92
1456	87
1457	102
1458	96
1459	92
1460	86
1461	74
1462	120
1463	86
1464	102
1465	97
1466	93
1467	97
1468	72
1469	88
1470	104
1471	93
1472	87
1473	96
1474	87
1475	81
1476	99
1477	89
1478	79
1479	97
1480	108
1481	76
1482	98
1483	107
1484	94
1485	79
1486	90
1487	108
1488	118
1489	87
1490	94
1491	107
1492	91
1493	84
1494	75
1495	99
1496	86
1497	101
1498	104
1499	86
1500	87
1501	100
1502	100
1503	116
1504	78
1505	92
1506	90
1507	85
1508	98
1509	82
1510	85
1511	94
1512	111
1513	78
1514	117
1515	88
1516	101
1517	98
1518	108
1519	108
1520	103
1521	82
1522	98
1523	97
1524	92
1525	96
1526	105
1527	97
1528	112
1529	98
1530	87
1531	88
1532	104
1533	98
1534	84
1535	106
1536	102
1537	83
1538	126
1539	92
1540	110
1541	104
1542	108
1543	93
1544	85
1545	106
1546	97
1547	103
1548	94
1549	109
1550	95
1551	101
1552	96
1553	92
1554	110
1555	102
1556	111
1557	103
1558	98
1559	111
1560	115
1561	81
1562	97
1563	95
1564	111
1565	112
1566	89
1567	113
1568	103
1569	114
1570	93
1571	89
1572	96
1573	98
1574	125
1575	92
1576	104
1577	115
1578	117
1579	118
1580	81
1581	92
1582	111
1583	104
1584	99
1585	95
1586	102
1587	107
1588	103
1589	88
1590	91
1591	109
1592	114
1593	89
1594	81
1595	98
1596	90
1597	105
1598	98
1599	113
1600	83
1601	103
1602	100
1603	112
1604	88
1605	114
1606	84
1607	98
1608	114
1609	94
1610	101
1611	105
1612	101
1613	95
1614	91
1615	94
1616	86
1617	115
1618	92
1619	98
1620	82
1621	91
1622	122
1623	92
1624	90
1625	120
1626	97
1627	110
1628	97
1629	111
1630	115
1631	99
1632	101
1633	102
1634	89
1635	80
1636	115
1637	105
1638	87
1639	113
1640	97
1641	92
1642	83
1643	105
1644	120
1645	122
1646	73
1647	75
1648	122
1649	110
1650	90
1651	101
1652	96
1653	104
1654	88
1655	89
1656	84
1657	80
1658	105
1659	86
1660	98
1661	96
1662	93
1663	101
1664	102
1665	90
1666	116
1667	111
1668	87
1669	107
1670	93
1671	101
1672	90
1673	105
1674	109
1675	99
1676	82
1677	104
1678	120
1679	106
1680	97
1681	91
1682	105
1683	99
1684	80
1685	105
1686	89
1687	109
1688	88
1689	108
1690	100
1691	102
1692	111
1693	93
1694	96
1695	101
1696	98
1697	108
1698	96
1699	101
1700	106
1701	84
1702	92
1703	95
1704	93
1705	120
1706	106
1707	117
1708	96
1709	116
1710	96
1711	106
1712	112
1713	83
1714	93
1715	84
1716	101
1717	98
1718	88
1719	108
1720	96
1721	106
1722	91
1723	94
1724	104
1725	89
1726	99
1727	102
1728	89
1729	111
1730	116
1731	95
1732	103
1733	112
1734	113
1735	98
1736	96
1737	90
1738	83
1739	82
1740	99
1741	105
1742	95
1743	72
1744	101
1745	97
1746	113
1747	102
1748	96
1749	85
1750	79
1751	90
1752	89
1753	78
1754	93
1755	96
1756	104
1757	99
1758	96
1759	108
1760	86
1761	95
1762	116
1763	105
1764	105
1765	104
1766	100
1767	91
1768	99
1769	104
1770	100
1771	87
1772	111
1773	79
1774	88
1775	91
1776	100
1777	95
1778	75
1779	83
1780	103
1781	91
1782	93
1783	92
1784	77
1785	103
1786	74
1787	88
1788	87
1789	91
1790	87
1791	92
1792	78
1793	85
1794	82
1795	96
1796	87
1797	79
1798	101
1799	89
1800	90
1801	68
1802	100
1803	81
1804	104
1805	103
1806	100
1807	87
1808	87
1809	90
1810	91
1811	78
1812	84
1813	97
1814	93
1815	86
1816	89
1817	85
1818	81
1819	89
1820	81
1821	90
1822	83
1823	82
1824	87
1825	88
1826	99
1827	93
1828	93
1829	78
1830	77
1831	89
1832	74
1833	89
1834	90
1835	98
1836	84
1837	76
1838	88
1839	67
1840	79
1841	87
1842	66
1843	74
1844	96
1845	89
1846	91
1847	83
1848	97
1849	79
1850	87
1851	88
1852	84
1853	100
1854	96
1855	73
1856	78
1857	77
1858	99
1859	90
1860	82
1861	78
1862	65
1863	75
1864	100
1865	77
1866	80
1867	86
1868	83
1869	91
1870	86
1871	67
1872	74
1873	77
1874	84
1875	89
1876	74
1877	85
1878	78
1879	76
1880	82
1881	85
1882	101
1883	85
1884	80
1885	76
1886	80
1887	89
1888	90
1889	61
1890	75
1891	75
1892	92
1893	79
1894	88
1895	65
1896	82
1897	84
1898	73
1899	85
1900	82
1901	70
1902	85
1903	76
1904	82
1905	92
1906	70
1907	90
1908	80
1909	78
1910	86
1911	79
1912	55
1913	95
1914	54
1915	77
1916	75
1917	76
1918	74
1919	87
1920	59
1921	65
1922	59
1923	71
1924	93
1925	73
1926	70
1927	93
1928	66
1929	85
1930	72
1931	79
1932	80
1933	94
1934	86
1935	72
1936	62
1937	81
1938	85
1939	72
1940	77
1941	73
1942	77
1943	80
1944	77
1945	82
1946	75
1947	81
1948	62
1949	68
1950	80
1951	82
1952	74
1953	72
1954	78
1955	83
1956	71
1957	81
1958	69
1959	74
1960	69
1961	82
1962	61
1963	70
1964	84
1965	75
1966	84
1967	87
1968	55
1969	86
1970	66
1971	74
1972	67
1973	78
1974	76
1975	60
1976	62
1977	79
1978	60
1979	52
1980	61
1981	81
1982	81
1983	63
1984	69
1985	59
1986	59
1987	73
1988	78
1989	75
1990	75
1991	68
1992	62
1993	68
1994	80
1995	55
1996	70
1997	58
1998	73
1999	64
2000	77
2001	70
2002	55
2003	62
2004	72
2005	86
2006	77
2007	55
2008	76
2009	58
2010	57
2011	72
2012	61
2013	68
2014	59
2015	61
2016	71
2017	71
2018	68
2019	86
2020	70
2021	63
2022	63
2023	68
2024	73
2025	82
2026	70
2027	74
2028	71
2029	75
2030	66
2031	68
2032	74
2033	63
2034	60
2035	69
2036	70
2037	64
2038	70
2039	57
2040	58
2041	71
2042	70
2043	66
2044	58
2045	69
2046	67
2047	69
2048	49
2049	79
2050	74
2051	59
2052	68
2053	60
2054	77
2055	74
2056	63
2057	70
2058	72
2059	67
2060	83
2061	71
2062	65
2063	59
2064	77
2065	79
2066	61
2067	61
2068	52
2069	70
2070	74
2071	73
2072	69
2073	59
2074	62
2075	63
2076	61
2077	66
2078	67
2079	61
2080	62
2081	53
2082	60
2083	66
2084	68
2085	54
2086	51
2087	75
2088	51
2089	67
2090	55
2091	71
2092	66
2093	62
2094	66
2095	64
2096	68
2097	68
2098	73
2099	60
2100	49
2101	61
2102	67
2103	66
2104	57
2105	70
2106	58
2107	55
2108	59
2109	65
2110	62
2111	60
2112	58
2113	64
2114	54
2115	52
2116	51
2117	48
2118	62
2119	46
2120	62
2121	52
2122	63
2123	65
2124	66
2125	39
2126	69
2127	59
2128	47
2129	48
2130	68
2131	49
2132	44
2133	50
2134	60
2135	59
2136	56
2137	56
2138	56
2139	60
2140	59
2141	72
2142	57
2143	52
2144	52
2145	63
2146	59
2147	46
2148	55
2149	55
2150	57
2151	65
2152	58
2153	55
2154	56
2155	71
2156	53
2157	54
2158	60
2159	73
2160	49
2161	60
2162	58
2163	61
2164	50
2165	53
2166	60
2167	82
2168	61
2169	44
2170	49
2171	61
2172	62
2173	69
2174	62
2175	55
2176	57
2177	45
2178	58
2179	47
2180	62
2181	62
2182	53
2183	51
2184	52
2185	62
2186	68
2187	76
2188	52
2189	44
2190	45
2191	50
2192	55
2193	60
2194	49
2195	59
2196	51
2197	35
2198	66
2199	62
2200	54
2201	47
2202	53
2203	60
2204	53
2205	57
2206	58
2207	55
2208	56
2209	55
2210	54
2211	48
2212	41
2213	55
2214	55
2215	56
2216	56
2217	59
2218	53
2219	54
2220	64
2221	46
2222	41
2223	43
2224	49
2225	61
2226	54
2227	62
2228	53
2229	41
2230	41
2231	53
2232	60
2233	47
2234	59
2235	50
2236	45
2237	60
2238	54
2239	53
2240	39
2241	50
2242	57
2243	57
2244	46
2245	53
2246	51
2247	50
2248	45
2249	53
2250	55
2251	44
2252	49
2253	46
2254	52
2255	42
2256	48
2257	43
2258	48
2259	52
2260	56
2261	53
2262	46
2263	48
2264	50
2265	57
2266	61
2267	52
2268	48
2269	66
2270	53
2271	48
2272	48
2273	58
2274	44
2275	45
2276	45
2277	42
2278	50
2279	55
2280	34
2281	41
2282	37
2283	40
2284	49
2285	40
2286	49
2287	56
2288	41
2289	52
2290	50
2291	37
2292	48
2293	42
2294	51
2295	59
2296	46
2297	39
2298	45
2299	49
2300	44
2301	61
2302	50
2303	37
2304	47
2305	52
2306	42
2307	61
2308	49
2309	54
2310	39
2311	41
2312	53
2313	45
2314	45
2315	56
2316	57
2317	47
2318	47
2319	39
2320	49
2321	37
2322	38
2323	53
2324	37
2325	38
2326	43
2327	34
2328	43
2329	50
2330	41
2331	48
2332	57
2333	46
2334	53
2335	51
2336	35
2337	53
2338	68
2339	45
2340	28
2341	59
2342	52
2343	31
2344	38
2345	44
2346	43
2347	40
2348	45
2349	43
2350	50
2351	49
2352	39
2353	39
2354	30
2355	39
2356	58
2357	48
2358	38
2359	41
2360	44
2361	32
2362	41
2363	37
2364	50
2365	30
2366	46
2367	36
2368	36
2369	43
2370	32
2371	48
2372	40
2373	31
2374	43
2375	37
2376	29
2377	33
2378	45
2379	40
2380	33
2381	30
2382	45
2383	35
2384	44
2385	54
2386	50
2387	37
2388	43
2389	36
2390	41
2391	40
2392	34
2393	36
2394	48
2395	48
2396	49
2397	50
2398	37
2399	28
2400	38
2401	36
2402	48
2403	38
2404	48
2405	42
2406	48
2407	44
2408	44
2409	39
2410	35
2411	44
2412	33
2413	31
2414	42
2415	36
2416	26
2417	44
2418	35
2419	31
2420	49
2421	38
2422	37
2423	33
2424	38
2425	30
2426	41
2427	41
2428	34
2429	41
2430	46
2431	47
2432	36
2433	36
2434	44
2435	41
2436	29
2437	34
2438	36
2439	29
2440	36
2441	39
2442	30
2443	31
2444	33
2445	38
2446	39
2447	44
2448	47
2449	34
2450	35
2451	38
2452	34
2453	39
2454	34
2455	43
2456	35
2457	34
2458	32
2459	30
2460	37
2461	34
2462	31
2463	30
2464	36
2465	33
2466	38
2467	36
2468	27
2469	37
2470	43
2471	36
2472	31
2473	27
2474	27
2475	36
2476	34
2477	42
2478	27
2479	32
2480	33
2481	38
2482	37
2483	43
2484	26
2485	38
2486	30
2487	20
2488	35
2489	33
2490	42
2491	29
2492	37
2493	45
2494	35
2495	36
2496	33
2497	31
2498	31
2499	32
2500	38
2501	38
2502	38
2503	36
2504	38
2505	26
2506	33
2507	32
2508	37
2509	31
2510	36
2511	30
2512	36
2513	39
2514	35
2515	45
2516	36
2517	42
2518	33
2519	25
2520	26
2521	43
2522	31
2523	39
2524	34
2525	28
2526	45
2527	33
2528	40
2529	26
2530	31
2531	24
2532	33
2533	33
2534	34
2535	34
2536	35
2537	37
2538	19
2539	33
2540	25
2541	32
2542	33
2543	39
2544	28
2545	26
2546	31
2547	34
2548	24
2549	27
2550	26
2551	34
2552	38
2553	38
2554	33
2555	32
2556	23
2557	30
2558	25
2559	30
2560	32
2561	26
2562	37
2563	33
2564	42
2565	45
2566	33
2567	42
2568	27
2569	27
2570	36
2571	31
2572	24
2573	26
2574	25
2575	28
2576	29
2577	29
2578	35
2579	29
2580	37
2581	26
2582	44
2583	42
2584	28
2585	41
2586	38
2587	32
2588	34
2589	41
2590	26
2591	27
2592	29
2593	25
2594	32
2595	38
2596	35
2597	36
2598	26
2599	32
2600	32
2601	32
2602	24
2603	33
2604	28
2605	37
2606	34
2607	28
2608	27
2609	25
2610	28
2611	25
2612	30
2613	29
2614	19
2615	21
2616	25
2617	27
2618	26
2619	29
2620	37
2621	22
2622	32
2623	25
2624	27
2625	31
2626	38
2627	18
2628	19
2629	22
2630	31
2631	24
2632	30
2633	36
2634	26
2635	21
2636	28
2637	31
2638	29
2639	34
2640	28
2641	22
2642	28
2643	29
2644	32
2645	40
2646	25
2647	30
2648	22
2649	22
2650	28
2651	25
2652	32
2653	43
2654	32
2655	30
2656	29
2657	32
2658	30
2659	27
2660	36
2661	30
2662	34
2663	29
2664	35
2665	26
2666	30
2667	32
2668	28
2669	30
2670	19
2671	33
2672	26
2673	22
2674	22
2675	19
2676	27
2677	29
2678	17
2679	20
2680	19
2681	28
2682	22
2683	18
2684	32
2685	26
2686	16
2687	17
2688	34
2689	22
2690	35
2691	27
2692	23
2693	23
2694	16
2695	17
2696	27
2697	27
2698	31
2699	15
2700	26
2701	41
2702	22
2703	17
2704	38
2705	19
2706	25
2707	29
2708	36
2709	21
2710	18
2711	36
2712	23
2713	31
2714	26
2715	33
2716	25
2717	19
2718	26
2719	27
2720	26
2721	28
2722	24
2723	25
2724	29
2725	16
2726	20
2727	24
2728	32
2729	20
2730	26
2731	26
2732	30
2733	27
2734	26
2735	22
2736	29
2737	23
2738	29
2739	18
2740	26
2741	24
2742	24
2743	28
2744	24
2745	22
2746	24
2747	22
2748	24
2749	25
2750	18
2751	24
2752	21
2753	24
2754	26
2755	19
2756	19
2757	29
2758	27
2759	25
2760	20
2761	18
2762	26
2763	22
2764	25
2765	18
2766	23
2767	20
2768	23
2769	39
2770	21
2771	20
2772	23
2773	26
2774	20
2775	22
2776	18
2777	29
2778	27
2779	26
2780	21
2781	23
2782	26
2783	24
2784	19
2785	20
2786	33
2787	22
2788	22
2789	25
2790	33
2791	21
2792	24
2793	19
2794	26
2795	16
2796	19
2797	37
2798	13
2799	22
2800	19
2801	19
2802	28
2803	30
2804	30
2805	24
2806	20
2807	29
2808	17
2809	19
2810	25
2811	28
2812	26
2813	19
2814	29
2815	19
2816	20
2817	20
2818	29
2819	25
2820	21
2821	17
2822	14
2823	21
2824	24
2825	21
2826	23
2827	21
2828	22
2829	15
2830	24
2831	21
2832	20
2833	27
2834	21
2835	18
2836	20
2837	22
2838	19
2839	24
2840	16
2841	20
2842	23
2843	29
2844	17
2845	22
2846	24
2847	16
2848	19
2849	24
2850	21
2851	20
2852	20
2853	19
2854	17
2855	26
2856	20
2857	24
2858	24
2859	24
2860	24
2861	16
2862	22
2863	20
2864	23
2865	24
2866	18
2867	18
2868	20
2869	24
2870	19
2871	20
2872	23
2873	27
2874	14
2875	28
2876	15
2877	23
2878	21
2879	22
2880	24
2881	29
2882	24
2883	23
2884	14
2885	30
2886	21
2887	15
2888	30
2889	21
2890	17
2891	19
2892	21
2893	19
2894	15
2895	17
2896	18
2897	16
2898	25
2899	18
2900	24
2901	24
2902	14
2903	20
2904	17
2905	19
2906	14
2907	20
2908	22
2909	21
2910	17
2911	25
2912	13
2913	17
2914	12
2915	19
2916	22
2917	19
2918	17
2919	24
2920	22
2921	19
2922	15
2923	19
2924	14
2925	15
2926	22
2927	19
2928	16
2929	20
2930	22
2931	18
2932	18
2933	21
2934	23
2935	19
2936	20
2937	21
2938	20
2939	20
2940	17
2941	17
2942	14
2943	19
2944	17
2945	16
2946	19
2947	17
2948	11
2949	19
2950	18
2951	24
2952	16
2953	20
2954	13
2955	27
2956	19
2957	26
2958	16
2959	17
2960	21
2961	19
2962	22
2963	18
2964	18
2965	18
2966	16
2967	17
2968	20
2969	21
2970	18
2971	13
2972	12
2973	17
2974	22
2975	17
2976	15
2977	17
2978	16
2979	15
2980	19
2981	21
2982	18
2983	16
2984	23
2985	16
2986	18
2987	19
2988	16
2989	22
2990	19
2991	9
2992	23
2993	20
2994	17
2995	14
2996	19
2997	19
2998	10
2999	11
3000	17
3001	22
3002	24
3003	10
3004	19
3005	19
3006	21
3007	15
3008	25
3009	24
3010	15
3011	20
3012	17
3013	25
3014	18
3015	21
3016	20
3017	17
3018	14
3019	15
3020	15
3021	17
3022	11
3023	8
3024	20
3025	8
3026	20
3027	16
3028	13
3029	26
3030	14
3031	18
3032	14
3033	9
3034	13
3035	13
3036	18
3037	25
3038	21
3039	14
3040	9
3041	15
3042	20
3043	9
3044	11
3045	19
3046	12
3047	13
3048	16
3049	11
3050	15
3051	18
3052	22
3053	18
3054	14
3055	14
3056	19
3057	8
3058	11
3059	19
3060	15
3061	16
3062	18
3063	16
3064	14
3065	19
3066	20
3067	18
3068	18
3069	14
3070	11
3071	18
3072	15
3073	19
3074	10
3075	13
3076	18
3077	12
3078	12
3079	15
3080	14
3081	8
3082	13
3083	19
3084	14
3085	16
3086	12
3087	29
3088	12
3089	20
3090	20
3091	18
3092	22
3093	13
3094	15
3095	17
3096	13
3097	8
3098	16
3099	9
3100	17
3101	10
3102	12
3103	20
3104	15
3105	16
3106	16
3107	18
3108	10
3109	17
3110	15
3111	12
3112	22
3113	14
3114	15
3115	14
3116	11
3117	8
3118	17
3119	13
3120	13
3121	13
3122	17
3123	18
3124	19
3125	21
3126	11
3127	14
3128	13
3129	16
3130	18
3131	7
3132	13
3133	15
3134	18
3135	13
3136	17
3137	17
3138	15
3139	11
3140	14
3141	22
3142	13
3143	12
3144	12
3145	15
3146	16
3147	17
3148	11
3149	13
3150	17
3151	8
3152	18
3153	16
3154	21
3155	8
3156	13
3157	10
3158	9
3159	10
3160	17
3161	16
3162	22
3163	13
3164	16
3165	14
3166	23
3167	16
3168	19
3169	12
3170	17
3171	16
3172	15
3173	13
3174	20
3175	13
3176	7
3177	18
3178	13
3179	9
3180	16
3181	20
3182	17
3183	12
3184	15
3185	16
3186	13
3187	18
3188	17
3189	19
3190	10
3191	14
3192	11
3193	9
3194	8
3195	11
3196	12
3197	3
3198	16
3199	22
3200	18
3201	12
3202	7
3203	14
3204	9
3205	12
3206	6
3207	10
3208	22
3209	10
3210	15
3211	13
3212	12
3213	13
3214	11
3215	17
3216	13
3217	16
3218	16
3219	8
3220	17
3221	15
3222	14
3223	9
3224	11
3225	13
3226	13
3227	17
3228	19
3229	14
3230	16
3231	13
3232	11
3233	20
3234	16
3235	13
3236	9
3237	10
3238	16
3239	13
3240	16
3241	9
3242	8
3243	10
3244	13
3245	11
3246	11
3247	14
3248	18
3249	12
3250	11
3251	16
3252	14
3253	14
3254	6
3255	13
3256	14
3257	9
3258	9
3259	17
3260	5
3261	9
3262	8
3263	13
3264	11
3265	14
3266	9
3267	10
3268	17
3269	16
3270	10
3271	9
3272	13
3273	11
3274	10
3275	14
3276	13
3277	11
3278	12
3279	13
3280	15
3281	13
3282	13
3283	12
3284	12
3285	11
3286	15
3287	8
3288	17
3289	13
3290	16
3291	11
3292	11
3293	9
3294	10
3295	11
3296	12
3297	11
3298	9
3299	16
3300	11
3301	12
3302	15
3303	7
3304	5
3305	13
3306	6
3307	11
3308	11
3309	14
3310	3
3311	10
3312	15
3313	7
3314	13
3315	11
3316	8
3317	11
3318	16
3319	12
3320	11
3321	11
3322	13
3323	6
3324	13
3325	6
3326	8
3327	10
3328	5
3329	12
3330	6
3331	11
3332	11
3333	12
3334	9
3335	12
3336	12
3337	4
3338	7
3339	14
3340	6
3341	8
3342	11
3343	9
3344	8
3345	8
3346	15
3347	7
3348	15
3349	17
3350	12
3351	5
3352	17
3353	13
3354	6
3355	14
3356	4
3357	8
3358	9
3359	9
3360	13
3361	8
3362	5
3363	6
3364	4
3365	14
3366	10
3367	11
3368	11
3369	4
3370	6
3371	12
3372	9
3373	8
3374	11
3375	5
3376	10
3377	15
3378	12
3379	14
3380	7
3381	10
3382	7
3383	7
3384	10
3385	7
3386	8
3387	9
3388	9
3389	11
3390	10
3391	8
3392	6
3393	17
3394	6
3395	7
3396	10
3397	12
3398	10
3399	11
3400	11
3401	4
3402	13
3403	13
3404	11
3405	11
3406	11
3407	10
3408	8
3409	12
3410	9
3411	7
3412	7
3413	6
3414	10
3415	8
3416	10
3417	8
3418	9
3419	10
3420	7
3421	7
3422	6
3423	9
3424	11
3425	4
3426	10
3427	11
3428	11
3429	8
3430	8
3431	3
3432	11
3433	11
3434	4
3435	4
3436	12
3437	14
3438	8
3439	6
3440	15
3441	5
3442	7
3443	6
3444	9
3445	10
3446	7
3447	5
3448	8
3449	12
3450	8
3451	7
3452	6
3453	10
3454	7
3455	12
3456	8
3457	15
3458	7
3459	7
3460	10
3461	8
3462	5
3463	7
3464	13
3465	11
3466	7
3467	8
3468	3
3469	7
3470	6
3471	4
3472	11
3473	6
3474	11
3475	10
3476	11
3477	6
3478	6
3479	9
3480	8
3481	9
3482	7
3483	11
3484	5
3485	13
3486	9
3487	11
3488	17
3489	10
3490	5
3491	8
3492	5
3493	10
3494	7
3495	6
3496	5
3497	8
3498	10
3499	6
3500	5
3501	7
3502	8
3503	10
3504	7
3505	13
3506	8
3507	7
3508	12
3509	11
3510	10
3511	2
3512	6
3513	10
3514	12
3515	7
3516	13
3517	4
3518	9
3519	6
3520	9
3521	4
3522	10
3523	3
3524	5
3525	14
3526	13
3527	5
3528	9
3529	4
3530	6
3531	6
3532	6
3533	9
3534	10
3535	8
3536	11
3537	8
3538	7
3539	12
3540	5
3541	10
3542	8
3543	5
3544	9
3545	8
3546	8
3547	6
3548	11
3549	9
3550	10
3551	11
3552	3
3553	13
3554	8
3555	6
3556	5
3557	5
3558	9
3559	4
3560	9
3561	5
3562	9
3563	5
3564	4
3565	5
3566	9
3567	5
3568	8
3569	12
3570	9
3571	13
3572	10
3573	8
3574	7
3575	10
3576	7
3577	9
3578	10
3579	6
3580	9
3581	7
3582	9
3583	7
3584	8
3585	8
3586	6
3587	4
3588	9
3589	7
3590	8
3591	8
3592	11
3593	7
3594	7
3595	5
3596	7
3597	7
3598	10
3599	9
3600	2
3601	8
3602	8
3603	7
3604	6
3605	10
3606	8
3607	8
3608	6
3609	5
3610	5
3611	13
3612	5
3613	7
3614	3
3615	2
3616	4
3617	10
3618	8
3619	3
3620	9
3621	9
3622	7
3623	5
3624	7
3625	9
3626	8
3627	9
3628	13
3629	9
3630	12
3631	9
3632	5
3633	4
3634	6
3635	7
3636	13
3637	6
3638	3
3639	8
3640	9
3641	7
3642	11
3643	7
3644	3
3645	7
3646	3
3647	3
3648	8
3649	6
3650	8
3651	8
3652	8
3653	6
3654	3
3655	5
3656	5
3657	9
3658	9
3659	10
3660	6
3661	5
3662	6
3663	8
3664	8
3665	7
3666	5
3667	5
3668	7
3669	9
3670	3
3671	5
3672	7
3673	10
3674	6
3675	3
3676	7
3677	7
3678	12
3679	8
3680	7
3681	8
3682	8
3683	11
3684	7
3685	5
3686	8
3687	13
3688	4
3689	6
3690	4
3691	6
3692	8
3693	7
3694	5
3695	7
3696	5
3697	11
3698	8
3699	4
3700	10
3701	7
3702	3
3703	7
3704	8
3705	2
3706	1
3707	9
3708	10
3709	7
3710	8
3711	12
3712	6
3713	5
3714	7
3715	7
3716	7
3717	6
3718	6
3719	7
3720	7
3721	10
3722	7
3723	7
3724	9
3725	4
3726	10
3727	6
3728	5
3729	1
3730	7
3731	7
3732	10
3733	7
3734	3
3735	5
3736	4
3737	7
3738	11
3739	4
3740	11
3741	4
3742	3
3743	7
3744	6
3745	4
3746	8
3747	6
3748	6
3749	11
3750	5
3751	4
3752	8
3753	8
3754	1
3755	11
3756	5
3757	4
3758	4
3759	5
3760	6
3761	9
3762	5
3763	7
3764	13
3765	9
3766	3
3767	7
3768	5
3769	2
3770	6
3771	7
3772	4
3773	10
3774	5
3775	6
3776	3
3777	5
3778	4
3779	5
3780	6
3781	4
3782	6
3783	5
3784	7
3785	8
3786	7
3787	5
3788	3
3789	7
3790	3
3791	4
3792	7
3793	1
3794	6
3795	5
3796	3
3797	4
3798	3
3799	4
3800	5
3801	5
3802	3
3803	2
3804	4
3805	6
3806	3
3807	4
3808	6
3809	6
3810	2
3811	3
3812	4
3813	6
3814	7
3815	4
3816	4
3817	7
3818	5
3819	8
3820	8
3821	5
3822	7
3823	5
3824	8
3825	4
3826	3
3827	3
3828	7
3829	4
3830	6
3831	12
3832	0
3833	3
3834	2
3835	7
3836	5
3837	2
3838	3
3839	5
3840	5
3841	4
3842	5
3843	8
3844	4
3845	4
3846	8
3847	4
3848	4
3849	6
3850	11
3851	6
3852	5
3853	5
3854	4
3855	2
3856	5
3857	9
3858	6
3859	2
3860	3
3861	5
3862	5
3863	5
3864	5
3865	6
3866	4
3867	1
3868	3
3869	0
3870	3
3871	2
3872	1
3873	6
3874	8
3875	1
3876	4
3877	3
3878	3
3879	4
3880	4
3881	4
3882	4
3883	3
3884	9
3885	7
3886	2
3887	3
3888	3
3889	5
3890	5
3891	7
3892	5
3893	4
3894	8
3895	1
3896	5
3897	3
3898	6
3899	1
3900	6
3901	3
3902	3
3903	4
3904	3
3905	4
3906	6
3907	7
3908	6
3909	1
3910	5
3911	7
3912	0
3913	4
3914	6
3915	5
3916	4
3917	3
3918	4
3919	6
3920	8
3921	4
3922	3
3923	6
3924	4
3925	2
3926	4
3927	7
3928	4
3929	6
3930	5
3931	4
3932	2
3933	4
3934	5
3935	8
3936	6
3937	4
3938	0
3939	4
3940	6
3941	2
3942	3
3943	0
3944	6
3945	3
3946	2
3947	6
3948	5
3949	3
3950	1
3951	4
3952	4
3953	5
3954	7
3955	6
3956	4
3957	4
3958	3
3959	11
3960	5
3961	4
3962	2
3963	5
3964	3
3965	4
3966	3
3967	2
3968	3
3969	5
3970	7
3971	4
3972	3
3973	7
3974	5
3975	7
3976	4
3977	5
3978	8
3979	3
3980	5
3981	1
3982	2
3983	2
3984	3
3985	4
3986	6
3987	8
3988	3
3989	3
3990	4
3991	6
3992	6
3993	7
3994	5
3995	0
3996	2
3997	3
3998	10
3999	2
4000	3
4001	2
4002	4
4003	3
4004	7
4005	7
4006	4
4007	5
4008	6
4009	3
4010	6
4011	4
4012	8
4013	4
4014	10
4015	5
4016	5
4017	4
4018	4
4019	5
4020	2
4021	5
4022	6
4023	4
4024	3
4025	4
4026	1
4027	4
4028	7
4029	2
4030	3
4031	4
4032	6
4033	4
4034	2
4035	5
4036	5
4037	4
4038	7
4039	3
4040	3
4041	8
4042	5
4043	1
4044	5
4045	4
4046	6
4047	5
4048	2
4049	6
4050	6
4051	1
4052	5
4053	6
4054	8
4055	9
4056	0
4057	4
4058	8
4059	1
4060	1
4061	2
4062	2
4063	0
4064	7
4065	9
4066	5
4067	4
4068	3
4069	1
4070	7
4071	5
4072	3
4073	2
4074	1
4075	3
4076	3
4077	3
4078	6
4079	5
4080	7
4081	3
4082	6
4083	5
4084	2
4085	4
4086	6
4087	3
4088	3
4089	2
4090	3
4091	2
4092	4
4093	4
4094	4
4095	2
4096	3
4097	5
4098	7
4099	2
4100	3
4101	7
4102	1
4103	4
4104	3
4105	3
4106	4
4107	4
4108	5
4109	5
4110	5
4111	2
4112	5
4113	3
4114	1
4115	4
4116	2
4117	4
4118	4
4119	2
4120	8
4121	5
4122	7
4123	1
4124	3
4125	4
4126	3
4127	3
4128	4
4129	5
4130	2
4131	4
4132	4
4133	3
4134	2
4135	2
4136	2
4137	5
4138	2
4139	3
4140	4
4141	3
4142	2
4143	4
4144	3
4145	6
4146	3
4147	2
4148	1
4149	5
4150	6
4151	3
4152	5
4153	1
4154	0
4155	3
4156	2
4157	1
4158	1
4159	3
4160	3
4161	7
4162	2
4163	4
4164	2
4165	3
4166	0
4167	6
4168	4
4169	4
4170	1
4171	1
4172	2
4173	2
4174	4
4175	2
4176	0
4177	2
4178	1
4179	1
4180	7
4181	2
4182	5
4183	5
4184	3
4185	4
4186	4
4187	2
4188	3
4189	2
4190	4
4191	4
4192	3
4193	7
4194	3
4195	1
4196	3
4197	2
4198	2
4199	4
4200	4
4201	0
4202	2
4203	4
4204	5
4205	2
4206	5
4207	3
4208	2
4209	1
4210	1
4211	1
4212	1
4213	2
4214	6
4215	7
4216	2
4217	6
4218	2
4219	0
4220	3
4221	3
4222	3
4223	0
4224	2
4225	8
4226	3
4227	2
4228	2
4229	4
4230	3
4231	3
4232	3
4233	6
4234	4
4235	1
4236	6
4237	2
4238	6
4239	5
4240	4
4241	2
4242	3
4243	1
4244	3
4245	6
4246	1
4247	2
4248	2
4249	1
4250	3
4251	3
4252	3
4253	5
4254	2
4255	1
4256	3
4257	3
4258	3
4259	3
4260	1
4261	1
4262	3
4263	4
4264	2
4265	3
4266	4
4267	3
4268	5
4269	3
4270	5
4271	3
4272	3
4273	3
4274	2
4275	2
4276	2
4277	1
4278	2
4279	3
4280	2
4281	5
4282	2
4283	4
4284	5
4285	1
4286	1
4287	4
4288	0
4289	1
4290	3
4291	4
4292	2
4293	4
4294	1
4295	1
4296	1
4297	0
4298	0
4299	2
4300	5
4301	2
4302	1
4303	1
4304	5
4305	0
4306	1
4307	2
4308	1
4309	0
4310	2
4311	5
4312	5
4313	2
4314	2
4315	5
4316	5
4317	0
4318	5
4319	3
4320	0
4321	2
4322	1
4323	2
4324	2
4325	3
4326	2
4327	1
4328	2
4329	0
4330	1
4331	3
4332	2
4333	5
4334	3
4335	1
4336	1
4337	2
4338	3
4339	2
4340	3
4341	0
4342	0
4343	1
4344	4
4345	2
4346	4
4347	1
4348	0
4349	1
4350	3
4351	2
4352	1
4353	2
4354	2
4355	4
4356	3
4357	4
4358	4
4359	1
4360	1
4361	0
4362	0
4363	4
4364	6
4365	1
4366	0
4367	3
4368	2
4369	1
4370	4
4371	2
4372	5
4373	1
4374	4
4375	3
4376	3
4377	6
4378	2
4379	3
4380	2
4381	1
4382	3
4383	1
4384	3
4385	4
4386	3
4387	1
4388	2
4389	2
4390	1
4391	2
4392	6
4393	2
4394	2
4395	1
4396	3
4397	2
4398	3
4399	3
4400	1
4401	1
4402	0
4403	0
4404	2
4405	1
4406	3
4407	0
4408	2
4409	2
4410	1
4411	5
4412	3
4413	0
4414	3
4415	3
4416	0
4417	1
4418	2
4419	2
4420	3
4421	2
4422	1
4423	1
4424	0
4425	4
4426	1
4427	2
4428	0
4429	3
4430	3
4431	4
4432	3
4433	3
4434	2
4435	6
4436	3
4437	2
4438	3
4439	0
4440	2
4441	1
4442	2
4443	5
4444	3
4445	0
4446	4
4447	2
4448	5
4449	5
4450	0
4451	0
4452	1
4453	0
4454	2
4455	3
4456	2
4457	4
4458	3
4459	4
4460	4
4461	3
4462	2
4463	1
4464	2
4465	3
4466	2
4467	4
4468	1
4469	2
4470	2
4471	1
4472	1
4473	5
4474	3
4475	3
4476	1
4477	2
4478	2
4479	0
4480	1
4481	2
4482	1
4483	4
4484	1
4485	2
4486	3
4487	0
4488	3
4489	2
4490	3
4491	2
4492	0
4493	0
4494	2
4495	1
4496	1
4497	3
4498	2
4499	3
4500	1
4501	2
4502	2
4503	2
4504	2
4505	1
4506	1
4507	1
4508	5
4509	2
4510	0
4511	5
4512	1
4513	2
4514	1
4515	2
4516	2
4517	2
4518	3
4519	3
4520	2
4521	3
4522	1
4523	2
4524	6
4525	1
4526	5
4527	6
4528	3
4529	2
4530	4
4531	3
4532	2
4533	2
4534	3
4535	2
4536	2
4537	2
4538	1
4539	2
4540	1
4541	2
4542	1
4543	0
4544	3
4545	1
4546	2
4547	1
4548	4
4549	0
4550	4
4551	3
4552	1
4553	1
4554	2
4555	1
4556	1
4557	1
4558	5
4559	1
4560	5
4561	3
4562	3
4563	2
4564	5
4565	2
4566	3
4567	4
4568	1
4569	2
4570	3
4571	3
4572	4
4573	0
4574	3
4575	7
4576	4
4577	0
4578	1
4579	0
4580	2
4581	2
4582	1
4583	2
4584	1
4585	2
4586	1
4587	3
4588	2
4589	3
4590	4
4591	0
4592	2
4593	4
4594	5
4595	2
4596	0
4597	0
4598	2
4599	4
4600	1
4601	3
4602	2
4603	5
4604	2
4605	1
4606	0
4607	1
4608	1
4609	2
4610	1
4611	2
4612	0
4613	2
4614	1
4615	1
4616	2
4617	1
4618	1
4619	1
4620	1
4621	5
4622	3
4623	2
4624	0
4625	2
4626	3
4627	2
4628	0
4629	1
4630	0
4631	2
4632	0
4633	2
4634	3
4635	0
4636	3
4637	2
4638	2
4639	3
4640	0
4641	0
4642	5
4643	0
4644	2
4645	2
4646	3
4647	0
4648	0
4649	4
4650	1
4651	0
4652	0
4653	2
4654	0
4655	2
4656	3
4657	1
4658	2
4659	1
4660	2
4661	4
4662	2
4663	1
4664	0
4665	4
4666	1
4667	1
4668	0
4669	0
4670	3
4671	1
4672	3
4673	0
4674	1
4675	1
4676	0
4677	2
4678	0
4679	3
4680	1
4681	0
4682	1
4683	3
4684	3
4685	3
4686	1
4687	2
4688	0
4689	1
4690	2
4691	3
4692	0
4693	0
4694	2
4695	4
4696	0
4697	1
4698	1
4699	1
4700	3
4701	3
4702	2
4703	2
4704	1
4705	1
4706	2
4707	3
4708	1
4709	1
4710	3
4711	0
4712	1
4713	2
4714	1
4715	0
4716	1
4717	0
4718	1
4719	1
4720	1
4721	1
4722	2
4723	2
4724	0
4725	2
4726	3
4727	1
4728	2
4729	2
4730	0
4731	2
4732	1
4733	1
4734	2
4735	1
4736	1
4737	1
4738	1
4739	2
4740	1
4741	1
4742	1
4743	0
4744	1
4745	0
4746	1
4747	0
4748	2
4749	0
4750	1
4751	1
4752	1
4753	1
4754	0
4755	1
4756	1
4757	3
4758	1
4759	1
4760	0
4761	1
4762	0
4763	0
4764	4
4765	1
4766	1
4767	1
4768	0
4769	0
4770	2
4771	0
4772	1
4773	2
4774	0
4775	0
4776	0
4777	2
4778	1
4779	1
4780	2
4781	0
4782	2
4783	2
4784	0
4785	1
4786	0
4787	0
4788	2
4789	1
4790	1
4791	0
4792	0
4793	1
4794	0
4795	0
4796	1
4797	0
4798	0
4799	0
4800	2
4801	1
4802	1
4803	2
4804	0
4805	2
4806	1
4807	1
4808	1
4809	0
4810	1
4811	1
4812	1
4813	1
4814	1
4815	0
4816	4
4817	0
4818	2
4819	0
4820	0
4821	2
4822	0
4823	0
4824	2
4825	0
4826	2
4827	2
4828	4
4829	1
4830	2
4831	2
4832	2
4833	1
4834	3
4835	3
4836	2
4837	1
4838	0
4839	0
4840	0
4841	4
4842	0
4843	1
4844	0
4845	0
4846	1
4847	0
4848	0
4849	0
4850	2
4851	5
4852	1
4853	1
4854	1
4855	0
4856	1
4857	2
4858	1
4859	2
4860	0
4861	2
4862	1
4863	0
4864	5
4865	3
4866	1
4867	0
4868	1
4869	1
4870	0
4871	4
4872	1
4873	2
4874	1
4875	2
4876	1
4877	1
4878	0
4879	2
4880	2
4881	2
4882	0
4883	0
4884	1
4885	0
4886	1
4887	1
4888	1
4889	1
4890	1
4891	1
4892	2
4893	2
4894	2
4895	2
4896	1
4897	1
4898	2
4899	1
4900	1
4901	2
4902	1
4903	2
4904	0
4905	1
4906	1
4907	1
4908	0
4909	2
4910	0
4911	2
4912	0
4913	2
4914	2
4915	1
4916	0
4917	3
4918	1
4919	2
4920	1
4921	4
4922	2
4923	2
4924	0
4925	1
4926	1
4927	0
4928	1
4929	2
4930	1
4931	1
4932	0
4933	0
4934	2
4935	3
4936	3
4937	0
4938	2
4939	2
4940	1
4941	3
4942	2
4943	2
4944	2
4945	0
4946	1
4947	4
4948	2
4949	4
4950	2
4951	0
4952	0
4953	1
4954	0
4955	1
4956	1
4957	1
4958	0
4959	1
4960	0
4961	1
4962	0
4963	0
4964	2
4965	2
4966	1
4967	2
4968	1
4969	1
4970	3
4971	1
4972	1
4973	1
4974	0
4975	1
4976	0
4977	1
4978	1
4979	2
4980	1
4981	2
4982	0
4983	1
4984	0
4985	0
4986	1
4987	1
4988	0
4989	3
4990	1
4991	1
4992	4
4993	0
4994	0
4995	1
4996	1
4997	1
4998	4
4999	2
5000	1
5001	0
5002	0
5003	2
5004	1
5005	4
5006	1
5007	1
5008	0
5009	0
5010	0
5011	1
5012	1
5013	0
5014	3
5015	0
5016	1
5017	1
5018	3
5019	2
5020	1
5021	1
5022	2
5023	1
5024	1
5025	2
5026	0
5027	2
5028	0
5029	2
5030	0
5031	0
5032	1
5033	2
5034	2
5035	1
5036	1
5037	3
5038	1
5039	0
5040	1
5041	2
5042	1
5043	1
5044	1
5045	1
5046	2
5047	1
5048	3
5049	2
5050	2
5051	0
5052	0
5053	1
5054	1
5055	1
5056	1
5057	0
5058	0
5059	0
5060	3
5061	0
5062	0
5063	3
5064	1
5065	0
5066	0
5067	1
5068	1
5069	0
5070	0
5071	2
5072	1
5073	2
5074	2
5075	1
5076	1
5077	3
5078	0
5079	0
5080	0
5081	1
5082	0
5083	1
5084	3
5085	0
5086	0
5087	1
5088	3
5089	0
5090	0
5091	1
5092	1
5093	3
5094	0
5095	2
5096	1
5097	0
5098	0
5099	3
5100	2
5101	0
5102	0
5103	1
5104	3
5105	1
5106	1
5107	2
5108	3
5109	1
5110	2
5111	0
5112	2
5113	0
5114	0
5115	0
5116	0
5117	0
5118	2
5119	1
5120	0
5121	0
5122	5
5123	1
5124	1
5125	0
5126	0
5127	3
5128	4
5129	0
5130	0
5131	1
5132	2
5133	1
5134	1
5135	1
5136	0
5137	1
5138	1
5139	1
5140	4
5141	2
5142	1
5143	2
5144	0
5145	2
5146	0
5147	0
5148	0
5149	0
5150	2
5151	1
5152	2
5153	1
5154	2
5155	0
5156	2
5157	2
5158	0
5159	1
5160	0
5161	1
5162	0
5163	0
5164	1
5165	0
5166	0
5167	0
5168	0
5169	0
5170	0
5171	1
5172	2
5173	1
5174	0
5175	1
5176	0
5177	1
5178	0
5179	3
5180	0
5181	1
5182	1
5183	1
5184	1
5185	0
5186	3
5187	1
5188	0
5189	0
5190	1
5191	2
5192	0
5193	1
5194	0
5195	3
5196	2
5197	2
5198	0
5199	4
5200	1
5201	0
5202	0
5203	3
5204	0
5205	0
5206	1
5207	0
5208	1
5209	0
5210	3
5211	1
5212	1
5213	1
5214	0
5215	1
5216	0
5217	1
5218	0
5219	1
5220	0
5221	0
5222	1
5223	1
5224	1
5225	0
5226	2
5227	1
5228	1
5229	0
5230	1
5231	1
5232	0
5233	1
5234	2
5235	0
5236	0
5237	1
5238	0
5239	0
5240	0
5241	1
5242	0
5243	0
5244	0
5245	2
5246	0
5247	0
5248	1
5249	0
5250	0
5251	0
5252	0
5253	0
5254	1
5255	0
5256	0
5257	2
5258	0
5259	1
5260	0
5261	1
5262	1
5263	1
5264	1
5265	0
5266	0
5267	1
5268	0
5269	1
5270	2
5271	0
5272	0
5273	0
5274	3
5275	0
5276	2
5277	0
5278	0
5279	0
5280	0
5281	1
5282	0
5283	0
5284	0
5285	0
5286	0
5287	0
5288	2
5289	1
5290	1
5291	2
5292	0
5293	2
5294	0
5295	1
5296	1
5297	0
5298	0
5299	0
5300	0
5301	0
5302	0
5303	1
5304	1
5305	0
5306	1
5307	0
5308	1
5309	0
5310	0
5311	0
5312	2
5313	0
5314	1
5315	2
5316	0
5317	2
5318	0
5319	2
5320	0
5321	0
5322	0
5323	1
5324	0
5325	1
5326	2
5327	0
5328	0
5329	0
5330	2
5331	1
5332	1
5333	1
5334	1
5335	1
5336	1
5337	1
5338	0
5339	1
5340	0
5341	0
5342	2
5343	0
5344	1
5345	2
5346	2
5347	1
5348	0
5349	0
5350	0
5351	0
5352	0
5353	0
5354	0
5355	0
5356	3
5357	0
5358	2
5359	0
5360	0
5361	0
5362	1
5363	0
5364	1
5365	2
5366	0
5367	1
5368	3
5369	1
5370	0
5371	0
5372	1
5373	0
5374	2
5375	0
5376	2
5377	1
5378	2
5379	1
5380	0
5381	0
5382	0
5383	0
5384	0
5385	0
5386	0
5387	0
5388	0
5389	0
5390	0
5391	1
5392	1
5393	1
5394	0
5395	1
5396	0
5397	0
5398	0
5399	0
5400	1
5401	1
5402	0
5403	0
5404	1
5405	1
5406	2
5407	1
5408	1
5409	0
5410	1
5411	1
5412	2
5413	0
5414	2
5415	0
5416	1
5417	0
5418	0
5419	0
5420	0
5421	0
5422	0
5423	0
5424	0
5425	0
5426	0
5427	0
5428	1
5429	1
5430	1
5431	0
5432	0
5433	0
5434	0
5435	1
5436	0
5437	0
5438	0
5439	0
5440	2
5441	2
5442	1
5443	1
5444	0
5445	1
5446	0
5447	0
5448	1
5449	1
5450	0
5451	0
5452	1
5453	1
5454	0
5455	2
5456	0
5457	1
5458	0
5459	0
5460	0
5461	0
5462	1
5463	2
5464	2
5465	1
5466	1
5467	1
5468	1
5469	1
5470	1
5471	0
5472	1
5473	0
5474	1
5475	2
5476	0
5477	0
5478	1
5479	0
5480	0
5481	3
5482	0
5483	0
5484	0
5485	1
5486	0
5487	1
5488	0
5489	0
5490	1
5491	0
5492	0
5493	0
5494	0
5495	0
5496	0
5497	1
5498	0
5499	0
5500	0
5501	0
5502	0
5503	1
5504	0
5505	0
5506	0
5507	1
5508	0
5509	0
5510	1
5511	0
5512	0
5513	0
5514	0
5515	1
5516	0
5517	0
5518	0
5519	0
5520	1
5521	0
5522	0
5523	1
5524	0
5525	0
5526	0
5527	1
5528	1
5529	0
5530	0
5531	0
5532	0
5533	0
5534	1
5535	0
5536	0
5537	0
5538	0
5539	0
5540	0
5541	1
5542	0
5543	1
5544	0
5545	1
5546	0
5547	1
5548	0
5549	0
5550	2
5551	1
5552	0
5553	1
5554	0
5555	1
5556	1
5557	2
5558	0
5559	0
5560	2
5561	2
5562	0
5563	3
5564	1
5565	1
5566	0
5567	1
5568	1
5569	0
5570	0
5571	0
5572	0
5573	0
5574	0
5575	0
5576	2
5577	0
5578	0
5579	1
5580	0
5581	0
5582	0
5583	0
5584	0
5585	1
5586	0
5587	0
5588	2
5589	0
5590	2
5591	1
5592	0
5593	0
5594	1
5595	0
5596	0
5597	1
5598	0
5599	0
5600	0
5601	0
5602	0
5603	1
5604	1
5605	0
5606	1
5607	1
5608	0
5609	1
5610	0
5611	0
5612	1
5613	1
5614	1
5615	1
5616	0
5617	3
5618	0
5619	0
5620	0
5621	0
5622	1
5623	0
5624	1
5625	0
5626	1
5627	0
5628	2
5629	2
5630	0
5631	0
5632	0
5633	0
5634	1
5635	0
5636	1
5637	2
5638	0
5639	0
5640	0
5641	1
5642	1
5643	0
5644	0
5645	1
5646	0
5647	0
5648	1
5649	1
5650	0
5651	0
5652	1
5653	0
5654	0
5655	1
5656	0
5657	1
5658	0
5659	1
5660	0
5661	0
5662	1
5663	1
5664	2
5665	0
5666	1
5667	0
5668	1
5669	0
5670	0
5671	0
5672	0
5673	2
5674	1
5675	1
5676	1
5677	1
5678	1
5679	0
5680	1
5681	0
5682	1
5683	1
5684	1
5685	0
5686	3
5687	0
5688	1
5689	0
5690	0
5691	0
5692	1
5693	1
5694	1
5695	0
5696	1
5697	0
5698	0
5699	0
5700	0
5701	1
5702	0
5703	1
5704	1
5705	0
5706	0
5707	0
5708	0
5709	2
5710	0
5711	0
5712	0
5713	2
5714	0
5715	0
5716	0
5717	0
5718	1
5719	0
5720	1
5721	0
5722	0
5723	0
5724	1
5725	1
5726	0
5727	1
5728	0
5729	2
5730	0
5731	1
5732	1
5733	0
5734	1
5735	0
5736	1
5737	1
5738	0
5739	1
5740	2
5741	0
5742	2
5743	0
5744	0
5745	0
5746	1
5747	2
5748	0
5749	0
5750	0
5751	2
5752	0
5753	1
5754	0
5755	0
5756	0
5757	1
5758	0
5759	1
5760	0
5761	1
5762	1
5763	0
5764	0
5765	1
5766	1
5767	1
5768	0
5769	0
5770	1
5771	1
5772	0
5773	0
5774	0
5775	0
5776	0
5777	1
5778	0
5779	0
5780	0
5781	1
5782	0
5783	0
5784	0
5785	0
5786	0
5787	0
5788	1
5789	1
5790	0
5791	1
5792	1
5793	0
5794	0
5795	0
5796	0
5797	0
5798	0
5799	2
5800	0
5801	1
5802	0
5803	1
5804	0
5805	0
5806	1
5807	0
5808	1
5809	0
5810	0
5811	0
5812	0
5813	0
5814	0
5815	0
5816	1
5817	1
5818	1
5819	0
5820	1
5821	0
5822	0
5823	0
5824	0
5825	1
5826	1
5827	1
5828	0
5829	2
5830	0
5831	0
5832	0
5833	0
5834	3
5835	0
5836	0
5837	0
5838	0
5839	0
5840	0
5841	0
5842	1
5843	0
5844	1
5845	0
5846	0
5847	0
5848	0
5849	0
5850	0
5851	1
5852	0
5853	0
5854	1
5855	0
5856	0
5857	1
5858	0
5859	1
5860	0
5861	1
5862	0
5863	2
5864	2
5865	0
5866	0
5867	0
5868	0
5869	0
5870	0
5871	1
5872	0
5873	0
5874	1
5875	0
5876	0
5877	0
5878	0
5879	0
5880	0
5881	1
5882	0
5883	0
5884	0
5885	0
5886	0
5887	0
5888	1
5889	2
5890	0
5891	0
5892	0
5893	1
5894	0
5895	1
5896	0
5897	2
5898	0
5899	0
5900	0
5901	1
5902	0
5903	0
5904	0
5905	1
5906	0
5907	1
5908	0
5909	0
5910	1
5911	0
5912	0
5913	0
5914	1
5915	1
5916	0
5917	0
5918	0
5919	1
5920	1
5921	0
5922	1
5923	0
5924	2
5925	3
5926	1
5927	0
5928	0
5929	0
5930	0
5931	1
5932	0
5933	0
5934	1
5935	0
5936	0
5937	1
5938	0
5939	0
5940	0
5941	2
5942	0
5943	0
5944	0
5945	0
5946	0
5947	0
5948	0
5949	4
5950	0
5951	1
5952	2
5953	1
5954	0
5955	0
5956	1
5957	1
5958	0
5959	0
5960	0
5961	0
5962	0
5963	1
5964	0
5965	0
5966	0
5967	0
5968	1
5969	0
5970	0
5971	0
5972	0
5973	1
5974	0
5975	0
5976	1
5977	0
5978	0
5979	1
5980	0
5981	1
5982	0
5983	0
5984	2
5985	1
5986	1
5987	1
5988	0
5989	0
5990	2
5991	0
5992	0
5993	0
5994	1
5995	0
5996	1
5997	0
5998	0
5999	0
6000	0
6001	0
6002	0
6003	1
6004	0
6005	0
6006	0
6007	1
6008	0
6009	1
6010	1
6011	0
6012	0
6013	0
6014	1
6015	1
6016	0
6017	0
6018	0
6019	0
6020	0
6021	0
6022	1
6023	2
6024	2
6025	1
6026	0
6027	0
6028	1
6029	0
6030	0
6031	2
6032	1
6033	1
6034	0
6035	0
6036	0
6037	0
6038	0
6039	0
6040	0
6041	1
6042	0
6043	0
6044	0
6045	0
6046	0
6047	0
6048	0
6049	0
6050	0
6051	0
6052	0
6053	0
6054	1
6055	0
6056	0
6057	0
6058	1
6059	0
6060	1
6061	0
6062	1
6063	1
6064	0
6065	0
6066	0
6067	0
6068	0
6069	0
6070	0
6071	0
6072	1
6073	1
6074	0
6075	0
6076	0
6077	0
6078	0
6079	1
6080	0
6081	0
6082	0
6083	2
6084	1
6085	1
6086	0
6087	0
6088	0
6089	1
6090	0
6091	0
6092	0
6093	0
6094	0
6095	0
6096	1
6097	2
6098	1
6099	0
6100	0
6101	0
6102	1
6103	0
6104	1
6105	0
6106	0
6107	0
6108	1
6109	0
6110	0
6111	0
6112	0
6113	0
6114	0
6115	0
6116	0
6117	1
6118	0
6119	0
6120	0
6121	0
6122	0
6123	0
6124	0
6125	0
6126	0
6127	0
6128	0
6129	0
6130	0
6131	0
6132	0
6133	0
6134	0
6135	1
6136	0
6137	0
6138	1
6139	0
6140	0
6141	0
6142	1
6143	0
6144	0
6145	1
6146	0
6147	0
6148	0
6149	0
6150	1
6151	1
6152	0
6153	1
6154	0
6155	0
6156	0
6157	0
6158	0
6159	0
6160	0
6161	0
6162	1
6163	0
6164	0
6165	0
6166	0
6167	0
6168	0
6169	0
6170	0
6171	0
6172	0
6173	0
6174	0
6175	0
6176	0
6177	0
6178	0
6179	1
6180	0
6181	0
6182	0
6183	0
6184	0
6185	0
6186	0
6187	0
6188	0
6189	0
6190	0
6191	0
6192	0
6193	0
6194	0
6195	0
6196	1
6197	0
6198	1
6199	0
6200	0
6201	0
6202	0
6203	1
6204	2
6205	0
6206	0
6207	1
6208	0
6209	0
6210	0
6211	0
6212	0
6213	0
6214	0
6215	0
6216	0
6217	0
6218	0
6219	0
6220	2
6221	1
6222	0
6223	0
6224	0
6225	2
6226	0
6227	0
6228	0
6229	0
6230	0
6231	0
6232	1
6233	0
6234	0
6235	1
6236	0
6237	0
6238	0
6239	0
6240	0
6241	0
6242	0
6243	0
6244	0
6245	0
6246	0
6247	0
6248	0
6249	0
6250	1
6251	0
6252	1
6253	0
6254	1
6255	0
6256	0
6257	0
6258	2
6259	1
6260	0
6261	0
6262	0
6263	0
6264	0
6265	0
6266	0
6267	0
6268	0
6269	0
6270	0
6271	2
6272	0
6273	0
6274	2
6275	0
6276	0
6277	0
6278	1
6279	0
6280	1
6281	0
6282	0
6283	0
6284	0
6285	0
6286	0
6287	0
6288	0
6289	1
6290	0
6291	2
6292	0
6293	1
6294	0
6295	1
6296	0
6297	0
6298	0
6299	0
6300	0
6301	0
6302	1
6303	0
6304	0
6305	1
6306	0
6307	0
6308	1
6309	0
6310	0
6311	0
6312	0
6313	0
6314	0
6315	0
6316	0
6317	0
6318	0
6319	0
6320	0
6321	0
6322	0
6323	0
6324	0
6325	0
6326	0
6327	0
6328	0
6329	0
6330	0
6331	0
6332	0
6333	0
6334	1
6335	0
6336	0
6337	0
6338	1
6339	1
6340	0
6341	0
6342	1
6343	0
6344	0
6345	0
6346	0
6347	0
6348	0
6349	0
6350	0
6351	0
6352	0
6353	0
6354	0
6355	0
6356	0
6357	0
6358	1
6359	0
6360	0
6361	1
6362	1
6363	0
6364	0
6365	0
6366	0
6367	3
6368	0
6369	0
6370	0
6371	0
6372	0
6373	0
6374	1
6375	0
6376	0
6377	0
6378	0
6379	0
6380	0
6381	0
6382	0
6383	0
6384	0
6385	0
6386	0
6387	0
6388	1
6389	0
6390	0
6391	0
6392	0
6393	0
6394	0
6395	1
6396	0
6397	0
6398	0
6399	0
6400	0
6401	0
6402	0
6403	0
6404	0
6405	0
6406	0
6407	0
6408	0
6409	0
6410	0
6411	0
6412	0
6413	0
6414	0
6415	0
6416	0
6417	0
6418	0
6419	0
6420	0
6421	0
6422	0
6423	0
6424	0
6425	0
6426	0
6427	1
6428	0
6429	0
6430	0
6431	0
6432	0
6433	0
6434	0
6435	0
6436	0
6437	0
6438	0
6439	0
6440	0
6441	0
6442	0
6443	0
6444	1
6445	0
6446	0
6447	0
6448	0
6449	0
6450	0
6451	1
6452	0
6453	0
6454	0
6455	0
6456	0
6457	0
6458	0
6459	1
6460	0
6461	0
6462	0
6463	1
6464	0
6465	0
6466	0
6467	0
6468	0
6469	0
6470	0
6471	1
6472	0
6473	0
6474	0
6475	0
6476	0
6477	0
6478	0
6479	1
6480	0
6481	0
6482	0
6483	0
6484	0
6485	0
6486	1
6487	0
6488	0
6489	0
6490	0
6491	0
6492	0
6493	0
6494	0
6495	1
6496	0
6497	0
6498	0
6499	0
6500	0
6501	0
6502	0
6503	0
6504	0
6505	1
6506	0
6507	1
6508	0
6509	1
6510	0
6511	0
6512	1
6513	0
6514	0
6515	0
6516	0
6517	0
6518	1
6519	0
6520	0
6521	0
6522	1
6523	0
6524	0
6525	1
6526	0
6527	0
6528	0
6529	1
6530	1
6531	1
6532	0
6533	0
6534	0
6535	0
6536	0
6537	1
6538	0
6539	1
6540	0
6541	0
6542	0
6543	0
6544	0
6545	0
6546	0
6547	0
6548	0
6549	1
6550	0
6551	0
6552	0
6553	0
6554	0
6555	1
6556	0
6557	0
6558	0
6559	0
6560	0
6561	0
6562	0
6563	0
6564	0
6565	0
6566	0
6567	0
6568	0
6569	0
6570	0
6571	0
6572	0
6573	0
6574	0
6575	0
6576	1
6577	0
6578	0
6579	0
6580	0
6581	0
6582	0
6583	0
6584	0
6585	0
6586	0
6587	1
6588	0
6589	0
6590	0
6591	0
6592	0
6593	0
6594	0
6595	0
6596	0
6597	0
6598	0
6599	0
6600	0
6601	0
6602	0
6603	0
6604	0
6605	0
6606	0
6607	0
6608	1
6609	0
6610	0
6611	0
6612	0
6613	0
6614	0
6615	1
6616	0
6617	1
6618	0
6619	0
6620	0
6621	1
6622	0
6623	0
6624	0
6625	1
6626	0
6627	0
6628	0
6629	0
6630	0
6631	0
6632	0
6633	0
6634	0
6635	0
6636	0
6637	0
6638	0
6639	0
6640	0
6641	0
6642	0
6643	0
6644	0
6645	0
6646	0
6647	0
6648	0
6649	0
6650	0
6651	0
6652	0
6653	0
6654	0
6655	0
6656	0
6657	0
6658	0
6659	0
6660	1
6661	0
6662	0
6663	0
6664	1
6665	0
6666	0
6667	0
6668	0
6669	0
6670	0
6671	0
6672	0
6673	0
6674	0
6675	0
6676	0
6677	0
6678	0
6679	0
6680	0
6681	0
6682	0
6683	0
6684	0
6685	0
6686	0
6687	0
6688	0
6689	0
6690	0
6691	0
6692	0
6693	0
6694	0
6695	0
6696	0
6697	0
6698	0
6699	0
6700	0
6701	0
6702	1
6703	0
6704	0
6705	0
6706	0
6707	0
6708	0
6709	0
6710	0
6711	0
6712	0
6713	0
6714	0
6715	0
6716	0
6717	0
6718	0
6719	0
6720	0
6721	0
6722	0
6723	0
6724	0
6725	0
6726	0
6727	0
6728	0
6729	0
6730	0
6731	0
6732	0
6733	0
6734	0
6735	0
6736	0
6737	0
6738	0
6739	0
6740	0
6741	0
6742	1
6743	0
6744	1
6745	0
6746	0
6747	1
6748	0
6749	0
6750	0
6751	0
6752	0
6753	0
6754	0
6755	0
6756	0
6757	0
6758	0
6759	0
6760	1
6761	0
6762	0
6763	0
6764	1
6765	0
6766	0
6767	0
6768	0
6769	0
6770	0
6771	0
6772	0
6773	0
6774	0
6775	0
6776	0
6777	0
6778	0
6779	0
6780	0
6781	0
6782	0
6783	0
6784	0
6785	1
6786	0
6787	0
6788	0
6789	1
6790	0
6791	1
6792	0
6793	1
6794	0
6795	0
6796	0
6797	0
6798	0
6799	0
6800	0
6801	0
6802	0
6803	0
6804	0
6805	0
6806	0
6807	0
6808	0
6809	0
6810	0
6811	0
6812	0
6813	0
6814	0
6815	0
6816	0
6817	0
6818	0
6819	0
6820	0
6821	0
6822	0
6823	0
6824	0
6825	0
6826	0
6827	0
6828	0
6829	1
6830	0
6831	0
6832	0
6833	1
6834	0
6835	0
6836	0
6837	0
6838	0
6839	1
6840	0
6841	0
6842	0
6843	1
6844	1
6845	0
6846	0
6847	0
6848	0
6849	0
6850	1
6851	0
6852	0
6853	0
6854	0
6855	0
6856	0
6857	1
6858	0
6859	0
6860	0
6861	0
6862	0
6863	0
6864	0
6865	0
6866	0
6867	0
6868	0
6869	0
6870	0
6871	0
6872	0
6873	0
6874	0
6875	0
6876	0
6877	0
6878	1
6879	0
6880	0
6881	0
6882	0
6883	0
6884	0
6885	1
6886	0
6887	0
6888	0
6889	0
6890	0
6891	0
6892	0
6893	0
6894	0
6895	0
6896	0
6897	0
6898	0
6899	0
6900	0
6901	0
6902	0
6903	0
6904	0
6905	0
6906	0
6907	0
6908	0
6909	1
6910	0
6911	0
6912	0
6913	0
6914	0
6915	0
6916	0
6917	0
6918	0
6919	0
6920	0
6921	0
6922	0
6923	0
6924	0
6925	1
6926	0
6927	0
6928	0
6929	0
6930	0
6931	0
6932	0
6933	0
6934	0
6935	0
6936	0
6937	1
6938	0
6939	0
6940	0
6941	0
6942	0
6943	0
6944	1
6945	0
6946	0
6947	0
6948	0
6949	0
6950	0
6951	0
6952	0
6953	0
6954	0
6955	0
6956	0
6957	0
6958	0
6959	0
6960	0
6961	0
6962	0
6963	0
6964	0
6965	0
6966	0
6967	0
6968	0
6969	0
6970	0
6971	0
6972	1
6973	0
6974	0
6975	0
6976	0
6977	0
6978	0
6979	0
6980	0
6981	2
6982	0
6983	0
6984	0
6985	1
6986	0
6987	0
6988	0
6989	1
6990	0
6991	0
6992	0
6993	0
6994	0
6995	1
6996	0
6997	0
6998	0
6999	0
7000	0
7001	1
7002	0
7003	0
7004	0
7005	0
7006	0
7007	0
7008	0
7009	0
7010	0
7011	1
7012	0
7013	0
7014	0
7015	0
7016	0
7017	0
7018	0
7019	0
7020	1
7021	0
7022	1
7023	0
7024	0
7025	0
7026	0
7027	0
7028	0
7029	0
7030	0
7031	1
7032	0
7033	0
7034	0
7035	0
7036	0
7037	0
7038	0
7039	0
7040	0
7041	1
7042	0
7043	0
7044	0
7045	0
7046	0
7047	0
7048	0
7049	0
7050	0
7051	1
7052	0
7053	0
7054	0
7055	0
7056	0
7057	0
7058	0
7059	0
7060	0
7061	0
7062	1
7063	0
7064	0
7065	0
7066	0
7067	0
7068	0
7069	0
7070	0
7071	0
7072	0
7073	0
7074	0
7075	0
7076	0
7077	0
7078	0
7079	0
7080	1
7081	0
7082	0
7083	0
7084	0
7085	0
7086	0
7087	0
7088	0
7089	0
7090	0
7091	0
7092	0
7093	0
7094	0
7095	0
7096	0
7097	0
7098	0
7099	0
7100	0
7101	0
7102	0
7103	0
7104	0
7105	0
7106	1
7107	0
7108	0
7109	0
7110	0
7111	0
7112	0
7113	0
7114	0
7115	0
7116	0
7117	0
7118	0
7119	0
7120	0
7121	0
7122	0
7123	0
7124	0
7125	0
7126	0
7127	0
7128	0
7129	0
7130	0
7131	0
7132	0
7133	0
7134	0
7135	0
7136	0
7137	0
7138	0
7139	1
7140	0
7141	0
7142	0
7143	0
7144	0
7145	0
7146	0
7147	0
7148	0
7149	0
7150	0
7151	0
7152	0
7153	0
7154	0
7155	0
7156	0
7157	0
7158	0
7159	0
7160	0
7161	0
7162	0
7163	0
7164	0
7165	1
7166	0
7167	0
7168	0
7169	0
7170	0
7171	0
7172	0
7173	1
7174	0
7175	0
7176	0
7177	0
7178	0
7179	0
7180	0
7181	0
7182	0
7183	0
7184	0
7185	0
7186	0
7187	0
7188	0
7189	0
7190	0
7191	0
7192	0
7193	0
7194	0
7195	0
7196	0
7197	0
7198	0
7199	0
7200	0
7201	0
7202	0
7203	0
7204	0
7205	0
7206	0
7207	0
7208	0
7209	0
7210	0
7211	0
7212	0
7213	1
7214	0
7215	0
7216	1
7217	0
7218	0
7219	0
7220	0
7221	0
7222	0
7223	0
7224	0
7225	0
7226	0
7227	0
7228	0
7229	0
7230	0
7231	0
7232	0
7233	0
7234	0
7235	0
7236	0
7237	0
7238	0
7239	0
7240	0
7241	0
7242	0
7243	0
7244	0
7245	0
7246	0
7247	0
7248	0
7249	0
7250	0
7251	0
7252	0
7253	0
7254	0
7255	0
7256	0
7257	0
7258	0
7259	0
7260	0
7261	0
7262	0
7263	0
7264	0
7265	0
7266	0
7267	0
7268	0
7269	0
7270	0
7271	0
7272	1
7273	0
7274	0
7275	0
7276	0
7277	1
7278	0
7279	0
7280	0
7281	0
7282	0
7283	0
7284	0
7285	0
7286	0
7287	0
7288	0
7289	0
7290	0
7291	0
7292	0
7293	0
7294	0
7295	0
7296	0
7297	0
7298	0
7299	0
7300	0
7301	0
7302	0
7303	0
7304	1
7305	0
7306	0
7307	0
7308	0
7309	0
7310	0
7311	0
7312	0
7313	0
7314	0
7315	0
7316	0
7317	0
7318	0
7319	0
7320	0
7321	0
7322	0
7323	0
7324	0
7325	0
7326	0
7327	0
7328	0
7329	0
7330	0
7331	0
7332	0
7333	0
7334	0
7335	0
7336	0
7337	0
7338	0
7339	0
7340	0
7341	0
7342	0
7343	0
7344	0
7345	0
7346	0
7347	0
7348	0
7349	0
7350	0
7351	0
7352	1
7353	0
7354	1
7355	0
7356	0
7357	0
7358	0
7359	0
7360	0
7361	0
7362	0
7363	1
7364	0
7365	0
7366	0
7367	0
7368	0
7369	0
7370	0
7371	0
7372	0
7373	0
7374	0
7375	0
7376	0
7377	0
7378	0
7379	0
7380	0
7381	0
7382	0
7383	0
7384	0
7385	0
7386	0
7387	0
7388	0
7389	0
7390	0
7391	0
7392	0
7393	0
7394	0
7395	0
7396	0
7397	0
7398	0
7399	0
7400	0
7401	0
7402	0
7403	0
7404	0
7405	0
7406	0
7407	0
7408	0
7409	0
7410	0
7411	0
7412	0
7413	0
7414	0
7415	0
7416	0
7417	0
7418	0
7419	0
7420	0
7421	0
7422	0
7423	0
7424	0
7425	0
7426	0
7427	0
7428	0
7429	0
7430	0
7431	0
7432	0
7433	0
7434	0
7435	0
7436	0
7437	0
7438	0
7439	0
7440	1
7441	1
7442	0
7443	0
7444	0
7445	0
7446	0
7447	0
7448	0
7449	0
7450	0
7451	0
7452	0
7453	0
7454	0
7455	0
7456	1
7457	0
7458	0
7459	0
7460	0
7461	0
7462	0
7463	0
7464	0
7465	0
7466	0
7467	1
7468	0
7469	0
7470	0
7471	0
7472	0
7473	0
7474	0
7475	0
7476	0
7477	0
7478	0
7479	0
7480	0
7481	0
7482	0
7483	0
7484	0
7485	0
7486	0
7487	0
7488	1
7489	1
7490	0
7491	0
7492	0
7493	0
7494	0
7495	0
7496	0
7497	0
7498	0
7499	0
7500	0
7501	0
7502	0
7503	0
7504	0
7505	0
7506	0
7507	0
7508	0
7509	0
7510	0
7511	0
7512	0
7513	0
7514	0
7515	0
7516	0
7517	0
7518	0
7519	0
7520	0
7521	0
7522	0
7523	0
7524	0
7525	0
7526	0
7527	0
7528	0
7529	0
7530	0
7531	0
7532	0
7533	0
7534	0
7535	0
7536	0
7537	0
7538	0
7539	0
7540	0
7541	0
7542	0
7543	0
7544	0
7545	0
7546	0
7547	0
7548	0
7549	0
7550	0
7551	0
7552	0
7553	0
7554	0
7555	0
7556	0
7557	0
7558	0
7559	0
7560	0
7561	0
7562	0
7563	0
7564	0
7565	0
7566	0
7567	0
7568	0
7569	0
7570	0
7571	0
7572	0
7573	0
7574	0
7575	0
7576	0
7577	0
7578	0
7579	1
7580	0
7581	0
7582	0
7583	0
7584	1
7585	1
7586	0
7587	0
7588	0
7589	0
7590	0
7591	0
7592	0
7593	0
7594	0
7595	0
7596	0
7597	0
7598	0
7599	0
7600	0
7601	0
7602	0
7603	0
7604	0
7605	0
7606	0
7607	0
7608	0
7609	0
7610	0
7611	0
7612	0
7613	0
7614	0
7615	0
7616	0
7617	1
7618	0
7619	0
7620	0
7621	0
7622	0
7623	0
7624	0
7625	0
7626	0
7627	0
7628	0
7629	0
7630	0
7631	0
7632	0
7633	0
7634	0
7635	1
7636	0
7637	0
7638	0
7639	0
7640	0
7641	0
7642	0
7643	1
7644	0
7645	0
7646	0
7647	0
7648	0
7649	1
7650	0
7651	0
7652	0
7653	0
7654	0
7655	0
7656	0
7657	0
7658	0
7659	0
7660	0
7661	0
7662	0
7663	0
7664	0
7665	0
7666	0
7667	0
7668	0
7669	1
7670	0
7671	0
7672	0
7673	0
7674	0
7675	1
7676	0
7677	0
7678	0
7679	0
7680	0
7681	0
7682	0
7683	0
7684	0
7685	0
7686	0
7687	0
7688	0
7689	0
7690	0
7691	0
7692	0
7693	0
7694	1
7695	0
7696	0
7697	0
7698	0
7699	0
7700	0
7701	0
7702	0
7703	0
7704	0
7705	0
7706	0
7707	0
7708	0
7709	0
7710	0
7711	0
7712	0
7713	0
7714	0
7715	0
7716	0
7717	0
7718	0
7719	0
7720	0
7721	0
7722	0
7723	0
7724	0
7725	0
7726	0
7727	0
7728	0
7729	0
7730	0
7731	0
7732	0
7733	0
7734	0
7735	0
7736	0
7737	0
7738	0
7739	0
7740	1
7741	0
7742	0
7743	0
7744	0
7745	0
7746	0
7747	0
7748	0
7749	0
7750	0
7751	0
7752	0
7753	0
7754	0
7755	0
7756	1
7757	0
7758	0
7759	0
7760	0
7761	0
7762	0
7763	0
7764	0
7765	0
7766	0
7767	0
7768	0
7769	0
7770	0
7771	0
7772	0
7773	0
7774	0
7775	0
7776	0
7777	0
7778	0
7779	0
7780	0
7781	0
7782	0
7783	0
7784	0
7785	0
7786	0
7787	0
7788	0
7789	0
7790	0
7791	0
7792	1
7793	0
7794	0
7795	0
7796	0
7797	0
7798	0
7799	0
7800	0
7801	0
7802	0
7803	0
7804	0
7805	0
7806	0
7807	1
7808	0
7809	0
7810	1
7811	0
7812	0
7813	0
7814	0
7815	0
7816	0
7817	0
7818	0
7819	0
7820	0
7821	0
7822	0
7823	0
7824	0
7825	0
7826	0
7827	0
7828	0
7829	1
7830	0
7831	0
7832	0
7833	0
7834	0
7835	0
7836	0
7837	0
7838	0
7839	0
7840	0
7841	0
7842	0
7843	0
7844	0
7845	0
7846	0
7847	0
7848	0
7849	0
7850	0
7851	0
7852	1
7853	0
7854	0
7855	0
7856	0
7857	1
7858	1
7859	0
7860	0
7861	0
7862	0
7863	0
7864	0
7865	0
7866	0
7867	0
7868	0
7869	0
7870	0
7871	0
7872	0
7873	0
7874	0
7875	0
7876	0
7877	0
7878	0
7879	0
7880	0
7881	0
7882	0
7883	0
7884	0
7885	0
7886	0
7887	0
7888	0
7889	0
7890	0
7891	0
7892	0
7893	1
7894	0
7895	0
7896	0
7897	0
7898	0
7899	0
7900	0
7901	0
7902	0
7903	0
7904	0
7905	0
7906	0
7907	0
7908	0
7909	0
7910	0
7911	0
7912	0
7913	0
7914	0
7915	1
7916	0
7917	0
7918	0
7919	0
7920	0
7921	0
7922	0
7923	0
7924	0
7925	0
7926	0
7927	0
7928	0
7929	0
7930	0
7931	0
7932	0
7933	0
7934	0
7935	0
7936	1
7937	0
7938	0
7939	0
7940	0
7941	1
7942	0
7943	0
7944	0
7945	0
7946	0
7947	0
7948	0
7949	0
7950	0
7951	0
7952	0
7953	0
7954	0
7955	0
7956	0
7957	0
7958	0
7959	0
7960	0
7961	0
7962	0
7963	0
7964	0
7965	0
7966	0
7967	0
7968	0
7969	0
7970	0
7971	0
7972	0
7973	1
7974	0
7975	0
7976	0
7977	0
7978	0
7979	0
7980	0
7981	0
7982	1
7983	1
7984	0
7985	0
7986	0
7987	1
7988	0
7989	0
7990	0
7991	0
7992	0
7993	0
7994	0
7995	0
7996	0
7997	0
7998	0
7999	0
8000	0
8001	0
8002	0
8003	1
8004	0
8005	1
8006	0
8007	0
8008	0
8009	0
8010	0
8011	0
8012	0
8013	0
8014	0
8015	0
8016	0
8017	0
8018	0
8019	0
8020	0
8021	0
8022	0
8023	0
8024	0
8025	0
8026	0
8027	0
8028	0
8029	0
8030	0
8031	0
8032	0
8033	0
8034	0
8035	0
8036	1
8037	0
8038	0
8039	0
8040	0
8041	0
8042	0
8043	0
8044	0
8045	0
8046	0
8047	0
8048	0
8049	0
8050	0
8051	0
8052	0
8053	0
8054	0
8055	0
8056	0
8057	0
8058	0
8059	0
8060	0
8061	0
8062	0
8063	0
8064	0
8065	0
8066	0
8067	1
8068	0
8069	0
8070	0
8071	0
8072	0
8073	0
8074	0
8075	0
8076	0
8077	0
8078	0
8079	0
8080	0
8081	0
8082	0
8083	0
8084	0
8085	0
8086	1
8087	0
8088	0
8089	0
8090	0
8091	0
8092	0
8093	0
8094	0
8095	0
8096	0
8097	0
8098	0
8099	0
8100	0
8101	0
8102	0
8103	0
8104	0
8105	0
8106	0
8107	0
8108	0
8109	0
8110	0
8111	0
8112	0
8113	0
8114	0
8115	0
8116	0
8117	0
8118	0
8119	0
8120	0
8121	0
8122	0
8123	0
8124	0
8125	0
8126	0
8127	0
8128	0
8129	0
8130	0
8131	0
8132	0
8133	0
8134	0
8135	0
8136	0
8137	0
8138	0
8139	0
8140	0
8141	0
8142	0
8143	0
8144	0
8145	0
8146	0
8147	0
8148	0
8149	0
8150	0
8151	0
8152	0
8153	0
8154	0
8155	0
8156	0
8157	0
8158	0
8159	0
8160	0
8161	0
8162	0
8163	0
8164	0
8165	0
8166	0
8167	0
8168	0
8169	0
8170	0
8171	0
8172	0
8173	0
8174	0
8175	0
8176	0
8177	0
8178	0
8179	0
8180	0
8181	0
8182	0
8183	0
8184	0
8185	0
8186	0
8187	0
8188	0
8189	0
8190	0
8191	0
