0	0
1	0
2	0
3	0
4	0
5	0
6	0
7	0
8	0
9	0
10	0
11	0
12	0
13	0
14	0
15	0
16	0
17	0
18	0
19	0
20	0
21	0
22	0
23	0
24	0
25	0
26	0
27	0
28	0
29	0
30	0
31	0
32	0
33	0
34	0
35	0
36	0
37	0
38	0
39	0
40	0
41	0
42	0
43	0
44	0
45	0
46	0
47	0
48	0
49	0
50	0
51	0
52	0
53	0
54	0
55	0
56	0
57	0
58	0
59	0
60	0
61	0
62	0
63	0
64	0
65	0
66	0
67	0
68	0
69	0
70	0
71	0
72	0
73	0
74	0
75	0
76	0
77	0
78	0
79	0
80	0
81	0
82	0
83	0
84	0
85	8
86	22
87	37
88	35
89	39
90	31
91	44
92	46
93	40
94	39
95	33
96	35
97	36
98	31
99	27
100	36
101	39
102	35
103	37
104	34
105	31
106	42
107	32
108	33
109	27
110	45
111	36
112	34
113	42
114	40
115	47
116	31
117	36
118	31
119	36
120	30
121	31
122	34
123	43
124	35
125	40
126	45
127	37
128	43
129	43
130	38
131	33
132	42
133	40
134	37
135	45
136	42
137	45
138	38
139	42
140	41
141	37
142	45
143	36
144	45
145	25
146	30
147	33
148	35
149	40
150	36
151	29
152	33
153	29
154	26
155	32
156	28
157	39
158	33
159	35
160	39
161	41
162	42
163	41
164	45
165	41
166	32
167	25
168	28
169	33
170	35
171	30
172	33
173	35
174	33
175	45
176	33
177	40
178	43
179	33
180	30
181	35
182	37
183	35
184	32
185	39
186	42
187	36
188	45
189	43
190	41
191	36
192	37
193	42
194	40
195	47
196	48
197	35
198	36
199	32
200	35
201	39
202	47
203	48
204	41
205	32
206	32
207	39
208	35
209	38
210	36
211	42
212	41
213	32
214	49
215	45
216	37
217	34
218	42
219	45
220	37
221	32
222	40
223	39
224	36
225	36
226	34
227	40
228	41
229	37
230	42
231	34
232	33
233	35
234	50
235	43
236	49
237	47
238	37
239	39
240	55
241	43
242	44
243	38
244	42
245	32
246	39
247	39
248	37
249	39
250	35
251	37
252	46
253	40
254	29
255	52
256	44
257	51
258	36
259	37
260	38
261	32
262	31
263	35
264	43
265	38
266	43
267	41
268	40
269	49
270	35
271	42
272	36
273	43
274	43
275	40
276	35
277	43
278	34
279	44
280	36
281	33
282	27
283	43
284	39
285	43
286	40
287	42
288	45
289	38
290	34
291	36
292	39
293	37
294	41
295	34
296	42
297	51
298	36
299	33
300	38
301	45
302	36
303	42
304	36
305	35
306	49
307	36
308	36
309	49
310	49
311	48
312	43
313	33
314	40
315	32
316	38
317	35
318	44
319	50
320	45
321	40
322	41
323	41
324	46
325	33
326	49
327	40
328	37
329	41
330	43
331	37
332	41
333	39
334	30
335	44
336	46
337	38
338	39
339	38
340	47
341	32
342	32
343	48
344	55
345	53
346	41
347	43
348	34
349	48
350	40
351	40
352	31
353	38
354	48
355	49
356	45
357	50
358	35
359	37
360	45
361	49
362	37
363	30
364	43
365	45
366	35
367	41
368	39
369	45
370	42
371	45
372	39
373	57
374	40
375	42
376	36
377	47
378	42
379	48
380	35
381	34
382	53
383	48
384	41
385	44
386	39
387	46
388	44
389	50
390	41
391	37
392	34
393	36
394	47
395	45
396	40
397	35
398	41
399	46
400	29
401	42
402	35
403	45
404	41
405	56
406	45
407	40
408	30
409	30
410	43
411	57
412	52
413	46
414	54
415	51
416	36
417	34
418	34
419	43
420	38
421	36
422	36
423	29
424	37
425	37
426	38
427	35
428	32
429	44
430	38
431	43
432	43
433	36
434	52
435	43
436	44
437	37
438	38
439	42
440	48
441	39
442	48
443	46
444	40
445	43
446	46
447	50
448	45
449	43
450	50
451	30
452	49
453	45
454	40
455	46
456	38
457	45
458	54
459	44
460	44
461	26
462	45
463	47
464	42
465	40
466	30
467	47
468	35
469	42
470	42
471	39
472	38
473	34
474	36
475	38
476	46
477	36
478	41
479	35
480	43
481	45
482	34
483	44
484	50
485	32
486	34
487	36
488	43
489	59
490	36
491	37
492	39
493	48
494	54
495	42
496	48
497	57
498	39
499	37
500	34
501	44
502	45
503	41
504	59
505	52
506	49
507	38
508	50
509	38
510	42
511	45
512	42
513	50
514	40
515	36
516	40
517	43
518	45
519	39
520	44
521	42
522	45
523	38
524	47
525	50
526	36
527	49
528	39
529	39
530	51
531	36
532	49
533	42
534	43
535	42
536	47
537	41
538	51
539	49
540	47
541	59
542	50
543	41
544	54
545	55
546	44
547	58
548	37
549	56
550	53
551	47
552	47
553	49
554	42
555	34
556	50
557	52
558	61
559	54
560	56
561	43
562	66
563	47
564	66
565	65
566	45
567	52
568	48
569	39
570	61
571	41
572	59
573	46
574	48
575	49
576	53
577	58
578	57
579	48
580	42
581	54
582	56
583	44
584	45
585	44
586	61
587	60
588	55
589	68
590	59
591	63
592	56
593	54
594	68
595	56
596	41
597	56
598	42
599	49
600	55
601	60
602	61
603	51
604	68
605	69
606	45
607	74
608	59
609	42
610	60
611	66
612	58
613	43
614	56
615	53
616	40
617	56
618	50
619	45
620	70
621	57
622	53
623	53
624	53
625	46
626	49
627	54
628	47
629	55
630	58
631	64
632	58
633	60
634	61
635	60
636	53
637	55
638	44
639	55
640	67
641	71
642	55
643	63
644	51
645	55
646	54
647	51
648	59
649	49
650	65
651	56
652	47
653	58
654	51
655	48
656	55
657	52
658	53
659	59
660	52
661	49
662	57
663	45
664	50
665	48
666	59
667	50
668	56
669	57
670	32
671	43
672	58
673	48
674	62
675	46
676	58
677	56
678	41
679	59
680	55
681	41
682	46
683	44
684	56
685	50
686	60
687	65
688	47
689	44
690	55
691	45
692	59
693	48
694	62
695	60
696	44
697	55
698	64
699	75
700	49
701	64
702	63
703	55
704	52
705	41
706	52
707	38
708	51
709	57
710	50
711	47
712	56
713	46
714	70
715	59
716	44
717	58
718	52
719	42
720	64
721	60
722	60
723	66
724	50
725	62
726	50
727	56
728	58
729	50
730	53
731	48
732	53
733	51
734	49
735	59
736	69
737	47
738	58
739	45
740	48
741	49
742	49
743	41
744	54
745	40
746	55
747	50
748	54
749	42
750	50
751	47
752	50
753	58
754	64
755	58
756	51
757	50
758	41
759	55
760	48
761	53
762	57
763	54
764	64
765	42
766	55
767	54
768	54
769	41
770	59
771	58
772	40
773	43
774	47
775	47
776	40
777	49
778	49
779	49
780	60
781	56
782	56
783	46
784	46
785	44
786	51
787	42
788	46
789	47
790	48
791	47
792	53
793	53
794	41
795	50
796	48
797	52
798	43
799	50
800	59
801	42
802	52
803	64
804	68
805	48
806	45
807	52
808	46
809	36
810	55
811	47
812	59
813	53
814	47
815	68
816	59
817	46
818	52
819	56
820	59
821	54
822	67
823	51
824	36
825	58
826	45
827	38
828	44
829	45
830	47
831	45
832	44
833	50
834	58
835	56
836	53
837	44
838	50
839	54
840	54
841	66
842	46
843	49
844	39
845	50
846	46
847	46
848	42
849	61
850	52
851	56
852	45
853	46
854	53
855	57
856	49
857	55
858	59
859	62
860	57
861	51
862	60
863	65
864	37
865	54
866	58
867	58
868	49
869	55
870	59
871	59
872	55
873	50
874	46
875	50
876	62
877	60
878	58
879	50
880	52
881	58
882	46
883	45
884	51
885	53
886	53
887	59
888	49
889	54
890	60
891	60
892	67
893	49
894	59
895	49
896	41
897	55
898	52
899	54
900	46
901	47
902	53
903	63
904	45
905	50
906	57
907	64
908	65
909	59
910	55
911	54
912	59
913	38
914	40
915	49
916	50
917	48
918	65
919	58
920	57
921	60
922	50
923	56
924	53
925	53
926	62
927	42
928	56
929	61
930	46
931	53
932	62
933	57
934	56
935	48
936	59
937	59
938	44
939	48
940	43
941	59
942	46
943	43
944	56
945	52
946	51
947	41
948	55
949	52
950	52
951	55
952	47
953	65
954	56
955	54
956	58
957	55
958	63
959	49
960	58
961	47
962	68
963	71
964	49
965	54
966	54
967	57
968	59
969	51
970	52
971	51
972	65
973	52
974	49
975	63
976	52
977	51
978	64
979	49
980	59
981	57
982	57
983	50
984	43
985	51
986	57
987	54
988	52
989	63
990	65
991	57
992	49
993	60
994	52
995	70
996	52
997	60
998	55
999	62
1000	45
1001	43
1002	63
1003	56
1004	55
1005	49
1006	66
1007	53
1008	61
1009	58
1010	52
1011	53
1012	59
1013	48
1014	51
1015	51
1016	45
1017	61
1018	59
1019	58
1020	62
1021	61
1022	63
1023	62
1024	52
1025	52
1026	55
1027	64
1028	53
1029	74
1030	48
1031	60
1032	50
1033	69
1034	65
1035	58
1036	66
1037	66
1038	63
1039	58
1040	65
1041	60
1042	47
1043	60
1044	44
1045	52
1046	47
1047	54
1048	63
1049	52
1050	60
1051	61
1052	60
1053	58
1054	50
1055	45
1056	55
1057	47
1058	56
1059	43
1060	52
1061	39
1062	55
1063	62
1064	57
1065	54
1066	65
1067	64
1068	62
1069	61
1070	52
1071	69
1072	46
1073	60
1074	52
1075	46
1076	47
1077	50
1078	65
1079	56
1080	53
1081	45
1082	56
1083	45
1084	51
1085	53
1086	54
1087	65
1088	60
1089	48
1090	52
1091	58
1092	54
1093	57
1094	49
1095	50
1096	53
1097	54
1098	55
1099	49
1100	68
1101	45
1102	53
1103	44
1104	60
1105	48
1106	54
1107	62
1108	41
1109	47
1110	69
1111	50
1112	62
1113	46
1114	58
1115	69
1116	51
1117	58
1118	46
1119	53
1120	41
1121	48
1122	58
1123	58
1124	43
1125	54
1126	62
1127	69
1128	58
1129	67
1130	60
1131	55
1132	65
1133	56
1134	63
1135	54
1136	60
1137	56
1138	75
1139	72
1140	53
1141	52
1142	60
1143	56
1144	55
1145	52
1146	63
1147	54
1148	65
1149	48
1150	59
1151	62
1152	53
1153	66
1154	53
1155	53
1156	66
1157	62
1158	45
1159	55
1160	57
1161	56
1162	60
1163	65
1164	64
1165	62
1166	47
1167	68
1168	57
1169	50
1170	64
1171	55
1172	65
1173	59
1174	59
1175	49
1176	62
1177	50
1178	62
1179	63
1180	66
1181	39
1182	63
1183	51
1184	66
1185	49
1186	61
1187	51
1188	72
1189	47
1190	64
1191	49
1192	59
1193	50
1194	67
1195	64
1196	43
1197	71
1198	57
1199	60
1200	51
1201	52
1202	51
1203	57
1204	61
1205	68
1206	63
1207	62
1208	55
1209	46
1210	69
1211	65
1212	52
1213	57
1214	61
1215	54
1216	60
1217	71
1218	59
1219	55
1220	61
1221	50
1222	75
1223	48
1224	54
1225	68
1226	81
1227	68
1228	48
1229	53
1230	54
1231	51
1232	66
1233	59
1234	58
1235	65
1236	44
1237	54
1238	47
1239	44
1240	73
1241	58
1242	61
1243	48
1244	56
1245	59
1246	50
1247	62
1248	64
1249	49
1250	47
1251	55
1252	61
1253	78
1254	67
1255	58
1256	65
1257	65
1258	61
1259	67
1260	52
1261	60
1262	68
1263	43
1264	53
1265	56
1266	58
1267	63
1268	58
1269	60
1270	53
1271	54
1272	61
1273	64
1274	66
1275	69
1276	65
1277	58
1278	51
1279	49
1280	50
1281	68
1282	66
1283	65
1284	64
1285	72
1286	60
1287	67
1288	76
1289	59
1290	67
1291	67
1292	49
1293	50
1294	54
1295	51
1296	36
1297	63
1298	62
1299	63
1300	56
1301	67
1302	67
1303	63
1304	58
1305	61
1306	60
1307	67
1308	55
1309	57
1310	45
1311	56
1312	60
1313	56
1314	66
1315	63
1316	70
1317	69
1318	74
1319	66
1320	53
1321	62
1322	67
1323	50
1324	65
1325	66
1326	66
1327	53
1328	64
1329	60
1330	63
1331	56
1332	66
1333	66
1334	55
1335	53
1336	69
1337	55
1338	49
1339	50
1340	59
1341	53
1342	63
1343	58
1344	57
1345	60
1346	56
1347	63
1348	65
1349	67
1350	61
1351	53
1352	51
1353	45
1354	87
1355	61
1356	54
1357	62
1358	54
1359	67
1360	55
1361	69
1362	52
1363	53
1364	56
1365	64
1366	62
1367	51
1368	62
1369	63
1370	59
1371	46
1372	53
1373	45
1374	63
1375	53
1376	49
1377	63
1378	50
1379	60
1380	64
1381	53
1382	74
1383	65
1384	62
1385	57
1386	75
1387	67
1388	58
1389	51
1390	63
1391	54
1392	65
1393	47
1394	67
1395	64
1396	55
1397	65
1398	62
1399	71
1400	48
1401	50
1402	60
1403	54
1404	48
1405	55
1406	50
1407	58
1408	61
1409	74
1410	71
1411	65
1412	60
1413	55
1414	69
1415	54
1416	66
1417	70
1418	66
1419	64
1420	59
1421	47
1422	66
1423	44
1424	61
1425	70
1426	63
1427	74
1428	72
1429	71
1430	60
1431	68
1432	54
1433	57
1434	53
1435	59
1436	57
1437	53
1438	66
1439	62
1440	72
1441	70
1442	49
1443	48
1444	57
1445	57
1446	52
1447	53
1448	58
1449	64
1450	62
1451	55
1452	56
1453	60
1454	65
1455	58
1456	54
1457	54
1458	49
1459	61
1460	79
1461	62
1462	48
1463	55
1464	67
1465	56
1466	51
1467	57
1468	59
1469	56
1470	51
1471	51
1472	49
1473	62
1474	62
1475	51
1476	55
1477	66
1478	65
1479	51
1480	58
1481	54
1482	64
1483	64
1484	71
1485	67
1486	68
1487	58
1488	69
1489	57
1490	55
1491	60
1492	52
1493	58
1494	57
1495	62
1496	68
1497	43
1498	60
1499	56
1500	67
1501	50
1502	61
1503	61
1504	54
1505	55
1506	56
1507	63
1508	68
1509	71
1510	56
1511	55
1512	54
1513	49
1514	59
1515	49
1516	54
1517	47
1518	71
1519	53
1520	59
1521	62
1522	58
1523	58
1524	45
1525	59
1526	42
1527	52
1528	57
1529	68
1530	56
1531	51
1532	51
1533	51
1534	51
1535	54
1536	50
1537	62
1538	70
1539	57
1540	52
1541	57
1542	60
1543	54
1544	42
1545	57
1546	61
1547	50
1548	49
1549	55
1550	52
1551	66
1552	53
1553	57
1554	66
1555	48
1556	58
1557	55
1558	53
1559	69
1560	46
1561	63
1562	63
1563	48
1564	59
1565	57
1566	52
1567	59
1568	54
1569	55
1570	45
1571	49
1572	62
1573	49
1574	74
1575	60
1576	54
1577	60
1578	57
1579	46
1580	59
1581	63
1582	40
1583	53
1584	44
1585	59
1586	53
1587	62
1588	47
1589	52
1590	47
1591	45
1592	61
1593	66
1594	52
1595	47
1596	52
1597	48
1598	50
1599	55
1600	47
1601	59
1602	47
1603	52
1604	54
1605	44
1606	45
1607	49
1608	62
1609	51
1610	37
1611	53
1612	40
1613	52
1614	57
1615	69
1616	61
1617	63
1618	55
1619	43
1620	62
1621	60
1622	58
1623	52
1624	54
1625	56
1626	53
1627	50
1628	46
1629	56
1630	61
1631	56
1632	45
1633	48
1634	58
1635	52
1636	51
1637	51
1638	44
1639	43
1640	61
1641	56
1642	45
1643	58
1644	55
1645	52
1646	59
1647	53
1648	51
1649	40
1650	59
1651	56
1652	70
1653	54
1654	50
1655	57
1656	54
1657	60
1658	49
1659	45
1660	60
1661	59
1662	47
1663	45
1664	44
1665	42
1666	52
1667	47
1668	49
1669	56
1670	56
1671	51
1672	54
1673	52
1674	54
1675	58
1676	63
1677	49
1678	48
1679	55
1680	48
1681	50
1682	43
1683	44
1684	47
1685	34
1686	60
1687	62
1688	51
1689	43
1690	54
1691	53
1692	57
1693	65
1694	45
1695	45
1696	57
1697	54
1698	64
1699	54
1700	47
1701	71
1702	61
1703	56
1704	46
1705	47
1706	45
1707	61
1708	61
1709	57
1710	52
1711	54
1712	62
1713	42
1714	48
1715	56
1716	44
1717	46
1718	64
1719	60
1720	46
1721	53
1722	53
1723	54
1724	54
1725	41
1726	45
1727	45
1728	55
1729	51
1730	51
1731	55
1732	59
1733	50
1734	55
1735	56
1736	52
1737	49
1738	57
1739	48
1740	53
1741	51
1742	50
1743	42
1744	55
1745	55
1746	47
1747	48
1748	58
1749	52
1750	58
1751	64
1752	45
1753	57
1754	47
1755	59
1756	46
1757	44
1758	49
1759	42
1760	53
1761	56
1762	67
1763	48
1764	51
1765	52
1766	44
1767	46
1768	61
1769	59
1770	53
1771	60
1772	53
1773	39
1774	49
1775	60
1776	62
1777	53
1778	50
1779	53
1780	59
1781	43
1782	60
1783	41
1784	60
1785	49
1786	55
1787	50
1788	50
1789	49
1790	57
1791	57
1792	53
1793	51
1794	52
1795	46
1796	56
1797	58
1798	59
1799	46
1800	43
1801	49
1802	54
1803	65
1804	54
1805	48
1806	53
1807	46
1808	50
1809	58
1810	63
1811	47
1812	58
1813	56
1814	52
1815	50
1816	54
1817	53
1818	57
1819	39
1820	63
1821	47
1822	47
1823	60
1824	59
1825	48
1826	52
1827	53
1828	51
1829	48
1830	48
1831	47
1832	52
1833	54
1834	43
1835	43
1836	52
1837	50
1838	53
1839	54
1840	45
1841	59
1842	56
1843	52
1844	54
1845	48
1846	44
1847	58
1848	47
1849	48
1850	48
1851	51
1852	47
1853	47
1854	48
1855	57
1856	53
1857	56
1858	53
1859	54
1860	44
1861	62
1862	41
1863	66
1864	40
1865	57
1866	43
1867	55
1868	54
1869	49
1870	47
1871	54
1872	45
1873	45
1874	52
1875	56
1876	60
1877	51
1878	42
1879	41
1880	50
1881	74
1882	39
1883	58
1884	50
1885	43
1886	47
1887	46
1888	50
1889	37
1890	49
1891	51
1892	47
1893	51
1894	61
1895	44
1896	45
1897	49
1898	50
1899	65
1900	56
1901	57
1902	38
1903	33
1904	66
1905	41
1906	57
1907	37
1908	44
1909	58
1910	54
1911	50
1912	50
1913	52
1914	52
1915	56
1916	53
1917	38
1918	46
1919	58
1920	55
1921	49
1922	37
1923	41
1924	55
1925	45
1926	60
1927	48
1928	46
1929	68
1930	54
1931	45
1932	50
1933	39
1934	47
1935	52
1936	34
1937	48
1938	54
1939	54
1940	43
1941	36
1942	59
1943	54
1944	53
1945	60
1946	43
1947	46
1948	61
1949	56
1950	42
1951	51
1952	48
1953	42
1954	57
1955	48
1956	65
1957	43
1958	40
1959	47
1960	51
1961	52
1962	46
1963	59
1964	51
1965	54
1966	42
1967	48
1968	49
1969	45
1970	58
1971	54
1972	42
1973	46
1974	56
1975	57
1976	39
1977	50
1978	39
1979	51
1980	58
1981	47
1982	55
1983	47
1984	39
1985	55
1986	55
1987	61
1988	43
1989	46
1990	58
1991	47
1992	57
1993	46
1994	45
1995	52
1996	50
1997	46
1998	69
1999	47
2000	40
2001	56
2002	44
2003	53
2004	46
2005	37
2006	50
2007	54
2008	50
2009	53
2010	50
2011	53
2012	50
2013	64
2014	37
2015	58
2016	47
2017	32
2018	53
2019	46
2020	47
2021	56
2022	48
2023	51
2024	49
2025	35
2026	45
2027	46
2028	52
2029	48
2030	48
2031	44
2032	61
2033	51
2034	48
2035	55
2036	58
2037	47
2038	41
2039	44
2040	59
2041	40
2042	52
2043	53
2044	50
2045	53
2046	52
2047	49
2048	34
2049	47
2050	46
2051	49
2052	60
2053	57
2054	49
2055	43
2056	43
2057	47
2058	39
2059	46
2060	49
2061	47
2062	57
2063	37
2064	41
2065	47
2066	46
2067	48
2068	38
2069	36
2070	29
2071	43
2072	42
2073	54
2074	33
2075	52
2076	46
2077	39
2078	48
2079	59
2080	49
2081	47
2082	59
2083	47
2084	49
2085	44
2086	36
2087	50
2088	44
2089	41
2090	47
2091	44
2092	41
2093	35
2094	54
2095	35
2096	49
2097	37
2098	43
2099	49
2100	51
2101	44
2102	43
2103	44
2104	52
2105	50
2106	47
2107	41
2108	45
2109	54
2110	41
2111	37
2112	46
2113	46
2114	42
2115	45
2116	58
2117	54
2118	31
2119	50
2120	54
2121	51
2122	49
2123	56
2124	46
2125	49
2126	57
2127	41
2128	50
2129	43
2130	54
2131	45
2132	45
2133	48
2134	47
2135	47
2136	33
2137	55
2138	39
2139	48
2140	49
2141	49
2142	52
2143	44
2144	46
2145	50
2146	41
2147	59
2148	45
2149	38
2150	46
2151	49
2152	33
2153	44
2154	32
2155	43
2156	48
2157	51
2158	55
2159	47
2160	52
2161	46
2162	42
2163	60
2164	56
2165	49
2166	56
2167	55
2168	43
2169	48
2170	43
2171	43
2172	40
2173	46
2174	45
2175	40
2176	41
2177	40
2178	40
2179	65
2180	41
2181	46
2182	53
2183	49
2184	41
2185	49
2186	37
2187	40
2188	34
2189	49
2190	47
2191	46
2192	46
2193	47
2194	48
2195	47
2196	47
2197	45
2198	47
2199	52
2200	38
2201	42
2202	38
2203	56
2204	42
2205	38
2206	49
2207	45
2208	54
2209	52
2210	40
2211	44
2212	34
2213	33
2214	39
2215	51
2216	41
2217	51
2218	42
2219	59
2220	35
2221	34
2222	58
2223	42
2224	39
2225	52
2226	39
2227	45
2228	41
2229	42
2230	51
2231	49
2232	51
2233	46
2234	46
2235	46
2236	43
2237	44
2238	43
2239	52
2240	49
2241	45
2242	37
2243	45
2244	32
2245	40
2246	41
2247	44
2248	51
2249	46
2250	46
2251	37
2252	51
2253	49
2254	51
2255	59
2256	45
2257	38
2258	46
2259	51
2260	42
2261	40
2262	39
2263	54
2264	37
2265	47
2266	47
2267	59
2268	40
2269	45
2270	45
2271	46
2272	41
2273	40
2274	36
2275	39
2276	47
2277	45
2278	42
2279	52
2280	44
2281	45
2282	46
2283	48
2284	37
2285	51
2286	56
2287	43
2288	47
2289	42
2290	42
2291	40
2292	56
2293	34
2294	48
2295	40
2296	50
2297	53
2298	44
2299	50
2300	42
2301	49
2302	34
2303	55
2304	39
2305	43
2306	42
2307	40
2308	55
2309	53
2310	58
2311	40
2312	60
2313	47
2314	56
2315	56
2316	41
2317	46
2318	55
2319	41
2320	45
2321	49
2322	40
2323	44
2324	49
2325	49
2326	58
2327	37
2328	40
2329	60
2330	41
2331	49
2332	36
2333	39
2334	45
2335	34
2336	55
2337	51
2338	39
2339	34
2340	52
2341	54
2342	37
2343	44
2344	37
2345	44
2346	49
2347	33
2348	40
2349	45
2350	39
2351	51
2352	39
2353	38
2354	51
2355	38
2356	39
2357	40
2358	64
2359	37
2360	47
2361	42
2362	49
2363	40
2364	44
2365	47
2366	46
2367	40
2368	52
2369	42
2370	48
2371	37
2372	39
2373	45
2374	32
2375	30
2376	40
2377	42
2378	39
2379	48
2380	49
2381	50
2382	48
2383	40
2384	45
2385	34
2386	36
2387	54
2388	58
2389	37
2390	54
2391	39
2392	40
2393	54
2394	44
2395	47
2396	48
2397	52
2398	47
2399	53
2400	45
2401	43
2402	36
2403	51
2404	56
2405	40
2406	44
2407	43
2408	45
2409	42
2410	42
2411	44
2412	44
2413	38
2414	34
2415	40
2416	47
2417	46
2418	39
2419	57
2420	46
2421	46
2422	48
2423	52
2424	52
2425	34
2426	57
2427	50
2428	45
2429	49
2430	42
2431	48
2432	45
2433	37
2434	45
2435	45
2436	57
2437	52
2438	41
2439	39
2440	53
2441	43
2442	39
2443	56
2444	53
2445	49
2446	51
2447	50
2448	47
2449	43
2450	54
2451	42
2452	60
2453	34
2454	49
2455	43
2456	55
2457	51
2458	44
2459	49
2460	49
2461	35
2462	38
2463	48
2464	47
2465	41
2466	46
2467	32
2468	70
2469	46
2470	40
2471	42
2472	43
2473	52
2474	42
2475	52
2476	49
2477	35
2478	45
2479	37
2480	47
2481	50
2482	49
2483	34
2484	48
2485	50
2486	40
2487	45
2488	47
2489	53
2490	49
2491	37
2492	34
2493	43
2494	47
2495	38
2496	51
2497	48
2498	46
2499	49
2500	48
2501	39
2502	42
2503	54
2504	46
2505	46
2506	58
2507	48
2508	44
2509	36
2510	52
2511	43
2512	38
2513	51
2514	41
2515	48
2516	44
2517	45
2518	57
2519	47
2520	43
2521	57
2522	49
2523	47
2524	40
2525	47
2526	50
2527	47
2528	56
2529	44
2530	40
2531	44
2532	44
2533	52
2534	56
2535	48
2536	46
2537	48
2538	42
2539	51
2540	44
2541	51
2542	47
2543	39
2544	37
2545	48
2546	50
2547	47
2548	37
2549	36
2550	38
2551	41
2552	44
2553	44
2554	43
2555	41
2556	59
2557	46
2558	48
2559	51
2560	48
2561	43
2562	53
2563	51
2564	43
2565	46
2566	57
2567	42
2568	37
2569	39
2570	47
2571	48
2572	50
2573	46
2574	31
2575	35
2576	52
2577	57
2578	46
2579	43
2580	43
2581	51
2582	45
2583	46
2584	44
2585	33
2586	40
2587	53
2588	49
2589	45
2590	37
2591	48
2592	43
2593	44
2594	34
2595	45
2596	54
2597	37
2598	44
2599	45
2600	38
2601	37
2602	57
2603	39
2604	48
2605	40
2606	49
2607	50
2608	49
2609	53
2610	42
2611	34
2612	57
2613	53
2614	35
2615	42
2616	34
2617	45
2618	37
2619	50
2620	41
2621	50
2622	55
2623	51
2624	51
2625	45
2626	54
2627	42
2628	50
2629	36
2630	50
2631	43
2632	41
2633	53
2634	46
2635	31
2636	54
2637	54
2638	49
2639	39
2640	47
2641	53
2642	42
2643	43
2644	24
2645	50
2646	51
2647	40
2648	43
2649	53
2650	41
2651	44
2652	36
2653	59
2654	47
2655	31
2656	35
2657	47
2658	43
2659	43
2660	39
2661	49
2662	45
2663	39
2664	38
2665	43
2666	47
2667	47
2668	42
2669	50
2670	48
2671	38
2672	51
2673	50
2674	45
2675	39
2676	54
2677	54
2678	46
2679	44
2680	48
2681	44
2682	50
2683	53
2684	45
2685	53
2686	49
2687	46
2688	37
2689	34
2690	50
2691	41
2692	42
2693	48
2694	39
2695	34
2696	33
2697	43
2698	47
2699	42
2700	35
2701	33
2702	40
2703	33
2704	48
2705	34
2706	44
2707	31
2708	44
2709	50
2710	58
2711	48
2712	44
2713	39
2714	52
2715	40
2716	41
2717	37
2718	53
2719	33
2720	44
2721	42
2722	41
2723	41
2724	45
2725	48
2726	37
2727	41
2728	52
2729	44
2730	43
2731	40
2732	41
2733	41
2734	31
2735	35
2736	49
2737	51
2738	48
2739	39
2740	42
2741	35
2742	42
2743	30
2744	29
2745	37
2746	48
2747	46
2748	42
2749	40
2750	52
2751	36
2752	49
2753	49
2754	51
2755	58
2756	37
2757	36
2758	33
2759	47
2760	40
2761	45
2762	45
2763	39
2764	45
2765	44
2766	37
2767	49
2768	39
2769	47
2770	49
2771	47
2772	47
2773	38
2774	39
2775	58
2776	45
2777	31
2778	39
2779	41
2780	38
2781	50
2782	37
2783	38
2784	43
2785	53
2786	63
2787	43
2788	36
2789	47
2790	43
2791	53
2792	44
2793	43
2794	44
2795	57
2796	55
2797	46
2798	50
2799	43
2800	42
2801	44
2802	51
2803	47
2804	46
2805	45
2806	36
2807	40
2808	44
2809	51
2810	33
2811	45
2812	46
2813	61
2814	41
2815	51
2816	49
2817	38
2818	43
2819	55
2820	41
2821	53
2822	53
2823	54
2824	45
2825	43
2826	50
2827	45
2828	50
2829	55
2830	43
2831	39
2832	34
2833	37
2834	33
2835	39
2836	33
2837	52
2838	53
2839	44
2840	52
2841	53
2842	53
2843	53
2844	42
2845	35
2846	39
2847	42
2848	50
2849	38
2850	48
2851	44
2852	42
2853	39
2854	43
2855	63
2856	33
2857	41
2858	40
2859	46
2860	41
2861	36
2862	51
2863	44
2864	40
2865	47
2866	50
2867	43
2868	48
2869	42
2870	35
2871	46
2872	38
2873	42
2874	43
2875	53
2876	42
2877	35
2878	46
2879	51
2880	31
2881	32
2882	35
2883	48
2884	36
2885	43
2886	41
2887	42
2888	41
2889	52
2890	38
2891	47
2892	36
2893	42
2894	48
2895	45
2896	38
2897	44
2898	42
2899	40
2900	40
2901	47
2902	44
2903	38
2904	42
2905	35
2906	42
2907	45
2908	42
2909	42
2910	40
2911	42
2912	56
2913	52
2914	41
2915	39
2916	40
2917	50
2918	46
2919	33
2920	43
2921	42
2922	42
2923	38
2924	48
2925	35
2926	32
2927	45
2928	44
2929	42
2930	38
2931	54
2932	40
2933	43
2934	46
2935	40
2936	64
2937	46
2938	50
2939	54
2940	45
2941	40
2942	40
2943	50
2944	44
2945	44
2946	30
2947	61
2948	55
2949	63
2950	45
2951	35
2952	56
2953	46
2954	58
2955	40
2956	39
2957	42
2958	48
2959	45
2960	53
2961	43
2962	38
2963	38
2964	45
2965	61
2966	46
2967	43
2968	54
2969	37
2970	31
2971	39
2972	43
2973	42
2974	36
2975	41
2976	54
2977	54
2978	37
2979	49
2980	50
2981	54
2982	46
2983	37
2984	45
2985	50
2986	45
2987	43
2988	42
2989	44
2990	48
2991	39
2992	49
2993	54
2994	57
2995	40
2996	44
2997	40
2998	44
2999	45
3000	44
3001	42
3002	50
3003	43
3004	48
3005	40
3006	38
3007	39
3008	40
3009	46
3010	55
3011	48
3012	52
3013	48
3014	53
3015	50
3016	44
3017	41
3018	48
3019	36
3020	36
3021	46
3022	43
3023	55
3024	31
3025	60
3026	56
3027	59
3028	49
3029	49
3030	45
3031	54
3032	49
3033	42
3034	63
3035	51
3036	57
3037	47
3038	48
3039	50
3040	43
3041	50
3042	50
3043	35
3044	37
3045	47
3046	32
3047	47
3048	51
3049	48
3050	41
3051	63
3052	50
3053	54
3054	43
3055	49
3056	54
3057	48
3058	56
3059	43
3060	47
3061	51
3062	37
3063	45
3064	44
3065	38
3066	54
3067	51
3068	47
3069	47
3070	41
3071	50
3072	49
3073	49
3074	52
3075	42
3076	44
3077	44
3078	47
3079	50
3080	40
3081	53
3082	45
3083	56
3084	46
3085	42
3086	44
3087	49
3088	43
3089	56
3090	52
3091	60
3092	56
3093	57
3094	35
3095	56
3096	30
3097	47
3098	50
3099	48
3100	53
3101	54
3102	47
3103	49
3104	38
3105	45
3106	54
3107	37
3108	31
3109	51
3110	54
3111	47
3112	41
3113	38
3114	44
3115	43
3116	44
3117	59
3118	50
3119	45
3120	43
3121	35
3122	53
3123	43
3124	31
3125	55
3126	38
3127	43
3128	55
3129	63
3130	56
3131	40
3132	60
3133	57
3134	47
3135	47
3136	54
3137	35
3138	62
3139	40
3140	38
3141	44
3142	49
3143	45
3144	43
3145	50
3146	51
3147	50
3148	31
3149	41
3150	40
3151	47
3152	47
3153	40
3154	51
3155	46
3156	34
3157	54
3158	45
3159	56
3160	42
3161	59
3162	56
3163	46
3164	52
3165	44
3166	45
3167	54
3168	42
3169	46
3170	52
3171	55
3172	51
3173	42
3174	46
3175	35
3176	48
3177	36
3178	54
3179	42
3180	42
3181	51
3182	39
3183	46
3184	49
3185	40
3186	48
3187	49
3188	46
3189	42
3190	42
3191	52
3192	52
3193	35
3194	38
3195	42
3196	44
3197	43
3198	52
3199	51
3200	48
3201	36
3202	35
3203	52
3204	28
3205	45
3206	37
3207	40
3208	47
3209	46
3210	41
3211	46
3212	53
3213	48
3214	61
3215	58
3216	52
3217	37
3218	36
3219	48
3220	55
3221	41
3222	46
3223	53
3224	38
3225	38
3226	53
3227	35
3228	47
3229	58
3230	46
3231	42
3232	50
3233	43
3234	45
3235	45
3236	50
3237	46
3238	39
3239	43
3240	52
3241	39
3242	43
3243	60
3244	48
3245	67
3246	48
3247	36
3248	39
3249	57
3250	47
3251	30
3252	44
3253	38
3254	40
3255	50
3256	51
3257	39
3258	52
3259	29
3260	52
3261	35
3262	59
3263	50
3264	48
3265	37
3266	45
3267	52
3268	27
3269	38
3270	46
3271	57
3272	47
3273	58
3274	46
3275	46
3276	61
3277	35
3278	48
3279	49
3280	42
3281	39
3282	52
3283	33
3284	56
3285	37
3286	42
3287	47
3288	43
3289	58
3290	48
3291	31
3292	49
3293	54
3294	37
3295	40
3296	35
3297	40
3298	44
3299	50
3300	33
3301	44
3302	45
3303	53
3304	47
3305	40
3306	38
3307	45
3308	42
3309	42
3310	48
3311	45
3312	49
3313	42
3314	49
3315	48
3316	33
3317	44
3318	35
3319	46
3320	37
3321	42
3322	45
3323	50
3324	34
3325	28
3326	50
3327	50
3328	49
3329	39
3330	46
3331	60
3332	39
3333	44
3334	40
3335	45
3336	45
3337	47
3338	54
3339	41
3340	40
3341	48
3342	52
3343	54
3344	43
3345	41
3346	34
3347	50
3348	45
3349	42
3350	43
3351	43
3352	32
3353	49
3354	42
3355	36
3356	55
3357	42
3358	45
3359	36
3360	40
3361	48
3362	36
3363	28
3364	40
3365	36
3366	47
3367	31
3368	51
3369	47
3370	38
3371	46
3372	32
3373	37
3374	50
3375	57
3376	39
3377	56
3378	40
3379	34
3380	42
3381	52
3382	48
3383	30
3384	36
3385	48
3386	33
3387	34
3388	38
3389	42
3390	32
3391	21
3392	45
3393	36
3394	32
3395	44
3396	37
3397	39
3398	46
3399	42
3400	30
3401	41
3402	35
3403	43
3404	39
3405	36
3406	31
3407	43
3408	29
3409	41
3410	33
3411	33
3412	38
3413	30
3414	38
3415	33
3416	31
3417	31
3418	35
3419	43
3420	43
3421	27
3422	35
3423	42
3424	36
3425	35
3426	28
3427	33
3428	37
3429	37
3430	36
3431	44
3432	37
3433	26
3434	28
3435	32
3436	23
3437	24
3438	35
3439	26
3440	31
3441	34
3442	25
3443	26
3444	32
3445	31
3446	43
3447	26
3448	34
3449	27
3450	36
3451	31
3452	19
3453	28
3454	31
3455	34
3456	28
3457	39
3458	31
3459	29
3460	29
3461	25
3462	27
3463	27
3464	25
3465	28
3466	27
3467	22
3468	30
3469	31
3470	34
3471	38
3472	18
3473	31
3474	23
3475	43
3476	33
3477	29
3478	29
3479	34
3480	28
3481	30
3482	33
3483	32
3484	30
3485	35
3486	29
3487	19
3488	21
3489	36
3490	24
3491	31
3492	25
3493	34
3494	31
3495	35
3496	33
3497	33
3498	22
3499	31
3500	28
3501	23
3502	21
3503	21
3504	26
3505	25
3506	22
3507	21
3508	27
3509	26
3510	31
3511	25
3512	28
3513	30
3514	29
3515	28
3516	23
3517	29
3518	34
3519	17
3520	29
3521	30
3522	22
3523	24
3524	33
3525	23
3526	22
3527	29
3528	29
3529	38
3530	25
3531	24
3532	15
3533	27
3534	24
3535	29
3536	18
3537	22
3538	20
3539	29
3540	16
3541	19
3542	32
3543	29
3544	36
3545	24
3546	16
3547	24
3548	20
3549	36
3550	25
3551	20
3552	15
3553	22
3554	28
3555	21
3556	24
3557	28
3558	32
3559	25
3560	22
3561	22
3562	26
3563	18
3564	27
3565	26
3566	30
3567	30
3568	16
3569	24
3570	18
3571	23
3572	21
3573	21
3574	18
3575	18
3576	16
3577	24
3578	17
3579	21
3580	23
3581	26
3582	28
3583	26
3584	24
3585	17
3586	20
3587	20
3588	17
3589	15
3590	25
3591	16
3592	20
3593	18
3594	28
3595	17
3596	18
3597	25
3598	31
3599	19
3600	13
3601	20
3602	9
3603	24
3604	16
3605	22
3606	21
3607	16
3608	15
3609	21
3610	19
3611	24
3612	15
3613	18
3614	17
3615	16
3616	22
3617	14
3618	21
3619	11
3620	13
3621	17
3622	21
3623	15
3624	18
3625	18
3626	22
3627	20
3628	20
3629	13
3630	13
3631	17
3632	16
3633	24
3634	21
3635	15
3636	19
3637	26
3638	25
3639	18
3640	12
3641	18
3642	11
3643	20
3644	25
3645	23
3646	12
3647	18
3648	29
3649	14
3650	18
3651	23
3652	15
3653	22
3654	13
3655	15
3656	17
3657	21
3658	14
3659	22
3660	13
3661	18
3662	16
3663	17
3664	18
3665	17
3666	16
3667	23
3668	21
3669	17
3670	20
3671	11
3672	21
3673	14
3674	24
3675	21
3676	18
3677	15
3678	19
3679	15
3680	16
3681	17
3682	19
3683	20
3684	14
3685	15
3686	24
3687	14
3688	20
3689	16
3690	13
3691	11
3692	13
3693	20
3694	16
3695	17
3696	17
3697	18
3698	13
3699	15
3700	11
3701	17
3702	19
3703	10
3704	17
3705	15
3706	20
3707	11
3708	21
3709	22
3710	11
3711	20
3712	17
3713	15
3714	18
3715	9
3716	7
3717	13
3718	16
3719	11
3720	20
3721	14
3722	17
3723	14
3724	21
3725	20
3726	10
3727	13
3728	16
3729	8
3730	13
3731	9
3732	18
3733	10
3734	14
3735	14
3736	14
3737	14
3738	14
3739	19
3740	10
3741	14
3742	10
3743	10
3744	10
3745	17
3746	13
3747	10
3748	14
3749	13
3750	13
3751	10
3752	12
3753	19
3754	12
3755	26
3756	21
3757	11
3758	17
3759	16
3760	12
3761	10
3762	21
3763	14
3764	12
3765	12
3766	15
3767	18
3768	14
3769	16
3770	15
3771	16
3772	16
3773	11
3774	12
3775	14
3776	15
3777	16
3778	10
3779	16
3780	13
3781	13
3782	18
3783	9
3784	10
3785	20
3786	13
3787	15
3788	16
3789	16
3790	14
3791	13
3792	17
3793	13
3794	15
3795	10
3796	23
3797	12
3798	16
3799	14
3800	12
3801	10
3802	12
3803	12
3804	22
3805	11
3806	15
3807	15
3808	19
3809	18
3810	14
3811	8
3812	19
3813	18
3814	6
3815	20
3816	16
3817	16
3818	16
3819	15
3820	15
3821	16
3822	17
3823	16
3824	19
3825	17
3826	17
3827	11
3828	15
3829	20
3830	10
3831	18
3832	13
3833	17
3834	16
3835	11
3836	11
3837	15
3838	10
3839	18
3840	11
3841	12
3842	18
3843	9
3844	15
3845	12
3846	9
3847	9
3848	9
3849	20
3850	18
3851	20
3852	13
3853	10
3854	9
3855	14
3856	11
3857	19
3858	8
3859	8
3860	13
3861	9
3862	10
3863	13
3864	12
3865	14
3866	16
3867	12
3868	7
3869	11
3870	11
3871	10
3872	13
3873	17
3874	8
3875	13
3876	10
3877	15
3878	15
3879	13
3880	13
3881	17
3882	12
3883	17
3884	12
3885	10
3886	8
3887	11
3888	12
3889	17
3890	17
3891	13
3892	14
3893	15
3894	12
3895	19
3896	11
3897	18
3898	13
3899	13
3900	16
3901	14
3902	12
3903	15
3904	7
3905	19
3906	12
3907	12
3908	16
3909	12
3910	13
3911	10
3912	21
3913	11
3914	7
3915	14
3916	13
3917	11
3918	14
3919	11
3920	13
3921	8
3922	6
3923	21
3924	8
3925	7
3926	15
3927	10
3928	7
3929	13
3930	10
3931	7
3932	13
3933	10
3934	16
3935	13
3936	11
3937	9
3938	17
3939	7
3940	15
3941	6
3942	8
3943	17
3944	12
3945	18
3946	16
3947	13
3948	10
3949	15
3950	8
3951	16
3952	16
3953	14
3954	10
3955	6
3956	17
3957	12
3958	17
3959	8
3960	11
3961	14
3962	12
3963	18
3964	8
3965	8
3966	13
3967	12
3968	11
3969	13
3970	8
3971	15
3972	10
3973	17
3974	7
3975	12
3976	15
3977	16
3978	10
3979	16
3980	12
3981	19
3982	7
3983	15
3984	6
3985	15
3986	21
3987	11
3988	12
3989	15
3990	11
3991	10
3992	10
3993	16
3994	10
3995	10
3996	14
3997	15
3998	16
3999	5
4000	14
4001	19
4002	9
4003	17
4004	15
4005	8
4006	8
4007	10
4008	14
4009	13
4010	12
4011	8
4012	10
4013	9
4014	18
4015	11
4016	8
4017	12
4018	12
4019	12
4020	9
4021	10
4022	12
4023	11
4024	15
4025	16
4026	16
4027	16
4028	12
4029	9
4030	9
4031	10
4032	9
4033	11
4034	9
4035	11
4036	9
4037	11
4038	13
4039	15
4040	8
4041	10
4042	10
4043	8
4044	8
4045	9
4046	9
4047	15
4048	12
4049	11
4050	6
4051	11
4052	8
4053	10
4054	15
4055	4
4056	12
4057	6
4058	10
4059	7
4060	16
4061	12
4062	9
4063	14
4064	7
4065	14
4066	11
4067	11
4068	8
4069	11
4070	5
4071	13
4072	12
4073	15
4074	12
4075	11
4076	15
4077	11
4078	20
4079	14
4080	8
4081	10
4082	6
4083	11
4084	10
4085	15
4086	11
4087	13
4088	8
4089	9
4090	12
4091	13
4092	12
4093	14
4094	12
4095	9
4096	8
4097	15
4098	13
4099	16
4100	12
4101	10
4102	13
4103	9
4104	6
4105	3
4106	12
4107	10
4108	15
4109	7
4110	16
4111	4
4112	16
4113	9
4114	8
4115	9
4116	6
4117	10
4118	11
4119	6
4120	6
4121	10
4122	8
4123	12
4124	11
4125	5
4126	12
4127	16
4128	5
4129	13
4130	8
4131	16
4132	12
4133	9
4134	12
4135	6
4136	5
4137	10
4138	17
4139	5
4140	12
4141	12
4142	14
4143	16
4144	11
4145	11
4146	16
4147	8
4148	7
4149	9
4150	7
4151	17
4152	8
4153	15
4154	13
4155	13
4156	4
4157	7
4158	12
4159	8
4160	10
4161	12
4162	11
4163	15
4164	17
4165	10
4166	9
4167	6
4168	10
4169	9
4170	15
4171	6
4172	11
4173	12
4174	12
4175	9
4176	8
4177	9
4178	9
4179	12
4180	15
4181	6
4182	13
4183	6
4184	9
4185	11
4186	5
4187	14
4188	6
4189	16
4190	10
4191	11
4192	13
4193	13
4194	12
4195	14
4196	4
4197	9
4198	11
4199	9
4200	18
4201	14
4202	13
4203	9
4204	14
4205	7
4206	10
4207	17
4208	19
4209	16
4210	13
4211	12
4212	13
4213	8
4214	7
4215	12
4216	10
4217	16
4218	15
4219	13
4220	9
4221	11
4222	12
4223	6
4224	13
4225	6
4226	13
4227	13
4228	9
4229	16
4230	14
4231	9
4232	15
4233	7
4234	10
4235	11
4236	12
4237	11
4238	12
4239	12
4240	8
4241	14
4242	11
4243	14
4244	9
4245	11
4246	12
4247	13
4248	9
4249	14
4250	8
4251	11
4252	18
4253	7
4254	13
4255	14
4256	10
4257	12
4258	12
4259	16
4260	14
4261	10
4262	6
4263	12
4264	11
4265	16
4266	10
4267	18
4268	15
4269	13
4270	12
4271	13
4272	10
4273	10
4274	15
4275	10
4276	11
4277	16
4278	13
4279	4
4280	15
4281	9
4282	6
4283	13
4284	16
4285	17
4286	16
4287	16
4288	15
4289	12
4290	8
4291	11
4292	12
4293	7
4294	9
4295	7
4296	13
4297	9
4298	10
4299	13
4300	16
4301	8
4302	9
4303	11
4304	9
4305	9
4306	5
4307	13
4308	13
4309	18
4310	9
4311	15
4312	8
4313	4
4314	12
4315	9
4316	10
4317	9
4318	9
4319	12
4320	9
4321	14
4322	22
4323	11
4324	11
4325	10
4326	16
4327	17
4328	14
4329	12
4330	12
4331	12
4332	15
4333	16
4334	17
4335	13
4336	10
4337	14
4338	16
4339	9
4340	19
4341	11
4342	4
4343	13
4344	17
4345	5
4346	15
4347	10
4348	19
4349	14
4350	10
4351	16
4352	14
4353	18
4354	4
4355	10
4356	13
4357	13
4358	11
4359	13
4360	20
4361	16
4362	12
4363	12
4364	13
4365	16
4366	16
4367	21
4368	11
4369	10
4370	13
4371	10
4372	18
4373	11
4374	23
4375	8
4376	9
4377	17
4378	16
4379	17
4380	9
4381	10
4382	19
4383	15
4384	21
4385	16
4386	18
4387	16
4388	12
4389	16
4390	20
4391	14
4392	15
4393	14
4394	15
4395	10
4396	17
4397	15
4398	16
4399	20
4400	18
4401	23
4402	25
4403	14
4404	22
4405	21
4406	17
4407	24
4408	17
4409	12
4410	21
4411	24
4412	16
4413	17
4414	18
4415	15
4416	22
4417	18
4418	16
4419	23
4420	22
4421	22
4422	21
4423	13
4424	25
4425	22
4426	27
4427	22
4428	19
4429	22
4430	23
4431	20
4432	25
4433	25
4434	19
4435	27
4436	23
4437	19
4438	16
4439	25
4440	23
4441	22
4442	25
4443	26
4444	21
4445	30
4446	17
4447	19
4448	16
4449	25
4450	30
4451	19
4452	31
4453	22
4454	28
4455	34
4456	22
4457	32
4458	28
4459	31
4460	21
4461	33
4462	23
4463	27
4464	31
4465	30
4466	27
4467	27
4468	34
4469	28
4470	39
4471	22
4472	33
4473	34
4474	26
4475	41
4476	33
4477	30
4478	36
4479	32
4480	48
4481	29
4482	42
4483	38
4484	40
4485	31
4486	29
4487	28
4488	27
4489	32
4490	34
4491	43
4492	40
4493	25
4494	41
4495	56
4496	53
4497	47
4498	34
4499	41
4500	39
4501	49
4502	48
4503	29
4504	41
4505	45
4506	44
4507	43
4508	44
4509	47
4510	54
4511	45
4512	55
4513	50
4514	55
4515	50
4516	53
4517	50
4518	52
4519	58
4520	54
4521	46
4522	61
4523	65
4524	47
4525	51
4526	54
4527	60
4528	58
4529	46
4530	53
4531	55
4532	52
4533	59
4534	44
4535	52
4536	56
4537	48
4538	79
4539	60
4540	66
4541	88
4542	73
4543	74
4544	56
4545	61
4546	76
4547	82
4548	67
4549	73
4550	87
4551	77
4552	81
4553	72
4554	76
4555	79
4556	82
4557	91
4558	78
4559	75
4560	84
4561	75
4562	71
4563	94
4564	91
4565	84
4566	81
4567	88
4568	112
4569	96
4570	97
4571	109
4572	85
4573	98
4574	106
4575	83
4576	85
4577	102
4578	94
4579	108
4580	105
4581	86
4582	121
4583	90
4584	118
4585	124
4586	91
4587	114
4588	116
4589	111
4590	113
4591	94
4592	116
4593	99
4594	104
4595	128
4596	131
4597	109
4598	119
4599	140
4600	155
4601	130
4602	125
4603	137
4604	129
4605	149
4606	139
4607	138
4608	141
4609	117
4610	140
4611	125
4612	135
4613	154
4614	144
4615	182
4616	149
4617	149
4618	158
4619	147
4620	155
4621	189
4622	169
4623	184
4624	139
4625	162
4626	148
4627	183
4628	189
4629	188
4630	152
4631	181
4632	177
4633	179
4634	171
4635	175
4636	176
4637	157
4638	187
4639	187
4640	164
4641	183
4642	196
4643	211
4644	170
4645	196
4646	188
4647	187
4648	191
4649	200
4650	209
4651	222
4652	199
4653	222
4654	216
4655	215
4656	219
4657	187
4658	242
4659	239
4660	200
4661	189
4662	222
4663	233
4664	245
4665	227
4666	210
4667	232
4668	204
4669	244
4670	233
4671	233
4672	238
4673	252
4674	260
4675	238
4676	234
4677	250
4678	248
4679	251
4680	251
4681	235
4682	275
4683	255
4684	253
4685	224
4686	243
4687	270
4688	281
4689	263
4690	276
4691	274
4692	293
4693	254
4694	276
4695	262
4696	291
4697	287
4698	279
4699	280
4700	278
4701	277
4702	280
4703	291
4704	290
4705	320
4706	294
4707	307
4708	324
4709	282
4710	292
4711	306
4712	278
4713	331
4714	303
4715	292
4716	295
4717	332
4718	299
4719	312
4720	331
4721	350
4722	349
4723	330
4724	354
4725	332
4726	333
4727	344
4728	352
4729	324
4730	351
4731	298
4732	325
4733	356
4734	344
4735	374
4736	335
4737	358
4738	338
4739	309
4740	370
4741	318
4742	353
4743	383
4744	347
4745	351
4746	349
4747	364
4748	355
4749	373
4750	387
4751	340
4752	381
4753	389
4754	399
4755	402
4756	368
4757	411
4758	379
4759	359
4760	383
4761	380
4762	386
4763	355
4764	400
4765	357
4766	369
4767	388
4768	413
4769	383
4770	399
4771	394
4772	416
4773	387
4774	356
4775	403
4776	390
4777	387
4778	380
4779	392
4780	416
4781	405
4782	437
4783	417
4784	385
4785	413
4786	418
4787	395
4788	390
4789	396
4790	406
4791	370
4792	411
4793	404
4794	419
4795	391
4796	378
4797	449
4798	404
4799	418
4800	414
4801	420
4802	390
4803	423
4804	414
4805	388
4806	402
4807	396
4808	419
4809	396
4810	437
4811	445
4812	443
4813	419
4814	429
4815	429
4816	407
4817	431
4818	430
4819	436
4820	436
4821	447
4822	432
4823	428
4824	410
4825	414
4826	429
4827	446
4828	464
4829	446
4830	435
4831	424
4832	436
4833	458
4834	436
4835	432
4836	411
4837	434
4838	398
4839	416
4840	417
4841	454
4842	445
4843	489
4844	436
4845	416
4846	408
4847	394
4848	402
4849	402
4850	421
4851	417
4852	419
4853	434
4854	411
4855	416
4856	417
4857	402
4858	384
4859	395
4860	438
4861	413
4862	440
4863	439
4864	422
4865	358
4866	395
4867	431
4868	433
4869	396
4870	408
4871	379
4872	439
4873	407
4874	393
4875	384
4876	408
4877	417
4878	368
4879	355
4880	421
4881	389
4882	357
4883	373
4884	384
4885	370
4886	404
4887	388
4888	386
4889	376
4890	371
4891	385
4892	361
4893	355
4894	389
4895	391
4896	393
4897	333
4898	377
4899	376
4900	352
4901	367
4902	385
4903	400
4904	341
4905	378
4906	365
4907	345
4908	376
4909	356
4910	350
4911	354
4912	336
4913	304
4914	346
4915	352
4916	344
4917	363
4918	319
4919	341
4920	369
4921	309
4922	338
4923	338
4924	317
4925	350
4926	346
4927	321
4928	320
4929	334
4930	301
4931	324
4932	325
4933	321
4934	313
4935	350
4936	307
4937	315
4938	320
4939	301
4940	295
4941	287
4942	297
4943	267
4944	284
4945	284
4946	282
4947	323
4948	284
4949	294
4950	286
4951	287
4952	275
4953	289
4954	284
4955	265
4956	277
4957	262
4958	278
4959	300
4960	258
4961	284
4962	264
4963	260
4964	249
4965	263
4966	256
4967	265
4968	241
4969	243
4970	257
4971	262
4972	233
4973	238
4974	246
4975	202
4976	229
4977	232
4978	241
4979	232
4980	193
4981	228
4982	246
4983	198
4984	236
4985	210
4986	247
4987	190
4988	192
4989	207
4990	194
4991	193
4992	206
4993	220
4994	207
4995	180
4996	223
4997	206
4998	209
4999	182
5000	179
5001	192
5002	189
5003	184
5004	164
5005	190
5006	188
5007	164
5008	180
5009	180
5010	179
5011	168
5012	186
5013	188
5014	140
5015	168
5016	162
5017	168
5018	171
5019	162
5020	138
5021	140
5022	149
5023	136
5024	133
5025	141
5026	157
5027	138
5028	131
5029	152
5030	116
5031	137
5032	119
5033	146
5034	132
5035	131
5036	133
5037	129
5038	104
5039	147
5040	134
5041	142
5042	122
5043	148
5044	114
5045	114
5046	121
5047	118
5048	111
5049	98
5050	112
5051	85
5052	112
5053	107
5054	110
5055	102
5056	113
5057	113
5058	114
5059	100
5060	92
5061	86
5062	112
5063	107
5064	105
5065	70
5066	86
5067	101
5068	89
5069	99
5070	82
5071	79
5072	77
5073	79
5074	74
5075	98
5076	72
5077	71
5078	74
5079	85
5080	65
5081	77
5082	59
5083	65
5084	72
5085	79
5086	73
5087	73
5088	75
5089	62
5090	56
5091	63
5092	63
5093	68
5094	63
5095	42
5096	57
5097	68
5098	63
5099	66
5100	46
5101	61
5102	57
5103	59
5104	55
5105	51
5106	64
5107	54
5108	46
5109	56
5110	54
5111	70
5112	41
5113	41
5114	49
5115	42
5116	50
5117	54
5118	50
5119	37
5120	41
5121	36
5122	36
5123	36
5124	35
5125	52
5126	47
5127	41
5128	34
5129	34
5130	42
5131	32
5132	34
5133	33
5134	31
5135	32
5136	36
5137	33
5138	32
5139	25
5140	27
5141	30
5142	35
5143	26
5144	20
5145	20
5146	20
5147	20
5148	20
5149	28
5150	27
5151	25
5152	22
5153	33
5154	15
5155	29
5156	22
5157	25
5158	24
5159	24
5160	12
5161	27
5162	13
5163	23
5164	22
5165	14
5166	22
5167	14
5168	15
5169	20
5170	25
5171	17
5172	22
5173	14
5174	24
5175	28
5176	19
5177	23
5178	15
5179	12
5180	22
5181	14
5182	15
5183	22
5184	7
5185	10
5186	17
5187	8
5188	14
5189	8
5190	10
5191	8
5192	16
5193	7
5194	14
5195	11
5196	9
5197	16
5198	12
5199	10
5200	11
5201	12
5202	18
5203	9
5204	19
5205	10
5206	6
5207	11
5208	7
5209	16
5210	11
5211	6
5212	6
5213	11
5214	12
5215	3
5216	5
5217	9
5218	9
5219	6
5220	6
5221	11
5222	10
5223	8
5224	5
5225	5
5226	10
5227	4
5228	9
5229	14
5230	5
5231	6
5232	5
5233	5
5234	5
5235	6
5236	5
5237	3
5238	6
5239	7
5240	6
5241	11
5242	4
5243	3
5244	4
5245	6
5246	3
5247	6
5248	5
5249	7
5250	2
5251	3
5252	2
5253	4
5254	2
5255	3
5256	2
5257	6
5258	4
5259	3
5260	3
5261	3
5262	3
5263	2
5264	2
5265	4
5266	0
5267	6
5268	2
5269	3
5270	3
5271	1
5272	7
5273	5
5274	3
5275	8
5276	2
5277	3
5278	4
5279	1
5280	5
5281	1
5282	5
5283	8
5284	2
5285	3
5286	1
5287	2
5288	1
5289	2
5290	1
5291	3
5292	2
5293	3
5294	2
5295	3
5296	1
5297	3
5298	4
5299	0
5300	0
5301	1
5302	5
5303	3
5304	4
5305	3
5306	2
5307	2
5308	0
5309	0
5310	1
5311	2
5312	3
5313	1
5314	4
5315	1
5316	5
5317	2
5318	2
5319	3
5320	2
5321	2
5322	1
5323	1
5324	1
5325	2
5326	2
5327	1
5328	2
5329	3
5330	1
5331	0
5332	2
5333	3
5334	0
5335	0
5336	3
5337	2
5338	4
5339	1
5340	1
5341	3
5342	4
5343	2
5344	1
5345	3
5346	0
5347	0
5348	1
5349	2
5350	0
5351	2
5352	0
5353	1
5354	1
5355	0
5356	3
5357	1
5358	4
5359	1
5360	0
5361	2
5362	2
5363	1
5364	6
5365	1
5366	1
5367	1
5368	1
5369	1
5370	1
5371	2
5372	3
5373	0
5374	1
5375	3
5376	3
5377	1
5378	1
5379	3
5380	4
5381	3
5382	2
5383	1
5384	1
5385	1
5386	0
5387	3
5388	1
5389	1
5390	2
5391	0
5392	3
5393	0
5394	3
5395	1
5396	0
5397	1
5398	2
5399	0
5400	0
5401	0
5402	1
5403	6
5404	0
5405	1
5406	1
5407	2
5408	1
5409	0
5410	0
5411	3
5412	1
5413	4
5414	1
5415	0
5416	2
5417	0
5418	5
5419	5
5420	4
5421	1
5422	0
5423	0
5424	1
5425	2
5426	2
5427	0
5428	0
5429	2
5430	0
5431	4
5432	1
5433	0
5434	2
5435	1
5436	3
5437	2
5438	1
5439	0
5440	1
5441	1
5442	3
5443	2
5444	1
5445	2
5446	1
5447	1
5448	0
5449	0
5450	3
5451	1
5452	2
5453	2
5454	1
5455	3
5456	2
5457	1
5458	1
5459	0
5460	3
5461	1
5462	0
5463	4
5464	1
5465	1
5466	0
5467	0
5468	0
5469	3
5470	1
5471	0
5472	3
5473	1
5474	3
5475	2
5476	1
5477	2
5478	2
5479	1
5480	2
5481	0
5482	2
5483	1
5484	2
5485	3
5486	0
5487	1
5488	0
5489	3
5490	2
5491	0
5492	3
5493	2
5494	1
5495	0
5496	0
5497	2
5498	1
5499	0
5500	1
5501	0
5502	2
5503	0
5504	1
5505	3
5506	0
5507	1
5508	4
5509	1
5510	3
5511	1
5512	0
5513	4
5514	1
5515	3
5516	0
5517	1
5518	1
5519	3
5520	1
5521	0
5522	2
5523	1
5524	1
5525	0
5526	5
5527	2
5528	0
5529	1
5530	0
5531	2
5532	1
5533	1
5534	0
5535	0
5536	2
5537	5
5538	0
5539	3
5540	1
5541	1
5542	1
5543	0
5544	1
5545	1
5546	2
5547	2
5548	1
5549	1
5550	2
5551	0
5552	1
5553	1
5554	1
5555	2
5556	3
5557	0
5558	4
5559	2
5560	3
5561	2
5562	1
5563	1
5564	1
5565	1
5566	1
5567	2
5568	4
5569	1
5570	2
5571	0
5572	3
5573	2
5574	4
5575	2
5576	3
5577	1
5578	0
5579	1
5580	1
5581	0
5582	0
5583	1
5584	0
5585	2
5586	0
5587	5
5588	1
5589	1
5590	2
5591	2
5592	2
5593	3
5594	0
5595	1
5596	1
5597	2
5598	3
5599	1
5600	1
5601	2
5602	0
5603	0
5604	0
5605	1
5606	1
5607	2
5608	2
5609	1
5610	0
5611	2
5612	2
5613	2
5614	4
5615	1
5616	3
5617	2
5618	0
5619	0
5620	1
5621	4
5622	2
5623	2
5624	1
5625	1
5626	0
5627	2
5628	2
5629	4
5630	2
5631	0
5632	1
5633	0
5634	3
5635	0
5636	2
5637	3
5638	2
5639	2
5640	2
5641	0
5642	2
5643	0
5644	2
5645	1
5646	2
5647	3
5648	2
5649	1
5650	1
5651	3
5652	1
5653	2
5654	1
5655	1
5656	1
5657	0
5658	1
5659	0
5660	2
5661	2
5662	1
5663	0
5664	1
5665	1
5666	4
5667	2
5668	0
5669	0
5670	3
5671	5
5672	0
5673	0
5674	1
5675	0
5676	0
5677	1
5678	0
5679	1
5680	0
5681	3
5682	1
5683	2
5684	0
5685	3
5686	0
5687	3
5688	1
5689	3
5690	0
5691	1
5692	4
5693	3
5694	4
5695	1
5696	0
5697	3
5698	2
5699	3
5700	1
5701	0
5702	1
5703	1
5704	0
5705	1
5706	5
5707	1
5708	2
5709	0
5710	0
5711	3
5712	0
5713	1
5714	1
5715	1
5716	1
5717	0
5718	2
5719	2
5720	2
5721	2
5722	2
5723	1
5724	1
5725	2
5726	1
5727	0
5728	1
5729	1
5730	0
5731	0
5732	1
5733	4
5734	1
5735	1
5736	2
5737	0
5738	1
5739	1
5740	3
5741	0
5742	2
5743	4
5744	1
5745	1
5746	0
5747	0
5748	2
5749	2
5750	4
5751	0
5752	2
5753	1
5754	0
5755	1
5756	0
5757	2
5758	2
5759	1
5760	1
5761	1
5762	0
5763	0
5764	1
5765	2
5766	1
5767	2
5768	3
5769	0
5770	1
5771	1
5772	2
5773	0
5774	0
5775	1
5776	1
5777	0
5778	0
5779	0
5780	0
5781	1
5782	3
5783	0
5784	0
5785	1
5786	1
5787	1
5788	0
5789	2
5790	3
5791	1
5792	1
5793	1
5794	0
5795	2
5796	2
5797	1
5798	0
5799	3
5800	1
5801	1
5802	2
5803	0
5804	1
5805	1
5806	2
5807	1
5808	1
5809	0
5810	3
5811	1
5812	0
5813	1
5814	2
5815	0
5816	3
5817	2
5818	1
5819	2
5820	1
5821	2
5822	1
5823	3
5824	1
5825	3
5826	1
5827	0
5828	0
5829	2
5830	0
5831	4
5832	0
5833	0
5834	2
5835	3
5836	0
5837	1
5838	1
5839	0
5840	3
5841	0
5842	1
5843	1
5844	1
5845	0
5846	1
5847	0
5848	1
5849	0
5850	1
5851	0
5852	0
5853	1
5854	0
5855	1
5856	2
5857	2
5858	1
5859	2
5860	0
5861	1
5862	0
5863	2
5864	0
5865	1
5866	4
5867	0
5868	0
5869	0
5870	1
5871	1
5872	1
5873	2
5874	0
5875	1
5876	1
5877	1
5878	0
5879	1
5880	0
5881	1
5882	0
5883	2
5884	1
5885	1
5886	1
5887	1
5888	1
5889	1
5890	0
5891	2
5892	2
5893	0
5894	5
5895	1
5896	0
5897	3
5898	0
5899	0
5900	0
5901	0
5902	0
5903	1
5904	0
5905	1
5906	2
5907	1
5908	1
5909	0
5910	1
5911	0
5912	1
5913	0
5914	0
5915	3
5916	1
5917	2
5918	1
5919	0
5920	0
5921	2
5922	2
5923	1
5924	0
5925	0
5926	0
5927	1
5928	2
5929	0
5930	3
5931	3
5932	1
5933	2
5934	1
5935	2
5936	1
5937	1
5938	1
5939	0
5940	1
5941	1
5942	2
5943	0
5944	1
5945	0
5946	0
5947	1
5948	2
5949	0
5950	0
5951	3
5952	1
5953	2
5954	2
5955	2
5956	0
5957	1
5958	0
5959	1
5960	5
5961	3
5962	2
5963	0
5964	1
5965	0
5966	0
5967	1
5968	0
5969	0
5970	0
5971	1
5972	3
5973	1
5974	0
5975	0
5976	0
5977	0
5978	0
5979	0
5980	0
5981	1
5982	2
5983	0
5984	0
5985	1
5986	1
5987	1
5988	1
5989	0
5990	0
5991	0
5992	1
5993	0
5994	0
5995	0
5996	0
5997	0
5998	0
5999	1
6000	1
6001	2
6002	0
6003	2
6004	1
6005	1
6006	0
6007	1
6008	1
6009	3
6010	1
6011	0
6012	2
6013	2
6014	0
6015	0
6016	0
6017	1
6018	3
6019	3
6020	0
6021	0
6022	0
6023	2
6024	0
6025	0
6026	1
6027	2
6028	2
6029	4
6030	2
6031	1
6032	3
6033	3
6034	3
6035	0
6036	2
6037	1
6038	1
6039	0
6040	0
6041	2
6042	0
6043	3
6044	0
6045	3
6046	1
6047	0
6048	0
6049	5
6050	2
6051	3
6052	1
6053	1
6054	3
6055	1
6056	0
6057	0
6058	1
6059	1
6060	0
6061	1
6062	1
6063	3
6064	0
6065	3
6066	1
6067	3
6068	0
6069	0
6070	1
6071	4
6072	0
6073	1
6074	1
6075	1
6076	2
6077	2
6078	0
6079	1
6080	1
6081	0
6082	2
6083	1
6084	0
6085	1
6086	0
6087	0
6088	1
6089	0
6090	1
6091	2
6092	2
6093	0
6094	0
6095	2
6096	1
6097	3
6098	2
6099	2
6100	2
6101	0
6102	1
6103	2
6104	0
6105	0
6106	4
6107	0
6108	0
6109	2
6110	1
6111	2
6112	1
6113	4
6114	0
6115	0
6116	1
6117	2
6118	1
6119	0
6120	0
6121	0
6122	2
6123	2
6124	1
6125	0
6126	0
6127	2
6128	0
6129	0
6130	4
6131	2
6132	0
6133	1
6134	1
6135	0
6136	0
6137	0
6138	1
6139	2
6140	1
6141	2
6142	2
6143	0
6144	1
6145	2
6146	2
6147	1
6148	3
6149	1
6150	1
6151	0
6152	2
6153	0
6154	2
6155	1
6156	5
6157	0
6158	0
6159	3
6160	2
6161	1
6162	1
6163	1
6164	2
6165	2
6166	2
6167	1
6168	0
6169	1
6170	1
6171	0
6172	2
6173	0
6174	0
6175	1
6176	5
6177	1
6178	0
6179	0
6180	1
6181	1
6182	1
6183	0
6184	1
6185	1
6186	2
6187	1
6188	1
6189	1
6190	2
6191	1
6192	2
6193	0
6194	2
6195	1
6196	2
6197	1
6198	2
6199	0
6200	3
6201	1
6202	2
6203	1
6204	2
6205	0
6206	1
6207	4
6208	1
6209	3
6210	0
6211	0
6212	0
6213	1
6214	1
6215	0
6216	2
6217	1
6218	0
6219	1
6220	1
6221	2
6222	2
6223	0
6224	0
6225	0
6226	1
6227	0
6228	1
6229	0
6230	1
6231	1
6232	3
6233	3
6234	0
6235	1
6236	1
6237	1
6238	0
6239	1
6240	1
6241	0
6242	1
6243	2
6244	1
6245	1
6246	1
6247	1
6248	0
6249	0
6250	1
6251	0
6252	0
6253	2
6254	2
6255	0
6256	0
6257	3
6258	2
6259	1
6260	0
6261	1
6262	1
6263	1
6264	0
6265	1
6266	0
6267	0
6268	0
6269	1
6270	3
6271	0
6272	0
6273	1
6274	1
6275	0
6276	3
6277	0
6278	0
6279	1
6280	1
6281	1
6282	0
6283	2
6284	2
6285	2
6286	1
6287	0
6288	1
6289	1
6290	1
6291	0
6292	0
6293	3
6294	1
6295	1
6296	1
6297	1
6298	2
6299	2
6300	1
6301	0
6302	0
6303	1
6304	0
6305	0
6306	0
6307	0
6308	2
6309	1
6310	2
6311	2
6312	1
6313	2
6314	2
6315	0
6316	0
6317	0
6318	2
6319	0
6320	0
6321	1
6322	1
6323	0
6324	1
6325	0
6326	0
6327	2
6328	0
6329	0
6330	0
6331	1
6332	0
6333	2
6334	0
6335	1
6336	1
6337	0
6338	1
6339	0
6340	0
6341	1
6342	1
6343	0
6344	1
6345	1
6346	1
6347	0
6348	1
6349	1
6350	2
6351	1
6352	1
6353	0
6354	0
6355	1
6356	1
6357	1
6358	0
6359	0
6360	3
6361	1
6362	1
6363	2
6364	4
6365	2
6366	1
6367	0
6368	0
6369	1
6370	0
6371	2
6372	2
6373	0
6374	2
6375	1
6376	2
6377	3
6378	0
6379	0
6380	2
6381	1
6382	2
6383	1
6384	1
6385	3
6386	3
6387	0
6388	1
6389	0
6390	1
6391	1
6392	1
6393	1
6394	0
6395	3
6396	0
6397	1
6398	1
6399	2
6400	2
6401	1
6402	1
6403	1
6404	2
6405	1
6406	1
6407	0
6408	1
6409	0
6410	0
6411	3
6412	1
6413	0
6414	0
6415	0
6416	2
6417	2
6418	3
6419	0
6420	5
6421	0
6422	1
6423	5
6424	1
6425	1
6426	0
6427	2
6428	0
6429	1
6430	0
6431	2
6432	1
6433	1
6434	0
6435	0
6436	1
6437	1
6438	0
6439	3
6440	2
6441	1
6442	0
6443	1
6444	2
6445	1
6446	1
6447	0
6448	0
6449	1
6450	2
6451	1
6452	1
6453	1
6454	1
6455	2
6456	2
6457	2
6458	0
6459	2
6460	1
6461	0
6462	0
6463	0
6464	1
6465	0
6466	0
6467	1
6468	1
6469	2
6470	1
6471	2
6472	0
6473	0
6474	1
6475	3
6476	0
6477	2
6478	0
6479	2
6480	0
6481	1
6482	3
6483	1
6484	0
6485	1
6486	1
6487	1
6488	3
6489	2
6490	0
6491	1
6492	1
6493	1
6494	3
6495	0
6496	3
6497	0
6498	2
6499	1
6500	0
6501	2
6502	0
6503	1
6504	0
6505	0
6506	0
6507	1
6508	0
6509	0
6510	1
6511	0
6512	0
6513	3
6514	0
6515	1
6516	0
6517	0
6518	2
6519	0
6520	0
6521	0
6522	0
6523	0
6524	1
6525	0
6526	1
6527	1
6528	1
6529	2
6530	2
6531	1
6532	0
6533	0
6534	0
6535	1
6536	0
6537	1
6538	4
6539	2
6540	0
6541	0
6542	0
6543	3
6544	1
6545	2
6546	2
6547	1
6548	1
6549	0
6550	0
6551	2
6552	1
6553	1
6554	1
6555	1
6556	1
6557	2
6558	0
6559	0
6560	1
6561	0
6562	0
6563	0
6564	2
6565	1
6566	2
6567	1
6568	2
6569	2
6570	2
6571	1
6572	1
6573	0
6574	0
6575	0
6576	0
6577	0
6578	0
6579	0
6580	1
6581	1
6582	1
6583	1
6584	1
6585	2
6586	0
6587	2
6588	1
6589	0
6590	1
6591	2
6592	3
6593	0
6594	1
6595	0
6596	2
6597	1
6598	1
6599	1
6600	2
6601	0
6602	1
6603	0
6604	3
6605	1
6606	1
6607	0
6608	0
6609	0
6610	2
6611	0
6612	2
6613	1
6614	3
6615	2
6616	4
6617	0
6618	0
6619	1
6620	0
6621	3
6622	2
6623	0
6624	0
6625	0
6626	1
6627	0
6628	1
6629	0
6630	2
6631	2
6632	2
6633	1
6634	1
6635	2
6636	0
6637	2
6638	2
6639	1
6640	0
6641	2
6642	0
6643	1
6644	2
6645	0
6646	4
6647	0
6648	0
6649	0
6650	0
6651	1
6652	0
6653	4
6654	1
6655	3
6656	0
6657	0
6658	2
6659	2
6660	1
6661	1
6662	2
6663	0
6664	2
6665	2
6666	1
6667	1
6668	1
6669	0
6670	2
6671	4
6672	1
6673	0
6674	2
6675	1
6676	0
6677	1
6678	1
6679	3
6680	1
6681	0
6682	1
6683	1
6684	0
6685	2
6686	2
6687	1
6688	2
6689	1
6690	0
6691	1
6692	0
6693	0
6694	1
6695	1
6696	0
6697	1
6698	1
6699	0
6700	0
6701	2
6702	1
6703	1
6704	1
6705	0
6706	2
6707	1
6708	1
6709	0
6710	1
6711	0
6712	0
6713	1
6714	2
6715	0
6716	1
6717	0
6718	1
6719	1
6720	1
6721	1
6722	0
6723	0
6724	0
6725	0
6726	0
6727	1
6728	2
6729	1
6730	1
6731	2
6732	0
6733	1
6734	2
6735	0
6736	0
6737	1
6738	1
6739	0
6740	1
6741	0
6742	1
6743	2
6744	1
6745	0
6746	0
6747	0
6748	3
6749	0
6750	1
6751	1
6752	1
6753	1
6754	0
6755	0
6756	1
6757	4
6758	1
6759	2
6760	0
6761	0
6762	2
6763	0
6764	3
6765	1
6766	2
6767	0
6768	1
6769	2
6770	2
6771	2
6772	3
6773	1
6774	3
6775	1
6776	1
6777	2
6778	1
6779	1
6780	1
6781	0
6782	0
6783	1
6784	0
6785	1
6786	1
6787	1
6788	2
6789	2
6790	3
6791	2
6792	0
6793	1
6794	1
6795	1
6796	2
6797	2
6798	0
6799	2
6800	2
6801	3
6802	1
6803	0
6804	2
6805	0
6806	1
6807	0
6808	3
6809	1
6810	1
6811	1
6812	2
6813	1
6814	0
6815	1
6816	0
6817	1
6818	1
6819	0
6820	0
6821	2
6822	0
6823	2
6824	0
6825	1
6826	1
6827	0
6828	0
6829	1
6830	0
6831	1
6832	1
6833	0
6834	2
6835	2
6836	2
6837	0
6838	1
6839	0
6840	0
6841	0
6842	1
6843	0
6844	1
6845	0
6846	0
6847	2
6848	4
6849	1
6850	0
6851	1
6852	0
6853	0
6854	1
6855	1
6856	3
6857	2
6858	0
6859	0
6860	0
6861	1
6862	1
6863	0
6864	0
6865	0
6866	0
6867	4
6868	0
6869	1
6870	1
6871	0
6872	0
6873	0
6874	2
6875	4
6876	0
6877	3
6878	0
6879	2
6880	2
6881	2
6882	1
6883	0
6884	0
6885	1
6886	2
6887	1
6888	3
6889	1
6890	1
6891	2
6892	0
6893	1
6894	1
6895	0
6896	0
6897	1
6898	1
6899	2
6900	1
6901	2
6902	2
6903	1
6904	0
6905	1
6906	2
6907	0
6908	1
6909	1
6910	2
6911	0
6912	1
6913	2
6914	1
6915	0
6916	1
6917	0
6918	0
6919	1
6920	2
6921	0
6922	0
6923	0
6924	0
6925	1
6926	0
6927	0
6928	0
6929	1
6930	2
6931	1
6932	0
6933	1
6934	0
6935	0
6936	1
6937	2
6938	1
6939	0
6940	0
6941	2
6942	1
6943	1
6944	1
6945	0
6946	0
6947	0
6948	1
6949	0
6950	1
6951	1
6952	1
6953	0
6954	0
6955	1
6956	3
6957	0
6958	1
6959	1
6960	1
6961	1
6962	1
6963	1
6964	2
6965	0
6966	1
6967	2
6968	0
6969	1
6970	2
6971	1
6972	1
6973	0
6974	4
6975	0
6976	0
6977	1
6978	0
6979	3
6980	1
6981	0
6982	1
6983	1
6984	1
6985	0
6986	3
6987	0
6988	1
6989	0
6990	0
6991	1
6992	3
6993	0
6994	1
6995	1
6996	0
6997	1
6998	0
6999	1
7000	0
7001	1
7002	0
7003	0
7004	1
7005	1
7006	0
7007	1
7008	0
7009	1
7010	0
7011	0
7012	0
7013	2
7014	0
7015	1
7016	1
7017	0
7018	1
7019	0
7020	0
7021	1
7022	1
7023	1
7024	2
7025	1
7026	2
7027	1
7028	1
7029	0
7030	0
7031	2
7032	0
7033	0
7034	2
7035	1
7036	1
7037	0
7038	0
7039	0
7040	0
7041	1
7042	2
7043	3
7044	2
7045	1
7046	4
7047	0
7048	1
7049	1
7050	1
7051	1
7052	1
7053	2
7054	0
7055	2
7056	0
7057	2
7058	0
7059	1
7060	0
7061	1
7062	0
7063	0
7064	0
7065	1
7066	1
7067	1
7068	2
7069	1
7070	1
7071	0
7072	1
7073	0
7074	1
7075	1
7076	1
7077	2
7078	1
7079	1
7080	0
7081	1
7082	2
7083	0
7084	0
7085	1
7086	1
7087	1
7088	0
7089	2
7090	1
7091	1
7092	1
7093	0
7094	1
7095	2
7096	0
7097	0
7098	0
7099	2
7100	2
7101	2
7102	0
7103	0
7104	1
7105	0
7106	0
7107	3
7108	0
7109	0
7110	0
7111	0
7112	2
7113	0
7114	0
7115	0
7116	1
7117	0
7118	1
7119	0
7120	1
7121	0
7122	1
7123	1
7124	3
7125	0
7126	0
7127	1
7128	0
7129	1
7130	1
7131	0
7132	0
7133	3
7134	3
7135	1
7136	0
7137	0
7138	0
7139	4
7140	2
7141	2
7142	1
7143	1
7144	2
7145	1
7146	1
7147	0
7148	1
7149	0
7150	0
7151	0
7152	0
7153	1
7154	0
7155	0
7156	1
7157	0
7158	3
7159	1
7160	0
7161	0
7162	0
7163	0
7164	0
7165	0
7166	0
7167	0
7168	0
7169	1
7170	1
7171	0
7172	0
7173	2
7174	0
7175	2
7176	1
7177	0
7178	1
7179	1
7180	0
7181	3
7182	1
7183	1
7184	0
7185	1
7186	0
7187	2
7188	3
7189	0
7190	0
7191	1
7192	1
7193	1
7194	1
7195	1
7196	0
7197	1
7198	1
7199	2
7200	0
7201	0
7202	1
7203	1
7204	0
7205	1
7206	0
7207	1
7208	0
7209	1
7210	0
7211	0
7212	0
7213	1
7214	1
7215	1
7216	0
7217	0
7218	1
7219	1
7220	1
7221	1
7222	0
7223	1
7224	0
7225	2
7226	1
7227	0
7228	1
7229	1
7230	0
7231	0
7232	1
7233	0
7234	2
7235	0
7236	0
7237	4
7238	0
7239	0
7240	2
7241	1
7242	1
7243	0
7244	1
7245	0
7246	0
7247	2
7248	0
7249	0
7250	1
7251	2
7252	2
7253	0
7254	1
7255	0
7256	1
7257	1
7258	1
7259	0
7260	2
7261	0
7262	0
7263	0
7264	1
7265	2
7266	0
7267	1
7268	1
7269	2
7270	0
7271	0
7272	0
7273	0
7274	0
7275	3
7276	0
7277	1
7278	1
7279	1
7280	0
7281	0
7282	0
7283	1
7284	1
7285	1
7286	0
7287	0
7288	0
7289	2
7290	2
7291	0
7292	0
7293	1
7294	0
7295	2
7296	1
7297	2
7298	0
7299	0
7300	1
7301	0
7302	1
7303	1
7304	1
7305	1
7306	1
7307	1
7308	1
7309	0
7310	0
7311	0
7312	0
7313	1
7314	0
7315	1
7316	1
7317	0
7318	1
7319	1
7320	1
7321	3
7322	0
7323	0
7324	1
7325	1
7326	0
7327	0
7328	2
7329	2
7330	0
7331	1
7332	1
7333	0
7334	0
7335	0
7336	2
7337	1
7338	1
7339	1
7340	1
7341	0
7342	0
7343	0
7344	1
7345	1
7346	1
7347	0
7348	0
7349	0
7350	3
7351	0
7352	1
7353	3
7354	2
7355	0
7356	1
7357	0
7358	1
7359	1
7360	0
7361	0
7362	0
7363	1
7364	1
7365	2
7366	0
7367	0
7368	0
7369	0
7370	0
7371	2
7372	0
7373	0
7374	0
7375	0
7376	1
7377	0
7378	0
7379	0
7380	0
7381	3
7382	0
7383	2
7384	0
7385	0
7386	0
7387	1
7388	0
7389	2
7390	0
7391	0
7392	0
7393	0
7394	0
7395	0
7396	1
7397	3
7398	1
7399	0
7400	0
7401	0
7402	1
7403	0
7404	0
7405	0
7406	1
7407	0
7408	2
7409	0
7410	2
7411	1
7412	1
7413	1
7414	1
7415	1
7416	1
7417	1
7418	1
7419	0
7420	0
7421	1
7422	1
7423	0
7424	0
7425	0
7426	2
7427	0
7428	1
7429	0
7430	2
7431	1
7432	1
7433	2
7434	2
7435	0
7436	0
7437	1
7438	1
7439	2
7440	0
7441	2
7442	1
7443	0
7444	1
7445	1
7446	3
7447	1
7448	0
7449	3
7450	1
7451	3
7452	0
7453	0
7454	0
7455	2
7456	1
7457	0
7458	0
7459	1
7460	0
7461	1
7462	0
7463	2
7464	1
7465	1
7466	0
7467	1
7468	2
7469	0
7470	0
7471	0
7472	0
7473	1
7474	0
7475	0
7476	1
7477	0
7478	1
7479	1
7480	0
7481	0
7482	1
7483	1
7484	0
7485	2
7486	0
7487	3
7488	1
7489	0
7490	2
7491	0
7492	0
7493	1
7494	1
7495	1
7496	1
7497	2
7498	0
7499	3
7500	0
7501	1
7502	0
7503	0
7504	0
7505	1
7506	0
7507	1
7508	0
7509	2
7510	1
7511	1
7512	3
7513	0
7514	1
7515	0
7516	0
7517	2
7518	2
7519	0
7520	1
7521	1
7522	0
7523	1
7524	1
7525	0
7526	1
7527	0
7528	1
7529	0
7530	0
7531	1
7532	1
7533	0
7534	0
7535	1
7536	1
7537	0
7538	1
7539	0
7540	1
7541	2
7542	0
7543	0
7544	0
7545	1
7546	1
7547	0
7548	0
7549	2
7550	0
7551	0
7552	1
7553	1
7554	1
7555	1
7556	2
7557	0
7558	0
7559	0
7560	2
7561	0
7562	0
7563	1
7564	0
7565	0
7566	3
7567	2
7568	0
7569	0
7570	2
7571	0
7572	1
7573	2
7574	2
7575	1
7576	1
7577	0
7578	0
7579	0
7580	0
7581	0
7582	0
7583	1
7584	0
7585	0
7586	1
7587	1
7588	1
7589	0
7590	2
7591	2
7592	0
7593	2
7594	0
7595	1
7596	0
7597	1
7598	2
7599	2
7600	0
7601	1
7602	0
7603	0
7604	1
7605	0
7606	0
7607	1
7608	0
7609	0
7610	1
7611	1
7612	0
7613	0
7614	2
7615	0
7616	2
7617	2
7618	1
7619	0
7620	2
7621	0
7622	1
7623	2
7624	1
7625	3
7626	2
7627	0
7628	1
7629	1
7630	0
7631	0
7632	0
7633	2
7634	1
7635	1
7636	0
7637	0
7638	0
7639	0
7640	0
7641	0
7642	0
7643	0
7644	1
7645	3
7646	0
7647	0
7648	1
7649	1
7650	2
7651	0
7652	2
7653	0
7654	1
7655	1
7656	0
7657	0
7658	0
7659	2
7660	0
7661	1
7662	0
7663	0
7664	1
7665	1
7666	0
7667	0
7668	1
7669	0
7670	1
7671	0
7672	1
7673	0
7674	0
7675	0
7676	0
7677	0
7678	1
7679	0
7680	0
7681	1
7682	0
7683	0
7684	0
7685	1
7686	0
7687	0
7688	1
7689	2
7690	2
7691	0
7692	0
7693	2
7694	1
7695	0
7696	0
7697	0
7698	2
7699	2
7700	0
7701	1
7702	1
7703	1
7704	1
7705	1
7706	1
7707	1
7708	1
7709	0
7710	0
7711	2
7712	0
7713	1
7714	1
7715	0
7716	1
7717	1
7718	3
7719	1
7720	1
7721	0
7722	1
7723	1
7724	2
7725	0
7726	1
7727	1
7728	0
7729	0
7730	0
7731	3
7732	0
7733	2
7734	0
7735	1
7736	0
7737	0
7738	0
7739	0
7740	0
7741	1
7742	0
7743	2
7744	0
7745	0
7746	1
7747	0
7748	0
7749	2
7750	0
7751	2
7752	0
7753	1
7754	1
7755	0
7756	1
7757	2
7758	0
7759	0
7760	0
7761	0
7762	1
7763	0
7764	0
7765	1
7766	1
7767	0
7768	0
7769	0
7770	0
7771	0
7772	0
7773	0
7774	1
7775	0
7776	3
7777	0
7778	0
7779	0
7780	0
7781	2
7782	0
7783	1
7784	1
7785	0
7786	0
7787	0
7788	0
7789	1
7790	1
7791	2
7792	0
7793	0
7794	1
7795	0
7796	1
7797	2
7798	2
7799	2
7800	0
7801	0
7802	1
7803	2
7804	1
7805	0
7806	0
7807	1
7808	2
7809	1
7810	2
7811	0
7812	0
7813	0
7814	0
7815	0
7816	2
7817	0
7818	3
7819	0
7820	0
7821	0
7822	0
7823	1
7824	0
7825	1
7826	0
7827	0
7828	0
7829	1
7830	0
7831	1
7832	1
7833	2
7834	0
7835	0
7836	2
7837	1
7838	1
7839	0
7840	1
7841	0
7842	0
7843	0
7844	1
7845	1
7846	2
7847	2
7848	3
7849	1
7850	0
7851	1
7852	0
7853	1
7854	1
7855	1
7856	1
7857	1
7858	0
7859	1
7860	0
7861	0
7862	2
7863	1
7864	2
7865	0
7866	0
7867	0
7868	0
7869	2
7870	0
7871	0
7872	0
7873	1
7874	0
7875	1
7876	0
7877	2
7878	0
7879	0
7880	0
7881	2
7882	1
7883	0
7884	0
7885	0
7886	4
7887	1
7888	1
7889	1
7890	0
7891	1
7892	1
7893	1
7894	2
7895	0
7896	1
7897	2
7898	0
7899	2
7900	1
7901	0
7902	1
7903	1
7904	2
7905	1
7906	0
7907	0
7908	0
7909	1
7910	2
7911	1
7912	1
7913	1
7914	2
7915	0
7916	1
7917	0
7918	0
7919	0
7920	0
7921	0
7922	0
7923	0
7924	1
7925	0
7926	1
7927	1
7928	0
7929	0
7930	2
7931	1
7932	0
7933	1
7934	2
7935	1
7936	0
7937	0
7938	0
7939	2
7940	2
7941	1
7942	0
7943	0
7944	0
7945	1
7946	1
7947	0
7948	0
7949	1
7950	0
7951	1
7952	0
7953	0
7954	2
7955	0
7956	1
7957	0
7958	1
7959	0
7960	2
7961	2
7962	0
7963	2
7964	1
7965	1
7966	0
7967	0
7968	2
7969	1
7970	1
7971	0
7972	0
7973	0
7974	2
7975	0
7976	2
7977	0
7978	1
7979	1
7980	1
7981	1
7982	0
7983	1
7984	0
7985	0
7986	0
7987	0
7988	1
7989	1
7990	1
7991	1
7992	1
7993	0
7994	0
7995	1
7996	1
7997	0
7998	1
7999	0
8000	5
8001	1
8002	0
8003	1
8004	0
8005	0
8006	0
8007	0
8008	1
8009	0
8010	0
8011	3
8012	0
8013	2
8014	0
8015	0
8016	3
8017	0
8018	1
8019	1
8020	0
8021	1
8022	1
8023	0
8024	0
8025	0
8026	1
8027	2
8028	2
8029	0
8030	2
8031	0
8032	0
8033	1
8034	0
8035	2
8036	2
8037	1
8038	1
8039	3
8040	2
8041	0
8042	2
8043	2
8044	2
8045	2
8046	1
8047	0
8048	0
8049	0
8050	0
8051	1
8052	1
8053	1
8054	0
8055	1
8056	0
8057	1
8058	1
8059	1
8060	1
8061	1
8062	2
8063	2
8064	2
8065	0
8066	3
8067	3
8068	1
8069	1
8070	0
8071	0
8072	0
8073	1
8074	1
8075	1
8076	1
8077	0
8078	0
8079	0
8080	0
8081	1
8082	0
8083	0
8084	0
8085	0
8086	0
8087	0
8088	0
8089	0
8090	0
8091	0
8092	0
8093	0
8094	0
8095	0
8096	0
8097	0
8098	0
8099	0
8100	0
8101	0
8102	0
8103	0
8104	0
8105	0
8106	0
8107	0
8108	0
8109	0
8110	0
8111	0
8112	0
8113	0
8114	0
8115	0
8116	0
8117	0
8118	0
8119	0
8120	0
8121	0
8122	0
8123	0
8124	0
8125	0
8126	0
8127	0
8128	0
8129	0
8130	0
8131	0
8132	0
8133	0
8134	0
8135	0
8136	0
8137	0
8138	0
8139	0
8140	0
8141	0
8142	0
8143	0
8144	0
8145	0
8146	0
8147	0
8148	0
8149	0
8150	0
8151	0
8152	0
8153	0
8154	0
8155	0
8156	0
8157	0
8158	0
8159	0
8160	0
8161	0
8162	0
8163	0
8164	0
8165	0
8166	0
8167	0
8168	0
8169	0
8170	0
8171	0
8172	0
8173	0
8174	0
8175	0
8176	0
8177	0
8178	0
8179	0
8180	0
8181	0
8182	0
8183	0
8184	0
8185	0
8186	0
8187	0
8188	0
8189	0
8190	0
8191	0
