0	0
1	0
2	0
3	0
4	0
5	0
6	0
7	0
8	0
9	0
10	0
11	0
12	0
13	0
14	0
15	0
16	0
17	0
18	0
19	0
20	0
21	0
22	0
23	0
24	0
25	0
26	0
27	0
28	0
29	0
30	0
31	0
32	0
33	0
34	0
35	0
36	0
37	0
38	0
39	0
40	0
41	0
42	0
43	0
44	0
45	0
46	0
47	0
48	0
49	0
50	0
51	0
52	0
53	0
54	0
55	0
56	0
57	0
58	0
59	0
60	0
61	0
62	0
63	0
64	0
65	0
66	0
67	0
68	0
69	0
70	0
71	0
72	0
73	0
74	0
75	0
76	0
77	0
78	0
79	0
80	0
81	0
82	0
83	0
84	1
85	13
86	31
87	33
88	35
89	41
90	31
91	48
92	30
93	30
94	33
95	38
96	30
97	31
98	35
99	36
100	28
101	41
102	41
103	43
104	26
105	30
106	33
107	32
108	28
109	29
110	30
111	35
112	30
113	39
114	48
115	31
116	43
117	35
118	45
119	30
120	28
121	31
122	41
123	38
124	29
125	41
126	30
127	31
128	29
129	38
130	33
131	31
132	26
133	32
134	30
135	35
136	18
137	46
138	34
139	32
140	36
141	42
142	48
143	34
144	48
145	37
146	40
147	31
148	43
149	38
150	42
151	32
152	37
153	28
154	22
155	47
156	39
157	44
158	38
159	22
160	29
161	31
162	36
163	37
164	34
165	34
166	40
167	40
168	37
169	42
170	37
171	37
172	28
173	41
174	40
175	38
176	28
177	44
178	31
179	41
180	36
181	28
182	38
183	42
184	36
185	36
186	41
187	44
188	44
189	28
190	30
191	42
192	39
193	35
194	45
195	43
196	30
197	44
198	30
199	38
200	39
201	39
202	40
203	31
204	37
205	43
206	33
207	28
208	43
209	34
210	45
211	27
212	37
213	33
214	44
215	30
216	44
217	40
218	31
219	35
220	35
221	32
222	36
223	38
224	37
225	47
226	34
227	36
228	38
229	43
230	50
231	46
232	41
233	34
234	39
235	34
236	37
237	36
238	45
239	37
240	32
241	48
242	43
243	35
244	27
245	46
246	34
247	35
248	26
249	35
250	47
251	40
252	29
253	37
254	43
255	45
256	39
257	38
258	36
259	39
260	35
261	34
262	44
263	38
264	30
265	42
266	40
267	43
268	36
269	42
270	39
271	25
272	32
273	37
274	39
275	41
276	39
277	37
278	42
279	40
280	44
281	43
282	33
283	38
284	40
285	40
286	37
287	35
288	29
289	43
290	43
291	39
292	37
293	46
294	44
295	31
296	36
297	39
298	38
299	41
300	31
301	47
302	39
303	40
304	41
305	39
306	31
307	36
308	36
309	30
310	32
311	41
312	49
313	26
314	52
315	32
316	27
317	38
318	34
319	41
320	45
321	42
322	37
323	46
324	49
325	43
326	47
327	39
328	41
329	43
330	41
331	46
332	34
333	38
334	42
335	56
336	47
337	36
338	39
339	41
340	39
341	36
342	39
343	39
344	49
345	38
346	37
347	41
348	29
349	28
350	36
351	44
352	34
353	42
354	45
355	42
356	32
357	44
358	44
359	44
360	41
361	48
362	43
363	46
364	44
365	41
366	52
367	49
368	44
369	40
370	42
371	36
372	42
373	42
374	39
375	31
376	45
377	41
378	41
379	50
380	41
381	44
382	49
383	40
384	42
385	47
386	40
387	37
388	34
389	48
390	40
391	44
392	44
393	41
394	41
395	39
396	41
397	42
398	45
399	42
400	44
401	33
402	31
403	46
404	28
405	57
406	45
407	43
408	52
409	47
410	39
411	26
412	43
413	54
414	32
415	37
416	34
417	45
418	45
419	42
420	36
421	50
422	43
423	51
424	48
425	30
426	44
427	39
428	40
429	34
430	33
431	39
432	45
433	37
434	49
435	31
436	55
437	41
438	39
439	46
440	35
441	49
442	33
443	41
444	28
445	31
446	38
447	38
448	52
449	46
450	49
451	49
452	40
453	45
454	38
455	36
456	34
457	48
458	36
459	43
460	25
461	37
462	44
463	51
464	43
465	47
466	39
467	44
468	49
469	49
470	36
471	33
472	45
473	38
474	36
475	43
476	54
477	36
478	39
479	48
480	37
481	45
482	47
483	49
484	43
485	33
486	41
487	42
488	45
489	46
490	37
491	41
492	39
493	40
494	41
495	51
496	44
497	46
498	52
499	42
500	50
501	33
502	41
503	30
504	46
505	45
506	43
507	49
508	40
509	37
510	38
511	40
512	54
513	40
514	40
515	41
516	39
517	37
518	47
519	41
520	49
521	39
522	39
523	42
524	34
525	50
526	46
527	37
528	47
529	46
530	40
531	49
532	49
533	38
534	38
535	38
536	49
537	32
538	38
539	43
540	60
541	54
542	46
543	53
544	41
545	48
546	41
547	52
548	48
549	42
550	44
551	50
552	60
553	46
554	38
555	46
556	48
557	49
558	53
559	58
560	41
561	57
562	45
563	57
564	49
565	61
566	51
567	72
568	59
569	47
570	52
571	54
572	42
573	48
574	50
575	48
576	62
577	41
578	49
579	57
580	56
581	59
582	56
583	52
584	55
585	48
586	45
587	70
588	52
589	58
590	62
591	42
592	65
593	56
594	42
595	55
596	43
597	54
598	49
599	56
600	61
601	36
602	56
603	51
604	62
605	46
606	59
607	46
608	45
609	64
610	62
611	54
612	61
613	57
614	39
615	45
616	58
617	61
618	53
619	54
620	46
621	54
622	59
623	40
624	51
625	47
626	54
627	58
628	45
629	50
630	63
631	47
632	57
633	48
634	64
635	58
636	42
637	50
638	60
639	52
640	50
641	57
642	58
643	61
644	48
645	43
646	51
647	52
648	55
649	52
650	68
651	42
652	51
653	48
654	57
655	44
656	61
657	44
658	38
659	43
660	43
661	51
662	52
663	43
664	44
665	50
666	45
667	54
668	56
669	47
670	43
671	44
672	62
673	38
674	55
675	54
676	56
677	47
678	49
679	42
680	51
681	53
682	55
683	59
684	48
685	62
686	48
687	58
688	53
689	50
690	43
691	47
692	52
693	49
694	47
695	60
696	51
697	61
698	38
699	57
700	41
701	48
702	43
703	50
704	52
705	42
706	47
707	56
708	58
709	46
710	59
711	62
712	58
713	57
714	65
715	49
716	65
717	51
718	45
719	61
720	48
721	44
722	60
723	51
724	50
725	53
726	46
727	56
728	57
729	68
730	51
731	62
732	52
733	47
734	50
735	49
736	52
737	57
738	53
739	51
740	51
741	52
742	47
743	53
744	42
745	52
746	61
747	52
748	34
749	46
750	55
751	52
752	38
753	59
754	56
755	51
756	59
757	51
758	47
759	50
760	46
761	55
762	53
763	52
764	44
765	52
766	47
767	40
768	48
769	46
770	59
771	58
772	46
773	42
774	49
775	39
776	51
777	50
778	51
779	37
780	46
781	47
782	64
783	53
784	44
785	60
786	48
787	51
788	56
789	45
790	51
791	40
792	32
793	56
794	52
795	60
796	59
797	48
798	50
799	51
800	37
801	34
802	57
803	52
804	53
805	63
806	42
807	42
808	63
809	55
810	55
811	47
812	58
813	47
814	55
815	56
816	51
817	48
818	52
819	43
820	42
821	34
822	56
823	51
824	56
825	59
826	46
827	55
828	52
829	52
830	50
831	45
832	53
833	45
834	49
835	35
836	65
837	51
838	49
839	35
840	60
841	56
842	42
843	46
844	64
845	49
846	47
847	61
848	43
849	65
850	54
851	46
852	41
853	51
854	46
855	56
856	63
857	52
858	43
859	50
860	52
861	56
862	49
863	44
864	53
865	54
866	45
867	43
868	47
869	59
870	44
871	56
872	34
873	46
874	43
875	49
876	69
877	65
878	45
879	56
880	68
881	52
882	51
883	59
884	47
885	63
886	73
887	66
888	57
889	50
890	47
891	44
892	63
893	57
894	59
895	45
896	57
897	62
898	50
899	52
900	65
901	40
902	54
903	61
904	52
905	49
906	50
907	60
908	56
909	60
910	49
911	65
912	56
913	51
914	55
915	53
916	45
917	54
918	62
919	55
920	42
921	54
922	60
923	47
924	49
925	65
926	43
927	58
928	59
929	61
930	61
931	45
932	46
933	45
934	40
935	53
936	58
937	52
938	43
939	49
940	71
941	47
942	47
943	56
944	57
945	44
946	53
947	43
948	50
949	60
950	46
951	48
952	70
953	47
954	40
955	51
956	58
957	50
958	62
959	47
960	55
961	53
962	52
963	54
964	48
965	49
966	49
967	42
968	61
969	56
970	64
971	64
972	57
973	49
974	41
975	52
976	54
977	54
978	49
979	63
980	48
981	61
982	53
983	53
984	67
985	65
986	72
987	56
988	56
989	50
990	54
991	52
992	58
993	51
994	44
995	61
996	58
997	47
998	51
999	44
1000	60
1001	56
1002	50
1003	51
1004	49
1005	52
1006	38
1007	65
1008	57
1009	54
1010	45
1011	49
1012	54
1013	50
1014	59
1015	50
1016	60
1017	46
1018	56
1019	52
1020	61
1021	54
1022	47
1023	52
1024	52
1025	47
1026	43
1027	61
1028	65
1029	54
1030	60
1031	59
1032	52
1033	55
1034	43
1035	59
1036	54
1037	55
1038	53
1039	55
1040	68
1041	65
1042	45
1043	52
1044	63
1045	53
1046	56
1047	63
1048	57
1049	49
1050	58
1051	56
1052	51
1053	64
1054	48
1055	54
1056	48
1057	59
1058	59
1059	59
1060	58
1061	61
1062	52
1063	52
1064	47
1065	43
1066	54
1067	54
1068	54
1069	75
1070	56
1071	57
1072	40
1073	59
1074	54
1075	48
1076	63
1077	59
1078	77
1079	51
1080	66
1081	47
1082	51
1083	62
1084	70
1085	40
1086	58
1087	47
1088	62
1089	54
1090	52
1091	67
1092	50
1093	63
1094	60
1095	60
1096	58
1097	61
1098	55
1099	63
1100	54
1101	56
1102	61
1103	53
1104	47
1105	57
1106	47
1107	77
1108	52
1109	50
1110	53
1111	53
1112	62
1113	46
1114	57
1115	62
1116	48
1117	73
1118	60
1119	46
1120	42
1121	53
1122	57
1123	55
1124	60
1125	76
1126	66
1127	52
1128	56
1129	59
1130	59
1131	60
1132	43
1133	43
1134	68
1135	59
1136	61
1137	60
1138	52
1139	49
1140	70
1141	59
1142	66
1143	62
1144	53
1145	49
1146	46
1147	59
1148	51
1149	67
1150	55
1151	62
1152	48
1153	60
1154	64
1155	55
1156	46
1157	51
1158	54
1159	52
1160	55
1161	65
1162	49
1163	49
1164	56
1165	72
1166	64
1167	52
1168	58
1169	67
1170	62
1171	57
1172	37
1173	50
1174	51
1175	64
1176	55
1177	65
1178	61
1179	63
1180	52
1181	64
1182	52
1183	57
1184	52
1185	71
1186	56
1187	55
1188	54
1189	49
1190	56
1191	39
1192	62
1193	55
1194	56
1195	50
1196	59
1197	55
1198	56
1199	51
1200	58
1201	64
1202	55
1203	66
1204	66
1205	49
1206	66
1207	45
1208	51
1209	61
1210	61
1211	59
1212	48
1213	59
1214	51
1215	55
1216	65
1217	50
1218	61
1219	61
1220	64
1221	55
1222	74
1223	54
1224	46
1225	81
1226	56
1227	56
1228	52
1229	64
1230	45
1231	63
1232	55
1233	60
1234	58
1235	62
1236	61
1237	67
1238	57
1239	52
1240	61
1241	58
1242	70
1243	68
1244	52
1245	53
1246	72
1247	53
1248	61
1249	52
1250	58
1251	63
1252	61
1253	58
1254	59
1255	61
1256	40
1257	51
1258	59
1259	51
1260	58
1261	61
1262	60
1263	53
1264	74
1265	68
1266	65
1267	66
1268	45
1269	68
1270	50
1271	56
1272	64
1273	64
1274	47
1275	62
1276	56
1277	58
1278	59
1279	38
1280	54
1281	55
1282	64
1283	53
1284	59
1285	62
1286	61
1287	62
1288	70
1289	53
1290	66
1291	72
1292	56
1293	60
1294	61
1295	66
1296	53
1297	50
1298	58
1299	41
1300	46
1301	64
1302	57
1303	70
1304	49
1305	57
1306	64
1307	50
1308	64
1309	47
1310	61
1311	64
1312	55
1313	67
1314	59
1315	61
1316	55
1317	68
1318	60
1319	44
1320	47
1321	67
1322	73
1323	51
1324	62
1325	56
1326	61
1327	66
1328	49
1329	72
1330	51
1331	53
1332	67
1333	72
1334	51
1335	47
1336	56
1337	68
1338	68
1339	55
1340	52
1341	50
1342	67
1343	65
1344	85
1345	48
1346	56
1347	61
1348	64
1349	49
1350	60
1351	49
1352	59
1353	64
1354	54
1355	49
1356	63
1357	70
1358	53
1359	44
1360	68
1361	69
1362	43
1363	75
1364	58
1365	62
1366	67
1367	50
1368	62
1369	59
1370	47
1371	75
1372	50
1373	54
1374	58
1375	65
1376	62
1377	56
1378	70
1379	73
1380	73
1381	55
1382	55
1383	47
1384	75
1385	70
1386	51
1387	60
1388	59
1389	63
1390	72
1391	53
1392	55
1393	69
1394	53
1395	67
1396	57
1397	65
1398	61
1399	63
1400	59
1401	58
1402	57
1403	70
1404	66
1405	59
1406	64
1407	49
1408	54
1409	67
1410	62
1411	58
1412	70
1413	58
1414	63
1415	69
1416	53
1417	64
1418	63
1419	55
1420	60
1421	61
1422	55
1423	55
1424	62
1425	63
1426	52
1427	70
1428	57
1429	49
1430	54
1431	76
1432	56
1433	70
1434	56
1435	61
1436	80
1437	53
1438	64
1439	62
1440	53
1441	68
1442	63
1443	53
1444	44
1445	45
1446	65
1447	54
1448	58
1449	67
1450	67
1451	69
1452	72
1453	68
1454	50
1455	59
1456	57
1457	50
1458	55
1459	47
1460	64
1461	46
1462	49
1463	68
1464	68
1465	76
1466	61
1467	60
1468	61
1469	51
1470	55
1471	61
1472	55
1473	56
1474	59
1475	51
1476	52
1477	54
1478	60
1479	52
1480	46
1481	66
1482	52
1483	65
1484	52
1485	72
1486	41
1487	63
1488	48
1489	61
1490	66
1491	50
1492	56
1493	50
1494	55
1495	47
1496	47
1497	67
1498	59
1499	59
1500	63
1501	44
1502	56
1503	54
1504	57
1505	61
1506	50
1507	56
1508	50
1509	59
1510	54
1511	59
1512	56
1513	60
1514	59
1515	51
1516	67
1517	60
1518	61
1519	64
1520	53
1521	55
1522	55
1523	50
1524	75
1525	62
1526	61
1527	46
1528	58
1529	55
1530	52
1531	49
1532	50
1533	63
1534	51
1535	43
1536	50
1537	56
1538	54
1539	55
1540	49
1541	76
1542	63
1543	61
1544	53
1545	47
1546	55
1547	48
1548	54
1549	58
1550	64
1551	53
1552	54
1553	64
1554	59
1555	50
1556	54
1557	57
1558	58
1559	49
1560	57
1561	40
1562	46
1563	51
1564	67
1565	61
1566	55
1567	42
1568	54
1569	41
1570	63
1571	61
1572	69
1573	56
1574	42
1575	57
1576	43
1577	54
1578	52
1579	58
1580	63
1581	45
1582	48
1583	47
1584	59
1585	50
1586	55
1587	52
1588	63
1589	60
1590	59
1591	60
1592	47
1593	56
1594	60
1595	44
1596	61
1597	67
1598	64
1599	50
1600	63
1601	52
1602	52
1603	49
1604	38
1605	57
1606	40
1607	56
1608	58
1609	62
1610	41
1611	39
1612	34
1613	62
1614	52
1615	40
1616	68
1617	54
1618	45
1619	56
1620	41
1621	61
1622	58
1623	56
1624	56
1625	54
1626	52
1627	61
1628	43
1629	43
1630	56
1631	63
1632	53
1633	58
1634	51
1635	49
1636	56
1637	52
1638	53
1639	41
1640	55
1641	59
1642	48
1643	65
1644	61
1645	56
1646	60
1647	46
1648	72
1649	50
1650	54
1651	46
1652	50
1653	58
1654	44
1655	46
1656	63
1657	71
1658	59
1659	45
1660	48
1661	58
1662	54
1663	63
1664	60
1665	57
1666	47
1667	54
1668	39
1669	58
1670	42
1671	65
1672	51
1673	48
1674	40
1675	52
1676	58
1677	69
1678	56
1679	52
1680	49
1681	51
1682	49
1683	44
1684	69
1685	48
1686	48
1687	45
1688	35
1689	32
1690	52
1691	50
1692	46
1693	52
1694	58
1695	59
1696	43
1697	65
1698	52
1699	56
1700	52
1701	39
1702	57
1703	44
1704	39
1705	56
1706	57
1707	51
1708	46
1709	35
1710	51
1711	54
1712	48
1713	53
1714	58
1715	46
1716	51
1717	62
1718	52
1719	51
1720	57
1721	54
1722	46
1723	48
1724	59
1725	53
1726	56
1727	54
1728	41
1729	49
1730	52
1731	55
1732	48
1733	58
1734	40
1735	61
1736	48
1737	62
1738	55
1739	41
1740	35
1741	51
1742	52
1743	60
1744	43
1745	54
1746	44
1747	43
1748	49
1749	42
1750	47
1751	45
1752	51
1753	51
1754	46
1755	51
1756	58
1757	51
1758	55
1759	61
1760	48
1761	62
1762	55
1763	63
1764	57
1765	58
1766	45
1767	54
1768	62
1769	40
1770	48
1771	45
1772	53
1773	55
1774	59
1775	63
1776	45
1777	57
1778	45
1779	58
1780	55
1781	47
1782	50
1783	47
1784	41
1785	54
1786	44
1787	51
1788	50
1789	57
1790	44
1791	60
1792	70
1793	53
1794	43
1795	45
1796	36
1797	66
1798	49
1799	61
1800	44
1801	53
1802	44
1803	71
1804	39
1805	50
1806	55
1807	57
1808	44
1809	51
1810	50
1811	55
1812	43
1813	41
1814	39
1815	55
1816	46
1817	38
1818	47
1819	63
1820	48
1821	50
1822	40
1823	48
1824	51
1825	46
1826	56
1827	49
1828	56
1829	52
1830	62
1831	45
1832	54
1833	51
1834	53
1835	64
1836	46
1837	57
1838	45
1839	43
1840	57
1841	51
1842	46
1843	40
1844	46
1845	47
1846	52
1847	38
1848	40
1849	52
1850	50
1851	61
1852	38
1853	55
1854	51
1855	64
1856	48
1857	53
1858	34
1859	52
1860	54
1861	49
1862	49
1863	50
1864	48
1865	49
1866	43
1867	50
1868	53
1869	41
1870	35
1871	47
1872	40
1873	38
1874	38
1875	61
1876	49
1877	62
1878	40
1879	43
1880	63
1881	43
1882	45
1883	42
1884	47
1885	53
1886	37
1887	44
1888	47
1889	32
1890	50
1891	54
1892	52
1893	42
1894	54
1895	38
1896	63
1897	60
1898	63
1899	45
1900	46
1901	50
1902	51
1903	46
1904	35
1905	45
1906	48
1907	59
1908	47
1909	41
1910	46
1911	59
1912	50
1913	45
1914	59
1915	56
1916	46
1917	45
1918	52
1919	42
1920	45
1921	43
1922	46
1923	38
1924	43
1925	39
1926	56
1927	50
1928	32
1929	41
1930	46
1931	51
1932	53
1933	49
1934	44
1935	54
1936	54
1937	50
1938	39
1939	37
1940	62
1941	48
1942	46
1943	43
1944	39
1945	38
1946	42
1947	54
1948	35
1949	51
1950	51
1951	44
1952	54
1953	46
1954	52
1955	49
1956	47
1957	49
1958	51
1959	46
1960	39
1961	48
1962	62
1963	53
1964	45
1965	49
1966	42
1967	58
1968	46
1969	40
1970	46
1971	48
1972	49
1973	49
1974	50
1975	43
1976	34
1977	43
1978	57
1979	47
1980	39
1981	44
1982	53
1983	47
1984	51
1985	42
1986	46
1987	43
1988	67
1989	46
1990	45
1991	45
1992	50
1993	45
1994	55
1995	54
1996	42
1997	46
1998	44
1999	54
2000	47
2001	60
2002	39
2003	46
2004	46
2005	52
2006	54
2007	47
2008	53
2009	54
2010	45
2011	56
2012	45
2013	41
2014	57
2015	45
2016	46
2017	39
2018	43
2019	33
2020	41
2021	50
2022	52
2023	48
2024	50
2025	51
2026	42
2027	40
2028	54
2029	43
2030	41
2031	35
2032	46
2033	48
2034	37
2035	48
2036	43
2037	47
2038	49
2039	56
2040	46
2041	50
2042	45
2043	48
2044	37
2045	56
2046	39
2047	44
2048	55
2049	59
2050	42
2051	35
2052	49
2053	50
2054	39
2055	52
2056	52
2057	48
2058	50
2059	47
2060	45
2061	49
2062	46
2063	42
2064	40
2065	42
2066	44
2067	59
2068	46
2069	45
2070	48
2071	63
2072	50
2073	34
2074	37
2075	49
2076	48
2077	48
2078	46
2079	44
2080	46
2081	51
2082	50
2083	50
2084	43
2085	46
2086	46
2087	32
2088	41
2089	43
2090	40
2091	43
2092	42
2093	48
2094	49
2095	37
2096	45
2097	47
2098	36
2099	56
2100	46
2101	52
2102	45
2103	47
2104	52
2105	46
2106	48
2107	41
2108	56
2109	39
2110	44
2111	44
2112	44
2113	57
2114	42
2115	42
2116	49
2117	41
2118	54
2119	59
2120	57
2121	35
2122	48
2123	40
2124	46
2125	43
2126	51
2127	44
2128	42
2129	51
2130	40
2131	45
2132	60
2133	42
2134	50
2135	44
2136	41
2137	47
2138	48
2139	42
2140	45
2141	47
2142	45
2143	44
2144	42
2145	33
2146	55
2147	48
2148	33
2149	43
2150	32
2151	46
2152	57
2153	43
2154	35
2155	48
2156	50
2157	44
2158	40
2159	44
2160	39
2161	51
2162	45
2163	48
2164	51
2165	50
2166	49
2167	39
2168	48
2169	44
2170	48
2171	47
2172	53
2173	44
2174	44
2175	53
2176	42
2177	55
2178	47
2179	50
2180	44
2181	55
2182	34
2183	38
2184	68
2185	47
2186	40
2187	42
2188	41
2189	42
2190	45
2191	35
2192	44
2193	42
2194	43
2195	60
2196	49
2197	51
2198	47
2199	41
2200	61
2201	55
2202	50
2203	49
2204	52
2205	52
2206	40
2207	38
2208	38
2209	43
2210	55
2211	57
2212	49
2213	47
2214	44
2215	41
2216	48
2217	51
2218	36
2219	38
2220	46
2221	45
2222	55
2223	48
2224	34
2225	42
2226	34
2227	40
2228	42
2229	49
2230	39
2231	45
2232	51
2233	48
2234	33
2235	50
2236	37
2237	30
2238	33
2239	46
2240	63
2241	38
2242	36
2243	51
2244	40
2245	33
2246	33
2247	37
2248	42
2249	52
2250	51
2251	40
2252	40
2253	50
2254	53
2255	46
2256	52
2257	42
2258	58
2259	51
2260	51
2261	57
2262	41
2263	55
2264	53
2265	39
2266	55
2267	52
2268	53
2269	57
2270	43
2271	38
2272	48
2273	33
2274	39
2275	51
2276	31
2277	54
2278	41
2279	34
2280	49
2281	52
2282	47
2283	56
2284	44
2285	50
2286	39
2287	47
2288	49
2289	43
2290	40
2291	41
2292	58
2293	40
2294	43
2295	35
2296	49
2297	40
2298	42
2299	47
2300	38
2301	36
2302	39
2303	40
2304	44
2305	45
2306	28
2307	46
2308	34
2309	55
2310	40
2311	50
2312	48
2313	41
2314	49
2315	43
2316	42
2317	48
2318	51
2319	38
2320	40
2321	38
2322	40
2323	54
2324	45
2325	51
2326	41
2327	50
2328	50
2329	46
2330	57
2331	50
2332	45
2333	33
2334	43
2335	45
2336	31
2337	43
2338	55
2339	44
2340	40
2341	43
2342	38
2343	41
2344	47
2345	46
2346	40
2347	42
2348	50
2349	39
2350	43
2351	38
2352	54
2353	42
2354	33
2355	59
2356	45
2357	43
2358	46
2359	49
2360	39
2361	42
2362	49
2363	43
2364	42
2365	35
2366	45
2367	55
2368	45
2369	33
2370	55
2371	43
2372	50
2373	47
2374	59
2375	45
2376	38
2377	37
2378	35
2379	40
2380	44
2381	37
2382	46
2383	57
2384	50
2385	44
2386	44
2387	53
2388	44
2389	58
2390	49
2391	49
2392	45
2393	39
2394	59
2395	52
2396	50
2397	47
2398	50
2399	49
2400	46
2401	33
2402	56
2403	45
2404	35
2405	47
2406	48
2407	48
2408	38
2409	42
2410	40
2411	36
2412	45
2413	37
2414	44
2415	34
2416	48
2417	43
2418	37
2419	54
2420	53
2421	49
2422	41
2423	42
2424	48
2425	44
2426	52
2427	36
2428	36
2429	46
2430	43
2431	53
2432	43
2433	38
2434	43
2435	46
2436	45
2437	47
2438	38
2439	34
2440	33
2441	34
2442	52
2443	34
2444	42
2445	34
2446	55
2447	39
2448	58
2449	46
2450	51
2451	53
2452	45
2453	51
2454	36
2455	51
2456	49
2457	48
2458	33
2459	49
2460	44
2461	53
2462	39
2463	41
2464	44
2465	54
2466	31
2467	41
2468	47
2469	53
2470	48
2471	46
2472	46
2473	44
2474	43
2475	44
2476	33
2477	53
2478	56
2479	42
2480	53
2481	43
2482	36
2483	41
2484	47
2485	45
2486	35
2487	54
2488	41
2489	47
2490	41
2491	47
2492	53
2493	47
2494	38
2495	43
2496	45
2497	62
2498	51
2499	38
2500	55
2501	38
2502	50
2503	33
2504	41
2505	44
2506	56
2507	47
2508	52
2509	43
2510	40
2511	31
2512	49
2513	35
2514	42
2515	47
2516	46
2517	41
2518	55
2519	42
2520	35
2521	42
2522	36
2523	39
2524	37
2525	56
2526	41
2527	52
2528	46
2529	52
2530	41
2531	43
2532	51
2533	53
2534	42
2535	60
2536	48
2537	43
2538	45
2539	38
2540	62
2541	52
2542	47
2543	42
2544	58
2545	32
2546	55
2547	40
2548	34
2549	48
2550	47
2551	48
2552	49
2553	41
2554	47
2555	43
2556	53
2557	55
2558	38
2559	38
2560	33
2561	44
2562	39
2563	51
2564	44
2565	28
2566	42
2567	50
2568	39
2569	33
2570	48
2571	52
2572	32
2573	42
2574	30
2575	51
2576	51
2577	46
2578	59
2579	44
2580	36
2581	41
2582	45
2583	59
2584	59
2585	60
2586	43
2587	41
2588	47
2589	41
2590	44
2591	48
2592	41
2593	40
2594	42
2595	41
2596	38
2597	43
2598	55
2599	48
2600	49
2601	43
2602	38
2603	42
2604	26
2605	41
2606	37
2607	42
2608	44
2609	48
2610	31
2611	47
2612	45
2613	34
2614	49
2615	42
2616	33
2617	40
2618	43
2619	37
2620	35
2621	49
2622	43
2623	48
2624	45
2625	47
2626	55
2627	42
2628	40
2629	54
2630	57
2631	51
2632	55
2633	49
2634	46
2635	44
2636	43
2637	46
2638	39
2639	49
2640	45
2641	57
2642	42
2643	50
2644	47
2645	47
2646	47
2647	46
2648	46
2649	48
2650	49
2651	42
2652	48
2653	48
2654	39
2655	54
2656	25
2657	41
2658	40
2659	36
2660	53
2661	41
2662	42
2663	39
2664	49
2665	40
2666	49
2667	39
2668	45
2669	43
2670	43
2671	45
2672	42
2673	48
2674	51
2675	30
2676	39
2677	43
2678	45
2679	44
2680	42
2681	41
2682	34
2683	52
2684	36
2685	49
2686	44
2687	44
2688	45
2689	35
2690	34
2691	37
2692	48
2693	35
2694	40
2695	39
2696	37
2697	36
2698	47
2699	45
2700	32
2701	48
2702	43
2703	51
2704	48
2705	52
2706	46
2707	53
2708	34
2709	34
2710	44
2711	43
2712	63
2713	48
2714	33
2715	46
2716	59
2717	32
2718	50
2719	56
2720	51
2721	46
2722	49
2723	42
2724	45
2725	33
2726	44
2727	47
2728	45
2729	34
2730	48
2731	41
2732	49
2733	34
2734	57
2735	50
2736	41
2737	44
2738	40
2739	43
2740	49
2741	46
2742	44
2743	41
2744	48
2745	30
2746	48
2747	40
2748	38
2749	37
2750	34
2751	41
2752	46
2753	39
2754	47
2755	38
2756	33
2757	42
2758	45
2759	49
2760	40
2761	50
2762	43
2763	40
2764	31
2765	46
2766	42
2767	42
2768	44
2769	47
2770	50
2771	49
2772	52
2773	46
2774	30
2775	41
2776	38
2777	53
2778	41
2779	46
2780	49
2781	46
2782	35
2783	36
2784	40
2785	43
2786	45
2787	42
2788	45
2789	54
2790	58
2791	52
2792	47
2793	38
2794	35
2795	47
2796	49
2797	37
2798	40
2799	42
2800	48
2801	56
2802	44
2803	51
2804	35
2805	42
2806	44
2807	41
2808	36
2809	49
2810	44
2811	37
2812	42
2813	45
2814	51
2815	41
2816	47
2817	49
2818	45
2819	52
2820	40
2821	52
2822	51
2823	39
2824	36
2825	36
2826	49
2827	48
2828	47
2829	55
2830	35
2831	46
2832	33
2833	56
2834	44
2835	44
2836	42
2837	38
2838	38
2839	42
2840	37
2841	53
2842	41
2843	33
2844	34
2845	39
2846	43
2847	34
2848	42
2849	49
2850	50
2851	50
2852	54
2853	49
2854	38
2855	33
2856	40
2857	44
2858	43
2859	39
2860	52
2861	33
2862	42
2863	41
2864	40
2865	40
2866	41
2867	51
2868	53
2869	37
2870	55
2871	39
2872	39
2873	46
2874	42
2875	48
2876	41
2877	41
2878	44
2879	40
2880	47
2881	48
2882	47
2883	36
2884	52
2885	46
2886	29
2887	48
2888	41
2889	43
2890	58
2891	42
2892	42
2893	34
2894	43
2895	43
2896	36
2897	47
2898	43
2899	37
2900	46
2901	45
2902	37
2903	42
2904	51
2905	41
2906	48
2907	40
2908	44
2909	50
2910	44
2911	42
2912	35
2913	43
2914	48
2915	55
2916	45
2917	42
2918	41
2919	46
2920	43
2921	52
2922	41
2923	44
2924	36
2925	51
2926	43
2927	41
2928	40
2929	45
2930	43
2931	46
2932	41
2933	44
2934	48
2935	47
2936	35
2937	49
2938	42
2939	48
2940	37
2941	43
2942	44
2943	41
2944	37
2945	50
2946	45
2947	41
2948	47
2949	46
2950	42
2951	32
2952	52
2953	46
2954	49
2955	58
2956	52
2957	47
2958	42
2959	30
2960	44
2961	54
2962	49
2963	46
2964	48
2965	41
2966	43
2967	40
2968	41
2969	47
2970	45
2971	53
2972	42
2973	51
2974	57
2975	58
2976	51
2977	40
2978	42
2979	47
2980	42
2981	43
2982	49
2983	39
2984	40
2985	39
2986	42
2987	47
2988	40
2989	47
2990	54
2991	37
2992	42
2993	31
2994	36
2995	53
2996	58
2997	47
2998	42
2999	44
3000	51
3001	40
3002	45
3003	32
3004	42
3005	51
3006	56
3007	33
3008	32
3009	57
3010	53
3011	43
3012	44
3013	55
3014	42
3015	45
3016	45
3017	43
3018	44
3019	39
3020	41
3021	47
3022	42
3023	40
3024	44
3025	40
3026	47
3027	53
3028	44
3029	40
3030	42
3031	43
3032	47
3033	54
3034	46
3035	41
3036	57
3037	52
3038	40
3039	54
3040	36
3041	46
3042	41
3043	54
3044	37
3045	51
3046	39
3047	48
3048	52
3049	58
3050	51
3051	42
3052	50
3053	42
3054	37
3055	54
3056	44
3057	49
3058	47
3059	46
3060	53
3061	51
3062	43
3063	48
3064	44
3065	44
3066	31
3067	47
3068	47
3069	36
3070	40
3071	42
3072	36
3073	46
3074	37
3075	39
3076	39
3077	40
3078	66
3079	38
3080	45
3081	50
3082	35
3083	52
3084	41
3085	50
3086	46
3087	48
3088	48
3089	44
3090	54
3091	45
3092	60
3093	39
3094	43
3095	50
3096	42
3097	45
3098	59
3099	40
3100	50
3101	52
3102	37
3103	42
3104	51
3105	38
3106	46
3107	63
3108	47
3109	38
3110	45
3111	44
3112	46
3113	56
3114	53
3115	38
3116	40
3117	53
3118	45
3119	53
3120	51
3121	49
3122	39
3123	44
3124	44
3125	48
3126	43
3127	45
3128	50
3129	38
3130	46
3131	45
3132	41
3133	41
3134	49
3135	44
3136	38
3137	34
3138	46
3139	37
3140	47
3141	51
3142	42
3143	44
3144	44
3145	52
3146	49
3147	50
3148	45
3149	50
3150	48
3151	45
3152	50
3153	46
3154	46
3155	47
3156	33
3157	56
3158	53
3159	42
3160	50
3161	57
3162	42
3163	50
3164	35
3165	40
3166	34
3167	43
3168	46
3169	43
3170	60
3171	51
3172	43
3173	42
3174	38
3175	47
3176	59
3177	51
3178	38
3179	44
3180	52
3181	49
3182	45
3183	39
3184	44
3185	33
3186	47
3187	47
3188	47
3189	52
3190	43
3191	52
3192	51
3193	38
3194	45
3195	37
3196	52
3197	44
3198	38
3199	45
3200	47
3201	44
3202	44
3203	52
3204	58
3205	48
3206	47
3207	48
3208	41
3209	46
3210	36
3211	36
3212	41
3213	52
3214	43
3215	51
3216	44
3217	54
3218	44
3219	46
3220	50
3221	48
3222	57
3223	47
3224	48
3225	42
3226	52
3227	47
3228	59
3229	47
3230	40
3231	42
3232	30
3233	46
3234	61
3235	54
3236	55
3237	47
3238	46
3239	45
3240	55
3241	50
3242	43
3243	41
3244	35
3245	41
3246	37
3247	51
3248	44
3249	48
3250	42
3251	48
3252	51
3253	48
3254	58
3255	53
3256	39
3257	45
3258	53
3259	32
3260	34
3261	48
3262	45
3263	52
3264	48
3265	51
3266	47
3267	46
3268	52
3269	42
3270	47
3271	54
3272	46
3273	45
3274	38
3275	42
3276	39
3277	37
3278	34
3279	47
3280	46
3281	31
3282	44
3283	38
3284	34
3285	43
3286	45
3287	45
3288	35
3289	39
3290	56
3291	32
3292	46
3293	49
3294	52
3295	48
3296	41
3297	43
3298	52
3299	44
3300	47
3301	52
3302	51
3303	44
3304	43
3305	42
3306	42
3307	43
3308	41
3309	33
3310	48
3311	46
3312	50
3313	52
3314	36
3315	51
3316	37
3317	55
3318	46
3319	52
3320	40
3321	40
3322	41
3323	46
3324	48
3325	39
3326	44
3327	31
3328	39
3329	48
3330	38
3331	49
3332	48
3333	46
3334	35
3335	38
3336	44
3337	41
3338	38
3339	47
3340	34
3341	50
3342	42
3343	43
3344	47
3345	46
3346	28
3347	48
3348	45
3349	36
3350	40
3351	48
3352	44
3353	39
3354	42
3355	44
3356	32
3357	48
3358	42
3359	33
3360	40
3361	43
3362	37
3363	38
3364	43
3365	47
3366	42
3367	38
3368	45
3369	43
3370	33
3371	36
3372	34
3373	39
3374	38
3375	32
3376	36
3377	38
3378	37
3379	37
3380	42
3381	42
3382	40
3383	40
3384	36
3385	38
3386	37
3387	41
3388	32
3389	43
3390	43
3391	27
3392	38
3393	41
3394	31
3395	26
3396	36
3397	43
3398	45
3399	38
3400	38
3401	38
3402	32
3403	34
3404	33
3405	31
3406	44
3407	34
3408	39
3409	29
3410	40
3411	25
3412	32
3413	29
3414	37
3415	34
3416	29
3417	37
3418	34
3419	44
3420	33
3421	31
3422	45
3423	49
3424	42
3425	35
3426	39
3427	43
3428	39
3429	36
3430	28
3431	32
3432	37
3433	34
3434	27
3435	34
3436	33
3437	25
3438	31
3439	35
3440	31
3441	34
3442	34
3443	25
3444	33
3445	22
3446	40
3447	34
3448	18
3449	38
3450	25
3451	31
3452	37
3453	46
3454	34
3455	30
3456	43
3457	28
3458	29
3459	34
3460	33
3461	27
3462	24
3463	27
3464	30
3465	23
3466	27
3467	20
3468	34
3469	38
3470	33
3471	35
3472	31
3473	30
3474	29
3475	36
3476	30
3477	27
3478	30
3479	30
3480	29
3481	35
3482	34
3483	23
3484	42
3485	28
3486	26
3487	24
3488	29
3489	30
3490	29
3491	21
3492	32
3493	28
3494	29
3495	23
3496	24
3497	23
3498	25
3499	23
3500	22
3501	29
3502	22
3503	33
3504	33
3505	22
3506	23
3507	29
3508	25
3509	18
3510	22
3511	31
3512	24
3513	34
3514	27
3515	29
3516	26
3517	29
3518	28
3519	21
3520	25
3521	29
3522	25
3523	28
3524	30
3525	22
3526	23
3527	24
3528	24
3529	27
3530	27
3531	30
3532	30
3533	22
3534	29
3535	21
3536	29
3537	27
3538	20
3539	29
3540	23
3541	20
3542	22
3543	21
3544	28
3545	20
3546	18
3547	33
3548	30
3549	29
3550	20
3551	30
3552	27
3553	27
3554	25
3555	19
3556	20
3557	24
3558	26
3559	21
3560	23
3561	23
3562	15
3563	22
3564	35
3565	21
3566	19
3567	20
3568	23
3569	26
3570	28
3571	14
3572	17
3573	17
3574	22
3575	15
3576	14
3577	21
3578	18
3579	24
3580	18
3581	21
3582	16
3583	21
3584	19
3585	25
3586	15
3587	21
3588	20
3589	15
3590	15
3591	10
3592	16
3593	26
3594	18
3595	16
3596	25
3597	17
3598	17
3599	21
3600	17
3601	20
3602	17
3603	11
3604	19
3605	28
3606	12
3607	18
3608	18
3609	25
3610	20
3611	24
3612	21
3613	19
3614	20
3615	11
3616	20
3617	17
3618	16
3619	13
3620	18
3621	26
3622	18
3623	20
3624	23
3625	21
3626	21
3627	26
3628	16
3629	23
3630	14
3631	19
3632	21
3633	16
3634	17
3635	23
3636	18
3637	13
3638	21
3639	20
3640	19
3641	16
3642	21
3643	21
3644	17
3645	17
3646	15
3647	14
3648	23
3649	16
3650	14
3651	22
3652	19
3653	22
3654	12
3655	18
3656	22
3657	19
3658	18
3659	19
3660	23
3661	17
3662	15
3663	23
3664	17
3665	12
3666	20
3667	22
3668	16
3669	22
3670	14
3671	18
3672	17
3673	15
3674	17
3675	11
3676	20
3677	17
3678	23
3679	19
3680	16
3681	20
3682	16
3683	10
3684	16
3685	22
3686	21
3687	15
3688	19
3689	22
3690	15
3691	11
3692	15
3693	20
3694	11
3695	14
3696	19
3697	19
3698	16
3699	16
3700	14
3701	12
3702	12
3703	18
3704	14
3705	16
3706	24
3707	17
3708	18
3709	20
3710	19
3711	20
3712	12
3713	26
3714	14
3715	16
3716	16
3717	17
3718	14
3719	20
3720	8
3721	21
3722	17
3723	14
3724	9
3725	18
3726	15
3727	10
3728	21
3729	20
3730	11
3731	17
3732	14
3733	21
3734	10
3735	14
3736	12
3737	20
3738	14
3739	15
3740	22
3741	15
3742	20
3743	10
3744	12
3745	15
3746	22
3747	17
3748	12
3749	15
3750	20
3751	6
3752	15
3753	17
3754	20
3755	12
3756	13
3757	12
3758	19
3759	20
3760	17
3761	8
3762	21
3763	9
3764	15
3765	13
3766	12
3767	16
3768	13
3769	7
3770	18
3771	17
3772	10
3773	14
3774	8
3775	13
3776	8
3777	12
3778	11
3779	12
3780	26
3781	11
3782	15
3783	13
3784	15
3785	19
3786	19
3787	15
3788	14
3789	8
3790	11
3791	15
3792	15
3793	21
3794	14
3795	13
3796	12
3797	15
3798	13
3799	12
3800	14
3801	15
3802	17
3803	19
3804	23
3805	17
3806	10
3807	15
3808	19
3809	20
3810	12
3811	16
3812	23
3813	14
3814	12
3815	16
3816	9
3817	18
3818	14
3819	11
3820	11
3821	14
3822	12
3823	10
3824	13
3825	16
3826	12
3827	8
3828	10
3829	14
3830	11
3831	12
3832	11
3833	14
3834	16
3835	13
3836	10
3837	13
3838	16
3839	9
3840	9
3841	14
3842	13
3843	13
3844	12
3845	15
3846	13
3847	13
3848	10
3849	12
3850	23
3851	8
3852	13
3853	10
3854	15
3855	12
3856	7
3857	10
3858	13
3859	14
3860	10
3861	13
3862	10
3863	10
3864	8
3865	18
3866	14
3867	18
3868	13
3869	14
3870	9
3871	10
3872	13
3873	7
3874	7
3875	17
3876	12
3877	8
3878	12
3879	11
3880	18
3881	15
3882	18
3883	10
3884	8
3885	9
3886	16
3887	14
3888	14
3889	11
3890	12
3891	8
3892	15
3893	10
3894	13
3895	8
3896	11
3897	11
3898	8
3899	16
3900	6
3901	5
3902	13
3903	6
3904	10
3905	15
3906	11
3907	16
3908	18
3909	12
3910	21
3911	11
3912	10
3913	8
3914	16
3915	18
3916	12
3917	13
3918	17
3919	14
3920	13
3921	7
3922	12
3923	11
3924	8
3925	22
3926	6
3927	13
3928	15
3929	11
3930	14
3931	7
3932	12
3933	18
3934	13
3935	16
3936	10
3937	13
3938	15
3939	13
3940	7
3941	11
3942	13
3943	11
3944	9
3945	10
3946	13
3947	17
3948	9
3949	11
3950	10
3951	9
3952	10
3953	13
3954	13
3955	7
3956	11
3957	13
3958	9
3959	6
3960	8
3961	6
3962	11
3963	19
3964	9
3965	9
3966	12
3967	15
3968	13
3969	13
3970	12
3971	8
3972	8
3973	11
3974	8
3975	9
3976	14
3977	8
3978	19
3979	10
3980	15
3981	11
3982	13
3983	13
3984	12
3985	9
3986	12
3987	19
3988	12
3989	6
3990	16
3991	14
3992	10
3993	16
3994	17
3995	17
3996	11
3997	10
3998	11
3999	16
4000	12
4001	9
4002	11
4003	8
4004	12
4005	9
4006	11
4007	15
4008	11
4009	10
4010	19
4011	9
4012	10
4013	12
4014	14
4015	12
4016	14
4017	9
4018	17
4019	11
4020	10
4021	8
4022	7
4023	15
4024	7
4025	16
4026	13
4027	10
4028	10
4029	10
4030	21
4031	8
4032	16
4033	10
4034	15
4035	12
4036	12
4037	9
4038	15
4039	12
4040	11
4041	3
4042	9
4043	9
4044	12
4045	12
4046	11
4047	10
4048	12
4049	6
4050	14
4051	4
4052	14
4053	8
4054	10
4055	5
4056	9
4057	10
4058	13
4059	12
4060	6
4061	17
4062	12
4063	9
4064	9
4065	12
4066	16
4067	14
4068	13
4069	10
4070	13
4071	10
4072	10
4073	9
4074	10
4075	13
4076	8
4077	11
4078	12
4079	9
4080	17
4081	13
4082	11
4083	12
4084	13
4085	7
4086	14
4087	10
4088	12
4089	16
4090	9
4091	10
4092	9
4093	9
4094	10
4095	11
4096	12
4097	9
4098	7
4099	8
4100	13
4101	14
4102	9
4103	10
4104	13
4105	12
4106	8
4107	13
4108	12
4109	12
4110	7
4111	10
4112	5
4113	9
4114	12
4115	6
4116	15
4117	9
4118	7
4119	15
4120	11
4121	13
4122	11
4123	15
4124	13
4125	9
4126	13
4127	12
4128	9
4129	10
4130	6
4131	8
4132	17
4133	10
4134	8
4135	7
4136	19
4137	10
4138	11
4139	14
4140	11
4141	8
4142	13
4143	11
4144	9
4145	10
4146	13
4147	12
4148	6
4149	9
4150	16
4151	15
4152	17
4153	14
4154	16
4155	12
4156	15
4157	9
4158	9
4159	13
4160	15
4161	8
4162	5
4163	8
4164	14
4165	6
4166	5
4167	10
4168	14
4169	11
4170	8
4171	13
4172	10
4173	8
4174	10
4175	7
4176	11
4177	11
4178	5
4179	15
4180	9
4181	9
4182	15
4183	10
4184	8
4185	15
4186	12
4187	8
4188	15
4189	16
4190	11
4191	18
4192	14
4193	9
4194	14
4195	12
4196	7
4197	13
4198	13
4199	11
4200	16
4201	11
4202	8
4203	11
4204	17
4205	15
4206	9
4207	11
4208	16
4209	5
4210	15
4211	16
4212	9
4213	11
4214	12
4215	12
4216	6
4217	13
4218	8
4219	3
4220	6
4221	19
4222	9
4223	12
4224	14
4225	8
4226	17
4227	14
4228	13
4229	8
4230	15
4231	7
4232	8
4233	12
4234	16
4235	10
4236	14
4237	13
4238	7
4239	8
4240	13
4241	14
4242	12
4243	14
4244	14
4245	13
4246	16
4247	12
4248	9
4249	13
4250	12
4251	13
4252	10
4253	19
4254	7
4255	14
4256	8
4257	7
4258	8
4259	10
4260	13
4261	16
4262	11
4263	9
4264	12
4265	13
4266	12
4267	10
4268	7
4269	16
4270	10
4271	8
4272	10
4273	10
4274	8
4275	13
4276	13
4277	12
4278	11
4279	8
4280	15
4281	4
4282	6
4283	10
4284	5
4285	16
4286	13
4287	5
4288	18
4289	14
4290	6
4291	15
4292	10
4293	11
4294	5
4295	11
4296	16
4297	13
4298	14
4299	23
4300	15
4301	13
4302	11
4303	12
4304	7
4305	8
4306	9
4307	8
4308	18
4309	13
4310	12
4311	14
4312	15
4313	10
4314	10
4315	16
4316	6
4317	15
4318	9
4319	13
4320	13
4321	4
4322	8
4323	11
4324	12
4325	15
4326	13
4327	18
4328	7
4329	17
4330	11
4331	9
4332	24
4333	16
4334	7
4335	9
4336	10
4337	10
4338	11
4339	12
4340	8
4341	13
4342	16
4343	12
4344	13
4345	14
4346	10
4347	11
4348	11
4349	14
4350	12
4351	11
4352	14
4353	10
4354	10
4355	10
4356	16
4357	11
4358	14
4359	19
4360	17
4361	15
4362	12
4363	11
4364	9
4365	13
4366	17
4367	9
4368	18
4369	22
4370	11
4371	19
4372	13
4373	13
4374	18
4375	21
4376	9
4377	11
4378	14
4379	17
4380	13
4381	14
4382	19
4383	17
4384	11
4385	11
4386	15
4387	25
4388	10
4389	14
4390	17
4391	9
4392	18
4393	15
4394	13
4395	20
4396	12
4397	17
4398	21
4399	20
4400	20
4401	10
4402	20
4403	14
4404	8
4405	17
4406	27
4407	19
4408	26
4409	15
4410	13
4411	12
4412	11
4413	20
4414	10
4415	15
4416	26
4417	21
4418	24
4419	17
4420	15
4421	17
4422	17
4423	15
4424	22
4425	23
4426	16
4427	15
4428	17
4429	15
4430	13
4431	23
4432	21
4433	15
4434	14
4435	20
4436	20
4437	24
4438	28
4439	24
4440	17
4441	25
4442	19
4443	22
4444	20
4445	24
4446	27
4447	19
4448	18
4449	24
4450	25
4451	19
4452	27
4453	27
4454	30
4455	35
4456	31
4457	30
4458	25
4459	20
4460	20
4461	27
4462	30
4463	35
4464	24
4465	29
4466	31
4467	27
4468	21
4469	32
4470	35
4471	37
4472	26
4473	30
4474	27
4475	28
4476	28
4477	32
4478	32
4479	22
4480	28
4481	41
4482	24
4483	27
4484	37
4485	38
4486	30
4487	36
4488	40
4489	29
4490	28
4491	39
4492	36
4493	28
4494	39
4495	44
4496	28
4497	44
4498	32
4499	50
4500	34
4501	41
4502	33
4503	40
4504	35
4505	49
4506	52
4507	41
4508	47
4509	52
4510	36
4511	49
4512	31
4513	45
4514	51
4515	54
4516	45
4517	40
4518	48
4519	50
4520	49
4521	50
4522	50
4523	38
4524	59
4525	53
4526	51
4527	59
4528	47
4529	52
4530	57
4531	47
4532	61
4533	48
4534	57
4535	51
4536	70
4537	53
4538	60
4539	64
4540	71
4541	62
4542	70
4543	66
4544	75
4545	63
4546	48
4547	79
4548	71
4549	80
4550	69
4551	75
4552	80
4553	78
4554	79
4555	67
4556	71
4557	84
4558	78
4559	70
4560	73
4561	74
4562	80
4563	90
4564	92
4565	95
4566	82
4567	74
4568	106
4569	82
4570	89
4571	78
4572	114
4573	89
4574	87
4575	89
4576	97
4577	88
4578	103
4579	91
4580	104
4581	97
4582	107
4583	93
4584	79
4585	118
4586	100
4587	88
4588	113
4589	99
4590	108
4591	114
4592	104
4593	115
4594	127
4595	119
4596	114
4597	116
4598	123
4599	115
4600	126
4601	129
4602	131
4603	144
4604	125
4605	128
4606	121
4607	131
4608	135
4609	127
4610	146
4611	128
4612	127
4613	126
4614	123
4615	144
4616	137
4617	133
4618	148
4619	158
4620	157
4621	167
4622	161
4623	169
4624	148
4625	162
4626	166
4627	151
4628	163
4629	155
4630	167
4631	138
4632	167
4633	120
4634	166
4635	157
4636	176
4637	162
4638	181
4639	182
4640	175
4641	194
4642	175
4643	194
4644	176
4645	190
4646	223
4647	195
4648	197
4649	168
4650	190
4651	180
4652	184
4653	201
4654	181
4655	222
4656	199
4657	210
4658	212
4659	206
4660	203
4661	211
4662	199
4663	196
4664	208
4665	226
4666	203
4667	242
4668	207
4669	201
4670	222
4671	229
4672	207
4673	222
4674	204
4675	225
4676	221
4677	267
4678	264
4679	244
4680	240
4681	256
4682	259
4683	253
4684	217
4685	256
4686	265
4687	260
4688	235
4689	262
4690	281
4691	279
4692	270
4693	239
4694	241
4695	256
4696	272
4697	294
4698	281
4699	283
4700	266
4701	283
4702	269
4703	298
4704	265
4705	255
4706	293
4707	295
4708	300
4709	315
4710	317
4711	325
4712	287
4713	278
4714	340
4715	293
4716	292
4717	286
4718	325
4719	318
4720	296
4721	318
4722	310
4723	309
4724	330
4725	314
4726	316
4727	336
4728	321
4729	336
4730	296
4731	328
4732	326
4733	342
4734	317
4735	315
4736	317
4737	363
4738	353
4739	345
4740	322
4741	320
4742	358
4743	355
4744	355
4745	345
4746	354
4747	358
4748	369
4749	349
4750	343
4751	345
4752	385
4753	316
4754	353
4755	361
4756	357
4757	355
4758	354
4759	365
4760	378
4761	364
4762	384
4763	353
4764	363
4765	345
4766	358
4767	361
4768	405
4769	380
4770	373
4771	367
4772	382
4773	427
4774	388
4775	411
4776	380
4777	382
4778	401
4779	376
4780	433
4781	349
4782	417
4783	400
4784	431
4785	386
4786	410
4787	376
4788	351
4789	380
4790	385
4791	382
4792	394
4793	394
4794	421
4795	389
4796	397
4797	430
4798	386
4799	384
4800	380
4801	441
4802	439
4803	446
4804	406
4805	400
4806	378
4807	401
4808	414
4809	407
4810	388
4811	399
4812	417
4813	407
4814	410
4815	419
4816	418
4817	437
4818	403
4819	429
4820	388
4821	426
4822	441
4823	434
4824	400
4825	424
4826	443
4827	400
4828	417
4829	400
4830	432
4831	418
4832	427
4833	395
4834	423
4835	426
4836	449
4837	382
4838	399
4839	437
4840	423
4841	383
4842	430
4843	430
4844	426
4845	384
4846	427
4847	391
4848	445
4849	416
4850	406
4851	429
4852	443
4853	431
4854	408
4855	405
4856	411
4857	360
4858	429
4859	432
4860	413
4861	422
4862	390
4863	402
4864	373
4865	408
4866	372
4867	475
4868	363
4869	369
4870	408
4871	411
4872	391
4873	429
4874	407
4875	401
4876	395
4877	374
4878	413
4879	420
4880	397
4881	401
4882	404
4883	371
4884	399
4885	383
4886	377
4887	369
4888	383
4889	372
4890	407
4891	396
4892	370
4893	371
4894	367
4895	344
4896	342
4897	347
4898	378
4899	383
4900	336
4901	397
4902	361
4903	358
4904	354
4905	368
4906	362
4907	376
4908	355
4909	378
4910	352
4911	375
4912	320
4913	364
4914	341
4915	375
4916	335
4917	324
4918	306
4919	346
4920	339
4921	346
4922	361
4923	307
4924	328
4925	326
4926	338
4927	377
4928	331
4929	304
4930	317
4931	333
4932	302
4933	316
4934	337
4935	313
4936	316
4937	321
4938	313
4939	303
4940	290
4941	288
4942	282
4943	325
4944	282
4945	293
4946	307
4947	286
4948	320
4949	314
4950	286
4951	302
4952	283
4953	271
4954	280
4955	301
4956	261
4957	269
4958	272
4959	262
4960	253
4961	286
4962	259
4963	285
4964	257
4965	257
4966	256
4967	284
4968	244
4969	254
4970	239
4971	247
4972	265
4973	244
4974	221
4975	235
4976	243
4977	235
4978	234
4979	237
4980	194
4981	220
4982	227
4983	223
4984	218
4985	246
4986	232
4987	212
4988	214
4989	220
4990	209
4991	215
4992	204
4993	194
4994	224
4995	217
4996	197
4997	197
4998	204
4999	197
5000	198
5001	198
5002	195
5003	207
5004	214
5005	171
5006	179
5007	197
5008	164
5009	175
5010	179
5011	184
5012	160
5013	174
5014	180
5015	181
5016	162
5017	161
5018	167
5019	161
5020	165
5021	155
5022	172
5023	168
5024	165
5025	156
5026	124
5027	162
5028	157
5029	155
5030	133
5031	134
5032	130
5033	131
5034	143
5035	162
5036	144
5037	150
5038	126
5039	121
5040	132
5041	106
5042	137
5043	135
5044	126
5045	126
5046	113
5047	112
5048	111
5049	103
5050	102
5051	121
5052	121
5053	123
5054	121
5055	128
5056	110
5057	118
5058	114
5059	85
5060	106
5061	111
5062	119
5063	95
5064	106
5065	95
5066	83
5067	88
5068	96
5069	97
5070	74
5071	81
5072	86
5073	89
5074	91
5075	79
5076	83
5077	73
5078	85
5079	72
5080	76
5081	84
5082	54
5083	66
5084	61
5085	77
5086	73
5087	60
5088	93
5089	76
5090	65
5091	59
5092	63
5093	64
5094	62
5095	71
5096	56
5097	62
5098	68
5099	59
5100	57
5101	55
5102	57
5103	66
5104	57
5105	52
5106	52
5107	45
5108	53
5109	51
5110	59
5111	48
5112	52
5113	36
5114	41
5115	44
5116	44
5117	53
5118	38
5119	55
5120	49
5121	51
5122	47
5123	38
5124	39
5125	37
5126	42
5127	38
5128	30
5129	28
5130	37
5131	40
5132	38
5133	39
5134	43
5135	33
5136	34
5137	27
5138	26
5139	26
5140	28
5141	26
5142	44
5143	28
5144	36
5145	39
5146	25
5147	20
5148	32
5149	21
5150	19
5151	32
5152	21
5153	27
5154	21
5155	28
5156	17
5157	24
5158	22
5159	19
5160	26
5161	21
5162	21
5163	19
5164	10
5165	18
5166	14
5167	26
5168	21
5169	20
5170	16
5171	23
5172	19
5173	19
5174	17
5175	22
5176	8
5177	14
5178	18
5179	22
5180	17
5181	12
5182	24
5183	11
5184	9
5185	18
5186	15
5187	14
5188	14
5189	10
5190	17
5191	13
5192	8
5193	7
5194	15
5195	13
5196	12
5197	18
5198	13
5199	7
5200	9
5201	9
5202	11
5203	11
5204	10
5205	13
5206	15
5207	7
5208	10
5209	15
5210	9
5211	7
5212	10
5213	8
5214	5
5215	11
5216	14
5217	6
5218	12
5219	9
5220	10
5221	9
5222	2
5223	6
5224	7
5225	8
5226	4
5227	7
5228	4
5229	5
5230	5
5231	3
5232	4
5233	7
5234	8
5235	8
5236	6
5237	2
5238	9
5239	7
5240	3
5241	4
5242	8
5243	3
5244	4
5245	3
5246	5
5247	4
5248	5
5249	4
5250	3
5251	3
5252	2
5253	5
5254	5
5255	4
5256	1
5257	4
5258	5
5259	5
5260	1
5261	0
5262	5
5263	5
5264	1
5265	2
5266	3
5267	5
5268	4
5269	6
5270	5
5271	3
5272	1
5273	4
5274	3
5275	3
5276	4
5277	3
5278	4
5279	3
5280	1
5281	2
5282	3
5283	4
5284	4
5285	3
5286	3
5287	3
5288	1
5289	2
5290	2
5291	3
5292	1
5293	3
5294	1
5295	3
5296	3
5297	1
5298	4
5299	0
5300	3
5301	5
5302	1
5303	3
5304	1
5305	4
5306	5
5307	0
5308	0
5309	1
5310	0
5311	4
5312	3
5313	2
5314	2
5315	2
5316	2
5317	1
5318	0
5319	0
5320	1
5321	2
5322	4
5323	0
5324	1
5325	2
5326	1
5327	0
5328	2
5329	0
5330	1
5331	2
5332	1
5333	2
5334	2
5335	2
5336	4
5337	2
5338	1
5339	0
5340	2
5341	0
5342	0
5343	3
5344	0
5345	1
5346	0
5347	0
5348	0
5349	1
5350	1
5351	2
5352	0
5353	2
5354	0
5355	4
5356	3
5357	0
5358	0
5359	1
5360	0
5361	2
5362	2
5363	0
5364	4
5365	2
5366	1
5367	1
5368	1
5369	1
5370	0
5371	0
5372	2
5373	1
5374	0
5375	1
5376	6
5377	1
5378	2
5379	3
5380	3
5381	2
5382	1
5383	2
5384	0
5385	1
5386	1
5387	0
5388	0
5389	1
5390	4
5391	1
5392	2
5393	0
5394	1
5395	2
5396	1
5397	2
5398	0
5399	1
5400	0
5401	0
5402	1
5403	2
5404	4
5405	0
5406	1
5407	3
5408	1
5409	1
5410	0
5411	1
5412	2
5413	2
5414	2
5415	3
5416	0
5417	0
5418	0
5419	1
5420	1
5421	1
5422	1
5423	1
5424	1
5425	1
5426	1
5427	3
5428	1
5429	0
5430	1
5431	0
5432	2
5433	1
5434	2
5435	0
5436	2
5437	1
5438	0
5439	0
5440	2
5441	1
5442	1
5443	3
5444	1
5445	0
5446	1
5447	0
5448	2
5449	1
5450	2
5451	2
5452	2
5453	1
5454	2
5455	0
5456	1
5457	0
5458	0
5459	1
5460	0
5461	2
5462	0
5463	3
5464	2
5465	2
5466	1
5467	1
5468	0
5469	1
5470	1
5471	0
5472	2
5473	1
5474	1
5475	0
5476	3
5477	1
5478	0
5479	0
5480	0
5481	1
5482	2
5483	1
5484	1
5485	2
5486	3
5487	2
5488	2
5489	1
5490	0
5491	3
5492	0
5493	0
5494	1
5495	1
5496	1
5497	5
5498	2
5499	3
5500	2
5501	3
5502	1
5503	1
5504	1
5505	1
5506	2
5507	0
5508	6
5509	0
5510	1
5511	1
5512	2
5513	2
5514	1
5515	0
5516	2
5517	1
5518	3
5519	1
5520	0
5521	1
5522	3
5523	1
5524	1
5525	2
5526	1
5527	1
5528	5
5529	1
5530	0
5531	1
5532	0
5533	0
5534	2
5535	0
5536	0
5537	2
5538	0
5539	2
5540	3
5541	0
5542	4
5543	2
5544	1
5545	0
5546	1
5547	3
5548	0
5549	0
5550	0
5551	0
5552	1
5553	2
5554	0
5555	0
5556	2
5557	1
5558	2
5559	3
5560	0
5561	0
5562	2
5563	3
5564	0
5565	1
5566	2
5567	1
5568	0
5569	1
5570	0
5571	0
5572	5
5573	2
5574	0
5575	0
5576	4
5577	3
5578	0
5579	2
5580	1
5581	1
5582	0
5583	0
5584	1
5585	0
5586	1
5587	1
5588	2
5589	2
5590	1
5591	1
5592	3
5593	1
5594	1
5595	1
5596	1
5597	2
5598	0
5599	1
5600	0
5601	0
5602	0
5603	1
5604	3
5605	0
5606	3
5607	1
5608	0
5609	1
5610	2
5611	1
5612	0
5613	2
5614	1
5615	2
5616	2
5617	0
5618	4
5619	1
5620	1
5621	2
5622	1
5623	0
5624	0
5625	0
5626	0
5627	0
5628	0
5629	0
5630	1
5631	2
5632	3
5633	1
5634	1
5635	2
5636	1
5637	0
5638	1
5639	2
5640	1
5641	2
5642	2
5643	0
5644	2
5645	0
5646	1
5647	1
5648	1
5649	3
5650	0
5651	0
5652	0
5653	1
5654	1
5655	2
5656	1
5657	1
5658	1
5659	3
5660	1
5661	1
5662	3
5663	0
5664	1
5665	2
5666	1
5667	3
5668	0
5669	3
5670	0
5671	0
5672	3
5673	1
5674	2
5675	1
5676	0
5677	0
5678	0
5679	0
5680	0
5681	2
5682	0
5683	2
5684	1
5685	1
5686	1
5687	1
5688	1
5689	4
5690	0
5691	0
5692	1
5693	1
5694	0
5695	2
5696	1
5697	2
5698	2
5699	1
5700	1
5701	1
5702	2
5703	1
5704	2
5705	1
5706	0
5707	2
5708	3
5709	2
5710	1
5711	3
5712	1
5713	3
5714	1
5715	0
5716	0
5717	0
5718	1
5719	1
5720	1
5721	0
5722	1
5723	2
5724	1
5725	2
5726	2
5727	0
5728	0
5729	1
5730	3
5731	2
5732	2
5733	1
5734	0
5735	0
5736	1
5737	0
5738	1
5739	2
5740	0
5741	0
5742	0
5743	2
5744	2
5745	1
5746	0
5747	1
5748	0
5749	2
5750	0
5751	0
5752	1
5753	0
5754	3
5755	2
5756	0
5757	2
5758	1
5759	3
5760	1
5761	2
5762	1
5763	1
5764	0
5765	3
5766	1
5767	1
5768	1
5769	3
5770	1
5771	1
5772	0
5773	1
5774	2
5775	3
5776	0
5777	1
5778	0
5779	0
5780	1
5781	4
5782	2
5783	1
5784	3
5785	1
5786	2
5787	1
5788	0
5789	3
5790	2
5791	0
5792	2
5793	1
5794	2
5795	2
5796	0
5797	1
5798	1
5799	0
5800	3
5801	0
5802	1
5803	1
5804	1
5805	0
5806	2
5807	1
5808	0
5809	3
5810	0
5811	2
5812	1
5813	0
5814	0
5815	2
5816	0
5817	0
5818	0
5819	2
5820	2
5821	0
5822	1
5823	2
5824	1
5825	0
5826	0
5827	0
5828	1
5829	1
5830	1
5831	0
5832	1
5833	3
5834	0
5835	2
5836	0
5837	0
5838	0
5839	1
5840	1
5841	1
5842	1
5843	1
5844	1
5845	0
5846	2
5847	2
5848	0
5849	1
5850	2
5851	0
5852	1
5853	0
5854	1
5855	3
5856	1
5857	4
5858	2
5859	0
5860	1
5861	1
5862	1
5863	0
5864	1
5865	0
5866	0
5867	0
5868	0
5869	0
5870	2
5871	0
5872	2
5873	0
5874	0
5875	1
5876	1
5877	1
5878	0
5879	2
5880	1
5881	1
5882	0
5883	2
5884	3
5885	1
5886	1
5887	0
5888	2
5889	1
5890	2
5891	0
5892	1
5893	0
5894	0
5895	0
5896	2
5897	1
5898	1
5899	2
5900	2
5901	1
5902	3
5903	3
5904	0
5905	1
5906	0
5907	2
5908	2
5909	0
5910	2
5911	2
5912	1
5913	0
5914	1
5915	0
5916	0
5917	2
5918	4
5919	3
5920	0
5921	0
5922	1
5923	0
5924	1
5925	3
5926	2
5927	0
5928	3
5929	0
5930	0
5931	2
5932	1
5933	1
5934	1
5935	0
5936	0
5937	2
5938	2
5939	2
5940	0
5941	2
5942	0
5943	1
5944	2
5945	1
5946	1
5947	0
5948	1
5949	2
5950	0
5951	2
5952	1
5953	1
5954	0
5955	1
5956	1
5957	0
5958	2
5959	0
5960	1
5961	1
5962	2
5963	3
5964	2
5965	1
5966	0
5967	0
5968	2
5969	1
5970	1
5971	1
5972	0
5973	2
5974	0
5975	1
5976	2
5977	2
5978	0
5979	0
5980	0
5981	3
5982	2
5983	1
5984	0
5985	1
5986	2
5987	2
5988	1
5989	0
5990	0
5991	0
5992	1
5993	1
5994	3
5995	4
5996	0
5997	2
5998	1
5999	1
6000	0
6001	1
6002	0
6003	2
6004	0
6005	1
6006	0
6007	1
6008	0
6009	2
6010	1
6011	2
6012	1
6013	2
6014	1
6015	1
6016	0
6017	1
6018	0
6019	1
6020	1
6021	1
6022	0
6023	1
6024	0
6025	1
6026	0
6027	1
6028	1
6029	3
6030	3
6031	2
6032	0
6033	3
6034	0
6035	0
6036	3
6037	0
6038	2
6039	1
6040	0
6041	1
6042	0
6043	2
6044	0
6045	0
6046	0
6047	1
6048	2
6049	1
6050	1
6051	0
6052	2
6053	1
6054	1
6055	1
6056	0
6057	1
6058	5
6059	1
6060	0
6061	1
6062	0
6063	1
6064	1
6065	3
6066	0
6067	3
6068	3
6069	1
6070	1
6071	0
6072	1
6073	2
6074	3
6075	1
6076	1
6077	0
6078	1
6079	1
6080	0
6081	1
6082	1
6083	1
6084	1
6085	0
6086	3
6087	3
6088	2
6089	0
6090	0
6091	1
6092	3
6093	2
6094	0
6095	1
6096	0
6097	0
6098	2
6099	0
6100	1
6101	3
6102	2
6103	2
6104	0
6105	1
6106	0
6107	1
6108	4
6109	0
6110	0
6111	1
6112	0
6113	2
6114	2
6115	1
6116	1
6117	0
6118	1
6119	2
6120	1
6121	0
6122	2
6123	0
6124	2
6125	2
6126	2
6127	1
6128	0
6129	2
6130	2
6131	4
6132	0
6133	0
6134	1
6135	2
6136	4
6137	3
6138	1
6139	3
6140	0
6141	0
6142	1
6143	2
6144	0
6145	1
6146	0
6147	0
6148	0
6149	1
6150	0
6151	1
6152	0
6153	1
6154	1
6155	2
6156	3
6157	0
6158	3
6159	2
6160	2
6161	0
6162	1
6163	0
6164	1
6165	1
6166	1
6167	2
6168	1
6169	0
6170	0
6171	2
6172	3
6173	1
6174	4
6175	1
6176	3
6177	1
6178	1
6179	0
6180	2
6181	3
6182	2
6183	1
6184	0
6185	0
6186	0
6187	1
6188	1
6189	2
6190	1
6191	1
6192	1
6193	0
6194	3
6195	1
6196	0
6197	0
6198	2
6199	0
6200	0
6201	0
6202	2
6203	1
6204	1
6205	0
6206	2
6207	4
6208	0
6209	0
6210	1
6211	0
6212	2
6213	1
6214	1
6215	0
6216	1
6217	0
6218	1
6219	0
6220	2
6221	1
6222	2
6223	0
6224	1
6225	0
6226	1
6227	2
6228	2
6229	0
6230	0
6231	2
6232	1
6233	1
6234	1
6235	1
6236	2
6237	0
6238	0
6239	2
6240	2
6241	3
6242	2
6243	1
6244	0
6245	1
6246	2
6247	1
6248	1
6249	0
6250	1
6251	0
6252	1
6253	1
6254	0
6255	2
6256	2
6257	0
6258	2
6259	1
6260	0
6261	0
6262	0
6263	0
6264	2
6265	0
6266	0
6267	2
6268	1
6269	0
6270	3
6271	2
6272	1
6273	1
6274	1
6275	1
6276	1
6277	1
6278	2
6279	1
6280	1
6281	0
6282	1
6283	3
6284	1
6285	2
6286	2
6287	0
6288	1
6289	1
6290	1
6291	2
6292	0
6293	2
6294	1
6295	0
6296	0
6297	0
6298	1
6299	1
6300	1
6301	0
6302	0
6303	0
6304	0
6305	3
6306	1
6307	2
6308	0
6309	1
6310	1
6311	0
6312	1
6313	4
6314	0
6315	1
6316	2
6317	1
6318	1
6319	0
6320	1
6321	0
6322	1
6323	1
6324	4
6325	0
6326	2
6327	5
6328	2
6329	1
6330	0
6331	3
6332	3
6333	1
6334	1
6335	1
6336	5
6337	0
6338	1
6339	5
6340	1
6341	1
6342	7
6343	0
6344	0
6345	2
6346	1
6347	1
6348	1
6349	0
6350	1
6351	2
6352	0
6353	1
6354	0
6355	1
6356	0
6357	4
6358	2
6359	0
6360	1
6361	1
6362	1
6363	0
6364	1
6365	2
6366	1
6367	0
6368	0
6369	0
6370	1
6371	2
6372	1
6373	0
6374	0
6375	3
6376	2
6377	1
6378	0
6379	1
6380	0
6381	0
6382	0
6383	0
6384	0
6385	3
6386	0
6387	1
6388	1
6389	1
6390	1
6391	0
6392	4
6393	0
6394	0
6395	0
6396	2
6397	1
6398	1
6399	0
6400	1
6401	2
6402	1
6403	1
6404	0
6405	1
6406	1
6407	0
6408	1
6409	1
6410	1
6411	0
6412	1
6413	0
6414	2
6415	1
6416	2
6417	1
6418	2
6419	1
6420	1
6421	1
6422	2
6423	0
6424	1
6425	3
6426	3
6427	0
6428	0
6429	2
6430	1
6431	1
6432	1
6433	2
6434	2
6435	1
6436	1
6437	1
6438	0
6439	0
6440	0
6441	0
6442	2
6443	2
6444	0
6445	2
6446	1
6447	2
6448	0
6449	1
6450	1
6451	2
6452	1
6453	1
6454	0
6455	0
6456	0
6457	7
6458	0
6459	0
6460	1
6461	0
6462	2
6463	3
6464	0
6465	2
6466	2
6467	1
6468	0
6469	1
6470	1
6471	0
6472	0
6473	1
6474	1
6475	1
6476	1
6477	0
6478	1
6479	0
6480	1
6481	1
6482	0
6483	0
6484	1
6485	0
6486	1
6487	0
6488	3
6489	1
6490	0
6491	0
6492	1
6493	0
6494	1
6495	2
6496	3
6497	1
6498	0
6499	1
6500	0
6501	2
6502	2
6503	0
6504	0
6505	0
6506	0
6507	1
6508	0
6509	2
6510	1
6511	0
6512	2
6513	1
6514	0
6515	2
6516	0
6517	0
6518	0
6519	2
6520	1
6521	0
6522	1
6523	0
6524	0
6525	0
6526	0
6527	0
6528	2
6529	2
6530	0
6531	0
6532	0
6533	1
6534	0
6535	1
6536	2
6537	1
6538	1
6539	1
6540	1
6541	2
6542	0
6543	2
6544	1
6545	1
6546	4
6547	1
6548	0
6549	0
6550	0
6551	1
6552	2
6553	0
6554	4
6555	1
6556	3
6557	1
6558	1
6559	0
6560	0
6561	2
6562	2
6563	2
6564	0
6565	1
6566	1
6567	0
6568	2
6569	2
6570	1
6571	1
6572	1
6573	1
6574	1
6575	0
6576	1
6577	1
6578	2
6579	2
6580	4
6581	0
6582	0
6583	1
6584	1
6585	0
6586	2
6587	1
6588	0
6589	5
6590	0
6591	0
6592	2
6593	2
6594	2
6595	1
6596	1
6597	3
6598	0
6599	0
6600	2
6601	0
6602	0
6603	1
6604	1
6605	1
6606	0
6607	1
6608	0
6609	1
6610	1
6611	1
6612	1
6613	4
6614	2
6615	0
6616	3
6617	3
6618	1
6619	2
6620	1
6621	0
6622	3
6623	0
6624	0
6625	1
6626	1
6627	1
6628	0
6629	1
6630	1
6631	1
6632	1
6633	0
6634	1
6635	1
6636	0
6637	1
6638	0
6639	1
6640	1
6641	2
6642	1
6643	1
6644	3
6645	1
6646	1
6647	3
6648	6
6649	0
6650	2
6651	1
6652	1
6653	5
6654	0
6655	2
6656	1
6657	2
6658	1
6659	1
6660	1
6661	0
6662	0
6663	0
6664	0
6665	1
6666	1
6667	1
6668	1
6669	0
6670	0
6671	1
6672	1
6673	5
6674	1
6675	1
6676	1
6677	1
6678	1
6679	2
6680	0
6681	0
6682	3
6683	0
6684	3
6685	0
6686	0
6687	0
6688	0
6689	1
6690	1
6691	0
6692	3
6693	3
6694	0
6695	1
6696	1
6697	1
6698	2
6699	0
6700	1
6701	1
6702	0
6703	0
6704	2
6705	0
6706	0
6707	1
6708	0
6709	2
6710	0
6711	0
6712	1
6713	1
6714	0
6715	1
6716	0
6717	0
6718	0
6719	0
6720	0
6721	1
6722	2
6723	2
6724	1
6725	0
6726	1
6727	2
6728	0
6729	1
6730	2
6731	1
6732	3
6733	2
6734	0
6735	0
6736	0
6737	2
6738	3
6739	1
6740	0
6741	1
6742	0
6743	3
6744	0
6745	1
6746	1
6747	1
6748	0
6749	1
6750	0
6751	1
6752	0
6753	2
6754	0
6755	0
6756	1
6757	1
6758	3
6759	0
6760	1
6761	3
6762	0
6763	3
6764	0
6765	1
6766	1
6767	1
6768	2
6769	0
6770	1
6771	1
6772	1
6773	2
6774	0
6775	2
6776	0
6777	0
6778	2
6779	1
6780	0
6781	0
6782	0
6783	0
6784	0
6785	1
6786	2
6787	1
6788	1
6789	3
6790	2
6791	1
6792	0
6793	1
6794	1
6795	1
6796	0
6797	0
6798	0
6799	1
6800	0
6801	2
6802	1
6803	1
6804	1
6805	1
6806	0
6807	3
6808	0
6809	0
6810	2
6811	1
6812	2
6813	0
6814	2
6815	3
6816	1
6817	0
6818	0
6819	0
6820	0
6821	1
6822	1
6823	1
6824	0
6825	3
6826	0
6827	0
6828	1
6829	1
6830	0
6831	0
6832	0
6833	0
6834	2
6835	2
6836	0
6837	1
6838	2
6839	0
6840	3
6841	1
6842	1
6843	1
6844	0
6845	1
6846	2
6847	2
6848	0
6849	1
6850	0
6851	2
6852	1
6853	2
6854	0
6855	0
6856	0
6857	0
6858	0
6859	0
6860	0
6861	1
6862	1
6863	3
6864	0
6865	1
6866	1
6867	0
6868	3
6869	1
6870	1
6871	1
6872	0
6873	1
6874	1
6875	1
6876	0
6877	3
6878	1
6879	0
6880	0
6881	2
6882	0
6883	1
6884	0
6885	0
6886	2
6887	0
6888	1
6889	0
6890	0
6891	2
6892	0
6893	0
6894	0
6895	1
6896	0
6897	1
6898	0
6899	1
6900	3
6901	2
6902	2
6903	1
6904	1
6905	2
6906	0
6907	1
6908	0
6909	0
6910	0
6911	0
6912	0
6913	0
6914	2
6915	0
6916	0
6917	1
6918	4
6919	1
6920	1
6921	0
6922	0
6923	0
6924	1
6925	2
6926	2
6927	0
6928	2
6929	0
6930	1
6931	1
6932	1
6933	0
6934	0
6935	1
6936	2
6937	1
6938	0
6939	1
6940	3
6941	0
6942	0
6943	0
6944	0
6945	1
6946	1
6947	1
6948	0
6949	0
6950	0
6951	0
6952	2
6953	0
6954	1
6955	3
6956	2
6957	3
6958	0
6959	1
6960	4
6961	1
6962	2
6963	0
6964	4
6965	1
6966	1
6967	0
6968	0
6969	1
6970	0
6971	1
6972	1
6973	2
6974	2
6975	1
6976	1
6977	2
6978	3
6979	0
6980	1
6981	0
6982	0
6983	1
6984	1
6985	0
6986	1
6987	1
6988	0
6989	1
6990	0
6991	0
6992	0
6993	0
6994	1
6995	0
6996	1
6997	2
6998	0
6999	1
7000	2
7001	2
7002	1
7003	1
7004	0
7005	2
7006	0
7007	1
7008	1
7009	1
7010	1
7011	0
7012	0
7013	0
7014	4
7015	0
7016	1
7017	1
7018	1
7019	0
7020	1
7021	1
7022	1
7023	2
7024	0
7025	2
7026	0
7027	0
7028	0
7029	0
7030	2
7031	1
7032	0
7033	3
7034	0
7035	0
7036	1
7037	1
7038	2
7039	1
7040	0
7041	0
7042	1
7043	1
7044	1
7045	0
7046	1
7047	0
7048	0
7049	0
7050	0
7051	0
7052	0
7053	0
7054	3
7055	0
7056	0
7057	2
7058	1
7059	1
7060	1
7061	1
7062	0
7063	1
7064	0
7065	1
7066	0
7067	2
7068	0
7069	0
7070	1
7071	1
7072	0
7073	0
7074	0
7075	1
7076	1
7077	1
7078	0
7079	0
7080	0
7081	0
7082	0
7083	1
7084	1
7085	1
7086	0
7087	3
7088	2
7089	0
7090	0
7091	2
7092	0
7093	2
7094	2
7095	0
7096	2
7097	0
7098	1
7099	2
7100	0
7101	0
7102	1
7103	0
7104	1
7105	2
7106	0
7107	0
7108	1
7109	0
7110	0
7111	2
7112	0
7113	0
7114	1
7115	2
7116	0
7117	0
7118	0
7119	2
7120	1
7121	1
7122	0
7123	2
7124	1
7125	1
7126	1
7127	0
7128	0
7129	2
7130	2
7131	2
7132	1
7133	1
7134	0
7135	0
7136	0
7137	0
7138	0
7139	1
7140	1
7141	0
7142	2
7143	0
7144	1
7145	1
7146	1
7147	1
7148	0
7149	0
7150	1
7151	0
7152	2
7153	3
7154	1
7155	2
7156	0
7157	0
7158	1
7159	0
7160	0
7161	0
7162	0
7163	0
7164	2
7165	0
7166	2
7167	2
7168	0
7169	1
7170	2
7171	0
7172	1
7173	0
7174	0
7175	1
7176	0
7177	0
7178	0
7179	0
7180	5
7181	0
7182	0
7183	2
7184	0
7185	0
7186	0
7187	1
7188	0
7189	0
7190	1
7191	2
7192	0
7193	0
7194	1
7195	1
7196	1
7197	0
7198	0
7199	1
7200	2
7201	1
7202	0
7203	1
7204	1
7205	1
7206	0
7207	0
7208	0
7209	1
7210	0
7211	1
7212	0
7213	0
7214	1
7215	0
7216	1
7217	1
7218	1
7219	0
7220	2
7221	1
7222	2
7223	1
7224	1
7225	0
7226	0
7227	2
7228	4
7229	0
7230	0
7231	0
7232	3
7233	1
7234	1
7235	0
7236	0
7237	1
7238	0
7239	2
7240	0
7241	0
7242	2
7243	1
7244	1
7245	2
7246	1
7247	1
7248	1
7249	2
7250	0
7251	0
7252	2
7253	1
7254	2
7255	0
7256	2
7257	3
7258	1
7259	0
7260	1
7261	2
7262	0
7263	0
7264	0
7265	0
7266	1
7267	3
7268	1
7269	0
7270	0
7271	2
7272	0
7273	1
7274	0
7275	0
7276	0
7277	1
7278	0
7279	1
7280	3
7281	2
7282	2
7283	1
7284	1
7285	2
7286	0
7287	1
7288	2
7289	0
7290	2
7291	2
7292	0
7293	1
7294	0
7295	1
7296	0
7297	0
7298	1
7299	2
7300	0
7301	1
7302	1
7303	0
7304	0
7305	0
7306	0
7307	1
7308	0
7309	0
7310	0
7311	0
7312	0
7313	0
7314	0
7315	3
7316	2
7317	2
7318	0
7319	1
7320	2
7321	0
7322	2
7323	0
7324	1
7325	2
7326	1
7327	1
7328	0
7329	2
7330	0
7331	0
7332	1
7333	0
7334	0
7335	2
7336	1
7337	2
7338	0
7339	1
7340	0
7341	2
7342	1
7343	0
7344	0
7345	0
7346	2
7347	0
7348	1
7349	0
7350	1
7351	0
7352	0
7353	0
7354	0
7355	1
7356	0
7357	0
7358	0
7359	1
7360	0
7361	0
7362	0
7363	3
7364	1
7365	0
7366	0
7367	1
7368	1
7369	0
7370	2
7371	0
7372	1
7373	1
7374	1
7375	3
7376	0
7377	0
7378	0
7379	0
7380	2
7381	0
7382	0
7383	0
7384	0
7385	0
7386	1
7387	3
7388	0
7389	1
7390	0
7391	3
7392	1
7393	0
7394	1
7395	2
7396	1
7397	1
7398	0
7399	0
7400	3
7401	3
7402	4
7403	0
7404	0
7405	0
7406	1
7407	1
7408	1
7409	1
7410	4
7411	0
7412	0
7413	2
7414	1
7415	2
7416	0
7417	1
7418	2
7419	1
7420	1
7421	1
7422	1
7423	2
7424	1
7425	2
7426	1
7427	1
7428	1
7429	1
7430	1
7431	2
7432	0
7433	0
7434	0
7435	0
7436	0
7437	1
7438	1
7439	0
7440	0
7441	0
7442	2
7443	0
7444	2
7445	0
7446	2
7447	0
7448	0
7449	1
7450	0
7451	1
7452	1
7453	1
7454	2
7455	0
7456	0
7457	0
7458	1
7459	2
7460	0
7461	0
7462	0
7463	1
7464	0
7465	1
7466	0
7467	1
7468	0
7469	0
7470	0
7471	0
7472	1
7473	0
7474	2
7475	0
7476	0
7477	0
7478	2
7479	1
7480	2
7481	1
7482	1
7483	0
7484	1
7485	1
7486	0
7487	0
7488	0
7489	0
7490	1
7491	1
7492	1
7493	1
7494	0
7495	0
7496	1
7497	0
7498	0
7499	1
7500	2
7501	0
7502	1
7503	1
7504	1
7505	0
7506	0
7507	0
7508	0
7509	1
7510	1
7511	1
7512	0
7513	0
7514	1
7515	0
7516	2
7517	1
7518	1
7519	1
7520	1
7521	0
7522	1
7523	0
7524	0
7525	2
7526	1
7527	1
7528	1
7529	0
7530	0
7531	0
7532	1
7533	0
7534	1
7535	0
7536	2
7537	0
7538	0
7539	0
7540	1
7541	0
7542	1
7543	0
7544	1
7545	1
7546	1
7547	1
7548	1
7549	1
7550	0
7551	0
7552	1
7553	1
7554	0
7555	1
7556	0
7557	2
7558	0
7559	0
7560	1
7561	0
7562	1
7563	0
7564	0
7565	1
7566	3
7567	2
7568	0
7569	0
7570	0
7571	0
7572	2
7573	0
7574	3
7575	0
7576	0
7577	0
7578	2
7579	1
7580	1
7581	0
7582	0
7583	0
7584	0
7585	1
7586	1
7587	0
7588	0
7589	2
7590	1
7591	1
7592	1
7593	1
7594	1
7595	1
7596	2
7597	0
7598	0
7599	1
7600	2
7601	1
7602	1
7603	0
7604	0
7605	0
7606	1
7607	1
7608	3
7609	0
7610	0
7611	0
7612	0
7613	0
7614	1
7615	0
7616	3
7617	2
7618	1
7619	3
7620	0
7621	1
7622	0
7623	2
7624	0
7625	1
7626	0
7627	1
7628	3
7629	0
7630	0
7631	0
7632	0
7633	1
7634	1
7635	0
7636	1
7637	4
7638	1
7639	0
7640	0
7641	1
7642	0
7643	0
7644	2
7645	0
7646	3
7647	1
7648	0
7649	2
7650	0
7651	2
7652	1
7653	1
7654	0
7655	3
7656	1
7657	0
7658	3
7659	0
7660	1
7661	0
7662	2
7663	1
7664	0
7665	1
7666	1
7667	1
7668	1
7669	0
7670	1
7671	1
7672	1
7673	1
7674	3
7675	3
7676	0
7677	1
7678	2
7679	0
7680	1
7681	0
7682	1
7683	0
7684	0
7685	0
7686	0
7687	1
7688	1
7689	0
7690	1
7691	2
7692	2
7693	1
7694	1
7695	0
7696	2
7697	1
7698	1
7699	1
7700	0
7701	0
7702	1
7703	1
7704	1
7705	0
7706	0
7707	0
7708	1
7709	1
7710	2
7711	2
7712	1
7713	1
7714	0
7715	2
7716	0
7717	1
7718	1
7719	1
7720	1
7721	0
7722	0
7723	1
7724	1
7725	1
7726	1
7727	1
7728	1
7729	0
7730	0
7731	1
7732	0
7733	0
7734	1
7735	0
7736	1
7737	0
7738	1
7739	4
7740	1
7741	0
7742	1
7743	0
7744	1
7745	0
7746	0
7747	0
7748	1
7749	0
7750	2
7751	1
7752	0
7753	1
7754	1
7755	1
7756	1
7757	0
7758	0
7759	1
7760	0
7761	0
7762	1
7763	1
7764	1
7765	0
7766	2
7767	0
7768	1
7769	3
7770	1
7771	2
7772	2
7773	1
7774	0
7775	1
7776	0
7777	3
7778	0
7779	1
7780	0
7781	1
7782	2
7783	0
7784	1
7785	0
7786	2
7787	1
7788	1
7789	3
7790	2
7791	1
7792	0
7793	2
7794	0
7795	0
7796	1
7797	0
7798	0
7799	2
7800	2
7801	1
7802	0
7803	0
7804	1
7805	1
7806	0
7807	1
7808	1
7809	2
7810	1
7811	3
7812	2
7813	0
7814	1
7815	0
7816	0
7817	0
7818	0
7819	0
7820	1
7821	0
7822	0
7823	0
7824	0
7825	0
7826	2
7827	0
7828	1
7829	1
7830	0
7831	1
7832	2
7833	3
7834	2
7835	0
7836	0
7837	1
7838	0
7839	1
7840	0
7841	0
7842	0
7843	0
7844	0
7845	2
7846	0
7847	2
7848	2
7849	0
7850	1
7851	0
7852	0
7853	0
7854	0
7855	0
7856	1
7857	0
7858	0
7859	1
7860	1
7861	1
7862	2
7863	0
7864	0
7865	1
7866	1
7867	0
7868	1
7869	0
7870	0
7871	1
7872	0
7873	1
7874	1
7875	0
7876	0
7877	0
7878	0
7879	0
7880	0
7881	3
7882	0
7883	0
7884	1
7885	1
7886	1
7887	1
7888	0
7889	1
7890	1
7891	1
7892	0
7893	1
7894	1
7895	1
7896	0
7897	0
7898	1
7899	2
7900	0
7901	0
7902	0
7903	4
7904	0
7905	1
7906	2
7907	1
7908	1
7909	0
7910	0
7911	0
7912	0
7913	0
7914	2
7915	1
7916	0
7917	2
7918	1
7919	2
7920	1
7921	0
7922	0
7923	0
7924	0
7925	1
7926	1
7927	2
7928	0
7929	2
7930	0
7931	1
7932	1
7933	2
7934	0
7935	0
7936	0
7937	0
7938	0
7939	2
7940	1
7941	0
7942	1
7943	0
7944	1
7945	1
7946	0
7947	0
7948	3
7949	2
7950	0
7951	0
7952	2
7953	1
7954	1
7955	2
7956	0
7957	0
7958	2
7959	1
7960	1
7961	0
7962	0
7963	0
7964	2
7965	2
7966	1
7967	0
7968	1
7969	1
7970	0
7971	1
7972	0
7973	1
7974	3
7975	0
7976	0
7977	0
7978	2
7979	0
7980	0
7981	1
7982	0
7983	0
7984	2
7985	1
7986	2
7987	1
7988	0
7989	1
7990	0
7991	0
7992	1
7993	1
7994	0
7995	1
7996	0
7997	0
7998	1
7999	1
8000	0
8001	0
8002	0
8003	0
8004	0
8005	2
8006	1
8007	1
8008	1
8009	0
8010	0
8011	1
8012	0
8013	2
8014	1
8015	0
8016	1
8017	1
8018	1
8019	1
8020	0
8021	1
8022	2
8023	2
8024	0
8025	0
8026	0
8027	1
8028	0
8029	1
8030	1
8031	0
8032	0
8033	1
8034	1
8035	0
8036	0
8037	1
8038	0
8039	2
8040	0
8041	0
8042	2
8043	1
8044	1
8045	1
8046	1
8047	0
8048	0
8049	1
8050	0
8051	2
8052	0
8053	1
8054	2
8055	0
8056	0
8057	1
8058	0
8059	0
8060	1
8061	1
8062	2
8063	0
8064	0
8065	1
8066	0
8067	0
8068	0
8069	0
8070	1
8071	0
8072	2
8073	0
8074	2
8075	0
8076	1
8077	1
8078	2
8079	1
8080	1
8081	0
8082	0
8083	0
8084	0
8085	0
8086	0
8087	0
8088	0
8089	0
8090	0
8091	0
8092	0
8093	0
8094	0
8095	0
8096	0
8097	0
8098	0
8099	0
8100	0
8101	0
8102	0
8103	0
8104	0
8105	0
8106	0
8107	0
8108	0
8109	0
8110	0
8111	0
8112	0
8113	0
8114	0
8115	0
8116	0
8117	0
8118	0
8119	0
8120	0
8121	0
8122	0
8123	0
8124	0
8125	0
8126	0
8127	0
8128	0
8129	0
8130	0
8131	0
8132	0
8133	0
8134	0
8135	0
8136	0
8137	0
8138	0
8139	0
8140	0
8141	0
8142	0
8143	0
8144	0
8145	0
8146	0
8147	0
8148	0
8149	0
8150	0
8151	0
8152	0
8153	0
8154	0
8155	0
8156	0
8157	0
8158	0
8159	0
8160	0
8161	0
8162	0
8163	0
8164	0
8165	0
8166	0
8167	0
8168	0
8169	0
8170	0
8171	0
8172	0
8173	0
8174	0
8175	0
8176	0
8177	0
8178	0
8179	0
8180	0
8181	0
8182	0
8183	0
8184	0
8185	0
8186	0
8187	0
8188	0
8189	0
8190	0
8191	0
