0	0
1	0
2	0
3	0
4	0
5	0
6	0
7	0
8	0
9	0
10	0
11	0
12	0
13	0
14	0
15	0
16	0
17	0
18	0
19	0
20	0
21	0
22	0
23	0
24	0
25	0
26	0
27	0
28	0
29	0
30	0
31	0
32	0
33	0
34	0
35	0
36	0
37	0
38	0
39	0
40	0
41	0
42	0
43	0
44	0
45	0
46	0
47	0
48	0
49	0
50	0
51	0
52	0
53	0
54	0
55	0
56	0
57	0
58	0
59	0
60	0
61	0
62	0
63	0
64	0
65	0
66	0
67	0
68	0
69	0
70	0
71	0
72	0
73	0
74	0
75	0
76	0
77	0
78	0
79	0
80	0
81	0
82	0
83	0
84	1
85	15
86	20
87	30
88	38
89	25
90	25
91	32
92	31
93	29
94	28
95	35
96	44
97	25
98	33
99	31
100	36
101	42
102	41
103	32
104	30
105	40
106	16
107	39
108	31
109	22
110	30
111	26
112	33
113	31
114	22
115	36
116	30
117	25
118	32
119	34
120	28
121	30
122	31
123	34
124	26
125	39
126	29
127	38
128	38
129	32
130	22
131	37
132	34
133	40
134	26
135	36
136	34
137	40
138	42
139	29
140	28
141	28
142	34
143	30
144	28
145	33
146	31
147	31
148	36
149	49
150	26
151	26
152	27
153	57
154	31
155	35
156	40
157	36
158	33
159	33
160	33
161	32
162	33
163	33
164	35
165	32
166	36
167	26
168	24
169	25
170	26
171	44
172	34
173	42
174	30
175	38
176	48
177	24
178	37
179	26
180	31
181	27
182	39
183	28
184	26
185	32
186	26
187	34
188	31
189	35
190	41
191	32
192	33
193	34
194	44
195	40
196	40
197	37
198	31
199	29
200	35
201	26
202	25
203	33
204	35
205	30
206	34
207	42
208	34
209	38
210	45
211	41
212	24
213	32
214	41
215	40
216	31
217	48
218	37
219	32
220	38
221	38
222	34
223	35
224	25
225	32
226	31
227	34
228	33
229	35
230	28
231	21
232	36
233	39
234	36
235	29
236	35
237	39
238	33
239	29
240	37
241	43
242	34
243	36
244	31
245	35
246	38
247	28
248	34
249	25
250	35
251	27
252	32
253	46
254	30
255	34
256	36
257	32
258	41
259	34
260	30
261	39
262	39
263	26
264	36
265	36
266	35
267	42
268	40
269	27
270	22
271	35
272	41
273	35
274	29
275	40
276	33
277	42
278	35
279	31
280	35
281	41
282	28
283	35
284	40
285	40
286	33
287	38
288	47
289	40
290	47
291	29
292	26
293	34
294	41
295	26
296	44
297	49
298	40
299	34
300	48
301	45
302	42
303	35
304	33
305	39
306	27
307	39
308	38
309	40
310	25
311	28
312	31
313	50
314	40
315	34
316	32
317	45
318	34
319	38
320	37
321	41
322	29
323	33
324	37
325	27
326	40
327	31
328	35
329	39
330	43
331	44
332	31
333	41
334	34
335	36
336	25
337	33
338	25
339	29
340	37
341	31
342	34
343	35
344	41
345	37
346	41
347	31
348	45
349	41
350	30
351	41
352	43
353	34
354	49
355	34
356	40
357	32
358	39
359	40
360	45
361	42
362	31
363	41
364	46
365	41
366	36
367	31
368	40
369	38
370	34
371	45
372	41
373	39
374	37
375	35
376	36
377	36
378	40
379	39
380	35
381	33
382	41
383	45
384	43
385	37
386	40
387	29
388	51
389	31
390	36
391	32
392	45
393	52
394	37
395	44
396	51
397	23
398	38
399	44
400	51
401	39
402	28
403	44
404	42
405	27
406	41
407	35
408	26
409	26
410	30
411	42
412	38
413	36
414	30
415	48
416	32
417	36
418	30
419	29
420	30
421	36
422	36
423	32
424	39
425	41
426	53
427	35
428	34
429	37
430	33
431	37
432	37
433	41
434	55
435	37
436	48
437	40
438	36
439	28
440	45
441	50
442	33
443	33
444	32
445	32
446	27
447	34
448	47
449	37
450	42
451	40
452	45
453	32
454	44
455	44
456	44
457	40
458	45
459	49
460	47
461	41
462	49
463	40
464	52
465	49
466	35
467	39
468	40
469	45
470	36
471	40
472	44
473	38
474	46
475	38
476	45
477	32
478	46
479	42
480	28
481	52
482	40
483	44
484	44
485	33
486	38
487	51
488	29
489	36
490	46
491	44
492	35
493	35
494	48
495	39
496	37
497	33
498	41
499	34
500	38
501	36
502	42
503	49
504	36
505	40
506	38
507	36
508	45
509	45
510	38
511	39
512	55
513	32
514	42
515	35
516	42
517	44
518	34
519	41
520	39
521	42
522	47
523	49
524	31
525	54
526	52
527	46
528	48
529	57
530	43
531	44
532	45
533	43
534	51
535	47
536	39
537	36
538	45
539	52
540	44
541	51
542	35
543	41
544	49
545	42
546	39
547	44
548	44
549	33
550	63
551	40
552	42
553	48
554	44
555	43
556	45
557	59
558	45
559	40
560	52
561	37
562	44
563	47
564	39
565	52
566	58
567	42
568	42
569	46
570	45
571	53
572	53
573	53
574	55
575	49
576	59
577	46
578	43
579	39
580	64
581	49
582	37
583	57
584	42
585	49
586	59
587	58
588	60
589	56
590	48
591	55
592	49
593	50
594	40
595	40
596	40
597	51
598	64
599	41
600	60
601	57
602	49
603	47
604	59
605	51
606	53
607	46
608	78
609	54
610	47
611	62
612	55
613	61
614	64
615	55
616	49
617	49
618	39
619	40
620	65
621	56
622	48
623	46
624	50
625	50
626	56
627	42
628	57
629	52
630	53
631	56
632	44
633	55
634	56
635	52
636	62
637	50
638	64
639	53
640	51
641	49
642	57
643	43
644	51
645	45
646	49
647	54
648	63
649	53
650	52
651	43
652	46
653	39
654	44
655	45
656	54
657	49
658	48
659	38
660	54
661	57
662	38
663	39
664	56
665	58
666	51
667	53
668	53
669	45
670	55
671	52
672	66
673	38
674	54
675	45
676	61
677	54
678	44
679	52
680	53
681	51
682	49
683	57
684	49
685	55
686	51
687	60
688	42
689	61
690	53
691	49
692	52
693	53
694	39
695	64
696	57
697	60
698	48
699	53
700	41
701	43
702	50
703	50
704	57
705	38
706	55
707	58
708	64
709	40
710	42
711	54
712	68
713	49
714	48
715	54
716	54
717	65
718	47
719	47
720	61
721	34
722	53
723	43
724	42
725	64
726	56
727	50
728	46
729	34
730	56
731	48
732	48
733	54
734	49
735	55
736	48
737	40
738	41
739	41
740	38
741	36
742	45
743	39
744	64
745	46
746	56
747	51
748	57
749	46
750	40
751	49
752	67
753	44
754	50
755	51
756	38
757	43
758	40
759	52
760	62
761	50
762	43
763	45
764	44
765	54
766	35
767	55
768	41
769	59
770	50
771	41
772	41
773	44
774	56
775	45
776	59
777	58
778	48
779	50
780	49
781	44
782	61
783	47
784	50
785	53
786	46
787	42
788	58
789	47
790	48
791	52
792	48
793	44
794	53
795	47
796	49
797	40
798	34
799	47
800	47
801	43
802	34
803	51
804	56
805	42
806	37
807	47
808	48
809	36
810	53
811	50
812	51
813	44
814	46
815	46
816	42
817	57
818	54
819	43
820	47
821	56
822	52
823	69
824	61
825	48
826	59
827	58
828	40
829	57
830	59
831	41
832	49
833	48
834	61
835	52
836	55
837	49
838	48
839	45
840	52
841	56
842	45
843	53
844	52
845	58
846	45
847	62
848	34
849	49
850	49
851	52
852	36
853	48
854	59
855	44
856	62
857	55
858	62
859	42
860	69
861	44
862	50
863	41
864	46
865	62
866	47
867	53
868	43
869	47
870	52
871	38
872	48
873	43
874	43
875	50
876	44
877	54
878	49
879	49
880	52
881	36
882	61
883	49
884	52
885	43
886	49
887	43
888	38
889	45
890	62
891	54
892	46
893	49
894	39
895	53
896	60
897	46
898	57
899	51
900	56
901	39
902	55
903	40
904	44
905	55
906	52
907	40
908	63
909	52
910	37
911	52
912	50
913	63
914	63
915	42
916	48
917	50
918	52
919	65
920	51
921	53
922	56
923	61
924	62
925	49
926	59
927	47
928	69
929	48
930	56
931	45
932	50
933	43
934	58
935	57
936	52
937	55
938	53
939	57
940	53
941	48
942	43
943	51
944	49
945	63
946	43
947	52
948	60
949	54
950	50
951	52
952	50
953	76
954	52
955	63
956	54
957	52
958	45
959	45
960	45
961	52
962	58
963	49
964	55
965	68
966	48
967	69
968	45
969	52
970	43
971	52
972	53
973	41
974	44
975	56
976	51
977	61
978	44
979	56
980	48
981	56
982	54
983	48
984	51
985	52
986	51
987	55
988	51
989	59
990	47
991	56
992	45
993	47
994	55
995	39
996	48
997	59
998	51
999	45
1000	52
1001	66
1002	53
1003	48
1004	41
1005	66
1006	51
1007	58
1008	57
1009	57
1010	49
1011	51
1012	45
1013	60
1014	53
1015	57
1016	47
1017	39
1018	50
1019	48
1020	33
1021	73
1022	63
1023	45
1024	54
1025	39
1026	52
1027	59
1028	59
1029	47
1030	51
1031	58
1032	54
1033	59
1034	52
1035	62
1036	49
1037	65
1038	57
1039	53
1040	71
1041	62
1042	53
1043	54
1044	47
1045	52
1046	52
1047	63
1048	52
1049	54
1050	58
1051	43
1052	49
1053	49
1054	43
1055	63
1056	52
1057	44
1058	59
1059	55
1060	47
1061	64
1062	71
1063	61
1064	44
1065	53
1066	43
1067	60
1068	43
1069	49
1070	44
1071	55
1072	48
1073	56
1074	64
1075	48
1076	46
1077	51
1078	61
1079	49
1080	52
1081	52
1082	59
1083	58
1084	43
1085	54
1086	63
1087	46
1088	63
1089	39
1090	63
1091	52
1092	52
1093	64
1094	62
1095	59
1096	46
1097	49
1098	53
1099	46
1100	54
1101	53
1102	62
1103	55
1104	55
1105	51
1106	51
1107	55
1108	56
1109	48
1110	54
1111	78
1112	52
1113	47
1114	48
1115	48
1116	55
1117	55
1118	46
1119	57
1120	55
1121	48
1122	56
1123	79
1124	62
1125	54
1126	51
1127	53
1128	56
1129	44
1130	49
1131	50
1132	53
1133	56
1134	51
1135	57
1136	50
1137	64
1138	62
1139	62
1140	65
1141	51
1142	56
1143	58
1144	57
1145	50
1146	65
1147	46
1148	64
1149	60
1150	63
1151	67
1152	48
1153	60
1154	60
1155	54
1156	54
1157	63
1158	56
1159	67
1160	51
1161	53
1162	54
1163	56
1164	54
1165	52
1166	48
1167	57
1168	62
1169	63
1170	59
1171	48
1172	55
1173	52
1174	54
1175	71
1176	68
1177	59
1178	59
1179	57
1180	68
1181	52
1182	56
1183	60
1184	61
1185	58
1186	63
1187	57
1188	82
1189	47
1190	51
1191	66
1192	59
1193	52
1194	54
1195	65
1196	54
1197	60
1198	50
1199	49
1200	53
1201	52
1202	54
1203	31
1204	68
1205	55
1206	55
1207	54
1208	59
1209	56
1210	53
1211	52
1212	59
1213	52
1214	56
1215	52
1216	59
1217	44
1218	49
1219	65
1220	53
1221	59
1222	64
1223	48
1224	58
1225	55
1226	60
1227	54
1228	56
1229	64
1230	52
1231	51
1232	56
1233	65
1234	61
1235	62
1236	63
1237	61
1238	59
1239	60
1240	71
1241	70
1242	70
1243	52
1244	65
1245	41
1246	64
1247	63
1248	46
1249	53
1250	59
1251	50
1252	63
1253	58
1254	61
1255	58
1256	65
1257	57
1258	74
1259	58
1260	50
1261	56
1262	69
1263	51
1264	48
1265	45
1266	46
1267	62
1268	64
1269	56
1270	56
1271	49
1272	48
1273	57
1274	55
1275	60
1276	58
1277	53
1278	51
1279	56
1280	51
1281	57
1282	57
1283	63
1284	57
1285	52
1286	50
1287	59
1288	62
1289	51
1290	57
1291	53
1292	65
1293	63
1294	64
1295	55
1296	65
1297	57
1298	49
1299	47
1300	63
1301	56
1302	53
1303	53
1304	43
1305	66
1306	62
1307	67
1308	67
1309	58
1310	61
1311	65
1312	50
1313	75
1314	64
1315	67
1316	55
1317	59
1318	57
1319	58
1320	67
1321	69
1322	49
1323	56
1324	55
1325	49
1326	73
1327	68
1328	59
1329	51
1330	52
1331	46
1332	58
1333	61
1334	57
1335	55
1336	53
1337	58
1338	63
1339	56
1340	45
1341	68
1342	67
1343	55
1344	60
1345	58
1346	72
1347	76
1348	67
1349	58
1350	52
1351	58
1352	50
1353	68
1354	55
1355	45
1356	74
1357	61
1358	47
1359	72
1360	78
1361	58
1362	60
1363	62
1364	61
1365	60
1366	63
1367	72
1368	62
1369	61
1370	69
1371	68
1372	65
1373	61
1374	56
1375	64
1376	53
1377	75
1378	51
1379	57
1380	60
1381	59
1382	51
1383	67
1384	59
1385	83
1386	48
1387	55
1388	62
1389	50
1390	55
1391	74
1392	57
1393	61
1394	61
1395	56
1396	57
1397	61
1398	59
1399	53
1400	50
1401	63
1402	58
1403	51
1404	57
1405	57
1406	62
1407	64
1408	51
1409	58
1410	53
1411	63
1412	72
1413	45
1414	55
1415	74
1416	59
1417	53
1418	58
1419	63
1420	64
1421	49
1422	60
1423	66
1424	56
1425	50
1426	52
1427	48
1428	60
1429	49
1430	63
1431	59
1432	62
1433	63
1434	56
1435	42
1436	67
1437	54
1438	61
1439	54
1440	51
1441	56
1442	60
1443	54
1444	49
1445	59
1446	63
1447	53
1448	59
1449	60
1450	43
1451	51
1452	52
1453	64
1454	51
1455	46
1456	53
1457	65
1458	74
1459	60
1460	53
1461	50
1462	57
1463	45
1464	54
1465	60
1466	54
1467	52
1468	52
1469	49
1470	50
1471	58
1472	57
1473	44
1474	57
1475	67
1476	48
1477	45
1478	63
1479	48
1480	50
1481	52
1482	60
1483	41
1484	46
1485	64
1486	47
1487	51
1488	72
1489	53
1490	62
1491	63
1492	55
1493	65
1494	67
1495	58
1496	53
1497	54
1498	54
1499	52
1500	58
1501	54
1502	71
1503	64
1504	52
1505	51
1506	48
1507	44
1508	61
1509	47
1510	57
1511	63
1512	54
1513	57
1514	55
1515	52
1516	56
1517	48
1518	50
1519	64
1520	46
1521	40
1522	44
1523	66
1524	43
1525	60
1526	47
1527	55
1528	49
1529	55
1530	51
1531	66
1532	52
1533	57
1534	52
1535	64
1536	56
1537	54
1538	60
1539	46
1540	52
1541	49
1542	63
1543	37
1544	49
1545	48
1546	46
1547	44
1548	47
1549	44
1550	64
1551	51
1552	58
1553	42
1554	56
1555	48
1556	57
1557	46
1558	36
1559	58
1560	55
1561	51
1562	51
1563	63
1564	52
1565	41
1566	48
1567	51
1568	53
1569	54
1570	52
1571	47
1572	56
1573	47
1574	40
1575	43
1576	54
1577	52
1578	60
1579	54
1580	61
1581	47
1582	57
1583	39
1584	54
1585	43
1586	41
1587	49
1588	70
1589	63
1590	60
1591	61
1592	54
1593	49
1594	56
1595	51
1596	42
1597	58
1598	43
1599	56
1600	40
1601	55
1602	49
1603	56
1604	45
1605	54
1606	51
1607	52
1608	58
1609	49
1610	52
1611	44
1612	63
1613	63
1614	49
1615	58
1616	46
1617	44
1618	42
1619	65
1620	50
1621	70
1622	53
1623	50
1624	53
1625	62
1626	48
1627	43
1628	59
1629	61
1630	59
1631	47
1632	43
1633	38
1634	38
1635	56
1636	39
1637	37
1638	48
1639	50
1640	58
1641	44
1642	56
1643	55
1644	49
1645	55
1646	57
1647	48
1648	39
1649	63
1650	43
1651	46
1652	44
1653	51
1654	44
1655	53
1656	55
1657	43
1658	42
1659	55
1660	48
1661	42
1662	34
1663	52
1664	50
1665	41
1666	40
1667	39
1668	67
1669	51
1670	50
1671	53
1672	51
1673	54
1674	57
1675	62
1676	50
1677	56
1678	49
1679	45
1680	47
1681	63
1682	46
1683	49
1684	41
1685	46
1686	38
1687	45
1688	47
1689	48
1690	59
1691	52
1692	48
1693	52
1694	53
1695	52
1696	40
1697	43
1698	45
1699	51
1700	54
1701	64
1702	55
1703	47
1704	42
1705	39
1706	60
1707	56
1708	44
1709	50
1710	50
1711	45
1712	49
1713	55
1714	36
1715	56
1716	57
1717	55
1718	56
1719	46
1720	36
1721	41
1722	55
1723	44
1724	43
1725	37
1726	39
1727	56
1728	50
1729	49
1730	55
1731	39
1732	52
1733	54
1734	41
1735	46
1736	54
1737	57
1738	58
1739	58
1740	52
1741	51
1742	39
1743	56
1744	62
1745	44
1746	43
1747	45
1748	52
1749	51
1750	43
1751	56
1752	39
1753	54
1754	45
1755	35
1756	38
1757	45
1758	49
1759	57
1760	54
1761	45
1762	45
1763	52
1764	48
1765	62
1766	51
1767	56
1768	49
1769	51
1770	40
1771	32
1772	54
1773	46
1774	56
1775	43
1776	54
1777	39
1778	43
1779	46
1780	55
1781	32
1782	51
1783	35
1784	45
1785	59
1786	46
1787	50
1788	50
1789	45
1790	45
1791	46
1792	40
1793	59
1794	38
1795	43
1796	45
1797	35
1798	52
1799	54
1800	32
1801	42
1802	63
1803	58
1804	48
1805	49
1806	48
1807	55
1808	47
1809	54
1810	44
1811	51
1812	45
1813	49
1814	41
1815	46
1816	39
1817	44
1818	43
1819	51
1820	45
1821	41
1822	48
1823	47
1824	53
1825	44
1826	47
1827	54
1828	47
1829	62
1830	58
1831	56
1832	53
1833	48
1834	55
1835	40
1836	45
1837	35
1838	42
1839	45
1840	39
1841	54
1842	53
1843	44
1844	43
1845	55
1846	52
1847	33
1848	62
1849	43
1850	47
1851	41
1852	52
1853	53
1854	44
1855	45
1856	60
1857	55
1858	36
1859	42
1860	43
1861	39
1862	41
1863	33
1864	50
1865	44
1866	60
1867	51
1868	43
1869	49
1870	58
1871	46
1872	43
1873	53
1874	36
1875	46
1876	46
1877	46
1878	43
1879	69
1880	46
1881	43
1882	50
1883	38
1884	37
1885	41
1886	54
1887	42
1888	46
1889	47
1890	56
1891	43
1892	42
1893	42
1894	39
1895	40
1896	56
1897	54
1898	48
1899	43
1900	46
1901	36
1902	40
1903	31
1904	42
1905	41
1906	51
1907	65
1908	56
1909	43
1910	41
1911	53
1912	44
1913	53
1914	29
1915	44
1916	47
1917	33
1918	44
1919	46
1920	48
1921	50
1922	51
1923	45
1924	52
1925	47
1926	41
1927	53
1928	44
1929	46
1930	32
1931	37
1932	45
1933	47
1934	40
1935	46
1936	43
1937	45
1938	31
1939	43
1940	58
1941	51
1942	53
1943	39
1944	37
1945	40
1946	49
1947	47
1948	44
1949	41
1950	42
1951	52
1952	41
1953	53
1954	53
1955	40
1956	44
1957	51
1958	66
1959	52
1960	52
1961	44
1962	32
1963	39
1964	40
1965	50
1966	44
1967	47
1968	38
1969	40
1970	50
1971	39
1972	41
1973	34
1974	44
1975	38
1976	33
1977	47
1978	40
1979	53
1980	45
1981	42
1982	59
1983	44
1984	40
1985	52
1986	53
1987	46
1988	50
1989	51
1990	39
1991	46
1992	48
1993	48
1994	59
1995	45
1996	39
1997	54
1998	52
1999	40
2000	44
2001	53
2002	33
2003	30
2004	29
2005	46
2006	39
2007	44
2008	45
2009	40
2010	47
2011	35
2012	42
2013	40
2014	51
2015	54
2016	45
2017	47
2018	42
2019	39
2020	40
2021	48
2022	49
2023	41
2024	41
2025	46
2026	41
2027	47
2028	43
2029	37
2030	49
2031	50
2032	47
2033	35
2034	39
2035	45
2036	35
2037	44
2038	46
2039	59
2040	48
2041	37
2042	46
2043	46
2044	38
2045	38
2046	52
2047	48
2048	51
2049	47
2050	39
2051	34
2052	49
2053	42
2054	37
2055	35
2056	46
2057	40
2058	44
2059	42
2060	49
2061	50
2062	44
2063	41
2064	40
2065	45
2066	44
2067	39
2068	51
2069	33
2070	36
2071	42
2072	30
2073	40
2074	53
2075	40
2076	48
2077	43
2078	42
2079	36
2080	60
2081	32
2082	37
2083	46
2084	46
2085	45
2086	37
2087	42
2088	39
2089	49
2090	47
2091	45
2092	58
2093	41
2094	41
2095	39
2096	46
2097	46
2098	31
2099	47
2100	39
2101	42
2102	63
2103	44
2104	46
2105	38
2106	45
2107	40
2108	37
2109	44
2110	52
2111	44
2112	48
2113	45
2114	56
2115	47
2116	48
2117	48
2118	50
2119	47
2120	52
2121	35
2122	35
2123	39
2124	32
2125	37
2126	51
2127	51
2128	39
2129	53
2130	50
2131	34
2132	25
2133	43
2134	48
2135	51
2136	39
2137	43
2138	38
2139	37
2140	48
2141	45
2142	39
2143	43
2144	49
2145	39
2146	54
2147	39
2148	48
2149	41
2150	41
2151	32
2152	27
2153	47
2154	61
2155	44
2156	39
2157	38
2158	32
2159	45
2160	51
2161	36
2162	33
2163	54
2164	50
2165	39
2166	36
2167	40
2168	44
2169	46
2170	40
2171	44
2172	53
2173	40
2174	29
2175	48
2176	38
2177	33
2178	49
2179	50
2180	35
2181	46
2182	40
2183	45
2184	43
2185	40
2186	34
2187	44
2188	40
2189	36
2190	39
2191	45
2192	53
2193	41
2194	43
2195	40
2196	55
2197	42
2198	45
2199	34
2200	46
2201	39
2202	46
2203	37
2204	36
2205	39
2206	53
2207	54
2208	41
2209	53
2210	43
2211	45
2212	40
2213	47
2214	54
2215	32
2216	36
2217	45
2218	40
2219	38
2220	41
2221	35
2222	45
2223	39
2224	50
2225	43
2226	49
2227	47
2228	51
2229	45
2230	36
2231	33
2232	39
2233	46
2234	50
2235	38
2236	37
2237	42
2238	52
2239	30
2240	30
2241	46
2242	35
2243	36
2244	49
2245	48
2246	55
2247	43
2248	35
2249	53
2250	35
2251	53
2252	35
2253	47
2254	40
2255	51
2256	36
2257	43
2258	32
2259	47
2260	43
2261	44
2262	36
2263	55
2264	44
2265	48
2266	39
2267	46
2268	36
2269	45
2270	41
2271	42
2272	41
2273	33
2274	47
2275	39
2276	41
2277	43
2278	46
2279	46
2280	38
2281	42
2282	44
2283	48
2284	48
2285	34
2286	45
2287	33
2288	38
2289	34
2290	45
2291	41
2292	46
2293	42
2294	46
2295	37
2296	41
2297	45
2298	39
2299	44
2300	37
2301	40
2302	42
2303	34
2304	63
2305	30
2306	29
2307	41
2308	44
2309	30
2310	50
2311	51
2312	40
2313	38
2314	47
2315	52
2316	49
2317	41
2318	43
2319	52
2320	24
2321	53
2322	44
2323	45
2324	43
2325	42
2326	39
2327	56
2328	38
2329	38
2330	41
2331	40
2332	47
2333	44
2334	44
2335	59
2336	43
2337	37
2338	43
2339	40
2340	46
2341	48
2342	41
2343	47
2344	47
2345	47
2346	37
2347	47
2348	36
2349	41
2350	47
2351	34
2352	38
2353	44
2354	41
2355	36
2356	41
2357	39
2358	41
2359	31
2360	38
2361	49
2362	48
2363	44
2364	41
2365	48
2366	53
2367	38
2368	47
2369	49
2370	40
2371	50
2372	40
2373	42
2374	43
2375	39
2376	40
2377	35
2378	46
2379	41
2380	43
2381	44
2382	39
2383	41
2384	40
2385	50
2386	52
2387	42
2388	37
2389	43
2390	39
2391	41
2392	46
2393	36
2394	42
2395	30
2396	49
2397	39
2398	45
2399	45
2400	37
2401	49
2402	27
2403	45
2404	44
2405	44
2406	47
2407	38
2408	40
2409	51
2410	39
2411	47
2412	35
2413	43
2414	33
2415	33
2416	29
2417	52
2418	52
2419	50
2420	39
2421	47
2422	46
2423	43
2424	43
2425	40
2426	46
2427	45
2428	41
2429	33
2430	55
2431	37
2432	46
2433	48
2434	55
2435	40
2436	47
2437	49
2438	39
2439	43
2440	44
2441	45
2442	49
2443	40
2444	41
2445	44
2446	37
2447	50
2448	52
2449	35
2450	39
2451	38
2452	48
2453	35
2454	45
2455	29
2456	37
2457	35
2458	42
2459	37
2460	34
2461	46
2462	46
2463	41
2464	56
2465	51
2466	39
2467	44
2468	41
2469	39
2470	47
2471	34
2472	37
2473	48
2474	42
2475	35
2476	37
2477	44
2478	37
2479	46
2480	46
2481	47
2482	34
2483	37
2484	43
2485	38
2486	41
2487	42
2488	45
2489	50
2490	38
2491	55
2492	41
2493	28
2494	39
2495	46
2496	57
2497	43
2498	34
2499	46
2500	45
2501	44
2502	40
2503	43
2504	27
2505	42
2506	33
2507	40
2508	51
2509	44
2510	37
2511	38
2512	38
2513	37
2514	52
2515	42
2516	46
2517	31
2518	58
2519	40
2520	44
2521	43
2522	47
2523	43
2524	32
2525	34
2526	41
2527	38
2528	27
2529	49
2530	47
2531	46
2532	39
2533	37
2534	47
2535	45
2536	38
2537	50
2538	33
2539	32
2540	34
2541	31
2542	39
2543	50
2544	31
2545	37
2546	41
2547	26
2548	55
2549	36
2550	36
2551	41
2552	48
2553	38
2554	39
2555	48
2556	55
2557	50
2558	41
2559	30
2560	38
2561	40
2562	38
2563	36
2564	46
2565	42
2566	44
2567	42
2568	31
2569	42
2570	40
2571	43
2572	48
2573	42
2574	33
2575	45
2576	47
2577	44
2578	45
2579	37
2580	40
2581	31
2582	49
2583	44
2584	30
2585	47
2586	37
2587	43
2588	30
2589	35
2590	34
2591	42
2592	39
2593	45
2594	27
2595	30
2596	44
2597	42
2598	40
2599	31
2600	47
2601	46
2602	46
2603	33
2604	32
2605	44
2606	43
2607	40
2608	38
2609	40
2610	46
2611	47
2612	49
2613	36
2614	43
2615	49
2616	50
2617	40
2618	47
2619	39
2620	37
2621	46
2622	38
2623	43
2624	50
2625	35
2626	47
2627	32
2628	37
2629	36
2630	42
2631	48
2632	49
2633	37
2634	43
2635	38
2636	41
2637	46
2638	48
2639	43
2640	41
2641	32
2642	41
2643	40
2644	37
2645	33
2646	33
2647	45
2648	42
2649	41
2650	35
2651	40
2652	43
2653	39
2654	47
2655	45
2656	45
2657	45
2658	37
2659	32
2660	47
2661	52
2662	34
2663	37
2664	43
2665	35
2666	37
2667	36
2668	35
2669	38
2670	42
2671	39
2672	35
2673	34
2674	34
2675	41
2676	37
2677	41
2678	55
2679	35
2680	45
2681	51
2682	41
2683	43
2684	46
2685	42
2686	39
2687	43
2688	32
2689	45
2690	39
2691	40
2692	50
2693	38
2694	54
2695	37
2696	35
2697	34
2698	43
2699	33
2700	43
2701	33
2702	40
2703	40
2704	35
2705	44
2706	48
2707	32
2708	43
2709	37
2710	54
2711	40
2712	44
2713	37
2714	59
2715	46
2716	43
2717	37
2718	43
2719	52
2720	43
2721	37
2722	39
2723	40
2724	42
2725	37
2726	44
2727	39
2728	37
2729	31
2730	38
2731	45
2732	45
2733	53
2734	44
2735	47
2736	36
2737	35
2738	41
2739	46
2740	44
2741	44
2742	33
2743	47
2744	35
2745	36
2746	39
2747	26
2748	58
2749	42
2750	47
2751	44
2752	43
2753	48
2754	43
2755	43
2756	45
2757	38
2758	42
2759	35
2760	56
2761	47
2762	37
2763	37
2764	43
2765	49
2766	41
2767	41
2768	38
2769	63
2770	45
2771	47
2772	45
2773	38
2774	38
2775	28
2776	33
2777	40
2778	43
2779	43
2780	47
2781	45
2782	37
2783	46
2784	38
2785	42
2786	45
2787	57
2788	39
2789	34
2790	50
2791	45
2792	35
2793	43
2794	45
2795	31
2796	32
2797	35
2798	52
2799	41
2800	43
2801	41
2802	51
2803	50
2804	35
2805	39
2806	51
2807	38
2808	45
2809	30
2810	42
2811	37
2812	42
2813	41
2814	41
2815	46
2816	48
2817	41
2818	31
2819	43
2820	43
2821	33
2822	40
2823	37
2824	29
2825	49
2826	39
2827	52
2828	42
2829	52
2830	43
2831	43
2832	40
2833	39
2834	33
2835	30
2836	41
2837	50
2838	35
2839	36
2840	32
2841	46
2842	37
2843	36
2844	33
2845	39
2846	49
2847	39
2848	36
2849	43
2850	32
2851	41
2852	45
2853	35
2854	50
2855	41
2856	47
2857	60
2858	40
2859	36
2860	36
2861	36
2862	31
2863	32
2864	47
2865	47
2866	48
2867	37
2868	31
2869	51
2870	44
2871	38
2872	39
2873	39
2874	57
2875	54
2876	45
2877	48
2878	31
2879	48
2880	30
2881	31
2882	38
2883	44
2884	27
2885	33
2886	47
2887	44
2888	55
2889	38
2890	42
2891	45
2892	42
2893	33
2894	55
2895	46
2896	39
2897	40
2898	33
2899	30
2900	40
2901	58
2902	33
2903	47
2904	49
2905	45
2906	40
2907	45
2908	45
2909	44
2910	43
2911	42
2912	43
2913	48
2914	42
2915	43
2916	51
2917	42
2918	30
2919	33
2920	42
2921	49
2922	41
2923	39
2924	40
2925	43
2926	39
2927	28
2928	32
2929	43
2930	44
2931	47
2932	49
2933	40
2934	41
2935	40
2936	43
2937	40
2938	38
2939	38
2940	40
2941	47
2942	36
2943	37
2944	28
2945	33
2946	46
2947	38
2948	41
2949	37
2950	40
2951	46
2952	39
2953	35
2954	39
2955	41
2956	48
2957	37
2958	45
2959	48
2960	43
2961	36
2962	48
2963	41
2964	33
2965	44
2966	43
2967	42
2968	54
2969	37
2970	43
2971	30
2972	40
2973	40
2974	30
2975	40
2976	31
2977	44
2978	51
2979	43
2980	37
2981	36
2982	52
2983	46
2984	38
2985	35
2986	42
2987	44
2988	43
2989	43
2990	42
2991	47
2992	41
2993	48
2994	34
2995	50
2996	47
2997	42
2998	45
2999	36
3000	44
3001	38
3002	50
3003	42
3004	40
3005	37
3006	44
3007	40
3008	39
3009	30
3010	39
3011	36
3012	47
3013	57
3014	42
3015	47
3016	48
3017	48
3018	36
3019	37
3020	49
3021	43
3022	47
3023	36
3024	46
3025	32
3026	38
3027	51
3028	36
3029	37
3030	56
3031	44
3032	46
3033	57
3034	46
3035	43
3036	33
3037	39
3038	32
3039	37
3040	41
3041	41
3042	49
3043	44
3044	43
3045	42
3046	37
3047	38
3048	49
3049	38
3050	39
3051	42
3052	30
3053	33
3054	39
3055	35
3056	42
3057	47
3058	42
3059	42
3060	40
3061	43
3062	48
3063	39
3064	40
3065	49
3066	52
3067	37
3068	40
3069	39
3070	41
3071	46
3072	35
3073	34
3074	35
3075	37
3076	36
3077	52
3078	42
3079	36
3080	43
3081	31
3082	36
3083	30
3084	49
3085	47
3086	57
3087	51
3088	28
3089	38
3090	40
3091	42
3092	50
3093	46
3094	49
3095	43
3096	34
3097	45
3098	33
3099	45
3100	54
3101	62
3102	36
3103	52
3104	52
3105	43
3106	36
3107	56
3108	36
3109	43
3110	52
3111	31
3112	40
3113	46
3114	36
3115	46
3116	58
3117	37
3118	41
3119	44
3120	40
3121	48
3122	39
3123	43
3124	44
3125	44
3126	36
3127	52
3128	53
3129	55
3130	37
3131	48
3132	41
3133	47
3134	39
3135	47
3136	43
3137	37
3138	48
3139	41
3140	45
3141	59
3142	42
3143	33
3144	47
3145	43
3146	45
3147	50
3148	49
3149	38
3150	41
3151	46
3152	40
3153	44
3154	42
3155	42
3156	45
3157	44
3158	34
3159	40
3160	46
3161	60
3162	36
3163	53
3164	44
3165	48
3166	37
3167	55
3168	33
3169	42
3170	44
3171	37
3172	46
3173	43
3174	37
3175	48
3176	48
3177	39
3178	42
3179	34
3180	41
3181	46
3182	43
3183	43
3184	48
3185	43
3186	32
3187	38
3188	41
3189	49
3190	38
3191	50
3192	48
3193	36
3194	33
3195	50
3196	40
3197	46
3198	46
3199	38
3200	41
3201	47
3202	62
3203	51
3204	52
3205	53
3206	41
3207	53
3208	38
3209	46
3210	38
3211	41
3212	52
3213	35
3214	45
3215	36
3216	42
3217	43
3218	38
3219	56
3220	40
3221	35
3222	33
3223	48
3224	40
3225	41
3226	28
3227	46
3228	41
3229	51
3230	56
3231	40
3232	43
3233	47
3234	42
3235	45
3236	39
3237	40
3238	43
3239	53
3240	40
3241	32
3242	44
3243	40
3244	48
3245	41
3246	37
3247	51
3248	43
3249	45
3250	36
3251	48
3252	36
3253	49
3254	37
3255	32
3256	43
3257	45
3258	41
3259	50
3260	32
3261	40
3262	49
3263	33
3264	39
3265	50
3266	42
3267	38
3268	48
3269	45
3270	41
3271	37
3272	46
3273	37
3274	45
3275	40
3276	47
3277	40
3278	41
3279	37
3280	38
3281	42
3282	49
3283	24
3284	36
3285	39
3286	27
3287	58
3288	42
3289	63
3290	43
3291	37
3292	29
3293	40
3294	51
3295	36
3296	30
3297	45
3298	39
3299	37
3300	44
3301	47
3302	33
3303	43
3304	37
3305	44
3306	37
3307	41
3308	29
3309	52
3310	45
3311	46
3312	29
3313	45
3314	43
3315	32
3316	42
3317	44
3318	34
3319	45
3320	49
3321	34
3322	34
3323	36
3324	49
3325	35
3326	45
3327	33
3328	42
3329	50
3330	28
3331	38
3332	43
3333	45
3334	55
3335	42
3336	46
3337	31
3338	41
3339	45
3340	40
3341	34
3342	38
3343	35
3344	37
3345	33
3346	29
3347	42
3348	31
3349	41
3350	52
3351	41
3352	30
3353	43
3354	43
3355	36
3356	37
3357	44
3358	49
3359	47
3360	33
3361	25
3362	38
3363	45
3364	37
3365	44
3366	39
3367	38
3368	36
3369	45
3370	28
3371	39
3372	30
3373	34
3374	43
3375	29
3376	37
3377	34
3378	41
3379	47
3380	32
3381	29
3382	40
3383	37
3384	28
3385	38
3386	28
3387	42
3388	30
3389	36
3390	42
3391	28
3392	34
3393	33
3394	33
3395	26
3396	31
3397	38
3398	34
3399	23
3400	35
3401	45
3402	38
3403	31
3404	19
3405	30
3406	30
3407	36
3408	40
3409	36
3410	40
3411	35
3412	31
3413	35
3414	29
3415	30
3416	39
3417	37
3418	34
3419	35
3420	32
3421	32
3422	35
3423	36
3424	38
3425	33
3426	23
3427	28
3428	25
3429	31
3430	42
3431	27
3432	40
3433	29
3434	35
3435	37
3436	34
3437	24
3438	37
3439	22
3440	29
3441	22
3442	30
3443	27
3444	27
3445	23
3446	28
3447	28
3448	28
3449	28
3450	38
3451	21
3452	34
3453	23
3454	37
3455	38
3456	19
3457	33
3458	31
3459	30
3460	34
3461	25
3462	26
3463	31
3464	26
3465	26
3466	22
3467	27
3468	38
3469	33
3470	28
3471	27
3472	35
3473	29
3474	26
3475	29
3476	11
3477	35
3478	28
3479	25
3480	33
3481	27
3482	25
3483	25
3484	34
3485	29
3486	29
3487	22
3488	18
3489	34
3490	26
3491	35
3492	28
3493	20
3494	27
3495	32
3496	29
3497	32
3498	26
3499	27
3500	17
3501	33
3502	31
3503	14
3504	19
3505	26
3506	22
3507	24
3508	25
3509	29
3510	22
3511	21
3512	26
3513	31
3514	22
3515	26
3516	29
3517	30
3518	25
3519	26
3520	13
3521	18
3522	31
3523	19
3524	21
3525	33
3526	18
3527	24
3528	20
3529	19
3530	23
3531	15
3532	29
3533	34
3534	23
3535	16
3536	21
3537	18
3538	20
3539	21
3540	31
3541	31
3542	29
3543	27
3544	21
3545	25
3546	14
3547	16
3548	25
3549	19
3550	21
3551	28
3552	17
3553	18
3554	21
3555	23
3556	24
3557	13
3558	17
3559	21
3560	22
3561	20
3562	22
3563	30
3564	16
3565	22
3566	17
3567	23
3568	22
3569	24
3570	21
3571	9
3572	27
3573	20
3574	24
3575	26
3576	21
3577	20
3578	20
3579	26
3580	19
3581	15
3582	17
3583	14
3584	17
3585	26
3586	18
3587	21
3588	24
3589	20
3590	18
3591	23
3592	19
3593	28
3594	17
3595	15
3596	16
3597	15
3598	13
3599	24
3600	31
3601	24
3602	20
3603	17
3604	25
3605	19
3606	21
3607	20
3608	20
3609	15
3610	10
3611	18
3612	14
3613	19
3614	17
3615	14
3616	23
3617	17
3618	22
3619	9
3620	14
3621	18
3622	11
3623	22
3624	17
3625	21
3626	14
3627	16
3628	15
3629	24
3630	19
3631	6
3632	22
3633	14
3634	20
3635	14
3636	19
3637	20
3638	11
3639	18
3640	17
3641	22
3642	14
3643	15
3644	23
3645	17
3646	18
3647	19
3648	14
3649	16
3650	24
3651	16
3652	15
3653	15
3654	14
3655	15
3656	14
3657	14
3658	16
3659	24
3660	20
3661	18
3662	17
3663	14
3664	17
3665	10
3666	16
3667	17
3668	14
3669	12
3670	12
3671	21
3672	24
3673	24
3674	17
3675	17
3676	21
3677	18
3678	9
3679	15
3680	19
3681	11
3682	12
3683	17
3684	15
3685	19
3686	15
3687	14
3688	14
3689	16
3690	13
3691	14
3692	14
3693	15
3694	11
3695	11
3696	13
3697	13
3698	22
3699	13
3700	18
3701	15
3702	12
3703	14
3704	8
3705	12
3706	15
3707	14
3708	13
3709	19
3710	14
3711	15
3712	10
3713	10
3714	9
3715	16
3716	19
3717	14
3718	16
3719	9
3720	20
3721	15
3722	20
3723	9
3724	15
3725	15
3726	15
3727	16
3728	16
3729	20
3730	16
3731	11
3732	13
3733	17
3734	15
3735	12
3736	16
3737	17
3738	25
3739	16
3740	9
3741	14
3742	10
3743	13
3744	15
3745	14
3746	12
3747	16
3748	19
3749	13
3750	12
3751	10
3752	12
3753	20
3754	10
3755	9
3756	11
3757	17
3758	11
3759	18
3760	16
3761	13
3762	12
3763	11
3764	15
3765	19
3766	19
3767	10
3768	15
3769	7
3770	8
3771	15
3772	11
3773	11
3774	16
3775	15
3776	9
3777	12
3778	12
3779	14
3780	18
3781	10
3782	15
3783	18
3784	12
3785	7
3786	11
3787	17
3788	11
3789	19
3790	20
3791	18
3792	15
3793	29
3794	15
3795	12
3796	12
3797	14
3798	3
3799	15
3800	21
3801	13
3802	11
3803	6
3804	9
3805	14
3806	13
3807	14
3808	20
3809	12
3810	14
3811	17
3812	12
3813	11
3814	14
3815	20
3816	9
3817	16
3818	8
3819	9
3820	7
3821	10
3822	14
3823	17
3824	16
3825	16
3826	16
3827	11
3828	19
3829	13
3830	10
3831	12
3832	12
3833	12
3834	13
3835	13
3836	8
3837	10
3838	20
3839	11
3840	13
3841	11
3842	11
3843	9
3844	9
3845	16
3846	16
3847	17
3848	18
3849	20
3850	6
3851	20
3852	13
3853	15
3854	13
3855	16
3856	11
3857	7
3858	15
3859	12
3860	15
3861	10
3862	22
3863	8
3864	11
3865	9
3866	12
3867	20
3868	13
3869	11
3870	11
3871	4
3872	16
3873	10
3874	11
3875	14
3876	11
3877	13
3878	11
3879	12
3880	16
3881	13
3882	15
3883	11
3884	12
3885	5
3886	8
3887	14
3888	18
3889	14
3890	15
3891	5
3892	10
3893	10
3894	8
3895	13
3896	13
3897	14
3898	9
3899	11
3900	13
3901	15
3902	9
3903	15
3904	17
3905	10
3906	16
3907	11
3908	17
3909	10
3910	17
3911	10
3912	9
3913	6
3914	8
3915	17
3916	16
3917	11
3918	5
3919	10
3920	16
3921	7
3922	4
3923	13
3924	13
3925	13
3926	10
3927	16
3928	7
3929	11
3930	6
3931	10
3932	11
3933	15
3934	18
3935	12
3936	16
3937	13
3938	12
3939	9
3940	13
3941	14
3942	14
3943	18
3944	13
3945	7
3946	10
3947	5
3948	8
3949	16
3950	11
3951	12
3952	9
3953	15
3954	9
3955	11
3956	14
3957	10
3958	14
3959	20
3960	12
3961	19
3962	6
3963	12
3964	14
3965	8
3966	10
3967	11
3968	6
3969	9
3970	19
3971	12
3972	5
3973	10
3974	10
3975	7
3976	11
3977	6
3978	16
3979	13
3980	12
3981	9
3982	10
3983	7
3984	10
3985	13
3986	14
3987	17
3988	5
3989	10
3990	19
3991	4
3992	12
3993	9
3994	9
3995	6
3996	9
3997	13
3998	2
3999	8
4000	10
4001	11
4002	13
4003	6
4004	12
4005	11
4006	11
4007	9
4008	11
4009	11
4010	20
4011	11
4012	6
4013	11
4014	14
4015	9
4016	12
4017	12
4018	10
4019	9
4020	10
4021	7
4022	8
4023	10
4024	10
4025	10
4026	8
4027	7
4028	11
4029	14
4030	12
4031	10
4032	7
4033	9
4034	13
4035	4
4036	8
4037	9
4038	9
4039	6
4040	8
4041	11
4042	12
4043	13
4044	10
4045	18
4046	9
4047	13
4048	10
4049	11
4050	8
4051	11
4052	9
4053	14
4054	4
4055	5
4056	9
4057	17
4058	18
4059	14
4060	7
4061	13
4062	9
4063	9
4064	13
4065	13
4066	11
4067	13
4068	15
4069	8
4070	11
4071	13
4072	12
4073	10
4074	9
4075	8
4076	11
4077	4
4078	14
4079	6
4080	8
4081	12
4082	13
4083	6
4084	12
4085	11
4086	8
4087	18
4088	5
4089	4
4090	9
4091	6
4092	19
4093	7
4094	14
4095	13
4096	11
4097	14
4098	8
4099	14
4100	10
4101	10
4102	8
4103	5
4104	13
4105	9
4106	15
4107	10
4108	9
4109	9
4110	9
4111	11
4112	13
4113	5
4114	11
4115	12
4116	8
4117	20
4118	16
4119	17
4120	11
4121	18
4122	10
4123	13
4124	11
4125	10
4126	9
4127	9
4128	10
4129	3
4130	13
4131	9
4132	9
4133	11
4134	6
4135	8
4136	8
4137	11
4138	10
4139	7
4140	9
4141	11
4142	11
4143	13
4144	9
4145	7
4146	10
4147	12
4148	15
4149	11
4150	8
4151	13
4152	16
4153	10
4154	7
4155	10
4156	16
4157	10
4158	10
4159	11
4160	14
4161	7
4162	14
4163	12
4164	11
4165	9
4166	7
4167	8
4168	20
4169	9
4170	9
4171	12
4172	13
4173	7
4174	5
4175	11
4176	17
4177	15
4178	12
4179	10
4180	10
4181	9
4182	16
4183	14
4184	12
4185	13
4186	12
4187	9
4188	10
4189	11
4190	8
4191	11
4192	7
4193	12
4194	10
4195	13
4196	12
4197	12
4198	6
4199	10
4200	18
4201	9
4202	7
4203	11
4204	13
4205	7
4206	11
4207	13
4208	13
4209	13
4210	10
4211	12
4212	6
4213	8
4214	11
4215	13
4216	9
4217	9
4218	10
4219	13
4220	8
4221	9
4222	7
4223	7
4224	6
4225	6
4226	16
4227	13
4228	12
4229	5
4230	9
4231	8
4232	14
4233	12
4234	15
4235	14
4236	11
4237	14
4238	13
4239	14
4240	10
4241	9
4242	8
4243	19
4244	8
4245	11
4246	14
4247	11
4248	7
4249	12
4250	9
4251	7
4252	8
4253	10
4254	10
4255	9
4256	8
4257	7
4258	9
4259	8
4260	11
4261	10
4262	14
4263	9
4264	9
4265	13
4266	12
4267	11
4268	10
4269	16
4270	6
4271	7
4272	13
4273	16
4274	16
4275	12
4276	8
4277	14
4278	8
4279	10
4280	13
4281	11
4282	12
4283	12
4284	11
4285	9
4286	18
4287	7
4288	11
4289	13
4290	12
4291	7
4292	15
4293	7
4294	11
4295	7
4296	9
4297	12
4298	11
4299	8
4300	12
4301	10
4302	12
4303	11
4304	10
4305	15
4306	8
4307	8
4308	16
4309	14
4310	16
4311	12
4312	13
4313	11
4314	17
4315	9
4316	12
4317	11
4318	9
4319	11
4320	12
4321	7
4322	13
4323	14
4324	12
4325	10
4326	9
4327	6
4328	11
4329	16
4330	9
4331	11
4332	13
4333	10
4334	18
4335	13
4336	16
4337	6
4338	7
4339	9
4340	10
4341	11
4342	13
4343	9
4344	13
4345	7
4346	14
4347	17
4348	9
4349	16
4350	7
4351	12
4352	20
4353	8
4354	14
4355	14
4356	15
4357	9
4358	12
4359	11
4360	13
4361	8
4362	12
4363	11
4364	19
4365	12
4366	8
4367	13
4368	12
4369	16
4370	8
4371	7
4372	14
4373	9
4374	8
4375	14
4376	13
4377	12
4378	15
4379	9
4380	9
4381	13
4382	14
4383	13
4384	13
4385	20
4386	10
4387	11
4388	19
4389	12
4390	15
4391	18
4392	15
4393	12
4394	15
4395	14
4396	16
4397	9
4398	21
4399	21
4400	9
4401	12
4402	23
4403	13
4404	16
4405	19
4406	12
4407	17
4408	17
4409	6
4410	7
4411	19
4412	18
4413	21
4414	15
4415	17
4416	19
4417	19
4418	22
4419	15
4420	10
4421	23
4422	17
4423	18
4424	15
4425	18
4426	16
4427	11
4428	16
4429	17
4430	25
4431	13
4432	17
4433	25
4434	21
4435	18
4436	20
4437	24
4438	18
4439	20
4440	19
4441	19
4442	19
4443	22
4444	21
4445	23
4446	27
4447	21
4448	18
4449	22
4450	19
4451	26
4452	23
4453	25
4454	16
4455	26
4456	24
4457	17
4458	22
4459	21
4460	27
4461	22
4462	26
4463	21
4464	21
4465	21
4466	24
4467	24
4468	34
4469	33
4470	19
4471	47
4472	30
4473	26
4474	26
4475	30
4476	25
4477	31
4478	40
4479	19
4480	28
4481	32
4482	32
4483	33
4484	27
4485	40
4486	30
4487	24
4488	39
4489	42
4490	34
4491	24
4492	31
4493	39
4494	37
4495	29
4496	38
4497	40
4498	36
4499	30
4500	45
4501	38
4502	28
4503	28
4504	41
4505	39
4506	39
4507	30
4508	38
4509	50
4510	42
4511	43
4512	49
4513	36
4514	44
4515	46
4516	35
4517	46
4518	51
4519	41
4520	39
4521	45
4522	42
4523	40
4524	58
4525	57
4526	51
4527	43
4528	60
4529	51
4530	55
4531	39
4532	50
4533	41
4534	57
4535	69
4536	67
4537	49
4538	51
4539	51
4540	55
4541	61
4542	51
4543	66
4544	73
4545	60
4546	67
4547	76
4548	62
4549	59
4550	67
4551	57
4552	57
4553	70
4554	66
4555	67
4556	52
4557	73
4558	60
4559	95
4560	65
4561	80
4562	74
4563	72
4564	81
4565	87
4566	88
4567	61
4568	89
4569	99
4570	78
4571	93
4572	86
4573	86
4574	80
4575	84
4576	75
4577	88
4578	95
4579	72
4580	90
4581	86
4582	89
4583	81
4584	97
4585	95
4586	87
4587	93
4588	84
4589	93
4590	93
4591	112
4592	89
4593	110
4594	114
4595	110
4596	115
4597	92
4598	81
4599	117
4600	107
4601	107
4602	113
4603	99
4604	112
4605	138
4606	106
4607	104
4608	118
4609	105
4610	134
4611	116
4612	134
4613	118
4614	126
4615	127
4616	114
4617	148
4618	126
4619	116
4620	135
4621	132
4622	139
4623	126
4624	130
4625	158
4626	132
4627	173
4628	160
4629	145
4630	165
4631	160
4632	134
4633	151
4634	162
4635	164
4636	155
4637	151
4638	158
4639	161
4640	162
4641	171
4642	172
4643	168
4644	166
4645	155
4646	168
4647	165
4648	177
4649	175
4650	172
4651	164
4652	171
4653	198
4654	210
4655	196
4656	158
4657	197
4658	223
4659	200
4660	182
4661	188
4662	200
4663	202
4664	183
4665	186
4666	183
4667	175
4668	216
4669	199
4670	221
4671	201
4672	219
4673	216
4674	202
4675	217
4676	252
4677	223
4678	223
4679	212
4680	204
4681	227
4682	222
4683	217
4684	192
4685	253
4686	229
4687	233
4688	252
4689	222
4690	220
4691	232
4692	232
4693	239
4694	257
4695	242
4696	234
4697	250
4698	221
4699	252
4700	240
4701	256
4702	239
4703	267
4704	280
4705	265
4706	278
4707	270
4708	233
4709	266
4710	250
4711	271
4712	264
4713	274
4714	307
4715	272
4716	313
4717	269
4718	292
4719	293
4720	261
4721	289
4722	318
4723	285
4724	319
4725	277
4726	276
4727	290
4728	264
4729	303
4730	306
4731	271
4732	287
4733	332
4734	312
4735	333
4736	319
4737	308
4738	301
4739	314
4740	311
4741	326
4742	294
4743	298
4744	342
4745	326
4746	324
4747	303
4748	319
4749	313
4750	337
4751	324
4752	332
4753	345
4754	319
4755	316
4756	330
4757	375
4758	364
4759	311
4760	318
4761	321
4762	333
4763	323
4764	349
4765	346
4766	368
4767	324
4768	360
4769	345
4770	351
4771	315
4772	353
4773	366
4774	394
4775	334
4776	318
4777	359
4778	317
4779	389
4780	356
4781	386
4782	351
4783	365
4784	355
4785	352
4786	372
4787	358
4788	368
4789	389
4790	352
4791	394
4792	400
4793	362
4794	356
4795	368
4796	355
4797	375
4798	377
4799	397
4800	379
4801	382
4802	385
4803	356
4804	397
4805	380
4806	392
4807	396
4808	387
4809	409
4810	375
4811	396
4812	402
4813	363
4814	421
4815	377
4816	392
4817	360
4818	409
4819	390
4820	397
4821	358
4822	395
4823	376
4824	417
4825	389
4826	453
4827	369
4828	358
4829	403
4830	380
4831	385
4832	375
4833	384
4834	381
4835	386
4836	404
4837	362
4838	352
4839	368
4840	397
4841	368
4842	370
4843	397
4844	399
4845	363
4846	390
4847	395
4848	339
4849	370
4850	389
4851	394
4852	368
4853	403
4854	369
4855	375
4856	376
4857	392
4858	349
4859	369
4860	409
4861	391
4862	400
4863	367
4864	360
4865	389
4866	378
4867	389
4868	370
4869	355
4870	384
4871	352
4872	364
4873	372
4874	387
4875	356
4876	385
4877	354
4878	369
4879	354
4880	375
4881	384
4882	349
4883	350
4884	355
4885	325
4886	365
4887	332
4888	364
4889	358
4890	352
4891	330
4892	325
4893	347
4894	322
4895	333
4896	343
4897	326
4898	342
4899	320
4900	345
4901	336
4902	364
4903	330
4904	341
4905	366
4906	338
4907	331
4908	321
4909	339
4910	329
4911	327
4912	321
4913	320
4914	318
4915	310
4916	299
4917	308
4918	317
4919	301
4920	357
4921	305
4922	299
4923	284
4924	299
4925	322
4926	289
4927	292
4928	288
4929	311
4930	283
4931	300
4932	310
4933	296
4934	317
4935	295
4936	295
4937	259
4938	277
4939	262
4940	235
4941	252
4942	277
4943	305
4944	268
4945	287
4946	305
4947	304
4948	262
4949	292
4950	266
4951	255
4952	285
4953	268
4954	233
4955	250
4956	281
4957	243
4958	254
4959	240
4960	264
4961	244
4962	254
4963	263
4964	251
4965	256
4966	236
4967	236
4968	221
4969	239
4970	230
4971	253
4972	246
4973	210
4974	208
4975	218
4976	242
4977	230
4978	191
4979	205
4980	243
4981	206
4982	204
4983	169
4984	192
4985	192
4986	229
4987	193
4988	198
4989	222
4990	203
4991	206
4992	177
4993	162
4994	194
4995	191
4996	192
4997	206
4998	162
4999	180
5000	162
5001	174
5002	188
5003	170
5004	199
5005	185
5006	181
5007	138
5008	151
5009	166
5010	148
5011	161
5012	183
5013	156
5014	154
5015	127
5016	168
5017	161
5018	154
5019	171
5020	164
5021	156
5022	159
5023	143
5024	140
5025	143
5026	164
5027	133
5028	135
5029	113
5030	117
5031	143
5032	120
5033	111
5034	130
5035	126
5036	143
5037	134
5038	139
5039	110
5040	107
5041	108
5042	111
5043	122
5044	106
5045	110
5046	100
5047	101
5048	111
5049	100
5050	113
5051	111
5052	109
5053	87
5054	95
5055	109
5056	93
5057	98
5058	106
5059	103
5060	113
5061	90
5062	87
5063	75
5064	72
5065	83
5066	92
5067	79
5068	93
5069	83
5070	67
5071	82
5072	76
5073	103
5074	89
5075	78
5076	85
5077	62
5078	65
5079	86
5080	78
5081	82
5082	58
5083	76
5084	76
5085	72
5086	70
5087	47
5088	80
5089	57
5090	76
5091	59
5092	73
5093	56
5094	75
5095	64
5096	47
5097	59
5098	64
5099	65
5100	51
5101	64
5102	52
5103	55
5104	50
5105	59
5106	59
5107	58
5108	40
5109	59
5110	59
5111	49
5112	39
5113	46
5114	43
5115	54
5116	48
5117	39
5118	25
5119	42
5120	35
5121	42
5122	30
5123	50
5124	41
5125	25
5126	32
5127	41
5128	29
5129	42
5130	30
5131	36
5132	39
5133	36
5134	37
5135	33
5136	31
5137	38
5138	32
5139	32
5140	26
5141	30
5142	26
5143	17
5144	35
5145	33
5146	29
5147	27
5148	27
5149	24
5150	28
5151	28
5152	21
5153	24
5154	31
5155	32
5156	29
5157	16
5158	14
5159	21
5160	19
5161	29
5162	17
5163	15
5164	14
5165	29
5166	17
5167	20
5168	16
5169	22
5170	15
5171	13
5172	19
5173	8
5174	15
5175	14
5176	20
5177	19
5178	19
5179	11
5180	11
5181	12
5182	16
5183	13
5184	10
5185	13
5186	9
5187	17
5188	21
5189	12
5190	11
5191	9
5192	16
5193	10
5194	13
5195	14
5196	11
5197	13
5198	7
5199	5
5200	7
5201	11
5202	8
5203	6
5204	8
5205	6
5206	8
5207	6
5208	12
5209	11
5210	6
5211	13
5212	10
5213	4
5214	11
5215	8
5216	14
5217	11
5218	3
5219	6
5220	10
5221	10
5222	8
5223	5
5224	4
5225	6
5226	7
5227	6
5228	6
5229	6
5230	3
5231	10
5232	5
5233	5
5234	8
5235	5
5236	4
5237	4
5238	2
5239	7
5240	5
5241	5
5242	3
5243	8
5244	2
5245	5
5246	7
5247	7
5248	6
5249	2
5250	3
5251	2
5252	5
5253	4
5254	8
5255	2
5256	2
5257	4
5258	5
5259	3
5260	4
5261	3
5262	3
5263	2
5264	6
5265	1
5266	8
5267	2
5268	3
5269	3
5270	2
5271	2
5272	6
5273	1
5274	2
5275	1
5276	2
5277	2
5278	4
5279	4
5280	0
5281	6
5282	3
5283	3
5284	2
5285	5
5286	3
5287	1
5288	1
5289	1
5290	0
5291	3
5292	9
5293	2
5294	5
5295	4
5296	2
5297	3
5298	1
5299	0
5300	2
5301	2
5302	4
5303	4
5304	4
5305	0
5306	1
5307	2
5308	3
5309	2
5310	2
5311	1
5312	5
5313	1
5314	2
5315	1
5316	4
5317	3
5318	2
5319	3
5320	5
5321	3
5322	0
5323	1
5324	3
5325	1
5326	2
5327	3
5328	1
5329	2
5330	1
5331	1
5332	3
5333	1
5334	5
5335	5
5336	1
5337	1
5338	0
5339	3
5340	2
5341	2
5342	0
5343	3
5344	0
5345	0
5346	3
5347	2
5348	1
5349	1
5350	1
5351	4
5352	1
5353	1
5354	0
5355	2
5356	2
5357	1
5358	2
5359	1
5360	2
5361	1
5362	0
5363	0
5364	2
5365	0
5366	0
5367	2
5368	1
5369	1
5370	0
5371	4
5372	2
5373	0
5374	1
5375	1
5376	0
5377	1
5378	1
5379	3
5380	1
5381	1
5382	1
5383	3
5384	0
5385	1
5386	3
5387	0
5388	1
5389	0
5390	1
5391	2
5392	0
5393	1
5394	2
5395	2
5396	1
5397	0
5398	1
5399	3
5400	2
5401	0
5402	0
5403	3
5404	4
5405	1
5406	0
5407	0
5408	2
5409	2
5410	5
5411	2
5412	2
5413	1
5414	2
5415	2
5416	1
5417	2
5418	4
5419	2
5420	1
5421	0
5422	2
5423	2
5424	2
5425	1
5426	1
5427	1
5428	2
5429	0
5430	4
5431	0
5432	4
5433	2
5434	1
5435	2
5436	0
5437	2
5438	0
5439	2
5440	1
5441	1
5442	3
5443	2
5444	1
5445	1
5446	0
5447	2
5448	4
5449	2
5450	2
5451	1
5452	1
5453	1
5454	0
5455	0
5456	0
5457	5
5458	1
5459	1
5460	3
5461	0
5462	0
5463	0
5464	0
5465	1
5466	5
5467	0
5468	0
5469	1
5470	2
5471	3
5472	1
5473	2
5474	1
5475	0
5476	3
5477	1
5478	1
5479	0
5480	0
5481	3
5482	0
5483	1
5484	3
5485	0
5486	2
5487	6
5488	1
5489	2
5490	2
5491	2
5492	3
5493	0
5494	1
5495	1
5496	0
5497	2
5498	1
5499	1
5500	2
5501	1
5502	0
5503	0
5504	1
5505	2
5506	0
5507	2
5508	1
5509	0
5510	1
5511	1
5512	1
5513	1
5514	1
5515	1
5516	1
5517	2
5518	1
5519	1
5520	1
5521	0
5522	0
5523	2
5524	1
5525	3
5526	0
5527	0
5528	1
5529	0
5530	0
5531	3
5532	2
5533	2
5534	1
5535	0
5536	1
5537	2
5538	1
5539	0
5540	1
5541	2
5542	0
5543	0
5544	2
5545	1
5546	1
5547	2
5548	4
5549	2
5550	2
5551	1
5552	0
5553	0
5554	1
5555	0
5556	2
5557	1
5558	3
5559	2
5560	1
5561	3
5562	3
5563	1
5564	1
5565	1
5566	2
5567	0
5568	1
5569	2
5570	0
5571	0
5572	4
5573	1
5574	0
5575	0
5576	2
5577	0
5578	1
5579	1
5580	0
5581	1
5582	0
5583	0
5584	1
5585	1
5586	0
5587	1
5588	0
5589	0
5590	3
5591	0
5592	4
5593	1
5594	2
5595	3
5596	2
5597	3
5598	0
5599	4
5600	1
5601	3
5602	1
5603	3
5604	2
5605	1
5606	1
5607	3
5608	1
5609	0
5610	0
5611	1
5612	2
5613	1
5614	1
5615	1
5616	3
5617	0
5618	0
5619	3
5620	1
5621	3
5622	1
5623	4
5624	2
5625	0
5626	2
5627	2
5628	1
5629	1
5630	3
5631	2
5632	0
5633	1
5634	1
5635	1
5636	1
5637	0
5638	0
5639	0
5640	3
5641	2
5642	3
5643	2
5644	1
5645	1
5646	1
5647	1
5648	1
5649	1
5650	1
5651	1
5652	1
5653	1
5654	0
5655	1
5656	1
5657	1
5658	0
5659	0
5660	3
5661	0
5662	2
5663	2
5664	1
5665	0
5666	1
5667	0
5668	0
5669	3
5670	0
5671	2
5672	1
5673	0
5674	0
5675	2
5676	1
5677	4
5678	1
5679	2
5680	1
5681	0
5682	1
5683	0
5684	1
5685	1
5686	0
5687	1
5688	0
5689	3
5690	0
5691	1
5692	2
5693	1
5694	0
5695	0
5696	1
5697	1
5698	1
5699	1
5700	1
5701	0
5702	1
5703	3
5704	0
5705	5
5706	1
5707	1
5708	1
5709	1
5710	3
5711	0
5712	1
5713	0
5714	2
5715	1
5716	1
5717	1
5718	1
5719	2
5720	2
5721	1
5722	2
5723	3
5724	0
5725	1
5726	1
5727	0
5728	1
5729	2
5730	0
5731	2
5732	1
5733	1
5734	1
5735	3
5736	4
5737	2
5738	3
5739	0
5740	1
5741	0
5742	0
5743	0
5744	1
5745	1
5746	2
5747	1
5748	0
5749	0
5750	3
5751	1
5752	0
5753	1
5754	2
5755	0
5756	2
5757	0
5758	2
5759	0
5760	2
5761	1
5762	4
5763	3
5764	0
5765	4
5766	1
5767	0
5768	0
5769	0
5770	1
5771	0
5772	0
5773	1
5774	1
5775	1
5776	3
5777	0
5778	1
5779	1
5780	0
5781	1
5782	3
5783	1
5784	3
5785	2
5786	3
5787	3
5788	1
5789	3
5790	2
5791	3
5792	2
5793	0
5794	0
5795	3
5796	1
5797	0
5798	0
5799	0
5800	2
5801	3
5802	4
5803	1
5804	0
5805	2
5806	0
5807	0
5808	3
5809	3
5810	0
5811	1
5812	0
5813	2
5814	2
5815	2
5816	1
5817	0
5818	0
5819	0
5820	1
5821	1
5822	4
5823	1
5824	1
5825	0
5826	1
5827	2
5828	0
5829	0
5830	0
5831	0
5832	0
5833	0
5834	0
5835	0
5836	3
5837	3
5838	0
5839	2
5840	2
5841	0
5842	1
5843	0
5844	0
5845	0
5846	0
5847	1
5848	2
5849	3
5850	0
5851	0
5852	1
5853	2
5854	1
5855	1
5856	1
5857	1
5858	1
5859	1
5860	1
5861	5
5862	2
5863	1
5864	1
5865	0
5866	0
5867	0
5868	3
5869	0
5870	3
5871	1
5872	0
5873	1
5874	1
5875	1
5876	1
5877	0
5878	0
5879	2
5880	2
5881	1
5882	0
5883	0
5884	1
5885	1
5886	1
5887	3
5888	1
5889	1
5890	0
5891	1
5892	0
5893	0
5894	3
5895	1
5896	1
5897	0
5898	0
5899	0
5900	0
5901	1
5902	0
5903	0
5904	0
5905	1
5906	0
5907	1
5908	0
5909	0
5910	1
5911	3
5912	1
5913	1
5914	0
5915	4
5916	0
5917	2
5918	2
5919	2
5920	3
5921	0
5922	1
5923	1
5924	1
5925	2
5926	1
5927	1
5928	0
5929	2
5930	2
5931	1
5932	0
5933	0
5934	2
5935	0
5936	1
5937	0
5938	1
5939	1
5940	2
5941	1
5942	4
5943	1
5944	0
5945	0
5946	2
5947	1
5948	0
5949	1
5950	1
5951	2
5952	0
5953	1
5954	3
5955	5
5956	2
5957	2
5958	0
5959	1
5960	0
5961	1
5962	0
5963	1
5964	1
5965	2
5966	3
5967	0
5968	3
5969	2
5970	0
5971	2
5972	1
5973	0
5974	0
5975	1
5976	0
5977	0
5978	2
5979	7
5980	0
5981	1
5982	1
5983	0
5984	0
5985	0
5986	2
5987	0
5988	1
5989	3
5990	2
5991	0
5992	0
5993	0
5994	0
5995	0
5996	1
5997	1
5998	0
5999	1
6000	1
6001	1
6002	3
6003	0
6004	2
6005	2
6006	0
6007	1
6008	1
6009	0
6010	1
6011	1
6012	1
6013	2
6014	1
6015	2
6016	1
6017	1
6018	2
6019	2
6020	1
6021	3
6022	3
6023	1
6024	0
6025	0
6026	0
6027	0
6028	0
6029	2
6030	2
6031	3
6032	2
6033	1
6034	0
6035	0
6036	0
6037	1
6038	0
6039	0
6040	2
6041	1
6042	2
6043	1
6044	2
6045	2
6046	0
6047	1
6048	0
6049	0
6050	1
6051	1
6052	1
6053	1
6054	1
6055	1
6056	1
6057	4
6058	2
6059	1
6060	3
6061	1
6062	0
6063	3
6064	0
6065	0
6066	0
6067	0
6068	0
6069	1
6070	1
6071	2
6072	1
6073	1
6074	0
6075	1
6076	2
6077	2
6078	1
6079	1
6080	1
6081	0
6082	0
6083	0
6084	1
6085	1
6086	0
6087	1
6088	0
6089	4
6090	2
6091	2
6092	3
6093	0
6094	0
6095	2
6096	2
6097	0
6098	1
6099	0
6100	1
6101	0
6102	0
6103	3
6104	1
6105	1
6106	1
6107	2
6108	0
6109	3
6110	2
6111	0
6112	1
6113	1
6114	1
6115	1
6116	1
6117	1
6118	1
6119	2
6120	1
6121	0
6122	1
6123	0
6124	2
6125	0
6126	1
6127	3
6128	2
6129	0
6130	1
6131	1
6132	2
6133	0
6134	0
6135	0
6136	0
6137	1
6138	1
6139	3
6140	2
6141	1
6142	1
6143	2
6144	2
6145	0
6146	4
6147	3
6148	3
6149	2
6150	2
6151	1
6152	1
6153	1
6154	1
6155	0
6156	1
6157	2
6158	0
6159	1
6160	1
6161	0
6162	2
6163	0
6164	2
6165	0
6166	1
6167	3
6168	1
6169	0
6170	1
6171	2
6172	0
6173	0
6174	0
6175	2
6176	0
6177	0
6178	0
6179	0
6180	2
6181	0
6182	1
6183	0
6184	1
6185	1
6186	2
6187	2
6188	1
6189	1
6190	2
6191	4
6192	1
6193	1
6194	0
6195	2
6196	2
6197	1
6198	1
6199	0
6200	0
6201	1
6202	1
6203	0
6204	0
6205	1
6206	4
6207	0
6208	2
6209	1
6210	3
6211	2
6212	0
6213	0
6214	0
6215	0
6216	0
6217	0
6218	0
6219	3
6220	1
6221	2
6222	1
6223	1
6224	0
6225	1
6226	2
6227	0
6228	2
6229	1
6230	1
6231	2
6232	1
6233	1
6234	1
6235	2
6236	2
6237	1
6238	2
6239	0
6240	1
6241	0
6242	0
6243	0
6244	1
6245	1
6246	0
6247	3
6248	0
6249	4
6250	2
6251	0
6252	0
6253	4
6254	0
6255	0
6256	1
6257	0
6258	2
6259	0
6260	3
6261	0
6262	0
6263	1
6264	1
6265	2
6266	1
6267	0
6268	2
6269	0
6270	0
6271	0
6272	0
6273	2
6274	2
6275	1
6276	2
6277	0
6278	0
6279	0
6280	0
6281	1
6282	0
6283	1
6284	1
6285	1
6286	0
6287	0
6288	1
6289	1
6290	0
6291	1
6292	2
6293	0
6294	3
6295	2
6296	3
6297	0
6298	1
6299	3
6300	1
6301	0
6302	1
6303	1
6304	1
6305	2
6306	0
6307	1
6308	2
6309	1
6310	0
6311	2
6312	1
6313	0
6314	2
6315	1
6316	1
6317	2
6318	1
6319	1
6320	1
6321	1
6322	2
6323	0
6324	0
6325	0
6326	1
6327	0
6328	1
6329	0
6330	1
6331	1
6332	2
6333	1
6334	3
6335	0
6336	0
6337	1
6338	2
6339	1
6340	1
6341	0
6342	1
6343	3
6344	0
6345	0
6346	1
6347	0
6348	1
6349	1
6350	0
6351	0
6352	0
6353	1
6354	1
6355	1
6356	4
6357	0
6358	1
6359	2
6360	0
6361	1
6362	1
6363	1
6364	1
6365	0
6366	1
6367	1
6368	1
6369	0
6370	2
6371	1
6372	1
6373	0
6374	0
6375	2
6376	0
6377	3
6378	2
6379	2
6380	0
6381	1
6382	1
6383	1
6384	1
6385	2
6386	4
6387	1
6388	2
6389	0
6390	1
6391	0
6392	1
6393	0
6394	2
6395	4
6396	1
6397	1
6398	1
6399	0
6400	0
6401	1
6402	0
6403	1
6404	0
6405	2
6406	1
6407	1
6408	0
6409	2
6410	0
6411	0
6412	2
6413	1
6414	1
6415	2
6416	2
6417	0
6418	0
6419	0
6420	1
6421	0
6422	0
6423	1
6424	0
6425	0
6426	1
6427	0
6428	1
6429	1
6430	0
6431	2
6432	0
6433	0
6434	0
6435	1
6436	1
6437	2
6438	2
6439	1
6440	2
6441	1
6442	0
6443	1
6444	0
6445	2
6446	0
6447	1
6448	0
6449	4
6450	0
6451	3
6452	1
6453	2
6454	3
6455	1
6456	2
6457	0
6458	2
6459	0
6460	0
6461	1
6462	2
6463	0
6464	2
6465	1
6466	1
6467	1
6468	0
6469	1
6470	0
6471	0
6472	0
6473	1
6474	0
6475	1
6476	4
6477	1
6478	1
6479	0
6480	1
6481	0
6482	0
6483	1
6484	1
6485	1
6486	1
6487	0
6488	1
6489	1
6490	2
6491	1
6492	1
6493	2
6494	0
6495	0
6496	0
6497	1
6498	2
6499	1
6500	0
6501	1
6502	0
6503	0
6504	1
6505	3
6506	2
6507	1
6508	0
6509	2
6510	1
6511	1
6512	3
6513	1
6514	0
6515	3
6516	1
6517	1
6518	1
6519	0
6520	3
6521	0
6522	4
6523	0
6524	0
6525	0
6526	1
6527	0
6528	1
6529	0
6530	3
6531	2
6532	1
6533	1
6534	0
6535	1
6536	1
6537	1
6538	3
6539	1
6540	2
6541	0
6542	0
6543	1
6544	2
6545	0
6546	2
6547	1
6548	2
6549	0
6550	1
6551	3
6552	2
6553	2
6554	0
6555	0
6556	0
6557	1
6558	1
6559	3
6560	1
6561	2
6562	0
6563	2
6564	0
6565	0
6566	1
6567	5
6568	4
6569	1
6570	1
6571	0
6572	2
6573	0
6574	0
6575	3
6576	4
6577	1
6578	1
6579	1
6580	1
6581	3
6582	1
6583	3
6584	3
6585	1
6586	1
6587	2
6588	1
6589	1
6590	0
6591	2
6592	1
6593	0
6594	0
6595	1
6596	0
6597	0
6598	1
6599	3
6600	1
6601	4
6602	2
6603	1
6604	1
6605	0
6606	1
6607	3
6608	2
6609	2
6610	0
6611	2
6612	1
6613	1
6614	1
6615	0
6616	1
6617	0
6618	3
6619	2
6620	3
6621	0
6622	1
6623	1
6624	0
6625	0
6626	1
6627	1
6628	2
6629	1
6630	2
6631	1
6632	1
6633	1
6634	0
6635	3
6636	1
6637	0
6638	2
6639	4
6640	0
6641	0
6642	1
6643	2
6644	0
6645	1
6646	1
6647	2
6648	1
6649	0
6650	2
6651	0
6652	0
6653	2
6654	1
6655	1
6656	3
6657	0
6658	2
6659	0
6660	0
6661	0
6662	2
6663	0
6664	0
6665	3
6666	1
6667	0
6668	1
6669	0
6670	0
6671	0
6672	1
6673	1
6674	2
6675	2
6676	1
6677	2
6678	2
6679	1
6680	0
6681	0
6682	0
6683	2
6684	1
6685	1
6686	3
6687	1
6688	0
6689	1
6690	1
6691	1
6692	2
6693	0
6694	0
6695	1
6696	2
6697	1
6698	2
6699	1
6700	1
6701	1
6702	0
6703	0
6704	1
6705	2
6706	2
6707	1
6708	3
6709	0
6710	1
6711	1
6712	0
6713	0
6714	1
6715	1
6716	0
6717	2
6718	1
6719	2
6720	2
6721	0
6722	1
6723	1
6724	2
6725	1
6726	0
6727	1
6728	1
6729	2
6730	2
6731	0
6732	1
6733	0
6734	1
6735	0
6736	1
6737	1
6738	2
6739	1
6740	2
6741	0
6742	1
6743	2
6744	1
6745	0
6746	0
6747	1
6748	1
6749	1
6750	4
6751	0
6752	1
6753	1
6754	1
6755	1
6756	0
6757	3
6758	1
6759	0
6760	1
6761	0
6762	3
6763	1
6764	1
6765	2
6766	3
6767	1
6768	1
6769	1
6770	3
6771	1
6772	1
6773	1
6774	0
6775	0
6776	0
6777	0
6778	0
6779	1
6780	1
6781	0
6782	1
6783	0
6784	1
6785	0
6786	2
6787	1
6788	1
6789	1
6790	3
6791	1
6792	0
6793	0
6794	0
6795	0
6796	2
6797	0
6798	1
6799	0
6800	2
6801	1
6802	0
6803	0
6804	0
6805	1
6806	0
6807	1
6808	2
6809	1
6810	0
6811	0
6812	0
6813	2
6814	1
6815	0
6816	0
6817	0
6818	0
6819	1
6820	1
6821	1
6822	0
6823	2
6824	3
6825	0
6826	1
6827	0
6828	0
6829	0
6830	0
6831	0
6832	2
6833	2
6834	3
6835	0
6836	1
6837	0
6838	1
6839	2
6840	1
6841	3
6842	0
6843	0
6844	1
6845	1
6846	2
6847	1
6848	1
6849	3
6850	2
6851	1
6852	1
6853	2
6854	0
6855	0
6856	1
6857	1
6858	2
6859	1
6860	0
6861	1
6862	2
6863	1
6864	1
6865	2
6866	1
6867	0
6868	0
6869	1
6870	0
6871	0
6872	2
6873	0
6874	3
6875	2
6876	0
6877	3
6878	1
6879	2
6880	0
6881	0
6882	1
6883	2
6884	0
6885	0
6886	0
6887	0
6888	4
6889	1
6890	3
6891	3
6892	0
6893	2
6894	0
6895	1
6896	0
6897	0
6898	2
6899	2
6900	2
6901	0
6902	0
6903	3
6904	0
6905	1
6906	2
6907	0
6908	2
6909	0
6910	1
6911	0
6912	0
6913	0
6914	1
6915	1
6916	1
6917	0
6918	2
6919	0
6920	1
6921	0
6922	1
6923	1
6924	2
6925	1
6926	2
6927	1
6928	1
6929	0
6930	1
6931	0
6932	0
6933	0
6934	1
6935	1
6936	0
6937	0
6938	2
6939	2
6940	1
6941	1
6942	1
6943	2
6944	0
6945	0
6946	1
6947	2
6948	2
6949	0
6950	4
6951	0
6952	0
6953	2
6954	1
6955	0
6956	3
6957	1
6958	1
6959	1
6960	1
6961	1
6962	3
6963	0
6964	2
6965	1
6966	1
6967	1
6968	0
6969	2
6970	1
6971	1
6972	2
6973	1
6974	0
6975	1
6976	3
6977	1
6978	0
6979	1
6980	2
6981	1
6982	1
6983	0
6984	2
6985	0
6986	1
6987	0
6988	2
6989	0
6990	0
6991	1
6992	0
6993	0
6994	3
6995	1
6996	1
6997	0
6998	0
6999	1
7000	1
7001	1
7002	1
7003	1
7004	1
7005	1
7006	0
7007	2
7008	1
7009	1
7010	1
7011	0
7012	1
7013	1
7014	0
7015	0
7016	0
7017	0
7018	0
7019	2
7020	0
7021	1
7022	0
7023	0
7024	2
7025	1
7026	2
7027	0
7028	1
7029	0
7030	1
7031	2
7032	2
7033	2
7034	0
7035	1
7036	1
7037	2
7038	4
7039	0
7040	1
7041	0
7042	2
7043	0
7044	0
7045	1
7046	0
7047	4
7048	0
7049	0
7050	0
7051	1
7052	0
7053	1
7054	1
7055	1
7056	0
7057	1
7058	0
7059	1
7060	3
7061	1
7062	2
7063	1
7064	3
7065	2
7066	0
7067	1
7068	0
7069	1
7070	1
7071	0
7072	0
7073	2
7074	1
7075	2
7076	1
7077	1
7078	1
7079	1
7080	1
7081	1
7082	0
7083	2
7084	2
7085	2
7086	0
7087	0
7088	1
7089	0
7090	0
7091	0
7092	1
7093	1
7094	1
7095	2
7096	1
7097	1
7098	1
7099	1
7100	2
7101	1
7102	0
7103	2
7104	1
7105	1
7106	1
7107	1
7108	1
7109	0
7110	0
7111	1
7112	0
7113	1
7114	2
7115	1
7116	0
7117	2
7118	1
7119	1
7120	0
7121	1
7122	4
7123	1
7124	1
7125	2
7126	1
7127	0
7128	0
7129	2
7130	1
7131	0
7132	0
7133	1
7134	1
7135	0
7136	0
7137	1
7138	1
7139	1
7140	0
7141	0
7142	1
7143	2
7144	1
7145	1
7146	1
7147	1
7148	1
7149	2
7150	0
7151	0
7152	4
7153	1
7154	1
7155	0
7156	1
7157	0
7158	0
7159	0
7160	3
7161	1
7162	0
7163	0
7164	0
7165	2
7166	1
7167	3
7168	1
7169	1
7170	1
7171	0
7172	0
7173	0
7174	0
7175	1
7176	1
7177	0
7178	1
7179	2
7180	2
7181	1
7182	0
7183	0
7184	2
7185	3
7186	2
7187	1
7188	1
7189	0
7190	2
7191	0
7192	1
7193	3
7194	1
7195	1
7196	0
7197	0
7198	2
7199	0
7200	1
7201	1
7202	1
7203	0
7204	0
7205	0
7206	2
7207	0
7208	1
7209	1
7210	0
7211	0
7212	1
7213	1
7214	1
7215	0
7216	1
7217	1
7218	0
7219	2
7220	1
7221	1
7222	2
7223	1
7224	1
7225	0
7226	2
7227	1
7228	0
7229	0
7230	2
7231	2
7232	2
7233	0
7234	2
7235	1
7236	0
7237	1
7238	0
7239	0
7240	0
7241	2
7242	1
7243	0
7244	0
7245	0
7246	0
7247	0
7248	3
7249	0
7250	1
7251	0
7252	2
7253	2
7254	0
7255	0
7256	0
7257	1
7258	1
7259	2
7260	1
7261	1
7262	0
7263	0
7264	0
7265	1
7266	2
7267	0
7268	2
7269	0
7270	0
7271	0
7272	0
7273	0
7274	1
7275	0
7276	2
7277	0
7278	2
7279	2
7280	0
7281	1
7282	2
7283	1
7284	0
7285	0
7286	1
7287	0
7288	3
7289	0
7290	0
7291	0
7292	1
7293	2
7294	0
7295	1
7296	1
7297	1
7298	1
7299	1
7300	1
7301	5
7302	0
7303	1
7304	0
7305	2
7306	2
7307	0
7308	2
7309	1
7310	1
7311	2
7312	0
7313	0
7314	1
7315	0
7316	1
7317	2
7318	0
7319	1
7320	0
7321	0
7322	2
7323	0
7324	0
7325	0
7326	0
7327	0
7328	0
7329	3
7330	3
7331	0
7332	2
7333	0
7334	1
7335	1
7336	0
7337	1
7338	0
7339	0
7340	1
7341	1
7342	1
7343	1
7344	1
7345	0
7346	2
7347	1
7348	2
7349	0
7350	1
7351	1
7352	1
7353	2
7354	0
7355	0
7356	1
7357	1
7358	0
7359	1
7360	1
7361	2
7362	0
7363	0
7364	0
7365	1
7366	2
7367	1
7368	0
7369	1
7370	1
7371	0
7372	0
7373	1
7374	1
7375	1
7376	0
7377	1
7378	1
7379	3
7380	1
7381	0
7382	1
7383	0
7384	0
7385	0
7386	3
7387	0
7388	0
7389	0
7390	1
7391	0
7392	0
7393	0
7394	2
7395	2
7396	0
7397	1
7398	2
7399	1
7400	0
7401	2
7402	0
7403	1
7404	2
7405	0
7406	0
7407	0
7408	3
7409	2
7410	1
7411	0
7412	0
7413	0
7414	1
7415	0
7416	1
7417	0
7418	1
7419	1
7420	0
7421	1
7422	0
7423	2
7424	1
7425	0
7426	0
7427	2
7428	0
7429	0
7430	0
7431	0
7432	0
7433	2
7434	1
7435	0
7436	1
7437	0
7438	1
7439	2
7440	2
7441	0
7442	0
7443	2
7444	1
7445	1
7446	3
7447	1
7448	0
7449	0
7450	0
7451	2
7452	0
7453	0
7454	0
7455	0
7456	0
7457	1
7458	0
7459	0
7460	0
7461	1
7462	0
7463	1
7464	1
7465	1
7466	1
7467	1
7468	0
7469	3
7470	1
7471	2
7472	1
7473	2
7474	0
7475	1
7476	1
7477	0
7478	0
7479	1
7480	1
7481	4
7482	0
7483	1
7484	2
7485	1
7486	1
7487	0
7488	1
7489	1
7490	1
7491	1
7492	0
7493	2
7494	2
7495	0
7496	1
7497	1
7498	0
7499	0
7500	0
7501	1
7502	3
7503	1
7504	2
7505	0
7506	1
7507	1
7508	1
7509	2
7510	0
7511	2
7512	1
7513	0
7514	1
7515	1
7516	0
7517	1
7518	2
7519	1
7520	0
7521	1
7522	0
7523	0
7524	0
7525	0
7526	0
7527	1
7528	2
7529	0
7530	1
7531	0
7532	0
7533	0
7534	0
7535	1
7536	2
7537	2
7538	3
7539	1
7540	0
7541	0
7542	1
7543	0
7544	0
7545	1
7546	2
7547	2
7548	1
7549	0
7550	2
7551	0
7552	1
7553	0
7554	1
7555	0
7556	0
7557	0
7558	0
7559	0
7560	1
7561	1
7562	0
7563	1
7564	1
7565	0
7566	1
7567	0
7568	1
7569	1
7570	0
7571	0
7572	1
7573	2
7574	1
7575	1
7576	0
7577	1
7578	0
7579	1
7580	1
7581	0
7582	0
7583	0
7584	0
7585	1
7586	0
7587	0
7588	3
7589	1
7590	2
7591	0
7592	0
7593	1
7594	0
7595	0
7596	1
7597	2
7598	0
7599	0
7600	1
7601	0
7602	0
7603	0
7604	0
7605	0
7606	0
7607	0
7608	1
7609	0
7610	1
7611	0
7612	0
7613	1
7614	0
7615	1
7616	1
7617	1
7618	2
7619	1
7620	0
7621	1
7622	0
7623	0
7624	1
7625	2
7626	1
7627	0
7628	0
7629	1
7630	4
7631	0
7632	0
7633	1
7634	1
7635	1
7636	0
7637	1
7638	1
7639	1
7640	2
7641	0
7642	0
7643	2
7644	1
7645	0
7646	0
7647	1
7648	3
7649	1
7650	1
7651	1
7652	1
7653	0
7654	0
7655	1
7656	3
7657	1
7658	0
7659	0
7660	2
7661	0
7662	4
7663	1
7664	1
7665	0
7666	1
7667	0
7668	2
7669	1
7670	3
7671	2
7672	1
7673	0
7674	0
7675	0
7676	0
7677	1
7678	2
7679	0
7680	1
7681	1
7682	1
7683	0
7684	0
7685	1
7686	1
7687	0
7688	2
7689	0
7690	2
7691	2
7692	0
7693	1
7694	1
7695	0
7696	1
7697	1
7698	0
7699	0
7700	1
7701	0
7702	0
7703	0
7704	1
7705	0
7706	0
7707	0
7708	2
7709	1
7710	1
7711	0
7712	1
7713	0
7714	2
7715	0
7716	0
7717	1
7718	1
7719	0
7720	1
7721	0
7722	0
7723	1
7724	1
7725	1
7726	1
7727	0
7728	2
7729	1
7730	2
7731	1
7732	1
7733	1
7734	1
7735	1
7736	0
7737	1
7738	0
7739	0
7740	2
7741	2
7742	0
7743	1
7744	0
7745	1
7746	0
7747	1
7748	1
7749	0
7750	4
7751	2
7752	1
7753	0
7754	1
7755	0
7756	1
7757	1
7758	0
7759	2
7760	1
7761	1
7762	2
7763	0
7764	3
7765	1
7766	1
7767	0
7768	1
7769	0
7770	2
7771	0
7772	0
7773	0
7774	0
7775	0
7776	1
7777	1
7778	0
7779	3
7780	1
7781	1
7782	2
7783	2
7784	0
7785	0
7786	0
7787	0
7788	2
7789	1
7790	1
7791	1
7792	2
7793	3
7794	1
7795	1
7796	2
7797	1
7798	0
7799	0
7800	1
7801	1
7802	0
7803	1
7804	1
7805	1
7806	1
7807	0
7808	0
7809	1
7810	1
7811	0
7812	0
7813	0
7814	1
7815	0
7816	1
7817	1
7818	3
7819	0
7820	1
7821	0
7822	0
7823	0
7824	0
7825	0
7826	0
7827	1
7828	2
7829	0
7830	0
7831	0
7832	1
7833	0
7834	0
7835	0
7836	1
7837	0
7838	0
7839	0
7840	0
7841	2
7842	1
7843	0
7844	1
7845	1
7846	1
7847	1
7848	0
7849	2
7850	0
7851	0
7852	0
7853	0
7854	0
7855	0
7856	0
7857	1
7858	0
7859	0
7860	3
7861	1
7862	1
7863	0
7864	2
7865	0
7866	0
7867	0
7868	0
7869	1
7870	0
7871	0
7872	1
7873	1
7874	0
7875	1
7876	1
7877	1
7878	0
7879	0
7880	0
7881	0
7882	2
7883	0
7884	0
7885	1
7886	2
7887	0
7888	0
7889	1
7890	0
7891	1
7892	1
7893	1
7894	0
7895	2
7896	0
7897	0
7898	2
7899	0
7900	0
7901	1
7902	2
7903	2
7904	0
7905	1
7906	0
7907	1
7908	0
7909	0
7910	1
7911	1
7912	1
7913	1
7914	0
7915	3
7916	1
7917	3
7918	1
7919	0
7920	1
7921	0
7922	2
7923	1
7924	1
7925	0
7926	0
7927	0
7928	1
7929	1
7930	0
7931	0
7932	0
7933	0
7934	1
7935	1
7936	0
7937	2
7938	0
7939	1
7940	0
7941	1
7942	2
7943	0
7944	1
7945	2
7946	1
7947	0
7948	0
7949	0
7950	0
7951	1
7952	3
7953	1
7954	2
7955	1
7956	0
7957	0
7958	2
7959	1
7960	1
7961	0
7962	1
7963	3
7964	1
7965	0
7966	2
7967	1
7968	1
7969	0
7970	0
7971	0
7972	3
7973	2
7974	4
7975	0
7976	2
7977	1
7978	2
7979	1
7980	0
7981	1
7982	1
7983	1
7984	1
7985	0
7986	1
7987	0
7988	1
7989	1
7990	1
7991	1
7992	2
7993	1
7994	0
7995	1
7996	1
7997	1
7998	0
7999	0
8000	1
8001	2
8002	1
8003	1
8004	1
8005	0
8006	0
8007	1
8008	2
8009	0
8010	0
8011	3
8012	0
8013	0
8014	0
8015	1
8016	3
8017	1
8018	1
8019	2
8020	0
8021	1
8022	0
8023	3
8024	0
8025	0
8026	1
8027	0
8028	1
8029	1
8030	0
8031	0
8032	3
8033	1
8034	1
8035	1
8036	4
8037	0
8038	0
8039	0
8040	0
8041	0
8042	0
8043	1
8044	1
8045	1
8046	0
8047	1
8048	0
8049	0
8050	1
8051	2
8052	1
8053	0
8054	2
8055	1
8056	2
8057	0
8058	1
8059	0
8060	0
8061	2
8062	1
8063	0
8064	1
8065	1
8066	0
8067	0
8068	1
8069	1
8070	0
8071	0
8072	1
8073	1
8074	0
8075	0
8076	1
8077	0
8078	0
8079	3
8080	0
8081	0
8082	0
8083	0
8084	0
8085	0
8086	0
8087	0
8088	0
8089	0
8090	0
8091	0
8092	0
8093	0
8094	0
8095	0
8096	0
8097	0
8098	0
8099	0
8100	0
8101	0
8102	0
8103	0
8104	0
8105	0
8106	0
8107	0
8108	0
8109	0
8110	0
8111	0
8112	0
8113	0
8114	0
8115	0
8116	0
8117	0
8118	0
8119	0
8120	0
8121	0
8122	0
8123	0
8124	0
8125	0
8126	0
8127	0
8128	0
8129	0
8130	0
8131	0
8132	0
8133	0
8134	0
8135	0
8136	0
8137	0
8138	0
8139	0
8140	0
8141	0
8142	0
8143	0
8144	0
8145	0
8146	0
8147	0
8148	0
8149	0
8150	0
8151	0
8152	0
8153	0
8154	0
8155	0
8156	0
8157	0
8158	0
8159	0
8160	0
8161	0
8162	0
8163	0
8164	0
8165	0
8166	0
8167	0
8168	0
8169	0
8170	0
8171	0
8172	0
8173	0
8174	0
8175	0
8176	0
8177	0
8178	0
8179	0
8180	0
8181	0
8182	0
8183	0
8184	0
8185	0
8186	0
8187	0
8188	0
8189	0
8190	0
8191	0
