0	0
1	0
2	0
3	0
4	0
5	0
6	0
7	0
8	0
9	0
10	0
11	0
12	0
13	0
14	0
15	0
16	0
17	0
18	0
19	0
20	0
21	0
22	0
23	0
24	0
25	0
26	0
27	0
28	0
29	0
30	0
31	0
32	0
33	0
34	0
35	0
36	0
37	0
38	0
39	0
40	0
41	0
42	0
43	0
44	0
45	0
46	0
47	0
48	0
49	0
50	0
51	0
52	0
53	0
54	0
55	0
56	0
57	0
58	0
59	0
60	0
61	0
62	0
63	0
64	0
65	0
66	0
67	0
68	0
69	0
70	0
71	0
72	0
73	0
74	0
75	0
76	0
77	0
78	0
79	0
80	0
81	0
82	0
83	0
84	0
85	7
86	19
87	42
88	29
89	26
90	26
91	35
92	38
93	28
94	32
95	28
96	14
97	22
98	25
99	33
100	28
101	24
102	30
103	38
104	23
105	50
106	24
107	22
108	29
109	24
110	26
111	32
112	40
113	33
114	28
115	28
116	32
117	23
118	41
119	26
120	30
121	30
122	34
123	29
124	21
125	28
126	29
127	30
128	31
129	22
130	25
131	29
132	27
133	25
134	29
135	34
136	29
137	32
138	34
139	34
140	33
141	25
142	37
143	25
144	28
145	23
146	24
147	28
148	25
149	30
150	25
151	29
152	27
153	22
154	31
155	37
156	38
157	28
158	34
159	33
160	42
161	33
162	28
163	28
164	29
165	34
166	30
167	31
168	25
169	38
170	35
171	20
172	32
173	33
174	24
175	29
176	33
177	40
178	31
179	18
180	32
181	43
182	30
183	34
184	32
185	35
186	26
187	32
188	28
189	36
190	27
191	31
192	41
193	46
194	35
195	36
196	27
197	39
198	26
199	40
200	22
201	26
202	32
203	25
204	23
205	36
206	32
207	37
208	35
209	19
210	35
211	32
212	31
213	27
214	37
215	28
216	32
217	29
218	22
219	30
220	21
221	33
222	27
223	33
224	31
225	29
226	29
227	46
228	43
229	22
230	34
231	34
232	34
233	38
234	37
235	29
236	23
237	33
238	30
239	35
240	37
241	37
242	28
243	32
244	34
245	41
246	42
247	30
248	32
249	35
250	28
251	32
252	42
253	25
254	31
255	31
256	37
257	25
258	28
259	31
260	27
261	40
262	35
263	30
264	32
265	27
266	34
267	36
268	33
269	28
270	21
271	26
272	32
273	43
274	34
275	38
276	35
277	34
278	29
279	29
280	30
281	32
282	28
283	40
284	28
285	27
286	26
287	34
288	41
289	40
290	31
291	40
292	29
293	36
294	40
295	43
296	41
297	46
298	51
299	28
300	41
301	25
302	36
303	36
304	29
305	35
306	51
307	44
308	38
309	25
310	49
311	25
312	37
313	25
314	42
315	32
316	37
317	33
318	27
319	29
320	35
321	34
322	35
323	29
324	28
325	35
326	33
327	33
328	40
329	41
330	29
331	33
332	43
333	34
334	34
335	31
336	36
337	38
338	36
339	29
340	33
341	43
342	32
343	34
344	38
345	36
346	31
347	28
348	35
349	25
350	37
351	46
352	41
353	33
354	36
355	24
356	25
357	26
358	31
359	47
360	30
361	32
362	37
363	34
364	36
365	33
366	28
367	46
368	36
369	38
370	27
371	40
372	34
373	33
374	31
375	27
376	31
377	38
378	39
379	37
380	35
381	30
382	43
383	38
384	42
385	36
386	45
387	36
388	32
389	37
390	36
391	44
392	32
393	23
394	40
395	34
396	42
397	42
398	28
399	37
400	44
401	43
402	32
403	37
404	39
405	35
406	37
407	36
408	38
409	28
410	32
411	33
412	29
413	28
414	31
415	42
416	39
417	33
418	44
419	31
420	26
421	32
422	38
423	39
424	29
425	43
426	30
427	28
428	32
429	45
430	30
431	32
432	53
433	26
434	44
435	34
436	29
437	28
438	27
439	47
440	43
441	37
442	39
443	34
444	27
445	40
446	41
447	34
448	40
449	41
450	37
451	45
452	37
453	49
454	38
455	31
456	40
457	29
458	32
459	36
460	50
461	44
462	39
463	31
464	39
465	33
466	33
467	29
468	39
469	43
470	34
471	32
472	31
473	24
474	34
475	43
476	36
477	27
478	50
479	35
480	37
481	35
482	36
483	30
484	38
485	53
486	42
487	47
488	42
489	39
490	43
491	47
492	39
493	48
494	27
495	30
496	42
497	34
498	47
499	34
500	30
501	40
502	42
503	39
504	35
505	46
506	36
507	41
508	32
509	47
510	44
511	38
512	44
513	53
514	44
515	47
516	38
517	47
518	43
519	37
520	39
521	32
522	52
523	46
524	57
525	42
526	40
527	48
528	43
529	44
530	52
531	48
532	51
533	48
534	41
535	38
536	39
537	29
538	27
539	42
540	42
541	39
542	37
543	42
544	52
545	42
546	55
547	46
548	52
549	49
550	36
551	46
552	46
553	46
554	51
555	45
556	47
557	35
558	46
559	36
560	47
561	45
562	37
563	44
564	32
565	45
566	54
567	42
568	45
569	44
570	59
571	49
572	44
573	43
574	50
575	54
576	44
577	53
578	37
579	56
580	44
581	48
582	51
583	57
584	38
585	48
586	43
587	42
588	44
589	41
590	48
591	49
592	49
593	67
594	49
595	43
596	50
597	50
598	57
599	47
600	46
601	42
602	46
603	40
604	43
605	49
606	47
607	50
608	54
609	36
610	49
611	48
612	32
613	58
614	55
615	55
616	54
617	41
618	70
619	48
620	57
621	51
622	63
623	33
624	62
625	61
626	67
627	55
628	59
629	44
630	54
631	47
632	38
633	40
634	54
635	55
636	52
637	46
638	55
639	57
640	44
641	49
642	53
643	51
644	53
645	51
646	46
647	54
648	66
649	39
650	44
651	39
652	49
653	45
654	66
655	58
656	64
657	39
658	45
659	50
660	52
661	44
662	40
663	42
664	38
665	43
666	58
667	52
668	38
669	40
670	45
671	41
672	37
673	44
674	39
675	49
676	45
677	47
678	54
679	45
680	44
681	52
682	41
683	30
684	54
685	38
686	46
687	47
688	48
689	42
690	37
691	44
692	43
693	54
694	63
695	49
696	44
697	57
698	48
699	41
700	44
701	50
702	49
703	42
704	43
705	48
706	42
707	56
708	46
709	51
710	61
711	58
712	44
713	53
714	43
715	46
716	44
717	43
718	55
719	41
720	64
721	43
722	43
723	37
724	41
725	48
726	51
727	58
728	43
729	38
730	51
731	50
732	45
733	43
734	32
735	48
736	45
737	50
738	46
739	45
740	48
741	47
742	38
743	58
744	49
745	38
746	45
747	49
748	37
749	50
750	49
751	51
752	50
753	52
754	39
755	42
756	44
757	54
758	36
759	53
760	40
761	37
762	46
763	46
764	44
765	46
766	49
767	45
768	47
769	45
770	43
771	35
772	51
773	43
774	30
775	56
776	51
777	44
778	35
779	53
780	46
781	44
782	47
783	50
784	36
785	55
786	50
787	44
788	56
789	41
790	46
791	54
792	42
793	44
794	53
795	57
796	53
797	54
798	42
799	47
800	47
801	47
802	60
803	42
804	47
805	48
806	48
807	53
808	44
809	50
810	48
811	52
812	55
813	30
814	54
815	44
816	40
817	48
818	52
819	45
820	46
821	48
822	43
823	46
824	42
825	55
826	48
827	48
828	42
829	50
830	40
831	57
832	41
833	50
834	42
835	61
836	48
837	34
838	48
839	48
840	51
841	41
842	51
843	48
844	46
845	51
846	42
847	45
848	56
849	51
850	51
851	45
852	58
853	49
854	55
855	37
856	44
857	46
858	55
859	56
860	58
861	42
862	48
863	48
864	47
865	49
866	42
867	46
868	49
869	47
870	47
871	37
872	43
873	47
874	49
875	47
876	46
877	53
878	47
879	58
880	60
881	52
882	40
883	41
884	46
885	44
886	47
887	49
888	45
889	33
890	38
891	61
892	42
893	46
894	68
895	59
896	43
897	42
898	58
899	49
900	59
901	42
902	53
903	47
904	52
905	57
906	48
907	46
908	57
909	47
910	39
911	41
912	58
913	43
914	52
915	49
916	62
917	40
918	53
919	37
920	44
921	44
922	51
923	36
924	40
925	58
926	40
927	45
928	60
929	62
930	44
931	42
932	42
933	36
934	50
935	49
936	51
937	54
938	40
939	46
940	54
941	61
942	52
943	39
944	41
945	44
946	52
947	45
948	49
949	49
950	42
951	54
952	53
953	59
954	56
955	50
956	63
957	48
958	60
959	44
960	54
961	52
962	55
963	43
964	53
965	45
966	51
967	48
968	50
969	60
970	42
971	58
972	47
973	53
974	46
975	42
976	44
977	57
978	55
979	50
980	48
981	42
982	56
983	55
984	51
985	53
986	59
987	72
988	40
989	51
990	46
991	36
992	58
993	45
994	47
995	45
996	67
997	46
998	37
999	59
1000	54
1001	36
1002	47
1003	54
1004	46
1005	62
1006	46
1007	49
1008	46
1009	47
1010	64
1011	60
1012	51
1013	47
1014	34
1015	54
1016	58
1017	49
1018	47
1019	62
1020	53
1021	61
1022	46
1023	49
1024	45
1025	56
1026	65
1027	49
1028	60
1029	56
1030	56
1031	60
1032	46
1033	60
1034	50
1035	54
1036	47
1037	46
1038	57
1039	59
1040	62
1041	46
1042	53
1043	46
1044	49
1045	52
1046	62
1047	49
1048	45
1049	55
1050	55
1051	51
1052	55
1053	59
1054	54
1055	42
1056	51
1057	64
1058	62
1059	52
1060	50
1061	71
1062	51
1063	64
1064	50
1065	54
1066	59
1067	54
1068	67
1069	64
1070	39
1071	42
1072	52
1073	45
1074	52
1075	51
1076	39
1077	51
1078	49
1079	55
1080	61
1081	50
1082	59
1083	59
1084	65
1085	68
1086	67
1087	47
1088	55
1089	59
1090	67
1091	34
1092	53
1093	52
1094	65
1095	60
1096	55
1097	59
1098	50
1099	50
1100	53
1101	61
1102	59
1103	49
1104	58
1105	43
1106	49
1107	63
1108	69
1109	45
1110	36
1111	47
1112	47
1113	61
1114	51
1115	48
1116	52
1117	50
1118	59
1119	50
1120	68
1121	48
1122	63
1123	52
1124	49
1125	56
1126	69
1127	49
1128	58
1129	62
1130	62
1131	65
1132	46
1133	44
1134	52
1135	48
1136	52
1137	69
1138	50
1139	50
1140	52
1141	56
1142	65
1143	62
1144	60
1145	68
1146	59
1147	55
1148	57
1149	45
1150	60
1151	68
1152	50
1153	61
1154	61
1155	52
1156	50
1157	50
1158	49
1159	39
1160	55
1161	52
1162	58
1163	59
1164	60
1165	54
1166	51
1167	60
1168	75
1169	54
1170	62
1171	53
1172	55
1173	62
1174	56
1175	58
1176	66
1177	48
1178	47
1179	61
1180	45
1181	59
1182	69
1183	60
1184	61
1185	60
1186	52
1187	59
1188	56
1189	51
1190	63
1191	43
1192	56
1193	76
1194	50
1195	62
1196	53
1197	53
1198	52
1199	54
1200	50
1201	66
1202	55
1203	56
1204	54
1205	51
1206	55
1207	64
1208	59
1209	51
1210	44
1211	63
1212	70
1213	55
1214	48
1215	51
1216	48
1217	64
1218	62
1219	49
1220	50
1221	59
1222	58
1223	68
1224	61
1225	41
1226	49
1227	63
1228	52
1229	78
1230	61
1231	55
1232	52
1233	73
1234	55
1235	50
1236	70
1237	55
1238	53
1239	52
1240	69
1241	45
1242	68
1243	65
1244	57
1245	64
1246	45
1247	61
1248	52
1249	51
1250	63
1251	55
1252	49
1253	50
1254	55
1255	55
1256	61
1257	51
1258	37
1259	47
1260	53
1261	55
1262	71
1263	60
1264	59
1265	58
1266	71
1267	58
1268	65
1269	65
1270	52
1271	67
1272	55
1273	54
1274	62
1275	59
1276	48
1277	51
1278	64
1279	53
1280	59
1281	63
1282	62
1283	67
1284	55
1285	62
1286	53
1287	65
1288	64
1289	63
1290	75
1291	57
1292	57
1293	54
1294	62
1295	67
1296	54
1297	56
1298	58
1299	53
1300	55
1301	62
1302	56
1303	44
1304	62
1305	61
1306	45
1307	72
1308	64
1309	64
1310	74
1311	56
1312	53
1313	65
1314	52
1315	58
1316	67
1317	63
1318	62
1319	64
1320	62
1321	63
1322	52
1323	54
1324	73
1325	46
1326	61
1327	60
1328	62
1329	47
1330	67
1331	52
1332	50
1333	62
1334	60
1335	64
1336	55
1337	53
1338	68
1339	41
1340	76
1341	69
1342	47
1343	56
1344	50
1345	59
1346	50
1347	56
1348	61
1349	60
1350	65
1351	54
1352	44
1353	47
1354	66
1355	53
1356	51
1357	62
1358	56
1359	63
1360	67
1361	55
1362	57
1363	79
1364	56
1365	58
1366	53
1367	54
1368	62
1369	53
1370	69
1371	51
1372	65
1373	65
1374	63
1375	54
1376	55
1377	51
1378	40
1379	65
1380	75
1381	65
1382	67
1383	81
1384	53
1385	48
1386	55
1387	65
1388	62
1389	60
1390	68
1391	51
1392	63
1393	56
1394	54
1395	55
1396	69
1397	66
1398	61
1399	60
1400	60
1401	46
1402	53
1403	53
1404	53
1405	57
1406	61
1407	74
1408	57
1409	73
1410	60
1411	51
1412	51
1413	62
1414	67
1415	60
1416	53
1417	53
1418	60
1419	59
1420	53
1421	57
1422	50
1423	56
1424	52
1425	66
1426	53
1427	57
1428	58
1429	49
1430	54
1431	61
1432	58
1433	48
1434	56
1435	48
1436	62
1437	50
1438	59
1439	56
1440	49
1441	56
1442	54
1443	60
1444	58
1445	53
1446	50
1447	50
1448	65
1449	63
1450	58
1451	57
1452	61
1453	55
1454	45
1455	41
1456	59
1457	61
1458	53
1459	51
1460	61
1461	49
1462	57
1463	62
1464	48
1465	62
1466	63
1467	63
1468	53
1469	51
1470	48
1471	50
1472	63
1473	65
1474	47
1475	49
1476	51
1477	50
1478	62
1479	42
1480	54
1481	56
1482	54
1483	51
1484	60
1485	63
1486	50
1487	50
1488	50
1489	62
1490	59
1491	46
1492	42
1493	54
1494	53
1495	49
1496	70
1497	48
1498	46
1499	65
1500	57
1501	37
1502	39
1503	49
1504	53
1505	51
1506	50
1507	53
1508	49
1509	49
1510	69
1511	62
1512	52
1513	46
1514	59
1515	60
1516	49
1517	44
1518	49
1519	62
1520	68
1521	54
1522	56
1523	43
1524	50
1525	51
1526	52
1527	45
1528	48
1529	40
1530	56
1531	44
1532	41
1533	44
1534	41
1535	52
1536	51
1537	50
1538	53
1539	51
1540	50
1541	48
1542	47
1543	43
1544	49
1545	47
1546	51
1547	46
1548	33
1549	65
1550	54
1551	60
1552	45
1553	55
1554	44
1555	53
1556	49
1557	50
1558	49
1559	47
1560	45
1561	46
1562	43
1563	51
1564	39
1565	47
1566	35
1567	54
1568	35
1569	48
1570	61
1571	54
1572	49
1573	57
1574	61
1575	39
1576	49
1577	42
1578	48
1579	50
1580	42
1581	54
1582	46
1583	45
1584	45
1585	50
1586	35
1587	44
1588	38
1589	48
1590	48
1591	38
1592	39
1593	37
1594	43
1595	50
1596	52
1597	49
1598	54
1599	53
1600	44
1601	45
1602	48
1603	51
1604	46
1605	36
1606	43
1607	46
1608	54
1609	51
1610	35
1611	40
1612	54
1613	56
1614	49
1615	50
1616	46
1617	61
1618	50
1619	35
1620	51
1621	52
1622	55
1623	41
1624	39
1625	44
1626	51
1627	57
1628	46
1629	50
1630	63
1631	48
1632	33
1633	51
1634	49
1635	46
1636	59
1637	49
1638	51
1639	59
1640	34
1641	42
1642	49
1643	47
1644	46
1645	53
1646	51
1647	60
1648	42
1649	49
1650	56
1651	43
1652	45
1653	40
1654	56
1655	47
1656	48
1657	43
1658	52
1659	48
1660	60
1661	40
1662	51
1663	48
1664	47
1665	35
1666	41
1667	59
1668	50
1669	53
1670	56
1671	50
1672	44
1673	56
1674	43
1675	41
1676	35
1677	50
1678	52
1679	36
1680	41
1681	56
1682	50
1683	41
1684	47
1685	51
1686	42
1687	33
1688	55
1689	43
1690	52
1691	46
1692	39
1693	41
1694	39
1695	44
1696	55
1697	53
1698	47
1699	53
1700	38
1701	51
1702	35
1703	49
1704	45
1705	43
1706	34
1707	46
1708	52
1709	44
1710	46
1711	41
1712	46
1713	43
1714	42
1715	44
1716	53
1717	47
1718	50
1719	54
1720	54
1721	37
1722	44
1723	46
1724	40
1725	52
1726	42
1727	44
1728	58
1729	40
1730	44
1731	56
1732	43
1733	69
1734	42
1735	52
1736	38
1737	41
1738	43
1739	53
1740	47
1741	46
1742	53
1743	41
1744	39
1745	48
1746	57
1747	43
1748	65
1749	43
1750	54
1751	42
1752	49
1753	44
1754	56
1755	43
1756	48
1757	48
1758	42
1759	44
1760	54
1761	49
1762	49
1763	42
1764	45
1765	38
1766	39
1767	47
1768	41
1769	43
1770	37
1771	39
1772	39
1773	49
1774	48
1775	45
1776	49
1777	51
1778	47
1779	36
1780	44
1781	43
1782	39
1783	43
1784	55
1785	52
1786	52
1787	30
1788	50
1789	42
1790	35
1791	48
1792	40
1793	38
1794	26
1795	45
1796	32
1797	37
1798	42
1799	45
1800	38
1801	56
1802	48
1803	39
1804	48
1805	57
1806	49
1807	43
1808	45
1809	46
1810	41
1811	47
1812	39
1813	63
1814	42
1815	55
1816	46
1817	32
1818	57
1819	40
1820	40
1821	42
1822	46
1823	50
1824	45
1825	40
1826	53
1827	47
1828	35
1829	50
1830	45
1831	45
1832	43
1833	40
1834	28
1835	46
1836	39
1837	53
1838	46
1839	46
1840	44
1841	42
1842	39
1843	45
1844	45
1845	55
1846	50
1847	47
1848	33
1849	46
1850	42
1851	51
1852	47
1853	49
1854	54
1855	40
1856	38
1857	35
1858	41
1859	47
1860	52
1861	43
1862	47
1863	47
1864	52
1865	32
1866	37
1867	50
1868	45
1869	39
1870	40
1871	37
1872	43
1873	33
1874	45
1875	46
1876	47
1877	61
1878	32
1879	39
1880	51
1881	55
1882	50
1883	50
1884	45
1885	41
1886	49
1887	43
1888	50
1889	27
1890	44
1891	38
1892	51
1893	46
1894	35
1895	59
1896	40
1897	33
1898	39
1899	31
1900	47
1901	53
1902	39
1903	35
1904	34
1905	30
1906	32
1907	35
1908	42
1909	29
1910	40
1911	44
1912	34
1913	46
1914	60
1915	45
1916	57
1917	57
1918	44
1919	41
1920	40
1921	46
1922	31
1923	37
1924	46
1925	36
1926	48
1927	44
1928	45
1929	49
1930	35
1931	47
1932	41
1933	46
1934	39
1935	41
1936	42
1937	36
1938	34
1939	44
1940	47
1941	40
1942	42
1943	44
1944	38
1945	35
1946	33
1947	38
1948	49
1949	50
1950	55
1951	33
1952	36
1953	53
1954	38
1955	36
1956	47
1957	58
1958	36
1959	37
1960	44
1961	44
1962	35
1963	36
1964	41
1965	37
1966	50
1967	35
1968	43
1969	43
1970	43
1971	52
1972	42
1973	43
1974	37
1975	53
1976	39
1977	37
1978	47
1979	37
1980	36
1981	38
1982	48
1983	50
1984	51
1985	39
1986	35
1987	41
1988	44
1989	39
1990	46
1991	35
1992	40
1993	41
1994	44
1995	41
1996	42
1997	47
1998	41
1999	40
2000	36
2001	38
2002	45
2003	45
2004	35
2005	44
2006	51
2007	44
2008	35
2009	38
2010	40
2011	48
2012	37
2013	40
2014	35
2015	43
2016	41
2017	31
2018	34
2019	33
2020	43
2021	34
2022	42
2023	45
2024	37
2025	39
2026	45
2027	40
2028	50
2029	34
2030	36
2031	42
2032	40
2033	44
2034	41
2035	43
2036	44
2037	34
2038	46
2039	37
2040	39
2041	38
2042	44
2043	34
2044	41
2045	52
2046	46
2047	41
2048	46
2049	50
2050	27
2051	40
2052	43
2053	43
2054	36
2055	40
2056	37
2057	35
2058	45
2059	37
2060	48
2061	35
2062	34
2063	43
2064	39
2065	26
2066	42
2067	39
2068	42
2069	56
2070	44
2071	43
2072	34
2073	31
2074	51
2075	35
2076	44
2077	38
2078	42
2079	36
2080	48
2081	44
2082	48
2083	41
2084	50
2085	49
2086	32
2087	36
2088	59
2089	43
2090	39
2091	36
2092	41
2093	49
2094	32
2095	39
2096	45
2097	43
2098	40
2099	48
2100	43
2101	37
2102	53
2103	34
2104	39
2105	59
2106	44
2107	50
2108	41
2109	32
2110	35
2111	37
2112	38
2113	40
2114	33
2115	37
2116	38
2117	35
2118	53
2119	42
2120	39
2121	50
2122	35
2123	44
2124	45
2125	30
2126	32
2127	40
2128	34
2129	44
2130	42
2131	49
2132	32
2133	36
2134	44
2135	42
2136	33
2137	32
2138	38
2139	34
2140	41
2141	35
2142	42
2143	38
2144	36
2145	34
2146	27
2147	38
2148	38
2149	32
2150	44
2151	36
2152	41
2153	47
2154	34
2155	38
2156	46
2157	41
2158	42
2159	37
2160	33
2161	49
2162	42
2163	39
2164	33
2165	42
2166	53
2167	41
2168	39
2169	42
2170	32
2171	39
2172	34
2173	37
2174	38
2175	39
2176	30
2177	32
2178	23
2179	45
2180	39
2181	35
2182	35
2183	50
2184	39
2185	42
2186	48
2187	44
2188	50
2189	40
2190	38
2191	46
2192	42
2193	49
2194	36
2195	40
2196	34
2197	40
2198	34
2199	32
2200	33
2201	36
2202	31
2203	37
2204	40
2205	46
2206	38
2207	42
2208	38
2209	38
2210	49
2211	29
2212	35
2213	42
2214	43
2215	54
2216	38
2217	33
2218	40
2219	36
2220	27
2221	47
2222	35
2223	42
2224	45
2225	34
2226	33
2227	38
2228	44
2229	42
2230	41
2231	36
2232	38
2233	27
2234	43
2235	46
2236	37
2237	43
2238	35
2239	37
2240	33
2241	33
2242	41
2243	45
2244	39
2245	45
2246	42
2247	34
2248	34
2249	50
2250	41
2251	51
2252	37
2253	42
2254	42
2255	43
2256	44
2257	38
2258	39
2259	52
2260	36
2261	37
2262	34
2263	47
2264	47
2265	40
2266	38
2267	41
2268	35
2269	38
2270	34
2271	27
2272	44
2273	45
2274	34
2275	39
2276	40
2277	44
2278	34
2279	47
2280	38
2281	30
2282	48
2283	39
2284	43
2285	33
2286	36
2287	45
2288	37
2289	30
2290	45
2291	24
2292	41
2293	36
2294	49
2295	38
2296	36
2297	41
2298	37
2299	48
2300	51
2301	44
2302	42
2303	43
2304	36
2305	38
2306	37
2307	40
2308	37
2309	37
2310	36
2311	45
2312	40
2313	37
2314	30
2315	52
2316	38
2317	46
2318	34
2319	41
2320	46
2321	35
2322	45
2323	39
2324	42
2325	44
2326	32
2327	37
2328	41
2329	37
2330	31
2331	39
2332	36
2333	36
2334	37
2335	39
2336	47
2337	47
2338	37
2339	42
2340	41
2341	41
2342	37
2343	39
2344	24
2345	38
2346	40
2347	41
2348	36
2349	33
2350	47
2351	37
2352	41
2353	44
2354	48
2355	44
2356	51
2357	30
2358	46
2359	35
2360	52
2361	36
2362	40
2363	35
2364	35
2365	34
2366	41
2367	32
2368	42
2369	35
2370	40
2371	39
2372	33
2373	36
2374	31
2375	32
2376	43
2377	33
2378	40
2379	33
2380	41
2381	45
2382	50
2383	47
2384	37
2385	40
2386	41
2387	46
2388	36
2389	44
2390	36
2391	39
2392	44
2393	35
2394	45
2395	40
2396	37
2397	34
2398	23
2399	39
2400	31
2401	38
2402	36
2403	50
2404	33
2405	49
2406	39
2407	36
2408	41
2409	33
2410	19
2411	40
2412	32
2413	33
2414	37
2415	37
2416	45
2417	35
2418	26
2419	38
2420	35
2421	52
2422	47
2423	28
2424	32
2425	37
2426	46
2427	37
2428	38
2429	30
2430	28
2431	36
2432	35
2433	33
2434	37
2435	37
2436	47
2437	44
2438	30
2439	47
2440	40
2441	36
2442	38
2443	34
2444	45
2445	39
2446	41
2447	32
2448	38
2449	39
2450	42
2451	36
2452	31
2453	38
2454	34
2455	45
2456	44
2457	36
2458	42
2459	31
2460	35
2461	44
2462	36
2463	35
2464	41
2465	40
2466	39
2467	36
2468	34
2469	41
2470	41
2471	33
2472	29
2473	47
2474	45
2475	31
2476	35
2477	38
2478	39
2479	39
2480	42
2481	38
2482	40
2483	36
2484	38
2485	40
2486	36
2487	37
2488	29
2489	43
2490	50
2491	46
2492	48
2493	49
2494	42
2495	40
2496	41
2497	39
2498	30
2499	34
2500	48
2501	46
2502	28
2503	38
2504	35
2505	40
2506	32
2507	36
2508	38
2509	38
2510	45
2511	47
2512	33
2513	46
2514	45
2515	29
2516	53
2517	42
2518	28
2519	29
2520	38
2521	35
2522	38
2523	41
2524	41
2525	26
2526	38
2527	42
2528	33
2529	38
2530	51
2531	42
2532	45
2533	35
2534	41
2535	45
2536	44
2537	36
2538	37
2539	38
2540	34
2541	36
2542	27
2543	45
2544	30
2545	28
2546	49
2547	42
2548	35
2549	38
2550	41
2551	40
2552	42
2553	36
2554	44
2555	39
2556	35
2557	29
2558	40
2559	38
2560	39
2561	44
2562	35
2563	29
2564	40
2565	37
2566	33
2567	38
2568	40
2569	52
2570	46
2571	46
2572	39
2573	39
2574	30
2575	41
2576	38
2577	37
2578	39
2579	34
2580	40
2581	40
2582	41
2583	39
2584	39
2585	36
2586	46
2587	40
2588	36
2589	41
2590	48
2591	40
2592	41
2593	41
2594	35
2595	20
2596	45
2597	49
2598	47
2599	44
2600	32
2601	35
2602	31
2603	36
2604	39
2605	32
2606	42
2607	34
2608	43
2609	38
2610	36
2611	48
2612	35
2613	36
2614	53
2615	51
2616	40
2617	33
2618	42
2619	35
2620	40
2621	44
2622	24
2623	38
2624	41
2625	31
2626	46
2627	44
2628	48
2629	40
2630	45
2631	37
2632	40
2633	26
2634	44
2635	46
2636	39
2637	45
2638	33
2639	38
2640	32
2641	45
2642	30
2643	42
2644	36
2645	24
2646	30
2647	39
2648	49
2649	26
2650	40
2651	46
2652	33
2653	33
2654	37
2655	40
2656	42
2657	25
2658	40
2659	36
2660	45
2661	50
2662	36
2663	36
2664	39
2665	39
2666	38
2667	46
2668	39
2669	51
2670	32
2671	41
2672	41
2673	37
2674	34
2675	39
2676	43
2677	46
2678	35
2679	39
2680	41
2681	39
2682	42
2683	42
2684	29
2685	37
2686	38
2687	38
2688	38
2689	37
2690	29
2691	27
2692	40
2693	37
2694	40
2695	47
2696	31
2697	42
2698	32
2699	35
2700	30
2701	37
2702	40
2703	37
2704	43
2705	32
2706	31
2707	37
2708	36
2709	34
2710	45
2711	47
2712	43
2713	59
2714	39
2715	30
2716	36
2717	43
2718	38
2719	49
2720	42
2721	37
2722	35
2723	38
2724	37
2725	36
2726	45
2727	44
2728	35
2729	39
2730	43
2731	34
2732	43
2733	32
2734	40
2735	41
2736	34
2737	33
2738	34
2739	32
2740	42
2741	33
2742	33
2743	36
2744	38
2745	37
2746	45
2747	51
2748	45
2749	31
2750	35
2751	30
2752	33
2753	37
2754	35
2755	31
2756	41
2757	36
2758	52
2759	32
2760	44
2761	44
2762	42
2763	46
2764	35
2765	39
2766	31
2767	34
2768	41
2769	39
2770	39
2771	42
2772	42
2773	34
2774	51
2775	33
2776	43
2777	40
2778	33
2779	42
2780	31
2781	33
2782	39
2783	34
2784	31
2785	43
2786	40
2787	34
2788	42
2789	43
2790	28
2791	31
2792	41
2793	32
2794	39
2795	35
2796	41
2797	50
2798	38
2799	43
2800	29
2801	33
2802	37
2803	37
2804	34
2805	32
2806	29
2807	31
2808	31
2809	42
2810	34
2811	47
2812	37
2813	34
2814	41
2815	40
2816	29
2817	38
2818	34
2819	36
2820	38
2821	32
2822	40
2823	40
2824	38
2825	45
2826	44
2827	42
2828	39
2829	36
2830	31
2831	32
2832	35
2833	28
2834	38
2835	39
2836	33
2837	37
2838	23
2839	33
2840	33
2841	42
2842	28
2843	41
2844	35
2845	39
2846	26
2847	29
2848	43
2849	23
2850	32
2851	38
2852	27
2853	45
2854	33
2855	26
2856	39
2857	28
2858	35
2859	41
2860	34
2861	44
2862	31
2863	37
2864	38
2865	39
2866	35
2867	30
2868	42
2869	45
2870	50
2871	34
2872	35
2873	35
2874	36
2875	42
2876	32
2877	32
2878	39
2879	43
2880	38
2881	39
2882	43
2883	35
2884	38
2885	34
2886	31
2887	29
2888	45
2889	32
2890	36
2891	35
2892	38
2893	44
2894	38
2895	49
2896	36
2897	38
2898	39
2899	38
2900	40
2901	36
2902	36
2903	37
2904	43
2905	41
2906	47
2907	36
2908	37
2909	34
2910	37
2911	37
2912	33
2913	30
2914	37
2915	55
2916	28
2917	28
2918	46
2919	43
2920	41
2921	32
2922	38
2923	34
2924	29
2925	32
2926	45
2927	38
2928	32
2929	30
2930	50
2931	32
2932	39
2933	30
2934	36
2935	43
2936	41
2937	26
2938	43
2939	33
2940	31
2941	49
2942	47
2943	35
2944	47
2945	38
2946	43
2947	51
2948	41
2949	37
2950	42
2951	41
2952	33
2953	33
2954	34
2955	43
2956	46
2957	45
2958	45
2959	38
2960	39
2961	38
2962	30
2963	34
2964	36
2965	35
2966	33
2967	44
2968	33
2969	33
2970	39
2971	45
2972	39
2973	38
2974	34
2975	34
2976	39
2977	44
2978	35
2979	46
2980	49
2981	40
2982	34
2983	38
2984	31
2985	44
2986	36
2987	41
2988	33
2989	34
2990	34
2991	31
2992	39
2993	40
2994	35
2995	36
2996	43
2997	30
2998	37
2999	31
3000	35
3001	35
3002	37
3003	37
3004	32
3005	50
3006	36
3007	28
3008	47
3009	33
3010	41
3011	42
3012	27
3013	44
3014	41
3015	34
3016	35
3017	45
3018	32
3019	31
3020	44
3021	43
3022	37
3023	44
3024	43
3025	45
3026	32
3027	44
3028	38
3029	34
3030	34
3031	48
3032	36
3033	30
3034	39
3035	37
3036	44
3037	33
3038	31
3039	54
3040	45
3041	38
3042	36
3043	40
3044	40
3045	38
3046	39
3047	34
3048	45
3049	28
3050	24
3051	42
3052	39
3053	37
3054	29
3055	44
3056	24
3057	41
3058	29
3059	43
3060	35
3061	38
3062	39
3063	45
3064	47
3065	36
3066	40
3067	40
3068	42
3069	37
3070	27
3071	42
3072	39
3073	30
3074	36
3075	47
3076	44
3077	32
3078	39
3079	27
3080	44
3081	43
3082	41
3083	28
3084	29
3085	38
3086	34
3087	47
3088	32
3089	61
3090	38
3091	35
3092	38
3093	39
3094	37
3095	36
3096	30
3097	47
3098	52
3099	37
3100	39
3101	33
3102	46
3103	43
3104	43
3105	46
3106	45
3107	41
3108	50
3109	43
3110	38
3111	41
3112	30
3113	33
3114	44
3115	29
3116	31
3117	32
3118	43
3119	32
3120	32
3121	34
3122	34
3123	38
3124	49
3125	29
3126	40
3127	33
3128	39
3129	37
3130	39
3131	48
3132	44
3133	44
3134	41
3135	40
3136	41
3137	40
3138	41
3139	35
3140	44
3141	35
3142	38
3143	37
3144	40
3145	36
3146	39
3147	27
3148	30
3149	49
3150	36
3151	53
3152	34
3153	41
3154	45
3155	30
3156	36
3157	36
3158	40
3159	36
3160	35
3161	32
3162	27
3163	43
3164	43
3165	39
3166	28
3167	39
3168	43
3169	34
3170	34
3171	42
3172	54
3173	39
3174	45
3175	24
3176	43
3177	47
3178	38
3179	33
3180	40
3181	38
3182	43
3183	39
3184	36
3185	46
3186	39
3187	36
3188	35
3189	32
3190	27
3191	51
3192	51
3193	48
3194	45
3195	35
3196	39
3197	46
3198	44
3199	39
3200	33
3201	44
3202	38
3203	51
3204	41
3205	50
3206	35
3207	35
3208	41
3209	51
3210	46
3211	50
3212	38
3213	46
3214	46
3215	39
3216	42
3217	48
3218	48
3219	53
3220	34
3221	34
3222	48
3223	35
3224	39
3225	29
3226	22
3227	46
3228	33
3229	39
3230	39
3231	30
3232	47
3233	47
3234	33
3235	38
3236	32
3237	39
3238	33
3239	37
3240	44
3241	32
3242	44
3243	40
3244	42
3245	44
3246	43
3247	32
3248	38
3249	31
3250	41
3251	36
3252	39
3253	35
3254	38
3255	32
3256	32
3257	34
3258	43
3259	36
3260	42
3261	40
3262	45
3263	34
3264	28
3265	31
3266	38
3267	33
3268	45
3269	38
3270	37
3271	38
3272	37
3273	32
3274	35
3275	30
3276	34
3277	51
3278	39
3279	32
3280	34
3281	35
3282	40
3283	37
3284	30
3285	52
3286	42
3287	46
3288	32
3289	26
3290	37
3291	29
3292	39
3293	35
3294	43
3295	34
3296	40
3297	32
3298	37
3299	45
3300	42
3301	43
3302	39
3303	57
3304	28
3305	34
3306	40
3307	24
3308	36
3309	41
3310	33
3311	25
3312	34
3313	34
3314	35
3315	33
3316	38
3317	38
3318	48
3319	34
3320	28
3321	32
3322	45
3323	42
3324	31
3325	24
3326	34
3327	32
3328	35
3329	42
3330	40
3331	32
3332	35
3333	34
3334	39
3335	40
3336	32
3337	43
3338	43
3339	30
3340	43
3341	27
3342	37
3343	46
3344	33
3345	34
3346	35
3347	41
3348	27
3349	41
3350	30
3351	33
3352	39
3353	24
3354	41
3355	42
3356	43
3357	35
3358	38
3359	40
3360	34
3361	35
3362	33
3363	34
3364	37
3365	36
3366	32
3367	35
3368	32
3369	40
3370	36
3371	42
3372	32
3373	36
3374	26
3375	38
3376	48
3377	32
3378	34
3379	35
3380	22
3381	30
3382	27
3383	38
3384	32
3385	36
3386	30
3387	40
3388	32
3389	39
3390	22
3391	29
3392	42
3393	26
3394	31
3395	28
3396	29
3397	32
3398	30
3399	35
3400	42
3401	27
3402	30
3403	30
3404	28
3405	38
3406	37
3407	23
3408	30
3409	25
3410	27
3411	35
3412	36
3413	23
3414	28
3415	23
3416	32
3417	35
3418	30
3419	34
3420	26
3421	40
3422	36
3423	27
3424	27
3425	35
3426	36
3427	24
3428	24
3429	37
3430	27
3431	28
3432	34
3433	43
3434	28
3435	37
3436	21
3437	30
3438	35
3439	41
3440	30
3441	42
3442	29
3443	20
3444	25
3445	26
3446	26
3447	24
3448	20
3449	30
3450	33
3451	34
3452	38
3453	29
3454	33
3455	27
3456	21
3457	26
3458	29
3459	23
3460	20
3461	14
3462	21
3463	24
3464	22
3465	27
3466	27
3467	17
3468	33
3469	27
3470	25
3471	21
3472	23
3473	16
3474	27
3475	30
3476	19
3477	31
3478	16
3479	22
3480	32
3481	18
3482	31
3483	33
3484	32
3485	33
3486	29
3487	22
3488	26
3489	28
3490	22
3491	29
3492	21
3493	22
3494	28
3495	24
3496	22
3497	19
3498	33
3499	26
3500	29
3501	25
3502	22
3503	20
3504	22
3505	22
3506	20
3507	29
3508	23
3509	21
3510	27
3511	21
3512	22
3513	15
3514	11
3515	24
3516	17
3517	22
3518	27
3519	28
3520	20
3521	17
3522	20
3523	20
3524	33
3525	21
3526	28
3527	24
3528	29
3529	24
3530	20
3531	26
3532	30
3533	28
3534	23
3535	24
3536	17
3537	16
3538	23
3539	18
3540	19
3541	22
3542	25
3543	18
3544	29
3545	15
3546	11
3547	22
3548	25
3549	19
3550	25
3551	20
3552	15
3553	17
3554	16
3555	16
3556	14
3557	14
3558	18
3559	14
3560	26
3561	14
3562	19
3563	11
3564	21
3565	15
3566	29
3567	22
3568	16
3569	23
3570	14
3571	24
3572	23
3573	11
3574	9
3575	17
3576	20
3577	16
3578	19
3579	17
3580	21
3581	31
3582	23
3583	18
3584	21
3585	22
3586	24
3587	21
3588	16
3589	16
3590	11
3591	23
3592	14
3593	16
3594	15
3595	11
3596	12
3597	15
3598	15
3599	16
3600	20
3601	10
3602	26
3603	17
3604	19
3605	22
3606	8
3607	7
3608	16
3609	9
3610	22
3611	16
3612	16
3613	15
3614	16
3615	15
3616	11
3617	14
3618	13
3619	10
3620	19
3621	15
3622	13
3623	13
3624	15
3625	15
3626	16
3627	14
3628	13
3629	24
3630	19
3631	16
3632	15
3633	14
3634	16
3635	20
3636	11
3637	16
3638	16
3639	11
3640	14
3641	14
3642	15
3643	12
3644	13
3645	18
3646	20
3647	15
3648	15
3649	11
3650	11
3651	13
3652	14
3653	14
3654	9
3655	23
3656	20
3657	11
3658	16
3659	16
3660	14
3661	16
3662	21
3663	16
3664	13
3665	14
3666	22
3667	12
3668	17
3669	11
3670	16
3671	14
3672	16
3673	6
3674	25
3675	13
3676	12
3677	13
3678	20
3679	15
3680	16
3681	16
3682	18
3683	18
3684	10
3685	12
3686	10
3687	13
3688	13
3689	16
3690	13
3691	13
3692	17
3693	17
3694	17
3695	15
3696	12
3697	13
3698	12
3699	8
3700	19
3701	10
3702	20
3703	12
3704	8
3705	13
3706	10
3707	13
3708	20
3709	13
3710	9
3711	19
3712	15
3713	15
3714	17
3715	14
3716	13
3717	11
3718	23
3719	11
3720	12
3721	13
3722	10
3723	21
3724	11
3725	18
3726	14
3727	18
3728	10
3729	13
3730	10
3731	15
3732	14
3733	11
3734	19
3735	13
3736	16
3737	22
3738	14
3739	12
3740	13
3741	17
3742	11
3743	14
3744	20
3745	16
3746	9
3747	14
3748	6
3749	17
3750	14
3751	14
3752	11
3753	18
3754	10
3755	10
3756	9
3757	7
3758	11
3759	12
3760	14
3761	16
3762	13
3763	12
3764	15
3765	15
3766	7
3767	9
3768	15
3769	7
3770	10
3771	12
3772	16
3773	14
3774	10
3775	11
3776	10
3777	7
3778	17
3779	9
3780	16
3781	16
3782	15
3783	14
3784	10
3785	12
3786	16
3787	12
3788	9
3789	12
3790	12
3791	15
3792	13
3793	15
3794	10
3795	8
3796	15
3797	19
3798	10
3799	12
3800	14
3801	13
3802	6
3803	14
3804	19
3805	10
3806	13
3807	7
3808	14
3809	12
3810	15
3811	13
3812	11
3813	9
3814	14
3815	14
3816	15
3817	8
3818	13
3819	11
3820	10
3821	16
3822	8
3823	15
3824	12
3825	12
3826	18
3827	8
3828	7
3829	14
3830	14
3831	9
3832	7
3833	20
3834	15
3835	14
3836	6
3837	15
3838	5
3839	9
3840	16
3841	7
3842	16
3843	8
3844	8
3845	12
3846	7
3847	8
3848	5
3849	19
3850	11
3851	10
3852	14
3853	13
3854	12
3855	13
3856	5
3857	13
3858	10
3859	17
3860	5
3861	12
3862	14
3863	13
3864	10
3865	15
3866	15
3867	10
3868	6
3869	13
3870	7
3871	14
3872	6
3873	4
3874	9
3875	11
3876	11
3877	12
3878	13
3879	9
3880	10
3881	14
3882	11
3883	11
3884	11
3885	11
3886	3
3887	8
3888	6
3889	9
3890	16
3891	12
3892	8
3893	13
3894	15
3895	16
3896	12
3897	10
3898	16
3899	8
3900	10
3901	8
3902	9
3903	14
3904	9
3905	6
3906	11
3907	6
3908	8
3909	12
3910	10
3911	12
3912	11
3913	6
3914	8
3915	7
3916	6
3917	2
3918	8
3919	7
3920	12
3921	6
3922	12
3923	12
3924	7
3925	11
3926	5
3927	7
3928	15
3929	8
3930	13
3931	6
3932	13
3933	5
3934	6
3935	10
3936	14
3937	8
3938	11
3939	17
3940	14
3941	11
3942	10
3943	10
3944	6
3945	19
3946	11
3947	4
3948	17
3949	11
3950	11
3951	13
3952	9
3953	8
3954	10
3955	5
3956	7
3957	7
3958	13
3959	11
3960	6
3961	7
3962	13
3963	14
3964	9
3965	8
3966	9
3967	10
3968	9
3969	11
3970	8
3971	14
3972	7
3973	15
3974	4
3975	12
3976	14
3977	12
3978	12
3979	6
3980	10
3981	5
3982	9
3983	10
3984	9
3985	9
3986	14
3987	20
3988	5
3989	6
3990	11
3991	9
3992	11
3993	11
3994	12
3995	12
3996	12
3997	11
3998	13
3999	8
4000	13
4001	10
4002	3
4003	10
4004	8
4005	5
4006	17
4007	6
4008	12
4009	4
4010	12
4011	8
4012	14
4013	15
4014	7
4015	9
4016	11
4017	6
4018	6
4019	10
4020	7
4021	10
4022	8
4023	10
4024	6
4025	9
4026	6
4027	14
4028	8
4029	9
4030	12
4031	6
4032	8
4033	3
4034	6
4035	8
4036	12
4037	9
4038	5
4039	9
4040	17
4041	8
4042	9
4043	12
4044	7
4045	4
4046	10
4047	5
4048	5
4049	6
4050	12
4051	7
4052	7
4053	8
4054	15
4055	7
4056	7
4057	15
4058	10
4059	9
4060	11
4061	10
4062	7
4063	13
4064	6
4065	9
4066	16
4067	10
4068	3
4069	12
4070	11
4071	7
4072	6
4073	6
4074	10
4075	8
4076	3
4077	11
4078	12
4079	11
4080	5
4081	9
4082	5
4083	9
4084	9
4085	11
4086	8
4087	6
4088	9
4089	10
4090	10
4091	4
4092	10
4093	10
4094	8
4095	10
4096	4
4097	7
4098	11
4099	13
4100	10
4101	11
4102	11
4103	7
4104	8
4105	11
4106	8
4107	8
4108	13
4109	6
4110	6
4111	7
4112	7
4113	7
4114	6
4115	14
4116	8
4117	9
4118	12
4119	11
4120	10
4121	10
4122	13
4123	9
4124	9
4125	10
4126	6
4127	9
4128	8
4129	19
4130	10
4131	12
4132	10
4133	11
4134	12
4135	14
4136	6
4137	10
4138	8
4139	13
4140	11
4141	7
4142	7
4143	5
4144	5
4145	10
4146	5
4147	10
4148	9
4149	11
4150	7
4151	8
4152	11
4153	11
4154	9
4155	13
4156	8
4157	8
4158	8
4159	8
4160	6
4161	10
4162	8
4163	11
4164	8
4165	12
4166	7
4167	7
4168	10
4169	9
4170	16
4171	7
4172	9
4173	12
4174	10
4175	15
4176	11
4177	5
4178	12
4179	4
4180	16
4181	5
4182	11
4183	17
4184	6
4185	7
4186	9
4187	10
4188	11
4189	11
4190	9
4191	6
4192	10
4193	1
4194	15
4195	13
4196	14
4197	4
4198	4
4199	15
4200	11
4201	8
4202	13
4203	6
4204	10
4205	11
4206	10
4207	12
4208	8
4209	9
4210	15
4211	10
4212	13
4213	12
4214	13
4215	18
4216	12
4217	9
4218	6
4219	8
4220	13
4221	11
4222	6
4223	8
4224	13
4225	12
4226	11
4227	5
4228	2
4229	8
4230	7
4231	10
4232	12
4233	12
4234	12
4235	5
4236	5
4237	6
4238	7
4239	11
4240	11
4241	11
4242	6
4243	10
4244	7
4245	9
4246	10
4247	8
4248	17
4249	14
4250	8
4251	10
4252	13
4253	9
4254	7
4255	8
4256	10
4257	7
4258	9
4259	8
4260	5
4261	11
4262	14
4263	6
4264	5
4265	10
4266	8
4267	10
4268	10
4269	12
4270	9
4271	6
4272	8
4273	7
4274	8
4275	10
4276	12
4277	8
4278	9
4279	10
4280	10
4281	10
4282	9
4283	10
4284	9
4285	10
4286	6
4287	6
4288	15
4289	8
4290	10
4291	5
4292	5
4293	11
4294	11
4295	15
4296	13
4297	19
4298	10
4299	12
4300	12
4301	6
4302	12
4303	8
4304	14
4305	7
4306	8
4307	4
4308	7
4309	9
4310	14
4311	7
4312	10
4313	17
4314	16
4315	3
4316	10
4317	3
4318	8
4319	18
4320	11
4321	9
4322	11
4323	10
4324	15
4325	10
4326	13
4327	19
4328	8
4329	11
4330	9
4331	9
4332	13
4333	13
4334	11
4335	10
4336	11
4337	16
4338	12
4339	8
4340	10
4341	13
4342	14
4343	12
4344	7
4345	9
4346	6
4347	9
4348	18
4349	9
4350	11
4351	10
4352	9
4353	9
4354	10
4355	12
4356	16
4357	8
4358	9
4359	13
4360	7
4361	9
4362	12
4363	7
4364	10
4365	12
4366	10
4367	13
4368	14
4369	7
4370	14
4371	13
4372	9
4373	16
4374	12
4375	14
4376	11
4377	7
4378	13
4379	13
4380	15
4381	5
4382	15
4383	10
4384	13
4385	12
4386	10
4387	12
4388	12
4389	11
4390	13
4391	14
4392	12
4393	17
4394	20
4395	14
4396	9
4397	22
4398	15
4399	10
4400	19
4401	20
4402	16
4403	15
4404	17
4405	11
4406	12
4407	14
4408	9
4409	14
4410	15
4411	18
4412	10
4413	14
4414	16
4415	15
4416	17
4417	20
4418	13
4419	11
4420	16
4421	12
4422	17
4423	21
4424	13
4425	11
4426	17
4427	13
4428	15
4429	9
4430	17
4431	21
4432	17
4433	14
4434	13
4435	15
4436	12
4437	34
4438	18
4439	9
4440	23
4441	23
4442	26
4443	10
4444	27
4445	14
4446	20
4447	19
4448	18
4449	18
4450	27
4451	21
4452	18
4453	16
4454	18
4455	19
4456	25
4457	14
4458	19
4459	19
4460	20
4461	19
4462	22
4463	22
4464	28
4465	20
4466	29
4467	23
4468	20
4469	19
4470	30
4471	26
4472	25
4473	30
4474	21
4475	30
4476	37
4477	27
4478	28
4479	32
4480	31
4481	26
4482	29
4483	24
4484	27
4485	30
4486	32
4487	16
4488	26
4489	24
4490	32
4491	33
4492	29
4493	22
4494	46
4495	32
4496	41
4497	37
4498	40
4499	37
4500	35
4501	36
4502	28
4503	43
4504	36
4505	41
4506	32
4507	27
4508	44
4509	46
4510	43
4511	35
4512	39
4513	54
4514	36
4515	38
4516	37
4517	41
4518	36
4519	35
4520	44
4521	36
4522	46
4523	37
4524	48
4525	45
4526	43
4527	59
4528	38
4529	40
4530	51
4531	55
4532	49
4533	47
4534	46
4535	57
4536	42
4537	49
4538	49
4539	63
4540	47
4541	52
4542	58
4543	50
4544	62
4545	46
4546	66
4547	56
4548	51
4549	45
4550	54
4551	62
4552	39
4553	58
4554	70
4555	67
4556	70
4557	62
4558	65
4559	59
4560	67
4561	70
4562	77
4563	86
4564	58
4565	66
4566	86
4567	56
4568	70
4569	64
4570	77
4571	63
4572	69
4573	57
4574	77
4575	84
4576	76
4577	83
4578	75
4579	98
4580	98
4581	89
4582	64
4583	73
4584	82
4585	84
4586	80
4587	84
4588	76
4589	89
4590	86
4591	80
4592	89
4593	96
4594	76
4595	106
4596	114
4597	110
4598	102
4599	100
4600	109
4601	103
4602	95
4603	116
4604	110
4605	102
4606	111
4607	115
4608	119
4609	93
4610	113
4611	127
4612	122
4613	113
4614	119
4615	93
4616	123
4617	137
4618	116
4619	123
4620	143
4621	123
4622	133
4623	119
4624	134
4625	127
4626	144
4627	118
4628	138
4629	130
4630	126
4631	159
4632	136
4633	151
4634	147
4635	152
4636	150
4637	146
4638	152
4639	139
4640	127
4641	164
4642	166
4643	149
4644	131
4645	171
4646	128
4647	140
4648	146
4649	161
4650	164
4651	165
4652	165
4653	163
4654	155
4655	139
4656	164
4657	150
4658	191
4659	146
4660	182
4661	170
4662	160
4663	185
4664	177
4665	194
4666	193
4667	176
4668	182
4669	172
4670	181
4671	185
4672	185
4673	192
4674	197
4675	197
4676	190
4677	205
4678	187
4679	209
4680	199
4681	197
4682	225
4683	214
4684	176
4685	207
4686	204
4687	195
4688	235
4689	212
4690	228
4691	213
4692	224
4693	225
4694	232
4695	224
4696	227
4697	242
4698	227
4699	230
4700	238
4701	224
4702	231
4703	212
4704	204
4705	227
4706	217
4707	203
4708	241
4709	267
4710	226
4711	238
4712	240
4713	254
4714	266
4715	261
4716	260
4717	241
4718	240
4719	246
4720	250
4721	275
4722	261
4723	278
4724	254
4725	268
4726	265
4727	250
4728	282
4729	298
4730	266
4731	244
4732	275
4733	294
4734	250
4735	268
4736	266
4737	257
4738	294
4739	306
4740	293
4741	294
4742	317
4743	295
4744	261
4745	307
4746	295
4747	272
4748	307
4749	295
4750	288
4751	280
4752	284
4753	269
4754	286
4755	294
4756	314
4757	313
4758	308
4759	293
4760	288
4761	311
4762	337
4763	295
4764	293
4765	334
4766	311
4767	324
4768	298
4769	279
4770	309
4771	343
4772	315
4773	324
4774	320
4775	351
4776	328
4777	302
4778	336
4779	318
4780	297
4781	318
4782	323
4783	357
4784	318
4785	295
4786	304
4787	329
4788	335
4789	370
4790	322
4791	367
4792	323
4793	312
4794	328
4795	366
4796	346
4797	321
4798	349
4799	324
4800	372
4801	341
4802	352
4803	347
4804	334
4805	342
4806	362
4807	327
4808	337
4809	338
4810	335
4811	336
4812	353
4813	340
4814	339
4815	349
4816	318
4817	371
4818	379
4819	364
4820	380
4821	333
4822	379
4823	366
4824	346
4825	339
4826	373
4827	358
4828	345
4829	364
4830	366
4831	329
4832	359
4833	359
4834	348
4835	354
4836	296
4837	328
4838	331
4839	332
4840	365
4841	350
4842	344
4843	359
4844	361
4845	323
4846	335
4847	349
4848	342
4849	344
4850	335
4851	330
4852	331
4853	323
4854	342
4855	370
4856	333
4857	346
4858	361
4859	385
4860	337
4861	315
4862	323
4863	347
4864	334
4865	330
4866	327
4867	327
4868	314
4869	278
4870	306
4871	306
4872	332
4873	341
4874	307
4875	337
4876	346
4877	368
4878	338
4879	325
4880	314
4881	328
4882	343
4883	338
4884	336
4885	362
4886	319
4887	323
4888	316
4889	333
4890	315
4891	309
4892	296
4893	314
4894	308
4895	319
4896	318
4897	302
4898	304
4899	322
4900	319
4901	296
4902	306
4903	294
4904	312
4905	308
4906	280
4907	290
4908	293
4909	299
4910	304
4911	271
4912	279
4913	279
4914	311
4915	285
4916	285
4917	304
4918	299
4919	279
4920	299
4921	287
4922	272
4923	286
4924	290
4925	248
4926	283
4927	268
4928	254
4929	254
4930	250
4931	272
4932	258
4933	284
4934	282
4935	263
4936	265
4937	257
4938	263
4939	259
4940	254
4941	242
4942	243
4943	275
4944	245
4945	259
4946	221
4947	239
4948	251
4949	247
4950	235
4951	239
4952	215
4953	219
4954	227
4955	200
4956	232
4957	213
4958	218
4959	230
4960	218
4961	233
4962	213
4963	212
4964	225
4965	232
4966	181
4967	209
4968	204
4969	217
4970	212
4971	204
4972	218
4973	217
4974	211
4975	191
4976	200
4977	191
4978	190
4979	207
4980	171
4981	201
4982	195
4983	199
4984	204
4985	190
4986	190
4987	184
4988	180
4989	180
4990	171
4991	181
4992	171
4993	170
4994	175
4995	180
4996	165
4997	174
4998	169
4999	158
5000	146
5001	162
5002	161
5003	145
5004	142
5005	151
5006	167
5007	161
5008	150
5009	155
5010	155
5011	162
5012	132
5013	136
5014	136
5015	140
5016	154
5017	140
5018	147
5019	137
5020	148
5021	124
5022	140
5023	129
5024	116
5025	142
5026	138
5027	139
5028	142
5029	113
5030	124
5031	118
5032	105
5033	118
5034	128
5035	109
5036	106
5037	99
5038	92
5039	102
5040	97
5041	108
5042	108
5043	116
5044	101
5045	110
5046	97
5047	91
5048	86
5049	105
5050	98
5051	104
5052	91
5053	96
5054	88
5055	99
5056	93
5057	85
5058	88
5059	76
5060	80
5061	97
5062	89
5063	81
5064	70
5065	72
5066	70
5067	69
5068	82
5069	69
5070	76
5071	80
5072	65
5073	75
5074	65
5075	66
5076	65
5077	66
5078	62
5079	66
5080	74
5081	57
5082	56
5083	63
5084	70
5085	75
5086	64
5087	60
5088	46
5089	43
5090	59
5091	63
5092	66
5093	63
5094	47
5095	46
5096	53
5097	57
5098	43
5099	52
5100	44
5101	59
5102	38
5103	69
5104	41
5105	56
5106	45
5107	42
5108	44
5109	41
5110	42
5111	44
5112	37
5113	40
5114	37
5115	40
5116	50
5117	37
5118	41
5119	35
5120	36
5121	44
5122	33
5123	44
5124	34
5125	39
5126	33
5127	21
5128	37
5129	25
5130	36
5131	33
5132	18
5133	27
5134	29
5135	36
5136	37
5137	34
5138	33
5139	29
5140	24
5141	19
5142	25
5143	23
5144	20
5145	31
5146	22
5147	31
5148	26
5149	17
5150	20
5151	14
5152	24
5153	17
5154	20
5155	21
5156	19
5157	27
5158	25
5159	21
5160	29
5161	17
5162	24
5163	17
5164	15
5165	16
5166	19
5167	15
5168	27
5169	22
5170	17
5171	18
5172	9
5173	9
5174	17
5175	15
5176	13
5177	17
5178	14
5179	15
5180	18
5181	13
5182	10
5183	15
5184	20
5185	7
5186	11
5187	9
5188	14
5189	11
5190	8
5191	11
5192	11
5193	11
5194	12
5195	17
5196	17
5197	7
5198	11
5199	6
5200	9
5201	8
5202	3
5203	13
5204	14
5205	8
5206	11
5207	13
5208	7
5209	12
5210	18
5211	12
5212	5
5213	5
5214	9
5215	11
5216	9
5217	3
5218	6
5219	7
5220	4
5221	4
5222	7
5223	8
5224	9
5225	4
5226	5
5227	5
5228	8
5229	6
5230	2
5231	5
5232	4
5233	5
5234	7
5235	3
5236	3
5237	6
5238	7
5239	5
5240	2
5241	3
5242	4
5243	7
5244	7
5245	8
5246	3
5247	4
5248	3
5249	5
5250	5
5251	2
5252	5
5253	7
5254	2
5255	3
5256	2
5257	4
5258	8
5259	2
5260	6
5261	2
5262	1
5263	1
5264	6
5265	2
5266	4
5267	2
5268	5
5269	3
5270	3
5271	3
5272	1
5273	0
5274	9
5275	10
5276	4
5277	0
5278	3
5279	1
5280	1
5281	2
5282	3
5283	5
5284	5
5285	3
5286	7
5287	1
5288	2
5289	2
5290	1
5291	2
5292	5
5293	8
5294	1
5295	0
5296	3
5297	2
5298	3
5299	2
5300	7
5301	4
5302	2
5303	1
5304	0
5305	1
5306	3
5307	1
5308	3
5309	0
5310	1
5311	0
5312	4
5313	2
5314	2
5315	1
5316	2
5317	1
5318	1
5319	2
5320	0
5321	0
5322	1
5323	1
5324	1
5325	2
5326	2
5327	2
5328	0
5329	5
5330	1
5331	2
5332	1
5333	1
5334	0
5335	2
5336	1
5337	1
5338	3
5339	2
5340	4
5341	1
5342	3
5343	3
5344	2
5345	1
5346	0
5347	3
5348	1
5349	3
5350	3
5351	1
5352	1
5353	0
5354	3
5355	3
5356	2
5357	1
5358	1
5359	1
5360	1
5361	1
5362	1
5363	2
5364	4
5365	2
5366	0
5367	6
5368	4
5369	2
5370	1
5371	1
5372	2
5373	1
5374	3
5375	1
5376	1
5377	2
5378	1
5379	1
5380	3
5381	3
5382	0
5383	4
5384	4
5385	1
5386	1
5387	1
5388	1
5389	1
5390	3
5391	1
5392	0
5393	1
5394	1
5395	0
5396	0
5397	2
5398	0
5399	0
5400	2
5401	1
5402	0
5403	5
5404	1
5405	1
5406	1
5407	0
5408	2
5409	2
5410	0
5411	1
5412	1
5413	1
5414	0
5415	2
5416	0
5417	1
5418	2
5419	0
5420	1
5421	3
5422	0
5423	3
5424	1
5425	1
5426	2
5427	3
5428	1
5429	1
5430	1
5431	3
5432	1
5433	0
5434	1
5435	0
5436	2
5437	1
5438	1
5439	0
5440	2
5441	0
5442	1
5443	3
5444	2
5445	1
5446	1
5447	2
5448	2
5449	1
5450	2
5451	0
5452	0
5453	1
5454	1
5455	1
5456	1
5457	1
5458	1
5459	1
5460	3
5461	0
5462	1
5463	1
5464	1
5465	0
5466	2
5467	3
5468	3
5469	3
5470	2
5471	1
5472	2
5473	0
5474	3
5475	3
5476	2
5477	1
5478	1
5479	1
5480	0
5481	1
5482	2
5483	2
5484	2
5485	3
5486	3
5487	1
5488	1
5489	2
5490	2
5491	3
5492	0
5493	1
5494	1
5495	1
5496	3
5497	2
5498	1
5499	1
5500	2
5501	3
5502	0
5503	2
5504	0
5505	0
5506	1
5507	1
5508	3
5509	0
5510	1
5511	0
5512	3
5513	0
5514	1
5515	0
5516	1
5517	1
5518	3
5519	2
5520	3
5521	1
5522	2
5523	3
5524	0
5525	1
5526	1
5527	1
5528	1
5529	0
5530	1
5531	2
5532	2
5533	2
5534	0
5535	0
5536	1
5537	0
5538	1
5539	1
5540	0
5541	1
5542	1
5543	0
5544	3
5545	2
5546	2
5547	0
5548	1
5549	0
5550	0
5551	2
5552	1
5553	1
5554	0
5555	2
5556	2
5557	1
5558	1
5559	2
5560	1
5561	0
5562	0
5563	1
5564	2
5565	2
5566	0
5567	1
5568	0
5569	0
5570	0
5571	0
5572	1
5573	0
5574	0
5575	0
5576	0
5577	1
5578	0
5579	2
5580	2
5581	0
5582	0
5583	2
5584	2
5585	3
5586	1
5587	2
5588	1
5589	0
5590	2
5591	5
5592	3
5593	3
5594	0
5595	1
5596	1
5597	3
5598	0
5599	5
5600	1
5601	2
5602	0
5603	1
5604	0
5605	2
5606	0
5607	0
5608	1
5609	0
5610	1
5611	1
5612	2
5613	0
5614	1
5615	0
5616	1
5617	1
5618	2
5619	2
5620	0
5621	1
5622	1
5623	2
5624	1
5625	2
5626	0
5627	3
5628	2
5629	0
5630	2
5631	0
5632	1
5633	0
5634	2
5635	1
5636	3
5637	2
5638	1
5639	1
5640	1
5641	2
5642	1
5643	2
5644	0
5645	2
5646	0
5647	1
5648	3
5649	0
5650	3
5651	1
5652	0
5653	1
5654	0
5655	1
5656	0
5657	2
5658	1
5659	0
5660	0
5661	2
5662	1
5663	1
5664	1
5665	1
5666	1
5667	2
5668	1
5669	3
5670	1
5671	0
5672	0
5673	2
5674	0
5675	2
5676	1
5677	0
5678	1
5679	3
5680	1
5681	2
5682	0
5683	0
5684	0
5685	2
5686	1
5687	2
5688	1
5689	1
5690	0
5691	2
5692	0
5693	0
5694	0
5695	1
5696	1
5697	3
5698	1
5699	0
5700	0
5701	0
5702	0
5703	1
5704	2
5705	2
5706	0
5707	1
5708	1
5709	1
5710	0
5711	1
5712	1
5713	3
5714	2
5715	0
5716	0
5717	0
5718	2
5719	1
5720	1
5721	1
5722	1
5723	1
5724	2
5725	1
5726	0
5727	0
5728	1
5729	0
5730	1
5731	4
5732	1
5733	0
5734	0
5735	2
5736	3
5737	2
5738	0
5739	1
5740	3
5741	1
5742	0
5743	2
5744	0
5745	0
5746	0
5747	2
5748	1
5749	2
5750	4
5751	0
5752	1
5753	0
5754	0
5755	2
5756	1
5757	1
5758	0
5759	1
5760	3
5761	3
5762	1
5763	0
5764	1
5765	0
5766	0
5767	2
5768	3
5769	0
5770	0
5771	2
5772	2
5773	0
5774	1
5775	0
5776	1
5777	2
5778	4
5779	1
5780	0
5781	1
5782	1
5783	1
5784	1
5785	1
5786	2
5787	0
5788	1
5789	0
5790	1
5791	1
5792	2
5793	1
5794	1
5795	0
5796	0
5797	0
5798	0
5799	1
5800	3
5801	1
5802	1
5803	3
5804	1
5805	3
5806	1
5807	1
5808	1
5809	1
5810	3
5811	0
5812	2
5813	1
5814	1
5815	1
5816	4
5817	1
5818	1
5819	2
5820	1
5821	1
5822	1
5823	1
5824	1
5825	1
5826	3
5827	2
5828	1
5829	0
5830	0
5831	1
5832	1
5833	1
5834	0
5835	0
5836	0
5837	3
5838	0
5839	0
5840	1
5841	1
5842	0
5843	1
5844	2
5845	1
5846	1
5847	4
5848	1
5849	0
5850	2
5851	3
5852	0
5853	0
5854	0
5855	2
5856	1
5857	0
5858	1
5859	0
5860	1
5861	1
5862	1
5863	4
5864	0
5865	0
5866	0
5867	0
5868	2
5869	0
5870	1
5871	1
5872	0
5873	0
5874	0
5875	2
5876	2
5877	1
5878	2
5879	1
5880	0
5881	0
5882	1
5883	2
5884	3
5885	1
5886	3
5887	1
5888	1
5889	3
5890	0
5891	0
5892	0
5893	0
5894	0
5895	1
5896	4
5897	0
5898	1
5899	0
5900	2
5901	0
5902	1
5903	1
5904	0
5905	0
5906	0
5907	1
5908	1
5909	0
5910	0
5911	0
5912	1
5913	0
5914	1
5915	4
5916	2
5917	0
5918	2
5919	0
5920	1
5921	1
5922	0
5923	2
5924	1
5925	1
5926	1
5927	0
5928	2
5929	0
5930	1
5931	2
5932	2
5933	2
5934	1
5935	1
5936	3
5937	2
5938	0
5939	3
5940	0
5941	0
5942	2
5943	0
5944	1
5945	0
5946	1
5947	1
5948	2
5949	1
5950	0
5951	0
5952	2
5953	3
5954	1
5955	1
5956	1
5957	1
5958	1
5959	0
5960	2
5961	3
5962	1
5963	0
5964	0
5965	4
5966	2
5967	0
5968	0
5969	3
5970	0
5971	0
5972	1
5973	1
5974	3
5975	0
5976	1
5977	0
5978	1
5979	0
5980	1
5981	0
5982	3
5983	1
5984	1
5985	1
5986	2
5987	0
5988	1
5989	1
5990	0
5991	1
5992	3
5993	2
5994	1
5995	3
5996	2
5997	1
5998	1
5999	0
6000	0
6001	1
6002	0
6003	0
6004	3
6005	2
6006	2
6007	1
6008	1
6009	1
6010	1
6011	2
6012	1
6013	0
6014	0
6015	1
6016	3
6017	0
6018	0
6019	0
6020	1
6021	0
6022	0
6023	4
6024	1
6025	1
6026	0
6027	1
6028	2
6029	2
6030	2
6031	1
6032	2
6033	2
6034	1
6035	0
6036	0
6037	2
6038	2
6039	1
6040	3
6041	1
6042	0
6043	1
6044	0
6045	1
6046	1
6047	2
6048	1
6049	1
6050	0
6051	0
6052	2
6053	1
6054	0
6055	1
6056	1
6057	0
6058	0
6059	0
6060	1
6061	1
6062	2
6063	1
6064	2
6065	3
6066	1
6067	1
6068	0
6069	0
6070	0
6071	0
6072	1
6073	1
6074	0
6075	1
6076	1
6077	1
6078	0
6079	1
6080	1
6081	2
6082	4
6083	1
6084	2
6085	0
6086	1
6087	2
6088	0
6089	0
6090	2
6091	1
6092	1
6093	0
6094	0
6095	3
6096	0
6097	1
6098	0
6099	1
6100	0
6101	0
6102	0
6103	0
6104	0
6105	0
6106	1
6107	1
6108	0
6109	2
6110	1
6111	0
6112	1
6113	1
6114	1
6115	0
6116	0
6117	1
6118	1
6119	0
6120	1
6121	0
6122	2
6123	2
6124	4
6125	1
6126	1
6127	0
6128	0
6129	1
6130	1
6131	0
6132	0
6133	1
6134	1
6135	0
6136	2
6137	0
6138	2
6139	2
6140	4
6141	2
6142	1
6143	1
6144	0
6145	1
6146	0
6147	0
6148	0
6149	0
6150	0
6151	2
6152	2
6153	3
6154	3
6155	0
6156	1
6157	2
6158	2
6159	0
6160	0
6161	1
6162	1
6163	4
6164	1
6165	1
6166	2
6167	0
6168	0
6169	2
6170	0
6171	0
6172	2
6173	1
6174	0
6175	0
6176	1
6177	0
6178	1
6179	1
6180	1
6181	0
6182	0
6183	0
6184	2
6185	0
6186	0
6187	1
6188	2
6189	0
6190	0
6191	1
6192	2
6193	1
6194	0
6195	1
6196	0
6197	0
6198	3
6199	1
6200	2
6201	0
6202	1
6203	1
6204	1
6205	1
6206	0
6207	0
6208	0
6209	1
6210	1
6211	1
6212	1
6213	2
6214	2
6215	1
6216	0
6217	0
6218	1
6219	0
6220	0
6221	1
6222	0
6223	1
6224	1
6225	0
6226	0
6227	1
6228	1
6229	0
6230	1
6231	0
6232	2
6233	1
6234	0
6235	0
6236	1
6237	0
6238	2
6239	0
6240	1
6241	1
6242	1
6243	2
6244	0
6245	1
6246	0
6247	0
6248	1
6249	2
6250	0
6251	0
6252	0
6253	0
6254	1
6255	2
6256	3
6257	0
6258	4
6259	0
6260	3
6261	3
6262	0
6263	0
6264	0
6265	1
6266	0
6267	0
6268	1
6269	0
6270	2
6271	1
6272	1
6273	1
6274	1
6275	0
6276	2
6277	0
6278	2
6279	4
6280	2
6281	2
6282	0
6283	0
6284	1
6285	2
6286	0
6287	1
6288	2
6289	2
6290	2
6291	3
6292	1
6293	1
6294	0
6295	1
6296	0
6297	2
6298	1
6299	1
6300	0
6301	1
6302	0
6303	2
6304	0
6305	3
6306	3
6307	0
6308	1
6309	0
6310	1
6311	2
6312	1
6313	1
6314	1
6315	1
6316	1
6317	1
6318	0
6319	0
6320	1
6321	2
6322	1
6323	3
6324	0
6325	1
6326	1
6327	3
6328	1
6329	1
6330	3
6331	3
6332	0
6333	0
6334	2
6335	3
6336	1
6337	1
6338	0
6339	2
6340	0
6341	1
6342	2
6343	1
6344	1
6345	0
6346	2
6347	3
6348	0
6349	2
6350	0
6351	2
6352	0
6353	4
6354	1
6355	0
6356	0
6357	2
6358	3
6359	1
6360	2
6361	1
6362	1
6363	0
6364	2
6365	1
6366	0
6367	3
6368	1
6369	1
6370	1
6371	2
6372	1
6373	0
6374	1
6375	0
6376	3
6377	1
6378	0
6379	3
6380	3
6381	1
6382	1
6383	2
6384	1
6385	1
6386	0
6387	0
6388	1
6389	1
6390	0
6391	0
6392	2
6393	1
6394	0
6395	0
6396	1
6397	1
6398	0
6399	2
6400	3
6401	2
6402	0
6403	1
6404	0
6405	2
6406	1
6407	0
6408	1
6409	0
6410	1
6411	3
6412	1
6413	3
6414	2
6415	0
6416	1
6417	2
6418	2
6419	2
6420	0
6421	1
6422	2
6423	0
6424	2
6425	0
6426	1
6427	1
6428	4
6429	3
6430	1
6431	1
6432	2
6433	0
6434	0
6435	3
6436	2
6437	2
6438	1
6439	0
6440	1
6441	1
6442	0
6443	0
6444	4
6445	1
6446	2
6447	2
6448	1
6449	0
6450	1
6451	1
6452	3
6453	1
6454	2
6455	1
6456	2
6457	0
6458	2
6459	1
6460	0
6461	1
6462	0
6463	0
6464	0
6465	1
6466	2
6467	3
6468	1
6469	0
6470	0
6471	4
6472	1
6473	0
6474	3
6475	1
6476	2
6477	1
6478	0
6479	3
6480	3
6481	1
6482	0
6483	0
6484	2
6485	2
6486	0
6487	1
6488	3
6489	0
6490	4
6491	1
6492	2
6493	0
6494	2
6495	1
6496	0
6497	0
6498	1
6499	0
6500	0
6501	2
6502	1
6503	0
6504	0
6505	0
6506	1
6507	0
6508	0
6509	0
6510	0
6511	1
6512	0
6513	0
6514	1
6515	2
6516	0
6517	3
6518	1
6519	0
6520	1
6521	1
6522	1
6523	0
6524	0
6525	2
6526	1
6527	1
6528	0
6529	0
6530	1
6531	2
6532	0
6533	1
6534	1
6535	3
6536	2
6537	0
6538	3
6539	0
6540	0
6541	2
6542	2
6543	0
6544	1
6545	1
6546	5
6547	0
6548	1
6549	1
6550	2
6551	2
6552	0
6553	0
6554	0
6555	0
6556	1
6557	0
6558	0
6559	1
6560	3
6561	1
6562	1
6563	0
6564	0
6565	1
6566	1
6567	2
6568	1
6569	1
6570	2
6571	2
6572	1
6573	0
6574	0
6575	1
6576	2
6577	3
6578	0
6579	2
6580	1
6581	1
6582	1
6583	2
6584	0
6585	1
6586	1
6587	2
6588	0
6589	0
6590	3
6591	1
6592	0
6593	0
6594	1
6595	4
6596	0
6597	0
6598	1
6599	3
6600	3
6601	2
6602	2
6603	2
6604	1
6605	0
6606	1
6607	2
6608	2
6609	3
6610	2
6611	1
6612	0
6613	1
6614	3
6615	1
6616	1
6617	2
6618	0
6619	0
6620	0
6621	0
6622	4
6623	0
6624	0
6625	2
6626	2
6627	2
6628	0
6629	1
6630	0
6631	0
6632	0
6633	2
6634	1
6635	2
6636	3
6637	1
6638	1
6639	0
6640	2
6641	1
6642	1
6643	3
6644	0
6645	3
6646	0
6647	1
6648	0
6649	1
6650	0
6651	1
6652	0
6653	0
6654	1
6655	1
6656	0
6657	1
6658	0
6659	1
6660	1
6661	2
6662	1
6663	0
6664	1
6665	0
6666	1
6667	0
6668	2
6669	0
6670	0
6671	1
6672	0
6673	3
6674	2
6675	3
6676	0
6677	0
6678	2
6679	0
6680	1
6681	1
6682	1
6683	2
6684	0
6685	2
6686	0
6687	0
6688	0
6689	0
6690	2
6691	3
6692	0
6693	1
6694	0
6695	2
6696	0
6697	0
6698	0
6699	2
6700	2
6701	3
6702	0
6703	2
6704	4
6705	1
6706	0
6707	0
6708	0
6709	0
6710	0
6711	2
6712	0
6713	2
6714	0
6715	2
6716	2
6717	0
6718	1
6719	4
6720	1
6721	3
6722	0
6723	1
6724	1
6725	1
6726	0
6727	2
6728	2
6729	0
6730	0
6731	3
6732	1
6733	0
6734	0
6735	0
6736	0
6737	1
6738	0
6739	2
6740	2
6741	2
6742	1
6743	1
6744	1
6745	0
6746	3
6747	1
6748	0
6749	0
6750	2
6751	1
6752	0
6753	0
6754	0
6755	0
6756	0
6757	2
6758	0
6759	0
6760	0
6761	3
6762	4
6763	3
6764	0
6765	1
6766	2
6767	0
6768	1
6769	3
6770	1
6771	5
6772	0
6773	5
6774	0
6775	2
6776	1
6777	1
6778	2
6779	0
6780	0
6781	0
6782	0
6783	1
6784	0
6785	0
6786	1
6787	3
6788	1
6789	0
6790	1
6791	1
6792	0
6793	4
6794	0
6795	0
6796	0
6797	1
6798	1
6799	1
6800	2
6801	1
6802	2
6803	0
6804	0
6805	1
6806	1
6807	1
6808	0
6809	5
6810	1
6811	0
6812	0
6813	1
6814	1
6815	3
6816	1
6817	0
6818	1
6819	2
6820	1
6821	0
6822	1
6823	1
6824	1
6825	0
6826	2
6827	0
6828	1
6829	3
6830	2
6831	2
6832	1
6833	1
6834	0
6835	1
6836	1
6837	1
6838	1
6839	2
6840	0
6841	1
6842	1
6843	0
6844	1
6845	2
6846	2
6847	0
6848	2
6849	1
6850	0
6851	1
6852	0
6853	1
6854	1
6855	2
6856	0
6857	2
6858	0
6859	1
6860	0
6861	1
6862	2
6863	0
6864	3
6865	2
6866	3
6867	1
6868	0
6869	2
6870	1
6871	2
6872	0
6873	1
6874	0
6875	1
6876	0
6877	2
6878	2
6879	0
6880	2
6881	1
6882	2
6883	1
6884	3
6885	1
6886	2
6887	1
6888	1
6889	3
6890	0
6891	1
6892	2
6893	0
6894	0
6895	0
6896	2
6897	1
6898	1
6899	2
6900	1
6901	1
6902	0
6903	1
6904	0
6905	1
6906	2
6907	0
6908	1
6909	1
6910	1
6911	0
6912	1
6913	1
6914	2
6915	1
6916	2
6917	1
6918	1
6919	0
6920	1
6921	2
6922	0
6923	0
6924	1
6925	5
6926	1
6927	1
6928	0
6929	1
6930	3
6931	0
6932	0
6933	0
6934	1
6935	2
6936	0
6937	1
6938	0
6939	2
6940	1
6941	2
6942	1
6943	0
6944	2
6945	1
6946	2
6947	0
6948	2
6949	1
6950	0
6951	1
6952	0
6953	1
6954	2
6955	0
6956	3
6957	0
6958	0
6959	3
6960	1
6961	1
6962	1
6963	2
6964	1
6965	0
6966	1
6967	0
6968	2
6969	1
6970	2
6971	1
6972	0
6973	0
6974	1
6975	0
6976	1
6977	0
6978	1
6979	1
6980	3
6981	0
6982	1
6983	0
6984	0
6985	0
6986	3
6987	2
6988	0
6989	1
6990	1
6991	1
6992	1
6993	1
6994	0
6995	0
6996	1
6997	2
6998	2
6999	1
7000	0
7001	0
7002	2
7003	2
7004	2
7005	3
7006	2
7007	1
7008	0
7009	1
7010	1
7011	2
7012	1
7013	0
7014	0
7015	2
7016	1
7017	0
7018	1
7019	2
7020	1
7021	2
7022	1
7023	0
7024	0
7025	2
7026	1
7027	1
7028	1
7029	1
7030	0
7031	0
7032	1
7033	0
7034	0
7035	1
7036	0
7037	2
7038	1
7039	2
7040	0
7041	1
7042	1
7043	0
7044	1
7045	0
7046	1
7047	1
7048	1
7049	3
7050	0
7051	1
7052	1
7053	1
7054	0
7055	0
7056	2
7057	1
7058	0
7059	0
7060	1
7061	1
7062	1
7063	1
7064	0
7065	0
7066	3
7067	1
7068	0
7069	0
7070	1
7071	0
7072	0
7073	0
7074	3
7075	2
7076	2
7077	0
7078	1
7079	0
7080	1
7081	2
7082	0
7083	1
7084	1
7085	0
7086	0
7087	0
7088	0
7089	0
7090	1
7091	0
7092	0
7093	0
7094	0
7095	0
7096	1
7097	0
7098	2
7099	1
7100	3
7101	0
7102	1
7103	2
7104	1
7105	2
7106	1
7107	1
7108	1
7109	0
7110	1
7111	2
7112	0
7113	1
7114	1
7115	1
7116	0
7117	1
7118	0
7119	1
7120	0
7121	1
7122	0
7123	0
7124	0
7125	0
7126	2
7127	4
7128	2
7129	0
7130	3
7131	1
7132	0
7133	2
7134	0
7135	0
7136	1
7137	0
7138	1
7139	3
7140	0
7141	1
7142	2
7143	2
7144	1
7145	1
7146	1
7147	0
7148	0
7149	1
7150	0
7151	0
7152	1
7153	1
7154	1
7155	0
7156	1
7157	0
7158	2
7159	0
7160	2
7161	2
7162	2
7163	0
7164	0
7165	2
7166	2
7167	1
7168	1
7169	0
7170	2
7171	1
7172	2
7173	2
7174	0
7175	2
7176	0
7177	1
7178	0
7179	0
7180	0
7181	0
7182	1
7183	1
7184	0
7185	1
7186	0
7187	1
7188	1
7189	0
7190	1
7191	1
7192	1
7193	1
7194	1
7195	1
7196	1
7197	1
7198	1
7199	0
7200	0
7201	0
7202	2
7203	1
7204	0
7205	1
7206	1
7207	2
7208	1
7209	1
7210	1
7211	0
7212	0
7213	0
7214	1
7215	1
7216	0
7217	1
7218	2
7219	0
7220	0
7221	1
7222	0
7223	0
7224	0
7225	2
7226	0
7227	0
7228	0
7229	2
7230	0
7231	0
7232	2
7233	0
7234	2
7235	2
7236	2
7237	1
7238	1
7239	1
7240	1
7241	0
7242	1
7243	0
7244	0
7245	1
7246	0
7247	0
7248	2
7249	0
7250	0
7251	0
7252	0
7253	2
7254	1
7255	1
7256	1
7257	1
7258	1
7259	1
7260	1
7261	0
7262	0
7263	1
7264	1
7265	1
7266	2
7267	0
7268	1
7269	0
7270	1
7271	0
7272	0
7273	1
7274	0
7275	3
7276	1
7277	1
7278	1
7279	0
7280	1
7281	3
7282	2
7283	1
7284	0
7285	0
7286	0
7287	0
7288	1
7289	0
7290	0
7291	0
7292	1
7293	0
7294	0
7295	1
7296	0
7297	1
7298	0
7299	0
7300	0
7301	1
7302	1
7303	2
7304	1
7305	0
7306	3
7307	2
7308	0
7309	1
7310	0
7311	0
7312	0
7313	1
7314	1
7315	1
7316	1
7317	0
7318	0
7319	0
7320	0
7321	1
7322	0
7323	1
7324	0
7325	0
7326	1
7327	2
7328	0
7329	0
7330	0
7331	1
7332	1
7333	0
7334	0
7335	1
7336	1
7337	0
7338	1
7339	2
7340	1
7341	1
7342	1
7343	0
7344	2
7345	0
7346	0
7347	1
7348	1
7349	2
7350	1
7351	1
7352	0
7353	1
7354	1
7355	0
7356	2
7357	0
7358	0
7359	0
7360	0
7361	1
7362	1
7363	0
7364	0
7365	0
7366	1
7367	3
7368	0
7369	1
7370	0
7371	2
7372	0
7373	0
7374	0
7375	0
7376	0
7377	0
7378	0
7379	1
7380	1
7381	1
7382	0
7383	0
7384	0
7385	1
7386	0
7387	3
7388	1
7389	1
7390	1
7391	0
7392	1
7393	1
7394	0
7395	1
7396	0
7397	0
7398	3
7399	0
7400	1
7401	1
7402	2
7403	1
7404	0
7405	0
7406	0
7407	2
7408	1
7409	0
7410	1
7411	1
7412	0
7413	0
7414	1
7415	1
7416	1
7417	2
7418	1
7419	0
7420	1
7421	1
7422	0
7423	0
7424	0
7425	0
7426	0
7427	0
7428	1
7429	0
7430	0
7431	1
7432	0
7433	1
7434	0
7435	1
7436	1
7437	0
7438	1
7439	0
7440	3
7441	1
7442	0
7443	0
7444	2
7445	0
7446	0
7447	1
7448	1
7449	3
7450	0
7451	0
7452	0
7453	0
7454	0
7455	2
7456	1
7457	2
7458	0
7459	0
7460	0
7461	1
7462	0
7463	1
7464	0
7465	0
7466	0
7467	1
7468	1
7469	0
7470	1
7471	0
7472	2
7473	1
7474	0
7475	3
7476	0
7477	0
7478	0
7479	0
7480	1
7481	3
7482	1
7483	2
7484	0
7485	1
7486	2
7487	1
7488	2
7489	1
7490	0
7491	1
7492	1
7493	1
7494	0
7495	1
7496	1
7497	1
7498	0
7499	3
7500	0
7501	0
7502	0
7503	0
7504	0
7505	0
7506	0
7507	0
7508	1
7509	1
7510	0
7511	1
7512	1
7513	2
7514	0
7515	1
7516	0
7517	0
7518	0
7519	1
7520	0
7521	1
7522	1
7523	0
7524	3
7525	0
7526	0
7527	0
7528	1
7529	0
7530	2
7531	0
7532	0
7533	1
7534	0
7535	1
7536	0
7537	1
7538	2
7539	1
7540	0
7541	2
7542	1
7543	0
7544	0
7545	0
7546	0
7547	3
7548	2
7549	1
7550	2
7551	0
7552	0
7553	1
7554	0
7555	0
7556	2
7557	0
7558	2
7559	2
7560	0
7561	0
7562	0
7563	0
7564	1
7565	1
7566	0
7567	1
7568	1
7569	0
7570	2
7571	0
7572	2
7573	1
7574	0
7575	2
7576	0
7577	0
7578	3
7579	0
7580	0
7581	0
7582	1
7583	0
7584	0
7585	1
7586	1
7587	1
7588	1
7589	1
7590	2
7591	0
7592	1
7593	0
7594	0
7595	1
7596	0
7597	0
7598	2
7599	1
7600	0
7601	0
7602	1
7603	1
7604	0
7605	3
7606	0
7607	0
7608	0
7609	0
7610	1
7611	0
7612	0
7613	1
7614	2
7615	1
7616	0
7617	1
7618	0
7619	0
7620	1
7621	0
7622	0
7623	0
7624	0
7625	1
7626	2
7627	0
7628	0
7629	0
7630	0
7631	1
7632	1
7633	0
7634	0
7635	0
7636	3
7637	1
7638	3
7639	0
7640	0
7641	2
7642	1
7643	1
7644	0
7645	0
7646	1
7647	3
7648	3
7649	1
7650	1
7651	1
7652	1
7653	1
7654	2
7655	0
7656	0
7657	0
7658	0
7659	1
7660	0
7661	0
7662	0
7663	1
7664	0
7665	0
7666	0
7667	1
7668	1
7669	1
7670	0
7671	0
7672	1
7673	0
7674	1
7675	1
7676	0
7677	0
7678	0
7679	2
7680	0
7681	1
7682	4
7683	0
7684	0
7685	0
7686	1
7687	0
7688	0
7689	0
7690	1
7691	1
7692	1
7693	2
7694	0
7695	1
7696	1
7697	0
7698	0
7699	0
7700	0
7701	0
7702	0
7703	1
7704	0
7705	2
7706	0
7707	1
7708	1
7709	0
7710	2
7711	0
7712	0
7713	0
7714	0
7715	1
7716	0
7717	2
7718	0
7719	1
7720	1
7721	0
7722	1
7723	0
7724	1
7725	1
7726	0
7727	1
7728	1
7729	1
7730	0
7731	0
7732	0
7733	1
7734	0
7735	2
7736	1
7737	1
7738	0
7739	0
7740	2
7741	0
7742	1
7743	0
7744	1
7745	1
7746	1
7747	1
7748	2
7749	1
7750	0
7751	2
7752	0
7753	0
7754	1
7755	2
7756	1
7757	1
7758	2
7759	0
7760	0
7761	1
7762	0
7763	0
7764	0
7765	1
7766	1
7767	2
7768	2
7769	0
7770	2
7771	0
7772	0
7773	1
7774	2
7775	1
7776	2
7777	2
7778	0
7779	1
7780	0
7781	1
7782	0
7783	1
7784	0
7785	0
7786	2
7787	0
7788	1
7789	1
7790	1
7791	0
7792	0
7793	1
7794	2
7795	0
7796	1
7797	0
7798	0
7799	1
7800	1
7801	0
7802	3
7803	0
7804	2
7805	1
7806	0
7807	1
7808	0
7809	1
7810	1
7811	0
7812	0
7813	0
7814	1
7815	2
7816	0
7817	2
7818	0
7819	0
7820	0
7821	2
7822	1
7823	1
7824	2
7825	1
7826	0
7827	0
7828	1
7829	1
7830	2
7831	0
7832	2
7833	2
7834	0
7835	1
7836	0
7837	1
7838	1
7839	0
7840	0
7841	1
7842	0
7843	1
7844	2
7845	1
7846	0
7847	0
7848	1
7849	0
7850	0
7851	0
7852	0
7853	0
7854	0
7855	1
7856	1
7857	2
7858	1
7859	0
7860	0
7861	0
7862	2
7863	0
7864	1
7865	0
7866	1
7867	0
7868	3
7869	3
7870	1
7871	1
7872	0
7873	2
7874	1
7875	0
7876	0
7877	2
7878	1
7879	0
7880	1
7881	0
7882	1
7883	0
7884	0
7885	2
7886	2
7887	2
7888	1
7889	1
7890	1
7891	0
7892	0
7893	2
7894	1
7895	0
7896	1
7897	1
7898	1
7899	1
7900	0
7901	2
7902	0
7903	0
7904	0
7905	0
7906	0
7907	0
7908	1
7909	1
7910	0
7911	0
7912	0
7913	0
7914	0
7915	2
7916	1
7917	1
7918	1
7919	0
7920	0
7921	0
7922	1
7923	0
7924	1
7925	0
7926	2
7927	1
7928	1
7929	1
7930	0
7931	1
7932	1
7933	2
7934	0
7935	3
7936	3
7937	0
7938	0
7939	1
7940	0
7941	1
7942	1
7943	1
7944	0
7945	0
7946	0
7947	1
7948	0
7949	1
7950	1
7951	2
7952	0
7953	0
7954	0
7955	1
7956	0
7957	0
7958	2
7959	0
7960	0
7961	0
7962	0
7963	1
7964	1
7965	1
7966	1
7967	0
7968	1
7969	0
7970	0
7971	1
7972	0
7973	3
7974	0
7975	0
7976	0
7977	1
7978	2
7979	0
7980	2
7981	1
7982	1
7983	0
7984	0
7985	0
7986	0
7987	1
7988	1
7989	1
7990	2
7991	1
7992	2
7993	1
7994	1
7995	0
7996	0
7997	2
7998	0
7999	2
8000	1
8001	3
8002	0
8003	1
8004	0
8005	0
8006	0
8007	0
8008	1
8009	2
8010	1
8011	2
8012	1
8013	1
8014	0
8015	0
8016	1
8017	0
8018	2
8019	0
8020	0
8021	1
8022	0
8023	0
8024	0
8025	0
8026	0
8027	1
8028	1
8029	1
8030	0
8031	0
8032	1
8033	0
8034	0
8035	0
8036	0
8037	1
8038	2
8039	0
8040	1
8041	0
8042	1
8043	2
8044	2
8045	2
8046	2
8047	2
8048	3
8049	0
8050	2
8051	0
8052	0
8053	1
8054	2
8055	0
8056	2
8057	0
8058	0
8059	2
8060	0
8061	0
8062	0
8063	1
8064	0
8065	1
8066	0
8067	1
8068	0
8069	1
8070	0
8071	0
8072	0
8073	1
8074	0
8075	1
8076	1
8077	1
8078	0
8079	1
8080	1
8081	0
8082	0
8083	0
8084	0
8085	0
8086	0
8087	1
8088	0
8089	0
8090	0
8091	0
8092	0
8093	0
8094	0
8095	0
8096	0
8097	0
8098	0
8099	0
8100	0
8101	0
8102	0
8103	0
8104	0
8105	0
8106	0
8107	0
8108	0
8109	0
8110	0
8111	0
8112	0
8113	0
8114	0
8115	0
8116	0
8117	0
8118	0
8119	0
8120	0
8121	0
8122	0
8123	0
8124	0
8125	0
8126	0
8127	0
8128	0
8129	0
8130	0
8131	0
8132	0
8133	0
8134	0
8135	0
8136	0
8137	0
8138	0
8139	0
8140	0
8141	0
8142	0
8143	0
8144	0
8145	0
8146	0
8147	0
8148	0
8149	0
8150	0
8151	0
8152	0
8153	0
8154	0
8155	0
8156	0
8157	0
8158	0
8159	0
8160	0
8161	0
8162	0
8163	0
8164	0
8165	0
8166	0
8167	0
8168	0
8169	0
8170	0
8171	0
8172	0
8173	0
8174	0
8175	0
8176	0
8177	0
8178	0
8179	0
8180	0
8181	0
8182	0
8183	0
8184	0
8185	0
8186	0
8187	0
8188	0
8189	0
8190	0
8191	0
