0	0
1	0
2	0
3	0
4	0
5	0
6	0
7	0
8	0
9	0
10	0
11	0
12	0
13	0
14	0
15	0
16	0
17	0
18	0
19	0
20	0
21	0
22	0
23	0
24	0
25	0
26	0
27	0
28	0
29	0
30	0
31	0
32	0
33	0
34	0
35	0
36	0
37	0
38	0
39	0
40	0
41	0
42	0
43	0
44	0
45	0
46	0
47	0
48	0
49	0
50	0
51	0
52	0
53	0
54	0
55	0
56	0
57	0
58	0
59	0
60	0
61	0
62	0
63	0
64	0
65	0
66	0
67	0
68	0
69	0
70	0
71	0
72	0
73	0
74	0
75	0
76	0
77	0
78	0
79	0
80	0
81	0
82	0
83	0
84	0
85	4
86	22
87	17
88	29
89	26
90	27
91	23
92	25
93	17
94	22
95	25
96	31
97	27
98	30
99	27
100	23
101	26
102	20
103	21
104	21
105	19
106	24
107	24
108	32
109	22
110	29
111	30
112	32
113	20
114	23
115	28
116	25
117	22
118	28
119	19
120	23
121	30
122	18
123	18
124	18
125	27
126	15
127	26
128	24
129	25
130	34
131	21
132	27
133	22
134	38
135	35
136	19
137	29
138	36
139	22
140	36
141	32
142	19
143	29
144	24
145	22
146	30
147	20
148	26
149	17
150	32
151	25
152	37
153	33
154	32
155	23
156	17
157	34
158	23
159	31
160	26
161	25
162	30
163	24
164	28
165	25
166	30
167	26
168	30
169	26
170	26
171	39
172	20
173	23
174	26
175	31
176	23
177	27
178	37
179	18
180	39
181	32
182	28
183	31
184	21
185	28
186	27
187	15
188	35
189	31
190	42
191	24
192	25
193	27
194	42
195	27
196	25
197	20
198	31
199	29
200	36
201	25
202	26
203	24
204	26
205	28
206	27
207	31
208	25
209	32
210	28
211	32
212	19
213	26
214	29
215	23
216	19
217	26
218	13
219	26
220	25
221	28
222	24
223	26
224	21
225	23
226	21
227	28
228	39
229	25
230	32
231	21
232	25
233	27
234	27
235	28
236	20
237	28
238	34
239	37
240	17
241	23
242	19
243	23
244	23
245	21
246	46
247	31
248	28
249	34
250	30
251	29
252	22
253	26
254	26
255	22
256	24
257	25
258	27
259	24
260	32
261	26
262	24
263	16
264	28
265	31
266	35
267	33
268	29
269	43
270	36
271	33
272	24
273	30
274	27
275	26
276	29
277	24
278	28
279	29
280	28
281	25
282	26
283	24
284	35
285	22
286	32
287	26
288	31
289	29
290	26
291	27
292	27
293	30
294	24
295	31
296	32
297	24
298	30
299	32
300	36
301	36
302	38
303	31
304	26
305	20
306	27
307	34
308	33
309	41
310	20
311	27
312	22
313	28
314	30
315	21
316	38
317	34
318	33
319	30
320	36
321	28
322	25
323	23
324	36
325	33
326	32
327	37
328	27
329	35
330	31
331	27
332	30
333	26
334	31
335	24
336	31
337	39
338	30
339	29
340	34
341	36
342	30
343	28
344	35
345	45
346	29
347	38
348	34
349	35
350	27
351	32
352	22
353	34
354	32
355	33
356	34
357	28
358	33
359	25
360	25
361	35
362	28
363	27
364	30
365	34
366	34
367	42
368	31
369	22
370	30
371	34
372	30
373	36
374	32
375	33
376	34
377	32
378	46
379	44
380	28
381	26
382	30
383	29
384	34
385	25
386	21
387	22
388	26
389	32
390	36
391	31
392	28
393	33
394	30
395	35
396	27
397	25
398	27
399	28
400	34
401	31
402	37
403	22
404	30
405	33
406	30
407	29
408	34
409	38
410	28
411	33
412	40
413	31
414	25
415	30
416	31
417	27
418	33
419	33
420	35
421	27
422	28
423	34
424	24
425	31
426	29
427	31
428	33
429	36
430	33
431	29
432	25
433	30
434	34
435	30
436	32
437	33
438	34
439	31
440	38
441	29
442	27
443	25
444	34
445	44
446	40
447	37
448	35
449	27
450	33
451	34
452	35
453	35
454	30
455	35
456	40
457	24
458	34
459	30
460	25
461	34
462	28
463	35
464	24
465	35
466	37
467	29
468	38
469	26
470	36
471	28
472	35
473	32
474	31
475	49
476	37
477	37
478	42
479	29
480	28
481	34
482	35
483	30
484	24
485	34
486	26
487	40
488	41
489	34
490	37
491	22
492	32
493	38
494	35
495	21
496	33
497	50
498	23
499	25
500	23
501	35
502	32
503	18
504	30
505	35
506	33
507	37
508	39
509	32
510	27
511	43
512	38
513	27
514	34
515	23
516	29
517	34
518	36
519	37
520	49
521	35
522	35
523	34
524	28
525	38
526	43
527	37
528	36
529	33
530	46
531	28
532	34
533	35
534	24
535	34
536	31
537	40
538	44
539	33
540	35
541	28
542	47
543	37
544	45
545	45
546	44
547	26
548	41
549	43
550	48
551	40
552	40
553	38
554	36
555	30
556	31
557	44
558	48
559	31
560	40
561	33
562	51
563	37
564	52
565	39
566	32
567	32
568	37
569	49
570	33
571	34
572	28
573	45
574	47
575	39
576	45
577	44
578	47
579	34
580	49
581	37
582	45
583	39
584	36
585	45
586	51
587	34
588	40
589	40
590	54
591	45
592	52
593	44
594	51
595	48
596	42
597	26
598	49
599	57
600	44
601	44
602	55
603	37
604	36
605	50
606	48
607	44
608	43
609	37
610	42
611	47
612	37
613	45
614	38
615	58
616	45
617	41
618	44
619	63
620	51
621	48
622	47
623	31
624	54
625	43
626	53
627	45
628	46
629	44
630	46
631	45
632	35
633	61
634	53
635	45
636	36
637	40
638	40
639	43
640	42
641	47
642	43
643	55
644	37
645	41
646	49
647	41
648	44
649	45
650	34
651	40
652	42
653	41
654	54
655	48
656	51
657	49
658	41
659	42
660	61
661	43
662	32
663	55
664	35
665	55
666	47
667	51
668	36
669	38
670	47
671	38
672	43
673	42
674	44
675	47
676	48
677	46
678	48
679	45
680	50
681	37
682	52
683	57
684	35
685	45
686	43
687	33
688	46
689	34
690	42
691	36
692	37
693	44
694	41
695	46
696	39
697	26
698	47
699	48
700	52
701	50
702	53
703	42
704	43
705	26
706	46
707	34
708	45
709	41
710	32
711	43
712	41
713	46
714	37
715	53
716	42
717	50
718	49
719	37
720	63
721	45
722	43
723	35
724	35
725	35
726	35
727	42
728	38
729	54
730	41
731	38
732	47
733	42
734	50
735	52
736	45
737	41
738	37
739	36
740	37
741	50
742	44
743	55
744	43
745	45
746	43
747	44
748	40
749	39
750	43
751	34
752	38
753	50
754	49
755	38
756	47
757	53
758	45
759	47
760	42
761	41
762	38
763	48
764	44
765	36
766	43
767	49
768	45
769	43
770	32
771	42
772	47
773	35
774	51
775	35
776	55
777	57
778	49
779	46
780	47
781	45
782	38
783	44
784	44
785	54
786	52
787	45
788	43
789	49
790	36
791	41
792	35
793	48
794	43
795	44
796	34
797	48
798	46
799	46
800	42
801	39
802	55
803	41
804	52
805	45
806	38
807	46
808	50
809	35
810	46
811	39
812	49
813	53
814	52
815	54
816	35
817	43
818	33
819	52
820	40
821	43
822	49
823	43
824	49
825	40
826	51
827	35
828	46
829	37
830	51
831	35
832	48
833	39
834	50
835	51
836	59
837	45
838	41
839	40
840	41
841	34
842	45
843	49
844	35
845	46
846	51
847	49
848	49
849	39
850	44
851	45
852	44
853	52
854	52
855	44
856	54
857	34
858	46
859	56
860	43
861	45
862	45
863	39
864	31
865	37
866	43
867	49
868	48
869	45
870	52
871	43
872	57
873	41
874	43
875	45
876	53
877	48
878	37
879	32
880	48
881	37
882	50
883	41
884	52
885	47
886	46
887	58
888	48
889	41
890	37
891	44
892	43
893	46
894	47
895	46
896	44
897	35
898	33
899	39
900	47
901	52
902	35
903	53
904	45
905	35
906	33
907	53
908	34
909	48
910	48
911	34
912	48
913	34
914	38
915	34
916	39
917	47
918	46
919	47
920	42
921	47
922	53
923	53
924	54
925	37
926	50
927	37
928	36
929	53
930	53
931	35
932	37
933	45
934	45
935	52
936	41
937	46
938	59
939	45
940	47
941	50
942	44
943	53
944	49
945	30
946	52
947	51
948	48
949	48
950	53
951	42
952	46
953	43
954	53
955	38
956	53
957	49
958	35
959	50
960	46
961	42
962	53
963	41
964	49
965	47
966	54
967	50
968	43
969	46
970	39
971	47
972	50
973	45
974	37
975	52
976	53
977	42
978	51
979	59
980	48
981	50
982	42
983	42
984	52
985	62
986	58
987	54
988	49
989	60
990	49
991	52
992	52
993	38
994	39
995	52
996	36
997	57
998	48
999	64
1000	53
1001	47
1002	52
1003	54
1004	46
1005	43
1006	40
1007	46
1008	52
1009	36
1010	57
1011	49
1012	38
1013	57
1014	41
1015	48
1016	58
1017	59
1018	59
1019	41
1020	47
1021	46
1022	51
1023	50
1024	51
1025	34
1026	57
1027	53
1028	47
1029	40
1030	45
1031	69
1032	48
1033	43
1034	66
1035	40
1036	53
1037	54
1038	52
1039	45
1040	52
1041	41
1042	59
1043	39
1044	50
1045	61
1046	53
1047	55
1048	55
1049	52
1050	42
1051	47
1052	47
1053	56
1054	45
1055	47
1056	46
1057	60
1058	43
1059	49
1060	61
1061	63
1062	46
1063	49
1064	50
1065	40
1066	46
1067	53
1068	53
1069	50
1070	45
1071	62
1072	53
1073	47
1074	52
1075	56
1076	48
1077	53
1078	61
1079	59
1080	61
1081	45
1082	51
1083	51
1084	44
1085	38
1086	41
1087	54
1088	44
1089	47
1090	44
1091	49
1092	48
1093	42
1094	44
1095	59
1096	52
1097	44
1098	64
1099	54
1100	57
1101	51
1102	50
1103	38
1104	58
1105	58
1106	61
1107	46
1108	51
1109	56
1110	65
1111	50
1112	51
1113	46
1114	43
1115	38
1116	59
1117	63
1118	54
1119	57
1120	63
1121	56
1122	49
1123	51
1124	38
1125	51
1126	59
1127	49
1128	58
1129	51
1130	69
1131	62
1132	47
1133	49
1134	56
1135	52
1136	44
1137	49
1138	72
1139	56
1140	59
1141	66
1142	56
1143	60
1144	40
1145	41
1146	62
1147	62
1148	51
1149	60
1150	53
1151	62
1152	53
1153	50
1154	66
1155	50
1156	55
1157	63
1158	57
1159	52
1160	63
1161	55
1162	51
1163	55
1164	50
1165	45
1166	59
1167	53
1168	57
1169	62
1170	60
1171	52
1172	58
1173	52
1174	64
1175	54
1176	52
1177	54
1178	75
1179	50
1180	55
1181	56
1182	66
1183	59
1184	73
1185	57
1186	54
1187	68
1188	50
1189	53
1190	66
1191	51
1192	41
1193	65
1194	49
1195	47
1196	55
1197	48
1198	65
1199	44
1200	70
1201	51
1202	67
1203	54
1204	53
1205	75
1206	47
1207	55
1208	59
1209	58
1210	61
1211	50
1212	53
1213	55
1214	36
1215	56
1216	49
1217	61
1218	49
1219	69
1220	43
1221	59
1222	36
1223	48
1224	65
1225	58
1226	58
1227	56
1228	54
1229	61
1230	49
1231	57
1232	41
1233	64
1234	55
1235	52
1236	43
1237	63
1238	73
1239	53
1240	66
1241	50
1242	42
1243	58
1244	51
1245	48
1246	60
1247	70
1248	62
1249	49
1250	57
1251	57
1252	54
1253	62
1254	58
1255	52
1256	56
1257	54
1258	50
1259	46
1260	62
1261	53
1262	59
1263	59
1264	56
1265	52
1266	44
1267	59
1268	50
1269	55
1270	56
1271	53
1272	57
1273	76
1274	53
1275	60
1276	57
1277	48
1278	55
1279	61
1280	60
1281	59
1282	58
1283	63
1284	63
1285	54
1286	51
1287	51
1288	44
1289	50
1290	55
1291	57
1292	61
1293	64
1294	56
1295	53
1296	61
1297	52
1298	56
1299	65
1300	49
1301	54
1302	60
1303	56
1304	43
1305	62
1306	53
1307	54
1308	51
1309	65
1310	69
1311	70
1312	70
1313	70
1314	79
1315	62
1316	57
1317	63
1318	59
1319	70
1320	67
1321	49
1322	53
1323	71
1324	77
1325	54
1326	53
1327	53
1328	53
1329	56
1330	61
1331	59
1332	55
1333	58
1334	64
1335	60
1336	66
1337	52
1338	61
1339	63
1340	45
1341	52
1342	53
1343	69
1344	52
1345	52
1346	66
1347	55
1348	57
1349	57
1350	57
1351	50
1352	57
1353	51
1354	64
1355	55
1356	66
1357	57
1358	57
1359	49
1360	68
1361	62
1362	52
1363	45
1364	60
1365	65
1366	63
1367	45
1368	60
1369	66
1370	66
1371	54
1372	61
1373	58
1374	53
1375	63
1376	60
1377	51
1378	51
1379	67
1380	65
1381	59
1382	49
1383	52
1384	63
1385	58
1386	49
1387	78
1388	44
1389	60
1390	59
1391	63
1392	60
1393	50
1394	47
1395	47
1396	64
1397	44
1398	52
1399	40
1400	66
1401	46
1402	58
1403	52
1404	50
1405	60
1406	69
1407	75
1408	42
1409	47
1410	50
1411	43
1412	57
1413	57
1414	64
1415	53
1416	62
1417	48
1418	54
1419	44
1420	66
1421	70
1422	46
1423	49
1424	56
1425	53
1426	48
1427	42
1428	39
1429	70
1430	55
1431	48
1432	54
1433	63
1434	49
1435	47
1436	35
1437	49
1438	49
1439	66
1440	51
1441	58
1442	38
1443	49
1444	59
1445	58
1446	59
1447	52
1448	35
1449	68
1450	46
1451	43
1452	49
1453	45
1454	59
1455	53
1456	54
1457	46
1458	44
1459	54
1460	48
1461	45
1462	38
1463	52
1464	50
1465	52
1466	57
1467	47
1468	50
1469	58
1470	63
1471	54
1472	58
1473	39
1474	50
1475	43
1476	46
1477	61
1478	45
1479	42
1480	60
1481	51
1482	49
1483	48
1484	44
1485	42
1486	50
1487	63
1488	53
1489	50
1490	40
1491	46
1492	62
1493	46
1494	33
1495	53
1496	57
1497	40
1498	43
1499	51
1500	50
1501	51
1502	62
1503	54
1504	48
1505	39
1506	38
1507	51
1508	45
1509	44
1510	42
1511	53
1512	58
1513	55
1514	52
1515	40
1516	42
1517	47
1518	45
1519	37
1520	56
1521	39
1522	43
1523	59
1524	54
1525	50
1526	40
1527	51
1528	50
1529	47
1530	50
1531	39
1532	40
1533	47
1534	54
1535	40
1536	44
1537	43
1538	53
1539	41
1540	46
1541	38
1542	34
1543	33
1544	39
1545	43
1546	48
1547	41
1548	37
1549	43
1550	41
1551	50
1552	41
1553	37
1554	37
1555	47
1556	44
1557	38
1558	53
1559	38
1560	40
1561	46
1562	42
1563	50
1564	46
1565	46
1566	41
1567	47
1568	38
1569	39
1570	41
1571	41
1572	42
1573	43
1574	51
1575	52
1576	53
1577	48
1578	51
1579	40
1580	45
1581	48
1582	48
1583	51
1584	52
1585	47
1586	36
1587	38
1588	43
1589	46
1590	46
1591	44
1592	43
1593	44
1594	38
1595	39
1596	33
1597	41
1598	43
1599	41
1600	36
1601	44
1602	40
1603	49
1604	49
1605	56
1606	54
1607	44
1608	43
1609	36
1610	47
1611	38
1612	48
1613	51
1614	36
1615	30
1616	48
1617	38
1618	40
1619	47
1620	43
1621	46
1622	49
1623	56
1624	29
1625	43
1626	36
1627	36
1628	53
1629	49
1630	42
1631	38
1632	39
1633	43
1634	42
1635	41
1636	42
1637	51
1638	38
1639	44
1640	40
1641	43
1642	40
1643	43
1644	41
1645	43
1646	45
1647	48
1648	50
1649	40
1650	38
1651	43
1652	38
1653	52
1654	53
1655	42
1656	47
1657	40
1658	38
1659	28
1660	41
1661	43
1662	48
1663	42
1664	43
1665	47
1666	42
1667	39
1668	30
1669	38
1670	45
1671	48
1672	30
1673	45
1674	44
1675	41
1676	51
1677	29
1678	36
1679	41
1680	37
1681	40
1682	50
1683	45
1684	49
1685	31
1686	39
1687	36
1688	35
1689	38
1690	35
1691	44
1692	38
1693	49
1694	36
1695	40
1696	31
1697	45
1698	39
1699	35
1700	32
1701	36
1702	38
1703	58
1704	41
1705	36
1706	40
1707	49
1708	41
1709	33
1710	43
1711	29
1712	39
1713	38
1714	38
1715	44
1716	32
1717	43
1718	37
1719	34
1720	38
1721	36
1722	41
1723	46
1724	50
1725	44
1726	29
1727	37
1728	41
1729	37
1730	59
1731	42
1732	33
1733	43
1734	55
1735	36
1736	49
1737	32
1738	38
1739	42
1740	34
1741	35
1742	41
1743	44
1744	43
1745	29
1746	47
1747	42
1748	44
1749	41
1750	42
1751	32
1752	30
1753	41
1754	42
1755	42
1756	36
1757	38
1758	42
1759	35
1760	39
1761	44
1762	59
1763	28
1764	28
1765	41
1766	37
1767	40
1768	42
1769	50
1770	40
1771	41
1772	46
1773	44
1774	42
1775	37
1776	52
1777	42
1778	36
1779	37
1780	33
1781	37
1782	47
1783	38
1784	44
1785	36
1786	31
1787	36
1788	42
1789	48
1790	36
1791	41
1792	42
1793	40
1794	41
1795	46
1796	47
1797	28
1798	47
1799	22
1800	47
1801	45
1802	33
1803	49
1804	45
1805	38
1806	37
1807	32
1808	35
1809	23
1810	37
1811	36
1812	35
1813	47
1814	32
1815	43
1816	35
1817	38
1818	37
1819	38
1820	42
1821	40
1822	51
1823	55
1824	43
1825	38
1826	35
1827	41
1828	40
1829	31
1830	36
1831	39
1832	38
1833	45
1834	38
1835	31
1836	40
1837	30
1838	35
1839	40
1840	40
1841	45
1842	32
1843	42
1844	43
1845	39
1846	36
1847	41
1848	44
1849	42
1850	37
1851	34
1852	51
1853	39
1854	30
1855	39
1856	37
1857	39
1858	39
1859	36
1860	45
1861	35
1862	30
1863	42
1864	52
1865	36
1866	35
1867	35
1868	28
1869	45
1870	40
1871	30
1872	37
1873	36
1874	35
1875	46
1876	31
1877	38
1878	29
1879	44
1880	42
1881	31
1882	36
1883	37
1884	38
1885	39
1886	37
1887	41
1888	34
1889	32
1890	33
1891	35
1892	41
1893	42
1894	31
1895	44
1896	40
1897	43
1898	33
1899	29
1900	40
1901	42
1902	25
1903	31
1904	27
1905	41
1906	25
1907	34
1908	26
1909	35
1910	25
1911	48
1912	40
1913	34
1914	27
1915	31
1916	35
1917	28
1918	36
1919	33
1920	40
1921	33
1922	35
1923	30
1924	29
1925	39
1926	43
1927	43
1928	42
1929	36
1930	37
1931	33
1932	35
1933	36
1934	35
1935	33
1936	40
1937	30
1938	45
1939	42
1940	43
1941	28
1942	29
1943	35
1944	36
1945	46
1946	45
1947	42
1948	33
1949	32
1950	32
1951	31
1952	35
1953	34
1954	34
1955	35
1956	37
1957	39
1958	23
1959	29
1960	38
1961	38
1962	35
1963	34
1964	38
1965	28
1966	32
1967	26
1968	32
1969	37
1970	40
1971	42
1972	30
1973	35
1974	29
1975	24
1976	27
1977	37
1978	30
1979	29
1980	41
1981	37
1982	37
1983	31
1984	32
1985	41
1986	34
1987	38
1988	31
1989	30
1990	37
1991	42
1992	30
1993	30
1994	24
1995	33
1996	30
1997	39
1998	34
1999	34
2000	35
2001	37
2002	39
2003	33
2004	41
2005	42
2006	34
2007	43
2008	25
2009	29
2010	34
2011	30
2012	39
2013	35
2014	32
2015	39
2016	40
2017	25
2018	30
2019	35
2020	30
2021	38
2022	40
2023	31
2024	25
2025	40
2026	36
2027	39
2028	37
2029	35
2030	30
2031	30
2032	26
2033	45
2034	32
2035	49
2036	30
2037	33
2038	27
2039	35
2040	27
2041	32
2042	39
2043	26
2044	32
2045	40
2046	36
2047	29
2048	32
2049	28
2050	34
2051	38
2052	35
2053	35
2054	40
2055	35
2056	28
2057	36
2058	35
2059	47
2060	46
2061	39
2062	34
2063	38
2064	33
2065	38
2066	37
2067	37
2068	33
2069	36
2070	24
2071	39
2072	27
2073	40
2074	27
2075	41
2076	30
2077	27
2078	38
2079	35
2080	34
2081	38
2082	37
2083	45
2084	23
2085	34
2086	46
2087	35
2088	35
2089	36
2090	27
2091	36
2092	35
2093	39
2094	38
2095	35
2096	33
2097	34
2098	37
2099	33
2100	29
2101	32
2102	39
2103	30
2104	24
2105	33
2106	37
2107	39
2108	43
2109	36
2110	30
2111	39
2112	36
2113	38
2114	31
2115	27
2116	30
2117	28
2118	43
2119	38
2120	33
2121	29
2122	25
2123	37
2124	30
2125	39
2126	29
2127	31
2128	33
2129	35
2130	33
2131	32
2132	42
2133	39
2134	33
2135	24
2136	39
2137	28
2138	38
2139	33
2140	35
2141	33
2142	35
2143	37
2144	37
2145	37
2146	40
2147	45
2148	31
2149	30
2150	39
2151	45
2152	30
2153	38
2154	40
2155	25
2156	28
2157	22
2158	23
2159	28
2160	33
2161	39
2162	42
2163	25
2164	31
2165	34
2166	25
2167	42
2168	29
2169	32
2170	35
2171	43
2172	29
2173	30
2174	37
2175	33
2176	37
2177	35
2178	29
2179	28
2180	32
2181	35
2182	34
2183	35
2184	31
2185	40
2186	31
2187	38
2188	36
2189	30
2190	26
2191	35
2192	30
2193	32
2194	29
2195	29
2196	35
2197	21
2198	27
2199	37
2200	29
2201	39
2202	33
2203	34
2204	28
2205	28
2206	33
2207	40
2208	38
2209	40
2210	24
2211	34
2212	27
2213	29
2214	31
2215	35
2216	30
2217	35
2218	42
2219	39
2220	26
2221	33
2222	35
2223	32
2224	30
2225	33
2226	34
2227	33
2228	34
2229	28
2230	31
2231	31
2232	38
2233	34
2234	31
2235	40
2236	48
2237	43
2238	43
2239	41
2240	23
2241	41
2242	50
2243	35
2244	30
2245	33
2246	27
2247	39
2248	42
2249	31
2250	35
2251	41
2252	35
2253	32
2254	36
2255	22
2256	32
2257	39
2258	34
2259	40
2260	39
2261	36
2262	47
2263	34
2264	41
2265	35
2266	25
2267	36
2268	33
2269	31
2270	28
2271	34
2272	41
2273	34
2274	42
2275	31
2276	34
2277	24
2278	27
2279	35
2280	29
2281	36
2282	32
2283	30
2284	35
2285	24
2286	36
2287	35
2288	32
2289	38
2290	38
2291	33
2292	36
2293	25
2294	34
2295	33
2296	40
2297	23
2298	38
2299	35
2300	35
2301	28
2302	32
2303	33
2304	37
2305	44
2306	34
2307	39
2308	33
2309	30
2310	39
2311	26
2312	42
2313	41
2314	21
2315	31
2316	39
2317	38
2318	34
2319	38
2320	27
2321	41
2322	34
2323	24
2324	31
2325	32
2326	37
2327	22
2328	35
2329	33
2330	32
2331	21
2332	39
2333	29
2334	29
2335	39
2336	30
2337	46
2338	28
2339	31
2340	24
2341	37
2342	37
2343	31
2344	35
2345	44
2346	36
2347	37
2348	39
2349	42
2350	49
2351	35
2352	39
2353	25
2354	22
2355	36
2356	29
2357	29
2358	36
2359	29
2360	28
2361	32
2362	32
2363	25
2364	28
2365	32
2366	27
2367	39
2368	35
2369	37
2370	21
2371	31
2372	34
2373	37
2374	33
2375	43
2376	34
2377	36
2378	36
2379	36
2380	32
2381	36
2382	38
2383	42
2384	30
2385	40
2386	37
2387	35
2388	43
2389	27
2390	35
2391	36
2392	34
2393	37
2394	37
2395	31
2396	32
2397	19
2398	33
2399	30
2400	36
2401	36
2402	36
2403	38
2404	31
2405	27
2406	32
2407	42
2408	38
2409	39
2410	28
2411	32
2412	17
2413	29
2414	24
2415	26
2416	36
2417	34
2418	23
2419	27
2420	18
2421	31
2422	28
2423	44
2424	37
2425	33
2426	31
2427	30
2428	43
2429	44
2430	32
2431	22
2432	27
2433	27
2434	28
2435	44
2436	33
2437	33
2438	36
2439	32
2440	34
2441	36
2442	39
2443	33
2444	33
2445	38
2446	32
2447	25
2448	28
2449	45
2450	36
2451	40
2452	29
2453	34
2454	32
2455	41
2456	40
2457	25
2458	33
2459	28
2460	40
2461	29
2462	31
2463	35
2464	34
2465	31
2466	40
2467	38
2468	34
2469	31
2470	37
2471	26
2472	33
2473	32
2474	30
2475	26
2476	35
2477	31
2478	27
2479	36
2480	40
2481	42
2482	31
2483	31
2484	28
2485	35
2486	37
2487	32
2488	24
2489	38
2490	31
2491	32
2492	35
2493	29
2494	28
2495	34
2496	33
2497	30
2498	39
2499	34
2500	40
2501	30
2502	29
2503	27
2504	39
2505	32
2506	44
2507	30
2508	33
2509	34
2510	32
2511	38
2512	33
2513	27
2514	34
2515	29
2516	32
2517	39
2518	28
2519	35
2520	41
2521	34
2522	36
2523	32
2524	19
2525	29
2526	36
2527	33
2528	27
2529	26
2530	24
2531	21
2532	32
2533	38
2534	45
2535	33
2536	29
2537	31
2538	27
2539	24
2540	27
2541	33
2542	24
2543	38
2544	32
2545	40
2546	28
2547	44
2548	35
2549	36
2550	24
2551	37
2552	28
2553	26
2554	37
2555	29
2556	25
2557	43
2558	40
2559	23
2560	48
2561	30
2562	27
2563	35
2564	40
2565	40
2566	28
2567	36
2568	43
2569	35
2570	39
2571	37
2572	38
2573	26
2574	33
2575	30
2576	37
2577	32
2578	29
2579	30
2580	26
2581	36
2582	29
2583	34
2584	27
2585	39
2586	34
2587	40
2588	39
2589	26
2590	34
2591	31
2592	21
2593	32
2594	32
2595	42
2596	30
2597	37
2598	38
2599	32
2600	23
2601	31
2602	35
2603	32
2604	31
2605	27
2606	29
2607	36
2608	20
2609	38
2610	35
2611	28
2612	38
2613	26
2614	34
2615	31
2616	35
2617	32
2618	31
2619	32
2620	33
2621	43
2622	32
2623	24
2624	29
2625	25
2626	42
2627	28
2628	35
2629	26
2630	24
2631	26
2632	26
2633	23
2634	48
2635	27
2636	30
2637	28
2638	24
2639	32
2640	30
2641	36
2642	35
2643	35
2644	20
2645	28
2646	40
2647	33
2648	34
2649	32
2650	30
2651	32
2652	32
2653	34
2654	39
2655	38
2656	45
2657	31
2658	29
2659	22
2660	24
2661	29
2662	23
2663	32
2664	31
2665	24
2666	43
2667	43
2668	41
2669	29
2670	24
2671	34
2672	36
2673	32
2674	37
2675	28
2676	37
2677	26
2678	29
2679	41
2680	21
2681	28
2682	54
2683	28
2684	32
2685	32
2686	27
2687	35
2688	32
2689	36
2690	30
2691	39
2692	35
2693	27
2694	27
2695	35
2696	29
2697	30
2698	29
2699	23
2700	35
2701	31
2702	29
2703	29
2704	37
2705	22
2706	33
2707	34
2708	27
2709	29
2710	22
2711	31
2712	25
2713	36
2714	33
2715	27
2716	39
2717	32
2718	34
2719	34
2720	30
2721	23
2722	50
2723	38
2724	31
2725	37
2726	30
2727	27
2728	39
2729	32
2730	32
2731	38
2732	30
2733	31
2734	41
2735	31
2736	30
2737	30
2738	30
2739	28
2740	46
2741	26
2742	34
2743	36
2744	26
2745	41
2746	38
2747	26
2748	37
2749	31
2750	27
2751	33
2752	24
2753	22
2754	22
2755	38
2756	34
2757	42
2758	26
2759	36
2760	40
2761	29
2762	32
2763	38
2764	35
2765	34
2766	36
2767	29
2768	40
2769	24
2770	28
2771	27
2772	35
2773	24
2774	26
2775	22
2776	37
2777	29
2778	34
2779	27
2780	27
2781	25
2782	30
2783	35
2784	34
2785	40
2786	29
2787	37
2788	30
2789	39
2790	26
2791	31
2792	36
2793	17
2794	37
2795	35
2796	22
2797	29
2798	32
2799	32
2800	31
2801	18
2802	17
2803	31
2804	31
2805	27
2806	31
2807	33
2808	27
2809	29
2810	39
2811	41
2812	34
2813	26
2814	24
2815	35
2816	40
2817	23
2818	27
2819	31
2820	36
2821	39
2822	30
2823	49
2824	36
2825	27
2826	33
2827	35
2828	28
2829	40
2830	30
2831	24
2832	30
2833	30
2834	29
2835	42
2836	41
2837	22
2838	24
2839	30
2840	34
2841	46
2842	28
2843	28
2844	39
2845	33
2846	27
2847	26
2848	37
2849	27
2850	34
2851	29
2852	31
2853	30
2854	27
2855	32
2856	31
2857	25
2858	36
2859	18
2860	22
2861	34
2862	28
2863	23
2864	30
2865	33
2866	42
2867	35
2868	36
2869	24
2870	31
2871	35
2872	26
2873	35
2874	29
2875	26
2876	37
2877	27
2878	47
2879	33
2880	32
2881	35
2882	38
2883	33
2884	27
2885	19
2886	24
2887	31
2888	38
2889	35
2890	25
2891	29
2892	32
2893	48
2894	29
2895	32
2896	47
2897	28
2898	35
2899	37
2900	30
2901	33
2902	41
2903	35
2904	34
2905	29
2906	35
2907	26
2908	32
2909	31
2910	34
2911	35
2912	41
2913	36
2914	36
2915	30
2916	30
2917	27
2918	27
2919	29
2920	39
2921	34
2922	28
2923	30
2924	35
2925	32
2926	23
2927	33
2928	32
2929	40
2930	25
2931	35
2932	32
2933	29
2934	27
2935	28
2936	35
2937	27
2938	37
2939	33
2940	24
2941	31
2942	27
2943	33
2944	31
2945	33
2946	33
2947	20
2948	28
2949	36
2950	34
2951	27
2952	38
2953	42
2954	34
2955	31
2956	24
2957	37
2958	26
2959	26
2960	33
2961	25
2962	27
2963	35
2964	37
2965	26
2966	28
2967	25
2968	23
2969	39
2970	35
2971	32
2972	37
2973	33
2974	23
2975	36
2976	29
2977	26
2978	33
2979	33
2980	36
2981	18
2982	28
2983	27
2984	28
2985	27
2986	32
2987	41
2988	29
2989	34
2990	30
2991	32
2992	24
2993	24
2994	40
2995	34
2996	28
2997	29
2998	32
2999	39
3000	18
3001	33
3002	33
3003	32
3004	27
3005	32
3006	37
3007	33
3008	41
3009	31
3010	30
3011	26
3012	28
3013	36
3014	36
3015	35
3016	29
3017	31
3018	41
3019	24
3020	29
3021	41
3022	39
3023	28
3024	31
3025	25
3026	31
3027	33
3028	32
3029	26
3030	29
3031	33
3032	46
3033	37
3034	29
3035	28
3036	25
3037	49
3038	30
3039	30
3040	31
3041	31
3042	43
3043	29
3044	33
3045	30
3046	24
3047	34
3048	34
3049	21
3050	37
3051	32
3052	34
3053	29
3054	28
3055	34
3056	40
3057	27
3058	29
3059	34
3060	34
3061	26
3062	29
3063	33
3064	23
3065	32
3066	41
3067	48
3068	37
3069	27
3070	35
3071	24
3072	31
3073	30
3074	39
3075	30
3076	30
3077	39
3078	20
3079	32
3080	33
3081	44
3082	43
3083	38
3084	29
3085	30
3086	27
3087	24
3088	27
3089	35
3090	29
3091	25
3092	31
3093	33
3094	32
3095	35
3096	35
3097	25
3098	25
3099	34
3100	35
3101	39
3102	41
3103	29
3104	31
3105	33
3106	31
3107	32
3108	19
3109	22
3110	33
3111	26
3112	28
3113	35
3114	29
3115	44
3116	19
3117	27
3118	34
3119	27
3120	31
3121	27
3122	33
3123	27
3124	36
3125	35
3126	37
3127	35
3128	24
3129	27
3130	35
3131	34
3132	32
3133	31
3134	30
3135	24
3136	29
3137	32
3138	30
3139	30
3140	38
3141	32
3142	35
3143	37
3144	31
3145	18
3146	24
3147	36
3148	27
3149	34
3150	31
3151	30
3152	21
3153	30
3154	32
3155	29
3156	43
3157	35
3158	35
3159	27
3160	27
3161	25
3162	43
3163	24
3164	25
3165	22
3166	30
3167	36
3168	27
3169	29
3170	40
3171	27
3172	31
3173	45
3174	37
3175	40
3176	33
3177	31
3178	26
3179	40
3180	32
3181	33
3182	21
3183	34
3184	38
3185	34
3186	34
3187	26
3188	32
3189	33
3190	38
3191	40
3192	46
3193	37
3194	27
3195	33
3196	31
3197	32
3198	37
3199	33
3200	33
3201	29
3202	31
3203	30
3204	36
3205	45
3206	30
3207	29
3208	35
3209	32
3210	27
3211	43
3212	41
3213	40
3214	31
3215	25
3216	25
3217	35
3218	28
3219	29
3220	28
3221	31
3222	34
3223	31
3224	35
3225	30
3226	34
3227	31
3228	39
3229	28
3230	30
3231	38
3232	25
3233	32
3234	31
3235	38
3236	42
3237	29
3238	24
3239	35
3240	30
3241	43
3242	33
3243	36
3244	36
3245	24
3246	23
3247	33
3248	23
3249	29
3250	37
3251	35
3252	41
3253	35
3254	32
3255	29
3256	34
3257	38
3258	32
3259	28
3260	34
3261	24
3262	31
3263	33
3264	36
3265	31
3266	41
3267	32
3268	28
3269	38
3270	36
3271	28
3272	41
3273	44
3274	36
3275	38
3276	41
3277	35
3278	37
3279	29
3280	23
3281	32
3282	33
3283	32
3284	25
3285	39
3286	28
3287	29
3288	26
3289	33
3290	29
3291	31
3292	33
3293	29
3294	32
3295	31
3296	42
3297	29
3298	33
3299	34
3300	29
3301	33
3302	24
3303	38
3304	27
3305	30
3306	31
3307	40
3308	29
3309	30
3310	30
3311	37
3312	36
3313	41
3314	30
3315	34
3316	34
3317	31
3318	29
3319	36
3320	29
3321	23
3322	30
3323	42
3324	31
3325	30
3326	31
3327	26
3328	36
3329	29
3330	31
3331	30
3332	28
3333	34
3334	35
3335	35
3336	33
3337	28
3338	27
3339	30
3340	29
3341	26
3342	29
3343	41
3344	22
3345	35
3346	37
3347	26
3348	17
3349	35
3350	19
3351	27
3352	31
3353	29
3354	29
3355	30
3356	24
3357	32
3358	26
3359	26
3360	36
3361	26
3362	26
3363	28
3364	37
3365	32
3366	17
3367	26
3368	33
3369	40
3370	30
3371	28
3372	33
3373	27
3374	24
3375	31
3376	34
3377	22
3378	23
3379	35
3380	21
3381	22
3382	24
3383	12
3384	25
3385	27
3386	38
3387	27
3388	21
3389	28
3390	32
3391	30
3392	33
3393	31
3394	19
3395	19
3396	32
3397	20
3398	17
3399	38
3400	35
3401	20
3402	31
3403	26
3404	18
3405	25
3406	29
3407	26
3408	20
3409	29
3410	25
3411	24
3412	22
3413	34
3414	17
3415	35
3416	28
3417	22
3418	25
3419	23
3420	21
3421	26
3422	36
3423	29
3424	28
3425	29
3426	16
3427	26
3428	22
3429	28
3430	23
3431	27
3432	21
3433	23
3434	19
3435	28
3436	24
3437	20
3438	19
3439	15
3440	19
3441	30
3442	21
3443	19
3444	19
3445	25
3446	21
3447	21
3448	27
3449	26
3450	7
3451	25
3452	22
3453	18
3454	10
3455	21
3456	27
3457	19
3458	19
3459	20
3460	27
3461	27
3462	29
3463	26
3464	25
3465	24
3466	18
3467	18
3468	18
3469	15
3470	23
3471	19
3472	15
3473	28
3474	26
3475	16
3476	24
3477	23
3478	22
3479	24
3480	14
3481	24
3482	14
3483	15
3484	19
3485	31
3486	17
3487	22
3488	20
3489	20
3490	18
3491	20
3492	20
3493	28
3494	17
3495	18
3496	22
3497	16
3498	17
3499	18
3500	16
3501	23
3502	17
3503	26
3504	10
3505	17
3506	25
3507	18
3508	18
3509	23
3510	23
3511	14
3512	16
3513	12
3514	16
3515	17
3516	26
3517	14
3518	23
3519	18
3520	16
3521	31
3522	15
3523	13
3524	20
3525	18
3526	12
3527	17
3528	19
3529	15
3530	14
3531	20
3532	16
3533	12
3534	22
3535	20
3536	21
3537	21
3538	14
3539	15
3540	19
3541	22
3542	14
3543	13
3544	27
3545	16
3546	15
3547	15
3548	18
3549	12
3550	18
3551	12
3552	19
3553	16
3554	16
3555	13
3556	17
3557	24
3558	22
3559	14
3560	19
3561	18
3562	21
3563	21
3564	20
3565	12
3566	20
3567	25
3568	14
3569	9
3570	13
3571	16
3572	18
3573	17
3574	18
3575	13
3576	19
3577	12
3578	16
3579	13
3580	17
3581	10
3582	17
3583	8
3584	19
3585	15
3586	11
3587	10
3588	15
3589	19
3590	16
3591	12
3592	16
3593	11
3594	19
3595	11
3596	10
3597	8
3598	7
3599	21
3600	14
3601	10
3602	15
3603	21
3604	21
3605	15
3606	9
3607	16
3608	13
3609	18
3610	8
3611	8
3612	9
3613	20
3614	16
3615	16
3616	10
3617	14
3618	21
3619	14
3620	19
3621	18
3622	16
3623	21
3624	14
3625	30
3626	10
3627	14
3628	20
3629	16
3630	15
3631	11
3632	13
3633	5
3634	16
3635	15
3636	15
3637	19
3638	13
3639	14
3640	21
3641	12
3642	14
3643	20
3644	17
3645	11
3646	12
3647	20
3648	9
3649	11
3650	12
3651	10
3652	8
3653	14
3654	11
3655	13
3656	13
3657	14
3658	14
3659	16
3660	15
3661	16
3662	11
3663	12
3664	16
3665	20
3666	10
3667	8
3668	9
3669	10
3670	16
3671	8
3672	17
3673	11
3674	17
3675	12
3676	8
3677	20
3678	19
3679	16
3680	6
3681	11
3682	6
3683	14
3684	15
3685	13
3686	11
3687	14
3688	12
3689	10
3690	13
3691	10
3692	13
3693	19
3694	19
3695	15
3696	10
3697	9
3698	14
3699	12
3700	17
3701	9
3702	15
3703	11
3704	14
3705	5
3706	11
3707	16
3708	11
3709	14
3710	14
3711	15
3712	12
3713	10
3714	6
3715	11
3716	7
3717	10
3718	10
3719	11
3720	10
3721	12
3722	6
3723	6
3724	12
3725	13
3726	15
3727	11
3728	11
3729	8
3730	10
3731	8
3732	10
3733	12
3734	12
3735	12
3736	10
3737	10
3738	15
3739	13
3740	15
3741	13
3742	15
3743	11
3744	8
3745	9
3746	11
3747	12
3748	12
3749	11
3750	7
3751	8
3752	13
3753	8
3754	9
3755	10
3756	10
3757	12
3758	12
3759	15
3760	8
3761	11
3762	11
3763	8
3764	9
3765	6
3766	8
3767	10
3768	12
3769	8
3770	12
3771	7
3772	12
3773	16
3774	14
3775	14
3776	4
3777	8
3778	15
3779	13
3780	1
3781	10
3782	6
3783	11
3784	10
3785	13
3786	10
3787	9
3788	10
3789	12
3790	13
3791	3
3792	14
3793	11
3794	11
3795	12
3796	12
3797	10
3798	14
3799	9
3800	9
3801	13
3802	14
3803	10
3804	8
3805	8
3806	14
3807	9
3808	6
3809	8
3810	5
3811	13
3812	10
3813	14
3814	12
3815	11
3816	13
3817	9
3818	7
3819	9
3820	8
3821	12
3822	10
3823	7
3824	7
3825	10
3826	5
3827	8
3828	10
3829	7
3830	14
3831	11
3832	14
3833	9
3834	6
3835	10
3836	9
3837	10
3838	10
3839	11
3840	13
3841	11
3842	11
3843	9
3844	9
3845	11
3846	9
3847	8
3848	10
3849	10
3850	16
3851	13
3852	6
3853	10
3854	9
3855	14
3856	15
3857	20
3858	11
3859	6
3860	9
3861	9
3862	9
3863	7
3864	13
3865	12
3866	12
3867	7
3868	15
3869	8
3870	9
3871	12
3872	22
3873	9
3874	13
3875	7
3876	7
3877	5
3878	10
3879	10
3880	14
3881	11
3882	6
3883	11
3884	10
3885	15
3886	14
3887	8
3888	11
3889	8
3890	4
3891	12
3892	10
3893	10
3894	14
3895	7
3896	5
3897	13
3898	8
3899	9
3900	10
3901	7
3902	9
3903	3
3904	9
3905	9
3906	9
3907	9
3908	11
3909	12
3910	6
3911	7
3912	7
3913	6
3914	10
3915	8
3916	11
3917	11
3918	10
3919	11
3920	11
3921	9
3922	11
3923	7
3924	10
3925	13
3926	9
3927	4
3928	9
3929	12
3930	10
3931	12
3932	12
3933	11
3934	5
3935	5
3936	10
3937	7
3938	8
3939	11
3940	6
3941	6
3942	9
3943	11
3944	6
3945	9
3946	7
3947	12
3948	11
3949	8
3950	9
3951	4
3952	7
3953	9
3954	11
3955	7
3956	11
3957	14
3958	7
3959	13
3960	12
3961	6
3962	12
3963	11
3964	10
3965	8
3966	8
3967	9
3968	12
3969	2
3970	7
3971	6
3972	7
3973	9
3974	6
3975	10
3976	4
3977	8
3978	11
3979	5
3980	4
3981	6
3982	8
3983	6
3984	4
3985	10
3986	5
3987	7
3988	8
3989	8
3990	13
3991	7
3992	5
3993	8
3994	7
3995	8
3996	15
3997	6
3998	6
3999	11
4000	6
4001	13
4002	6
4003	8
4004	8
4005	8
4006	12
4007	4
4008	6
4009	5
4010	13
4011	5
4012	11
4013	11
4014	7
4015	4
4016	9
4017	11
4018	8
4019	6
4020	12
4021	9
4022	7
4023	7
4024	6
4025	9
4026	7
4027	6
4028	6
4029	7
4030	8
4031	8
4032	12
4033	7
4034	7
4035	10
4036	11
4037	7
4038	10
4039	12
4040	6
4041	4
4042	8
4043	4
4044	8
4045	6
4046	10
4047	8
4048	7
4049	3
4050	15
4051	10
4052	13
4053	6
4054	9
4055	11
4056	4
4057	6
4058	12
4059	14
4060	8
4061	11
4062	11
4063	12
4064	3
4065	8
4066	11
4067	8
4068	14
4069	11
4070	12
4071	13
4072	10
4073	11
4074	14
4075	10
4076	11
4077	11
4078	7
4079	10
4080	4
4081	5
4082	12
4083	8
4084	4
4085	6
4086	10
4087	5
4088	5
4089	2
4090	7
4091	9
4092	4
4093	10
4094	1
4095	8
4096	11
4097	4
4098	4
4099	8
4100	11
4101	7
4102	6
4103	4
4104	8
4105	7
4106	2
4107	6
4108	14
4109	7
4110	11
4111	7
4112	8
4113	9
4114	6
4115	6
4116	11
4117	9
4118	11
4119	6
4120	6
4121	12
4122	7
4123	11
4124	7
4125	19
4126	9
4127	5
4128	8
4129	14
4130	7
4131	7
4132	8
4133	10
4134	3
4135	7
4136	8
4137	7
4138	6
4139	8
4140	10
4141	11
4142	8
4143	13
4144	5
4145	8
4146	11
4147	5
4148	8
4149	6
4150	11
4151	13
4152	8
4153	9
4154	7
4155	7
4156	10
4157	5
4158	12
4159	5
4160	16
4161	4
4162	9
4163	5
4164	7
4165	8
4166	8
4167	7
4168	10
4169	7
4170	5
4171	2
4172	9
4173	5
4174	5
4175	9
4176	11
4177	7
4178	12
4179	6
4180	7
4181	12
4182	4
4183	8
4184	4
4185	7
4186	7
4187	6
4188	9
4189	6
4190	5
4191	6
4192	6
4193	10
4194	11
4195	7
4196	14
4197	9
4198	6
4199	9
4200	7
4201	7
4202	7
4203	7
4204	10
4205	11
4206	5
4207	8
4208	7
4209	10
4210	14
4211	13
4212	3
4213	5
4214	6
4215	5
4216	10
4217	10
4218	14
4219	10
4220	10
4221	5
4222	12
4223	12
4224	9
4225	6
4226	4
4227	12
4228	16
4229	12
4230	6
4231	9
4232	10
4233	7
4234	6
4235	14
4236	9
4237	10
4238	8
4239	13
4240	7
4241	9
4242	11
4243	9
4244	10
4245	7
4246	10
4247	9
4248	8
4249	6
4250	10
4251	6
4252	5
4253	4
4254	9
4255	11
4256	8
4257	6
4258	6
4259	4
4260	4
4261	6
4262	5
4263	11
4264	12
4265	10
4266	7
4267	7
4268	10
4269	3
4270	12
4271	7
4272	4
4273	9
4274	9
4275	6
4276	8
4277	9
4278	6
4279	12
4280	9
4281	8
4282	10
4283	6
4284	12
4285	9
4286	15
4287	6
4288	4
4289	9
4290	9
4291	11
4292	10
4293	9
4294	7
4295	6
4296	9
4297	8
4298	11
4299	9
4300	13
4301	7
4302	9
4303	9
4304	6
4305	8
4306	10
4307	7
4308	7
4309	8
4310	6
4311	7
4312	7
4313	11
4314	6
4315	10
4316	9
4317	4
4318	11
4319	12
4320	7
4321	7
4322	8
4323	10
4324	10
4325	11
4326	5
4327	9
4328	14
4329	11
4330	11
4331	8
4332	9
4333	6
4334	9
4335	8
4336	9
4337	9
4338	8
4339	8
4340	6
4341	10
4342	9
4343	11
4344	11
4345	5
4346	7
4347	3
4348	7
4349	10
4350	15
4351	11
4352	9
4353	8
4354	12
4355	9
4356	13
4357	7
4358	6
4359	12
4360	6
4361	6
4362	11
4363	9
4364	11
4365	11
4366	12
4367	11
4368	9
4369	9
4370	15
4371	6
4372	8
4373	6
4374	8
4375	12
4376	6
4377	6
4378	9
4379	14
4380	10
4381	7
4382	12
4383	8
4384	12
4385	14
4386	7
4387	8
4388	14
4389	14
4390	17
4391	8
4392	11
4393	13
4394	6
4395	12
4396	10
4397	8
4398	13
4399	10
4400	9
4401	11
4402	10
4403	11
4404	9
4405	12
4406	13
4407	11
4408	9
4409	13
4410	15
4411	8
4412	8
4413	12
4414	10
4415	12
4416	15
4417	13
4418	12
4419	9
4420	8
4421	15
4422	16
4423	17
4424	11
4425	17
4426	13
4427	21
4428	12
4429	12
4430	14
4431	22
4432	14
4433	14
4434	16
4435	15
4436	14
4437	16
4438	13
4439	14
4440	17
4441	15
4442	21
4443	15
4444	13
4445	8
4446	16
4447	14
4448	17
4449	24
4450	17
4451	12
4452	11
4453	9
4454	18
4455	25
4456	13
4457	22
4458	14
4459	25
4460	21
4461	25
4462	20
4463	26
4464	10
4465	17
4466	13
4467	17
4468	21
4469	17
4470	15
4471	21
4472	26
4473	22
4474	23
4475	14
4476	13
4477	11
4478	15
4479	20
4480	23
4481	16
4482	21
4483	27
4484	24
4485	19
4486	18
4487	21
4488	21
4489	28
4490	28
4491	21
4492	20
4493	26
4494	27
4495	19
4496	24
4497	19
4498	26
4499	21
4500	29
4501	21
4502	37
4503	39
4504	34
4505	20
4506	23
4507	31
4508	31
4509	27
4510	29
4511	32
4512	33
4513	30
4514	31
4515	23
4516	39
4517	30
4518	41
4519	30
4520	32
4521	33
4522	32
4523	29
4524	41
4525	27
4526	37
4527	29
4528	32
4529	35
4530	39
4531	39
4532	42
4533	40
4534	39
4535	38
4536	48
4537	51
4538	35
4539	36
4540	46
4541	44
4542	45
4543	52
4544	49
4545	52
4546	43
4547	47
4548	52
4549	58
4550	57
4551	42
4552	51
4553	48
4554	47
4555	53
4556	55
4557	58
4558	55
4559	52
4560	56
4561	58
4562	54
4563	59
4564	52
4565	46
4566	44
4567	46
4568	58
4569	52
4570	51
4571	62
4572	52
4573	61
4574	69
4575	65
4576	65
4577	69
4578	53
4579	66
4580	70
4581	58
4582	83
4583	74
4584	69
4585	65
4586	60
4587	69
4588	60
4589	90
4590	51
4591	71
4592	75
4593	82
4594	63
4595	76
4596	95
4597	85
4598	81
4599	81
4600	92
4601	86
4602	85
4603	79
4604	74
4605	71
4606	80
4607	89
4608	104
4609	80
4610	79
4611	95
4612	91
4613	87
4614	80
4615	88
4616	92
4617	97
4618	105
4619	110
4620	91
4621	109
4622	99
4623	88
4624	96
4625	94
4626	88
4627	117
4628	117
4629	103
4630	98
4631	102
4632	107
4633	109
4634	103
4635	111
4636	117
4637	99
4638	105
4639	108
4640	128
4641	129
4642	117
4643	111
4644	121
4645	134
4646	118
4647	119
4648	119
4649	131
4650	121
4651	112
4652	134
4653	116
4654	163
4655	135
4656	117
4657	142
4658	142
4659	129
4660	154
4661	138
4662	154
4663	154
4664	135
4665	140
4666	157
4667	159
4668	144
4669	165
4670	142
4671	160
4672	162
4673	139
4674	158
4675	153
4676	160
4677	159
4678	163
4679	154
4680	170
4681	177
4682	193
4683	161
4684	146
4685	189
4686	160
4687	167
4688	164
4689	170
4690	148
4691	165
4692	168
4693	174
4694	185
4695	203
4696	190
4697	187
4698	192
4699	171
4700	200
4701	200
4702	186
4703	185
4704	184
4705	196
4706	174
4707	199
4708	208
4709	168
4710	180
4711	190
4712	185
4713	199
4714	216
4715	219
4716	195
4717	180
4718	175
4719	187
4720	189
4721	230
4722	202
4723	223
4724	203
4725	220
4726	216
4727	217
4728	251
4729	210
4730	230
4731	200
4732	225
4733	203
4734	237
4735	217
4736	235
4737	258
4738	229
4739	227
4740	237
4741	224
4742	226
4743	221
4744	225
4745	250
4746	228
4747	209
4748	240
4749	234
4750	232
4751	233
4752	244
4753	239
4754	264
4755	254
4756	251
4757	255
4758	251
4759	276
4760	254
4761	251
4762	256
4763	258
4764	268
4765	265
4766	277
4767	269
4768	240
4769	248
4770	263
4771	259
4772	246
4773	286
4774	247
4775	243
4776	266
4777	281
4778	282
4779	272
4780	261
4781	275
4782	270
4783	250
4784	282
4785	288
4786	275
4787	261
4788	275
4789	267
4790	294
4791	269
4792	274
4793	273
4794	291
4795	250
4796	269
4797	268
4798	240
4799	260
4800	262
4801	271
4802	311
4803	271
4804	300
4805	281
4806	268
4807	316
4808	288
4809	278
4810	262
4811	298
4812	281
4813	274
4814	307
4815	265
4816	281
4817	268
4818	296
4819	270
4820	310
4821	232
4822	272
4823	284
4824	271
4825	271
4826	295
4827	286
4828	272
4829	306
4830	296
4831	282
4832	270
4833	299
4834	292
4835	279
4836	261
4837	260
4838	270
4839	319
4840	272
4841	309
4842	287
4843	300
4844	261
4845	272
4846	277
4847	315
4848	253
4849	297
4850	298
4851	298
4852	266
4853	282
4854	303
4855	296
4856	275
4857	262
4858	296
4859	277
4860	292
4861	272
4862	262
4863	282
4864	272
4865	282
4866	260
4867	314
4868	303
4869	265
4870	292
4871	297
4872	292
4873	271
4874	281
4875	246
4876	284
4877	286
4878	274
4879	242
4880	264
4881	252
4882	275
4883	294
4884	244
4885	272
4886	276
4887	257
4888	261
4889	269
4890	258
4891	262
4892	254
4893	251
4894	245
4895	259
4896	247
4897	237
4898	277
4899	265
4900	253
4901	294
4902	265
4903	251
4904	250
4905	252
4906	248
4907	265
4908	248
4909	245
4910	247
4911	227
4912	223
4913	233
4914	212
4915	244
4916	244
4917	209
4918	235
4919	243
4920	218
4921	224
4922	194
4923	222
4924	226
4925	234
4926	251
4927	214
4928	200
4929	221
4930	237
4931	222
4932	229
4933	211
4934	231
4935	223
4936	241
4937	226
4938	223
4939	210
4940	194
4941	182
4942	226
4943	238
4944	195
4945	220
4946	187
4947	184
4948	227
4949	197
4950	182
4951	169
4952	205
4953	213
4954	162
4955	184
4956	181
4957	187
4958	191
4959	173
4960	198
4961	176
4962	191
4963	172
4964	188
4965	206
4966	174
4967	159
4968	155
4969	181
4970	189
4971	163
4972	175
4973	177
4974	141
4975	172
4976	153
4977	172
4978	138
4979	165
4980	180
4981	165
4982	149
4983	170
4984	127
4985	159
4986	171
4987	139
4988	154
4989	152
4990	161
4991	164
4992	137
4993	156
4994	143
4995	160
4996	138
4997	140
4998	107
4999	115
5000	152
5001	131
5002	139
5003	121
5004	124
5005	140
5006	103
5007	118
5008	111
5009	125
5010	119
5011	130
5012	121
5013	105
5014	123
5015	117
5016	122
5017	119
5018	127
5019	108
5020	104
5021	90
5022	102
5023	110
5024	101
5025	109
5026	85
5027	95
5028	102
5029	100
5030	107
5031	89
5032	94
5033	93
5034	100
5035	96
5036	93
5037	95
5038	96
5039	85
5040	101
5041	90
5042	93
5043	84
5044	94
5045	96
5046	70
5047	76
5048	78
5049	75
5050	85
5051	71
5052	83
5053	77
5054	86
5055	85
5056	80
5057	95
5058	64
5059	60
5060	77
5061	96
5062	81
5063	64
5064	70
5065	65
5066	60
5067	50
5068	72
5069	73
5070	67
5071	69
5072	59
5073	61
5074	61
5075	49
5076	62
5077	62
5078	49
5079	67
5080	48
5081	35
5082	56
5083	65
5084	51
5085	52
5086	49
5087	52
5088	61
5089	40
5090	53
5091	34
5092	35
5093	44
5094	50
5095	35
5096	47
5097	63
5098	37
5099	41
5100	32
5101	56
5102	49
5103	43
5104	43
5105	48
5106	44
5107	32
5108	42
5109	26
5110	36
5111	48
5112	32
5113	37
5114	28
5115	28
5116	31
5117	36
5118	36
5119	34
5120	24
5121	29
5122	26
5123	30
5124	26
5125	30
5126	32
5127	29
5128	26
5129	21
5130	16
5131	31
5132	26
5133	29
5134	30
5135	23
5136	17
5137	20
5138	22
5139	26
5140	22
5141	23
5142	19
5143	20
5144	17
5145	20
5146	25
5147	15
5148	21
5149	22
5150	21
5151	21
5152	22
5153	18
5154	16
5155	32
5156	18
5157	20
5158	16
5159	20
5160	19
5161	21
5162	20
5163	23
5164	13
5165	13
5166	21
5167	16
5168	14
5169	13
5170	13
5171	4
5172	14
5173	20
5174	10
5175	10
5176	11
5177	4
5178	15
5179	10
5180	13
5181	11
5182	9
5183	16
5184	8
5185	14
5186	18
5187	12
5188	9
5189	11
5190	16
5191	5
5192	5
5193	11
5194	10
5195	6
5196	9
5197	4
5198	13
5199	10
5200	7
5201	9
5202	9
5203	14
5204	5
5205	6
5206	7
5207	12
5208	5
5209	12
5210	6
5211	6
5212	11
5213	11
5214	7
5215	5
5216	5
5217	6
5218	7
5219	3
5220	4
5221	10
5222	8
5223	6
5224	7
5225	5
5226	7
5227	3
5228	5
5229	2
5230	5
5231	2
5232	5
5233	4
5234	6
5235	7
5236	4
5237	7
5238	5
5239	2
5240	6
5241	3
5242	5
5243	3
5244	6
5245	5
5246	1
5247	1
5248	1
5249	2
5250	3
5251	6
5252	5
5253	7
5254	1
5255	4
5256	2
5257	3
5258	2
5259	3
5260	2
5261	2
5262	3
5263	8
5264	3
5265	3
5266	3
5267	2
5268	4
5269	2
5270	0
5271	1
5272	4
5273	0
5274	2
5275	3
5276	5
5277	1
5278	1
5279	3
5280	3
5281	2
5282	2
5283	3
5284	2
5285	0
5286	2
5287	2
5288	1
5289	0
5290	2
5291	3
5292	3
5293	2
5294	1
5295	3
5296	1
5297	3
5298	4
5299	5
5300	1
5301	2
5302	2
5303	3
5304	3
5305	1
5306	4
5307	2
5308	1
5309	1
5310	2
5311	1
5312	1
5313	1
5314	1
5315	2
5316	2
5317	3
5318	1
5319	2
5320	1
5321	3
5322	2
5323	1
5324	4
5325	1
5326	2
5327	3
5328	2
5329	2
5330	0
5331	0
5332	3
5333	2
5334	2
5335	1
5336	1
5337	2
5338	1
5339	2
5340	1
5341	2
5342	1
5343	1
5344	2
5345	3
5346	2
5347	3
5348	2
5349	1
5350	0
5351	0
5352	4
5353	1
5354	1
5355	0
5356	0
5357	1
5358	0
5359	1
5360	2
5361	2
5362	1
5363	1
5364	1
5365	0
5366	1
5367	2
5368	4
5369	1
5370	1
5371	1
5372	0
5373	1
5374	1
5375	2
5376	1
5377	1
5378	3
5379	1
5380	0
5381	1
5382	3
5383	0
5384	1
5385	1
5386	0
5387	0
5388	1
5389	0
5390	5
5391	2
5392	1
5393	1
5394	0
5395	2
5396	0
5397	0
5398	2
5399	1
5400	1
5401	1
5402	2
5403	1
5404	0
5405	4
5406	3
5407	2
5408	0
5409	1
5410	0
5411	0
5412	2
5413	1
5414	0
5415	3
5416	1
5417	3
5418	2
5419	2
5420	0
5421	0
5422	0
5423	0
5424	0
5425	0
5426	1
5427	4
5428	2
5429	3
5430	1
5431	0
5432	2
5433	0
5434	1
5435	1
5436	0
5437	2
5438	3
5439	1
5440	2
5441	0
5442	1
5443	4
5444	2
5445	1
5446	0
5447	0
5448	4
5449	2
5450	3
5451	1
5452	0
5453	3
5454	3
5455	1
5456	2
5457	0
5458	2
5459	1
5460	4
5461	3
5462	1
5463	2
5464	1
5465	1
5466	1
5467	1
5468	0
5469	0
5470	0
5471	1
5472	3
5473	0
5474	0
5475	1
5476	1
5477	0
5478	1
5479	1
5480	2
5481	1
5482	0
5483	1
5484	0
5485	2
5486	1
5487	2
5488	1
5489	0
5490	2
5491	0
5492	3
5493	2
5494	1
5495	2
5496	1
5497	1
5498	0
5499	2
5500	1
5501	2
5502	1
5503	1
5504	1
5505	2
5506	2
5507	1
5508	0
5509	5
5510	1
5511	0
5512	2
5513	2
5514	1
5515	1
5516	2
5517	0
5518	2
5519	0
5520	4
5521	1
5522	1
5523	1
5524	1
5525	2
5526	1
5527	3
5528	2
5529	0
5530	0
5531	2
5532	3
5533	2
5534	2
5535	2
5536	1
5537	1
5538	3
5539	0
5540	0
5541	1
5542	1
5543	3
5544	0
5545	3
5546	0
5547	1
5548	0
5549	0
5550	1
5551	0
5552	2
5553	1
5554	2
5555	1
5556	1
5557	1
5558	0
5559	2
5560	2
5561	2
5562	1
5563	0
5564	0
5565	1
5566	1
5567	0
5568	1
5569	1
5570	0
5571	0
5572	2
5573	0
5574	1
5575	2
5576	2
5577	3
5578	1
5579	0
5580	1
5581	0
5582	2
5583	2
5584	0
5585	0
5586	3
5587	2
5588	0
5589	1
5590	2
5591	2
5592	1
5593	0
5594	0
5595	1
5596	2
5597	0
5598	3
5599	2
5600	1
5601	2
5602	0
5603	0
5604	2
5605	3
5606	0
5607	1
5608	0
5609	0
5610	2
5611	1
5612	2
5613	1
5614	1
5615	1
5616	2
5617	0
5618	0
5619	3
5620	1
5621	1
5622	0
5623	2
5624	2
5625	0
5626	1
5627	1
5628	2
5629	2
5630	2
5631	4
5632	0
5633	1
5634	0
5635	1
5636	0
5637	1
5638	3
5639	1
5640	2
5641	1
5642	1
5643	2
5644	0
5645	0
5646	0
5647	3
5648	0
5649	0
5650	1
5651	2
5652	0
5653	1
5654	0
5655	1
5656	2
5657	1
5658	1
5659	0
5660	0
5661	2
5662	0
5663	1
5664	1
5665	2
5666	2
5667	1
5668	2
5669	0
5670	1
5671	0
5672	1
5673	3
5674	1
5675	1
5676	3
5677	1
5678	1
5679	0
5680	1
5681	2
5682	4
5683	1
5684	2
5685	0
5686	4
5687	1
5688	0
5689	3
5690	1
5691	2
5692	0
5693	1
5694	1
5695	3
5696	0
5697	3
5698	3
5699	0
5700	0
5701	1
5702	0
5703	1
5704	0
5705	1
5706	3
5707	0
5708	2
5709	1
5710	1
5711	1
5712	1
5713	2
5714	2
5715	0
5716	2
5717	2
5718	1
5719	1
5720	0
5721	1
5722	0
5723	4
5724	1
5725	2
5726	1
5727	0
5728	0
5729	1
5730	4
5731	2
5732	0
5733	0
5734	0
5735	3
5736	0
5737	0
5738	1
5739	2
5740	1
5741	2
5742	0
5743	2
5744	2
5745	3
5746	1
5747	1
5748	3
5749	1
5750	1
5751	2
5752	0
5753	2
5754	1
5755	9
5756	0
5757	0
5758	0
5759	1
5760	1
5761	0
5762	0
5763	1
5764	1
5765	0
5766	0
5767	1
5768	1
5769	2
5770	0
5771	3
5772	0
5773	2
5774	2
5775	0
5776	1
5777	2
5778	2
5779	1
5780	0
5781	1
5782	0
5783	2
5784	3
5785	0
5786	0
5787	2
5788	2
5789	2
5790	1
5791	0
5792	0
5793	0
5794	2
5795	3
5796	1
5797	3
5798	2
5799	1
5800	3
5801	2
5802	2
5803	4
5804	1
5805	0
5806	0
5807	0
5808	1
5809	2
5810	0
5811	0
5812	1
5813	0
5814	1
5815	0
5816	1
5817	4
5818	2
5819	3
5820	0
5821	3
5822	3
5823	1
5824	0
5825	0
5826	0
5827	0
5828	2
5829	4
5830	1
5831	0
5832	4
5833	1
5834	1
5835	2
5836	0
5837	1
5838	0
5839	0
5840	1
5841	2
5842	1
5843	1
5844	0
5845	2
5846	2
5847	2
5848	2
5849	1
5850	2
5851	2
5852	3
5853	4
5854	0
5855	0
5856	1
5857	0
5858	2
5859	4
5860	0
5861	0
5862	4
5863	2
5864	2
5865	0
5866	1
5867	2
5868	2
5869	1
5870	1
5871	2
5872	1
5873	2
5874	0
5875	0
5876	1
5877	0
5878	0
5879	0
5880	1
5881	0
5882	1
5883	2
5884	1
5885	0
5886	1
5887	1
5888	0
5889	1
5890	1
5891	0
5892	1
5893	0
5894	2
5895	0
5896	2
5897	2
5898	2
5899	2
5900	3
5901	0
5902	0
5903	0
5904	1
5905	0
5906	0
5907	0
5908	1
5909	0
5910	1
5911	0
5912	0
5913	1
5914	0
5915	0
5916	0
5917	0
5918	1
5919	1
5920	2
5921	1
5922	2
5923	0
5924	0
5925	1
5926	0
5927	0
5928	0
5929	0
5930	0
5931	0
5932	1
5933	1
5934	1
5935	1
5936	0
5937	2
5938	1
5939	1
5940	1
5941	1
5942	0
5943	2
5944	1
5945	0
5946	0
5947	3
5948	2
5949	1
5950	2
5951	0
5952	0
5953	1
5954	0
5955	0
5956	1
5957	0
5958	1
5959	2
5960	0
5961	1
5962	0
5963	1
5964	0
5965	1
5966	1
5967	1
5968	1
5969	0
5970	0
5971	0
5972	2
5973	3
5974	0
5975	5
5976	2
5977	0
5978	0
5979	1
5980	1
5981	0
5982	1
5983	4
5984	0
5985	0
5986	0
5987	2
5988	0
5989	0
5990	1
5991	1
5992	0
5993	1
5994	1
5995	4
5996	2
5997	1
5998	2
5999	2
6000	0
6001	2
6002	0
6003	3
6004	0
6005	2
6006	2
6007	1
6008	0
6009	2
6010	1
6011	2
6012	3
6013	2
6014	0
6015	3
6016	2
6017	0
6018	4
6019	1
6020	0
6021	3
6022	1
6023	1
6024	0
6025	0
6026	1
6027	0
6028	1
6029	2
6030	1
6031	1
6032	1
6033	0
6034	0
6035	0
6036	0
6037	1
6038	0
6039	2
6040	1
6041	0
6042	1
6043	1
6044	0
6045	1
6046	3
6047	1
6048	1
6049	1
6050	5
6051	1
6052	1
6053	2
6054	1
6055	1
6056	0
6057	2
6058	2
6059	0
6060	0
6061	2
6062	0
6063	1
6064	2
6065	1
6066	0
6067	0
6068	3
6069	0
6070	1
6071	1
6072	1
6073	1
6074	2
6075	1
6076	1
6077	2
6078	2
6079	1
6080	1
6081	2
6082	3
6083	0
6084	2
6085	1
6086	0
6087	0
6088	0
6089	1
6090	2
6091	2
6092	1
6093	0
6094	1
6095	3
6096	0
6097	1
6098	0
6099	1
6100	1
6101	0
6102	3
6103	0
6104	0
6105	0
6106	0
6107	2
6108	0
6109	0
6110	2
6111	2
6112	0
6113	2
6114	2
6115	0
6116	0
6117	1
6118	1
6119	1
6120	0
6121	0
6122	0
6123	1
6124	0
6125	0
6126	2
6127	1
6128	0
6129	1
6130	1
6131	1
6132	2
6133	2
6134	5
6135	0
6136	0
6137	0
6138	0
6139	1
6140	2
6141	0
6142	0
6143	0
6144	0
6145	2
6146	4
6147	0
6148	1
6149	2
6150	0
6151	2
6152	3
6153	1
6154	0
6155	1
6156	1
6157	0
6158	1
6159	2
6160	1
6161	0
6162	0
6163	0
6164	2
6165	2
6166	2
6167	1
6168	1
6169	1
6170	0
6171	0
6172	1
6173	0
6174	2
6175	1
6176	1
6177	0
6178	0
6179	1
6180	1
6181	2
6182	0
6183	1
6184	1
6185	1
6186	0
6187	0
6188	0
6189	1
6190	1
6191	0
6192	4
6193	0
6194	0
6195	1
6196	1
6197	2
6198	1
6199	1
6200	3
6201	1
6202	1
6203	0
6204	2
6205	1
6206	1
6207	1
6208	1
6209	1
6210	0
6211	2
6212	1
6213	3
6214	1
6215	2
6216	1
6217	0
6218	0
6219	0
6220	0
6221	0
6222	1
6223	0
6224	0
6225	1
6226	0
6227	0
6228	1
6229	0
6230	0
6231	2
6232	1
6233	0
6234	3
6235	0
6236	0
6237	0
6238	4
6239	0
6240	0
6241	0
6242	2
6243	1
6244	1
6245	0
6246	2
6247	1
6248	1
6249	1
6250	2
6251	2
6252	2
6253	1
6254	2
6255	0
6256	1
6257	1
6258	0
6259	0
6260	0
6261	0
6262	1
6263	2
6264	1
6265	1
6266	0
6267	0
6268	0
6269	2
6270	2
6271	1
6272	1
6273	1
6274	1
6275	2
6276	1
6277	1
6278	2
6279	0
6280	3
6281	0
6282	2
6283	1
6284	1
6285	0
6286	4
6287	2
6288	0
6289	0
6290	0
6291	2
6292	2
6293	1
6294	3
6295	0
6296	0
6297	1
6298	2
6299	2
6300	0
6301	3
6302	2
6303	2
6304	2
6305	0
6306	0
6307	3
6308	0
6309	0
6310	0
6311	0
6312	1
6313	0
6314	0
6315	2
6316	1
6317	1
6318	4
6319	1
6320	0
6321	1
6322	0
6323	1
6324	2
6325	1
6326	2
6327	1
6328	0
6329	1
6330	3
6331	1
6332	1
6333	0
6334	0
6335	0
6336	3
6337	0
6338	1
6339	0
6340	1
6341	1
6342	0
6343	0
6344	1
6345	1
6346	2
6347	0
6348	0
6349	1
6350	0
6351	0
6352	0
6353	3
6354	1
6355	2
6356	0
6357	0
6358	0
6359	1
6360	2
6361	2
6362	0
6363	0
6364	0
6365	0
6366	1
6367	0
6368	1
6369	2
6370	0
6371	0
6372	1
6373	2
6374	0
6375	0
6376	0
6377	2
6378	2
6379	0
6380	0
6381	2
6382	1
6383	0
6384	1
6385	2
6386	1
6387	2
6388	0
6389	0
6390	0
6391	1
6392	0
6393	0
6394	2
6395	0
6396	0
6397	3
6398	1
6399	2
6400	2
6401	1
6402	1
6403	2
6404	1
6405	1
6406	0
6407	2
6408	0
6409	1
6410	0
6411	1
6412	1
6413	0
6414	1
6415	1
6416	3
6417	1
6418	0
6419	2
6420	1
6421	0
6422	2
6423	3
6424	1
6425	1
6426	0
6427	0
6428	1
6429	0
6430	3
6431	0
6432	1
6433	0
6434	2
6435	1
6436	1
6437	1
6438	0
6439	0
6440	0
6441	0
6442	1
6443	1
6444	2
6445	3
6446	1
6447	0
6448	2
6449	1
6450	1
6451	1
6452	0
6453	1
6454	2
6455	0
6456	2
6457	1
6458	2
6459	2
6460	2
6461	0
6462	1
6463	3
6464	0
6465	2
6466	1
6467	0
6468	1
6469	4
6470	0
6471	1
6472	1
6473	1
6474	1
6475	4
6476	0
6477	1
6478	0
6479	1
6480	1
6481	2
6482	1
6483	0
6484	2
6485	2
6486	0
6487	1
6488	1
6489	1
6490	0
6491	3
6492	0
6493	0
6494	2
6495	0
6496	3
6497	1
6498	0
6499	0
6500	0
6501	2
6502	2
6503	3
6504	0
6505	1
6506	0
6507	1
6508	0
6509	1
6510	0
6511	3
6512	3
6513	3
6514	0
6515	0
6516	1
6517	0
6518	0
6519	2
6520	2
6521	0
6522	1
6523	1
6524	1
6525	0
6526	1
6527	3
6528	0
6529	1
6530	0
6531	1
6532	0
6533	0
6534	1
6535	1
6536	0
6537	0
6538	1
6539	1
6540	0
6541	1
6542	2
6543	3
6544	2
6545	3
6546	1
6547	2
6548	0
6549	0
6550	1
6551	0
6552	1
6553	0
6554	1
6555	1
6556	2
6557	1
6558	2
6559	2
6560	0
6561	0
6562	0
6563	0
6564	0
6565	1
6566	0
6567	0
6568	0
6569	1
6570	3
6571	2
6572	0
6573	1
6574	1
6575	0
6576	0
6577	2
6578	1
6579	2
6580	2
6581	0
6582	1
6583	0
6584	1
6585	0
6586	0
6587	2
6588	3
6589	0
6590	1
6591	0
6592	0
6593	2
6594	1
6595	1
6596	1
6597	1
6598	0
6599	1
6600	2
6601	2
6602	1
6603	2
6604	2
6605	1
6606	1
6607	2
6608	0
6609	0
6610	0
6611	2
6612	1
6613	1
6614	4
6615	2
6616	3
6617	0
6618	0
6619	1
6620	1
6621	0
6622	1
6623	0
6624	1
6625	3
6626	1
6627	0
6628	0
6629	3
6630	0
6631	0
6632	2
6633	0
6634	0
6635	0
6636	1
6637	1
6638	0
6639	3
6640	1
6641	2
6642	1
6643	1
6644	3
6645	3
6646	4
6647	0
6648	2
6649	1
6650	1
6651	0
6652	3
6653	1
6654	3
6655	0
6656	1
6657	1
6658	2
6659	2
6660	0
6661	0
6662	0
6663	2
6664	1
6665	2
6666	1
6667	1
6668	0
6669	1
6670	2
6671	1
6672	0
6673	0
6674	1
6675	1
6676	0
6677	1
6678	0
6679	0
6680	1
6681	0
6682	3
6683	0
6684	2
6685	1
6686	0
6687	0
6688	2
6689	0
6690	1
6691	0
6692	2
6693	0
6694	1
6695	2
6696	2
6697	2
6698	1
6699	0
6700	1
6701	0
6702	2
6703	0
6704	0
6705	0
6706	0
6707	0
6708	1
6709	0
6710	1
6711	0
6712	2
6713	1
6714	1
6715	0
6716	1
6717	1
6718	3
6719	0
6720	1
6721	2
6722	0
6723	1
6724	1
6725	0
6726	1
6727	1
6728	1
6729	1
6730	0
6731	2
6732	1
6733	1
6734	0
6735	4
6736	0
6737	0
6738	1
6739	1
6740	1
6741	0
6742	0
6743	0
6744	0
6745	0
6746	1
6747	3
6748	0
6749	0
6750	2
6751	0
6752	1
6753	1
6754	0
6755	0
6756	3
6757	1
6758	0
6759	2
6760	2
6761	1
6762	2
6763	0
6764	1
6765	1
6766	1
6767	1
6768	1
6769	1
6770	0
6771	1
6772	1
6773	3
6774	0
6775	1
6776	1
6777	0
6778	1
6779	1
6780	2
6781	0
6782	0
6783	0
6784	0
6785	2
6786	2
6787	2
6788	0
6789	0
6790	2
6791	0
6792	0
6793	0
6794	3
6795	1
6796	1
6797	1
6798	1
6799	1
6800	1
6801	1
6802	2
6803	0
6804	1
6805	0
6806	1
6807	1
6808	0
6809	1
6810	0
6811	1
6812	0
6813	0
6814	0
6815	0
6816	3
6817	0
6818	2
6819	0
6820	1
6821	4
6822	0
6823	1
6824	0
6825	2
6826	1
6827	2
6828	2
6829	0
6830	0
6831	3
6832	2
6833	0
6834	4
6835	1
6836	0
6837	0
6838	1
6839	4
6840	1
6841	1
6842	1
6843	2
6844	1
6845	2
6846	0
6847	0
6848	2
6849	2
6850	3
6851	0
6852	4
6853	2
6854	3
6855	0
6856	0
6857	0
6858	1
6859	0
6860	0
6861	0
6862	1
6863	1
6864	3
6865	1
6866	1
6867	1
6868	0
6869	0
6870	0
6871	1
6872	1
6873	1
6874	1
6875	1
6876	2
6877	1
6878	0
6879	3
6880	1
6881	0
6882	1
6883	2
6884	0
6885	1
6886	0
6887	0
6888	0
6889	0
6890	0
6891	1
6892	1
6893	0
6894	1
6895	2
6896	3
6897	2
6898	3
6899	1
6900	3
6901	0
6902	1
6903	1
6904	1
6905	0
6906	0
6907	0
6908	1
6909	1
6910	1
6911	0
6912	1
6913	1
6914	2
6915	1
6916	3
6917	0
6918	1
6919	3
6920	0
6921	1
6922	0
6923	0
6924	4
6925	1
6926	0
6927	2
6928	4
6929	0
6930	1
6931	0
6932	2
6933	4
6934	0
6935	1
6936	1
6937	0
6938	1
6939	2
6940	1
6941	2
6942	2
6943	1
6944	0
6945	1
6946	1
6947	0
6948	1
6949	1
6950	1
6951	3
6952	2
6953	0
6954	1
6955	2
6956	0
6957	0
6958	1
6959	0
6960	0
6961	0
6962	3
6963	2
6964	1
6965	1
6966	2
6967	1
6968	1
6969	1
6970	1
6971	1
6972	0
6973	2
6974	0
6975	1
6976	1
6977	0
6978	1
6979	2
6980	1
6981	2
6982	0
6983	1
6984	2
6985	1
6986	1
6987	0
6988	0
6989	0
6990	0
6991	0
6992	1
6993	2
6994	0
6995	1
6996	0
6997	0
6998	1
6999	0
7000	1
7001	1
7002	0
7003	1
7004	1
7005	0
7006	1
7007	0
7008	1
7009	2
7010	3
7011	1
7012	0
7013	0
7014	0
7015	0
7016	0
7017	2
7018	0
7019	0
7020	1
7021	1
7022	0
7023	0
7024	0
7025	0
7026	1
7027	0
7028	0
7029	0
7030	0
7031	0
7032	5
7033	2
7034	0
7035	1
7036	0
7037	2
7038	3
7039	1
7040	1
7041	4
7042	0
7043	3
7044	2
7045	0
7046	2
7047	0
7048	1
7049	1
7050	0
7051	0
7052	1
7053	1
7054	3
7055	1
7056	0
7057	0
7058	0
7059	0
7060	2
7061	0
7062	0
7063	1
7064	1
7065	0
7066	2
7067	0
7068	0
7069	1
7070	0
7071	0
7072	1
7073	0
7074	1
7075	1
7076	0
7077	0
7078	1
7079	1
7080	0
7081	0
7082	0
7083	1
7084	1
7085	2
7086	2
7087	2
7088	0
7089	2
7090	1
7091	0
7092	1
7093	0
7094	0
7095	2
7096	1
7097	2
7098	0
7099	2
7100	0
7101	1
7102	2
7103	1
7104	1
7105	1
7106	0
7107	3
7108	1
7109	1
7110	0
7111	0
7112	1
7113	0
7114	1
7115	2
7116	0
7117	1
7118	1
7119	2
7120	0
7121	0
7122	1
7123	0
7124	0
7125	0
7126	1
7127	1
7128	1
7129	0
7130	0
7131	0
7132	0
7133	1
7134	1
7135	1
7136	1
7137	2
7138	0
7139	1
7140	0
7141	0
7142	1
7143	2
7144	1
7145	1
7146	2
7147	1
7148	0
7149	1
7150	1
7151	0
7152	0
7153	0
7154	2
7155	0
7156	4
7157	0
7158	1
7159	2
7160	1
7161	1
7162	2
7163	0
7164	2
7165	0
7166	0
7167	0
7168	0
7169	1
7170	1
7171	1
7172	1
7173	1
7174	0
7175	1
7176	0
7177	0
7178	1
7179	1
7180	0
7181	0
7182	0
7183	0
7184	2
7185	1
7186	3
7187	0
7188	0
7189	1
7190	1
7191	0
7192	0
7193	0
7194	0
7195	0
7196	0
7197	2
7198	0
7199	2
7200	0
7201	0
7202	1
7203	0
7204	1
7205	1
7206	1
7207	0
7208	0
7209	1
7210	1
7211	1
7212	0
7213	1
7214	0
7215	2
7216	2
7217	0
7218	1
7219	2
7220	0
7221	0
7222	1
7223	0
7224	0
7225	0
7226	1
7227	0
7228	0
7229	0
7230	1
7231	1
7232	0
7233	1
7234	1
7235	2
7236	0
7237	0
7238	2
7239	0
7240	0
7241	0
7242	0
7243	2
7244	2
7245	1
7246	1
7247	1
7248	0
7249	2
7250	1
7251	0
7252	0
7253	0
7254	1
7255	0
7256	0
7257	0
7258	2
7259	3
7260	1
7261	1
7262	1
7263	3
7264	1
7265	0
7266	0
7267	2
7268	0
7269	0
7270	0
7271	1
7272	1
7273	0
7274	0
7275	1
7276	2
7277	2
7278	3
7279	1
7280	0
7281	1
7282	0
7283	0
7284	0
7285	1
7286	0
7287	2
7288	1
7289	1
7290	1
7291	2
7292	1
7293	0
7294	1
7295	0
7296	2
7297	0
7298	2
7299	0
7300	0
7301	0
7302	1
7303	0
7304	0
7305	0
7306	0
7307	1
7308	0
7309	1
7310	1
7311	1
7312	2
7313	0
7314	1
7315	1
7316	0
7317	1
7318	1
7319	0
7320	0
7321	2
7322	1
7323	1
7324	2
7325	0
7326	3
7327	0
7328	1
7329	1
7330	0
7331	0
7332	0
7333	3
7334	0
7335	1
7336	0
7337	1
7338	0
7339	0
7340	0
7341	0
7342	2
7343	2
7344	0
7345	0
7346	0
7347	0
7348	0
7349	0
7350	0
7351	2
7352	0
7353	1
7354	0
7355	0
7356	0
7357	0
7358	2
7359	0
7360	0
7361	1
7362	0
7363	0
7364	1
7365	2
7366	0
7367	1
7368	1
7369	2
7370	1
7371	1
7372	0
7373	1
7374	2
7375	1
7376	0
7377	0
7378	0
7379	3
7380	1
7381	1
7382	0
7383	0
7384	3
7385	0
7386	0
7387	4
7388	2
7389	2
7390	1
7391	1
7392	3
7393	1
7394	0
7395	0
7396	1
7397	1
7398	1
7399	0
7400	1
7401	0
7402	0
7403	0
7404	0
7405	1
7406	2
7407	0
7408	0
7409	0
7410	3
7411	0
7412	1
7413	0
7414	1
7415	4
7416	0
7417	1
7418	0
7419	2
7420	1
7421	1
7422	0
7423	0
7424	1
7425	2
7426	0
7427	2
7428	1
7429	1
7430	0
7431	1
7432	2
7433	1
7434	0
7435	0
7436	0
7437	3
7438	2
7439	1
7440	0
7441	0
7442	2
7443	0
7444	0
7445	0
7446	0
7447	1
7448	0
7449	0
7450	0
7451	2
7452	0
7453	0
7454	2
7455	1
7456	0
7457	0
7458	1
7459	2
7460	0
7461	0
7462	0
7463	0
7464	1
7465	3
7466	1
7467	0
7468	1
7469	0
7470	0
7471	0
7472	2
7473	2
7474	2
7475	2
7476	0
7477	0
7478	0
7479	1
7480	0
7481	0
7482	1
7483	1
7484	0
7485	0
7486	1
7487	0
7488	1
7489	1
7490	0
7491	1
7492	0
7493	0
7494	1
7495	1
7496	0
7497	0
7498	0
7499	1
7500	1
7501	1
7502	0
7503	0
7504	1
7505	0
7506	0
7507	1
7508	1
7509	1
7510	0
7511	0
7512	0
7513	2
7514	1
7515	0
7516	0
7517	2
7518	0
7519	0
7520	2
7521	0
7522	0
7523	1
7524	0
7525	0
7526	0
7527	0
7528	1
7529	1
7530	1
7531	0
7532	1
7533	1
7534	0
7535	3
7536	0
7537	0
7538	0
7539	0
7540	0
7541	0
7542	1
7543	1
7544	1
7545	0
7546	1
7547	0
7548	2
7549	1
7550	0
7551	1
7552	1
7553	0
7554	0
7555	1
7556	1
7557	0
7558	1
7559	1
7560	0
7561	0
7562	0
7563	1
7564	0
7565	1
7566	2
7567	0
7568	1
7569	0
7570	0
7571	0
7572	0
7573	1
7574	1
7575	2
7576	2
7577	0
7578	1
7579	1
7580	1
7581	0
7582	1
7583	0
7584	2
7585	1
7586	0
7587	0
7588	0
7589	1
7590	0
7591	0
7592	0
7593	0
7594	0
7595	1
7596	0
7597	1
7598	2
7599	0
7600	1
7601	0
7602	1
7603	1
7604	2
7605	0
7606	0
7607	2
7608	0
7609	1
7610	1
7611	2
7612	2
7613	0
7614	0
7615	1
7616	0
7617	0
7618	2
7619	0
7620	1
7621	0
7622	1
7623	0
7624	0
7625	0
7626	0
7627	1
7628	0
7629	1
7630	0
7631	0
7632	0
7633	0
7634	1
7635	0
7636	0
7637	0
7638	0
7639	0
7640	3
7641	1
7642	0
7643	2
7644	1
7645	0
7646	1
7647	0
7648	2
7649	0
7650	1
7651	2
7652	1
7653	0
7654	1
7655	0
7656	0
7657	0
7658	0
7659	1
7660	0
7661	0
7662	1
7663	0
7664	0
7665	1
7666	2
7667	1
7668	2
7669	1
7670	2
7671	1
7672	2
7673	0
7674	2
7675	0
7676	0
7677	1
7678	3
7679	0
7680	1
7681	0
7682	0
7683	0
7684	2
7685	0
7686	1
7687	1
7688	0
7689	1
7690	0
7691	2
7692	0
7693	1
7694	2
7695	1
7696	0
7697	2
7698	1
7699	0
7700	1
7701	0
7702	1
7703	0
7704	0
7705	0
7706	2
7707	1
7708	0
7709	0
7710	1
7711	1
7712	0
7713	2
7714	0
7715	1
7716	1
7717	0
7718	1
7719	2
7720	1
7721	0
7722	0
7723	2
7724	2
7725	0
7726	2
7727	0
7728	2
7729	1
7730	0
7731	1
7732	1
7733	0
7734	2
7735	2
7736	0
7737	1
7738	0
7739	3
7740	0
7741	1
7742	0
7743	0
7744	1
7745	2
7746	2
7747	0
7748	0
7749	1
7750	0
7751	0
7752	1
7753	2
7754	0
7755	0
7756	0
7757	0
7758	0
7759	1
7760	0
7761	0
7762	1
7763	0
7764	0
7765	0
7766	0
7767	0
7768	1
7769	0
7770	1
7771	1
7772	2
7773	1
7774	0
7775	2
7776	0
7777	0
7778	1
7779	0
7780	0
7781	1
7782	3
7783	0
7784	0
7785	1
7786	0
7787	1
7788	3
7789	0
7790	1
7791	2
7792	2
7793	1
7794	3
7795	0
7796	0
7797	1
7798	1
7799	0
7800	1
7801	2
7802	1
7803	0
7804	0
7805	1
7806	1
7807	1
7808	1
7809	0
7810	2
7811	0
7812	0
7813	1
7814	2
7815	0
7816	1
7817	0
7818	0
7819	0
7820	1
7821	1
7822	1
7823	0
7824	2
7825	2
7826	1
7827	1
7828	1
7829	0
7830	0
7831	0
7832	1
7833	1
7834	0
7835	0
7836	0
7837	0
7838	0
7839	0
7840	2
7841	0
7842	1
7843	1
7844	2
7845	0
7846	1
7847	3
7848	0
7849	1
7850	1
7851	0
7852	1
7853	0
7854	0
7855	0
7856	0
7857	1
7858	2
7859	1
7860	0
7861	1
7862	0
7863	1
7864	0
7865	0
7866	0
7867	0
7868	1
7869	1
7870	0
7871	1
7872	0
7873	0
7874	0
7875	2
7876	1
7877	2
7878	0
7879	2
7880	3
7881	0
7882	0
7883	0
7884	0
7885	0
7886	0
7887	0
7888	1
7889	1
7890	1
7891	0
7892	0
7893	1
7894	1
7895	1
7896	0
7897	1
7898	1
7899	0
7900	0
7901	0
7902	2
7903	0
7904	0
7905	0
7906	1
7907	1
7908	0
7909	2
7910	0
7911	0
7912	1
7913	1
7914	1
7915	0
7916	0
7917	1
7918	1
7919	0
7920	1
7921	0
7922	1
7923	0
7924	0
7925	0
7926	0
7927	1
7928	0
7929	1
7930	1
7931	0
7932	2
7933	0
7934	0
7935	4
7936	2
7937	0
7938	2
7939	2
7940	0
7941	1
7942	4
7943	1
7944	0
7945	1
7946	0
7947	1
7948	0
7949	0
7950	1
7951	1
7952	0
7953	0
7954	0
7955	0
7956	1
7957	0
7958	1
7959	0
7960	1
7961	1
7962	0
7963	0
7964	2
7965	2
7966	0
7967	1
7968	1
7969	0
7970	0
7971	0
7972	2
7973	0
7974	1
7975	2
7976	1
7977	0
7978	0
7979	0
7980	2
7981	0
7982	2
7983	0
7984	0
7985	1
7986	0
7987	0
7988	1
7989	0
7990	0
7991	1
7992	0
7993	0
7994	0
7995	1
7996	3
7997	0
7998	0
7999	1
8000	0
8001	0
8002	2
8003	0
8004	1
8005	0
8006	2
8007	1
8008	0
8009	0
8010	1
8011	1
8012	3
8013	0
8014	1
8015	2
8016	1
8017	2
8018	1
8019	0
8020	0
8021	0
8022	1
8023	2
8024	0
8025	2
8026	0
8027	1
8028	1
8029	0
8030	0
8031	0
8032	1
8033	0
8034	1
8035	0
8036	1
8037	1
8038	1
8039	1
8040	0
8041	0
8042	1
8043	1
8044	2
8045	0
8046	0
8047	0
8048	1
8049	1
8050	1
8051	1
8052	2
8053	0
8054	1
8055	1
8056	0
8057	0
8058	0
8059	1
8060	2
8061	1
8062	2
8063	0
8064	0
8065	0
8066	1
8067	1
8068	0
8069	0
8070	1
8071	1
8072	0
8073	1
8074	1
8075	2
8076	2
8077	0
8078	0
8079	3
8080	2
8081	0
8082	0
8083	0
8084	0
8085	0
8086	0
8087	0
8088	0
8089	0
8090	0
8091	0
8092	0
8093	0
8094	0
8095	0
8096	0
8097	0
8098	0
8099	0
8100	0
8101	0
8102	0
8103	0
8104	0
8105	0
8106	0
8107	0
8108	0
8109	0
8110	0
8111	0
8112	0
8113	0
8114	0
8115	0
8116	0
8117	0
8118	0
8119	0
8120	0
8121	0
8122	0
8123	0
8124	0
8125	0
8126	0
8127	0
8128	0
8129	0
8130	0
8131	0
8132	0
8133	0
8134	0
8135	0
8136	0
8137	0
8138	0
8139	0
8140	0
8141	0
8142	0
8143	0
8144	0
8145	0
8146	0
8147	0
8148	0
8149	0
8150	0
8151	0
8152	0
8153	0
8154	0
8155	0
8156	0
8157	0
8158	0
8159	0
8160	0
8161	0
8162	0
8163	0
8164	0
8165	0
8166	0
8167	0
8168	0
8169	0
8170	0
8171	0
8172	0
8173	0
8174	0
8175	0
8176	0
8177	0
8178	0
8179	0
8180	0
8181	0
8182	0
8183	0
8184	0
8185	0
8186	0
8187	0
8188	0
8189	0
8190	0
8191	0
