0	0
1	0
2	0
3	0
4	0
5	0
6	0
7	0
8	0
9	0
10	0
11	0
12	0
13	0
14	0
15	0
16	0
17	0
18	0
19	0
20	0
21	0
22	0
23	0
24	0
25	0
26	0
27	0
28	0
29	0
30	0
31	0
32	0
33	0
34	0
35	0
36	0
37	0
38	0
39	0
40	0
41	0
42	0
43	0
44	0
45	0
46	0
47	0
48	0
49	0
50	0
51	0
52	0
53	0
54	0
55	0
56	0
57	0
58	0
59	0
60	0
61	0
62	0
63	0
64	0
65	0
66	0
67	0
68	0
69	0
70	0
71	0
72	0
73	0
74	0
75	0
76	0
77	0
78	0
79	0
80	0
81	0
82	0
83	0
84	0
85	11
86	14
87	30
88	25
89	16
90	25
91	31
92	25
93	30
94	35
95	24
96	34
97	20
98	22
99	31
100	29
101	23
102	23
103	29
104	21
105	33
106	26
107	22
108	24
109	24
110	31
111	24
112	21
113	25
114	22
115	26
116	28
117	33
118	19
119	36
120	24
121	14
122	39
123	32
124	30
125	23
126	25
127	31
128	28
129	22
130	27
131	20
132	28
133	22
134	25
135	26
136	38
137	30
138	23
139	32
140	22
141	27
142	29
143	31
144	36
145	22
146	25
147	21
148	32
149	25
150	27
151	27
152	14
153	24
154	33
155	27
156	30
157	26
158	32
159	21
160	28
161	26
162	22
163	19
164	37
165	26
166	28
167	30
168	26
169	36
170	28
171	25
172	31
173	28
174	33
175	32
176	26
177	30
178	23
179	28
180	30
181	28
182	36
183	24
184	30
185	36
186	32
187	18
188	27
189	29
190	31
191	20
192	28
193	24
194	23
195	35
196	29
197	30
198	30
199	33
200	30
201	28
202	21
203	29
204	22
205	22
206	34
207	23
208	32
209	37
210	23
211	34
212	23
213	31
214	34
215	30
216	29
217	36
218	28
219	30
220	30
221	25
222	27
223	22
224	34
225	25
226	35
227	27
228	25
229	31
230	38
231	37
232	30
233	33
234	36
235	37
236	25
237	31
238	33
239	28
240	30
241	28
242	35
243	32
244	32
245	33
246	31
247	27
248	42
249	28
250	39
251	38
252	28
253	34
254	38
255	27
256	35
257	26
258	29
259	37
260	35
261	39
262	37
263	28
264	33
265	28
266	34
267	38
268	22
269	38
270	33
271	30
272	28
273	28
274	26
275	19
276	30
277	32
278	25
279	33
280	34
281	33
282	33
283	29
284	20
285	27
286	28
287	31
288	29
289	27
290	32
291	29
292	20
293	26
294	31
295	34
296	34
297	30
298	24
299	23
300	38
301	30
302	35
303	23
304	30
305	42
306	32
307	27
308	33
309	35
310	18
311	34
312	34
313	26
314	26
315	26
316	37
317	32
318	40
319	32
320	34
321	35
322	27
323	29
324	31
325	41
326	34
327	26
328	31
329	31
330	42
331	24
332	36
333	28
334	24
335	30
336	32
337	30
338	41
339	24
340	34
341	41
342	41
343	31
344	30
345	26
346	42
347	37
348	32
349	25
350	30
351	35
352	41
353	31
354	34
355	33
356	38
357	35
358	43
359	25
360	26
361	34
362	22
363	31
364	23
365	38
366	36
367	33
368	31
369	43
370	25
371	27
372	32
373	27
374	34
375	32
376	27
377	32
378	26
379	34
380	29
381	36
382	34
383	31
384	38
385	37
386	24
387	27
388	37
389	28
390	25
391	36
392	26
393	23
394	37
395	34
396	28
397	33
398	26
399	34
400	25
401	42
402	34
403	30
404	33
405	35
406	25
407	33
408	24
409	25
410	28
411	33
412	37
413	29
414	32
415	40
416	31
417	29
418	32
419	32
420	31
421	36
422	40
423	37
424	25
425	33
426	41
427	29
428	33
429	46
430	43
431	30
432	41
433	22
434	24
435	30
436	37
437	43
438	29
439	30
440	40
441	42
442	37
443	36
444	25
445	27
446	29
447	42
448	39
449	30
450	31
451	42
452	30
453	40
454	33
455	42
456	27
457	39
458	24
459	30
460	43
461	36
462	36
463	27
464	32
465	28
466	23
467	41
468	39
469	38
470	39
471	27
472	36
473	36
474	33
475	32
476	32
477	33
478	30
479	39
480	30
481	35
482	47
483	40
484	26
485	41
486	33
487	36
488	28
489	46
490	34
491	31
492	35
493	33
494	36
495	30
496	28
497	35
498	44
499	34
500	35
501	45
502	25
503	37
504	33
505	27
506	40
507	36
508	31
509	36
510	29
511	27
512	41
513	36
514	30
515	39
516	38
517	45
518	37
519	42
520	37
521	33
522	27
523	31
524	41
525	33
526	34
527	33
528	32
529	36
530	33
531	44
532	33
533	29
534	25
535	33
536	45
537	40
538	34
539	45
540	36
541	40
542	47
543	37
544	42
545	41
546	41
547	45
548	28
549	43
550	39
551	49
552	41
553	40
554	35
555	42
556	39
557	51
558	36
559	37
560	48
561	40
562	44
563	39
564	43
565	44
566	36
567	44
568	52
569	52
570	60
571	41
572	46
573	45
574	51
575	38
576	42
577	51
578	49
579	51
580	54
581	51
582	38
583	49
584	47
585	41
586	43
587	45
588	56
589	50
590	29
591	49
592	42
593	46
594	35
595	45
596	60
597	50
598	37
599	50
600	44
601	42
602	44
603	48
604	61
605	43
606	59
607	48
608	40
609	50
610	53
611	64
612	58
613	40
614	51
615	58
616	55
617	45
618	55
619	40
620	48
621	49
622	46
623	38
624	44
625	56
626	42
627	45
628	55
629	47
630	44
631	40
632	39
633	48
634	63
635	49
636	48
637	47
638	38
639	45
640	49
641	48
642	47
643	55
644	33
645	37
646	42
647	57
648	51
649	48
650	42
651	52
652	43
653	28
654	45
655	41
656	42
657	48
658	38
659	51
660	51
661	56
662	36
663	43
664	39
665	47
666	55
667	33
668	53
669	56
670	35
671	48
672	43
673	46
674	51
675	37
676	48
677	48
678	36
679	42
680	48
681	40
682	42
683	51
684	43
685	48
686	40
687	49
688	50
689	40
690	40
691	42
692	56
693	49
694	50
695	57
696	40
697	37
698	30
699	34
700	50
701	48
702	45
703	31
704	55
705	47
706	54
707	43
708	42
709	45
710	53
711	42
712	45
713	65
714	41
715	44
716	47
717	44
718	35
719	58
720	49
721	45
722	46
723	48
724	53
725	46
726	42
727	49
728	33
729	47
730	48
731	54
732	40
733	41
734	47
735	46
736	57
737	44
738	34
739	33
740	42
741	53
742	35
743	50
744	56
745	41
746	45
747	40
748	49
749	45
750	34
751	38
752	48
753	30
754	49
755	41
756	41
757	39
758	37
759	38
760	47
761	50
762	36
763	48
764	43
765	38
766	40
767	37
768	33
769	56
770	43
771	34
772	43
773	44
774	46
775	33
776	49
777	49
778	40
779	50
780	41
781	57
782	36
783	37
784	38
785	39
786	26
787	48
788	40
789	51
790	42
791	49
792	55
793	47
794	47
795	42
796	42
797	43
798	54
799	55
800	46
801	58
802	38
803	45
804	43
805	45
806	47
807	56
808	37
809	48
810	39
811	49
812	35
813	38
814	50
815	34
816	44
817	35
818	39
819	36
820	40
821	49
822	50
823	42
824	52
825	45
826	46
827	43
828	38
829	54
830	42
831	44
832	48
833	45
834	46
835	38
836	44
837	36
838	45
839	54
840	47
841	46
842	58
843	43
844	51
845	52
846	50
847	43
848	40
849	47
850	40
851	38
852	45
853	33
854	45
855	50
856	50
857	39
858	47
859	53
860	44
861	62
862	35
863	56
864	42
865	40
866	37
867	50
868	40
869	44
870	62
871	59
872	31
873	39
874	31
875	40
876	54
877	41
878	56
879	45
880	35
881	58
882	50
883	51
884	52
885	60
886	52
887	49
888	51
889	44
890	62
891	45
892	34
893	49
894	42
895	51
896	45
897	47
898	62
899	54
900	49
901	42
902	56
903	47
904	42
905	47
906	44
907	45
908	47
909	49
910	45
911	49
912	46
913	45
914	50
915	45
916	45
917	49
918	45
919	53
920	41
921	46
922	41
923	50
924	46
925	43
926	52
927	48
928	36
929	44
930	49
931	54
932	48
933	49
934	59
935	39
936	44
937	41
938	55
939	46
940	60
941	48
942	38
943	48
944	58
945	39
946	43
947	47
948	53
949	48
950	41
951	52
952	45
953	55
954	40
955	41
956	55
957	64
958	56
959	38
960	55
961	54
962	46
963	56
964	42
965	48
966	46
967	47
968	44
969	54
970	45
971	34
972	45
973	63
974	46
975	46
976	48
977	36
978	62
979	56
980	62
981	50
982	49
983	55
984	49
985	52
986	35
987	63
988	56
989	40
990	58
991	55
992	41
993	51
994	52
995	43
996	54
997	49
998	59
999	63
1000	54
1001	47
1002	49
1003	46
1004	41
1005	54
1006	55
1007	34
1008	57
1009	51
1010	49
1011	54
1012	46
1013	50
1014	42
1015	40
1016	66
1017	56
1018	52
1019	39
1020	67
1021	48
1022	53
1023	52
1024	55
1025	40
1026	48
1027	43
1028	61
1029	47
1030	48
1031	56
1032	54
1033	43
1034	43
1035	53
1036	50
1037	51
1038	53
1039	40
1040	39
1041	43
1042	52
1043	51
1044	41
1045	56
1046	53
1047	50
1048	56
1049	45
1050	51
1051	62
1052	49
1053	45
1054	50
1055	68
1056	51
1057	50
1058	47
1059	60
1060	56
1061	43
1062	52
1063	52
1064	39
1065	51
1066	43
1067	50
1068	45
1069	45
1070	71
1071	57
1072	47
1073	60
1074	45
1075	55
1076	54
1077	50
1078	32
1079	63
1080	49
1081	53
1082	43
1083	55
1084	54
1085	54
1086	53
1087	49
1088	54
1089	54
1090	42
1091	56
1092	51
1093	59
1094	55
1095	55
1096	48
1097	58
1098	46
1099	36
1100	63
1101	41
1102	61
1103	57
1104	52
1105	55
1106	46
1107	52
1108	51
1109	55
1110	63
1111	40
1112	49
1113	45
1114	65
1115	62
1116	46
1117	54
1118	46
1119	62
1120	52
1121	57
1122	52
1123	69
1124	45
1125	56
1126	60
1127	45
1128	50
1129	54
1130	57
1131	62
1132	68
1133	46
1134	60
1135	52
1136	64
1137	59
1138	61
1139	50
1140	63
1141	49
1142	59
1143	55
1144	60
1145	49
1146	64
1147	47
1148	61
1149	34
1150	62
1151	53
1152	50
1153	47
1154	51
1155	55
1156	68
1157	52
1158	60
1159	56
1160	60
1161	52
1162	59
1163	58
1164	61
1165	56
1166	56
1167	60
1168	49
1169	57
1170	57
1171	49
1172	59
1173	60
1174	42
1175	63
1176	62
1177	57
1178	52
1179	45
1180	55
1181	44
1182	57
1183	52
1184	47
1185	51
1186	57
1187	68
1188	53
1189	57
1190	51
1191	49
1192	65
1193	59
1194	63
1195	41
1196	42
1197	61
1198	43
1199	71
1200	54
1201	49
1202	57
1203	44
1204	48
1205	55
1206	44
1207	42
1208	55
1209	55
1210	57
1211	74
1212	60
1213	59
1214	59
1215	69
1216	59
1217	61
1218	69
1219	62
1220	68
1221	63
1222	56
1223	62
1224	59
1225	55
1226	48
1227	75
1228	62
1229	56
1230	52
1231	54
1232	43
1233	72
1234	52
1235	59
1236	49
1237	67
1238	46
1239	65
1240	72
1241	61
1242	61
1243	44
1244	59
1245	64
1246	44
1247	65
1248	54
1249	57
1250	60
1251	63
1252	59
1253	58
1254	54
1255	58
1256	62
1257	56
1258	49
1259	56
1260	55
1261	52
1262	46
1263	65
1264	58
1265	52
1266	66
1267	57
1268	54
1269	65
1270	62
1271	60
1272	43
1273	60
1274	71
1275	49
1276	55
1277	50
1278	51
1279	58
1280	64
1281	43
1282	63
1283	51
1284	53
1285	60
1286	68
1287	49
1288	55
1289	59
1290	50
1291	58
1292	57
1293	64
1294	53
1295	52
1296	70
1297	60
1298	69
1299	56
1300	61
1301	49
1302	74
1303	50
1304	75
1305	50
1306	64
1307	66
1308	71
1309	55
1310	47
1311	63
1312	50
1313	64
1314	56
1315	73
1316	59
1317	65
1318	56
1319	40
1320	67
1321	49
1322	61
1323	66
1324	54
1325	55
1326	52
1327	49
1328	62
1329	48
1330	52
1331	55
1332	57
1333	55
1334	71
1335	63
1336	57
1337	59
1338	63
1339	54
1340	67
1341	66
1342	56
1343	73
1344	63
1345	75
1346	48
1347	68
1348	59
1349	75
1350	51
1351	62
1352	71
1353	58
1354	49
1355	66
1356	61
1357	66
1358	55
1359	58
1360	66
1361	71
1362	54
1363	47
1364	54
1365	54
1366	58
1367	58
1368	65
1369	59
1370	46
1371	64
1372	60
1373	53
1374	66
1375	60
1376	54
1377	48
1378	65
1379	56
1380	75
1381	47
1382	57
1383	55
1384	63
1385	44
1386	61
1387	50
1388	44
1389	44
1390	59
1391	71
1392	48
1393	58
1394	61
1395	59
1396	51
1397	61
1398	54
1399	44
1400	48
1401	66
1402	53
1403	61
1404	60
1405	52
1406	68
1407	34
1408	46
1409	74
1410	52
1411	56
1412	50
1413	58
1414	47
1415	55
1416	50
1417	59
1418	58
1419	62
1420	69
1421	48
1422	58
1423	48
1424	56
1425	50
1426	51
1427	60
1428	64
1429	62
1430	53
1431	60
1432	34
1433	59
1434	50
1435	48
1436	58
1437	59
1438	41
1439	57
1440	45
1441	59
1442	48
1443	63
1444	54
1445	62
1446	48
1447	45
1448	51
1449	52
1450	54
1451	61
1452	51
1453	46
1454	54
1455	55
1456	61
1457	59
1458	63
1459	53
1460	38
1461	48
1462	60
1463	50
1464	58
1465	45
1466	61
1467	39
1468	50
1469	49
1470	43
1471	52
1472	41
1473	55
1474	38
1475	63
1476	37
1477	53
1478	51
1479	42
1480	51
1481	43
1482	45
1483	34
1484	47
1485	40
1486	57
1487	54
1488	44
1489	61
1490	44
1491	42
1492	65
1493	52
1494	47
1495	48
1496	47
1497	55
1498	55
1499	48
1500	62
1501	62
1502	50
1503	41
1504	48
1505	55
1506	46
1507	56
1508	38
1509	52
1510	42
1511	58
1512	55
1513	60
1514	50
1515	40
1516	52
1517	45
1518	47
1519	39
1520	53
1521	58
1522	49
1523	60
1524	68
1525	43
1526	33
1527	41
1528	41
1529	41
1530	47
1531	52
1532	54
1533	60
1534	46
1535	52
1536	43
1537	46
1538	51
1539	53
1540	49
1541	45
1542	43
1543	62
1544	45
1545	46
1546	40
1547	51
1548	50
1549	37
1550	50
1551	60
1552	55
1553	48
1554	45
1555	53
1556	39
1557	52
1558	52
1559	52
1560	48
1561	39
1562	43
1563	50
1564	29
1565	48
1566	52
1567	60
1568	40
1569	44
1570	57
1571	51
1572	38
1573	42
1574	42
1575	36
1576	44
1577	42
1578	51
1579	45
1580	43
1581	39
1582	38
1583	34
1584	56
1585	42
1586	42
1587	29
1588	47
1589	32
1590	58
1591	49
1592	52
1593	51
1594	55
1595	46
1596	44
1597	45
1598	37
1599	45
1600	44
1601	51
1602	39
1603	53
1604	40
1605	47
1606	38
1607	39
1608	57
1609	46
1610	25
1611	54
1612	39
1613	46
1614	45
1615	45
1616	45
1617	59
1618	47
1619	57
1620	53
1621	43
1622	44
1623	42
1624	50
1625	44
1626	46
1627	47
1628	49
1629	48
1630	52
1631	34
1632	41
1633	52
1634	49
1635	53
1636	43
1637	45
1638	48
1639	42
1640	30
1641	53
1642	44
1643	41
1644	38
1645	36
1646	41
1647	54
1648	45
1649	41
1650	54
1651	48
1652	39
1653	51
1654	30
1655	42
1656	43
1657	41
1658	48
1659	37
1660	38
1661	42
1662	50
1663	34
1664	47
1665	48
1666	48
1667	51
1668	40
1669	36
1670	45
1671	47
1672	46
1673	44
1674	49
1675	44
1676	43
1677	34
1678	41
1679	44
1680	47
1681	37
1682	43
1683	40
1684	46
1685	45
1686	49
1687	36
1688	39
1689	42
1690	45
1691	42
1692	41
1693	49
1694	51
1695	38
1696	46
1697	35
1698	44
1699	59
1700	48
1701	36
1702	45
1703	48
1704	57
1705	50
1706	44
1707	31
1708	37
1709	34
1710	51
1711	44
1712	32
1713	44
1714	56
1715	46
1716	52
1717	47
1718	43
1719	53
1720	50
1721	32
1722	69
1723	37
1724	47
1725	42
1726	39
1727	56
1728	36
1729	57
1730	46
1731	45
1732	37
1733	36
1734	47
1735	46
1736	40
1737	43
1738	39
1739	49
1740	43
1741	65
1742	37
1743	39
1744	50
1745	37
1746	42
1747	40
1748	49
1749	47
1750	55
1751	50
1752	43
1753	35
1754	39
1755	39
1756	40
1757	36
1758	39
1759	49
1760	40
1761	46
1762	35
1763	40
1764	33
1765	33
1766	46
1767	32
1768	40
1769	39
1770	52
1771	32
1772	31
1773	58
1774	43
1775	40
1776	39
1777	52
1778	48
1779	40
1780	44
1781	43
1782	38
1783	39
1784	32
1785	47
1786	42
1787	36
1788	39
1789	32
1790	49
1791	35
1792	32
1793	42
1794	36
1795	47
1796	55
1797	49
1798	29
1799	34
1800	40
1801	46
1802	25
1803	49
1804	36
1805	46
1806	44
1807	51
1808	38
1809	42
1810	55
1811	40
1812	41
1813	39
1814	46
1815	46
1816	37
1817	37
1818	49
1819	41
1820	40
1821	43
1822	46
1823	46
1824	41
1825	46
1826	40
1827	34
1828	40
1829	46
1830	39
1831	43
1832	36
1833	34
1834	28
1835	47
1836	38
1837	29
1838	36
1839	38
1840	47
1841	28
1842	40
1843	38
1844	43
1845	29
1846	39
1847	40
1848	40
1849	44
1850	39
1851	38
1852	39
1853	41
1854	34
1855	40
1856	40
1857	47
1858	32
1859	45
1860	50
1861	42
1862	50
1863	45
1864	36
1865	35
1866	39
1867	34
1868	35
1869	27
1870	38
1871	45
1872	49
1873	44
1874	35
1875	32
1876	45
1877	34
1878	35
1879	46
1880	30
1881	33
1882	42
1883	43
1884	40
1885	33
1886	35
1887	51
1888	38
1889	32
1890	34
1891	40
1892	38
1893	41
1894	23
1895	45
1896	35
1897	55
1898	39
1899	38
1900	34
1901	32
1902	32
1903	53
1904	33
1905	29
1906	39
1907	32
1908	42
1909	35
1910	50
1911	33
1912	45
1913	56
1914	48
1915	41
1916	36
1917	31
1918	33
1919	49
1920	29
1921	30
1922	24
1923	39
1924	47
1925	36
1926	40
1927	54
1928	38
1929	33
1930	41
1931	49
1932	32
1933	31
1934	39
1935	36
1936	55
1937	28
1938	27
1939	30
1940	37
1941	42
1942	27
1943	39
1944	42
1945	40
1946	36
1947	31
1948	33
1949	36
1950	39
1951	48
1952	38
1953	38
1954	32
1955	47
1956	26
1957	29
1958	31
1959	41
1960	33
1961	42
1962	41
1963	36
1964	33
1965	35
1966	30
1967	50
1968	40
1969	42
1970	41
1971	38
1972	43
1973	42
1974	39
1975	37
1976	39
1977	39
1978	53
1979	40
1980	32
1981	41
1982	38
1983	32
1984	35
1985	40
1986	23
1987	47
1988	31
1989	31
1990	33
1991	43
1992	37
1993	30
1994	44
1995	41
1996	43
1997	27
1998	34
1999	48
2000	34
2001	47
2002	40
2003	35
2004	41
2005	52
2006	33
2007	38
2008	41
2009	32
2010	41
2011	44
2012	47
2013	52
2014	51
2015	34
2016	44
2017	37
2018	38
2019	45
2020	39
2021	40
2022	40
2023	46
2024	38
2025	42
2026	40
2027	52
2028	39
2029	47
2030	30
2031	27
2032	19
2033	42
2034	44
2035	35
2036	28
2037	22
2038	40
2039	41
2040	41
2041	40
2042	26
2043	32
2044	29
2045	36
2046	35
2047	33
2048	43
2049	32
2050	38
2051	31
2052	24
2053	47
2054	35
2055	35
2056	34
2057	36
2058	38
2059	27
2060	36
2061	48
2062	45
2063	42
2064	39
2065	36
2066	44
2067	30
2068	39
2069	44
2070	32
2071	35
2072	39
2073	33
2074	48
2075	44
2076	46
2077	39
2078	41
2079	30
2080	31
2081	37
2082	27
2083	32
2084	39
2085	35
2086	41
2087	41
2088	50
2089	41
2090	37
2091	45
2092	39
2093	43
2094	35
2095	45
2096	28
2097	39
2098	44
2099	36
2100	40
2101	41
2102	42
2103	39
2104	37
2105	35
2106	40
2107	39
2108	27
2109	34
2110	31
2111	36
2112	37
2113	36
2114	33
2115	28
2116	31
2117	38
2118	37
2119	40
2120	53
2121	27
2122	36
2123	27
2124	31
2125	31
2126	37
2127	33
2128	33
2129	38
2130	37
2131	42
2132	32
2133	47
2134	38
2135	39
2136	42
2137	36
2138	44
2139	27
2140	32
2141	38
2142	41
2143	33
2144	28
2145	39
2146	33
2147	35
2148	34
2149	43
2150	35
2151	33
2152	40
2153	40
2154	31
2155	38
2156	31
2157	38
2158	34
2159	31
2160	36
2161	46
2162	38
2163	35
2164	28
2165	21
2166	34
2167	46
2168	36
2169	35
2170	28
2171	35
2172	29
2173	40
2174	34
2175	29
2176	43
2177	36
2178	26
2179	43
2180	31
2181	29
2182	46
2183	43
2184	39
2185	46
2186	32
2187	31
2188	50
2189	47
2190	29
2191	36
2192	39
2193	36
2194	27
2195	35
2196	36
2197	39
2198	29
2199	35
2200	41
2201	41
2202	33
2203	28
2204	30
2205	36
2206	47
2207	40
2208	36
2209	34
2210	39
2211	47
2212	28
2213	45
2214	40
2215	32
2216	37
2217	26
2218	30
2219	38
2220	34
2221	31
2222	44
2223	26
2224	30
2225	36
2226	44
2227	42
2228	34
2229	30
2230	38
2231	31
2232	38
2233	30
2234	35
2235	32
2236	44
2237	35
2238	35
2239	35
2240	38
2241	39
2242	43
2243	35
2244	33
2245	38
2246	42
2247	28
2248	46
2249	40
2250	33
2251	34
2252	47
2253	27
2254	38
2255	37
2256	37
2257	29
2258	30
2259	41
2260	39
2261	40
2262	41
2263	36
2264	40
2265	41
2266	38
2267	30
2268	40
2269	35
2270	25
2271	29
2272	34
2273	33
2274	45
2275	44
2276	34
2277	46
2278	30
2279	38
2280	26
2281	34
2282	37
2283	30
2284	24
2285	35
2286	41
2287	32
2288	30
2289	34
2290	29
2291	37
2292	46
2293	35
2294	42
2295	36
2296	40
2297	38
2298	38
2299	41
2300	43
2301	32
2302	37
2303	42
2304	22
2305	38
2306	31
2307	40
2308	30
2309	38
2310	29
2311	39
2312	27
2313	40
2314	48
2315	34
2316	36
2317	38
2318	36
2319	33
2320	32
2321	33
2322	31
2323	30
2324	36
2325	43
2326	25
2327	34
2328	44
2329	34
2330	44
2331	37
2332	22
2333	25
2334	30
2335	32
2336	35
2337	33
2338	35
2339	38
2340	30
2341	42
2342	40
2343	55
2344	38
2345	38
2346	43
2347	41
2348	30
2349	29
2350	42
2351	36
2352	37
2353	34
2354	31
2355	39
2356	36
2357	31
2358	45
2359	34
2360	34
2361	43
2362	29
2363	33
2364	27
2365	29
2366	33
2367	29
2368	36
2369	24
2370	34
2371	44
2372	28
2373	38
2374	39
2375	31
2376	44
2377	40
2378	35
2379	25
2380	34
2381	41
2382	37
2383	35
2384	35
2385	36
2386	35
2387	35
2388	30
2389	27
2390	38
2391	38
2392	32
2393	49
2394	34
2395	36
2396	33
2397	34
2398	34
2399	27
2400	38
2401	43
2402	42
2403	28
2404	39
2405	32
2406	38
2407	43
2408	34
2409	31
2410	25
2411	37
2412	42
2413	29
2414	24
2415	37
2416	35
2417	35
2418	41
2419	33
2420	33
2421	29
2422	28
2423	26
2424	36
2425	33
2426	23
2427	47
2428	35
2429	43
2430	42
2431	34
2432	37
2433	35
2434	32
2435	24
2436	33
2437	36
2438	35
2439	43
2440	33
2441	38
2442	32
2443	48
2444	40
2445	46
2446	24
2447	25
2448	36
2449	34
2450	40
2451	29
2452	35
2453	42
2454	27
2455	33
2456	29
2457	41
2458	27
2459	27
2460	36
2461	34
2462	43
2463	30
2464	28
2465	30
2466	42
2467	35
2468	36
2469	34
2470	32
2471	30
2472	30
2473	31
2474	36
2475	40
2476	32
2477	46
2478	36
2479	34
2480	26
2481	37
2482	40
2483	26
2484	32
2485	23
2486	36
2487	39
2488	38
2489	42
2490	37
2491	34
2492	31
2493	29
2494	35
2495	38
2496	33
2497	37
2498	25
2499	35
2500	45
2501	31
2502	27
2503	49
2504	28
2505	25
2506	37
2507	26
2508	34
2509	37
2510	35
2511	35
2512	43
2513	31
2514	30
2515	35
2516	28
2517	35
2518	28
2519	37
2520	36
2521	37
2522	28
2523	34
2524	24
2525	27
2526	38
2527	31
2528	33
2529	37
2530	33
2531	32
2532	28
2533	36
2534	33
2535	34
2536	30
2537	39
2538	37
2539	36
2540	40
2541	34
2542	29
2543	28
2544	39
2545	25
2546	32
2547	35
2548	30
2549	35
2550	35
2551	31
2552	39
2553	47
2554	49
2555	39
2556	42
2557	42
2558	27
2559	42
2560	29
2561	38
2562	33
2563	42
2564	34
2565	27
2566	43
2567	31
2568	29
2569	44
2570	33
2571	26
2572	29
2573	27
2574	39
2575	38
2576	29
2577	38
2578	37
2579	41
2580	25
2581	35
2582	39
2583	42
2584	28
2585	40
2586	37
2587	38
2588	43
2589	32
2590	22
2591	46
2592	31
2593	46
2594	34
2595	33
2596	32
2597	41
2598	37
2599	39
2600	27
2601	36
2602	45
2603	35
2604	26
2605	36
2606	28
2607	28
2608	37
2609	34
2610	34
2611	29
2612	31
2613	34
2614	34
2615	35
2616	32
2617	35
2618	46
2619	31
2620	36
2621	29
2622	30
2623	41
2624	30
2625	26
2626	37
2627	32
2628	38
2629	37
2630	37
2631	31
2632	26
2633	34
2634	35
2635	36
2636	30
2637	27
2638	34
2639	26
2640	34
2641	39
2642	32
2643	36
2644	38
2645	39
2646	40
2647	39
2648	25
2649	31
2650	36
2651	29
2652	40
2653	29
2654	38
2655	38
2656	36
2657	40
2658	33
2659	28
2660	34
2661	31
2662	31
2663	34
2664	32
2665	26
2666	43
2667	27
2668	41
2669	30
2670	34
2671	25
2672	47
2673	24
2674	39
2675	23
2676	24
2677	40
2678	39
2679	31
2680	29
2681	27
2682	41
2683	33
2684	33
2685	33
2686	41
2687	35
2688	29
2689	38
2690	31
2691	26
2692	32
2693	28
2694	32
2695	32
2696	29
2697	26
2698	34
2699	37
2700	31
2701	32
2702	41
2703	31
2704	28
2705	18
2706	40
2707	35
2708	32
2709	40
2710	32
2711	33
2712	28
2713	29
2714	39
2715	28
2716	39
2717	38
2718	34
2719	38
2720	34
2721	37
2722	27
2723	35
2724	31
2725	54
2726	33
2727	39
2728	37
2729	38
2730	50
2731	28
2732	25
2733	37
2734	33
2735	22
2736	42
2737	34
2738	42
2739	30
2740	31
2741	32
2742	35
2743	38
2744	37
2745	39
2746	47
2747	42
2748	37
2749	33
2750	26
2751	24
2752	34
2753	26
2754	32
2755	38
2756	41
2757	37
2758	35
2759	32
2760	24
2761	25
2762	34
2763	31
2764	30
2765	40
2766	35
2767	41
2768	38
2769	41
2770	35
2771	46
2772	43
2773	42
2774	30
2775	28
2776	22
2777	36
2778	37
2779	29
2780	30
2781	36
2782	27
2783	27
2784	35
2785	21
2786	39
2787	35
2788	31
2789	28
2790	38
2791	26
2792	38
2793	34
2794	25
2795	36
2796	39
2797	36
2798	23
2799	28
2800	29
2801	31
2802	39
2803	40
2804	39
2805	32
2806	26
2807	41
2808	31
2809	52
2810	24
2811	41
2812	43
2813	35
2814	26
2815	38
2816	36
2817	35
2818	29
2819	39
2820	32
2821	28
2822	47
2823	38
2824	23
2825	24
2826	19
2827	30
2828	33
2829	33
2830	34
2831	31
2832	32
2833	34
2834	31
2835	29
2836	35
2837	35
2838	28
2839	34
2840	29
2841	29
2842	30
2843	49
2844	36
2845	44
2846	30
2847	29
2848	38
2849	42
2850	32
2851	32
2852	30
2853	39
2854	32
2855	40
2856	26
2857	39
2858	33
2859	27
2860	35
2861	25
2862	32
2863	45
2864	38
2865	34
2866	33
2867	34
2868	30
2869	39
2870	39
2871	40
2872	32
2873	31
2874	30
2875	44
2876	32
2877	31
2878	39
2879	37
2880	37
2881	30
2882	28
2883	31
2884	29
2885	31
2886	40
2887	47
2888	42
2889	35
2890	31
2891	27
2892	25
2893	49
2894	38
2895	34
2896	42
2897	33
2898	18
2899	28
2900	40
2901	37
2902	34
2903	32
2904	40
2905	39
2906	37
2907	27
2908	35
2909	30
2910	34
2911	34
2912	26
2913	27
2914	34
2915	33
2916	30
2917	37
2918	32
2919	32
2920	25
2921	33
2922	36
2923	28
2924	34
2925	33
2926	33
2927	40
2928	41
2929	28
2930	38
2931	33
2932	32
2933	23
2934	31
2935	26
2936	33
2937	37
2938	40
2939	35
2940	26
2941	35
2942	30
2943	32
2944	42
2945	39
2946	53
2947	41
2948	34
2949	38
2950	29
2951	38
2952	37
2953	35
2954	24
2955	31
2956	34
2957	36
2958	22
2959	33
2960	31
2961	35
2962	32
2963	32
2964	36
2965	34
2966	38
2967	50
2968	41
2969	24
2970	34
2971	31
2972	39
2973	41
2974	30
2975	34
2976	38
2977	39
2978	36
2979	40
2980	37
2981	40
2982	30
2983	39
2984	45
2985	29
2986	34
2987	48
2988	22
2989	37
2990	38
2991	33
2992	34
2993	52
2994	42
2995	23
2996	48
2997	39
2998	41
2999	36
3000	29
3001	29
3002	36
3003	37
3004	33
3005	37
3006	24
3007	40
3008	37
3009	32
3010	38
3011	38
3012	38
3013	39
3014	31
3015	30
3016	39
3017	28
3018	36
3019	44
3020	32
3021	41
3022	32
3023	35
3024	46
3025	29
3026	29
3027	44
3028	35
3029	34
3030	42
3031	29
3032	34
3033	35
3034	33
3035	34
3036	24
3037	31
3038	34
3039	42
3040	30
3041	35
3042	47
3043	30
3044	38
3045	33
3046	37
3047	38
3048	49
3049	33
3050	39
3051	44
3052	44
3053	38
3054	33
3055	32
3056	29
3057	39
3058	30
3059	26
3060	32
3061	33
3062	34
3063	29
3064	32
3065	37
3066	34
3067	42
3068	38
3069	34
3070	26
3071	51
3072	37
3073	39
3074	31
3075	32
3076	35
3077	35
3078	33
3079	34
3080	40
3081	39
3082	31
3083	35
3084	42
3085	38
3086	33
3087	30
3088	26
3089	43
3090	43
3091	25
3092	40
3093	34
3094	39
3095	37
3096	36
3097	46
3098	34
3099	39
3100	30
3101	50
3102	46
3103	35
3104	42
3105	32
3106	34
3107	39
3108	30
3109	43
3110	36
3111	36
3112	32
3113	34
3114	36
3115	32
3116	33
3117	26
3118	46
3119	33
3120	35
3121	29
3122	23
3123	31
3124	38
3125	38
3126	31
3127	48
3128	46
3129	40
3130	39
3131	41
3132	45
3133	34
3134	37
3135	27
3136	35
3137	34
3138	29
3139	34
3140	36
3141	48
3142	21
3143	32
3144	27
3145	42
3146	34
3147	34
3148	37
3149	29
3150	47
3151	31
3152	39
3153	38
3154	44
3155	37
3156	40
3157	34
3158	46
3159	31
3160	28
3161	31
3162	48
3163	33
3164	38
3165	40
3166	37
3167	41
3168	29
3169	42
3170	37
3171	33
3172	34
3173	30
3174	33
3175	33
3176	31
3177	27
3178	40
3179	44
3180	34
3181	36
3182	34
3183	32
3184	35
3185	38
3186	32
3187	29
3188	26
3189	41
3190	38
3191	31
3192	33
3193	46
3194	41
3195	37
3196	32
3197	38
3198	39
3199	31
3200	45
3201	33
3202	28
3203	37
3204	42
3205	35
3206	33
3207	45
3208	47
3209	37
3210	27
3211	44
3212	36
3213	26
3214	33
3215	44
3216	31
3217	39
3218	34
3219	37
3220	20
3221	38
3222	42
3223	40
3224	31
3225	38
3226	30
3227	36
3228	34
3229	43
3230	30
3231	45
3232	33
3233	42
3234	31
3235	39
3236	21
3237	37
3238	33
3239	27
3240	53
3241	33
3242	27
3243	26
3244	47
3245	39
3246	46
3247	33
3248	34
3249	35
3250	32
3251	38
3252	32
3253	37
3254	43
3255	45
3256	24
3257	34
3258	27
3259	39
3260	27
3261	34
3262	40
3263	28
3264	38
3265	52
3266	27
3267	34
3268	23
3269	31
3270	35
3271	40
3272	26
3273	27
3274	47
3275	38
3276	24
3277	42
3278	37
3279	29
3280	43
3281	40
3282	48
3283	39
3284	39
3285	25
3286	35
3287	40
3288	27
3289	36
3290	26
3291	39
3292	42
3293	35
3294	29
3295	37
3296	41
3297	31
3298	34
3299	34
3300	31
3301	26
3302	37
3303	35
3304	32
3305	41
3306	39
3307	34
3308	37
3309	36
3310	38
3311	49
3312	34
3313	38
3314	37
3315	34
3316	34
3317	33
3318	39
3319	30
3320	26
3321	40
3322	37
3323	32
3324	24
3325	43
3326	23
3327	28
3328	51
3329	35
3330	26
3331	30
3332	37
3333	27
3334	28
3335	35
3336	31
3337	35
3338	34
3339	38
3340	33
3341	17
3342	29
3343	23
3344	49
3345	27
3346	43
3347	22
3348	24
3349	30
3350	28
3351	36
3352	36
3353	37
3354	24
3355	32
3356	25
3357	26
3358	29
3359	30
3360	34
3361	28
3362	38
3363	45
3364	38
3365	33
3366	28
3367	31
3368	31
3369	32
3370	32
3371	29
3372	30
3373	25
3374	30
3375	30
3376	26
3377	30
3378	32
3379	28
3380	24
3381	24
3382	31
3383	25
3384	39
3385	29
3386	32
3387	29
3388	25
3389	27
3390	27
3391	33
3392	21
3393	27
3394	24
3395	29
3396	24
3397	30
3398	26
3399	25
3400	32
3401	28
3402	26
3403	34
3404	32
3405	28
3406	25
3407	33
3408	31
3409	38
3410	34
3411	26
3412	25
3413	28
3414	27
3415	30
3416	33
3417	23
3418	33
3419	27
3420	31
3421	28
3422	30
3423	22
3424	34
3425	23
3426	31
3427	24
3428	26
3429	28
3430	27
3431	31
3432	22
3433	28
3434	22
3435	31
3436	18
3437	29
3438	27
3439	24
3440	21
3441	22
3442	28
3443	27
3444	33
3445	26
3446	28
3447	25
3448	18
3449	22
3450	26
3451	21
3452	19
3453	21
3454	23
3455	21
3456	21
3457	26
3458	27
3459	22
3460	24
3461	15
3462	23
3463	20
3464	19
3465	26
3466	32
3467	19
3468	21
3469	27
3470	25
3471	20
3472	21
3473	20
3474	21
3475	18
3476	25
3477	26
3478	23
3479	12
3480	22
3481	17
3482	26
3483	29
3484	22
3485	16
3486	23
3487	25
3488	24
3489	19
3490	26
3491	15
3492	20
3493	27
3494	19
3495	16
3496	17
3497	19
3498	14
3499	24
3500	22
3501	29
3502	27
3503	29
3504	23
3505	20
3506	20
3507	23
3508	13
3509	17
3510	31
3511	26
3512	23
3513	13
3514	28
3515	21
3516	20
3517	19
3518	18
3519	27
3520	18
3521	24
3522	17
3523	20
3524	18
3525	16
3526	24
3527	18
3528	21
3529	12
3530	24
3531	20
3532	18
3533	14
3534	19
3535	8
3536	19
3537	27
3538	22
3539	18
3540	15
3541	15
3542	11
3543	19
3544	11
3545	16
3546	19
3547	26
3548	32
3549	16
3550	12
3551	14
3552	17
3553	20
3554	16
3555	21
3556	25
3557	18
3558	20
3559	19
3560	21
3561	20
3562	15
3563	18
3564	14
3565	13
3566	25
3567	22
3568	21
3569	21
3570	13
3571	14
3572	18
3573	22
3574	16
3575	18
3576	22
3577	14
3578	12
3579	10
3580	12
3581	22
3582	11
3583	17
3584	14
3585	16
3586	20
3587	22
3588	14
3589	23
3590	20
3591	22
3592	13
3593	11
3594	27
3595	12
3596	12
3597	19
3598	13
3599	23
3600	17
3601	19
3602	22
3603	19
3604	17
3605	20
3606	15
3607	17
3608	17
3609	22
3610	14
3611	21
3612	15
3613	19
3614	17
3615	12
3616	10
3617	11
3618	15
3619	16
3620	20
3621	21
3622	17
3623	11
3624	9
3625	18
3626	15
3627	9
3628	11
3629	13
3630	16
3631	12
3632	16
3633	8
3634	12
3635	14
3636	9
3637	16
3638	11
3639	18
3640	11
3641	12
3642	10
3643	16
3644	15
3645	15
3646	13
3647	16
3648	12
3649	17
3650	16
3651	20
3652	7
3653	19
3654	19
3655	14
3656	11
3657	18
3658	8
3659	18
3660	12
3661	12
3662	11
3663	10
3664	14
3665	14
3666	15
3667	9
3668	14
3669	16
3670	14
3671	15
3672	13
3673	11
3674	18
3675	13
3676	13
3677	13
3678	7
3679	16
3680	14
3681	12
3682	11
3683	11
3684	14
3685	17
3686	11
3687	12
3688	15
3689	8
3690	11
3691	15
3692	15
3693	15
3694	16
3695	16
3696	15
3697	10
3698	15
3699	24
3700	19
3701	13
3702	15
3703	11
3704	7
3705	9
3706	14
3707	6
3708	14
3709	18
3710	6
3711	6
3712	13
3713	18
3714	7
3715	18
3716	6
3717	15
3718	16
3719	13
3720	13
3721	18
3722	10
3723	12
3724	21
3725	16
3726	10
3727	9
3728	7
3729	6
3730	11
3731	14
3732	13
3733	11
3734	11
3735	9
3736	12
3737	14
3738	11
3739	21
3740	14
3741	9
3742	13
3743	9
3744	13
3745	17
3746	11
3747	9
3748	12
3749	13
3750	17
3751	16
3752	10
3753	13
3754	12
3755	9
3756	12
3757	18
3758	12
3759	9
3760	20
3761	18
3762	17
3763	15
3764	8
3765	12
3766	15
3767	14
3768	8
3769	7
3770	6
3771	16
3772	16
3773	8
3774	9
3775	10
3776	11
3777	10
3778	13
3779	18
3780	15
3781	5
3782	14
3783	13
3784	8
3785	12
3786	16
3787	20
3788	9
3789	11
3790	10
3791	10
3792	10
3793	17
3794	12
3795	10
3796	17
3797	10
3798	7
3799	9
3800	10
3801	11
3802	10
3803	13
3804	8
3805	9
3806	13
3807	14
3808	9
3809	5
3810	12
3811	14
3812	13
3813	9
3814	6
3815	12
3816	7
3817	10
3818	11
3819	7
3820	7
3821	12
3822	8
3823	12
3824	11
3825	9
3826	8
3827	16
3828	15
3829	14
3830	15
3831	11
3832	15
3833	10
3834	12
3835	13
3836	10
3837	8
3838	13
3839	8
3840	11
3841	10
3842	6
3843	13
3844	11
3845	7
3846	5
3847	5
3848	14
3849	10
3850	10
3851	10
3852	5
3853	20
3854	13
3855	19
3856	5
3857	15
3858	10
3859	10
3860	13
3861	16
3862	9
3863	13
3864	14
3865	9
3866	7
3867	5
3868	12
3869	11
3870	6
3871	6
3872	17
3873	12
3874	9
3875	15
3876	9
3877	7
3878	5
3879	10
3880	6
3881	11
3882	9
3883	11
3884	8
3885	6
3886	8
3887	11
3888	9
3889	7
3890	11
3891	10
3892	9
3893	9
3894	7
3895	6
3896	7
3897	8
3898	5
3899	8
3900	10
3901	8
3902	8
3903	2
3904	11
3905	9
3906	13
3907	10
3908	14
3909	14
3910	12
3911	9
3912	9
3913	5
3914	6
3915	9
3916	13
3917	11
3918	8
3919	9
3920	10
3921	8
3922	5
3923	10
3924	9
3925	10
3926	9
3927	9
3928	11
3929	9
3930	8
3931	4
3932	9
3933	10
3934	10
3935	12
3936	6
3937	8
3938	9
3939	12
3940	15
3941	7
3942	9
3943	11
3944	9
3945	12
3946	13
3947	10
3948	8
3949	7
3950	7
3951	9
3952	9
3953	7
3954	4
3955	10
3956	7
3957	7
3958	10
3959	14
3960	7
3961	10
3962	5
3963	9
3964	8
3965	7
3966	5
3967	10
3968	12
3969	9
3970	10
3971	8
3972	6
3973	6
3974	6
3975	10
3976	8
3977	9
3978	9
3979	10
3980	12
3981	12
3982	5
3983	7
3984	11
3985	14
3986	6
3987	10
3988	7
3989	11
3990	11
3991	6
3992	6
3993	5
3994	8
3995	6
3996	7
3997	7
3998	7
3999	8
4000	5
4001	15
4002	10
4003	6
4004	4
4005	5
4006	12
4007	5
4008	9
4009	6
4010	15
4011	9
4012	9
4013	13
4014	12
4015	9
4016	7
4017	6
4018	6
4019	10
4020	8
4021	7
4022	12
4023	11
4024	13
4025	6
4026	13
4027	13
4028	7
4029	8
4030	8
4031	12
4032	8
4033	12
4034	9
4035	9
4036	1
4037	10
4038	7
4039	8
4040	6
4041	10
4042	8
4043	8
4044	9
4045	6
4046	11
4047	13
4048	10
4049	11
4050	8
4051	9
4052	10
4053	9
4054	9
4055	13
4056	5
4057	6
4058	8
4059	8
4060	9
4061	14
4062	3
4063	10
4064	7
4065	4
4066	8
4067	7
4068	10
4069	13
4070	6
4071	14
4072	9
4073	9
4074	10
4075	8
4076	17
4077	4
4078	4
4079	10
4080	5
4081	11
4082	12
4083	5
4084	12
4085	12
4086	11
4087	6
4088	7
4089	10
4090	15
4091	7
4092	8
4093	10
4094	11
4095	13
4096	14
4097	2
4098	12
4099	10
4100	13
4101	7
4102	6
4103	8
4104	9
4105	11
4106	5
4107	14
4108	7
4109	5
4110	7
4111	6
4112	8
4113	15
4114	10
4115	9
4116	12
4117	12
4118	5
4119	6
4120	5
4121	11
4122	7
4123	11
4124	10
4125	7
4126	8
4127	4
4128	11
4129	4
4130	4
4131	9
4132	11
4133	7
4134	7
4135	12
4136	6
4137	8
4138	10
4139	5
4140	8
4141	11
4142	11
4143	7
4144	10
4145	11
4146	12
4147	4
4148	9
4149	6
4150	10
4151	14
4152	10
4153	6
4154	8
4155	8
4156	8
4157	11
4158	7
4159	9
4160	11
4161	16
4162	10
4163	6
4164	7
4165	8
4166	8
4167	9
4168	7
4169	7
4170	5
4171	7
4172	11
4173	7
4174	5
4175	8
4176	3
4177	9
4178	4
4179	9
4180	9
4181	10
4182	9
4183	8
4184	9
4185	6
4186	9
4187	9
4188	5
4189	8
4190	11
4191	6
4192	5
4193	7
4194	7
4195	10
4196	15
4197	12
4198	12
4199	8
4200	14
4201	8
4202	8
4203	6
4204	6
4205	11
4206	13
4207	8
4208	8
4209	9
4210	10
4211	5
4212	9
4213	4
4214	8
4215	6
4216	10
4217	15
4218	4
4219	7
4220	9
4221	12
4222	10
4223	14
4224	6
4225	10
4226	14
4227	6
4228	11
4229	8
4230	9
4231	8
4232	5
4233	12
4234	4
4235	12
4236	10
4237	11
4238	12
4239	8
4240	9
4241	7
4242	7
4243	8
4244	9
4245	11
4246	4
4247	12
4248	13
4249	7
4250	8
4251	17
4252	7
4253	9
4254	9
4255	7
4256	7
4257	4
4258	12
4259	10
4260	14
4261	6
4262	9
4263	12
4264	9
4265	10
4266	6
4267	8
4268	9
4269	12
4270	7
4271	16
4272	16
4273	7
4274	7
4275	8
4276	7
4277	12
4278	10
4279	8
4280	10
4281	14
4282	7
4283	13
4284	10
4285	6
4286	9
4287	11
4288	7
4289	8
4290	7
4291	17
4292	8
4293	5
4294	13
4295	5
4296	7
4297	8
4298	11
4299	10
4300	10
4301	7
4302	16
4303	9
4304	14
4305	8
4306	9
4307	7
4308	10
4309	11
4310	12
4311	12
4312	13
4313	10
4314	6
4315	11
4316	13
4317	7
4318	9
4319	10
4320	16
4321	10
4322	12
4323	7
4324	7
4325	9
4326	10
4327	9
4328	5
4329	8
4330	3
4331	9
4332	9
4333	9
4334	10
4335	6
4336	9
4337	12
4338	12
4339	11
4340	10
4341	9
4342	10
4343	8
4344	11
4345	8
4346	8
4347	9
4348	7
4349	12
4350	8
4351	17
4352	13
4353	10
4354	14
4355	16
4356	23
4357	10
4358	6
4359	9
4360	10
4361	10
4362	6
4363	10
4364	12
4365	7
4366	11
4367	13
4368	9
4369	9
4370	4
4371	17
4372	6
4373	10
4374	5
4375	10
4376	8
4377	13
4378	11
4379	18
4380	12
4381	13
4382	13
4383	14
4384	11
4385	13
4386	10
4387	3
4388	13
4389	10
4390	16
4391	9
4392	18
4393	8
4394	7
4395	10
4396	10
4397	7
4398	15
4399	13
4400	14
4401	7
4402	8
4403	21
4404	12
4405	12
4406	13
4407	17
4408	8
4409	9
4410	13
4411	17
4412	15
4413	13
4414	6
4415	7
4416	16
4417	8
4418	10
4419	14
4420	14
4421	17
4422	11
4423	18
4424	15
4425	14
4426	7
4427	11
4428	17
4429	12
4430	11
4431	15
4432	17
4433	12
4434	16
4435	13
4436	19
4437	12
4438	13
4439	16
4440	23
4441	12
4442	12
4443	14
4444	13
4445	23
4446	15
4447	19
4448	19
4449	11
4450	20
4451	17
4452	33
4453	22
4454	16
4455	18
4456	15
4457	15
4458	24
4459	23
4460	20
4461	13
4462	15
4463	16
4464	24
4465	20
4466	15
4467	22
4468	17
4469	18
4470	20
4471	18
4472	26
4473	19
4474	22
4475	21
4476	23
4477	23
4478	30
4479	31
4480	22
4481	29
4482	24
4483	19
4484	25
4485	33
4486	24
4487	29
4488	24
4489	24
4490	17
4491	21
4492	20
4493	21
4494	24
4495	29
4496	28
4497	33
4498	30
4499	34
4500	27
4501	22
4502	33
4503	39
4504	24
4505	30
4506	30
4507	36
4508	28
4509	40
4510	22
4511	33
4512	30
4513	36
4514	38
4515	31
4516	35
4517	37
4518	29
4519	45
4520	43
4521	39
4522	22
4523	46
4524	40
4525	33
4526	41
4527	36
4528	34
4529	45
4530	50
4531	40
4532	37
4533	39
4534	40
4535	33
4536	45
4537	50
4538	56
4539	48
4540	32
4541	45
4542	52
4543	45
4544	51
4545	47
4546	40
4547	45
4548	54
4549	61
4550	47
4551	49
4552	53
4553	49
4554	56
4555	45
4556	53
4557	76
4558	54
4559	60
4560	67
4561	62
4562	57
4563	70
4564	51
4565	55
4566	65
4567	63
4568	54
4569	61
4570	68
4571	67
4572	52
4573	59
4574	60
4575	66
4576	77
4577	65
4578	66
4579	62
4580	58
4581	65
4582	61
4583	57
4584	70
4585	85
4586	55
4587	82
4588	90
4589	81
4590	72
4591	95
4592	76
4593	74
4594	69
4595	92
4596	65
4597	82
4598	71
4599	94
4600	76
4601	72
4602	73
4603	88
4604	106
4605	81
4606	104
4607	95
4608	103
4609	110
4610	95
4611	103
4612	95
4613	89
4614	82
4615	88
4616	100
4617	109
4618	103
4619	97
4620	114
4621	113
4622	119
4623	96
4624	102
4625	115
4626	107
4627	105
4628	104
4629	120
4630	101
4631	118
4632	128
4633	117
4634	113
4635	112
4636	112
4637	110
4638	117
4639	132
4640	122
4641	122
4642	107
4643	138
4644	142
4645	120
4646	152
4647	142
4648	144
4649	152
4650	132
4651	141
4652	139
4653	150
4654	126
4655	129
4656	126
4657	141
4658	143
4659	148
4660	133
4661	137
4662	170
4663	156
4664	141
4665	145
4666	145
4667	146
4668	146
4669	160
4670	169
4671	145
4672	177
4673	146
4674	154
4675	171
4676	167
4677	138
4678	166
4679	155
4680	159
4681	181
4682	176
4683	186
4684	171
4685	174
4686	162
4687	183
4688	182
4689	169
4690	176
4691	181
4692	168
4693	193
4694	179
4695	184
4696	197
4697	181
4698	184
4699	202
4700	195
4701	171
4702	207
4703	215
4704	192
4705	193
4706	196
4707	208
4708	198
4709	179
4710	200
4711	206
4712	226
4713	225
4714	220
4715	187
4716	214
4717	204
4718	248
4719	238
4720	242
4721	208
4722	226
4723	227
4724	218
4725	241
4726	200
4727	222
4728	219
4729	222
4730	249
4731	239
4732	247
4733	212
4734	225
4735	209
4736	261
4737	251
4738	260
4739	261
4740	244
4741	243
4742	249
4743	250
4744	277
4745	234
4746	219
4747	249
4748	253
4749	246
4750	254
4751	277
4752	268
4753	262
4754	270
4755	248
4756	310
4757	273
4758	272
4759	252
4760	274
4761	269
4762	270
4763	272
4764	238
4765	280
4766	253
4767	296
4768	243
4769	274
4770	293
4771	278
4772	298
4773	257
4774	293
4775	267
4776	271
4777	288
4778	294
4779	268
4780	279
4781	321
4782	298
4783	294
4784	270
4785	309
4786	281
4787	300
4788	304
4789	299
4790	311
4791	305
4792	292
4793	312
4794	331
4795	312
4796	275
4797	313
4798	309
4799	291
4800	283
4801	275
4802	324
4803	296
4804	320
4805	275
4806	274
4807	288
4808	287
4809	310
4810	301
4811	289
4812	282
4813	278
4814	302
4815	318
4816	314
4817	288
4818	323
4819	326
4820	313
4821	296
4822	325
4823	302
4824	298
4825	276
4826	292
4827	314
4828	321
4829	313
4830	300
4831	327
4832	313
4833	306
4834	284
4835	320
4836	332
4837	300
4838	314
4839	322
4840	319
4841	287
4842	291
4843	318
4844	315
4845	298
4846	301
4847	302
4848	273
4849	306
4850	287
4851	307
4852	318
4853	303
4854	322
4855	303
4856	314
4857	304
4858	305
4859	283
4860	303
4861	295
4862	295
4863	289
4864	318
4865	294
4866	319
4867	315
4868	277
4869	301
4870	306
4871	277
4872	304
4873	293
4874	313
4875	302
4876	320
4877	279
4878	285
4879	275
4880	280
4881	305
4882	277
4883	312
4884	292
4885	261
4886	274
4887	261
4888	288
4889	273
4890	264
4891	309
4892	314
4893	295
4894	296
4895	274
4896	290
4897	266
4898	306
4899	282
4900	296
4901	275
4902	248
4903	269
4904	269
4905	268
4906	270
4907	288
4908	255
4909	248
4910	264
4911	253
4912	255
4913	255
4914	267
4915	242
4916	277
4917	269
4918	280
4919	258
4920	224
4921	223
4922	285
4923	235
4924	256
4925	244
4926	248
4927	254
4928	246
4929	219
4930	252
4931	241
4932	261
4933	240
4934	250
4935	211
4936	201
4937	266
4938	236
4939	234
4940	259
4941	238
4942	210
4943	248
4944	223
4945	214
4946	222
4947	183
4948	217
4949	239
4950	227
4951	221
4952	225
4953	207
4954	224
4955	210
4956	216
4957	167
4958	190
4959	226
4960	208
4961	195
4962	222
4963	232
4964	205
4965	176
4966	173
4967	222
4968	190
4969	184
4970	180
4971	191
4972	183
4973	155
4974	181
4975	190
4976	198
4977	199
4978	165
4979	179
4980	185
4981	189
4982	190
4983	180
4984	169
4985	171
4986	173
4987	186
4988	151
4989	160
4990	164
4991	159
4992	167
4993	144
4994	136
4995	157
4996	155
4997	138
4998	153
4999	178
5000	148
5001	158
5002	134
5003	156
5004	155
5005	149
5006	171
5007	151
5008	130
5009	149
5010	137
5011	132
5012	131
5013	136
5014	130
5015	126
5016	113
5017	129
5018	147
5019	109
5020	123
5021	114
5022	114
5023	120
5024	127
5025	122
5026	123
5027	111
5028	123
5029	115
5030	105
5031	115
5032	122
5033	123
5034	105
5035	85
5036	118
5037	96
5038	106
5039	98
5040	82
5041	102
5042	105
5043	103
5044	102
5045	111
5046	108
5047	96
5048	91
5049	91
5050	98
5051	83
5052	87
5053	77
5054	91
5055	80
5056	85
5057	67
5058	88
5059	90
5060	89
5061	84
5062	77
5063	87
5064	91
5065	81
5066	74
5067	70
5068	67
5069	75
5070	66
5071	53
5072	74
5073	80
5074	73
5075	63
5076	57
5077	63
5078	72
5079	77
5080	63
5081	51
5082	68
5083	61
5084	54
5085	61
5086	50
5087	50
5088	44
5089	59
5090	52
5091	67
5092	62
5093	53
5094	60
5095	50
5096	42
5097	54
5098	51
5099	53
5100	66
5101	53
5102	47
5103	49
5104	39
5105	47
5106	54
5107	40
5108	44
5109	40
5110	41
5111	30
5112	32
5113	47
5114	48
5115	36
5116	36
5117	34
5118	39
5119	31
5120	43
5121	43
5122	36
5123	27
5124	37
5125	23
5126	44
5127	26
5128	35
5129	32
5130	27
5131	21
5132	24
5133	19
5134	35
5135	27
5136	33
5137	37
5138	20
5139	26
5140	25
5141	23
5142	27
5143	31
5144	30
5145	21
5146	28
5147	24
5148	19
5149	27
5150	13
5151	19
5152	33
5153	21
5154	13
5155	18
5156	25
5157	21
5158	22
5159	26
5160	19
5161	19
5162	19
5163	21
5164	31
5165	11
5166	16
5167	12
5168	18
5169	26
5170	16
5171	8
5172	17
5173	17
5174	19
5175	10
5176	18
5177	18
5178	17
5179	20
5180	16
5181	10
5182	12
5183	18
5184	13
5185	15
5186	9
5187	14
5188	13
5189	15
5190	12
5191	9
5192	15
5193	11
5194	14
5195	11
5196	16
5197	11
5198	9
5199	7
5200	11
5201	7
5202	6
5203	9
5204	10
5205	10
5206	11
5207	11
5208	11
5209	8
5210	9
5211	10
5212	5
5213	10
5214	14
5215	6
5216	7
5217	4
5218	7
5219	5
5220	7
5221	7
5222	8
5223	3
5224	11
5225	15
5226	12
5227	10
5228	7
5229	7
5230	2
5231	12
5232	0
5233	5
5234	6
5235	3
5236	6
5237	7
5238	4
5239	4
5240	4
5241	5
5242	2
5243	7
5244	5
5245	2
5246	3
5247	10
5248	3
5249	6
5250	2
5251	5
5252	3
5253	0
5254	1
5255	8
5256	3
5257	4
5258	4
5259	8
5260	6
5261	4
5262	1
5263	2
5264	3
5265	2
5266	4
5267	3
5268	1
5269	2
5270	3
5271	3
5272	0
5273	4
5274	2
5275	3
5276	1
5277	4
5278	3
5279	3
5280	4
5281	0
5282	2
5283	4
5284	3
5285	4
5286	1
5287	3
5288	2
5289	2
5290	2
5291	4
5292	1
5293	3
5294	2
5295	2
5296	1
5297	2
5298	3
5299	2
5300	3
5301	4
5302	2
5303	0
5304	3
5305	3
5306	2
5307	2
5308	2
5309	2
5310	2
5311	1
5312	1
5313	0
5314	3
5315	2
5316	1
5317	2
5318	1
5319	4
5320	3
5321	1
5322	1
5323	1
5324	2
5325	1
5326	4
5327	2
5328	1
5329	1
5330	2
5331	1
5332	2
5333	1
5334	0
5335	3
5336	0
5337	0
5338	0
5339	2
5340	2
5341	1
5342	1
5343	1
5344	1
5345	2
5346	0
5347	2
5348	0
5349	1
5350	1
5351	2
5352	1
5353	1
5354	2
5355	2
5356	1
5357	3
5358	1
5359	4
5360	0
5361	3
5362	2
5363	0
5364	0
5365	0
5366	0
5367	1
5368	2
5369	0
5370	1
5371	1
5372	1
5373	1
5374	1
5375	3
5376	0
5377	1
5378	1
5379	4
5380	2
5381	0
5382	1
5383	1
5384	1
5385	0
5386	2
5387	0
5388	1
5389	2
5390	2
5391	0
5392	1
5393	1
5394	0
5395	2
5396	0
5397	3
5398	3
5399	2
5400	2
5401	3
5402	1
5403	3
5404	3
5405	2
5406	0
5407	3
5408	1
5409	0
5410	0
5411	2
5412	0
5413	0
5414	1
5415	1
5416	2
5417	0
5418	1
5419	2
5420	3
5421	0
5422	1
5423	2
5424	0
5425	1
5426	1
5427	0
5428	2
5429	1
5430	1
5431	1
5432	0
5433	1
5434	0
5435	0
5436	1
5437	1
5438	0
5439	0
5440	4
5441	0
5442	0
5443	1
5444	3
5445	0
5446	1
5447	2
5448	1
5449	1
5450	0
5451	1
5452	1
5453	1
5454	2
5455	1
5456	0
5457	0
5458	0
5459	2
5460	0
5461	1
5462	0
5463	1
5464	1
5465	1
5466	0
5467	1
5468	0
5469	1
5470	0
5471	1
5472	1
5473	1
5474	2
5475	2
5476	2
5477	1
5478	2
5479	2
5480	2
5481	1
5482	1
5483	1
5484	0
5485	0
5486	1
5487	0
5488	2
5489	1
5490	2
5491	1
5492	1
5493	1
5494	2
5495	1
5496	0
5497	1
5498	0
5499	0
5500	1
5501	0
5502	0
5503	2
5504	1
5505	0
5506	0
5507	1
5508	0
5509	1
5510	1
5511	0
5512	2
5513	1
5514	0
5515	0
5516	1
5517	2
5518	2
5519	1
5520	2
5521	2
5522	0
5523	1
5524	1
5525	2
5526	2
5527	1
5528	0
5529	1
5530	2
5531	3
5532	2
5533	3
5534	1
5535	0
5536	0
5537	0
5538	1
5539	1
5540	0
5541	1
5542	0
5543	0
5544	2
5545	0
5546	2
5547	0
5548	2
5549	0
5550	1
5551	0
5552	0
5553	0
5554	1
5555	2
5556	0
5557	0
5558	1
5559	1
5560	1
5561	1
5562	0
5563	1
5564	0
5565	0
5566	0
5567	3
5568	1
5569	2
5570	1
5571	1
5572	1
5573	2
5574	1
5575	2
5576	2
5577	0
5578	2
5579	1
5580	2
5581	4
5582	5
5583	0
5584	4
5585	0
5586	0
5587	1
5588	0
5589	2
5590	2
5591	1
5592	0
5593	0
5594	2
5595	1
5596	2
5597	0
5598	2
5599	2
5600	4
5601	2
5602	2
5603	1
5604	0
5605	0
5606	3
5607	2
5608	2
5609	1
5610	0
5611	1
5612	1
5613	1
5614	1
5615	2
5616	1
5617	1
5618	1
5619	2
5620	0
5621	1
5622	2
5623	2
5624	0
5625	0
5626	1
5627	1
5628	0
5629	1
5630	1
5631	2
5632	1
5633	1
5634	0
5635	2
5636	0
5637	2
5638	1
5639	1
5640	3
5641	2
5642	2
5643	0
5644	2
5645	3
5646	1
5647	1
5648	2
5649	1
5650	2
5651	2
5652	1
5653	0
5654	0
5655	3
5656	1
5657	2
5658	1
5659	1
5660	2
5661	0
5662	0
5663	1
5664	2
5665	1
5666	2
5667	2
5668	2
5669	1
5670	2
5671	1
5672	0
5673	1
5674	1
5675	1
5676	0
5677	3
5678	3
5679	2
5680	0
5681	0
5682	1
5683	5
5684	1
5685	1
5686	1
5687	0
5688	3
5689	2
5690	1
5691	0
5692	3
5693	2
5694	0
5695	0
5696	1
5697	1
5698	0
5699	3
5700	1
5701	0
5702	1
5703	0
5704	0
5705	2
5706	1
5707	1
5708	0
5709	2
5710	1
5711	1
5712	5
5713	2
5714	1
5715	3
5716	1
5717	2
5718	1
5719	3
5720	2
5721	3
5722	1
5723	4
5724	0
5725	0
5726	1
5727	2
5728	0
5729	1
5730	1
5731	1
5732	1
5733	3
5734	0
5735	2
5736	0
5737	2
5738	2
5739	1
5740	1
5741	0
5742	3
5743	0
5744	1
5745	0
5746	2
5747	0
5748	0
5749	1
5750	6
5751	0
5752	0
5753	1
5754	1
5755	1
5756	0
5757	0
5758	1
5759	2
5760	1
5761	1
5762	1
5763	1
5764	2
5765	0
5766	1
5767	0
5768	2
5769	2
5770	0
5771	0
5772	1
5773	1
5774	0
5775	1
5776	0
5777	1
5778	1
5779	0
5780	0
5781	0
5782	1
5783	0
5784	1
5785	2
5786	1
5787	1
5788	1
5789	1
5790	0
5791	1
5792	0
5793	1
5794	3
5795	1
5796	0
5797	1
5798	1
5799	1
5800	2
5801	1
5802	1
5803	2
5804	0
5805	0
5806	1
5807	0
5808	1
5809	0
5810	2
5811	0
5812	2
5813	0
5814	0
5815	1
5816	1
5817	1
5818	0
5819	4
5820	3
5821	0
5822	1
5823	0
5824	0
5825	1
5826	0
5827	1
5828	3
5829	0
5830	0
5831	1
5832	2
5833	2
5834	2
5835	0
5836	0
5837	0
5838	2
5839	0
5840	0
5841	2
5842	0
5843	2
5844	1
5845	0
5846	2
5847	0
5848	0
5849	4
5850	2
5851	3
5852	0
5853	4
5854	1
5855	2
5856	0
5857	0
5858	1
5859	0
5860	2
5861	1
5862	2
5863	3
5864	3
5865	1
5866	2
5867	1
5868	0
5869	2
5870	1
5871	1
5872	1
5873	0
5874	2
5875	2
5876	1
5877	1
5878	2
5879	0
5880	1
5881	2
5882	0
5883	1
5884	1
5885	0
5886	0
5887	1
5888	2
5889	1
5890	0
5891	1
5892	2
5893	2
5894	2
5895	0
5896	1
5897	0
5898	1
5899	1
5900	3
5901	0
5902	1
5903	2
5904	2
5905	1
5906	2
5907	0
5908	0
5909	1
5910	2
5911	1
5912	3
5913	1
5914	0
5915	1
5916	1
5917	1
5918	1
5919	1
5920	1
5921	0
5922	0
5923	1
5924	0
5925	3
5926	1
5927	1
5928	1
5929	0
5930	2
5931	1
5932	1
5933	1
5934	0
5935	0
5936	3
5937	0
5938	0
5939	0
5940	0
5941	1
5942	1
5943	1
5944	1
5945	1
5946	3
5947	0
5948	2
5949	4
5950	2
5951	2
5952	1
5953	2
5954	0
5955	1
5956	0
5957	0
5958	1
5959	3
5960	1
5961	0
5962	1
5963	2
5964	0
5965	1
5966	2
5967	2
5968	1
5969	0
5970	1
5971	1
5972	0
5973	0
5974	4
5975	1
5976	2
5977	0
5978	0
5979	1
5980	1
5981	2
5982	3
5983	1
5984	1
5985	2
5986	0
5987	1
5988	1
5989	3
5990	2
5991	1
5992	1
5993	1
5994	2
5995	3
5996	1
5997	2
5998	3
5999	1
6000	1
6001	2
6002	0
6003	1
6004	1
6005	0
6006	0
6007	1
6008	1
6009	3
6010	2
6011	2
6012	0
6013	0
6014	1
6015	2
6016	2
6017	1
6018	2
6019	1
6020	2
6021	1
6022	2
6023	1
6024	0
6025	1
6026	0
6027	0
6028	2
6029	2
6030	2
6031	4
6032	3
6033	1
6034	2
6035	0
6036	0
6037	0
6038	3
6039	0
6040	3
6041	2
6042	3
6043	0
6044	1
6045	0
6046	0
6047	1
6048	0
6049	1
6050	1
6051	0
6052	0
6053	2
6054	0
6055	2
6056	0
6057	3
6058	2
6059	0
6060	1
6061	3
6062	2
6063	1
6064	2
6065	1
6066	0
6067	1
6068	0
6069	1
6070	1
6071	0
6072	0
6073	0
6074	2
6075	0
6076	2
6077	1
6078	1
6079	0
6080	0
6081	1
6082	0
6083	0
6084	0
6085	1
6086	0
6087	2
6088	0
6089	0
6090	1
6091	0
6092	1
6093	0
6094	0
6095	2
6096	0
6097	1
6098	0
6099	1
6100	0
6101	2
6102	0
6103	0
6104	1
6105	1
6106	2
6107	0
6108	0
6109	0
6110	1
6111	1
6112	2
6113	0
6114	3
6115	2
6116	0
6117	1
6118	0
6119	0
6120	2
6121	0
6122	1
6123	0
6124	2
6125	3
6126	1
6127	1
6128	0
6129	0
6130	3
6131	1
6132	3
6133	1
6134	2
6135	0
6136	0
6137	0
6138	0
6139	0
6140	0
6141	2
6142	2
6143	0
6144	0
6145	0
6146	1
6147	3
6148	0
6149	0
6150	2
6151	1
6152	0
6153	2
6154	5
6155	1
6156	2
6157	0
6158	3
6159	2
6160	2
6161	2
6162	1
6163	3
6164	0
6165	3
6166	1
6167	1
6168	1
6169	0
6170	0
6171	2
6172	0
6173	2
6174	1
6175	0
6176	3
6177	2
6178	0
6179	0
6180	1
6181	2
6182	1
6183	1
6184	1
6185	2
6186	1
6187	1
6188	1
6189	2
6190	0
6191	0
6192	1
6193	2
6194	1
6195	0
6196	1
6197	1
6198	2
6199	1
6200	1
6201	0
6202	1
6203	2
6204	1
6205	1
6206	2
6207	0
6208	1
6209	0
6210	1
6211	0
6212	2
6213	2
6214	2
6215	0
6216	0
6217	1
6218	0
6219	0
6220	2
6221	2
6222	2
6223	1
6224	2
6225	2
6226	1
6227	0
6228	2
6229	0
6230	0
6231	0
6232	1
6233	1
6234	1
6235	0
6236	0
6237	2
6238	0
6239	1
6240	1
6241	2
6242	0
6243	0
6244	1
6245	1
6246	1
6247	0
6248	2
6249	0
6250	0
6251	3
6252	0
6253	0
6254	1
6255	1
6256	1
6257	1
6258	3
6259	2
6260	2
6261	2
6262	0
6263	0
6264	1
6265	1
6266	1
6267	0
6268	1
6269	5
6270	0
6271	0
6272	3
6273	0
6274	0
6275	1
6276	1
6277	0
6278	1
6279	0
6280	0
6281	1
6282	2
6283	1
6284	0
6285	1
6286	0
6287	1
6288	2
6289	0
6290	0
6291	3
6292	2
6293	1
6294	2
6295	1
6296	0
6297	1
6298	1
6299	2
6300	2
6301	3
6302	1
6303	0
6304	1
6305	2
6306	1
6307	1
6308	1
6309	0
6310	1
6311	1
6312	2
6313	1
6314	0
6315	2
6316	1
6317	2
6318	1
6319	1
6320	2
6321	1
6322	1
6323	1
6324	0
6325	1
6326	2
6327	0
6328	1
6329	3
6330	1
6331	0
6332	1
6333	0
6334	1
6335	0
6336	1
6337	0
6338	1
6339	1
6340	3
6341	0
6342	1
6343	2
6344	1
6345	2
6346	1
6347	2
6348	0
6349	0
6350	1
6351	0
6352	0
6353	0
6354	0
6355	0
6356	0
6357	1
6358	1
6359	2
6360	2
6361	4
6362	0
6363	2
6364	2
6365	3
6366	1
6367	1
6368	0
6369	0
6370	3
6371	0
6372	0
6373	0
6374	0
6375	2
6376	0
6377	1
6378	0
6379	3
6380	2
6381	0
6382	3
6383	0
6384	1
6385	0
6386	0
6387	3
6388	2
6389	2
6390	1
6391	2
6392	3
6393	1
6394	0
6395	4
6396	4
6397	1
6398	0
6399	2
6400	0
6401	2
6402	0
6403	2
6404	1
6405	1
6406	1
6407	1
6408	0
6409	0
6410	0
6411	0
6412	1
6413	1
6414	0
6415	0
6416	1
6417	1
6418	2
6419	1
6420	1
6421	3
6422	0
6423	1
6424	1
6425	0
6426	0
6427	0
6428	4
6429	0
6430	1
6431	1
6432	2
6433	0
6434	1
6435	1
6436	1
6437	1
6438	3
6439	1
6440	1
6441	2
6442	0
6443	1
6444	1
6445	1
6446	1
6447	0
6448	3
6449	0
6450	3
6451	0
6452	1
6453	0
6454	3
6455	3
6456	2
6457	1
6458	0
6459	0
6460	3
6461	0
6462	3
6463	4
6464	0
6465	2
6466	0
6467	0
6468	1
6469	3
6470	3
6471	1
6472	1
6473	2
6474	3
6475	1
6476	1
6477	0
6478	0
6479	2
6480	1
6481	2
6482	0
6483	0
6484	1
6485	0
6486	0
6487	1
6488	2
6489	0
6490	2
6491	0
6492	1
6493	2
6494	1
6495	0
6496	3
6497	1
6498	0
6499	0
6500	0
6501	0
6502	1
6503	0
6504	1
6505	0
6506	1
6507	2
6508	1
6509	1
6510	0
6511	2
6512	0
6513	2
6514	1
6515	2
6516	3
6517	2
6518	3
6519	0
6520	1
6521	1
6522	4
6523	0
6524	2
6525	0
6526	0
6527	0
6528	3
6529	2
6530	1
6531	1
6532	3
6533	0
6534	1
6535	0
6536	0
6537	0
6538	1
6539	1
6540	0
6541	2
6542	1
6543	0
6544	0
6545	4
6546	0
6547	1
6548	1
6549	0
6550	1
6551	2
6552	1
6553	4
6554	0
6555	0
6556	1
6557	3
6558	1
6559	0
6560	0
6561	1
6562	1
6563	0
6564	2
6565	1
6566	1
6567	0
6568	1
6569	1
6570	0
6571	1
6572	2
6573	1
6574	1
6575	1
6576	2
6577	1
6578	0
6579	1
6580	2
6581	1
6582	2
6583	1
6584	1
6585	2
6586	1
6587	1
6588	1
6589	1
6590	2
6591	1
6592	0
6593	0
6594	1
6595	2
6596	2
6597	0
6598	1
6599	1
6600	1
6601	1
6602	0
6603	0
6604	1
6605	0
6606	0
6607	0
6608	3
6609	0
6610	1
6611	1
6612	1
6613	2
6614	1
6615	2
6616	0
6617	3
6618	1
6619	1
6620	0
6621	0
6622	0
6623	3
6624	3
6625	0
6626	3
6627	0
6628	0
6629	0
6630	0
6631	2
6632	2
6633	0
6634	1
6635	0
6636	0
6637	1
6638	0
6639	1
6640	0
6641	0
6642	1
6643	1
6644	1
6645	2
6646	3
6647	1
6648	0
6649	1
6650	2
6651	1
6652	1
6653	1
6654	1
6655	2
6656	2
6657	1
6658	1
6659	3
6660	0
6661	2
6662	4
6663	2
6664	0
6665	0
6666	3
6667	0
6668	0
6669	0
6670	0
6671	0
6672	1
6673	1
6674	1
6675	1
6676	1
6677	0
6678	1
6679	0
6680	0
6681	2
6682	2
6683	0
6684	3
6685	1
6686	3
6687	1
6688	1
6689	0
6690	1
6691	0
6692	2
6693	1
6694	1
6695	2
6696	2
6697	0
6698	1
6699	1
6700	1
6701	1
6702	0
6703	1
6704	1
6705	0
6706	1
6707	2
6708	1
6709	1
6710	0
6711	1
6712	0
6713	5
6714	2
6715	2
6716	1
6717	1
6718	2
6719	1
6720	1
6721	0
6722	0
6723	0
6724	0
6725	1
6726	1
6727	2
6728	0
6729	1
6730	1
6731	1
6732	0
6733	2
6734	0
6735	0
6736	1
6737	0
6738	0
6739	0
6740	0
6741	0
6742	1
6743	2
6744	0
6745	0
6746	0
6747	1
6748	1
6749	1
6750	3
6751	0
6752	0
6753	2
6754	2
6755	1
6756	2
6757	0
6758	2
6759	2
6760	1
6761	1
6762	0
6763	1
6764	1
6765	1
6766	0
6767	1
6768	0
6769	3
6770	0
6771	1
6772	0
6773	0
6774	0
6775	0
6776	2
6777	2
6778	1
6779	5
6780	1
6781	1
6782	0
6783	0
6784	1
6785	2
6786	0
6787	0
6788	1
6789	0
6790	1
6791	2
6792	0
6793	2
6794	0
6795	0
6796	2
6797	0
6798	0
6799	2
6800	0
6801	3
6802	1
6803	0
6804	1
6805	0
6806	0
6807	3
6808	0
6809	3
6810	1
6811	1
6812	0
6813	1
6814	0
6815	0
6816	0
6817	2
6818	3
6819	1
6820	1
6821	1
6822	0
6823	0
6824	0
6825	1
6826	2
6827	2
6828	1
6829	0
6830	1
6831	1
6832	1
6833	1
6834	2
6835	0
6836	1
6837	1
6838	1
6839	2
6840	2
6841	3
6842	0
6843	1
6844	2
6845	1
6846	1
6847	0
6848	1
6849	1
6850	0
6851	2
6852	1
6853	1
6854	2
6855	0
6856	0
6857	2
6858	0
6859	0
6860	0
6861	3
6862	3
6863	2
6864	0
6865	4
6866	0
6867	0
6868	0
6869	1
6870	1
6871	1
6872	0
6873	2
6874	2
6875	1
6876	2
6877	0
6878	1
6879	0
6880	1
6881	1
6882	4
6883	1
6884	3
6885	1
6886	1
6887	0
6888	3
6889	1
6890	0
6891	0
6892	1
6893	0
6894	0
6895	1
6896	0
6897	1
6898	1
6899	1
6900	2
6901	2
6902	1
6903	0
6904	3
6905	0
6906	3
6907	1
6908	0
6909	3
6910	1
6911	2
6912	3
6913	0
6914	1
6915	0
6916	0
6917	1
6918	1
6919	1
6920	3
6921	0
6922	1
6923	2
6924	2
6925	0
6926	2
6927	0
6928	0
6929	0
6930	1
6931	0
6932	0
6933	0
6934	0
6935	1
6936	1
6937	1
6938	1
6939	0
6940	1
6941	0
6942	0
6943	2
6944	0
6945	1
6946	1
6947	0
6948	1
6949	0
6950	2
6951	1
6952	1
6953	2
6954	3
6955	2
6956	1
6957	2
6958	1
6959	1
6960	1
6961	0
6962	1
6963	0
6964	2
6965	1
6966	1
6967	1
6968	0
6969	1
6970	1
6971	2
6972	2
6973	0
6974	1
6975	0
6976	1
6977	0
6978	1
6979	2
6980	2
6981	1
6982	2
6983	0
6984	1
6985	0
6986	0
6987	2
6988	0
6989	1
6990	0
6991	0
6992	3
6993	2
6994	2
6995	0
6996	0
6997	1
6998	1
6999	0
7000	1
7001	3
7002	0
7003	3
7004	0
7005	0
7006	0
7007	0
7008	2
7009	2
7010	2
7011	2
7012	0
7013	1
7014	0
7015	0
7016	1
7017	3
7018	2
7019	0
7020	1
7021	1
7022	2
7023	1
7024	1
7025	2
7026	0
7027	1
7028	0
7029	0
7030	1
7031	1
7032	1
7033	1
7034	0
7035	0
7036	0
7037	0
7038	2
7039	1
7040	2
7041	2
7042	1
7043	3
7044	1
7045	0
7046	0
7047	0
7048	0
7049	2
7050	2
7051	1
7052	0
7053	1
7054	0
7055	0
7056	2
7057	2
7058	1
7059	0
7060	0
7061	1
7062	1
7063	0
7064	0
7065	0
7066	1
7067	0
7068	0
7069	2
7070	1
7071	0
7072	1
7073	1
7074	1
7075	0
7076	0
7077	0
7078	2
7079	3
7080	0
7081	2
7082	5
7083	0
7084	1
7085	1
7086	2
7087	2
7088	0
7089	0
7090	0
7091	0
7092	1
7093	1
7094	2
7095	0
7096	2
7097	0
7098	2
7099	0
7100	3
7101	0
7102	0
7103	0
7104	2
7105	2
7106	0
7107	0
7108	0
7109	0
7110	1
7111	2
7112	1
7113	1
7114	0
7115	0
7116	0
7117	2
7118	0
7119	1
7120	0
7121	1
7122	1
7123	0
7124	1
7125	0
7126	1
7127	0
7128	0
7129	1
7130	2
7131	0
7132	1
7133	1
7134	1
7135	0
7136	1
7137	1
7138	0
7139	1
7140	3
7141	0
7142	0
7143	1
7144	1
7145	1
7146	2
7147	2
7148	3
7149	1
7150	1
7151	0
7152	1
7153	2
7154	0
7155	0
7156	1
7157	1
7158	2
7159	0
7160	0
7161	0
7162	0
7163	0
7164	1
7165	1
7166	1
7167	3
7168	2
7169	1
7170	1
7171	2
7172	1
7173	0
7174	1
7175	2
7176	0
7177	3
7178	3
7179	1
7180	1
7181	3
7182	1
7183	0
7184	0
7185	0
7186	1
7187	2
7188	0
7189	0
7190	0
7191	0
7192	1
7193	0
7194	0
7195	1
7196	0
7197	1
7198	1
7199	0
7200	0
7201	2
7202	0
7203	0
7204	3
7205	2
7206	0
7207	1
7208	0
7209	1
7210	2
7211	1
7212	3
7213	1
7214	0
7215	1
7216	1
7217	1
7218	1
7219	1
7220	1
7221	2
7222	0
7223	0
7224	1
7225	3
7226	0
7227	1
7228	1
7229	0
7230	0
7231	1
7232	0
7233	0
7234	1
7235	0
7236	1
7237	1
7238	2
7239	3
7240	0
7241	1
7242	1
7243	0
7244	0
7245	1
7246	0
7247	0
7248	0
7249	2
7250	1
7251	1
7252	1
7253	0
7254	1
7255	2
7256	0
7257	0
7258	0
7259	0
7260	1
7261	2
7262	1
7263	0
7264	2
7265	0
7266	5
7267	1
7268	1
7269	0
7270	4
7271	1
7272	0
7273	0
7274	1
7275	0
7276	1
7277	1
7278	0
7279	1
7280	3
7281	0
7282	3
7283	0
7284	0
7285	0
7286	1
7287	0
7288	0
7289	0
7290	1
7291	2
7292	0
7293	2
7294	1
7295	1
7296	1
7297	0
7298	1
7299	0
7300	3
7301	0
7302	2
7303	1
7304	1
7305	1
7306	1
7307	1
7308	3
7309	0
7310	0
7311	2
7312	1
7313	0
7314	0
7315	0
7316	0
7317	0
7318	0
7319	1
7320	0
7321	3
7322	0
7323	0
7324	0
7325	1
7326	0
7327	1
7328	1
7329	0
7330	0
7331	0
7332	0
7333	0
7334	0
7335	1
7336	0
7337	1
7338	0
7339	0
7340	3
7341	2
7342	2
7343	0
7344	1
7345	0
7346	3
7347	1
7348	1
7349	1
7350	2
7351	0
7352	1
7353	3
7354	0
7355	0
7356	0
7357	1
7358	1
7359	0
7360	0
7361	0
7362	0
7363	1
7364	0
7365	1
7366	1
7367	0
7368	0
7369	0
7370	1
7371	0
7372	0
7373	1
7374	2
7375	2
7376	1
7377	0
7378	1
7379	0
7380	0
7381	0
7382	2
7383	0
7384	0
7385	0
7386	0
7387	2
7388	1
7389	1
7390	1
7391	0
7392	3
7393	2
7394	2
7395	2
7396	0
7397	0
7398	0
7399	1
7400	0
7401	1
7402	0
7403	0
7404	2
7405	1
7406	1
7407	1
7408	2
7409	1
7410	1
7411	1
7412	1
7413	0
7414	0
7415	0
7416	0
7417	0
7418	0
7419	1
7420	2
7421	0
7422	1
7423	0
7424	1
7425	0
7426	1
7427	0
7428	0
7429	1
7430	0
7431	1
7432	1
7433	1
7434	0
7435	0
7436	1
7437	1
7438	0
7439	1
7440	1
7441	2
7442	0
7443	0
7444	0
7445	1
7446	0
7447	0
7448	0
7449	0
7450	1
7451	1
7452	0
7453	0
7454	0
7455	1
7456	0
7457	1
7458	0
7459	0
7460	1
7461	0
7462	1
7463	1
7464	0
7465	0
7466	1
7467	1
7468	0
7469	1
7470	1
7471	0
7472	1
7473	0
7474	0
7475	0
7476	0
7477	1
7478	1
7479	1
7480	1
7481	0
7482	0
7483	1
7484	4
7485	1
7486	2
7487	0
7488	0
7489	0
7490	1
7491	1
7492	0
7493	0
7494	0
7495	2
7496	1
7497	1
7498	0
7499	1
7500	0
7501	2
7502	2
7503	0
7504	4
7505	2
7506	0
7507	1
7508	0
7509	0
7510	1
7511	0
7512	1
7513	0
7514	2
7515	0
7516	0
7517	0
7518	1
7519	0
7520	0
7521	2
7522	0
7523	1
7524	1
7525	1
7526	0
7527	1
7528	2
7529	2
7530	0
7531	0
7532	0
7533	1
7534	0
7535	2
7536	1
7537	2
7538	1
7539	1
7540	1
7541	0
7542	0
7543	0
7544	1
7545	0
7546	1
7547	0
7548	0
7549	0
7550	0
7551	0
7552	2
7553	2
7554	1
7555	1
7556	0
7557	0
7558	0
7559	1
7560	1
7561	0
7562	0
7563	0
7564	2
7565	0
7566	0
7567	0
7568	1
7569	1
7570	1
7571	0
7572	1
7573	0
7574	2
7575	0
7576	1
7577	0
7578	0
7579	2
7580	0
7581	0
7582	0
7583	2
7584	1
7585	0
7586	0
7587	1
7588	1
7589	0
7590	1
7591	0
7592	2
7593	0
7594	0
7595	0
7596	0
7597	0
7598	1
7599	2
7600	2
7601	1
7602	1
7603	0
7604	2
7605	2
7606	1
7607	1
7608	0
7609	0
7610	1
7611	0
7612	0
7613	0
7614	1
7615	1
7616	1
7617	2
7618	0
7619	0
7620	2
7621	1
7622	1
7623	1
7624	1
7625	0
7626	0
7627	0
7628	1
7629	2
7630	1
7631	0
7632	2
7633	1
7634	0
7635	0
7636	0
7637	0
7638	1
7639	2
7640	1
7641	0
7642	1
7643	0
7644	1
7645	0
7646	0
7647	0
7648	0
7649	0
7650	0
7651	2
7652	0
7653	0
7654	1
7655	1
7656	0
7657	1
7658	1
7659	1
7660	0
7661	1
7662	0
7663	1
7664	0
7665	2
7666	1
7667	0
7668	2
7669	0
7670	0
7671	0
7672	0
7673	0
7674	1
7675	1
7676	1
7677	0
7678	2
7679	1
7680	0
7681	0
7682	3
7683	1
7684	0
7685	0
7686	1
7687	0
7688	2
7689	1
7690	0
7691	0
7692	1
7693	2
7694	1
7695	1
7696	1
7697	2
7698	0
7699	0
7700	1
7701	1
7702	0
7703	1
7704	0
7705	0
7706	1
7707	0
7708	0
7709	4
7710	1
7711	1
7712	0
7713	0
7714	0
7715	0
7716	1
7717	1
7718	0
7719	2
7720	1
7721	0
7722	0
7723	0
7724	2
7725	1
7726	0
7727	2
7728	0
7729	1
7730	1
7731	2
7732	1
7733	1
7734	1
7735	0
7736	2
7737	0
7738	0
7739	1
7740	0
7741	0
7742	1
7743	0
7744	0
7745	2
7746	0
7747	0
7748	0
7749	1
7750	0
7751	1
7752	0
7753	1
7754	0
7755	1
7756	2
7757	2
7758	2
7759	1
7760	2
7761	1
7762	1
7763	0
7764	0
7765	0
7766	2
7767	1
7768	1
7769	0
7770	0
7771	2
7772	0
7773	0
7774	2
7775	1
7776	0
7777	0
7778	1
7779	1
7780	0
7781	1
7782	1
7783	0
7784	0
7785	0
7786	1
7787	4
7788	1
7789	0
7790	0
7791	0
7792	1
7793	0
7794	2
7795	0
7796	2
7797	1
7798	1
7799	1
7800	2
7801	3
7802	0
7803	1
7804	1
7805	0
7806	1
7807	0
7808	3
7809	2
7810	0
7811	0
7812	1
7813	1
7814	1
7815	0
7816	1
7817	1
7818	0
7819	1
7820	0
7821	1
7822	1
7823	2
7824	2
7825	0
7826	0
7827	2
7828	0
7829	0
7830	2
7831	0
7832	0
7833	2
7834	2
7835	0
7836	0
7837	1
7838	0
7839	1
7840	1
7841	2
7842	1
7843	0
7844	0
7845	2
7846	1
7847	1
7848	0
7849	0
7850	1
7851	1
7852	0
7853	0
7854	0
7855	1
7856	1
7857	3
7858	0
7859	0
7860	0
7861	0
7862	0
7863	0
7864	0
7865	0
7866	1
7867	1
7868	0
7869	1
7870	0
7871	0
7872	0
7873	1
7874	1
7875	1
7876	0
7877	2
7878	1
7879	2
7880	0
7881	2
7882	0
7883	0
7884	0
7885	1
7886	1
7887	2
7888	2
7889	0
7890	1
7891	0
7892	2
7893	2
7894	1
7895	0
7896	0
7897	0
7898	1
7899	1
7900	0
7901	0
7902	0
7903	1
7904	0
7905	0
7906	0
7907	0
7908	2
7909	3
7910	0
7911	2
7912	1
7913	1
7914	1
7915	2
7916	1
7917	1
7918	3
7919	0
7920	0
7921	0
7922	3
7923	0
7924	0
7925	0
7926	1
7927	1
7928	3
7929	0
7930	0
7931	1
7932	0
7933	0
7934	2
7935	0
7936	0
7937	0
7938	0
7939	2
7940	1
7941	1
7942	2
7943	1
7944	1
7945	1
7946	0
7947	1
7948	1
7949	2
7950	0
7951	0
7952	1
7953	0
7954	0
7955	0
7956	0
7957	1
7958	1
7959	1
7960	0
7961	0
7962	0
7963	0
7964	1
7965	1
7966	0
7967	0
7968	1
7969	3
7970	2
7971	1
7972	1
7973	0
7974	1
7975	0
7976	0
7977	1
7978	2
7979	0
7980	1
7981	0
7982	1
7983	1
7984	0
7985	3
7986	0
7987	1
7988	0
7989	1
7990	0
7991	4
7992	2
7993	1
7994	1
7995	0
7996	0
7997	0
7998	0
7999	1
8000	1
8001	2
8002	0
8003	1
8004	0
8005	0
8006	0
8007	0
8008	3
8009	0
8010	1
8011	0
8012	1
8013	0
8014	0
8015	0
8016	0
8017	0
8018	2
8019	1
8020	1
8021	0
8022	1
8023	0
8024	0
8025	1
8026	0
8027	1
8028	1
8029	0
8030	1
8031	0
8032	1
8033	1
8034	2
8035	1
8036	1
8037	3
8038	1
8039	0
8040	2
8041	1
8042	0
8043	0
8044	1
8045	1
8046	0
8047	1
8048	1
8049	0
8050	0
8051	2
8052	1
8053	1
8054	2
8055	0
8056	0
8057	0
8058	0
8059	0
8060	1
8061	1
8062	0
8063	1
8064	0
8065	3
8066	1
8067	0
8068	4
8069	1
8070	1
8071	0
8072	0
8073	0
8074	0
8075	1
8076	1
8077	0
8078	1
8079	1
8080	0
8081	0
8082	0
8083	0
8084	0
8085	0
8086	0
8087	0
8088	0
8089	0
8090	0
8091	0
8092	0
8093	0
8094	0
8095	0
8096	0
8097	0
8098	0
8099	0
8100	0
8101	0
8102	0
8103	0
8104	0
8105	0
8106	0
8107	0
8108	0
8109	0
8110	0
8111	0
8112	0
8113	0
8114	0
8115	0
8116	0
8117	0
8118	0
8119	0
8120	0
8121	0
8122	0
8123	0
8124	0
8125	0
8126	0
8127	0
8128	0
8129	0
8130	0
8131	0
8132	0
8133	0
8134	0
8135	0
8136	0
8137	0
8138	0
8139	0
8140	0
8141	0
8142	0
8143	0
8144	0
8145	0
8146	0
8147	0
8148	0
8149	0
8150	0
8151	0
8152	0
8153	0
8154	0
8155	0
8156	0
8157	0
8158	0
8159	0
8160	0
8161	0
8162	0
8163	0
8164	0
8165	0
8166	0
8167	0
8168	0
8169	0
8170	0
8171	0
8172	0
8173	0
8174	0
8175	0
8176	0
8177	0
8178	0
8179	0
8180	0
8181	0
8182	0
8183	0
8184	0
8185	0
8186	0
8187	0
8188	0
8189	0
8190	0
8191	0
