0	0
1	0
2	0
3	0
4	0
5	0
6	0
7	0
8	0
9	0
10	0
11	0
12	0
13	0
14	0
15	0
16	0
17	0
18	0
19	0
20	0
21	0
22	0
23	0
24	0
25	0
26	0
27	0
28	0
29	0
30	0
31	0
32	0
33	0
34	0
35	0
36	0
37	0
38	0
39	0
40	0
41	0
42	0
43	0
44	0
45	0
46	0
47	0
48	0
49	0
50	0
51	0
52	0
53	0
54	0
55	0
56	0
57	0
58	0
59	0
60	0
61	0
62	0
63	0
64	0
65	0
66	0
67	0
68	0
69	0
70	0
71	0
72	0
73	0
74	0
75	0
76	0
77	0
78	0
79	0
80	0
81	0
82	0
83	0
84	1
85	6
86	33
87	33
88	31
89	33
90	28
91	30
92	33
93	33
94	28
95	26
96	19
97	33
98	30
99	27
100	34
101	32
102	29
103	27
104	29
105	21
106	33
107	36
108	27
109	38
110	32
111	31
112	27
113	32
114	31
115	26
116	28
117	26
118	33
119	26
120	32
121	26
122	27
123	28
124	37
125	28
126	31
127	31
128	37
129	33
130	28
131	33
132	28
133	31
134	33
135	37
136	30
137	31
138	26
139	30
140	40
141	29
142	30
143	31
144	34
145	29
146	23
147	34
148	33
149	45
150	31
151	34
152	30
153	27
154	33
155	33
156	36
157	28
158	35
159	26
160	31
161	40
162	28
163	26
164	28
165	35
166	26
167	34
168	29
169	37
170	37
171	29
172	28
173	34
174	31
175	28
176	25
177	45
178	45
179	33
180	39
181	24
182	31
183	32
184	36
185	31
186	26
187	35
188	33
189	43
190	39
191	37
192	48
193	25
194	30
195	33
196	32
197	30
198	46
199	26
200	31
201	35
202	35
203	29
204	44
205	34
206	24
207	36
208	25
209	34
210	27
211	24
212	30
213	32
214	39
215	43
216	36
217	34
218	29
219	32
220	33
221	30
222	28
223	38
224	37
225	36
226	45
227	41
228	30
229	35
230	28
231	30
232	43
233	27
234	35
235	31
236	36
237	32
238	44
239	45
240	30
241	40
242	32
243	32
244	36
245	42
246	32
247	30
248	44
249	35
250	34
251	40
252	25
253	32
254	33
255	32
256	39
257	29
258	38
259	35
260	30
261	30
262	27
263	32
264	26
265	42
266	38
267	28
268	37
269	37
270	30
271	23
272	44
273	34
274	31
275	37
276	31
277	33
278	34
279	49
280	40
281	39
282	40
283	29
284	34
285	26
286	36
287	38
288	36
289	52
290	29
291	31
292	36
293	34
294	40
295	31
296	36
297	34
298	43
299	35
300	22
301	41
302	32
303	36
304	40
305	49
306	38
307	35
308	44
309	31
310	29
311	30
312	34
313	35
314	36
315	47
316	32
317	36
318	39
319	38
320	31
321	31
322	40
323	44
324	34
325	26
326	40
327	34
328	30
329	46
330	33
331	26
332	43
333	31
334	24
335	36
336	40
337	30
338	33
339	41
340	33
341	36
342	37
343	33
344	34
345	42
346	34
347	31
348	34
349	43
350	32
351	37
352	47
353	24
354	33
355	53
356	46
357	40
358	35
359	41
360	34
361	31
362	51
363	40
364	30
365	35
366	42
367	38
368	37
369	29
370	40
371	37
372	51
373	39
374	31
375	38
376	30
377	48
378	37
379	36
380	40
381	34
382	34
383	32
384	32
385	37
386	23
387	36
388	29
389	40
390	37
391	44
392	40
393	40
394	34
395	32
396	35
397	41
398	32
399	30
400	32
401	47
402	47
403	34
404	29
405	30
406	29
407	39
408	44
409	45
410	39
411	35
412	40
413	37
414	46
415	36
416	35
417	33
418	23
419	40
420	47
421	41
422	40
423	33
424	39
425	46
426	47
427	30
428	33
429	45
430	34
431	44
432	39
433	43
434	51
435	36
436	37
437	42
438	34
439	44
440	36
441	23
442	42
443	30
444	21
445	46
446	37
447	39
448	47
449	42
450	37
451	40
452	48
453	38
454	33
455	44
456	35
457	36
458	41
459	50
460	35
461	43
462	37
463	21
464	34
465	32
466	36
467	29
468	38
469	48
470	33
471	36
472	37
473	42
474	44
475	48
476	41
477	33
478	35
479	32
480	42
481	26
482	42
483	37
484	35
485	28
486	44
487	31
488	42
489	38
490	39
491	36
492	36
493	29
494	43
495	43
496	37
497	36
498	34
499	43
500	38
501	33
502	41
503	38
504	37
505	46
506	44
507	49
508	40
509	42
510	37
511	52
512	39
513	39
514	35
515	46
516	34
517	40
518	43
519	47
520	45
521	43
522	38
523	38
524	46
525	47
526	32
527	36
528	50
529	33
530	37
531	38
532	47
533	29
534	26
535	35
536	45
537	33
538	42
539	46
540	38
541	36
542	34
543	30
544	41
545	43
546	50
547	35
548	40
549	53
550	48
551	47
552	65
553	46
554	44
555	37
556	43
557	47
558	48
559	43
560	46
561	45
562	38
563	45
564	55
565	46
566	39
567	52
568	55
569	52
570	42
571	55
572	54
573	42
574	47
575	45
576	57
577	40
578	50
579	54
580	59
581	57
582	52
583	55
584	43
585	49
586	58
587	35
588	55
589	57
590	46
591	39
592	61
593	53
594	61
595	57
596	47
597	47
598	50
599	54
600	49
601	55
602	49
603	47
604	51
605	61
606	47
607	60
608	49
609	55
610	65
611	57
612	40
613	60
614	45
615	54
616	53
617	57
618	55
619	62
620	43
621	51
622	50
623	56
624	37
625	36
626	41
627	47
628	64
629	51
630	42
631	64
632	57
633	52
634	52
635	39
636	59
637	53
638	49
639	56
640	60
641	45
642	58
643	42
644	45
645	53
646	55
647	50
648	61
649	50
650	44
651	59
652	43
653	52
654	51
655	52
656	50
657	51
658	43
659	50
660	45
661	50
662	58
663	38
664	51
665	47
666	50
667	48
668	41
669	53
670	53
671	37
672	58
673	58
674	51
675	41
676	46
677	51
678	49
679	35
680	34
681	41
682	49
683	60
684	49
685	52
686	48
687	46
688	40
689	44
690	47
691	40
692	43
693	38
694	51
695	47
696	42
697	35
698	55
699	50
700	42
701	38
702	51
703	38
704	49
705	38
706	47
707	44
708	43
709	47
710	55
711	49
712	51
713	47
714	49
715	48
716	54
717	57
718	38
719	53
720	47
721	43
722	46
723	50
724	50
725	47
726	49
727	47
728	50
729	58
730	45
731	50
732	44
733	51
734	39
735	50
736	41
737	43
738	51
739	54
740	59
741	47
742	46
743	54
744	44
745	50
746	45
747	56
748	41
749	45
750	47
751	50
752	57
753	51
754	45
755	47
756	41
757	40
758	35
759	51
760	50
761	52
762	51
763	52
764	45
765	48
766	50
767	37
768	45
769	49
770	53
771	43
772	52
773	57
774	50
775	43
776	42
777	49
778	54
779	48
780	49
781	57
782	47
783	56
784	46
785	46
786	63
787	48
788	56
789	49
790	53
791	43
792	46
793	51
794	46
795	42
796	51
797	51
798	38
799	49
800	51
801	59
802	47
803	49
804	45
805	57
806	46
807	48
808	50
809	70
810	49
811	53
812	51
813	49
814	60
815	38
816	45
817	38
818	48
819	48
820	44
821	57
822	54
823	50
824	46
825	51
826	45
827	53
828	49
829	47
830	48
831	63
832	55
833	42
834	38
835	64
836	46
837	57
838	40
839	49
840	42
841	54
842	44
843	55
844	52
845	37
846	55
847	42
848	49
849	48
850	52
851	58
852	32
853	50
854	48
855	42
856	48
857	55
858	52
859	50
860	61
861	79
862	43
863	42
864	55
865	49
866	58
867	49
868	51
869	39
870	50
871	48
872	50
873	42
874	54
875	53
876	49
877	47
878	34
879	38
880	63
881	50
882	45
883	48
884	54
885	47
886	38
887	55
888	54
889	54
890	51
891	48
892	50
893	50
894	60
895	39
896	37
897	34
898	39
899	55
900	59
901	67
902	45
903	62
904	47
905	50
906	60
907	49
908	52
909	52
910	51
911	46
912	49
913	41
914	40
915	53
916	50
917	52
918	55
919	55
920	42
921	68
922	47
923	44
924	51
925	51
926	57
927	45
928	58
929	57
930	49
931	52
932	42
933	60
934	39
935	45
936	43
937	52
938	47
939	59
940	46
941	56
942	57
943	54
944	55
945	43
946	50
947	45
948	45
949	44
950	44
951	55
952	43
953	53
954	44
955	44
956	49
957	58
958	56
959	52
960	48
961	58
962	53
963	63
964	51
965	51
966	63
967	46
968	64
969	58
970	56
971	47
972	53
973	54
974	47
975	61
976	56
977	44
978	71
979	47
980	53
981	43
982	50
983	42
984	41
985	57
986	52
987	53
988	55
989	63
990	49
991	56
992	42
993	55
994	55
995	66
996	55
997	55
998	55
999	56
1000	58
1001	49
1002	50
1003	52
1004	58
1005	50
1006	55
1007	46
1008	39
1009	45
1010	46
1011	62
1012	47
1013	53
1014	49
1015	49
1016	70
1017	50
1018	45
1019	57
1020	58
1021	53
1022	49
1023	59
1024	54
1025	45
1026	44
1027	56
1028	43
1029	53
1030	50
1031	58
1032	51
1033	60
1034	62
1035	53
1036	49
1037	38
1038	51
1039	42
1040	38
1041	61
1042	43
1043	53
1044	46
1045	41
1046	55
1047	48
1048	56
1049	41
1050	48
1051	58
1052	62
1053	56
1054	43
1055	53
1056	40
1057	57
1058	51
1059	66
1060	44
1061	46
1062	58
1063	61
1064	46
1065	59
1066	54
1067	64
1068	50
1069	56
1070	45
1071	53
1072	57
1073	53
1074	53
1075	69
1076	43
1077	54
1078	51
1079	57
1080	55
1081	56
1082	68
1083	56
1084	53
1085	50
1086	46
1087	52
1088	43
1089	73
1090	59
1091	53
1092	47
1093	42
1094	62
1095	48
1096	49
1097	56
1098	51
1099	53
1100	57
1101	61
1102	52
1103	52
1104	55
1105	51
1106	54
1107	42
1108	61
1109	44
1110	50
1111	46
1112	43
1113	56
1114	47
1115	53
1116	49
1117	65
1118	58
1119	63
1120	49
1121	43
1122	58
1123	49
1124	46
1125	54
1126	43
1127	64
1128	39
1129	48
1130	60
1131	55
1132	70
1133	60
1134	59
1135	50
1136	43
1137	59
1138	58
1139	60
1140	60
1141	53
1142	50
1143	50
1144	54
1145	58
1146	58
1147	48
1148	55
1149	49
1150	51
1151	57
1152	59
1153	62
1154	44
1155	65
1156	74
1157	58
1158	56
1159	53
1160	61
1161	58
1162	77
1163	59
1164	61
1165	51
1166	50
1167	60
1168	57
1169	51
1170	64
1171	35
1172	60
1173	56
1174	59
1175	53
1176	50
1177	58
1178	52
1179	54
1180	56
1181	47
1182	52
1183	59
1184	65
1185	74
1186	60
1187	46
1188	71
1189	55
1190	63
1191	69
1192	50
1193	48
1194	49
1195	62
1196	51
1197	42
1198	67
1199	46
1200	53
1201	49
1202	54
1203	55
1204	64
1205	69
1206	63
1207	53
1208	55
1209	53
1210	47
1211	47
1212	69
1213	49
1214	54
1215	59
1216	52
1217	56
1218	67
1219	75
1220	46
1221	49
1222	52
1223	55
1224	49
1225	62
1226	56
1227	58
1228	68
1229	62
1230	52
1231	43
1232	59
1233	63
1234	57
1235	51
1236	59
1237	66
1238	63
1239	57
1240	63
1241	66
1242	51
1243	59
1244	48
1245	54
1246	52
1247	48
1248	59
1249	69
1250	65
1251	59
1252	63
1253	60
1254	56
1255	63
1256	56
1257	67
1258	61
1259	47
1260	57
1261	60
1262	49
1263	60
1264	68
1265	53
1266	56
1267	49
1268	75
1269	51
1270	64
1271	57
1272	61
1273	49
1274	63
1275	55
1276	68
1277	63
1278	60
1279	54
1280	57
1281	62
1282	45
1283	54
1284	53
1285	58
1286	57
1287	54
1288	54
1289	68
1290	68
1291	60
1292	62
1293	53
1294	54
1295	63
1296	59
1297	66
1298	60
1299	54
1300	63
1301	61
1302	52
1303	66
1304	65
1305	52
1306	58
1307	55
1308	53
1309	65
1310	67
1311	58
1312	73
1313	67
1314	59
1315	63
1316	55
1317	70
1318	56
1319	64
1320	58
1321	67
1322	51
1323	56
1324	70
1325	48
1326	54
1327	77
1328	54
1329	63
1330	63
1331	59
1332	55
1333	56
1334	66
1335	59
1336	56
1337	50
1338	54
1339	52
1340	63
1341	51
1342	56
1343	60
1344	63
1345	63
1346	51
1347	59
1348	71
1349	51
1350	69
1351	56
1352	55
1353	53
1354	58
1355	71
1356	68
1357	51
1358	51
1359	68
1360	53
1361	65
1362	53
1363	57
1364	57
1365	59
1366	62
1367	69
1368	69
1369	61
1370	54
1371	58
1372	64
1373	57
1374	61
1375	61
1376	63
1377	60
1378	57
1379	60
1380	53
1381	54
1382	47
1383	58
1384	52
1385	63
1386	52
1387	54
1388	70
1389	55
1390	56
1391	61
1392	56
1393	60
1394	61
1395	73
1396	61
1397	58
1398	51
1399	50
1400	54
1401	57
1402	58
1403	46
1404	63
1405	41
1406	71
1407	56
1408	50
1409	64
1410	60
1411	57
1412	50
1413	62
1414	64
1415	53
1416	66
1417	62
1418	60
1419	62
1420	57
1421	51
1422	60
1423	59
1424	58
1425	53
1426	76
1427	64
1428	52
1429	52
1430	58
1431	60
1432	52
1433	52
1434	54
1435	48
1436	47
1437	49
1438	88
1439	68
1440	59
1441	59
1442	58
1443	55
1444	63
1445	78
1446	49
1447	51
1448	46
1449	51
1450	45
1451	59
1452	42
1453	45
1454	49
1455	44
1456	58
1457	64
1458	67
1459	51
1460	62
1461	56
1462	44
1463	60
1464	59
1465	59
1466	57
1467	62
1468	60
1469	43
1470	57
1471	45
1472	50
1473	67
1474	55
1475	64
1476	58
1477	49
1478	55
1479	51
1480	65
1481	54
1482	53
1483	56
1484	49
1485	57
1486	61
1487	57
1488	66
1489	46
1490	50
1491	54
1492	59
1493	69
1494	60
1495	51
1496	63
1497	67
1498	53
1499	55
1500	51
1501	53
1502	50
1503	69
1504	50
1505	53
1506	39
1507	45
1508	42
1509	55
1510	66
1511	58
1512	42
1513	56
1514	64
1515	56
1516	53
1517	62
1518	56
1519	36
1520	52
1521	66
1522	63
1523	36
1524	51
1525	56
1526	48
1527	37
1528	53
1529	54
1530	52
1531	48
1532	47
1533	37
1534	67
1535	51
1536	51
1537	52
1538	46
1539	52
1540	54
1541	58
1542	54
1543	57
1544	58
1545	54
1546	58
1547	33
1548	54
1549	51
1550	49
1551	46
1552	49
1553	52
1554	45
1555	52
1556	50
1557	41
1558	34
1559	53
1560	48
1561	51
1562	51
1563	51
1564	67
1565	43
1566	53
1567	45
1568	47
1569	56
1570	54
1571	57
1572	42
1573	52
1574	55
1575	50
1576	55
1577	49
1578	53
1579	48
1580	51
1581	49
1582	39
1583	67
1584	50
1585	51
1586	54
1587	57
1588	40
1589	53
1590	53
1591	50
1592	55
1593	37
1594	45
1595	52
1596	45
1597	52
1598	44
1599	51
1600	55
1601	58
1602	47
1603	66
1604	50
1605	54
1606	46
1607	50
1608	51
1609	44
1610	47
1611	41
1612	59
1613	60
1614	47
1615	54
1616	53
1617	36
1618	61
1619	42
1620	54
1621	38
1622	53
1623	43
1624	51
1625	55
1626	52
1627	40
1628	53
1629	51
1630	44
1631	40
1632	53
1633	42
1634	52
1635	42
1636	56
1637	47
1638	45
1639	58
1640	46
1641	54
1642	36
1643	54
1644	50
1645	46
1646	53
1647	50
1648	52
1649	57
1650	40
1651	58
1652	46
1653	42
1654	67
1655	31
1656	54
1657	50
1658	45
1659	40
1660	47
1661	50
1662	53
1663	54
1664	40
1665	48
1666	42
1667	51
1668	49
1669	30
1670	55
1671	48
1672	55
1673	57
1674	51
1675	45
1676	46
1677	45
1678	37
1679	43
1680	34
1681	47
1682	36
1683	53
1684	54
1685	52
1686	50
1687	29
1688	38
1689	39
1690	62
1691	53
1692	60
1693	43
1694	39
1695	43
1696	38
1697	31
1698	58
1699	51
1700	59
1701	43
1702	55
1703	40
1704	45
1705	43
1706	44
1707	41
1708	54
1709	51
1710	53
1711	46
1712	37
1713	63
1714	50
1715	48
1716	49
1717	48
1718	41
1719	56
1720	28
1721	54
1722	38
1723	49
1724	39
1725	43
1726	47
1727	52
1728	47
1729	57
1730	60
1731	52
1732	48
1733	40
1734	58
1735	47
1736	50
1737	50
1738	39
1739	47
1740	52
1741	43
1742	49
1743	52
1744	52
1745	42
1746	58
1747	47
1748	42
1749	51
1750	46
1751	53
1752	27
1753	41
1754	48
1755	48
1756	37
1757	55
1758	65
1759	47
1760	60
1761	42
1762	63
1763	51
1764	53
1765	43
1766	49
1767	57
1768	47
1769	48
1770	47
1771	42
1772	53
1773	28
1774	58
1775	43
1776	42
1777	45
1778	38
1779	62
1780	42
1781	51
1782	59
1783	52
1784	48
1785	48
1786	51
1787	58
1788	47
1789	43
1790	41
1791	48
1792	47
1793	51
1794	44
1795	52
1796	47
1797	50
1798	54
1799	47
1800	47
1801	54
1802	43
1803	54
1804	41
1805	49
1806	48
1807	46
1808	42
1809	48
1810	43
1811	45
1812	55
1813	40
1814	51
1815	58
1816	47
1817	54
1818	41
1819	43
1820	45
1821	49
1822	54
1823	52
1824	48
1825	42
1826	48
1827	49
1828	44
1829	48
1830	37
1831	46
1832	51
1833	36
1834	45
1835	65
1836	47
1837	46
1838	48
1839	53
1840	37
1841	42
1842	51
1843	37
1844	55
1845	49
1846	41
1847	42
1848	43
1849	38
1850	48
1851	39
1852	44
1853	37
1854	52
1855	33
1856	34
1857	41
1858	63
1859	43
1860	43
1861	55
1862	46
1863	31
1864	43
1865	47
1866	42
1867	40
1868	53
1869	37
1870	43
1871	35
1872	55
1873	50
1874	38
1875	54
1876	38
1877	51
1878	41
1879	51
1880	47
1881	45
1882	44
1883	47
1884	37
1885	36
1886	42
1887	40
1888	34
1889	52
1890	49
1891	47
1892	43
1893	44
1894	42
1895	38
1896	56
1897	50
1898	41
1899	50
1900	42
1901	48
1902	44
1903	47
1904	41
1905	46
1906	50
1907	49
1908	49
1909	38
1910	58
1911	41
1912	35
1913	42
1914	56
1915	53
1916	43
1917	41
1918	37
1919	57
1920	60
1921	45
1922	45
1923	51
1924	49
1925	39
1926	50
1927	41
1928	49
1929	50
1930	46
1931	46
1932	39
1933	47
1934	40
1935	53
1936	42
1937	40
1938	45
1939	49
1940	46
1941	47
1942	42
1943	35
1944	44
1945	45
1946	41
1947	49
1948	40
1949	32
1950	51
1951	37
1952	48
1953	49
1954	46
1955	41
1956	39
1957	51
1958	44
1959	48
1960	49
1961	30
1962	36
1963	37
1964	34
1965	46
1966	45
1967	48
1968	43
1969	43
1970	43
1971	49
1972	47
1973	50
1974	38
1975	45
1976	32
1977	37
1978	46
1979	44
1980	50
1981	30
1982	46
1983	34
1984	52
1985	53
1986	40
1987	58
1988	42
1989	46
1990	38
1991	57
1992	60
1993	35
1994	48
1995	43
1996	42
1997	47
1998	52
1999	37
2000	57
2001	39
2002	42
2003	35
2004	46
2005	39
2006	42
2007	42
2008	39
2009	44
2010	46
2011	55
2012	53
2013	45
2014	39
2015	48
2016	55
2017	45
2018	47
2019	36
2020	41
2021	38
2022	35
2023	35
2024	42
2025	39
2026	36
2027	50
2028	40
2029	50
2030	37
2031	31
2032	45
2033	33
2034	38
2035	35
2036	50
2037	29
2038	48
2039	43
2040	37
2041	34
2042	32
2043	40
2044	43
2045	51
2046	48
2047	39
2048	23
2049	46
2050	44
2051	49
2052	31
2053	44
2054	34
2055	31
2056	50
2057	42
2058	57
2059	46
2060	43
2061	45
2062	39
2063	40
2064	44
2065	39
2066	42
2067	40
2068	36
2069	58
2070	40
2071	36
2072	41
2073	45
2074	39
2075	45
2076	43
2077	35
2078	43
2079	42
2080	40
2081	45
2082	38
2083	46
2084	41
2085	38
2086	26
2087	47
2088	43
2089	41
2090	42
2091	40
2092	44
2093	36
2094	36
2095	37
2096	39
2097	41
2098	38
2099	47
2100	48
2101	40
2102	46
2103	36
2104	31
2105	44
2106	35
2107	46
2108	40
2109	47
2110	42
2111	42
2112	31
2113	47
2114	43
2115	38
2116	40
2117	35
2118	41
2119	53
2120	35
2121	46
2122	31
2123	38
2124	47
2125	40
2126	33
2127	44
2128	39
2129	41
2130	37
2131	44
2132	37
2133	45
2134	47
2135	43
2136	30
2137	36
2138	55
2139	38
2140	37
2141	40
2142	51
2143	45
2144	39
2145	38
2146	43
2147	44
2148	51
2149	43
2150	48
2151	46
2152	39
2153	24
2154	39
2155	44
2156	31
2157	41
2158	41
2159	42
2160	31
2161	41
2162	38
2163	37
2164	37
2165	27
2166	37
2167	40
2168	44
2169	38
2170	25
2171	39
2172	44
2173	42
2174	41
2175	24
2176	40
2177	42
2178	42
2179	66
2180	38
2181	45
2182	30
2183	38
2184	44
2185	46
2186	51
2187	37
2188	36
2189	31
2190	48
2191	29
2192	46
2193	38
2194	29
2195	47
2196	39
2197	46
2198	35
2199	44
2200	26
2201	40
2202	48
2203	50
2204	43
2205	39
2206	37
2207	43
2208	46
2209	48
2210	31
2211	43
2212	43
2213	38
2214	46
2215	51
2216	39
2217	56
2218	35
2219	40
2220	32
2221	40
2222	39
2223	44
2224	40
2225	50
2226	39
2227	54
2228	52
2229	58
2230	39
2231	44
2232	54
2233	44
2234	38
2235	51
2236	39
2237	37
2238	45
2239	44
2240	41
2241	44
2242	38
2243	26
2244	34
2245	43
2246	39
2247	40
2248	31
2249	46
2250	52
2251	43
2252	41
2253	40
2254	49
2255	45
2256	47
2257	35
2258	35
2259	33
2260	47
2261	44
2262	32
2263	39
2264	46
2265	42
2266	43
2267	38
2268	25
2269	46
2270	41
2271	39
2272	30
2273	41
2274	48
2275	59
2276	34
2277	30
2278	36
2279	40
2280	37
2281	43
2282	35
2283	49
2284	47
2285	39
2286	23
2287	40
2288	34
2289	33
2290	34
2291	45
2292	42
2293	41
2294	51
2295	44
2296	42
2297	42
2298	35
2299	42
2300	38
2301	40
2302	57
2303	48
2304	40
2305	41
2306	38
2307	38
2308	42
2309	45
2310	38
2311	46
2312	39
2313	48
2314	36
2315	43
2316	34
2317	47
2318	42
2319	30
2320	43
2321	35
2322	37
2323	38
2324	33
2325	39
2326	38
2327	45
2328	42
2329	51
2330	30
2331	41
2332	47
2333	49
2334	45
2335	46
2336	35
2337	39
2338	47
2339	44
2340	40
2341	46
2342	42
2343	50
2344	31
2345	44
2346	39
2347	49
2348	47
2349	38
2350	50
2351	44
2352	32
2353	36
2354	41
2355	48
2356	37
2357	42
2358	43
2359	45
2360	37
2361	32
2362	29
2363	57
2364	36
2365	31
2366	46
2367	37
2368	45
2369	37
2370	50
2371	52
2372	44
2373	35
2374	44
2375	29
2376	35
2377	42
2378	29
2379	34
2380	36
2381	49
2382	49
2383	50
2384	51
2385	43
2386	44
2387	50
2388	36
2389	37
2390	43
2391	33
2392	42
2393	41
2394	43
2395	44
2396	37
2397	33
2398	25
2399	47
2400	41
2401	34
2402	39
2403	46
2404	40
2405	39
2406	40
2407	35
2408	33
2409	50
2410	42
2411	37
2412	54
2413	46
2414	36
2415	39
2416	34
2417	54
2418	34
2419	45
2420	35
2421	47
2422	38
2423	34
2424	41
2425	38
2426	33
2427	37
2428	55
2429	31
2430	51
2431	47
2432	34
2433	44
2434	52
2435	37
2436	43
2437	50
2438	48
2439	42
2440	44
2441	27
2442	39
2443	32
2444	41
2445	48
2446	45
2447	34
2448	40
2449	30
2450	33
2451	42
2452	43
2453	32
2454	42
2455	44
2456	38
2457	36
2458	44
2459	39
2460	40
2461	43
2462	39
2463	32
2464	44
2465	44
2466	47
2467	40
2468	45
2469	45
2470	44
2471	30
2472	33
2473	41
2474	34
2475	44
2476	43
2477	37
2478	37
2479	44
2480	40
2481	37
2482	43
2483	44
2484	35
2485	37
2486	40
2487	51
2488	40
2489	35
2490	39
2491	38
2492	43
2493	39
2494	33
2495	45
2496	37
2497	39
2498	37
2499	42
2500	41
2501	46
2502	33
2503	39
2504	35
2505	50
2506	43
2507	38
2508	37
2509	43
2510	39
2511	52
2512	46
2513	35
2514	41
2515	40
2516	40
2517	56
2518	37
2519	43
2520	37
2521	53
2522	30
2523	26
2524	37
2525	39
2526	36
2527	39
2528	37
2529	44
2530	33
2531	33
2532	37
2533	33
2534	43
2535	47
2536	41
2537	25
2538	44
2539	49
2540	37
2541	37
2542	35
2543	28
2544	37
2545	42
2546	32
2547	41
2548	43
2549	36
2550	37
2551	35
2552	39
2553	39
2554	35
2555	34
2556	52
2557	28
2558	43
2559	41
2560	47
2561	45
2562	36
2563	31
2564	43
2565	35
2566	40
2567	36
2568	42
2569	42
2570	46
2571	43
2572	36
2573	50
2574	32
2575	24
2576	38
2577	55
2578	42
2579	35
2580	37
2581	50
2582	44
2583	37
2584	50
2585	35
2586	42
2587	42
2588	37
2589	29
2590	37
2591	37
2592	32
2593	37
2594	34
2595	46
2596	48
2597	40
2598	36
2599	43
2600	30
2601	46
2602	51
2603	35
2604	44
2605	44
2606	49
2607	37
2608	41
2609	39
2610	36
2611	41
2612	39
2613	34
2614	35
2615	39
2616	37
2617	35
2618	42
2619	32
2620	42
2621	31
2622	43
2623	42
2624	38
2625	39
2626	37
2627	38
2628	36
2629	33
2630	43
2631	38
2632	31
2633	42
2634	40
2635	39
2636	32
2637	35
2638	52
2639	37
2640	39
2641	49
2642	47
2643	44
2644	40
2645	32
2646	32
2647	44
2648	47
2649	31
2650	47
2651	36
2652	38
2653	36
2654	38
2655	48
2656	36
2657	39
2658	36
2659	37
2660	32
2661	44
2662	42
2663	51
2664	24
2665	41
2666	31
2667	62
2668	42
2669	46
2670	38
2671	39
2672	34
2673	34
2674	31
2675	37
2676	41
2677	33
2678	40
2679	48
2680	41
2681	37
2682	44
2683	35
2684	49
2685	37
2686	46
2687	41
2688	39
2689	33
2690	31
2691	49
2692	38
2693	44
2694	43
2695	38
2696	46
2697	45
2698	43
2699	43
2700	36
2701	35
2702	32
2703	41
2704	34
2705	44
2706	51
2707	38
2708	33
2709	43
2710	38
2711	44
2712	37
2713	39
2714	50
2715	35
2716	43
2717	32
2718	46
2719	31
2720	42
2721	36
2722	29
2723	42
2724	31
2725	44
2726	51
2727	39
2728	31
2729	29
2730	37
2731	39
2732	42
2733	40
2734	45
2735	32
2736	33
2737	46
2738	33
2739	35
2740	44
2741	31
2742	39
2743	40
2744	37
2745	46
2746	34
2747	34
2748	38
2749	39
2750	44
2751	44
2752	33
2753	42
2754	40
2755	37
2756	36
2757	47
2758	38
2759	44
2760	41
2761	47
2762	42
2763	34
2764	39
2765	46
2766	32
2767	40
2768	40
2769	38
2770	42
2771	40
2772	42
2773	42
2774	46
2775	35
2776	35
2777	36
2778	31
2779	48
2780	49
2781	29
2782	41
2783	47
2784	36
2785	50
2786	39
2787	32
2788	36
2789	34
2790	31
2791	39
2792	42
2793	39
2794	32
2795	32
2796	49
2797	35
2798	45
2799	33
2800	31
2801	35
2802	40
2803	37
2804	44
2805	45
2806	55
2807	41
2808	34
2809	47
2810	42
2811	41
2812	28
2813	42
2814	41
2815	40
2816	40
2817	41
2818	42
2819	35
2820	44
2821	45
2822	51
2823	38
2824	32
2825	33
2826	41
2827	51
2828	32
2829	40
2830	35
2831	40
2832	34
2833	43
2834	44
2835	37
2836	47
2837	45
2838	52
2839	27
2840	32
2841	49
2842	44
2843	35
2844	29
2845	33
2846	41
2847	39
2848	40
2849	37
2850	49
2851	42
2852	43
2853	45
2854	34
2855	34
2856	29
2857	49
2858	49
2859	52
2860	30
2861	30
2862	44
2863	30
2864	37
2865	43
2866	37
2867	48
2868	44
2869	47
2870	39
2871	36
2872	34
2873	35
2874	47
2875	51
2876	49
2877	41
2878	37
2879	44
2880	30
2881	42
2882	39
2883	40
2884	34
2885	45
2886	40
2887	37
2888	32
2889	40
2890	50
2891	39
2892	36
2893	32
2894	27
2895	31
2896	37
2897	41
2898	33
2899	47
2900	32
2901	34
2902	38
2903	26
2904	44
2905	40
2906	39
2907	44
2908	49
2909	43
2910	46
2911	23
2912	37
2913	43
2914	41
2915	58
2916	37
2917	42
2918	45
2919	45
2920	35
2921	38
2922	46
2923	35
2924	29
2925	41
2926	41
2927	48
2928	31
2929	41
2930	40
2931	43
2932	33
2933	47
2934	42
2935	45
2936	45
2937	40
2938	37
2939	44
2940	37
2941	49
2942	43
2943	36
2944	45
2945	43
2946	44
2947	36
2948	38
2949	35
2950	41
2951	51
2952	43
2953	40
2954	36
2955	35
2956	40
2957	38
2958	43
2959	44
2960	43
2961	40
2962	43
2963	54
2964	34
2965	28
2966	46
2967	47
2968	44
2969	39
2970	41
2971	54
2972	32
2973	42
2974	46
2975	31
2976	40
2977	47
2978	38
2979	37
2980	35
2981	39
2982	37
2983	44
2984	49
2985	33
2986	41
2987	35
2988	32
2989	33
2990	37
2991	46
2992	39
2993	29
2994	35
2995	38
2996	38
2997	41
2998	48
2999	35
3000	50
3001	35
3002	49
3003	39
3004	41
3005	56
3006	37
3007	52
3008	44
3009	43
3010	42
3011	44
3012	44
3013	39
3014	43
3015	41
3016	41
3017	38
3018	32
3019	36
3020	36
3021	34
3022	49
3023	36
3024	29
3025	32
3026	45
3027	31
3028	38
3029	32
3030	37
3031	40
3032	38
3033	51
3034	38
3035	39
3036	42
3037	32
3038	31
3039	37
3040	31
3041	37
3042	43
3043	37
3044	36
3045	46
3046	44
3047	50
3048	40
3049	39
3050	34
3051	38
3052	39
3053	43
3054	48
3055	35
3056	42
3057	36
3058	48
3059	38
3060	32
3061	30
3062	43
3063	31
3064	38
3065	45
3066	38
3067	39
3068	51
3069	27
3070	32
3071	41
3072	43
3073	41
3074	34
3075	43
3076	45
3077	40
3078	33
3079	36
3080	28
3081	45
3082	39
3083	37
3084	39
3085	38
3086	37
3087	35
3088	29
3089	44
3090	52
3091	34
3092	39
3093	35
3094	42
3095	49
3096	28
3097	36
3098	44
3099	33
3100	41
3101	54
3102	53
3103	44
3104	33
3105	39
3106	53
3107	31
3108	48
3109	38
3110	52
3111	36
3112	42
3113	42
3114	44
3115	42
3116	47
3117	36
3118	39
3119	45
3120	52
3121	39
3122	43
3123	50
3124	50
3125	41
3126	44
3127	36
3128	38
3129	56
3130	46
3131	43
3132	40
3133	38
3134	40
3135	38
3136	44
3137	43
3138	42
3139	44
3140	46
3141	36
3142	41
3143	36
3144	48
3145	41
3146	42
3147	37
3148	40
3149	35
3150	45
3151	46
3152	47
3153	39
3154	47
3155	37
3156	42
3157	41
3158	46
3159	44
3160	41
3161	38
3162	42
3163	46
3164	50
3165	38
3166	40
3167	43
3168	26
3169	38
3170	30
3171	38
3172	30
3173	51
3174	36
3175	42
3176	40
3177	33
3178	45
3179	40
3180	38
3181	33
3182	61
3183	38
3184	66
3185	41
3186	34
3187	34
3188	45
3189	43
3190	50
3191	36
3192	38
3193	37
3194	33
3195	50
3196	39
3197	44
3198	52
3199	49
3200	42
3201	46
3202	43
3203	38
3204	47
3205	52
3206	39
3207	49
3208	50
3209	41
3210	65
3211	40
3212	38
3213	30
3214	38
3215	38
3216	32
3217	46
3218	45
3219	42
3220	46
3221	45
3222	33
3223	52
3224	49
3225	42
3226	36
3227	45
3228	39
3229	41
3230	49
3231	47
3232	42
3233	42
3234	39
3235	46
3236	40
3237	37
3238	47
3239	37
3240	46
3241	46
3242	49
3243	35
3244	37
3245	38
3246	41
3247	38
3248	35
3249	48
3250	34
3251	38
3252	43
3253	42
3254	38
3255	45
3256	49
3257	34
3258	45
3259	41
3260	35
3261	32
3262	44
3263	37
3264	28
3265	23
3266	46
3267	42
3268	47
3269	37
3270	38
3271	47
3272	42
3273	51
3274	51
3275	40
3276	24
3277	43
3278	46
3279	32
3280	27
3281	41
3282	38
3283	49
3284	46
3285	42
3286	44
3287	27
3288	40
3289	35
3290	45
3291	36
3292	36
3293	26
3294	35
3295	39
3296	39
3297	43
3298	38
3299	41
3300	36
3301	31
3302	35
3303	35
3304	47
3305	46
3306	39
3307	34
3308	32
3309	24
3310	33
3311	28
3312	36
3313	31
3314	38
3315	47
3316	47
3317	31
3318	41
3319	27
3320	32
3321	39
3322	52
3323	37
3324	38
3325	37
3326	50
3327	39
3328	46
3329	38
3330	46
3331	48
3332	40
3333	53
3334	36
3335	36
3336	39
3337	33
3338	52
3339	46
3340	51
3341	40
3342	26
3343	41
3344	32
3345	34
3346	41
3347	41
3348	31
3349	32
3350	34
3351	39
3352	39
3353	32
3354	35
3355	37
3356	32
3357	36
3358	47
3359	28
3360	32
3361	45
3362	27
3363	34
3364	41
3365	31
3366	45
3367	33
3368	29
3369	39
3370	33
3371	38
3372	39
3373	35
3374	41
3375	36
3376	34
3377	27
3378	30
3379	31
3380	30
3381	40
3382	25
3383	38
3384	30
3385	36
3386	38
3387	33
3388	45
3389	38
3390	32
3391	40
3392	31
3393	40
3394	28
3395	33
3396	26
3397	27
3398	35
3399	31
3400	45
3401	34
3402	37
3403	34
3404	27
3405	32
3406	30
3407	39
3408	30
3409	31
3410	35
3411	18
3412	32
3413	24
3414	31
3415	23
3416	23
3417	37
3418	36
3419	41
3420	31
3421	30
3422	33
3423	35
3424	31
3425	36
3426	30
3427	25
3428	32
3429	35
3430	29
3431	31
3432	22
3433	35
3434	36
3435	31
3436	35
3437	36
3438	34
3439	28
3440	34
3441	26
3442	37
3443	21
3444	25
3445	30
3446	28
3447	26
3448	28
3449	36
3450	24
3451	25
3452	28
3453	25
3454	29
3455	32
3456	34
3457	24
3458	38
3459	31
3460	43
3461	30
3462	25
3463	38
3464	18
3465	18
3466	29
3467	32
3468	28
3469	29
3470	17
3471	28
3472	25
3473	30
3474	32
3475	21
3476	33
3477	33
3478	21
3479	29
3480	33
3481	19
3482	17
3483	26
3484	28
3485	35
3486	26
3487	25
3488	21
3489	24
3490	29
3491	33
3492	29
3493	26
3494	27
3495	38
3496	28
3497	25
3498	24
3499	20
3500	24
3501	22
3502	34
3503	22
3504	17
3505	23
3506	23
3507	21
3508	30
3509	19
3510	21
3511	35
3512	24
3513	21
3514	19
3515	19
3516	19
3517	23
3518	23
3519	28
3520	15
3521	34
3522	24
3523	16
3524	19
3525	22
3526	18
3527	29
3528	31
3529	23
3530	21
3531	19
3532	18
3533	21
3534	14
3535	17
3536	20
3537	19
3538	18
3539	21
3540	24
3541	15
3542	16
3543	31
3544	23
3545	20
3546	21
3547	22
3548	11
3549	25
3550	20
3551	17
3552	16
3553	17
3554	27
3555	24
3556	22
3557	20
3558	21
3559	21
3560	22
3561	18
3562	28
3563	23
3564	17
3565	17
3566	23
3567	17
3568	14
3569	18
3570	20
3571	14
3572	14
3573	23
3574	22
3575	22
3576	22
3577	17
3578	20
3579	19
3580	15
3581	18
3582	23
3583	23
3584	13
3585	25
3586	24
3587	23
3588	17
3589	17
3590	29
3591	20
3592	21
3593	19
3594	19
3595	22
3596	21
3597	18
3598	16
3599	20
3600	19
3601	10
3602	15
3603	13
3604	22
3605	21
3606	18
3607	14
3608	14
3609	21
3610	13
3611	26
3612	15
3613	17
3614	18
3615	19
3616	12
3617	20
3618	16
3619	13
3620	13
3621	18
3622	19
3623	21
3624	19
3625	22
3626	18
3627	18
3628	22
3629	20
3630	16
3631	19
3632	18
3633	15
3634	13
3635	20
3636	21
3637	16
3638	17
3639	22
3640	22
3641	17
3642	18
3643	10
3644	16
3645	14
3646	11
3647	21
3648	19
3649	14
3650	16
3651	15
3652	18
3653	13
3654	17
3655	14
3656	16
3657	12
3658	8
3659	14
3660	15
3661	19
3662	13
3663	19
3664	9
3665	9
3666	20
3667	14
3668	14
3669	19
3670	18
3671	15
3672	19
3673	15
3674	11
3675	13
3676	7
3677	14
3678	12
3679	6
3680	15
3681	17
3682	8
3683	18
3684	15
3685	14
3686	20
3687	16
3688	19
3689	11
3690	13
3691	13
3692	12
3693	17
3694	16
3695	14
3696	13
3697	8
3698	17
3699	11
3700	10
3701	17
3702	15
3703	16
3704	13
3705	17
3706	23
3707	14
3708	17
3709	14
3710	16
3711	25
3712	11
3713	14
3714	9
3715	15
3716	15
3717	14
3718	19
3719	17
3720	19
3721	16
3722	12
3723	15
3724	15
3725	14
3726	18
3727	23
3728	10
3729	12
3730	9
3731	15
3732	14
3733	12
3734	13
3735	19
3736	17
3737	18
3738	18
3739	12
3740	14
3741	16
3742	15
3743	20
3744	14
3745	14
3746	5
3747	14
3748	15
3749	10
3750	13
3751	10
3752	23
3753	16
3754	13
3755	11
3756	15
3757	7
3758	12
3759	14
3760	14
3761	16
3762	14
3763	12
3764	12
3765	17
3766	15
3767	11
3768	14
3769	19
3770	11
3771	11
3772	16
3773	15
3774	15
3775	13
3776	11
3777	15
3778	7
3779	15
3780	17
3781	13
3782	22
3783	10
3784	13
3785	12
3786	12
3787	12
3788	8
3789	15
3790	10
3791	21
3792	9
3793	14
3794	13
3795	14
3796	8
3797	16
3798	15
3799	18
3800	12
3801	10
3802	10
3803	12
3804	15
3805	12
3806	14
3807	16
3808	20
3809	12
3810	9
3811	10
3812	11
3813	14
3814	17
3815	15
3816	13
3817	19
3818	13
3819	13
3820	8
3821	11
3822	16
3823	14
3824	17
3825	17
3826	13
3827	9
3828	9
3829	11
3830	14
3831	16
3832	9
3833	15
3834	5
3835	13
3836	7
3837	12
3838	15
3839	13
3840	13
3841	9
3842	10
3843	20
3844	11
3845	10
3846	15
3847	7
3848	11
3849	12
3850	6
3851	10
3852	10
3853	11
3854	14
3855	7
3856	13
3857	9
3858	15
3859	13
3860	13
3861	10
3862	14
3863	8
3864	8
3865	9
3866	10
3867	13
3868	6
3869	13
3870	10
3871	12
3872	15
3873	11
3874	10
3875	15
3876	12
3877	16
3878	12
3879	12
3880	9
3881	15
3882	10
3883	12
3884	14
3885	13
3886	13
3887	11
3888	12
3889	9
3890	7
3891	12
3892	8
3893	8
3894	11
3895	18
3896	6
3897	10
3898	4
3899	10
3900	8
3901	13
3902	11
3903	11
3904	11
3905	8
3906	7
3907	10
3908	5
3909	7
3910	13
3911	10
3912	15
3913	5
3914	12
3915	11
3916	6
3917	7
3918	14
3919	6
3920	8
3921	9
3922	10
3923	10
3924	10
3925	12
3926	12
3927	11
3928	14
3929	9
3930	6
3931	10
3932	16
3933	3
3934	10
3935	13
3936	9
3937	10
3938	14
3939	11
3940	16
3941	8
3942	14
3943	5
3944	10
3945	11
3946	14
3947	9
3948	10
3949	12
3950	10
3951	10
3952	7
3953	16
3954	8
3955	12
3956	13
3957	14
3958	6
3959	10
3960	12
3961	14
3962	13
3963	12
3964	14
3965	12
3966	14
3967	7
3968	8
3969	15
3970	14
3971	14
3972	6
3973	8
3974	6
3975	7
3976	14
3977	9
3978	13
3979	13
3980	11
3981	6
3982	7
3983	14
3984	10
3985	13
3986	6
3987	12
3988	8
3989	11
3990	11
3991	8
3992	13
3993	11
3994	8
3995	13
3996	8
3997	16
3998	12
3999	6
4000	7
4001	8
4002	6
4003	9
4004	14
4005	4
4006	15
4007	6
4008	10
4009	10
4010	13
4011	12
4012	11
4013	13
4014	6
4015	4
4016	10
4017	11
4018	13
4019	7
4020	5
4021	11
4022	10
4023	7
4024	10
4025	14
4026	11
4027	17
4028	10
4029	8
4030	6
4031	12
4032	13
4033	13
4034	11
4035	8
4036	14
4037	7
4038	7
4039	13
4040	15
4041	5
4042	8
4043	4
4044	11
4045	7
4046	8
4047	11
4048	11
4049	5
4050	16
4051	8
4052	10
4053	7
4054	12
4055	8
4056	9
4057	8
4058	8
4059	7
4060	9
4061	6
4062	1
4063	8
4064	7
4065	11
4066	16
4067	8
4068	13
4069	8
4070	8
4071	14
4072	15
4073	16
4074	9
4075	11
4076	9
4077	19
4078	8
4079	12
4080	11
4081	9
4082	5
4083	13
4084	13
4085	6
4086	13
4087	10
4088	10
4089	9
4090	6
4091	8
4092	12
4093	14
4094	7
4095	12
4096	4
4097	7
4098	6
4099	18
4100	6
4101	10
4102	4
4103	9
4104	11
4105	7
4106	10
4107	8
4108	7
4109	9
4110	7
4111	7
4112	18
4113	7
4114	17
4115	15
4116	9
4117	10
4118	8
4119	15
4120	14
4121	9
4122	11
4123	8
4124	11
4125	7
4126	9
4127	9
4128	10
4129	8
4130	6
4131	10
4132	9
4133	8
4134	9
4135	11
4136	9
4137	7
4138	13
4139	9
4140	9
4141	16
4142	9
4143	11
4144	6
4145	12
4146	6
4147	7
4148	18
4149	12
4150	12
4151	12
4152	17
4153	4
4154	8
4155	8
4156	11
4157	6
4158	6
4159	9
4160	11
4161	13
4162	11
4163	8
4164	12
4165	16
4166	15
4167	8
4168	8
4169	16
4170	14
4171	8
4172	10
4173	11
4174	11
4175	10
4176	13
4177	8
4178	14
4179	9
4180	13
4181	10
4182	10
4183	10
4184	12
4185	6
4186	11
4187	9
4188	7
4189	8
4190	10
4191	12
4192	6
4193	7
4194	17
4195	7
4196	12
4197	11
4198	7
4199	14
4200	14
4201	12
4202	8
4203	11
4204	7
4205	8
4206	14
4207	13
4208	11
4209	9
4210	14
4211	7
4212	9
4213	8
4214	10
4215	11
4216	9
4217	13
4218	9
4219	11
4220	8
4221	14
4222	7
4223	8
4224	11
4225	7
4226	14
4227	8
4228	16
4229	9
4230	8
4231	14
4232	11
4233	6
4234	9
4235	9
4236	12
4237	8
4238	8
4239	14
4240	11
4241	7
4242	17
4243	10
4244	9
4245	7
4246	9
4247	17
4248	8
4249	8
4250	16
4251	11
4252	10
4253	6
4254	12
4255	9
4256	12
4257	14
4258	12
4259	10
4260	16
4261	5
4262	8
4263	8
4264	6
4265	3
4266	10
4267	10
4268	7
4269	8
4270	10
4271	16
4272	16
4273	15
4274	12
4275	12
4276	14
4277	11
4278	12
4279	11
4280	21
4281	16
4282	10
4283	12
4284	8
4285	11
4286	16
4287	9
4288	13
4289	14
4290	13
4291	6
4292	11
4293	11
4294	12
4295	10
4296	16
4297	7
4298	12
4299	12
4300	16
4301	12
4302	13
4303	12
4304	13
4305	12
4306	6
4307	11
4308	15
4309	10
4310	9
4311	12
4312	13
4313	8
4314	8
4315	13
4316	9
4317	10
4318	12
4319	8
4320	12
4321	13
4322	14
4323	9
4324	10
4325	15
4326	13
4327	12
4328	8
4329	15
4330	9
4331	6
4332	17
4333	11
4334	12
4335	9
4336	14
4337	13
4338	14
4339	6
4340	8
4341	7
4342	17
4343	8
4344	15
4345	6
4346	12
4347	4
4348	12
4349	8
4350	12
4351	9
4352	18
4353	10
4354	12
4355	13
4356	7
4357	13
4358	7
4359	12
4360	11
4361	12
4362	8
4363	12
4364	9
4365	25
4366	13
4367	6
4368	4
4369	16
4370	8
4371	16
4372	11
4373	10
4374	13
4375	15
4376	12
4377	12
4378	12
4379	15
4380	14
4381	14
4382	6
4383	13
4384	7
4385	16
4386	12
4387	15
4388	16
4389	11
4390	12
4391	8
4392	12
4393	23
4394	18
4395	12
4396	18
4397	13
4398	18
4399	7
4400	16
4401	14
4402	18
4403	13
4404	18
4405	18
4406	15
4407	12
4408	26
4409	19
4410	15
4411	18
4412	15
4413	10
4414	10
4415	19
4416	22
4417	15
4418	7
4419	19
4420	19
4421	15
4422	12
4423	13
4424	24
4425	8
4426	16
4427	19
4428	20
4429	12
4430	17
4431	16
4432	17
4433	16
4434	18
4435	16
4436	13
4437	17
4438	14
4439	18
4440	17
4441	16
4442	18
4443	16
4444	29
4445	26
4446	26
4447	24
4448	13
4449	21
4450	21
4451	18
4452	26
4453	17
4454	27
4455	23
4456	24
4457	25
4458	17
4459	29
4460	23
4461	26
4462	20
4463	31
4464	30
4465	28
4466	30
4467	25
4468	10
4469	26
4470	13
4471	20
4472	23
4473	30
4474	30
4475	22
4476	23
4477	20
4478	25
4479	25
4480	20
4481	30
4482	28
4483	32
4484	31
4485	29
4486	21
4487	30
4488	25
4489	33
4490	27
4491	34
4492	25
4493	31
4494	28
4495	34
4496	34
4497	26
4498	29
4499	40
4500	35
4501	37
4502	28
4503	33
4504	31
4505	23
4506	32
4507	34
4508	28
4509	40
4510	41
4511	38
4512	34
4513	37
4514	39
4515	45
4516	41
4517	32
4518	45
4519	44
4520	47
4521	46
4522	34
4523	37
4524	49
4525	51
4526	46
4527	49
4528	39
4529	38
4530	47
4531	41
4532	56
4533	43
4534	40
4535	42
4536	65
4537	47
4538	54
4539	43
4540	52
4541	39
4542	48
4543	54
4544	49
4545	76
4546	55
4547	76
4548	49
4549	59
4550	52
4551	55
4552	62
4553	65
4554	70
4555	50
4556	63
4557	58
4558	54
4559	68
4560	58
4561	66
4562	73
4563	53
4564	60
4565	75
4566	69
4567	55
4568	77
4569	80
4570	70
4571	80
4572	66
4573	71
4574	77
4575	65
4576	72
4577	80
4578	92
4579	81
4580	82
4581	90
4582	88
4583	91
4584	78
4585	82
4586	81
4587	71
4588	79
4589	82
4590	93
4591	110
4592	84
4593	97
4594	81
4595	99
4596	103
4597	99
4598	88
4599	85
4600	113
4601	113
4602	102
4603	98
4604	111
4605	99
4606	106
4607	103
4608	84
4609	91
4610	105
4611	106
4612	119
4613	109
4614	117
4615	97
4616	124
4617	119
4618	112
4619	137
4620	119
4621	109
4622	124
4623	131
4624	123
4625	119
4626	128
4627	128
4628	133
4629	122
4630	132
4631	125
4632	145
4633	125
4634	138
4635	139
4636	130
4637	119
4638	142
4639	129
4640	130
4641	165
4642	150
4643	145
4644	141
4645	178
4646	144
4647	181
4648	158
4649	152
4650	156
4651	171
4652	156
4653	174
4654	176
4655	164
4656	173
4657	178
4658	176
4659	159
4660	149
4661	174
4662	160
4663	175
4664	170
4665	189
4666	194
4667	177
4668	183
4669	196
4670	172
4671	181
4672	204
4673	205
4674	198
4675	182
4676	198
4677	183
4678	184
4679	176
4680	199
4681	227
4682	209
4683	203
4684	222
4685	226
4686	203
4687	203
4688	193
4689	232
4690	217
4691	224
4692	243
4693	199
4694	218
4695	213
4696	237
4697	209
4698	249
4699	258
4700	236
4701	247
4702	247
4703	236
4704	249
4705	256
4706	240
4707	237
4708	264
4709	242
4710	234
4711	259
4712	259
4713	245
4714	242
4715	246
4716	269
4717	231
4718	262
4719	278
4720	234
4721	275
4722	261
4723	279
4724	269
4725	277
4726	298
4727	267
4728	303
4729	269
4730	269
4731	270
4732	276
4733	255
4734	311
4735	313
4736	296
4737	275
4738	249
4739	324
4740	304
4741	303
4742	299
4743	280
4744	286
4745	261
4746	313
4747	297
4748	332
4749	309
4750	315
4751	297
4752	310
4753	307
4754	303
4755	328
4756	316
4757	310
4758	327
4759	314
4760	305
4761	302
4762	311
4763	333
4764	330
4765	302
4766	348
4767	316
4768	321
4769	356
4770	336
4771	346
4772	337
4773	329
4774	339
4775	327
4776	337
4777	320
4778	315
4779	333
4780	338
4781	339
4782	331
4783	351
4784	360
4785	340
4786	337
4787	403
4788	336
4789	354
4790	361
4791	359
4792	321
4793	319
4794	324
4795	331
4796	371
4797	351
4798	400
4799	329
4800	338
4801	351
4802	368
4803	367
4804	357
4805	365
4806	345
4807	353
4808	367
4809	373
4810	373
4811	377
4812	354
4813	352
4814	351
4815	364
4816	359
4817	365
4818	350
4819	350
4820	364
4821	335
4822	366
4823	329
4824	357
4825	380
4826	377
4827	377
4828	366
4829	360
4830	367
4831	384
4832	379
4833	366
4834	397
4835	374
4836	387
4837	358
4838	352
4839	341
4840	356
4841	382
4842	352
4843	368
4844	357
4845	393
4846	371
4847	377
4848	365
4849	384
4850	402
4851	385
4852	363
4853	374
4854	383
4855	351
4856	327
4857	356
4858	337
4859	379
4860	386
4861	363
4862	399
4863	366
4864	345
4865	343
4866	337
4867	376
4868	352
4869	336
4870	369
4871	373
4872	345
4873	335
4874	371
4875	372
4876	355
4877	332
4878	353
4879	356
4880	352
4881	323
4882	354
4883	344
4884	346
4885	370
4886	332
4887	345
4888	372
4889	351
4890	296
4891	338
4892	359
4893	329
4894	346
4895	335
4896	342
4897	336
4898	368
4899	330
4900	322
4901	350
4902	356
4903	334
4904	335
4905	304
4906	328
4907	294
4908	337
4909	328
4910	332
4911	330
4912	318
4913	327
4914	303
4915	304
4916	295
4917	299
4918	301
4919	312
4920	335
4921	305
4922	303
4923	306
4924	288
4925	313
4926	323
4927	288
4928	306
4929	281
4930	279
4931	291
4932	283
4933	286
4934	291
4935	291
4936	260
4937	289
4938	293
4939	267
4940	251
4941	241
4942	289
4943	304
4944	280
4945	300
4946	263
4947	267
4948	280
4949	289
4950	262
4951	276
4952	249
4953	271
4954	264
4955	288
4956	240
4957	251
4958	299
4959	245
4960	240
4961	244
4962	235
4963	233
4964	259
4965	260
4966	255
4967	261
4968	238
4969	250
4970	215
4971	242
4972	278
4973	215
4974	207
4975	222
4976	225
4977	224
4978	226
4979	212
4980	201
4981	246
4982	175
4983	237
4984	208
4985	173
4986	174
4987	229
4988	202
4989	194
4990	204
4991	195
4992	182
4993	200
4994	195
4995	179
4996	157
4997	179
4998	176
4999	200
5000	197
5001	193
5002	180
5003	170
5004	204
5005	171
5006	193
5007	171
5008	183
5009	166
5010	163
5011	160
5012	160
5013	154
5014	168
5015	168
5016	164
5017	125
5018	173
5019	147
5020	162
5021	125
5022	161
5023	153
5024	144
5025	129
5026	142
5027	132
5028	145
5029	138
5030	145
5031	150
5032	117
5033	118
5034	138
5035	133
5036	125
5037	130
5038	129
5039	111
5040	130
5041	121
5042	116
5043	126
5044	110
5045	113
5046	108
5047	126
5048	102
5049	108
5050	109
5051	117
5052	119
5053	116
5054	97
5055	96
5056	102
5057	102
5058	101
5059	98
5060	110
5061	101
5062	100
5063	75
5064	91
5065	94
5066	95
5067	90
5068	88
5069	92
5070	83
5071	96
5072	61
5073	67
5074	68
5075	101
5076	79
5077	71
5078	91
5079	75
5080	74
5081	63
5082	59
5083	76
5084	70
5085	72
5086	66
5087	71
5088	71
5089	70
5090	52
5091	63
5092	48
5093	63
5094	60
5095	74
5096	63
5097	51
5098	70
5099	59
5100	64
5101	58
5102	56
5103	56
5104	43
5105	61
5106	55
5107	63
5108	48
5109	53
5110	60
5111	50
5112	50
5113	51
5114	40
5115	42
5116	48
5117	40
5118	54
5119	43
5120	59
5121	42
5122	49
5123	54
5124	38
5125	45
5126	45
5127	40
5128	36
5129	43
5130	35
5131	25
5132	44
5133	46
5134	29
5135	36
5136	30
5137	41
5138	23
5139	28
5140	33
5141	38
5142	27
5143	34
5144	27
5145	25
5146	26
5147	31
5148	21
5149	24
5150	30
5151	27
5152	30
5153	34
5154	34
5155	23
5156	24
5157	28
5158	30
5159	24
5160	30
5161	21
5162	22
5163	14
5164	34
5165	24
5166	13
5167	23
5168	31
5169	28
5170	24
5171	24
5172	18
5173	12
5174	16
5175	14
5176	12
5177	20
5178	20
5179	13
5180	18
5181	17
5182	15
5183	15
5184	15
5185	12
5186	16
5187	12
5188	17
5189	14
5190	23
5191	8
5192	10
5193	13
5194	9
5195	10
5196	17
5197	17
5198	16
5199	8
5200	9
5201	9
5202	15
5203	10
5204	14
5205	6
5206	11
5207	7
5208	8
5209	13
5210	14
5211	12
5212	8
5213	7
5214	13
5215	8
5216	13
5217	8
5218	7
5219	8
5220	6
5221	5
5222	6
5223	4
5224	8
5225	8
5226	7
5227	5
5228	10
5229	6
5230	1
5231	5
5232	5
5233	6
5234	4
5235	2
5236	5
5237	8
5238	2
5239	7
5240	5
5241	3
5242	5
5243	4
5244	5
5245	1
5246	5
5247	7
5248	2
5249	0
5250	5
5251	4
5252	6
5253	7
5254	8
5255	6
5256	3
5257	4
5258	9
5259	4
5260	7
5261	6
5262	2
5263	6
5264	4
5265	3
5266	2
5267	1
5268	8
5269	5
5270	2
5271	7
5272	2
5273	5
5274	6
5275	2
5276	6
5277	3
5278	2
5279	4
5280	3
5281	5
5282	3
5283	1
5284	5
5285	3
5286	0
5287	1
5288	4
5289	2
5290	3
5291	4
5292	1
5293	3
5294	0
5295	7
5296	5
5297	4
5298	1
5299	1
5300	4
5301	1
5302	4
5303	1
5304	6
5305	4
5306	4
5307	0
5308	3
5309	2
5310	3
5311	4
5312	6
5313	1
5314	8
5315	1
5316	0
5317	1
5318	2
5319	3
5320	2
5321	2
5322	1
5323	1
5324	0
5325	1
5326	3
5327	4
5328	2
5329	2
5330	0
5331	4
5332	0
5333	3
5334	2
5335	2
5336	1
5337	0
5338	3
5339	1
5340	2
5341	4
5342	2
5343	1
5344	2
5345	2
5346	1
5347	0
5348	1
5349	2
5350	2
5351	0
5352	1
5353	1
5354	3
5355	2
5356	0
5357	1
5358	1
5359	2
5360	2
5361	0
5362	1
5363	1
5364	1
5365	2
5366	2
5367	2
5368	0
5369	0
5370	0
5371	1
5372	1
5373	1
5374	2
5375	0
5376	2
5377	1
5378	1
5379	5
5380	1
5381	2
5382	6
5383	1
5384	3
5385	2
5386	5
5387	1
5388	0
5389	5
5390	1
5391	3
5392	1
5393	3
5394	2
5395	0
5396	3
5397	1
5398	0
5399	2
5400	2
5401	2
5402	4
5403	2
5404	1
5405	0
5406	4
5407	0
5408	1
5409	0
5410	0
5411	0
5412	1
5413	1
5414	2
5415	2
5416	2
5417	1
5418	1
5419	0
5420	0
5421	1
5422	0
5423	2
5424	1
5425	1
5426	1
5427	3
5428	1
5429	1
5430	1
5431	2
5432	0
5433	0
5434	0
5435	3
5436	2
5437	0
5438	1
5439	1
5440	2
5441	2
5442	1
5443	2
5444	1
5445	1
5446	1
5447	3
5448	0
5449	2
5450	1
5451	2
5452	2
5453	0
5454	0
5455	3
5456	0
5457	1
5458	1
5459	0
5460	0
5461	2
5462	2
5463	5
5464	0
5465	2
5466	2
5467	2
5468	2
5469	2
5470	2
5471	1
5472	2
5473	1
5474	0
5475	0
5476	0
5477	0
5478	1
5479	2
5480	2
5481	3
5482	0
5483	0
5484	4
5485	0
5486	2
5487	0
5488	3
5489	1
5490	1
5491	0
5492	2
5493	0
5494	3
5495	2
5496	1
5497	2
5498	1
5499	0
5500	2
5501	0
5502	4
5503	0
5504	1
5505	1
5506	2
5507	2
5508	2
5509	0
5510	3
5511	4
5512	1
5513	1
5514	0
5515	2
5516	0
5517	2
5518	2
5519	2
5520	1
5521	3
5522	0
5523	1
5524	2
5525	0
5526	0
5527	2
5528	2
5529	4
5530	2
5531	0
5532	3
5533	2
5534	3
5535	1
5536	1
5537	0
5538	0
5539	1
5540	1
5541	0
5542	1
5543	2
5544	1
5545	2
5546	0
5547	3
5548	3
5549	1
5550	1
5551	2
5552	0
5553	2
5554	0
5555	2
5556	2
5557	0
5558	3
5559	0
5560	2
5561	1
5562	0
5563	2
5564	0
5565	1
5566	0
5567	2
5568	1
5569	0
5570	1
5571	3
5572	2
5573	0
5574	1
5575	0
5576	2
5577	1
5578	1
5579	2
5580	0
5581	1
5582	1
5583	1
5584	1
5585	0
5586	1
5587	3
5588	2
5589	0
5590	0
5591	2
5592	2
5593	4
5594	1
5595	1
5596	0
5597	2
5598	0
5599	1
5600	0
5601	1
5602	2
5603	2
5604	1
5605	2
5606	0
5607	1
5608	0
5609	1
5610	1
5611	3
5612	0
5613	0
5614	0
5615	0
5616	2
5617	1
5618	1
5619	3
5620	5
5621	3
5622	1
5623	1
5624	0
5625	3
5626	2
5627	1
5628	1
5629	0
5630	2
5631	1
5632	0
5633	0
5634	2
5635	1
5636	2
5637	0
5638	1
5639	3
5640	4
5641	2
5642	1
5643	1
5644	4
5645	2
5646	1
5647	0
5648	3
5649	1
5650	0
5651	1
5652	0
5653	0
5654	1
5655	1
5656	1
5657	3
5658	3
5659	1
5660	0
5661	1
5662	0
5663	1
5664	2
5665	2
5666	2
5667	1
5668	0
5669	1
5670	1
5671	2
5672	1
5673	1
5674	1
5675	1
5676	2
5677	0
5678	1
5679	3
5680	0
5681	2
5682	3
5683	1
5684	1
5685	2
5686	0
5687	0
5688	2
5689	2
5690	2
5691	2
5692	1
5693	3
5694	0
5695	0
5696	0
5697	1
5698	0
5699	3
5700	0
5701	2
5702	2
5703	2
5704	3
5705	0
5706	0
5707	0
5708	2
5709	1
5710	3
5711	2
5712	1
5713	2
5714	1
5715	0
5716	2
5717	2
5718	2
5719	1
5720	2
5721	3
5722	3
5723	2
5724	1
5725	1
5726	3
5727	1
5728	1
5729	1
5730	1
5731	4
5732	1
5733	0
5734	4
5735	1
5736	1
5737	0
5738	0
5739	0
5740	1
5741	1
5742	1
5743	2
5744	0
5745	4
5746	3
5747	0
5748	0
5749	0
5750	2
5751	0
5752	0
5753	1
5754	1
5755	0
5756	1
5757	3
5758	1
5759	0
5760	0
5761	2
5762	0
5763	0
5764	0
5765	0
5766	2
5767	0
5768	1
5769	1
5770	1
5771	3
5772	2
5773	1
5774	1
5775	3
5776	0
5777	1
5778	1
5779	2
5780	0
5781	0
5782	1
5783	1
5784	2
5785	1
5786	0
5787	1
5788	3
5789	3
5790	2
5791	1
5792	0
5793	0
5794	0
5795	1
5796	1
5797	1
5798	1
5799	1
5800	1
5801	1
5802	2
5803	2
5804	0
5805	1
5806	4
5807	0
5808	2
5809	1
5810	2
5811	1
5812	0
5813	1
5814	1
5815	2
5816	3
5817	3
5818	1
5819	1
5820	3
5821	1
5822	1
5823	0
5824	2
5825	2
5826	0
5827	2
5828	4
5829	0
5830	1
5831	0
5832	2
5833	1
5834	1
5835	0
5836	1
5837	0
5838	0
5839	1
5840	2
5841	2
5842	0
5843	0
5844	0
5845	3
5846	1
5847	1
5848	0
5849	0
5850	0
5851	1
5852	1
5853	1
5854	1
5855	0
5856	0
5857	0
5858	2
5859	1
5860	1
5861	0
5862	1
5863	0
5864	1
5865	2
5866	0
5867	0
5868	0
5869	1
5870	2
5871	0
5872	2
5873	3
5874	1
5875	0
5876	1
5877	2
5878	0
5879	2
5880	0
5881	2
5882	0
5883	2
5884	1
5885	0
5886	1
5887	1
5888	1
5889	1
5890	0
5891	1
5892	0
5893	2
5894	0
5895	2
5896	0
5897	1
5898	0
5899	0
5900	1
5901	0
5902	2
5903	2
5904	1
5905	1
5906	0
5907	2
5908	1
5909	0
5910	0
5911	3
5912	2
5913	1
5914	2
5915	1
5916	1
5917	3
5918	3
5919	1
5920	1
5921	1
5922	1
5923	1
5924	0
5925	1
5926	2
5927	1
5928	2
5929	2
5930	0
5931	1
5932	0
5933	0
5934	3
5935	1
5936	2
5937	0
5938	2
5939	1
5940	0
5941	2
5942	2
5943	3
5944	2
5945	1
5946	4
5947	1
5948	0
5949	1
5950	0
5951	2
5952	1
5953	3
5954	2
5955	1
5956	2
5957	0
5958	0
5959	2
5960	1
5961	3
5962	0
5963	2
5964	0
5965	1
5966	4
5967	1
5968	0
5969	1
5970	0
5971	4
5972	1
5973	1
5974	2
5975	1
5976	0
5977	0
5978	1
5979	0
5980	3
5981	1
5982	1
5983	0
5984	2
5985	1
5986	3
5987	3
5988	3
5989	0
5990	0
5991	0
5992	1
5993	2
5994	1
5995	0
5996	3
5997	1
5998	1
5999	0
6000	3
6001	1
6002	3
6003	4
6004	1
6005	1
6006	0
6007	0
6008	2
6009	1
6010	1
6011	1
6012	0
6013	0
6014	0
6015	2
6016	0
6017	2
6018	1
6019	1
6020	0
6021	1
6022	0
6023	2
6024	0
6025	0
6026	0
6027	4
6028	2
6029	1
6030	0
6031	1
6032	0
6033	1
6034	0
6035	1
6036	0
6037	1
6038	1
6039	0
6040	0
6041	3
6042	2
6043	1
6044	1
6045	0
6046	0
6047	0
6048	2
6049	1
6050	2
6051	1
6052	1
6053	2
6054	0
6055	1
6056	1
6057	0
6058	0
6059	1
6060	1
6061	1
6062	1
6063	1
6064	0
6065	0
6066	1
6067	0
6068	1
6069	0
6070	1
6071	0
6072	0
6073	0
6074	1
6075	1
6076	1
6077	3
6078	2
6079	1
6080	0
6081	0
6082	1
6083	1
6084	3
6085	1
6086	0
6087	1
6088	0
6089	1
6090	2
6091	2
6092	2
6093	0
6094	0
6095	0
6096	1
6097	2
6098	1
6099	0
6100	0
6101	0
6102	1
6103	0
6104	3
6105	0
6106	1
6107	1
6108	2
6109	2
6110	1
6111	0
6112	3
6113	0
6114	1
6115	1
6116	0
6117	0
6118	2
6119	3
6120	0
6121	2
6122	2
6123	1
6124	3
6125	0
6126	2
6127	1
6128	0
6129	1
6130	0
6131	1
6132	1
6133	0
6134	0
6135	0
6136	0
6137	1
6138	0
6139	1
6140	3
6141	1
6142	1
6143	0
6144	2
6145	2
6146	2
6147	0
6148	0
6149	0
6150	2
6151	1
6152	0
6153	2
6154	0
6155	0
6156	1
6157	1
6158	2
6159	1
6160	1
6161	0
6162	1
6163	1
6164	2
6165	1
6166	0
6167	0
6168	2
6169	0
6170	2
6171	2
6172	0
6173	1
6174	2
6175	2
6176	2
6177	1
6178	3
6179	1
6180	2
6181	0
6182	0
6183	0
6184	0
6185	0
6186	1
6187	2
6188	0
6189	1
6190	1
6191	0
6192	1
6193	2
6194	3
6195	0
6196	2
6197	1
6198	0
6199	1
6200	1
6201	2
6202	0
6203	0
6204	1
6205	0
6206	1
6207	2
6208	0
6209	1
6210	1
6211	4
6212	3
6213	1
6214	1
6215	0
6216	1
6217	1
6218	1
6219	0
6220	1
6221	2
6222	0
6223	0
6224	1
6225	1
6226	1
6227	0
6228	2
6229	0
6230	2
6231	0
6232	0
6233	3
6234	0
6235	2
6236	1
6237	1
6238	1
6239	0
6240	1
6241	1
6242	0
6243	0
6244	1
6245	1
6246	0
6247	2
6248	1
6249	0
6250	0
6251	2
6252	2
6253	1
6254	0
6255	2
6256	0
6257	1
6258	0
6259	4
6260	2
6261	2
6262	0
6263	2
6264	2
6265	1
6266	0
6267	2
6268	0
6269	3
6270	1
6271	0
6272	1
6273	1
6274	1
6275	1
6276	0
6277	1
6278	3
6279	1
6280	0
6281	1
6282	1
6283	0
6284	2
6285	1
6286	0
6287	0
6288	1
6289	2
6290	0
6291	2
6292	0
6293	0
6294	4
6295	0
6296	1
6297	3
6298	0
6299	0
6300	0
6301	3
6302	0
6303	2
6304	0
6305	0
6306	3
6307	1
6308	1
6309	0
6310	2
6311	2
6312	0
6313	0
6314	1
6315	1
6316	1
6317	1
6318	3
6319	1
6320	1
6321	1
6322	2
6323	1
6324	1
6325	1
6326	1
6327	0
6328	0
6329	1
6330	0
6331	4
6332	1
6333	0
6334	0
6335	1
6336	0
6337	1
6338	5
6339	0
6340	0
6341	1
6342	0
6343	0
6344	0
6345	2
6346	2
6347	1
6348	2
6349	3
6350	1
6351	2
6352	1
6353	2
6354	0
6355	0
6356	0
6357	0
6358	1
6359	1
6360	1
6361	1
6362	3
6363	3
6364	2
6365	1
6366	0
6367	1
6368	1
6369	3
6370	1
6371	1
6372	0
6373	1
6374	2
6375	1
6376	0
6377	0
6378	2
6379	0
6380	1
6381	0
6382	1
6383	0
6384	1
6385	1
6386	1
6387	2
6388	3
6389	0
6390	1
6391	1
6392	1
6393	2
6394	1
6395	1
6396	1
6397	1
6398	2
6399	3
6400	1
6401	1
6402	2
6403	1
6404	0
6405	0
6406	1
6407	0
6408	0
6409	0
6410	3
6411	0
6412	2
6413	0
6414	4
6415	0
6416	1
6417	2
6418	3
6419	0
6420	2
6421	0
6422	1
6423	3
6424	2
6425	1
6426	1
6427	0
6428	2
6429	1
6430	0
6431	0
6432	0
6433	0
6434	2
6435	1
6436	1
6437	2
6438	3
6439	2
6440	0
6441	1
6442	1
6443	0
6444	0
6445	0
6446	0
6447	1
6448	0
6449	1
6450	0
6451	0
6452	2
6453	0
6454	1
6455	1
6456	3
6457	0
6458	1
6459	0
6460	1
6461	3
6462	1
6463	2
6464	0
6465	0
6466	2
6467	2
6468	2
6469	1
6470	1
6471	3
6472	1
6473	1
6474	0
6475	1
6476	0
6477	1
6478	1
6479	1
6480	0
6481	3
6482	2
6483	1
6484	0
6485	1
6486	1
6487	1
6488	1
6489	0
6490	0
6491	1
6492	1
6493	0
6494	1
6495	1
6496	1
6497	2
6498	2
6499	3
6500	4
6501	1
6502	2
6503	0
6504	0
6505	1
6506	0
6507	0
6508	3
6509	1
6510	0
6511	0
6512	0
6513	2
6514	1
6515	0
6516	1
6517	1
6518	3
6519	0
6520	4
6521	1
6522	0
6523	2
6524	3
6525	1
6526	0
6527	1
6528	1
6529	1
6530	0
6531	2
6532	1
6533	1
6534	0
6535	1
6536	1
6537	1
6538	0
6539	0
6540	2
6541	1
6542	1
6543	1
6544	0
6545	0
6546	2
6547	0
6548	2
6549	0
6550	0
6551	1
6552	0
6553	2
6554	2
6555	3
6556	2
6557	1
6558	0
6559	2
6560	0
6561	1
6562	4
6563	0
6564	3
6565	1
6566	1
6567	2
6568	0
6569	3
6570	1
6571	2
6572	1
6573	0
6574	1
6575	1
6576	0
6577	0
6578	1
6579	1
6580	2
6581	2
6582	1
6583	1
6584	1
6585	3
6586	0
6587	0
6588	0
6589	1
6590	1
6591	1
6592	0
6593	2
6594	1
6595	4
6596	2
6597	0
6598	3
6599	4
6600	0
6601	0
6602	0
6603	0
6604	1
6605	1
6606	0
6607	0
6608	0
6609	2
6610	1
6611	0
6612	3
6613	1
6614	2
6615	0
6616	1
6617	3
6618	3
6619	0
6620	3
6621	1
6622	1
6623	0
6624	2
6625	1
6626	1
6627	0
6628	4
6629	0
6630	0
6631	0
6632	2
6633	0
6634	0
6635	1
6636	0
6637	0
6638	0
6639	0
6640	2
6641	0
6642	1
6643	1
6644	3
6645	1
6646	1
6647	0
6648	0
6649	1
6650	0
6651	0
6652	0
6653	1
6654	2
6655	1
6656	1
6657	0
6658	1
6659	0
6660	0
6661	0
6662	2
6663	0
6664	0
6665	0
6666	0
6667	1
6668	2
6669	1
6670	0
6671	2
6672	1
6673	0
6674	2
6675	1
6676	1
6677	2
6678	2
6679	2
6680	0
6681	1
6682	1
6683	0
6684	1
6685	0
6686	1
6687	2
6688	0
6689	1
6690	0
6691	2
6692	1
6693	1
6694	1
6695	2
6696	0
6697	0
6698	3
6699	0
6700	1
6701	1
6702	1
6703	0
6704	1
6705	2
6706	2
6707	1
6708	1
6709	1
6710	1
6711	1
6712	1
6713	1
6714	0
6715	3
6716	2
6717	0
6718	2
6719	2
6720	1
6721	0
6722	1
6723	1
6724	1
6725	1
6726	1
6727	1
6728	0
6729	2
6730	2
6731	0
6732	1
6733	0
6734	0
6735	2
6736	0
6737	1
6738	3
6739	0
6740	1
6741	0
6742	3
6743	0
6744	1
6745	0
6746	0
6747	0
6748	1
6749	2
6750	1
6751	0
6752	0
6753	0
6754	0
6755	3
6756	1
6757	1
6758	0
6759	1
6760	1
6761	1
6762	1
6763	3
6764	0
6765	1
6766	2
6767	2
6768	1
6769	2
6770	2
6771	0
6772	3
6773	2
6774	1
6775	2
6776	2
6777	2
6778	1
6779	1
6780	1
6781	1
6782	0
6783	0
6784	0
6785	1
6786	0
6787	0
6788	2
6789	0
6790	2
6791	0
6792	1
6793	1
6794	4
6795	0
6796	0
6797	0
6798	2
6799	3
6800	0
6801	1
6802	1
6803	0
6804	1
6805	0
6806	0
6807	1
6808	0
6809	1
6810	0
6811	0
6812	0
6813	0
6814	1
6815	1
6816	2
6817	1
6818	2
6819	0
6820	0
6821	0
6822	0
6823	1
6824	0
6825	2
6826	2
6827	2
6828	0
6829	0
6830	0
6831	1
6832	0
6833	1
6834	0
6835	2
6836	1
6837	0
6838	0
6839	1
6840	2
6841	1
6842	1
6843	1
6844	0
6845	1
6846	1
6847	2
6848	0
6849	0
6850	4
6851	1
6852	1
6853	0
6854	0
6855	0
6856	0
6857	0
6858	0
6859	0
6860	1
6861	0
6862	3
6863	0
6864	2
6865	2
6866	3
6867	1
6868	1
6869	2
6870	0
6871	1
6872	0
6873	3
6874	2
6875	0
6876	2
6877	1
6878	2
6879	1
6880	0
6881	1
6882	2
6883	0
6884	1
6885	0
6886	0
6887	1
6888	1
6889	2
6890	1
6891	1
6892	1
6893	0
6894	2
6895	0
6896	0
6897	1
6898	0
6899	0
6900	3
6901	1
6902	1
6903	2
6904	1
6905	0
6906	2
6907	1
6908	2
6909	0
6910	0
6911	0
6912	4
6913	0
6914	0
6915	2
6916	2
6917	0
6918	2
6919	1
6920	1
6921	3
6922	0
6923	1
6924	0
6925	3
6926	1
6927	2
6928	1
6929	0
6930	0
6931	3
6932	0
6933	1
6934	0
6935	3
6936	1
6937	0
6938	2
6939	0
6940	2
6941	1
6942	1
6943	1
6944	0
6945	1
6946	0
6947	0
6948	0
6949	1
6950	1
6951	1
6952	1
6953	2
6954	0
6955	0
6956	3
6957	1
6958	1
6959	2
6960	0
6961	2
6962	1
6963	2
6964	1
6965	1
6966	1
6967	2
6968	3
6969	1
6970	1
6971	0
6972	0
6973	1
6974	1
6975	3
6976	0
6977	1
6978	1
6979	0
6980	1
6981	1
6982	1
6983	1
6984	2
6985	0
6986	1
6987	2
6988	1
6989	3
6990	1
6991	0
6992	0
6993	0
6994	1
6995	1
6996	1
6997	1
6998	0
6999	0
7000	0
7001	1
7002	2
7003	0
7004	0
7005	1
7006	0
7007	0
7008	1
7009	1
7010	0
7011	0
7012	0
7013	1
7014	0
7015	1
7016	0
7017	1
7018	0
7019	2
7020	1
7021	0
7022	1
7023	1
7024	1
7025	0
7026	2
7027	1
7028	3
7029	0
7030	1
7031	0
7032	1
7033	3
7034	2
7035	1
7036	4
7037	0
7038	2
7039	2
7040	1
7041	1
7042	2
7043	1
7044	1
7045	0
7046	3
7047	0
7048	3
7049	0
7050	1
7051	1
7052	2
7053	1
7054	0
7055	1
7056	1
7057	1
7058	0
7059	1
7060	1
7061	1
7062	3
7063	0
7064	2
7065	2
7066	3
7067	1
7068	1
7069	1
7070	2
7071	1
7072	0
7073	0
7074	1
7075	1
7076	0
7077	0
7078	1
7079	2
7080	0
7081	1
7082	0
7083	1
7084	2
7085	1
7086	0
7087	1
7088	1
7089	0
7090	2
7091	1
7092	1
7093	2
7094	1
7095	1
7096	2
7097	1
7098	1
7099	1
7100	1
7101	1
7102	0
7103	1
7104	1
7105	0
7106	0
7107	0
7108	1
7109	1
7110	0
7111	1
7112	0
7113	2
7114	0
7115	0
7116	1
7117	2
7118	2
7119	1
7120	0
7121	0
7122	0
7123	1
7124	1
7125	0
7126	1
7127	2
7128	0
7129	2
7130	1
7131	3
7132	1
7133	0
7134	0
7135	1
7136	1
7137	0
7138	2
7139	1
7140	1
7141	1
7142	1
7143	2
7144	0
7145	1
7146	1
7147	1
7148	0
7149	1
7150	1
7151	0
7152	2
7153	0
7154	0
7155	0
7156	0
7157	0
7158	1
7159	0
7160	0
7161	0
7162	1
7163	1
7164	1
7165	1
7166	1
7167	0
7168	0
7169	0
7170	1
7171	3
7172	2
7173	1
7174	2
7175	0
7176	0
7177	1
7178	0
7179	1
7180	0
7181	1
7182	0
7183	0
7184	0
7185	1
7186	1
7187	1
7188	0
7189	0
7190	3
7191	0
7192	0
7193	0
7194	1
7195	0
7196	1
7197	3
7198	0
7199	0
7200	0
7201	0
7202	2
7203	0
7204	0
7205	1
7206	0
7207	1
7208	1
7209	0
7210	0
7211	0
7212	0
7213	2
7214	1
7215	1
7216	4
7217	0
7218	1
7219	0
7220	1
7221	0
7222	1
7223	0
7224	0
7225	2
7226	1
7227	0
7228	5
7229	2
7230	0
7231	1
7232	1
7233	1
7234	0
7235	0
7236	2
7237	1
7238	0
7239	0
7240	0
7241	0
7242	2
7243	2
7244	1
7245	1
7246	1
7247	0
7248	1
7249	2
7250	1
7251	1
7252	0
7253	0
7254	3
7255	0
7256	1
7257	0
7258	0
7259	1
7260	1
7261	2
7262	1
7263	1
7264	0
7265	0
7266	1
7267	0
7268	0
7269	1
7270	0
7271	1
7272	1
7273	1
7274	0
7275	1
7276	0
7277	0
7278	1
7279	1
7280	0
7281	1
7282	0
7283	0
7284	0
7285	1
7286	0
7287	2
7288	0
7289	2
7290	1
7291	0
7292	1
7293	0
7294	1
7295	0
7296	2
7297	1
7298	0
7299	1
7300	1
7301	1
7302	0
7303	1
7304	0
7305	1
7306	1
7307	1
7308	1
7309	0
7310	0
7311	1
7312	0
7313	0
7314	1
7315	2
7316	0
7317	0
7318	1
7319	1
7320	1
7321	1
7322	2
7323	0
7324	0
7325	1
7326	0
7327	1
7328	0
7329	0
7330	0
7331	0
7332	1
7333	0
7334	0
7335	2
7336	1
7337	1
7338	1
7339	0
7340	1
7341	2
7342	2
7343	1
7344	1
7345	0
7346	1
7347	0
7348	0
7349	0
7350	0
7351	0
7352	0
7353	1
7354	1
7355	0
7356	0
7357	2
7358	1
7359	1
7360	1
7361	0
7362	2
7363	1
7364	0
7365	1
7366	1
7367	1
7368	0
7369	0
7370	2
7371	1
7372	0
7373	2
7374	1
7375	1
7376	0
7377	1
7378	0
7379	1
7380	1
7381	0
7382	1
7383	0
7384	0
7385	1
7386	0
7387	1
7388	1
7389	0
7390	0
7391	1
7392	2
7393	0
7394	2
7395	0
7396	1
7397	3
7398	0
7399	1
7400	1
7401	2
7402	0
7403	2
7404	1
7405	0
7406	1
7407	2
7408	0
7409	0
7410	0
7411	2
7412	1
7413	1
7414	0
7415	0
7416	0
7417	0
7418	0
7419	1
7420	1
7421	0
7422	0
7423	0
7424	0
7425	0
7426	0
7427	2
7428	2
7429	0
7430	1
7431	1
7432	0
7433	1
7434	0
7435	2
7436	0
7437	0
7438	1
7439	0
7440	0
7441	0
7442	0
7443	1
7444	0
7445	2
7446	1
7447	1
7448	1
7449	2
7450	1
7451	1
7452	1
7453	1
7454	1
7455	0
7456	0
7457	0
7458	1
7459	0
7460	1
7461	1
7462	2
7463	1
7464	0
7465	0
7466	1
7467	0
7468	0
7469	0
7470	2
7471	1
7472	1
7473	0
7474	0
7475	0
7476	1
7477	1
7478	0
7479	0
7480	0
7481	1
7482	0
7483	0
7484	0
7485	1
7486	1
7487	1
7488	3
7489	0
7490	1
7491	1
7492	2
7493	1
7494	0
7495	0
7496	0
7497	0
7498	2
7499	0
7500	0
7501	2
7502	0
7503	2
7504	1
7505	1
7506	1
7507	0
7508	0
7509	0
7510	0
7511	0
7512	0
7513	1
7514	1
7515	1
7516	0
7517	0
7518	0
7519	0
7520	1
7521	1
7522	0
7523	0
7524	2
7525	1
7526	0
7527	0
7528	0
7529	1
7530	0
7531	0
7532	1
7533	0
7534	1
7535	0
7536	0
7537	3
7538	2
7539	0
7540	0
7541	0
7542	1
7543	1
7544	1
7545	0
7546	0
7547	0
7548	0
7549	0
7550	0
7551	1
7552	2
7553	0
7554	0
7555	0
7556	1
7557	2
7558	1
7559	1
7560	1
7561	1
7562	1
7563	1
7564	1
7565	0
7566	0
7567	0
7568	0
7569	1
7570	0
7571	1
7572	0
7573	0
7574	1
7575	1
7576	1
7577	0
7578	2
7579	1
7580	0
7581	0
7582	0
7583	0
7584	1
7585	0
7586	0
7587	0
7588	1
7589	0
7590	1
7591	0
7592	3
7593	0
7594	2
7595	0
7596	0
7597	1
7598	0
7599	1
7600	0
7601	0
7602	1
7603	0
7604	2
7605	0
7606	1
7607	1
7608	1
7609	2
7610	1
7611	0
7612	0
7613	0
7614	1
7615	1
7616	0
7617	0
7618	1
7619	0
7620	0
7621	2
7622	1
7623	0
7624	1
7625	0
7626	0
7627	4
7628	1
7629	2
7630	0
7631	0
7632	0
7633	2
7634	0
7635	0
7636	3
7637	0
7638	0
7639	1
7640	3
7641	1
7642	0
7643	1
7644	0
7645	1
7646	0
7647	0
7648	1
7649	3
7650	0
7651	3
7652	1
7653	1
7654	0
7655	0
7656	2
7657	0
7658	0
7659	0
7660	0
7661	0
7662	0
7663	2
7664	0
7665	0
7666	0
7667	3
7668	2
7669	0
7670	1
7671	0
7672	0
7673	1
7674	0
7675	0
7676	0
7677	0
7678	1
7679	0
7680	1
7681	0
7682	1
7683	1
7684	1
7685	1
7686	1
7687	2
7688	0
7689	4
7690	1
7691	0
7692	3
7693	0
7694	1
7695	0
7696	0
7697	0
7698	0
7699	0
7700	0
7701	0
7702	1
7703	0
7704	0
7705	3
7706	3
7707	1
7708	2
7709	2
7710	1
7711	1
7712	1
7713	1
7714	1
7715	0
7716	0
7717	0
7718	1
7719	1
7720	3
7721	0
7722	1
7723	3
7724	1
7725	0
7726	0
7727	0
7728	1
7729	0
7730	0
7731	2
7732	1
7733	1
7734	0
7735	0
7736	0
7737	1
7738	1
7739	0
7740	0
7741	0
7742	2
7743	0
7744	0
7745	1
7746	1
7747	0
7748	0
7749	0
7750	0
7751	0
7752	0
7753	0
7754	0
7755	0
7756	1
7757	3
7758	1
7759	0
7760	1
7761	2
7762	0
7763	0
7764	1
7765	1
7766	0
7767	0
7768	1
7769	2
7770	0
7771	0
7772	1
7773	0
7774	3
7775	0
7776	0
7777	1
7778	1
7779	0
7780	1
7781	0
7782	0
7783	1
7784	1
7785	0
7786	0
7787	0
7788	0
7789	1
7790	2
7791	1
7792	1
7793	1
7794	1
7795	1
7796	0
7797	1
7798	1
7799	1
7800	2
7801	0
7802	0
7803	1
7804	2
7805	0
7806	3
7807	0
7808	0
7809	0
7810	0
7811	0
7812	0
7813	0
7814	2
7815	0
7816	0
7817	1
7818	0
7819	1
7820	1
7821	0
7822	1
7823	0
7824	2
7825	0
7826	0
7827	1
7828	0
7829	0
7830	1
7831	0
7832	0
7833	1
7834	0
7835	1
7836	1
7837	0
7838	2
7839	2
7840	2
7841	1
7842	1
7843	1
7844	1
7845	0
7846	0
7847	0
7848	0
7849	0
7850	2
7851	0
7852	3
7853	0
7854	0
7855	0
7856	3
7857	2
7858	1
7859	1
7860	0
7861	1
7862	3
7863	1
7864	0
7865	0
7866	1
7867	0
7868	2
7869	1
7870	0
7871	0
7872	0
7873	0
7874	0
7875	0
7876	1
7877	0
7878	2
7879	0
7880	3
7881	0
7882	2
7883	1
7884	1
7885	0
7886	2
7887	1
7888	0
7889	1
7890	0
7891	0
7892	0
7893	0
7894	3
7895	0
7896	3
7897	2
7898	1
7899	0
7900	0
7901	1
7902	0
7903	1
7904	3
7905	0
7906	0
7907	0
7908	2
7909	1
7910	1
7911	1
7912	0
7913	1
7914	0
7915	0
7916	0
7917	0
7918	0
7919	0
7920	0
7921	1
7922	0
7923	3
7924	0
7925	1
7926	1
7927	0
7928	1
7929	1
7930	0
7931	0
7932	2
7933	0
7934	1
7935	4
7936	1
7937	0
7938	0
7939	2
7940	0
7941	1
7942	1
7943	0
7944	1
7945	1
7946	0
7947	0
7948	0
7949	1
7950	1
7951	0
7952	0
7953	2
7954	0
7955	1
7956	1
7957	1
7958	1
7959	1
7960	0
7961	2
7962	3
7963	0
7964	0
7965	0
7966	0
7967	3
7968	2
7969	0
7970	1
7971	1
7972	2
7973	0
7974	2
7975	1
7976	3
7977	1
7978	0
7979	1
7980	0
7981	1
7982	1
7983	2
7984	0
7985	0
7986	1
7987	0
7988	1
7989	3
7990	0
7991	1
7992	0
7993	0
7994	2
7995	1
7996	0
7997	1
7998	1
7999	0
8000	1
8001	0
8002	2
8003	0
8004	1
8005	0
8006	0
8007	0
8008	3
8009	2
8010	2
8011	1
8012	0
8013	0
8014	0
8015	1
8016	0
8017	1
8018	1
8019	1
8020	1
8021	1
8022	0
8023	1
8024	0
8025	0
8026	0
8027	1
8028	0
8029	1
8030	0
8031	0
8032	0
8033	2
8034	1
8035	2
8036	1
8037	0
8038	0
8039	3
8040	1
8041	1
8042	0
8043	1
8044	0
8045	2
8046	0
8047	0
8048	2
8049	2
8050	1
8051	0
8052	2
8053	0
8054	2
8055	0
8056	1
8057	1
8058	1
8059	1
8060	1
8061	0
8062	0
8063	0
8064	2
8065	0
8066	0
8067	1
8068	0
8069	0
8070	3
8071	1
8072	2
8073	0
8074	0
8075	3
8076	0
8077	1
8078	0
8079	0
8080	1
8081	1
8082	0
8083	0
8084	0
8085	0
8086	0
8087	0
8088	0
8089	0
8090	0
8091	0
8092	0
8093	0
8094	0
8095	0
8096	0
8097	0
8098	0
8099	0
8100	0
8101	0
8102	0
8103	0
8104	0
8105	0
8106	0
8107	0
8108	0
8109	0
8110	0
8111	0
8112	0
8113	0
8114	0
8115	0
8116	0
8117	0
8118	0
8119	0
8120	0
8121	0
8122	0
8123	0
8124	0
8125	0
8126	0
8127	0
8128	0
8129	0
8130	0
8131	0
8132	0
8133	0
8134	0
8135	0
8136	0
8137	0
8138	0
8139	0
8140	0
8141	0
8142	0
8143	0
8144	0
8145	0
8146	0
8147	0
8148	0
8149	0
8150	0
8151	0
8152	0
8153	0
8154	0
8155	0
8156	0
8157	0
8158	0
8159	0
8160	0
8161	0
8162	0
8163	0
8164	0
8165	0
8166	0
8167	0
8168	0
8169	0
8170	0
8171	0
8172	0
8173	0
8174	0
8175	0
8176	0
8177	0
8178	0
8179	0
8180	0
8181	0
8182	0
8183	0
8184	0
8185	0
8186	0
8187	0
8188	0
8189	0
8190	0
8191	0
