0	0
1	0
2	0
3	0
4	0
5	0
6	0
7	0
8	0
9	0
10	0
11	0
12	0
13	0
14	0
15	0
16	0
17	0
18	0
19	0
20	0
21	0
22	0
23	0
24	0
25	0
26	0
27	0
28	0
29	0
30	0
31	0
32	0
33	0
34	0
35	0
36	0
37	0
38	0
39	0
40	0
41	0
42	0
43	0
44	0
45	0
46	0
47	0
48	0
49	0
50	0
51	0
52	0
53	0
54	0
55	0
56	0
57	0
58	0
59	0
60	0
61	0
62	0
63	0
64	0
65	0
66	0
67	0
68	0
69	0
70	0
71	0
72	0
73	0
74	0
75	0
76	0
77	0
78	0
79	0
80	0
81	0
82	0
83	0
84	0
85	1
86	12
87	10
88	13
89	10
90	11
91	7
92	12
93	6
94	8
95	15
96	14
97	11
98	10
99	8
100	9
101	9
102	6
103	14
104	7
105	14
106	12
107	7
108	7
109	6
110	11
111	6
112	5
113	6
114	11
115	7
116	11
117	6
118	6
119	9
120	9
121	9
122	9
123	7
124	4
125	8
126	9
127	8
128	8
129	4
130	13
131	12
132	12
133	8
134	9
135	6
136	7
137	8
138	5
139	11
140	11
141	7
142	7
143	6
144	8
145	9
146	14
147	5
148	8
149	5
150	9
151	8
152	14
153	6
154	7
155	13
156	14
157	14
158	15
159	9
160	11
161	12
162	15
163	7
164	11
165	12
166	10
167	6
168	3
169	10
170	9
171	14
172	5
173	10
174	6
175	8
176	6
177	7
178	10
179	10
180	7
181	8
182	6
183	10
184	4
185	9
186	9
187	17
188	9
189	12
190	6
191	10
192	10
193	14
194	10
195	6
196	19
197	8
198	10
199	16
200	15
201	10
202	10
203	11
204	3
205	4
206	11
207	16
208	12
209	5
210	11
211	6
212	13
213	9
214	11
215	11
216	13
217	7
218	10
219	11
220	12
221	13
222	5
223	9
224	7
225	9
226	13
227	11
228	14
229	10
230	9
231	9
232	6
233	14
234	13
235	8
236	5
237	9
238	14
239	3
240	15
241	4
242	12
243	7
244	7
245	15
246	10
247	7
248	5
249	7
250	6
251	7
252	6
253	12
254	9
255	9
256	12
257	12
258	7
259	11
260	9
261	14
262	9
263	16
264	13
265	5
266	13
267	10
268	11
269	13
270	11
271	14
272	3
273	11
274	12
275	11
276	14
277	6
278	6
279	6
280	9
281	11
282	9
283	10
284	9
285	8
286	5
287	9
288	15
289	15
290	8
291	6
292	5
293	8
294	12
295	8
296	9
297	17
298	11
299	10
300	8
301	10
302	13
303	11
304	6
305	9
306	3
307	7
308	10
309	8
310	9
311	8
312	16
313	10
314	9
315	13
316	12
317	17
318	7
319	9
320	14
321	11
322	18
323	14
324	13
325	16
326	7
327	12
328	13
329	12
330	10
331	14
332	13
333	12
334	10
335	10
336	7
337	16
338	14
339	10
340	19
341	6
342	13
343	8
344	16
345	10
346	10
347	16
348	10
349	7
350	14
351	7
352	14
353	15
354	8
355	9
356	7
357	12
358	8
359	11
360	12
361	18
362	13
363	11
364	11
365	11
366	9
367	11
368	6
369	10
370	8
371	12
372	13
373	12
374	13
375	9
376	12
377	14
378	12
379	9
380	9
381	8
382	8
383	14
384	9
385	6
386	11
387	8
388	12
389	17
390	16
391	12
392	11
393	11
394	11
395	15
396	12
397	15
398	16
399	5
400	10
401	9
402	6
403	11
404	7
405	10
406	5
407	19
408	15
409	11
410	4
411	12
412	10
413	15
414	13
415	6
416	11
417	14
418	5
419	11
420	9
421	14
422	17
423	4
424	13
425	8
426	9
427	11
428	15
429	13
430	7
431	10
432	6
433	7
434	11
435	12
436	9
437	13
438	17
439	9
440	11
441	7
442	7
443	16
444	12
445	6
446	12
447	9
448	8
449	8
450	13
451	14
452	6
453	14
454	11
455	14
456	14
457	13
458	12
459	13
460	10
461	9
462	13
463	16
464	7
465	11
466	10
467	8
468	13
469	12
470	15
471	15
472	15
473	7
474	7
475	6
476	10
477	11
478	9
479	14
480	5
481	13
482	8
483	14
484	18
485	19
486	18
487	8
488	8
489	12
490	15
491	14
492	15
493	16
494	4
495	18
496	16
497	11
498	14
499	12
500	6
501	18
502	6
503	12
504	16
505	11
506	13
507	13
508	10
509	16
510	12
511	15
512	15
513	15
514	13
515	9
516	17
517	13
518	16
519	14
520	16
521	8
522	9
523	13
524	14
525	17
526	20
527	14
528	17
529	15
530	10
531	17
532	14
533	19
534	15
535	22
536	13
537	16
538	12
539	8
540	16
541	9
542	18
543	15
544	11
545	14
546	16
547	16
548	24
549	24
550	18
551	19
552	19
553	18
554	11
555	17
556	15
557	18
558	14
559	19
560	14
561	15
562	17
563	15
564	19
565	15
566	17
567	14
568	17
569	17
570	18
571	14
572	17
573	17
574	9
575	23
576	11
577	19
578	16
579	21
580	14
581	18
582	15
583	20
584	21
585	14
586	16
587	18
588	21
589	20
590	24
591	22
592	19
593	20
594	19
595	15
596	19
597	25
598	22
599	18
600	11
601	20
602	19
603	11
604	16
605	29
606	21
607	23
608	20
609	21
610	14
611	21
612	27
613	18
614	20
615	15
616	17
617	21
618	8
619	21
620	18
621	12
622	26
623	19
624	12
625	9
626	20
627	14
628	12
629	20
630	19
631	14
632	15
633	20
634	22
635	20
636	22
637	9
638	16
639	10
640	23
641	14
642	19
643	20
644	17
645	14
646	19
647	16
648	18
649	21
650	15
651	24
652	16
653	17
654	14
655	19
656	12
657	15
658	19
659	11
660	19
661	23
662	20
663	16
664	15
665	16
666	19
667	19
668	15
669	8
670	20
671	14
672	24
673	14
674	13
675	13
676	13
677	15
678	14
679	9
680	25
681	17
682	22
683	15
684	13
685	26
686	11
687	15
688	26
689	15
690	9
691	17
692	16
693	21
694	21
695	17
696	10
697	22
698	17
699	12
700	16
701	13
702	15
703	12
704	16
705	13
706	12
707	20
708	11
709	13
710	15
711	13
712	12
713	25
714	18
715	17
716	13
717	22
718	19
719	23
720	20
721	9
722	15
723	14
724	10
725	22
726	20
727	15
728	18
729	12
730	19
731	14
732	14
733	17
734	17
735	19
736	17
737	12
738	15
739	20
740	10
741	10
742	12
743	16
744	21
745	14
746	20
747	17
748	15
749	19
750	17
751	20
752	14
753	13
754	13
755	17
756	16
757	12
758	22
759	12
760	21
761	21
762	15
763	20
764	19
765	12
766	16
767	17
768	14
769	20
770	13
771	16
772	5
773	10
774	14
775	21
776	18
777	9
778	14
779	7
780	14
781	16
782	17
783	17
784	18
785	18
786	17
787	20
788	17
789	16
790	19
791	12
792	15
793	18
794	15
795	14
796	12
797	18
798	18
799	24
800	13
801	22
802	19
803	13
804	12
805	21
806	12
807	19
808	21
809	19
810	18
811	12
812	20
813	14
814	24
815	16
816	13
817	13
818	15
819	15
820	14
821	16
822	13
823	21
824	13
825	8
826	18
827	8
828	19
829	22
830	16
831	19
832	14
833	17
834	19
835	15
836	11
837	24
838	14
839	18
840	18
841	15
842	27
843	14
844	20
845	23
846	13
847	16
848	18
849	14
850	13
851	21
852	18
853	10
854	16
855	26
856	15
857	10
858	10
859	14
860	19
861	18
862	13
863	21
864	18
865	20
866	13
867	16
868	15
869	28
870	17
871	11
872	17
873	22
874	22
875	15
876	24
877	18
878	23
879	7
880	22
881	16
882	16
883	15
884	15
885	16
886	23
887	16
888	17
889	14
890	17
891	23
892	14
893	20
894	16
895	18
896	17
897	17
898	18
899	14
900	16
901	27
902	14
903	20
904	15
905	11
906	18
907	19
908	16
909	15
910	23
911	20
912	16
913	15
914	12
915	22
916	18
917	20
918	18
919	19
920	23
921	15
922	18
923	22
924	19
925	18
926	15
927	14
928	19
929	21
930	18
931	18
932	13
933	20
934	22
935	15
936	24
937	17
938	11
939	18
940	19
941	22
942	19
943	15
944	26
945	20
946	20
947	19
948	20
949	19
950	21
951	17
952	16
953	24
954	17
955	19
956	22
957	14
958	14
959	16
960	17
961	19
962	27
963	17
964	20
965	22
966	15
967	28
968	16
969	16
970	22
971	22
972	23
973	30
974	12
975	21
976	16
977	24
978	27
979	18
980	14
981	18
982	14
983	19
984	29
985	22
986	23
987	20
988	27
989	23
990	20
991	25
992	24
993	16
994	22
995	22
996	28
997	22
998	28
999	34
1000	17
1001	22
1002	16
1003	26
1004	24
1005	21
1006	29
1007	27
1008	11
1009	12
1010	20
1011	18
1012	16
1013	15
1014	17
1015	26
1016	16
1017	17
1018	21
1019	22
1020	19
1021	30
1022	22
1023	17
1024	11
1025	18
1026	21
1027	20
1028	22
1029	19
1030	26
1031	18
1032	26
1033	27
1034	17
1035	23
1036	16
1037	24
1038	22
1039	21
1040	10
1041	14
1042	27
1043	23
1044	24
1045	20
1046	20
1047	27
1048	17
1049	23
1050	17
1051	23
1052	23
1053	22
1054	22
1055	22
1056	20
1057	24
1058	20
1059	25
1060	24
1061	19
1062	23
1063	30
1064	22
1065	22
1066	17
1067	25
1068	26
1069	22
1070	20
1071	25
1072	22
1073	12
1074	20
1075	19
1076	26
1077	20
1078	23
1079	24
1080	25
1081	26
1082	23
1083	22
1084	30
1085	25
1086	18
1087	19
1088	28
1089	20
1090	18
1091	25
1092	17
1093	17
1094	12
1095	19
1096	17
1097	20
1098	22
1099	30
1100	18
1101	33
1102	13
1103	15
1104	28
1105	19
1106	16
1107	14
1108	27
1109	22
1110	13
1111	15
1112	28
1113	14
1114	23
1115	20
1116	16
1117	12
1118	16
1119	14
1120	17
1121	20
1122	24
1123	17
1124	18
1125	17
1126	22
1127	20
1128	21
1129	20
1130	17
1131	18
1132	27
1133	25
1134	25
1135	26
1136	17
1137	16
1138	16
1139	18
1140	20
1141	18
1142	19
1143	22
1144	26
1145	17
1146	22
1147	21
1148	25
1149	23
1150	20
1151	32
1152	24
1153	23
1154	14
1155	23
1156	27
1157	27
1158	23
1159	19
1160	23
1161	28
1162	31
1163	18
1164	23
1165	29
1166	27
1167	25
1168	26
1169	23
1170	19
1171	18
1172	17
1173	24
1174	24
1175	29
1176	23
1177	18
1178	24
1179	23
1180	23
1181	27
1182	24
1183	22
1184	16
1185	22
1186	26
1187	23
1188	20
1189	12
1190	21
1191	26
1192	18
1193	20
1194	17
1195	23
1196	14
1197	27
1198	27
1199	23
1200	14
1201	31
1202	26
1203	14
1204	25
1205	17
1206	28
1207	27
1208	22
1209	23
1210	21
1211	25
1212	26
1213	20
1214	22
1215	17
1216	29
1217	20
1218	19
1219	28
1220	27
1221	31
1222	18
1223	20
1224	28
1225	26
1226	15
1227	27
1228	16
1229	21
1230	32
1231	21
1232	17
1233	22
1234	13
1235	17
1236	27
1237	29
1238	29
1239	13
1240	31
1241	19
1242	20
1243	33
1244	23
1245	25
1246	22
1247	25
1248	26
1249	33
1250	24
1251	30
1252	24
1253	19
1254	15
1255	21
1256	17
1257	17
1258	20
1259	24
1260	23
1261	25
1262	34
1263	28
1264	16
1265	25
1266	27
1267	27
1268	25
1269	20
1270	20
1271	19
1272	28
1273	23
1274	26
1275	22
1276	18
1277	20
1278	26
1279	26
1280	30
1281	18
1282	23
1283	18
1284	20
1285	21
1286	32
1287	17
1288	21
1289	19
1290	24
1291	19
1292	25
1293	24
1294	21
1295	27
1296	29
1297	27
1298	16
1299	35
1300	22
1301	29
1302	23
1303	24
1304	29
1305	12
1306	28
1307	20
1308	40
1309	26
1310	17
1311	18
1312	19
1313	20
1314	28
1315	23
1316	18
1317	19
1318	23
1319	21
1320	24
1321	16
1322	26
1323	21
1324	15
1325	29
1326	19
1327	23
1328	25
1329	23
1330	15
1331	13
1332	31
1333	20
1334	17
1335	25
1336	25
1337	29
1338	22
1339	17
1340	25
1341	22
1342	26
1343	26
1344	23
1345	19
1346	29
1347	28
1348	25
1349	29
1350	18
1351	25
1352	30
1353	25
1354	27
1355	22
1356	27
1357	24
1358	23
1359	13
1360	16
1361	28
1362	20
1363	26
1364	21
1365	28
1366	14
1367	24
1368	26
1369	25
1370	25
1371	23
1372	26
1373	24
1374	26
1375	24
1376	33
1377	20
1378	25
1379	32
1380	24
1381	27
1382	23
1383	31
1384	27
1385	23
1386	26
1387	24
1388	31
1389	21
1390	26
1391	17
1392	26
1393	28
1394	22
1395	26
1396	22
1397	24
1398	34
1399	18
1400	22
1401	32
1402	29
1403	23
1404	20
1405	22
1406	25
1407	25
1408	35
1409	33
1410	32
1411	8
1412	34
1413	29
1414	19
1415	26
1416	24
1417	25
1418	39
1419	27
1420	32
1421	23
1422	20
1423	21
1424	26
1425	21
1426	20
1427	23
1428	21
1429	23
1430	32
1431	31
1432	19
1433	23
1434	28
1435	20
1436	26
1437	19
1438	22
1439	28
1440	23
1441	24
1442	24
1443	21
1444	25
1445	23
1446	19
1447	27
1448	31
1449	22
1450	27
1451	20
1452	35
1453	19
1454	23
1455	20
1456	31
1457	17
1458	25
1459	22
1460	25
1461	26
1462	31
1463	25
1464	20
1465	25
1466	26
1467	25
1468	16
1469	22
1470	20
1471	22
1472	33
1473	21
1474	18
1475	12
1476	24
1477	19
1478	22
1479	29
1480	15
1481	17
1482	20
1483	15
1484	19
1485	19
1486	29
1487	28
1488	29
1489	24
1490	20
1491	22
1492	19
1493	25
1494	22
1495	21
1496	22
1497	20
1498	32
1499	26
1500	16
1501	28
1502	21
1503	25
1504	19
1505	16
1506	22
1507	26
1508	22
1509	26
1510	25
1511	18
1512	17
1513	22
1514	29
1515	20
1516	22
1517	24
1518	19
1519	18
1520	23
1521	30
1522	14
1523	20
1524	19
1525	31
1526	26
1527	20
1528	21
1529	20
1530	23
1531	22
1532	19
1533	28
1534	22
1535	36
1536	21
1537	18
1538	25
1539	18
1540	20
1541	21
1542	24
1543	11
1544	11
1545	29
1546	24
1547	21
1548	26
1549	22
1550	16
1551	25
1552	22
1553	30
1554	23
1555	19
1556	19
1557	26
1558	21
1559	22
1560	16
1561	23
1562	39
1563	16
1564	20
1565	23
1566	18
1567	25
1568	39
1569	17
1570	24
1571	20
1572	23
1573	21
1574	18
1575	32
1576	32
1577	26
1578	19
1579	23
1580	22
1581	32
1582	21
1583	27
1584	17
1585	23
1586	16
1587	19
1588	14
1589	19
1590	19
1591	23
1592	21
1593	18
1594	18
1595	28
1596	18
1597	16
1598	24
1599	14
1600	18
1601	26
1602	23
1603	19
1604	13
1605	21
1606	19
1607	16
1608	24
1609	21
1610	22
1611	23
1612	25
1613	21
1614	26
1615	18
1616	16
1617	18
1618	17
1619	26
1620	32
1621	25
1622	24
1623	28
1624	32
1625	22
1626	25
1627	21
1628	30
1629	23
1630	27
1631	24
1632	31
1633	29
1634	20
1635	20
1636	20
1637	21
1638	19
1639	20
1640	19
1641	23
1642	28
1643	15
1644	28
1645	25
1646	16
1647	22
1648	20
1649	26
1650	21
1651	23
1652	20
1653	17
1654	18
1655	29
1656	16
1657	13
1658	20
1659	22
1660	23
1661	24
1662	26
1663	12
1664	18
1665	29
1666	19
1667	20
1668	28
1669	22
1670	24
1671	28
1672	20
1673	17
1674	30
1675	17
1676	30
1677	28
1678	25
1679	14
1680	24
1681	21
1682	19
1683	21
1684	20
1685	17
1686	22
1687	25
1688	29
1689	28
1690	29
1691	16
1692	22
1693	17
1694	19
1695	24
1696	18
1697	20
1698	24
1699	24
1700	22
1701	20
1702	23
1703	27
1704	16
1705	17
1706	22
1707	17
1708	20
1709	18
1710	25
1711	24
1712	16
1713	6
1714	18
1715	13
1716	21
1717	28
1718	12
1719	26
1720	12
1721	24
1722	27
1723	17
1724	23
1725	22
1726	15
1727	12
1728	22
1729	17
1730	21
1731	15
1732	17
1733	22
1734	19
1735	27
1736	17
1737	24
1738	11
1739	16
1740	19
1741	20
1742	13
1743	22
1744	19
1745	21
1746	24
1747	25
1748	24
1749	24
1750	17
1751	23
1752	14
1753	30
1754	30
1755	24
1756	27
1757	16
1758	20
1759	20
1760	17
1761	14
1762	31
1763	19
1764	20
1765	20
1766	22
1767	16
1768	20
1769	18
1770	17
1771	25
1772	21
1773	19
1774	17
1775	20
1776	22
1777	18
1778	22
1779	28
1780	24
1781	24
1782	22
1783	15
1784	20
1785	30
1786	12
1787	15
1788	20
1789	18
1790	22
1791	21
1792	20
1793	26
1794	11
1795	18
1796	23
1797	21
1798	17
1799	17
1800	19
1801	18
1802	14
1803	19
1804	10
1805	21
1806	16
1807	15
1808	22
1809	20
1810	22
1811	19
1812	25
1813	14
1814	25
1815	23
1816	11
1817	26
1818	19
1819	24
1820	27
1821	17
1822	16
1823	10
1824	21
1825	21
1826	17
1827	28
1828	25
1829	17
1830	19
1831	15
1832	20
1833	22
1834	12
1835	23
1836	20
1837	16
1838	20
1839	22
1840	13
1841	15
1842	20
1843	15
1844	15
1845	20
1846	18
1847	14
1848	13
1849	11
1850	20
1851	19
1852	20
1853	11
1854	21
1855	16
1856	16
1857	23
1858	24
1859	32
1860	18
1861	17
1862	9
1863	20
1864	22
1865	19
1866	21
1867	19
1868	17
1869	12
1870	19
1871	20
1872	17
1873	17
1874	16
1875	20
1876	21
1877	29
1878	20
1879	25
1880	16
1881	17
1882	18
1883	19
1884	13
1885	24
1886	19
1887	20
1888	20
1889	28
1890	10
1891	19
1892	9
1893	15
1894	16
1895	18
1896	20
1897	28
1898	22
1899	25
1900	21
1901	20
1902	20
1903	17
1904	25
1905	17
1906	18
1907	21
1908	20
1909	11
1910	16
1911	16
1912	21
1913	17
1914	15
1915	19
1916	21
1917	15
1918	16
1919	18
1920	21
1921	18
1922	30
1923	24
1924	14
1925	24
1926	30
1927	27
1928	17
1929	16
1930	18
1931	18
1932	15
1933	14
1934	22
1935	28
1936	21
1937	15
1938	21
1939	21
1940	14
1941	17
1942	14
1943	17
1944	18
1945	12
1946	13
1947	18
1948	17
1949	15
1950	14
1951	22
1952	17
1953	10
1954	21
1955	12
1956	24
1957	13
1958	16
1959	30
1960	18
1961	20
1962	23
1963	21
1964	26
1965	22
1966	16
1967	13
1968	17
1969	14
1970	18
1971	14
1972	20
1973	12
1974	24
1975	18
1976	18
1977	19
1978	21
1979	24
1980	21
1981	14
1982	17
1983	16
1984	17
1985	18
1986	19
1987	16
1988	14
1989	13
1990	14
1991	9
1992	24
1993	18
1994	18
1995	18
1996	18
1997	10
1998	15
1999	14
2000	18
2001	21
2002	17
2003	21
2004	20
2005	8
2006	20
2007	20
2008	13
2009	15
2010	21
2011	16
2012	24
2013	20
2014	14
2015	14
2016	26
2017	19
2018	17
2019	15
2020	19
2021	11
2022	13
2023	12
2024	21
2025	17
2026	15
2027	16
2028	16
2029	16
2030	18
2031	15
2032	12
2033	14
2034	20
2035	16
2036	11
2037	15
2038	15
2039	13
2040	17
2041	21
2042	13
2043	16
2044	17
2045	25
2046	12
2047	13
2048	14
2049	18
2050	16
2051	18
2052	15
2053	12
2054	15
2055	25
2056	18
2057	23
2058	18
2059	21
2060	20
2061	24
2062	22
2063	16
2064	18
2065	17
2066	18
2067	13
2068	19
2069	7
2070	11
2071	18
2072	20
2073	19
2074	24
2075	15
2076	14
2077	10
2078	13
2079	17
2080	23
2081	12
2082	21
2083	14
2084	22
2085	12
2086	16
2087	15
2088	18
2089	14
2090	12
2091	16
2092	20
2093	15
2094	18
2095	16
2096	14
2097	14
2098	18
2099	13
2100	15
2101	12
2102	12
2103	20
2104	20
2105	20
2106	15
2107	12
2108	12
2109	14
2110	14
2111	17
2112	10
2113	25
2114	25
2115	23
2116	20
2117	15
2118	16
2119	19
2120	11
2121	12
2122	17
2123	19
2124	14
2125	15
2126	9
2127	21
2128	8
2129	17
2130	9
2131	26
2132	16
2133	16
2134	18
2135	20
2136	27
2137	16
2138	16
2139	22
2140	12
2141	12
2142	14
2143	7
2144	9
2145	8
2146	8
2147	11
2148	9
2149	18
2150	21
2151	13
2152	24
2153	21
2154	11
2155	16
2156	18
2157	16
2158	19
2159	14
2160	8
2161	15
2162	17
2163	22
2164	23
2165	14
2166	12
2167	17
2168	17
2169	20
2170	19
2171	22
2172	13
2173	15
2174	15
2175	16
2176	13
2177	18
2178	23
2179	24
2180	12
2181	22
2182	18
2183	18
2184	14
2185	16
2186	13
2187	19
2188	24
2189	20
2190	17
2191	12
2192	14
2193	15
2194	17
2195	22
2196	18
2197	10
2198	11
2199	20
2200	17
2201	18
2202	16
2203	12
2204	19
2205	15
2206	16
2207	15
2208	10
2209	15
2210	19
2211	17
2212	10
2213	21
2214	19
2215	18
2216	20
2217	13
2218	13
2219	21
2220	19
2221	12
2222	12
2223	26
2224	16
2225	20
2226	21
2227	17
2228	15
2229	22
2230	12
2231	13
2232	13
2233	10
2234	14
2235	16
2236	14
2237	15
2238	19
2239	20
2240	21
2241	14
2242	18
2243	13
2244	15
2245	15
2246	22
2247	10
2248	14
2249	12
2250	18
2251	17
2252	15
2253	13
2254	11
2255	16
2256	19
2257	18
2258	10
2259	12
2260	17
2261	18
2262	11
2263	16
2264	14
2265	15
2266	19
2267	11
2268	19
2269	21
2270	16
2271	17
2272	18
2273	10
2274	18
2275	10
2276	14
2277	12
2278	17
2279	16
2280	12
2281	17
2282	18
2283	14
2284	14
2285	14
2286	18
2287	15
2288	15
2289	17
2290	10
2291	15
2292	20
2293	16
2294	15
2295	10
2296	21
2297	13
2298	14
2299	10
2300	15
2301	20
2302	13
2303	16
2304	4
2305	13
2306	13
2307	14
2308	10
2309	17
2310	11
2311	12
2312	10
2313	15
2314	17
2315	14
2316	14
2317	20
2318	10
2319	22
2320	17
2321	12
2322	14
2323	17
2324	13
2325	18
2326	17
2327	22
2328	18
2329	17
2330	15
2331	8
2332	15
2333	18
2334	11
2335	13
2336	15
2337	21
2338	15
2339	14
2340	13
2341	19
2342	12
2343	16
2344	15
2345	21
2346	7
2347	16
2348	16
2349	16
2350	13
2351	12
2352	20
2353	15
2354	17
2355	14
2356	10
2357	10
2358	12
2359	10
2360	12
2361	18
2362	9
2363	21
2364	25
2365	15
2366	14
2367	14
2368	18
2369	25
2370	17
2371	14
2372	10
2373	22
2374	13
2375	10
2376	17
2377	11
2378	17
2379	13
2380	18
2381	13
2382	21
2383	14
2384	12
2385	20
2386	12
2387	15
2388	13
2389	23
2390	16
2391	16
2392	20
2393	18
2394	8
2395	19
2396	16
2397	9
2398	12
2399	17
2400	17
2401	19
2402	8
2403	15
2404	12
2405	15
2406	15
2407	20
2408	17
2409	19
2410	17
2411	17
2412	11
2413	11
2414	11
2415	25
2416	13
2417	13
2418	15
2419	20
2420	10
2421	21
2422	17
2423	18
2424	6
2425	16
2426	8
2427	13
2428	10
2429	17
2430	18
2431	11
2432	13
2433	8
2434	14
2435	13
2436	16
2437	13
2438	14
2439	11
2440	22
2441	24
2442	20
2443	13
2444	8
2445	19
2446	17
2447	9
2448	10
2449	11
2450	11
2451	11
2452	16
2453	14
2454	19
2455	15
2456	9
2457	16
2458	16
2459	7
2460	14
2461	14
2462	15
2463	8
2464	12
2465	13
2466	11
2467	12
2468	18
2469	13
2470	18
2471	18
2472	8
2473	10
2474	12
2475	11
2476	21
2477	15
2478	11
2479	19
2480	14
2481	15
2482	13
2483	14
2484	11
2485	18
2486	13
2487	20
2488	15
2489	11
2490	9
2491	12
2492	14
2493	13
2494	12
2495	20
2496	19
2497	20
2498	19
2499	15
2500	6
2501	13
2502	9
2503	13
2504	9
2505	14
2506	14
2507	14
2508	17
2509	16
2510	7
2511	15
2512	15
2513	14
2514	15
2515	14
2516	12
2517	15
2518	13
2519	11
2520	10
2521	21
2522	14
2523	21
2524	19
2525	18
2526	18
2527	9
2528	20
2529	13
2530	7
2531	16
2532	10
2533	20
2534	20
2535	14
2536	15
2537	7
2538	16
2539	16
2540	21
2541	19
2542	8
2543	8
2544	13
2545	18
2546	15
2547	20
2548	16
2549	13
2550	18
2551	10
2552	10
2553	13
2554	12
2555	17
2556	14
2557	14
2558	8
2559	11
2560	14
2561	9
2562	16
2563	15
2564	13
2565	13
2566	17
2567	16
2568	11
2569	18
2570	20
2571	19
2572	19
2573	8
2574	21
2575	11
2576	18
2577	14
2578	18
2579	18
2580	14
2581	10
2582	12
2583	18
2584	19
2585	16
2586	14
2587	14
2588	11
2589	9
2590	21
2591	11
2592	17
2593	14
2594	9
2595	17
2596	6
2597	9
2598	10
2599	15
2600	10
2601	13
2602	16
2603	9
2604	17
2605	17
2606	13
2607	16
2608	13
2609	8
2610	8
2611	15
2612	10
2613	13
2614	12
2615	17
2616	21
2617	11
2618	10
2619	15
2620	17
2621	16
2622	8
2623	18
2624	15
2625	12
2626	14
2627	5
2628	17
2629	20
2630	7
2631	13
2632	15
2633	20
2634	20
2635	14
2636	14
2637	10
2638	17
2639	13
2640	14
2641	18
2642	9
2643	18
2644	8
2645	14
2646	13
2647	16
2648	8
2649	12
2650	12
2651	18
2652	14
2653	14
2654	8
2655	10
2656	9
2657	14
2658	13
2659	10
2660	6
2661	15
2662	15
2663	10
2664	16
2665	11
2666	16
2667	16
2668	13
2669	15
2670	7
2671	13
2672	11
2673	12
2674	10
2675	11
2676	15
2677	11
2678	13
2679	10
2680	14
2681	11
2682	17
2683	6
2684	7
2685	12
2686	10
2687	16
2688	10
2689	15
2690	8
2691	11
2692	16
2693	9
2694	17
2695	13
2696	18
2697	6
2698	10
2699	14
2700	8
2701	9
2702	19
2703	13
2704	14
2705	9
2706	13
2707	22
2708	11
2709	10
2710	21
2711	11
2712	8
2713	11
2714	10
2715	6
2716	19
2717	11
2718	16
2719	12
2720	10
2721	14
2722	12
2723	13
2724	13
2725	9
2726	19
2727	10
2728	14
2729	12
2730	12
2731	17
2732	16
2733	13
2734	13
2735	6
2736	18
2737	19
2738	16
2739	6
2740	13
2741	12
2742	23
2743	11
2744	11
2745	15
2746	8
2747	16
2748	15
2749	13
2750	11
2751	8
2752	14
2753	10
2754	12
2755	13
2756	13
2757	15
2758	11
2759	9
2760	18
2761	16
2762	14
2763	18
2764	12
2765	10
2766	16
2767	8
2768	13
2769	12
2770	7
2771	9
2772	11
2773	13
2774	10
2775	11
2776	11
2777	13
2778	13
2779	15
2780	13
2781	7
2782	17
2783	14
2784	6
2785	9
2786	10
2787	10
2788	13
2789	9
2790	10
2791	14
2792	14
2793	17
2794	10
2795	5
2796	4
2797	18
2798	6
2799	12
2800	8
2801	13
2802	16
2803	16
2804	13
2805	13
2806	15
2807	13
2808	9
2809	13
2810	16
2811	8
2812	6
2813	12
2814	16
2815	8
2816	15
2817	15
2818	17
2819	17
2820	8
2821	9
2822	13
2823	9
2824	17
2825	14
2826	9
2827	7
2828	11
2829	16
2830	14
2831	13
2832	8
2833	15
2834	10
2835	13
2836	13
2837	11
2838	9
2839	5
2840	13
2841	15
2842	15
2843	12
2844	9
2845	10
2846	8
2847	7
2848	12
2849	11
2850	13
2851	11
2852	13
2853	13
2854	13
2855	11
2856	12
2857	7
2858	13
2859	8
2860	9
2861	10
2862	16
2863	12
2864	15
2865	11
2866	13
2867	12
2868	7
2869	15
2870	12
2871	12
2872	6
2873	8
2874	15
2875	13
2876	13
2877	17
2878	21
2879	15
2880	13
2881	9
2882	9
2883	14
2884	8
2885	11
2886	15
2887	14
2888	11
2889	15
2890	14
2891	19
2892	17
2893	17
2894	9
2895	14
2896	15
2897	12
2898	8
2899	9
2900	14
2901	15
2902	11
2903	11
2904	22
2905	13
2906	15
2907	12
2908	14
2909	11
2910	12
2911	8
2912	15
2913	12
2914	10
2915	7
2916	20
2917	13
2918	11
2919	10
2920	7
2921	14
2922	9
2923	11
2924	13
2925	12
2926	13
2927	7
2928	10
2929	8
2930	8
2931	14
2932	12
2933	10
2934	11
2935	12
2936	13
2937	11
2938	14
2939	14
2940	16
2941	8
2942	14
2943	12
2944	12
2945	12
2946	23
2947	6
2948	18
2949	7
2950	9
2951	9
2952	20
2953	5
2954	10
2955	11
2956	9
2957	8
2958	13
2959	10
2960	14
2961	10
2962	18
2963	10
2964	10
2965	10
2966	9
2967	12
2968	6
2969	9
2970	12
2971	9
2972	15
2973	5
2974	11
2975	12
2976	8
2977	12
2978	12
2979	12
2980	13
2981	11
2982	12
2983	5
2984	10
2985	10
2986	10
2987	15
2988	14
2989	8
2990	16
2991	10
2992	6
2993	16
2994	9
2995	14
2996	12
2997	17
2998	16
2999	18
3000	7
3001	9
3002	11
3003	14
3004	17
3005	12
3006	8
3007	15
3008	13
3009	15
3010	13
3011	13
3012	6
3013	12
3014	10
3015	14
3016	15
3017	11
3018	12
3019	11
3020	12
3021	10
3022	19
3023	14
3024	10
3025	9
3026	9
3027	11
3028	16
3029	10
3030	12
3031	17
3032	14
3033	10
3034	10
3035	9
3036	8
3037	7
3038	11
3039	10
3040	16
3041	16
3042	10
3043	13
3044	10
3045	14
3046	15
3047	4
3048	14
3049	11
3050	10
3051	9
3052	16
3053	10
3054	10
3055	11
3056	13
3057	14
3058	9
3059	9
3060	9
3061	12
3062	9
3063	12
3064	15
3065	14
3066	16
3067	4
3068	13
3069	9
3070	10
3071	14
3072	11
3073	14
3074	12
3075	9
3076	11
3077	13
3078	10
3079	10
3080	12
3081	12
3082	7
3083	8
3084	3
3085	11
3086	16
3087	10
3088	14
3089	7
3090	14
3091	5
3092	11
3093	12
3094	11
3095	14
3096	6
3097	9
3098	13
3099	9
3100	8
3101	11
3102	10
3103	14
3104	12
3105	13
3106	6
3107	18
3108	12
3109	9
3110	11
3111	9
3112	7
3113	11
3114	18
3115	13
3116	15
3117	12
3118	10
3119	14
3120	10
3121	15
3122	11
3123	12
3124	6
3125	7
3126	14
3127	10
3128	13
3129	10
3130	12
3131	12
3132	20
3133	12
3134	22
3135	9
3136	12
3137	13
3138	12
3139	10
3140	5
3141	9
3142	9
3143	7
3144	10
3145	17
3146	7
3147	11
3148	7
3149	14
3150	12
3151	16
3152	12
3153	10
3154	8
3155	16
3156	12
3157	15
3158	11
3159	10
3160	12
3161	11
3162	10
3163	14
3164	9
3165	7
3166	7
3167	11
3168	7
3169	12
3170	10
3171	9
3172	7
3173	8
3174	11
3175	7
3176	9
3177	19
3178	7
3179	5
3180	11
3181	6
3182	15
3183	8
3184	10
3185	10
3186	15
3187	10
3188	13
3189	9
3190	10
3191	10
3192	12
3193	11
3194	7
3195	10
3196	9
3197	16
3198	13
3199	7
3200	15
3201	12
3202	8
3203	14
3204	13
3205	12
3206	12
3207	16
3208	9
3209	9
3210	13
3211	6
3212	10
3213	9
3214	10
3215	15
3216	8
3217	12
3218	10
3219	12
3220	9
3221	9
3222	8
3223	11
3224	9
3225	11
3226	13
3227	20
3228	9
3229	12
3230	6
3231	7
3232	13
3233	7
3234	10
3235	17
3236	12
3237	6
3238	12
3239	17
3240	15
3241	19
3242	6
3243	10
3244	8
3245	4
3246	11
3247	10
3248	16
3249	17
3250	8
3251	9
3252	3
3253	8
3254	9
3255	6
3256	7
3257	11
3258	13
3259	8
3260	8
3261	13
3262	8
3263	11
3264	12
3265	4
3266	6
3267	8
3268	11
3269	7
3270	13
3271	11
3272	12
3273	11
3274	5
3275	4
3276	13
3277	9
3278	9
3279	7
3280	8
3281	12
3282	8
3283	11
3284	7
3285	11
3286	8
3287	6
3288	9
3289	9
3290	12
3291	9
3292	12
3293	7
3294	11
3295	11
3296	11
3297	13
3298	8
3299	9
3300	8
3301	8
3302	9
3303	16
3304	7
3305	13
3306	17
3307	8
3308	7
3309	11
3310	9
3311	8
3312	10
3313	10
3314	13
3315	10
3316	12
3317	12
3318	7
3319	9
3320	9
3321	12
3322	10
3323	10
3324	15
3325	10
3326	11
3327	12
3328	6
3329	8
3330	9
3331	10
3332	8
3333	7
3334	7
3335	9
3336	4
3337	6
3338	5
3339	8
3340	10
3341	12
3342	11
3343	13
3344	8
3345	15
3346	11
3347	7
3348	5
3349	13
3350	7
3351	8
3352	11
3353	7
3354	6
3355	8
3356	7
3357	11
3358	14
3359	11
3360	6
3361	13
3362	10
3363	6
3364	10
3365	6
3366	12
3367	5
3368	10
3369	14
3370	5
3371	10
3372	9
3373	8
3374	5
3375	4
3376	21
3377	6
3378	13
3379	9
3380	11
3381	8
3382	9
3383	11
3384	10
3385	12
3386	16
3387	14
3388	9
3389	8
3390	13
3391	15
3392	10
3393	8
3394	5
3395	6
3396	11
3397	12
3398	10
3399	12
3400	9
3401	8
3402	12
3403	9
3404	11
3405	11
3406	10
3407	10
3408	9
3409	11
3410	5
3411	10
3412	7
3413	10
3414	6
3415	13
3416	8
3417	12
3418	15
3419	6
3420	7
3421	7
3422	7
3423	11
3424	7
3425	7
3426	5
3427	7
3428	11
3429	11
3430	8
3431	9
3432	7
3433	12
3434	10
3435	16
3436	12
3437	14
3438	9
3439	10
3440	8
3441	12
3442	7
3443	8
3444	7
3445	13
3446	11
3447	5
3448	10
3449	8
3450	18
3451	8
3452	8
3453	18
3454	11
3455	7
3456	8
3457	9
3458	8
3459	4
3460	6
3461	5
3462	9
3463	12
3464	7
3465	11
3466	16
3467	7
3468	15
3469	11
3470	6
3471	5
3472	5
3473	10
3474	7
3475	10
3476	9
3477	11
3478	10
3479	12
3480	8
3481	5
3482	12
3483	8
3484	15
3485	10
3486	6
3487	6
3488	13
3489	12
3490	12
3491	17
3492	12
3493	10
3494	7
3495	5
3496	6
3497	4
3498	9
3499	9
3500	13
3501	15
3502	6
3503	11
3504	9
3505	14
3506	7
3507	13
3508	11
3509	7
3510	11
3511	8
3512	12
3513	3
3514	10
3515	12
3516	9
3517	14
3518	10
3519	8
3520	9
3521	7
3522	8
3523	7
3524	14
3525	9
3526	15
3527	9
3528	13
3529	9
3530	15
3531	11
3532	8
3533	2
3534	14
3535	5
3536	5
3537	11
3538	9
3539	7
3540	7
3541	11
3542	7
3543	4
3544	5
3545	9
3546	8
3547	13
3548	14
3549	7
3550	8
3551	9
3552	8
3553	9
3554	6
3555	7
3556	9
3557	10
3558	9
3559	12
3560	7
3561	7
3562	16
3563	7
3564	8
3565	9
3566	11
3567	6
3568	6
3569	9
3570	8
3571	8
3572	12
3573	12
3574	7
3575	8
3576	11
3577	7
3578	3
3579	8
3580	11
3581	7
3582	13
3583	9
3584	8
3585	16
3586	4
3587	11
3588	5
3589	5
3590	11
3591	5
3592	6
3593	5
3594	5
3595	11
3596	9
3597	10
3598	9
3599	8
3600	9
3601	3
3602	13
3603	14
3604	14
3605	12
3606	8
3607	9
3608	9
3609	10
3610	14
3611	8
3612	7
3613	7
3614	9
3615	10
3616	11
3617	11
3618	5
3619	19
3620	6
3621	10
3622	1
3623	6
3624	12
3625	6
3626	7
3627	7
3628	4
3629	12
3630	11
3631	4
3632	6
3633	7
3634	8
3635	6
3636	10
3637	8
3638	15
3639	9
3640	13
3641	8
3642	16
3643	10
3644	9
3645	9
3646	7
3647	8
3648	10
3649	15
3650	11
3651	5
3652	11
3653	6
3654	5
3655	16
3656	7
3657	8
3658	8
3659	10
3660	10
3661	6
3662	11
3663	14
3664	10
3665	8
3666	9
3667	11
3668	8
3669	12
3670	6
3671	11
3672	8
3673	12
3674	7
3675	8
3676	10
3677	14
3678	9
3679	9
3680	13
3681	16
3682	10
3683	13
3684	9
3685	6
3686	6
3687	11
3688	8
3689	8
3690	16
3691	7
3692	11
3693	12
3694	11
3695	9
3696	11
3697	7
3698	10
3699	9
3700	10
3701	10
3702	8
3703	12
3704	13
3705	7
3706	7
3707	10
3708	7
3709	8
3710	8
3711	5
3712	9
3713	5
3714	7
3715	6
3716	9
3717	11
3718	10
3719	5
3720	13
3721	8
3722	9
3723	6
3724	7
3725	13
3726	12
3727	6
3728	8
3729	9
3730	10
3731	13
3732	12
3733	8
3734	7
3735	5
3736	11
3737	8
3738	8
3739	9
3740	7
3741	13
3742	8
3743	11
3744	13
3745	10
3746	7
3747	8
3748	11
3749	9
3750	8
3751	10
3752	8
3753	11
3754	9
3755	11
3756	8
3757	5
3758	6
3759	6
3760	10
3761	6
3762	4
3763	4
3764	8
3765	13
3766	7
3767	6
3768	9
3769	2
3770	5
3771	7
3772	11
3773	12
3774	8
3775	12
3776	7
3777	8
3778	4
3779	12
3780	8
3781	9
3782	5
3783	11
3784	4
3785	15
3786	5
3787	10
3788	11
3789	13
3790	8
3791	6
3792	11
3793	11
3794	10
3795	11
3796	6
3797	13
3798	12
3799	6
3800	11
3801	8
3802	9
3803	13
3804	6
3805	11
3806	9
3807	7
3808	7
3809	10
3810	6
3811	10
3812	11
3813	12
3814	12
3815	7
3816	9
3817	9
3818	9
3819	18
3820	11
3821	8
3822	8
3823	12
3824	9
3825	7
3826	10
3827	8
3828	10
3829	7
3830	9
3831	8
3832	6
3833	11
3834	8
3835	7
3836	11
3837	9
3838	6
3839	9
3840	10
3841	11
3842	9
3843	8
3844	11
3845	5
3846	12
3847	7
3848	8
3849	5
3850	12
3851	5
3852	6
3853	10
3854	9
3855	8
3856	2
3857	11
3858	15
3859	9
3860	5
3861	20
3862	15
3863	7
3864	5
3865	9
3866	5
3867	4
3868	6
3869	7
3870	9
3871	14
3872	3
3873	9
3874	8
3875	11
3876	9
3877	9
3878	10
3879	6
3880	5
3881	8
3882	4
3883	15
3884	12
3885	9
3886	9
3887	14
3888	9
3889	7
3890	10
3891	12
3892	5
3893	10
3894	5
3895	8
3896	16
3897	3
3898	12
3899	11
3900	11
3901	6
3902	7
3903	4
3904	10
3905	2
3906	6
3907	9
3908	12
3909	7
3910	12
3911	11
3912	11
3913	9
3914	8
3915	10
3916	8
3917	9
3918	11
3919	7
3920	9
3921	10
3922	6
3923	12
3924	6
3925	7
3926	9
3927	6
3928	8
3929	18
3930	5
3931	12
3932	14
3933	5
3934	7
3935	8
3936	3
3937	9
3938	6
3939	12
3940	8
3941	8
3942	7
3943	9
3944	13
3945	12
3946	12
3947	8
3948	3
3949	10
3950	7
3951	12
3952	10
3953	5
3954	6
3955	10
3956	8
3957	7
3958	9
3959	12
3960	10
3961	11
3962	6
3963	12
3964	7
3965	9
3966	6
3967	9
3968	11
3969	4
3970	10
3971	12
3972	8
3973	11
3974	8
3975	11
3976	9
3977	12
3978	15
3979	4
3980	9
3981	8
3982	10
3983	16
3984	12
3985	6
3986	12
3987	9
3988	8
3989	5
3990	10
3991	4
3992	9
3993	12
3994	5
3995	7
3996	13
3997	14
3998	10
3999	8
4000	17
4001	10
4002	7
4003	6
4004	7
4005	6
4006	9
4007	5
4008	7
4009	9
4010	10
4011	13
4012	11
4013	13
4014	14
4015	8
4016	7
4017	6
4018	6
4019	14
4020	7
4021	7
4022	9
4023	6
4024	10
4025	6
4026	6
4027	9
4028	11
4029	8
4030	9
4031	8
4032	3
4033	8
4034	13
4035	11
4036	6
4037	10
4038	5
4039	7
4040	16
4041	5
4042	12
4043	8
4044	7
4045	6
4046	10
4047	11
4048	9
4049	4
4050	7
4051	6
4052	8
4053	14
4054	16
4055	11
4056	8
4057	16
4058	5
4059	13
4060	7
4061	6
4062	9
4063	6
4064	12
4065	9
4066	13
4067	8
4068	8
4069	4
4070	6
4071	7
4072	13
4073	7
4074	16
4075	6
4076	13
4077	4
4078	13
4079	8
4080	9
4081	12
4082	15
4083	16
4084	16
4085	9
4086	13
4087	6
4088	17
4089	6
4090	10
4091	9
4092	7
4093	11
4094	13
4095	13
4096	7
4097	15
4098	12
4099	8
4100	10
4101	10
4102	12
4103	6
4104	7
4105	9
4106	11
4107	7
4108	7
4109	10
4110	15
4111	11
4112	10
4113	13
4114	13
4115	6
4116	5
4117	9
4118	5
4119	11
4120	8
4121	9
4122	12
4123	10
4124	10
4125	13
4126	7
4127	7
4128	9
4129	6
4130	4
4131	10
4132	11
4133	5
4134	11
4135	10
4136	12
4137	5
4138	12
4139	8
4140	4
4141	8
4142	8
4143	14
4144	5
4145	14
4146	6
4147	9
4148	9
4149	8
4150	5
4151	12
4152	9
4153	13
4154	11
4155	11
4156	12
4157	8
4158	8
4159	7
4160	7
4161	5
4162	5
4163	10
4164	11
4165	7
4166	9
4167	9
4168	17
4169	14
4170	10
4171	10
4172	6
4173	7
4174	14
4175	7
4176	10
4177	12
4178	6
4179	9
4180	12
4181	10
4182	6
4183	7
4184	12
4185	9
4186	7
4187	7
4188	11
4189	7
4190	9
4191	11
4192	5
4193	4
4194	12
4195	12
4196	7
4197	15
4198	12
4199	10
4200	11
4201	6
4202	10
4203	8
4204	9
4205	10
4206	7
4207	14
4208	11
4209	7
4210	6
4211	8
4212	9
4213	10
4214	9
4215	14
4216	13
4217	12
4218	15
4219	6
4220	5
4221	14
4222	11
4223	12
4224	9
4225	9
4226	6
4227	10
4228	9
4229	13
4230	13
4231	9
4232	6
4233	11
4234	11
4235	9
4236	12
4237	15
4238	5
4239	9
4240	7
4241	9
4242	9
4243	10
4244	11
4245	10
4246	7
4247	14
4248	12
4249	16
4250	9
4251	9
4252	10
4253	2
4254	11
4255	9
4256	13
4257	3
4258	9
4259	11
4260	12
4261	10
4262	11
4263	8
4264	8
4265	12
4266	12
4267	11
4268	19
4269	8
4270	8
4271	14
4272	11
4273	8
4274	13
4275	10
4276	11
4277	13
4278	9
4279	12
4280	9
4281	16
4282	12
4283	7
4284	7
4285	12
4286	12
4287	15
4288	8
4289	10
4290	10
4291	14
4292	8
4293	10
4294	19
4295	14
4296	9
4297	7
4298	16
4299	14
4300	7
4301	9
4302	4
4303	10
4304	5
4305	4
4306	7
4307	8
4308	7
4309	2
4310	9
4311	13
4312	11
4313	10
4314	12
4315	10
4316	10
4317	12
4318	11
4319	10
4320	11
4321	12
4322	11
4323	15
4324	10
4325	7
4326	10
4327	15
4328	15
4329	10
4330	6
4331	7
4332	15
4333	11
4334	11
4335	5
4336	13
4337	11
4338	4
4339	10
4340	9
4341	7
4342	12
4343	9
4344	12
4345	12
4346	6
4347	8
4348	10
4349	15
4350	10
4351	11
4352	9
4353	10
4354	8
4355	9
4356	10
4357	18
4358	9
4359	7
4360	5
4361	15
4362	12
4363	6
4364	9
4365	14
4366	10
4367	12
4368	7
4369	9
4370	13
4371	10
4372	11
4373	12
4374	14
4375	13
4376	18
4377	7
4378	8
4379	11
4380	12
4381	4
4382	13
4383	12
4384	11
4385	14
4386	9
4387	11
4388	17
4389	13
4390	8
4391	7
4392	14
4393	8
4394	15
4395	13
4396	12
4397	10
4398	7
4399	11
4400	12
4401	8
4402	9
4403	17
4404	8
4405	10
4406	18
4407	14
4408	15
4409	13
4410	10
4411	18
4412	17
4413	9
4414	9
4415	10
4416	10
4417	10
4418	9
4419	10
4420	10
4421	9
4422	11
4423	10
4424	10
4425	14
4426	15
4427	12
4428	13
4429	10
4430	9
4431	8
4432	10
4433	18
4434	9
4435	7
4436	15
4437	8
4438	9
4439	13
4440	15
4441	16
4442	9
4443	14
4444	10
4445	10
4446	12
4447	12
4448	9
4449	12
4450	11
4451	11
4452	10
4453	11
4454	8
4455	10
4456	18
4457	11
4458	11
4459	16
4460	9
4461	9
4462	15
4463	8
4464	14
4465	17
4466	13
4467	13
4468	8
4469	13
4470	7
4471	10
4472	14
4473	14
4474	15
4475	19
4476	10
4477	17
4478	7
4479	13
4480	9
4481	18
4482	18
4483	9
4484	23
4485	12
4486	13
4487	12
4488	12
4489	15
4490	8
4491	6
4492	20
4493	16
4494	11
4495	17
4496	9
4497	19
4498	14
4499	10
4500	16
4501	12
4502	15
4503	10
4504	18
4505	12
4506	19
4507	12
4508	13
4509	18
4510	12
4511	17
4512	11
4513	9
4514	15
4515	11
4516	15
4517	12
4518	9
4519	9
4520	18
4521	16
4522	19
4523	12
4524	10
4525	11
4526	8
4527	15
4528	11
4529	13
4530	13
4531	15
4532	14
4533	11
4534	16
4535	16
4536	15
4537	14
4538	21
4539	15
4540	17
4541	10
4542	13
4543	18
4544	13
4545	18
4546	13
4547	12
4548	12
4549	10
4550	19
4551	11
4552	15
4553	14
4554	19
4555	20
4556	14
4557	20
4558	21
4559	19
4560	16
4561	18
4562	19
4563	11
4564	15
4565	11
4566	15
4567	21
4568	14
4569	14
4570	8
4571	15
4572	13
4573	17
4574	13
4575	15
4576	14
4577	8
4578	15
4579	17
4580	22
4581	14
4582	13
4583	14
4584	17
4585	13
4586	12
4587	17
4588	10
4589	11
4590	14
4591	20
4592	16
4593	19
4594	21
4595	17
4596	12
4597	11
4598	15
4599	32
4600	9
4601	22
4602	16
4603	16
4604	11
4605	17
4606	13
4607	12
4608	11
4609	13
4610	13
4611	12
4612	17
4613	18
4614	16
4615	16
4616	12
4617	25
4618	19
4619	16
4620	18
4621	8
4622	12
4623	18
4624	18
4625	17
4626	17
4627	21
4628	19
4629	21
4630	24
4631	15
4632	14
4633	17
4634	24
4635	16
4636	17
4637	18
4638	15
4639	16
4640	17
4641	16
4642	19
4643	11
4644	13
4645	17
4646	8
4647	20
4648	18
4649	23
4650	8
4651	15
4652	14
4653	17
4654	18
4655	17
4656	18
4657	13
4658	21
4659	19
4660	10
4661	15
4662	16
4663	14
4664	12
4665	16
4666	28
4667	15
4668	19
4669	15
4670	16
4671	22
4672	20
4673	12
4674	17
4675	19
4676	15
4677	15
4678	15
4679	23
4680	21
4681	12
4682	22
4683	17
4684	27
4685	12
4686	24
4687	13
4688	16
4689	18
4690	21
4691	20
4692	15
4693	14
4694	21
4695	15
4696	12
4697	13
4698	19
4699	11
4700	16
4701	17
4702	23
4703	19
4704	13
4705	16
4706	20
4707	18
4708	13
4709	12
4710	21
4711	20
4712	19
4713	14
4714	14
4715	14
4716	14
4717	13
4718	20
4719	16
4720	15
4721	17
4722	11
4723	19
4724	16
4725	16
4726	21
4727	26
4728	16
4729	10
4730	20
4731	18
4732	9
4733	18
4734	12
4735	10
4736	18
4737	16
4738	19
4739	10
4740	14
4741	18
4742	22
4743	15
4744	15
4745	17
4746	22
4747	15
4748	18
4749	20
4750	15
4751	19
4752	17
4753	15
4754	11
4755	18
4756	13
4757	14
4758	20
4759	20
4760	13
4761	16
4762	20
4763	14
4764	21
4765	17
4766	14
4767	15
4768	21
4769	16
4770	11
4771	11
4772	17
4773	18
4774	15
4775	17
4776	23
4777	29
4778	18
4779	14
4780	14
4781	10
4782	19
4783	13
4784	11
4785	11
4786	19
4787	20
4788	15
4789	14
4790	16
4791	9
4792	16
4793	13
4794	16
4795	21
4796	15
4797	10
4798	14
4799	13
4800	16
4801	19
4802	17
4803	12
4804	11
4805	12
4806	14
4807	15
4808	12
4809	15
4810	11
4811	8
4812	11
4813	12
4814	10
4815	11
4816	14
4817	22
4818	10
4819	14
4820	12
4821	23
4822	13
4823	9
4824	10
4825	9
4826	10
4827	14
4828	9
4829	13
4830	14
4831	9
4832	16
4833	19
4834	17
4835	15
4836	8
4837	12
4838	20
4839	10
4840	17
4841	7
4842	8
4843	7
4844	12
4845	7
4846	15
4847	9
4848	15
4849	9
4850	5
4851	12
4852	9
4853	17
4854	14
4855	13
4856	14
4857	9
4858	8
4859	14
4860	10
4861	13
4862	11
4863	4
4864	9
4865	9
4866	11
4867	7
4868	16
4869	4
4870	18
4871	10
4872	13
4873	7
4874	10
4875	12
4876	8
4877	7
4878	8
4879	11
4880	10
4881	12
4882	10
4883	5
4884	7
4885	10
4886	6
4887	7
4888	9
4889	7
4890	9
4891	8
4892	9
4893	7
4894	6
4895	8
4896	10
4897	12
4898	19
4899	4
4900	10
4901	11
4902	13
4903	7
4904	7
4905	14
4906	6
4907	10
4908	9
4909	4
4910	1
4911	7
4912	6
4913	9
4914	4
4915	11
4916	8
4917	6
4918	3
4919	7
4920	10
4921	4
4922	7
4923	6
4924	6
4925	3
4926	2
4927	7
4928	7
4929	5
4930	10
4931	6
4932	6
4933	6
4934	8
4935	6
4936	9
4937	4
4938	11
4939	5
4940	8
4941	7
4942	6
4943	3
4944	3
4945	5
4946	8
4947	8
4948	7
4949	8
4950	7
4951	5
4952	2
4953	5
4954	0
4955	2
4956	9
4957	6
4958	2
4959	2
4960	4
4961	5
4962	3
4963	3
4964	2
4965	7
4966	7
4967	8
4968	6
4969	6
4970	1
4971	3
4972	4
4973	2
4974	7
4975	4
4976	3
4977	7
4978	6
4979	6
4980	1
4981	3
4982	4
4983	2
4984	4
4985	1
4986	1
4987	4
4988	2
4989	2
4990	4
4991	3
4992	5
4993	3
4994	2
4995	4
4996	3
4997	3
4998	1
4999	1
5000	2
5001	5
5002	1
5003	2
5004	5
5005	1
5006	1
5007	3
5008	3
5009	5
5010	7
5011	0
5012	0
5013	0
5014	1
5015	2
5016	3
5017	1
5018	1
5019	1
5020	2
5021	3
5022	1
5023	1
5024	3
5025	1
5026	5
5027	1
5028	1
5029	1
5030	3
5031	4
5032	3
5033	5
5034	1
5035	0
5036	4
5037	4
5038	1
5039	1
5040	3
5041	3
5042	0
5043	2
5044	4
5045	2
5046	1
5047	3
5048	1
5049	1
5050	0
5051	0
5052	2
5053	1
5054	0
5055	2
5056	0
5057	1
5058	1
5059	1
5060	0
5061	0
5062	0
5063	2
5064	2
5065	2
5066	0
5067	0
5068	1
5069	2
5070	0
5071	2
5072	0
5073	1
5074	0
5075	2
5076	2
5077	1
5078	1
5079	2
5080	1
5081	0
5082	1
5083	1
5084	2
5085	0
5086	0
5087	0
5088	1
5089	1
5090	1
5091	1
5092	1
5093	0
5094	2
5095	1
5096	2
5097	1
5098	1
5099	0
5100	0
5101	0
5102	0
5103	1
5104	1
5105	0
5106	0
5107	0
5108	0
5109	1
5110	0
5111	1
5112	2
5113	1
5114	0
5115	0
5116	1
5117	1
5118	1
5119	0
5120	2
5121	0
5122	3
5123	1
5124	2
5125	1
5126	1
5127	1
5128	1
5129	0
5130	1
5131	2
5132	2
5133	1
5134	1
5135	0
5136	2
5137	0
5138	0
5139	1
5140	0
5141	1
5142	1
5143	0
5144	2
5145	1
5146	0
5147	1
5148	1
5149	0
5150	1
5151	1
5152	3
5153	0
5154	1
5155	2
5156	0
5157	0
5158	1
5159	1
5160	2
5161	1
5162	0
5163	2
5164	1
5165	0
5166	1
5167	0
5168	3
5169	1
5170	0
5171	1
5172	1
5173	1
5174	0
5175	1
5176	2
5177	1
5178	1
5179	1
5180	0
5181	0
5182	0
5183	1
5184	1
5185	1
5186	1
5187	0
5188	1
5189	0
5190	0
5191	1
5192	2
5193	0
5194	0
5195	0
5196	0
5197	0
5198	0
5199	0
5200	0
5201	1
5202	1
5203	0
5204	1
5205	1
5206	1
5207	0
5208	0
5209	0
5210	1
5211	0
5212	1
5213	0
5214	0
5215	0
5216	1
5217	0
5218	1
5219	0
5220	0
5221	0
5222	0
5223	0
5224	0
5225	0
5226	1
5227	2
5228	0
5229	1
5230	0
5231	2
5232	3
5233	0
5234	2
5235	0
5236	0
5237	0
5238	0
5239	0
5240	1
5241	1
5242	0
5243	1
5244	1
5245	1
5246	1
5247	1
5248	0
5249	2
5250	0
5251	1
5252	0
5253	0
5254	0
5255	0
5256	1
5257	2
5258	0
5259	0
5260	1
5261	1
5262	1
5263	1
5264	0
5265	2
5266	0
5267	0
5268	1
5269	1
5270	2
5271	0
5272	2
5273	1
5274	1
5275	0
5276	0
5277	2
5278	0
5279	1
5280	2
5281	0
5282	1
5283	0
5284	0
5285	0
5286	0
5287	0
5288	1
5289	0
5290	0
5291	1
5292	0
5293	1
5294	0
5295	0
5296	1
5297	0
5298	2
5299	0
5300	1
5301	0
5302	1
5303	0
5304	1
5305	0
5306	1
5307	1
5308	3
5309	0
5310	2
5311	2
5312	0
5313	1
5314	1
5315	0
5316	0
5317	0
5318	0
5319	1
5320	0
5321	0
5322	0
5323	1
5324	1
5325	0
5326	0
5327	1
5328	0
5329	0
5330	0
5331	0
5332	1
5333	1
5334	0
5335	0
5336	0
5337	0
5338	1
5339	0
5340	0
5341	1
5342	1
5343	1
5344	0
5345	1
5346	1
5347	0
5348	0
5349	2
5350	0
5351	1
5352	0
5353	0
5354	2
5355	0
5356	0
5357	0
5358	0
5359	0
5360	1
5361	0
5362	0
5363	0
5364	1
5365	0
5366	0
5367	2
5368	2
5369	1
5370	0
5371	0
5372	0
5373	0
5374	1
5375	0
5376	1
5377	0
5378	0
5379	0
5380	0
5381	1
5382	0
5383	0
5384	4
5385	2
5386	0
5387	1
5388	0
5389	1
5390	1
5391	0
5392	0
5393	1
5394	0
5395	0
5396	0
5397	0
5398	1
5399	0
5400	1
5401	0
5402	0
5403	1
5404	0
5405	2
5406	0
5407	0
5408	2
5409	0
5410	0
5411	1
5412	0
5413	0
5414	0
5415	1
5416	0
5417	1
5418	0
5419	0
5420	1
5421	3
5422	1
5423	0
5424	1
5425	0
5426	1
5427	1
5428	2
5429	0
5430	0
5431	0
5432	0
5433	0
5434	1
5435	0
5436	2
5437	0
5438	0
5439	1
5440	0
5441	0
5442	0
5443	1
5444	1
5445	2
5446	1
5447	0
5448	0
5449	2
5450	2
5451	0
5452	0
5453	0
5454	0
5455	2
5456	1
5457	1
5458	1
5459	0
5460	0
5461	0
5462	1
5463	0
5464	0
5465	0
5466	1
5467	0
5468	0
5469	2
5470	1
5471	0
5472	1
5473	0
5474	1
5475	1
5476	0
5477	0
5478	1
5479	1
5480	1
5481	1
5482	2
5483	0
5484	1
5485	1
5486	0
5487	0
5488	1
5489	0
5490	3
5491	0
5492	0
5493	1
5494	2
5495	1
5496	0
5497	1
5498	0
5499	1
5500	0
5501	2
5502	0
5503	1
5504	1
5505	0
5506	3
5507	0
5508	1
5509	0
5510	0
5511	0
5512	0
5513	0
5514	0
5515	0
5516	1
5517	0
5518	1
5519	0
5520	0
5521	0
5522	2
5523	0
5524	0
5525	0
5526	0
5527	0
5528	0
5529	0
5530	0
5531	0
5532	0
5533	0
5534	1
5535	2
5536	1
5537	0
5538	1
5539	0
5540	1
5541	0
5542	0
5543	0
5544	0
5545	2
5546	1
5547	0
5548	1
5549	0
5550	0
5551	2
5552	2
5553	0
5554	2
5555	3
5556	0
5557	2
5558	0
5559	0
5560	1
5561	0
5562	0
5563	1
5564	1
5565	0
5566	1
5567	0
5568	1
5569	0
5570	0
5571	1
5572	0
5573	0
5574	0
5575	1
5576	0
5577	0
5578	1
5579	0
5580	0
5581	2
5582	1
5583	1
5584	0
5585	0
5586	0
5587	0
5588	0
5589	0
5590	1
5591	0
5592	0
5593	0
5594	0
5595	2
5596	0
5597	0
5598	0
5599	0
5600	0
5601	0
5602	0
5603	1
5604	0
5605	1
5606	2
5607	0
5608	1
5609	1
5610	1
5611	1
5612	0
5613	0
5614	1
5615	1
5616	2
5617	0
5618	0
5619	0
5620	0
5621	0
5622	0
5623	1
5624	0
5625	1
5626	0
5627	0
5628	0
5629	0
5630	0
5631	0
5632	0
5633	0
5634	1
5635	0
5636	0
5637	2
5638	2
5639	1
5640	0
5641	0
5642	0
5643	0
5644	4
5645	1
5646	0
5647	0
5648	1
5649	0
5650	0
5651	1
5652	0
5653	0
5654	0
5655	1
5656	0
5657	0
5658	0
5659	0
5660	2
5661	0
5662	0
5663	0
5664	1
5665	0
5666	0
5667	0
5668	0
5669	0
5670	0
5671	1
5672	3
5673	0
5674	1
5675	1
5676	0
5677	0
5678	0
5679	0
5680	0
5681	1
5682	1
5683	0
5684	0
5685	0
5686	0
5687	0
5688	1
5689	0
5690	0
5691	0
5692	0
5693	1
5694	1
5695	0
5696	0
5697	1
5698	0
5699	0
5700	2
5701	0
5702	0
5703	0
5704	1
5705	0
5706	1
5707	2
5708	1
5709	1
5710	1
5711	0
5712	0
5713	1
5714	2
5715	0
5716	1
5717	2
5718	1
5719	2
5720	1
5721	1
5722	0
5723	0
5724	1
5725	1
5726	0
5727	0
5728	0
5729	0
5730	0
5731	0
5732	1
5733	0
5734	0
5735	0
5736	0
5737	0
5738	0
5739	1
5740	1
5741	0
5742	0
5743	0
5744	0
5745	0
5746	0
5747	0
5748	1
5749	0
5750	0
5751	0
5752	1
5753	1
5754	0
5755	0
5756	0
5757	1
5758	0
5759	0
5760	0
5761	0
5762	1
5763	2
5764	1
5765	1
5766	0
5767	1
5768	0
5769	1
5770	0
5771	0
5772	0
5773	1
5774	0
5775	1
5776	0
5777	1
5778	1
5779	1
5780	1
5781	0
5782	1
5783	0
5784	0
5785	0
5786	0
5787	1
5788	2
5789	0
5790	0
5791	0
5792	0
5793	0
5794	1
5795	1
5796	1
5797	1
5798	0
5799	0
5800	1
5801	0
5802	0
5803	1
5804	0
5805	0
5806	0
5807	1
5808	0
5809	1
5810	1
5811	0
5812	1
5813	0
5814	2
5815	0
5816	0
5817	1
5818	0
5819	0
5820	0
5821	1
5822	1
5823	0
5824	0
5825	0
5826	0
5827	0
5828	1
5829	1
5830	1
5831	0
5832	1
5833	0
5834	0
5835	0
5836	2
5837	0
5838	1
5839	0
5840	1
5841	0
5842	0
5843	1
5844	0
5845	1
5846	2
5847	0
5848	0
5849	1
5850	0
5851	1
5852	1
5853	0
5854	0
5855	3
5856	0
5857	1
5858	1
5859	0
5860	1
5861	0
5862	2
5863	0
5864	0
5865	0
5866	0
5867	1
5868	0
5869	0
5870	1
5871	2
5872	0
5873	0
5874	0
5875	0
5876	0
5877	0
5878	1
5879	1
5880	0
5881	0
5882	0
5883	0
5884	0
5885	0
5886	0
5887	0
5888	2
5889	1
5890	2
5891	0
5892	0
5893	0
5894	0
5895	0
5896	2
5897	2
5898	1
5899	0
5900	0
5901	0
5902	0
5903	0
5904	1
5905	1
5906	0
5907	1
5908	1
5909	0
5910	1
5911	2
5912	1
5913	1
5914	0
5915	0
5916	2
5917	0
5918	0
5919	0
5920	0
5921	1
5922	0
5923	0
5924	0
5925	0
5926	0
5927	2
5928	1
5929	1
5930	0
5931	0
5932	0
5933	0
5934	1
5935	0
5936	0
5937	1
5938	0
5939	1
5940	1
5941	1
5942	1
5943	2
5944	0
5945	0
5946	0
5947	1
5948	2
5949	1
5950	0
5951	0
5952	0
5953	3
5954	0
5955	1
5956	0
5957	0
5958	0
5959	0
5960	2
5961	0
5962	1
5963	0
5964	0
5965	0
5966	0
5967	0
5968	1
5969	1
5970	1
5971	1
5972	0
5973	0
5974	0
5975	0
5976	1
5977	2
5978	0
5979	0
5980	0
5981	2
5982	1
5983	0
5984	0
5985	0
5986	0
5987	0
5988	0
5989	1
5990	1
5991	0
5992	1
5993	0
5994	1
5995	0
5996	0
5997	1
5998	1
5999	0
6000	0
6001	0
6002	0
6003	0
6004	0
6005	2
6006	1
6007	0
6008	0
6009	1
6010	1
6011	0
6012	0
6013	0
6014	0
6015	0
6016	1
6017	0
6018	0
6019	0
6020	1
6021	0
6022	0
6023	0
6024	1
6025	2
6026	0
6027	1
6028	0
6029	1
6030	1
6031	0
6032	0
6033	1
6034	1
6035	1
6036	0
6037	2
6038	0
6039	0
6040	0
6041	1
6042	0
6043	0
6044	0
6045	0
6046	2
6047	1
6048	1
6049	0
6050	0
6051	1
6052	0
6053	0
6054	1
6055	0
6056	0
6057	0
6058	1
6059	2
6060	2
6061	0
6062	1
6063	0
6064	1
6065	0
6066	1
6067	0
6068	2
6069	1
6070	0
6071	0
6072	0
6073	0
6074	1
6075	0
6076	0
6077	0
6078	0
6079	0
6080	1
6081	1
6082	0
6083	1
6084	2
6085	1
6086	0
6087	0
6088	0
6089	0
6090	1
6091	3
6092	0
6093	0
6094	0
6095	0
6096	0
6097	1
6098	0
6099	1
6100	0
6101	0
6102	1
6103	0
6104	1
6105	0
6106	0
6107	0
6108	1
6109	0
6110	0
6111	0
6112	2
6113	1
6114	0
6115	0
6116	0
6117	1
6118	0
6119	1
6120	2
6121	1
6122	0
6123	1
6124	1
6125	2
6126	0
6127	0
6128	0
6129	0
6130	0
6131	2
6132	0
6133	0
6134	0
6135	0
6136	1
6137	0
6138	1
6139	3
6140	0
6141	2
6142	0
6143	2
6144	0
6145	1
6146	0
6147	0
6148	0
6149	0
6150	0
6151	0
6152	1
6153	1
6154	1
6155	2
6156	1
6157	0
6158	1
6159	1
6160	0
6161	0
6162	0
6163	0
6164	0
6165	0
6166	0
6167	1
6168	0
6169	1
6170	0
6171	1
6172	0
6173	0
6174	1
6175	1
6176	1
6177	1
6178	0
6179	1
6180	2
6181	0
6182	1
6183	1
6184	0
6185	0
6186	1
6187	1
6188	0
6189	1
6190	0
6191	1
6192	0
6193	1
6194	0
6195	0
6196	1
6197	1
6198	1
6199	0
6200	1
6201	0
6202	0
6203	1
6204	0
6205	0
6206	1
6207	0
6208	0
6209	1
6210	2
6211	0
6212	0
6213	1
6214	0
6215	0
6216	1
6217	0
6218	1
6219	0
6220	0
6221	0
6222	0
6223	0
6224	0
6225	1
6226	0
6227	1
6228	0
6229	0
6230	0
6231	0
6232	2
6233	0
6234	0
6235	1
6236	0
6237	0
6238	0
6239	0
6240	0
6241	1
6242	0
6243	0
6244	1
6245	0
6246	0
6247	1
6248	0
6249	0
6250	1
6251	1
6252	0
6253	1
6254	0
6255	0
6256	1
6257	1
6258	1
6259	0
6260	1
6261	1
6262	0
6263	1
6264	1
6265	0
6266	0
6267	1
6268	0
6269	0
6270	0
6271	0
6272	0
6273	0
6274	0
6275	2
6276	0
6277	0
6278	0
6279	0
6280	0
6281	0
6282	0
6283	0
6284	0
6285	1
6286	0
6287	1
6288	1
6289	0
6290	0
6291	1
6292	1
6293	0
6294	1
6295	1
6296	1
6297	1
6298	1
6299	0
6300	1
6301	0
6302	0
6303	2
6304	0
6305	0
6306	1
6307	1
6308	0
6309	1
6310	0
6311	1
6312	1
6313	0
6314	0
6315	0
6316	0
6317	1
6318	0
6319	1
6320	0
6321	0
6322	0
6323	1
6324	0
6325	0
6326	1
6327	1
6328	1
6329	0
6330	0
6331	1
6332	1
6333	2
6334	0
6335	0
6336	0
6337	1
6338	0
6339	1
6340	0
6341	1
6342	0
6343	1
6344	0
6345	1
6346	1
6347	0
6348	0
6349	0
6350	0
6351	1
6352	0
6353	0
6354	0
6355	0
6356	1
6357	0
6358	0
6359	0
6360	1
6361	0
6362	0
6363	0
6364	0
6365	1
6366	0
6367	0
6368	1
6369	1
6370	0
6371	1
6372	0
6373	1
6374	2
6375	1
6376	1
6377	0
6378	0
6379	1
6380	3
6381	0
6382	0
6383	0
6384	0
6385	1
6386	0
6387	0
6388	0
6389	0
6390	0
6391	0
6392	1
6393	1
6394	2
6395	0
6396	0
6397	0
6398	0
6399	0
6400	0
6401	0
6402	0
6403	2
6404	0
6405	0
6406	0
6407	0
6408	0
6409	0
6410	0
6411	2
6412	1
6413	0
6414	1
6415	0
6416	1
6417	0
6418	0
6419	0
6420	1
6421	0
6422	0
6423	0
6424	2
6425	0
6426	1
6427	0
6428	2
6429	0
6430	1
6431	0
6432	0
6433	1
6434	0
6435	1
6436	2
6437	0
6438	1
6439	1
6440	1
6441	0
6442	1
6443	0
6444	0
6445	0
6446	1
6447	1
6448	0
6449	0
6450	0
6451	1
6452	3
6453	0
6454	0
6455	1
6456	3
6457	1
6458	1
6459	1
6460	0
6461	1
6462	0
6463	1
6464	0
6465	1
6466	0
6467	1
6468	1
6469	0
6470	0
6471	2
6472	0
6473	1
6474	0
6475	0
6476	0
6477	0
6478	0
6479	0
6480	0
6481	0
6482	0
6483	0
6484	0
6485	0
6486	0
6487	0
6488	0
6489	2
6490	1
6491	0
6492	3
6493	1
6494	0
6495	0
6496	2
6497	1
6498	2
6499	1
6500	0
6501	0
6502	1
6503	0
6504	0
6505	0
6506	0
6507	0
6508	0
6509	0
6510	0
6511	1
6512	1
6513	0
6514	1
6515	0
6516	0
6517	0
6518	0
6519	0
6520	1
6521	2
6522	0
6523	0
6524	1
6525	0
6526	1
6527	0
6528	0
6529	0
6530	0
6531	0
6532	0
6533	0
6534	0
6535	1
6536	0
6537	1
6538	1
6539	0
6540	0
6541	0
6542	0
6543	0
6544	1
6545	0
6546	1
6547	1
6548	1
6549	0
6550	0
6551	1
6552	1
6553	0
6554	0
6555	0
6556	1
6557	0
6558	1
6559	1
6560	0
6561	1
6562	1
6563	0
6564	0
6565	1
6566	0
6567	0
6568	0
6569	0
6570	0
6571	0
6572	0
6573	0
6574	4
6575	0
6576	0
6577	0
6578	0
6579	0
6580	0
6581	0
6582	1
6583	0
6584	0
6585	1
6586	1
6587	1
6588	1
6589	0
6590	0
6591	1
6592	1
6593	0
6594	0
6595	0
6596	0
6597	0
6598	1
6599	1
6600	0
6601	0
6602	0
6603	0
6604	0
6605	1
6606	0
6607	0
6608	0
6609	2
6610	1
6611	0
6612	1
6613	0
6614	0
6615	0
6616	0
6617	0
6618	2
6619	0
6620	0
6621	0
6622	0
6623	0
6624	1
6625	1
6626	2
6627	0
6628	1
6629	1
6630	0
6631	1
6632	1
6633	0
6634	0
6635	0
6636	1
6637	0
6638	0
6639	0
6640	0
6641	0
6642	1
6643	2
6644	1
6645	0
6646	1
6647	0
6648	0
6649	1
6650	1
6651	0
6652	1
6653	0
6654	0
6655	1
6656	0
6657	0
6658	1
6659	0
6660	0
6661	1
6662	0
6663	1
6664	1
6665	0
6666	0
6667	0
6668	0
6669	1
6670	1
6671	0
6672	0
6673	0
6674	1
6675	1
6676	0
6677	0
6678	1
6679	0
6680	1
6681	1
6682	1
6683	0
6684	0
6685	1
6686	0
6687	0
6688	2
6689	0
6690	1
6691	0
6692	1
6693	0
6694	1
6695	0
6696	0
6697	0
6698	3
6699	1
6700	0
6701	0
6702	1
6703	0
6704	0
6705	0
6706	1
6707	1
6708	0
6709	1
6710	1
6711	0
6712	0
6713	1
6714	0
6715	0
6716	0
6717	1
6718	0
6719	0
6720	1
6721	0
6722	1
6723	0
6724	0
6725	1
6726	0
6727	0
6728	1
6729	1
6730	0
6731	0
6732	0
6733	1
6734	0
6735	1
6736	0
6737	0
6738	0
6739	1
6740	0
6741	1
6742	0
6743	2
6744	1
6745	0
6746	0
6747	0
6748	0
6749	0
6750	0
6751	0
6752	0
6753	0
6754	2
6755	0
6756	1
6757	1
6758	0
6759	0
6760	0
6761	1
6762	0
6763	0
6764	1
6765	1
6766	0
6767	0
6768	0
6769	1
6770	0
6771	1
6772	2
6773	0
6774	0
6775	0
6776	0
6777	0
6778	0
6779	0
6780	0
6781	1
6782	1
6783	0
6784	0
6785	1
6786	2
6787	1
6788	1
6789	0
6790	0
6791	1
6792	0
6793	1
6794	0
6795	0
6796	1
6797	0
6798	1
6799	0
6800	0
6801	1
6802	1
6803	0
6804	0
6805	1
6806	0
6807	0
6808	0
6809	0
6810	0
6811	0
6812	0
6813	1
6814	0
6815	1
6816	0
6817	1
6818	1
6819	2
6820	1
6821	0
6822	0
6823	0
6824	1
6825	0
6826	1
6827	0
6828	1
6829	1
6830	1
6831	0
6832	1
6833	0
6834	0
6835	1
6836	0
6837	0
6838	1
6839	1
6840	0
6841	0
6842	0
6843	1
6844	0
6845	0
6846	0
6847	0
6848	1
6849	0
6850	0
6851	0
6852	0
6853	0
6854	0
6855	2
6856	0
6857	0
6858	0
6859	0
6860	0
6861	1
6862	0
6863	1
6864	0
6865	1
6866	0
6867	1
6868	0
6869	1
6870	0
6871	1
6872	0
6873	0
6874	0
6875	0
6876	0
6877	0
6878	1
6879	0
6880	1
6881	0
6882	0
6883	0
6884	0
6885	0
6886	1
6887	0
6888	2
6889	1
6890	1
6891	1
6892	0
6893	1
6894	0
6895	0
6896	0
6897	1
6898	1
6899	0
6900	0
6901	0
6902	1
6903	0
6904	0
6905	0
6906	3
6907	2
6908	1
6909	0
6910	0
6911	1
6912	1
6913	2
6914	1
6915	0
6916	0
6917	1
6918	1
6919	1
6920	0
6921	0
6922	0
6923	0
6924	1
6925	1
6926	1
6927	0
6928	1
6929	0
6930	0
6931	0
6932	0
6933	1
6934	0
6935	0
6936	1
6937	0
6938	0
6939	0
6940	0
6941	0
6942	1
6943	0
6944	0
6945	1
6946	0
6947	0
6948	1
6949	2
6950	0
6951	0
6952	0
6953	0
6954	0
6955	2
6956	1
6957	1
6958	0
6959	0
6960	1
6961	3
6962	0
6963	0
6964	1
6965	0
6966	0
6967	0
6968	1
6969	2
6970	0
6971	0
6972	0
6973	1
6974	0
6975	0
6976	0
6977	0
6978	0
6979	0
6980	0
6981	1
6982	0
6983	1
6984	1
6985	1
6986	1
6987	1
6988	0
6989	1
6990	0
6991	0
6992	0
6993	1
6994	0
6995	1
6996	1
6997	0
6998	0
6999	0
7000	0
7001	0
7002	0
7003	0
7004	0
7005	1
7006	2
7007	0
7008	0
7009	0
7010	0
7011	0
7012	0
7013	0
7014	0
7015	0
7016	0
7017	0
7018	0
7019	0
7020	1
7021	1
7022	0
7023	0
7024	1
7025	0
7026	0
7027	0
7028	1
7029	2
7030	0
7031	0
7032	0
7033	1
7034	0
7035	0
7036	0
7037	0
7038	0
7039	0
7040	0
7041	0
7042	1
7043	0
7044	0
7045	0
7046	0
7047	0
7048	1
7049	1
7050	2
7051	0
7052	0
7053	1
7054	1
7055	1
7056	0
7057	0
7058	0
7059	0
7060	0
7061	1
7062	0
7063	0
7064	0
7065	0
7066	0
7067	1
7068	0
7069	0
7070	0
7071	1
7072	0
7073	0
7074	0
7075	0
7076	0
7077	0
7078	1
7079	0
7080	0
7081	0
7082	1
7083	0
7084	0
7085	0
7086	0
7087	1
7088	1
7089	1
7090	0
7091	1
7092	2
7093	2
7094	0
7095	0
7096	2
7097	0
7098	0
7099	0
7100	0
7101	0
7102	0
7103	0
7104	0
7105	1
7106	0
7107	3
7108	0
7109	0
7110	1
7111	0
7112	0
7113	0
7114	0
7115	0
7116	3
7117	0
7118	0
7119	0
7120	0
7121	0
7122	0
7123	0
7124	0
7125	0
7126	1
7127	0
7128	0
7129	2
7130	0
7131	0
7132	0
7133	0
7134	0
7135	2
7136	0
7137	0
7138	0
7139	0
7140	1
7141	0
7142	1
7143	0
7144	0
7145	0
7146	0
7147	1
7148	0
7149	1
7150	1
7151	0
7152	1
7153	2
7154	1
7155	0
7156	1
7157	0
7158	0
7159	0
7160	0
7161	0
7162	0
7163	1
7164	1
7165	0
7166	0
7167	0
7168	0
7169	0
7170	1
7171	0
7172	0
7173	2
7174	0
7175	1
7176	0
7177	0
7178	0
7179	0
7180	0
7181	1
7182	0
7183	1
7184	0
7185	0
7186	0
7187	0
7188	1
7189	1
7190	1
7191	0
7192	0
7193	0
7194	0
7195	0
7196	0
7197	0
7198	1
7199	1
7200	0
7201	0
7202	0
7203	0
7204	0
7205	1
7206	1
7207	0
7208	0
7209	0
7210	1
7211	0
7212	0
7213	0
7214	1
7215	0
7216	0
7217	1
7218	0
7219	0
7220	0
7221	0
7222	1
7223	0
7224	0
7225	1
7226	1
7227	0
7228	0
7229	0
7230	0
7231	1
7232	1
7233	0
7234	0
7235	1
7236	2
7237	0
7238	1
7239	0
7240	0
7241	0
7242	0
7243	0
7244	0
7245	0
7246	0
7247	0
7248	0
7249	0
7250	0
7251	0
7252	0
7253	0
7254	0
7255	3
7256	0
7257	1
7258	0
7259	1
7260	1
7261	0
7262	0
7263	1
7264	0
7265	0
7266	0
7267	0
7268	0
7269	0
7270	1
7271	0
7272	1
7273	0
7274	0
7275	1
7276	0
7277	1
7278	1
7279	1
7280	0
7281	3
7282	0
7283	0
7284	0
7285	0
7286	2
7287	1
7288	0
7289	0
7290	0
7291	0
7292	0
7293	0
7294	1
7295	0
7296	0
7297	0
7298	0
7299	0
7300	0
7301	0
7302	1
7303	1
7304	0
7305	0
7306	0
7307	1
7308	0
7309	0
7310	0
7311	1
7312	0
7313	0
7314	0
7315	1
7316	1
7317	0
7318	1
7319	0
7320	0
7321	1
7322	0
7323	0
7324	0
7325	0
7326	0
7327	1
7328	0
7329	1
7330	0
7331	2
7332	0
7333	2
7334	0
7335	0
7336	1
7337	0
7338	0
7339	0
7340	0
7341	0
7342	1
7343	0
7344	0
7345	0
7346	0
7347	0
7348	0
7349	0
7350	0
7351	0
7352	0
7353	0
7354	0
7355	1
7356	0
7357	0
7358	1
7359	2
7360	0
7361	0
7362	0
7363	0
7364	0
7365	0
7366	0
7367	1
7368	0
7369	1
7370	0
7371	0
7372	0
7373	0
7374	1
7375	0
7376	1
7377	0
7378	0
7379	0
7380	0
7381	0
7382	1
7383	1
7384	0
7385	0
7386	1
7387	1
7388	0
7389	0
7390	1
7391	0
7392	1
7393	2
7394	0
7395	0
7396	1
7397	0
7398	0
7399	0
7400	0
7401	0
7402	0
7403	0
7404	1
7405	0
7406	0
7407	2
7408	1
7409	0
7410	0
7411	0
7412	1
7413	0
7414	0
7415	0
7416	0
7417	1
7418	1
7419	0
7420	0
7421	0
7422	1
7423	0
7424	1
7425	0
7426	0
7427	1
7428	0
7429	0
7430	0
7431	0
7432	1
7433	0
7434	0
7435	0
7436	1
7437	0
7438	0
7439	0
7440	0
7441	0
7442	1
7443	1
7444	0
7445	0
7446	2
7447	0
7448	1
7449	1
7450	0
7451	0
7452	0
7453	2
7454	0
7455	0
7456	0
7457	1
7458	1
7459	0
7460	0
7461	1
7462	1
7463	0
7464	2
7465	0
7466	1
7467	0
7468	0
7469	0
7470	1
7471	0
7472	0
7473	0
7474	0
7475	0
7476	0
7477	2
7478	0
7479	0
7480	0
7481	1
7482	0
7483	0
7484	0
7485	0
7486	1
7487	0
7488	0
7489	0
7490	0
7491	0
7492	1
7493	0
7494	0
7495	0
7496	1
7497	0
7498	0
7499	0
7500	0
7501	0
7502	0
7503	0
7504	0
7505	0
7506	0
7507	0
7508	1
7509	0
7510	0
7511	0
7512	1
7513	0
7514	0
7515	1
7516	0
7517	0
7518	0
7519	0
7520	0
7521	1
7522	0
7523	0
7524	0
7525	0
7526	0
7527	0
7528	1
7529	0
7530	0
7531	0
7532	1
7533	0
7534	0
7535	0
7536	1
7537	0
7538	0
7539	0
7540	0
7541	0
7542	0
7543	2
7544	0
7545	0
7546	1
7547	0
7548	0
7549	0
7550	1
7551	0
7552	0
7553	1
7554	0
7555	0
7556	0
7557	0
7558	0
7559	0
7560	1
7561	0
7562	0
7563	0
7564	0
7565	1
7566	2
7567	0
7568	3
7569	0
7570	1
7571	1
7572	0
7573	0
7574	0
7575	1
7576	2
7577	0
7578	0
7579	1
7580	0
7581	1
7582	0
7583	1
7584	0
7585	0
7586	0
7587	0
7588	0
7589	0
7590	0
7591	0
7592	0
7593	0
7594	0
7595	0
7596	1
7597	0
7598	0
7599	0
7600	1
7601	1
7602	0
7603	0
7604	0
7605	0
7606	0
7607	2
7608	1
7609	0
7610	0
7611	0
7612	0
7613	0
7614	1
7615	0
7616	2
7617	2
7618	1
7619	1
7620	1
7621	0
7622	0
7623	1
7624	1
7625	0
7626	3
7627	0
7628	0
7629	1
7630	1
7631	1
7632	0
7633	1
7634	0
7635	0
7636	1
7637	1
7638	2
7639	1
7640	1
7641	0
7642	0
7643	0
7644	1
7645	0
7646	1
7647	0
7648	0
7649	1
7650	0
7651	0
7652	0
7653	1
7654	0
7655	0
7656	0
7657	0
7658	0
7659	0
7660	1
7661	0
7662	0
7663	0
7664	0
7665	0
7666	0
7667	0
7668	0
7669	0
7670	0
7671	0
7672	0
7673	0
7674	1
7675	1
7676	1
7677	0
7678	0
7679	1
7680	1
7681	0
7682	0
7683	0
7684	0
7685	0
7686	0
7687	0
7688	0
7689	0
7690	0
7691	0
7692	0
7693	0
7694	0
7695	0
7696	0
7697	0
7698	0
7699	0
7700	1
7701	0
7702	0
7703	0
7704	0
7705	0
7706	0
7707	0
7708	0
7709	0
7710	0
7711	0
7712	2
7713	1
7714	1
7715	1
7716	0
7717	0
7718	0
7719	1
7720	0
7721	0
7722	0
7723	1
7724	0
7725	2
7726	0
7727	1
7728	0
7729	0
7730	1
7731	0
7732	1
7733	0
7734	0
7735	0
7736	1
7737	0
7738	1
7739	0
7740	0
7741	0
7742	0
7743	2
7744	0
7745	0
7746	1
7747	0
7748	0
7749	0
7750	0
7751	1
7752	1
7753	0
7754	1
7755	0
7756	0
7757	0
7758	0
7759	0
7760	2
7761	1
7762	1
7763	0
7764	0
7765	2
7766	1
7767	0
7768	1
7769	1
7770	0
7771	0
7772	2
7773	0
7774	0
7775	1
7776	1
7777	0
7778	0
7779	1
7780	0
7781	0
7782	0
7783	1
7784	0
7785	2
7786	0
7787	0
7788	0
7789	0
7790	1
7791	3
7792	0
7793	1
7794	1
7795	0
7796	0
7797	0
7798	0
7799	0
7800	0
7801	0
7802	0
7803	1
7804	0
7805	2
7806	1
7807	0
7808	1
7809	0
7810	0
7811	0
7812	0
7813	0
7814	0
7815	2
7816	1
7817	0
7818	1
7819	0
7820	1
7821	0
7822	0
7823	0
7824	0
7825	0
7826	0
7827	0
7828	1
7829	1
7830	0
7831	1
7832	1
7833	0
7834	0
7835	0
7836	0
7837	0
7838	0
7839	0
7840	0
7841	1
7842	1
7843	1
7844	0
7845	1
7846	0
7847	0
7848	0
7849	0
7850	1
7851	0
7852	0
7853	0
7854	0
7855	1
7856	0
7857	1
7858	1
7859	0
7860	0
7861	0
7862	0
7863	0
7864	0
7865	0
7866	1
7867	0
7868	0
7869	3
7870	0
7871	0
7872	0
7873	1
7874	0
7875	0
7876	1
7877	0
7878	1
7879	0
7880	1
7881	0
7882	1
7883	1
7884	0
7885	0
7886	1
7887	0
7888	1
7889	1
7890	0
7891	0
7892	1
7893	0
7894	0
7895	0
7896	0
7897	0
7898	1
7899	0
7900	0
7901	0
7902	0
7903	0
7904	0
7905	0
7906	1
7907	1
7908	0
7909	0
7910	0
7911	0
7912	1
7913	0
7914	0
7915	0
7916	0
7917	0
7918	2
7919	0
7920	0
7921	0
7922	0
7923	0
7924	1
7925	0
7926	0
7927	0
7928	0
7929	0
7930	0
7931	0
7932	0
7933	1
7934	0
7935	1
7936	0
7937	0
7938	2
7939	0
7940	0
7941	1
7942	1
7943	0
7944	0
7945	1
7946	0
7947	0
7948	0
7949	0
7950	0
7951	0
7952	1
7953	0
7954	0
7955	0
7956	3
7957	0
7958	0
7959	1
7960	0
7961	0
7962	1
7963	0
7964	0
7965	0
7966	0
7967	0
7968	0
7969	0
7970	0
7971	0
7972	2
7973	0
7974	0
7975	1
7976	0
7977	0
7978	0
7979	0
7980	0
7981	0
7982	0
7983	1
7984	1
7985	2
7986	1
7987	1
7988	2
7989	0
7990	0
7991	0
7992	1
7993	0
7994	0
7995	1
7996	0
7997	2
7998	1
7999	0
8000	0
8001	2
8002	1
8003	0
8004	0
8005	1
8006	0
8007	0
8008	1
8009	0
8010	1
8011	0
8012	2
8013	1
8014	0
8015	0
8016	0
8017	0
8018	0
8019	0
8020	0
8021	0
8022	2
8023	0
8024	0
8025	0
8026	0
8027	1
8028	2
8029	0
8030	0
8031	0
8032	0
8033	2
8034	0
8035	0
8036	0
8037	0
8038	1
8039	0
8040	0
8041	0
8042	0
8043	0
8044	1
8045	0
8046	0
8047	0
8048	0
8049	1
8050	0
8051	0
8052	1
8053	0
8054	0
8055	0
8056	0
8057	0
8058	1
8059	0
8060	0
8061	0
8062	2
8063	1
8064	0
8065	0
8066	0
8067	1
8068	0
8069	0
8070	0
8071	0
8072	0
8073	0
8074	0
8075	0
8076	0
8077	0
8078	0
8079	0
8080	1
8081	0
8082	0
8083	0
8084	0
8085	0
8086	0
8087	0
8088	0
8089	0
8090	0
8091	0
8092	0
8093	0
8094	0
8095	0
8096	0
8097	0
8098	0
8099	0
8100	0
8101	0
8102	0
8103	0
8104	0
8105	0
8106	0
8107	0
8108	0
8109	0
8110	0
8111	0
8112	0
8113	0
8114	0
8115	0
8116	0
8117	0
8118	0
8119	0
8120	0
8121	0
8122	0
8123	0
8124	0
8125	0
8126	0
8127	0
8128	0
8129	0
8130	0
8131	0
8132	0
8133	0
8134	0
8135	0
8136	0
8137	0
8138	0
8139	0
8140	0
8141	0
8142	0
8143	0
8144	0
8145	0
8146	0
8147	0
8148	0
8149	0
8150	0
8151	0
8152	0
8153	0
8154	0
8155	0
8156	0
8157	0
8158	0
8159	0
8160	0
8161	0
8162	0
8163	0
8164	0
8165	0
8166	0
8167	0
8168	0
8169	0
8170	0
8171	0
8172	0
8173	0
8174	0
8175	0
8176	0
8177	0
8178	0
8179	0
8180	0
8181	0
8182	0
8183	0
8184	0
8185	0
8186	0
8187	0
8188	0
8189	0
8190	0
8191	0
