0	0
1	0
2	0
3	0
4	0
5	0
6	0
7	0
8	0
9	0
10	0
11	0
12	0
13	0
14	0
15	0
16	0
17	0
18	0
19	0
20	0
21	0
22	0
23	0
24	0
25	0
26	0
27	0
28	0
29	0
30	0
31	0
32	0
33	0
34	0
35	0
36	0
37	0
38	0
39	0
40	0
41	0
42	0
43	0
44	0
45	0
46	0
47	0
48	0
49	0
50	0
51	0
52	0
53	0
54	0
55	0
56	0
57	0
58	0
59	0
60	0
61	0
62	0
63	0
64	0
65	0
66	0
67	0
68	0
69	0
70	0
71	0
72	0
73	0
74	0
75	0
76	0
77	0
78	0
79	0
80	0
81	0
82	0
83	0
84	2
85	14
86	85
87	121
88	150
89	123
90	148
91	104
92	123
93	97
94	101
95	97
96	99
97	101
98	97
99	85
100	64
101	74
102	50
103	50
104	63
105	46
106	36
107	52
108	35
109	31
110	40
111	28
112	42
113	30
114	36
115	36
116	33
117	24
118	25
119	35
120	39
121	36
122	28
123	35
124	31
125	41
126	44
127	43
128	32
129	38
130	41
131	44
132	41
133	33
134	39
135	43
136	57
137	56
138	37
139	36
140	40
141	27
142	33
143	38
144	42
145	44
146	46
147	38
148	28
149	30
150	23
151	28
152	22
153	20
154	24
155	25
156	22
157	25
158	27
159	27
160	20
161	17
162	23
163	18
164	20
165	16
166	21
167	19
168	19
169	16
170	15
171	10
172	11
173	22
174	21
175	20
176	21
177	11
178	19
179	21
180	17
181	16
182	15
183	25
184	16
185	19
186	17
187	16
188	19
189	14
190	18
191	16
192	17
193	25
194	20
195	16
196	21
197	28
198	19
199	22
200	22
201	25
202	18
203	24
204	25
205	30
206	31
207	28
208	19
209	26
210	25
211	36
212	29
213	43
214	26
215	22
216	36
217	21
218	21
219	27
220	31
221	34
222	37
223	30
224	26
225	27
226	30
227	31
228	26
229	23
230	28
231	30
232	31
233	35
234	30
235	28
236	16
237	25
238	24
239	32
240	30
241	28
242	27
243	22
244	19
245	27
246	18
247	22
248	23
249	23
250	38
251	21
252	25
253	35
254	24
255	24
256	28
257	25
258	22
259	27
260	25
261	29
262	30
263	38
264	33
265	39
266	37
267	46
268	39
269	43
270	43
271	45
272	37
273	50
274	49
275	62
276	52
277	49
278	47
279	65
280	59
281	74
282	69
283	70
284	86
285	78
286	85
287	106
288	100
289	99
290	122
291	117
292	107
293	137
294	140
295	126
296	143
297	144
298	150
299	166
300	163
301	209
302	207
303	204
304	198
305	193
306	238
307	269
308	244
309	255
310	235
311	286
312	290
313	287
314	315
315	276
316	294
317	326
318	300
319	335
320	338
321	353
322	369
323	385
324	400
325	369
326	408
327	392
328	372
329	364
330	399
331	396
332	393
333	395
334	352
335	368
336	369
337	360
338	362
339	352
340	362
341	378
342	350
343	351
344	316
345	331
346	293
347	303
348	313
349	306
350	324
351	271
352	233
353	265
354	263
355	232
356	231
357	205
358	238
359	210
360	193
361	187
362	154
363	185
364	153
365	209
366	171
367	152
368	146
369	189
370	144
371	157
372	145
373	125
374	142
375	135
376	161
377	147
378	122
379	120
380	132
381	135
382	113
383	128
384	118
385	109
386	103
387	112
388	115
389	97
390	112
391	103
392	90
393	94
394	73
395	97
396	93
397	96
398	66
399	68
400	73
401	77
402	72
403	74
404	69
405	66
406	69
407	66
408	70
409	66
410	46
411	47
412	55
413	51
414	47
415	39
416	47
417	37
418	36
419	38
420	42
421	46
422	32
423	34
424	30
425	33
426	22
427	29
428	43
429	34
430	38
431	30
432	21
433	37
434	30
435	28
436	29
437	33
438	20
439	21
440	38
441	22
442	18
443	19
444	26
445	25
446	15
447	24
448	25
449	23
450	31
451	23
452	15
453	22
454	28
455	20
456	20
457	28
458	13
459	22
460	17
461	16
462	15
463	16
464	11
465	16
466	18
467	13
468	25
469	20
470	24
471	12
472	19
473	19
474	18
475	18
476	20
477	15
478	15
479	18
480	21
481	19
482	20
483	25
484	33
485	22
486	22
487	20
488	20
489	26
490	19
491	24
492	21
493	14
494	23
495	20
496	17
497	19
498	20
499	21
500	26
501	15
502	13
503	21
504	13
505	20
506	20
507	14
508	14
509	33
510	15
511	23
512	23
513	32
514	24
515	28
516	27
517	15
518	32
519	19
520	31
521	23
522	19
523	23
524	24
525	21
526	19
527	17
528	35
529	28
530	27
531	27
532	18
533	23
534	28
535	29
536	21
537	17
538	25
539	22
540	21
541	27
542	26
543	23
544	31
545	31
546	21
547	27
548	27
549	33
550	32
551	33
552	32
553	35
554	23
555	18
556	26
557	30
558	16
559	29
560	33
561	21
562	40
563	25
564	33
565	35
566	36
567	30
568	37
569	40
570	30
571	32
572	40
573	26
574	32
575	47
576	42
577	37
578	31
579	32
580	43
581	45
582	32
583	46
584	39
585	42
586	45
587	43
588	49
589	45
590	39
591	43
592	38
593	49
594	47
595	48
596	45
597	43
598	47
599	44
600	38
601	37
602	47
603	52
604	40
605	45
606	40
607	32
608	44
609	49
610	34
611	35
612	51
613	42
614	43
615	37
616	30
617	38
618	43
619	46
620	50
621	40
622	46
623	44
624	41
625	36
626	44
627	50
628	40
629	41
630	32
631	43
632	39
633	35
634	39
635	40
636	35
637	36
638	37
639	35
640	41
641	30
642	40
643	42
644	43
645	25
646	38
647	32
648	32
649	35
650	31
651	33
652	35
653	41
654	38
655	30
656	34
657	28
658	29
659	25
660	31
661	26
662	26
663	39
664	19
665	33
666	30
667	34
668	37
669	30
670	35
671	32
672	41
673	25
674	34
675	21
676	45
677	41
678	29
679	30
680	30
681	34
682	35
683	30
684	40
685	28
686	33
687	29
688	34
689	30
690	32
691	35
692	29
693	32
694	26
695	28
696	30
697	32
698	26
699	36
700	34
701	47
702	30
703	33
704	32
705	39
706	27
707	38
708	39
709	29
710	31
711	27
712	35
713	34
714	33
715	23
716	36
717	40
718	28
719	28
720	43
721	31
722	38
723	37
724	35
725	37
726	36
727	23
728	42
729	26
730	33
731	33
732	28
733	24
734	37
735	29
736	27
737	42
738	28
739	23
740	25
741	31
742	28
743	31
744	31
745	30
746	33
747	33
748	28
749	34
750	33
751	33
752	34
753	32
754	25
755	32
756	31
757	17
758	25
759	32
760	29
761	28
762	31
763	24
764	27
765	20
766	23
767	25
768	25
769	27
770	40
771	27
772	25
773	31
774	26
775	26
776	25
777	27
778	21
779	19
780	23
781	28
782	34
783	19
784	18
785	25
786	31
787	30
788	31
789	27
790	27
791	16
792	28
793	22
794	22
795	32
796	23
797	30
798	23
799	31
800	32
801	26
802	29
803	24
804	33
805	17
806	32
807	37
808	18
809	25
810	30
811	29
812	30
813	27
814	28
815	27
816	30
817	31
818	30
819	28
820	28
821	24
822	27
823	33
824	24
825	22
826	31
827	30
828	36
829	36
830	31
831	27
832	43
833	33
834	35
835	32
836	34
837	27
838	36
839	33
840	27
841	33
842	31
843	38
844	35
845	43
846	32
847	36
848	39
849	24
850	32
851	28
852	39
853	37
854	41
855	35
856	38
857	53
858	33
859	37
860	38
861	45
862	43
863	61
864	59
865	44
866	45
867	61
868	45
869	54
870	52
871	50
872	51
873	55
874	61
875	53
876	52
877	61
878	56
879	49
880	72
881	54
882	70
883	60
884	68
885	81
886	67
887	66
888	55
889	71
890	76
891	70
892	68
893	71
894	56
895	88
896	84
897	81
898	78
899	81
900	105
901	84
902	97
903	87
904	80
905	95
906	92
907	100
908	91
909	92
910	94
911	93
912	110
913	102
914	99
915	108
916	114
917	119
918	113
919	120
920	121
921	121
922	119
923	126
924	140
925	132
926	134
927	125
928	122
929	132
930	124
931	142
932	139
933	144
934	146
935	148
936	126
937	161
938	152
939	153
940	139
941	157
942	138
943	164
944	153
945	172
946	130
947	114
948	146
949	154
950	148
951	134
952	132
953	145
954	138
955	140
956	118
957	150
958	127
959	134
960	151
961	140
962	153
963	140
964	138
965	137
966	139
967	158
968	134
969	143
970	155
971	117
972	125
973	137
974	137
975	133
976	123
977	126
978	108
979	122
980	135
981	99
982	135
983	109
984	112
985	131
986	105
987	110
988	135
989	96
990	105
991	108
992	106
993	91
994	81
995	107
996	102
997	107
998	87
999	99
1000	86
1001	91
1002	84
1003	99
1004	76
1005	82
1006	79
1007	81
1008	67
1009	79
1010	59
1011	54
1012	87
1013	78
1014	53
1015	66
1016	64
1017	59
1018	49
1019	57
1020	75
1021	65
1022	59
1023	50
1024	53
1025	51
1026	51
1027	54
1028	68
1029	58
1030	49
1031	53
1032	53
1033	44
1034	57
1035	48
1036	51
1037	51
1038	51
1039	48
1040	36
1041	41
1042	33
1043	39
1044	43
1045	45
1046	40
1047	42
1048	40
1049	46
1050	37
1051	40
1052	25
1053	27
1054	30
1055	39
1056	30
1057	43
1058	32
1059	31
1060	28
1061	38
1062	31
1063	24
1064	30
1065	32
1066	40
1067	35
1068	31
1069	26
1070	36
1071	18
1072	28
1073	32
1074	25
1075	37
1076	35
1077	19
1078	37
1079	20
1080	34
1081	28
1082	28
1083	28
1084	26
1085	27
1086	35
1087	35
1088	27
1089	26
1090	25
1091	20
1092	42
1093	29
1094	34
1095	21
1096	32
1097	27
1098	19
1099	29
1100	29
1101	36
1102	33
1103	32
1104	24
1105	41
1106	17
1107	39
1108	18
1109	35
1110	21
1111	33
1112	30
1113	28
1114	29
1115	30
1116	31
1117	31
1118	20
1119	34
1120	29
1121	24
1122	33
1123	29
1124	26
1125	29
1126	29
1127	26
1128	34
1129	34
1130	40
1131	30
1132	30
1133	19
1134	43
1135	33
1136	36
1137	23
1138	31
1139	36
1140	29
1141	38
1142	39
1143	29
1144	38
1145	36
1146	32
1147	31
1148	31
1149	27
1150	27
1151	37
1152	34
1153	30
1154	31
1155	39
1156	28
1157	23
1158	33
1159	40
1160	26
1161	35
1162	26
1163	26
1164	31
1165	35
1166	34
1167	22
1168	35
1169	38
1170	31
1171	29
1172	43
1173	31
1174	39
1175	22
1176	29
1177	33
1178	30
1179	33
1180	23
1181	30
1182	26
1183	22
1184	25
1185	31
1186	22
1187	30
1188	26
1189	31
1190	34
1191	25
1192	41
1193	24
1194	27
1195	25
1196	33
1197	45
1198	23
1199	22
1200	26
1201	30
1202	22
1203	34
1204	34
1205	43
1206	37
1207	27
1208	33
1209	31
1210	28
1211	40
1212	43
1213	38
1214	29
1215	31
1216	30
1217	18
1218	34
1219	33
1220	44
1221	36
1222	37
1223	26
1224	38
1225	30
1226	31
1227	33
1228	30
1229	37
1230	28
1231	20
1232	38
1233	24
1234	40
1235	28
1236	32
1237	37
1238	29
1239	26
1240	36
1241	28
1242	29
1243	27
1244	35
1245	25
1246	26
1247	39
1248	36
1249	31
1250	37
1251	34
1252	33
1253	36
1254	31
1255	27
1256	32
1257	34
1258	34
1259	27
1260	29
1261	28
1262	28
1263	34
1264	40
1265	26
1266	26
1267	31
1268	28
1269	25
1270	24
1271	32
1272	36
1273	24
1274	29
1275	32
1276	30
1277	32
1278	37
1279	30
1280	33
1281	29
1282	29
1283	29
1284	30
1285	37
1286	33
1287	37
1288	25
1289	38
1290	36
1291	35
1292	39
1293	20
1294	31
1295	43
1296	29
1297	34
1298	36
1299	32
1300	36
1301	32
1302	37
1303	35
1304	35
1305	31
1306	39
1307	34
1308	28
1309	36
1310	34
1311	30
1312	33
1313	27
1314	29
1315	20
1316	25
1317	26
1318	27
1319	37
1320	35
1321	36
1322	39
1323	31
1324	26
1325	24
1326	33
1327	26
1328	22
1329	38
1330	39
1331	33
1332	29
1333	30
1334	31
1335	26
1336	25
1337	45
1338	32
1339	34
1340	30
1341	32
1342	21
1343	32
1344	37
1345	33
1346	29
1347	27
1348	22
1349	22
1350	32
1351	31
1352	34
1353	39
1354	39
1355	28
1356	31
1357	32
1358	27
1359	22
1360	34
1361	31
1362	33
1363	24
1364	41
1365	36
1366	38
1367	36
1368	45
1369	24
1370	36
1371	47
1372	37
1373	30
1374	31
1375	24
1376	35
1377	35
1378	33
1379	40
1380	33
1381	43
1382	36
1383	37
1384	32
1385	43
1386	29
1387	26
1388	30
1389	33
1390	25
1391	40
1392	25
1393	46
1394	30
1395	35
1396	30
1397	37
1398	35
1399	37
1400	39
1401	31
1402	31
1403	31
1404	39
1405	31
1406	26
1407	38
1408	32
1409	31
1410	33
1411	36
1412	26
1413	23
1414	37
1415	38
1416	41
1417	24
1418	34
1419	26
1420	39
1421	35
1422	41
1423	42
1424	35
1425	33
1426	32
1427	35
1428	37
1429	32
1430	32
1431	39
1432	31
1433	39
1434	38
1435	37
1436	29
1437	30
1438	31
1439	24
1440	41
1441	32
1442	36
1443	31
1444	33
1445	31
1446	46
1447	32
1448	21
1449	29
1450	30
1451	31
1452	36
1453	31
1454	36
1455	38
1456	39
1457	40
1458	34
1459	29
1460	38
1461	29
1462	33
1463	31
1464	28
1465	33
1466	38
1467	45
1468	30
1469	37
1470	34
1471	32
1472	48
1473	29
1474	40
1475	31
1476	28
1477	34
1478	50
1479	31
1480	36
1481	34
1482	43
1483	32
1484	32
1485	29
1486	41
1487	31
1488	38
1489	35
1490	34
1491	31
1492	30
1493	38
1494	33
1495	31
1496	31
1497	26
1498	26
1499	33
1500	36
1501	41
1502	39
1503	35
1504	32
1505	39
1506	39
1507	26
1508	36
1509	35
1510	26
1511	31
1512	26
1513	35
1514	33
1515	27
1516	38
1517	28
1518	36
1519	30
1520	27
1521	44
1522	49
1523	33
1524	32
1525	32
1526	30
1527	23
1528	26
1529	33
1530	37
1531	31
1532	31
1533	34
1534	36
1535	28
1536	37
1537	27
1538	38
1539	34
1540	41
1541	27
1542	34
1543	33
1544	27
1545	28
1546	21
1547	24
1548	51
1549	36
1550	43
1551	37
1552	23
1553	33
1554	33
1555	34
1556	30
1557	21
1558	38
1559	26
1560	39
1561	23
1562	21
1563	22
1564	33
1565	23
1566	36
1567	34
1568	31
1569	33
1570	30
1571	29
1572	30
1573	36
1574	25
1575	38
1576	29
1577	34
1578	28
1579	22
1580	30
1581	29
1582	35
1583	31
1584	23
1585	27
1586	27
1587	34
1588	43
1589	35
1590	29
1591	36
1592	34
1593	25
1594	31
1595	21
1596	36
1597	34
1598	28
1599	30
1600	29
1601	29
1602	37
1603	29
1604	40
1605	38
1606	30
1607	34
1608	34
1609	22
1610	22
1611	29
1612	30
1613	24
1614	30
1615	33
1616	29
1617	34
1618	29
1619	34
1620	36
1621	29
1622	36
1623	34
1624	38
1625	32
1626	34
1627	25
1628	31
1629	32
1630	18
1631	28
1632	26
1633	30
1634	31
1635	42
1636	31
1637	20
1638	24
1639	34
1640	33
1641	34
1642	27
1643	37
1644	29
1645	46
1646	34
1647	29
1648	16
1649	34
1650	36
1651	33
1652	26
1653	26
1654	28
1655	36
1656	29
1657	28
1658	22
1659	37
1660	28
1661	27
1662	30
1663	29
1664	35
1665	32
1666	22
1667	28
1668	30
1669	33
1670	29
1671	21
1672	34
1673	45
1674	28
1675	35
1676	31
1677	29
1678	37
1679	38
1680	26
1681	33
1682	24
1683	29
1684	36
1685	26
1686	26
1687	31
1688	31
1689	34
1690	37
1691	40
1692	31
1693	37
1694	38
1695	38
1696	30
1697	25
1698	31
1699	28
1700	29
1701	31
1702	27
1703	35
1704	42
1705	28
1706	28
1707	38
1708	28
1709	32
1710	39
1711	26
1712	40
1713	40
1714	33
1715	42
1716	42
1717	27
1718	32
1719	33
1720	31
1721	25
1722	30
1723	44
1724	47
1725	40
1726	41
1727	36
1728	35
1729	32
1730	39
1731	35
1732	33
1733	36
1734	32
1735	33
1736	40
1737	34
1738	29
1739	35
1740	37
1741	37
1742	32
1743	39
1744	46
1745	32
1746	47
1747	37
1748	42
1749	36
1750	46
1751	36
1752	38
1753	33
1754	30
1755	39
1756	38
1757	52
1758	45
1759	44
1760	37
1761	22
1762	42
1763	28
1764	45
1765	45
1766	45
1767	46
1768	42
1769	41
1770	34
1771	39
1772	37
1773	27
1774	41
1775	45
1776	43
1777	31
1778	35
1779	42
1780	37
1781	39
1782	38
1783	38
1784	47
1785	34
1786	47
1787	42
1788	43
1789	48
1790	46
1791	45
1792	50
1793	34
1794	48
1795	36
1796	33
1797	30
1798	58
1799	39
1800	41
1801	50
1802	42
1803	44
1804	49
1805	38
1806	42
1807	47
1808	44
1809	46
1810	48
1811	43
1812	50
1813	46
1814	49
1815	36
1816	41
1817	35
1818	46
1819	51
1820	46
1821	40
1822	48
1823	42
1824	44
1825	47
1826	42
1827	47
1828	39
1829	41
1830	43
1831	37
1832	44
1833	40
1834	46
1835	59
1836	37
1837	42
1838	53
1839	52
1840	37
1841	42
1842	47
1843	51
1844	46
1845	40
1846	34
1847	52
1848	44
1849	46
1850	43
1851	37
1852	43
1853	49
1854	58
1855	53
1856	32
1857	55
1858	41
1859	51
1860	45
1861	34
1862	40
1863	50
1864	46
1865	43
1866	46
1867	58
1868	42
1869	37
1870	30
1871	46
1872	56
1873	38
1874	42
1875	39
1876	44
1877	43
1878	34
1879	34
1880	41
1881	45
1882	40
1883	55
1884	32
1885	47
1886	44
1887	46
1888	30
1889	42
1890	40
1891	48
1892	36
1893	39
1894	49
1895	33
1896	44
1897	42
1898	32
1899	30
1900	39
1901	45
1902	34
1903	30
1904	32
1905	27
1906	27
1907	39
1908	35
1909	28
1910	49
1911	33
1912	37
1913	45
1914	25
1915	37
1916	38
1917	36
1918	38
1919	36
1920	26
1921	25
1922	32
1923	30
1924	39
1925	31
1926	35
1927	28
1928	33
1929	25
1930	26
1931	21
1932	39
1933	34
1934	29
1935	32
1936	31
1937	28
1938	30
1939	27
1940	34
1941	30
1942	31
1943	33
1944	27
1945	26
1946	37
1947	24
1948	27
1949	25
1950	32
1951	29
1952	25
1953	45
1954	32
1955	23
1956	26
1957	24
1958	32
1959	29
1960	27
1961	28
1962	31
1963	31
1964	28
1965	19
1966	27
1967	25
1968	31
1969	27
1970	27
1971	18
1972	36
1973	36
1974	31
1975	25
1976	22
1977	25
1978	18
1979	27
1980	22
1981	21
1982	30
1983	23
1984	29
1985	38
1986	20
1987	19
1988	17
1989	31
1990	27
1991	31
1992	25
1993	35
1994	22
1995	33
1996	28
1997	17
1998	31
1999	18
2000	22
2001	27
2002	38
2003	26
2004	30
2005	32
2006	30
2007	27
2008	24
2009	23
2010	17
2011	27
2012	26
2013	24
2014	26
2015	24
2016	19
2017	27
2018	31
2019	31
2020	25
2021	32
2022	21
2023	17
2024	19
2025	26
2026	28
2027	23
2028	20
2029	31
2030	22
2031	28
2032	27
2033	30
2034	27
2035	27
2036	26
2037	25
2038	27
2039	22
2040	19
2041	16
2042	25
2043	13
2044	21
2045	22
2046	27
2047	16
2048	21
2049	25
2050	26
2051	18
2052	29
2053	20
2054	17
2055	22
2056	24
2057	23
2058	23
2059	22
2060	19
2061	20
2062	27
2063	30
2064	18
2065	24
2066	18
2067	21
2068	26
2069	20
2070	20
2071	27
2072	15
2073	21
2074	26
2075	29
2076	26
2077	24
2078	19
2079	30
2080	22
2081	26
2082	25
2083	19
2084	29
2085	28
2086	24
2087	26
2088	29
2089	25
2090	17
2091	22
2092	22
2093	17
2094	27
2095	21
2096	17
2097	24
2098	18
2099	23
2100	20
2101	20
2102	29
2103	20
2104	36
2105	19
2106	25
2107	18
2108	25
2109	19
2110	16
2111	18
2112	23
2113	20
2114	24
2115	21
2116	21
2117	13
2118	32
2119	19
2120	20
2121	27
2122	24
2123	28
2124	23
2125	21
2126	33
2127	32
2128	24
2129	28
2130	25
2131	23
2132	31
2133	22
2134	32
2135	23
2136	32
2137	21
2138	22
2139	28
2140	19
2141	20
2142	31
2143	22
2144	23
2145	19
2146	32
2147	21
2148	15
2149	23
2150	23
2151	25
2152	18
2153	25
2154	26
2155	22
2156	26
2157	24
2158	24
2159	33
2160	11
2161	20
2162	23
2163	22
2164	25
2165	25
2166	23
2167	34
2168	21
2169	22
2170	16
2171	27
2172	18
2173	15
2174	21
2175	22
2176	29
2177	28
2178	32
2179	26
2180	24
2181	19
2182	20
2183	21
2184	18
2185	30
2186	29
2187	25
2188	22
2189	21
2190	28
2191	20
2192	24
2193	29
2194	19
2195	24
2196	19
2197	28
2198	26
2199	21
2200	27
2201	34
2202	29
2203	29
2204	26
2205	28
2206	24
2207	23
2208	17
2209	25
2210	24
2211	22
2212	29
2213	17
2214	29
2215	18
2216	27
2217	26
2218	19
2219	28
2220	23
2221	17
2222	22
2223	33
2224	26
2225	22
2226	16
2227	26
2228	26
2229	25
2230	27
2231	21
2232	29
2233	26
2234	27
2235	21
2236	27
2237	24
2238	33
2239	23
2240	18
2241	13
2242	23
2243	24
2244	19
2245	23
2246	24
2247	27
2248	31
2249	22
2250	18
2251	31
2252	20
2253	27
2254	23
2255	23
2256	18
2257	25
2258	15
2259	20
2260	35
2261	21
2262	19
2263	30
2264	14
2265	19
2266	20
2267	22
2268	32
2269	26
2270	26
2271	28
2272	29
2273	16
2274	23
2275	20
2276	22
2277	29
2278	28
2279	26
2280	21
2281	23
2282	29
2283	23
2284	18
2285	23
2286	29
2287	22
2288	20
2289	30
2290	25
2291	16
2292	21
2293	25
2294	20
2295	24
2296	20
2297	21
2298	15
2299	28
2300	20
2301	30
2302	32
2303	22
2304	20
2305	19
2306	22
2307	30
2308	23
2309	26
2310	27
2311	19
2312	27
2313	32
2314	18
2315	22
2316	25
2317	18
2318	23
2319	21
2320	29
2321	24
2322	34
2323	21
2324	27
2325	27
2326	25
2327	20
2328	37
2329	22
2330	22
2331	28
2332	37
2333	28
2334	24
2335	25
2336	34
2337	22
2338	27
2339	30
2340	25
2341	22
2342	28
2343	22
2344	26
2345	33
2346	26
2347	31
2348	27
2349	22
2350	29
2351	31
2352	25
2353	30
2354	30
2355	26
2356	27
2357	30
2358	33
2359	33
2360	22
2361	32
2362	37
2363	34
2364	43
2365	32
2366	19
2367	25
2368	27
2369	20
2370	27
2371	38
2372	22
2373	28
2374	42
2375	24
2376	24
2377	23
2378	36
2379	40
2380	29
2381	29
2382	28
2383	44
2384	34
2385	30
2386	38
2387	33
2388	30
2389	33
2390	46
2391	32
2392	38
2393	36
2394	40
2395	38
2396	31
2397	38
2398	35
2399	26
2400	40
2401	48
2402	36
2403	33
2404	42
2405	37
2406	40
2407	43
2408	43
2409	49
2410	35
2411	41
2412	38
2413	39
2414	28
2415	32
2416	33
2417	37
2418	54
2419	42
2420	27
2421	46
2422	49
2423	38
2424	61
2425	43
2426	42
2427	41
2428	34
2429	30
2430	39
2431	42
2432	34
2433	47
2434	43
2435	42
2436	44
2437	43
2438	38
2439	38
2440	35
2441	51
2442	47
2443	44
2444	56
2445	51
2446	57
2447	51
2448	50
2449	55
2450	46
2451	55
2452	48
2453	51
2454	49
2455	52
2456	47
2457	51
2458	56
2459	49
2460	42
2461	36
2462	50
2463	53
2464	46
2465	39
2466	52
2467	50
2468	54
2469	38
2470	47
2471	51
2472	49
2473	54
2474	68
2475	59
2476	53
2477	55
2478	76
2479	52
2480	49
2481	45
2482	51
2483	43
2484	58
2485	50
2486	56
2487	50
2488	57
2489	54
2490	61
2491	52
2492	78
2493	51
2494	59
2495	64
2496	50
2497	65
2498	66
2499	53
2500	47
2501	57
2502	53
2503	58
2504	54
2505	52
2506	58
2507	66
2508	57
2509	48
2510	53
2511	77
2512	52
2513	52
2514	63
2515	71
2516	53
2517	46
2518	51
2519	51
2520	54
2521	73
2522	71
2523	63
2524	52
2525	57
2526	67
2527	55
2528	54
2529	73
2530	63
2531	74
2532	64
2533	50
2534	69
2535	56
2536	54
2537	65
2538	54
2539	60
2540	72
2541	79
2542	53
2543	70
2544	71
2545	60
2546	61
2547	63
2548	53
2549	55
2550	63
2551	49
2552	61
2553	67
2554	56
2555	72
2556	61
2557	58
2558	72
2559	57
2560	58
2561	73
2562	47
2563	51
2564	39
2565	64
2566	70
2567	67
2568	54
2569	59
2570	54
2571	66
2572	53
2573	58
2574	77
2575	69
2576	60
2577	49
2578	52
2579	61
2580	56
2581	66
2582	50
2583	51
2584	54
2585	63
2586	61
2587	61
2588	58
2589	51
2590	66
2591	54
2592	59
2593	65
2594	59
2595	63
2596	54
2597	54
2598	50
2599	53
2600	61
2601	50
2602	47
2603	50
2604	57
2605	51
2606	55
2607	63
2608	39
2609	52
2610	60
2611	53
2612	48
2613	50
2614	51
2615	63
2616	55
2617	66
2618	40
2619	50
2620	52
2621	44
2622	61
2623	39
2624	51
2625	55
2626	47
2627	50
2628	49
2629	49
2630	47
2631	45
2632	48
2633	46
2634	46
2635	42
2636	32
2637	36
2638	33
2639	32
2640	35
2641	41
2642	42
2643	36
2644	39
2645	47
2646	30
2647	30
2648	31
2649	38
2650	38
2651	51
2652	39
2653	37
2654	49
2655	44
2656	44
2657	31
2658	36
2659	35
2660	39
2661	39
2662	26
2663	38
2664	40
2665	36
2666	37
2667	41
2668	44
2669	38
2670	34
2671	21
2672	32
2673	41
2674	45
2675	35
2676	32
2677	40
2678	34
2679	36
2680	34
2681	27
2682	28
2683	42
2684	29
2685	33
2686	30
2687	32
2688	30
2689	31
2690	40
2691	31
2692	31
2693	22
2694	33
2695	24
2696	29
2697	25
2698	36
2699	25
2700	38
2701	31
2702	35
2703	28
2704	35
2705	25
2706	31
2707	25
2708	29
2709	28
2710	29
2711	20
2712	28
2713	28
2714	25
2715	25
2716	31
2717	27
2718	21
2719	23
2720	30
2721	21
2722	22
2723	41
2724	28
2725	26
2726	21
2727	20
2728	16
2729	26
2730	20
2731	22
2732	24
2733	25
2734	20
2735	16
2736	27
2737	20
2738	11
2739	12
2740	18
2741	19
2742	21
2743	30
2744	23
2745	25
2746	27
2747	31
2748	18
2749	26
2750	23
2751	26
2752	13
2753	22
2754	18
2755	20
2756	14
2757	21
2758	20
2759	18
2760	18
2761	24
2762	13
2763	18
2764	23
2765	25
2766	18
2767	24
2768	23
2769	20
2770	19
2771	18
2772	25
2773	22
2774	19
2775	19
2776	20
2777	19
2778	17
2779	19
2780	21
2781	25
2782	19
2783	18
2784	18
2785	20
2786	17
2787	18
2788	12
2789	16
2790	12
2791	18
2792	30
2793	15
2794	21
2795	21
2796	17
2797	22
2798	17
2799	21
2800	22
2801	15
2802	22
2803	18
2804	15
2805	23
2806	18
2807	13
2808	21
2809	25
2810	28
2811	18
2812	23
2813	19
2814	16
2815	16
2816	20
2817	20
2818	23
2819	20
2820	21
2821	21
2822	21
2823	24
2824	13
2825	24
2826	19
2827	16
2828	18
2829	17
2830	23
2831	15
2832	23
2833	25
2834	15
2835	19
2836	22
2837	21
2838	20
2839	21
2840	21
2841	16
2842	15
2843	19
2844	8
2845	20
2846	24
2847	17
2848	15
2849	23
2850	15
2851	26
2852	16
2853	18
2854	25
2855	30
2856	19
2857	27
2858	9
2859	24
2860	25
2861	16
2862	15
2863	17
2864	18
2865	20
2866	21
2867	16
2868	21
2869	20
2870	19
2871	16
2872	15
2873	19
2874	14
2875	21
2876	17
2877	17
2878	22
2879	22
2880	18
2881	21
2882	16
2883	20
2884	17
2885	16
2886	23
2887	15
2888	14
2889	17
2890	14
2891	12
2892	25
2893	15
2894	19
2895	10
2896	25
2897	15
2898	15
2899	19
2900	17
2901	29
2902	18
2903	15
2904	22
2905	18
2906	14
2907	20
2908	15
2909	17
2910	20
2911	22
2912	13
2913	13
2914	30
2915	18
2916	21
2917	13
2918	12
2919	24
2920	21
2921	21
2922	13
2923	22
2924	25
2925	16
2926	18
2927	19
2928	18
2929	17
2930	24
2931	17
2932	17
2933	21
2934	20
2935	22
2936	16
2937	21
2938	18
2939	19
2940	19
2941	19
2942	21
2943	19
2944	19
2945	17
2946	25
2947	13
2948	15
2949	20
2950	17
2951	15
2952	16
2953	13
2954	17
2955	20
2956	23
2957	16
2958	27
2959	23
2960	22
2961	23
2962	15
2963	23
2964	21
2965	21
2966	18
2967	22
2968	20
2969	21
2970	23
2971	19
2972	18
2973	18
2974	24
2975	20
2976	17
2977	32
2978	21
2979	24
2980	24
2981	28
2982	25
2983	23
2984	20
2985	20
2986	19
2987	24
2988	23
2989	23
2990	20
2991	12
2992	26
2993	23
2994	16
2995	20
2996	20
2997	24
2998	24
2999	17
3000	24
3001	15
3002	21
3003	12
3004	16
3005	14
3006	16
3007	22
3008	23
3009	25
3010	34
3011	25
3012	28
3013	14
3014	20
3015	27
3016	17
3017	14
3018	20
3019	19
3020	25
3021	28
3022	20
3023	16
3024	12
3025	27
3026	13
3027	16
3028	24
3029	27
3030	17
3031	17
3032	24
3033	19
3034	19
3035	17
3036	18
3037	18
3038	16
3039	27
3040	15
3041	21
3042	14
3043	18
3044	28
3045	14
3046	17
3047	18
3048	25
3049	23
3050	24
3051	25
3052	27
3053	16
3054	20
3055	21
3056	24
3057	18
3058	26
3059	23
3060	19
3061	15
3062	15
3063	19
3064	15
3065	10
3066	18
3067	16
3068	27
3069	18
3070	19
3071	19
3072	28
3073	26
3074	25
3075	19
3076	16
3077	21
3078	23
3079	20
3080	20
3081	24
3082	27
3083	21
3084	12
3085	22
3086	17
3087	12
3088	17
3089	19
3090	13
3091	24
3092	19
3093	19
3094	12
3095	11
3096	25
3097	16
3098	26
3099	22
3100	24
3101	22
3102	14
3103	20
3104	21
3105	15
3106	13
3107	16
3108	22
3109	17
3110	23
3111	13
3112	21
3113	19
3114	23
3115	20
3116	24
3117	18
3118	20
3119	23
3120	29
3121	16
3122	18
3123	27
3124	19
3125	18
3126	15
3127	13
3128	22
3129	18
3130	21
3131	20
3132	28
3133	20
3134	17
3135	26
3136	25
3137	18
3138	15
3139	25
3140	19
3141	20
3142	14
3143	18
3144	21
3145	20
3146	24
3147	12
3148	22
3149	17
3150	19
3151	19
3152	16
3153	15
3154	22
3155	16
3156	23
3157	18
3158	19
3159	27
3160	18
3161	11
3162	20
3163	26
3164	19
3165	24
3166	22
3167	17
3168	14
3169	26
3170	18
3171	23
3172	26
3173	23
3174	27
3175	19
3176	16
3177	23
3178	18
3179	24
3180	17
3181	20
3182	16
3183	15
3184	23
3185	21
3186	25
3187	15
3188	17
3189	12
3190	21
3191	20
3192	21
3193	14
3194	15
3195	19
3196	14
3197	20
3198	21
3199	24
3200	16
3201	20
3202	14
3203	12
3204	15
3205	25
3206	23
3207	19
3208	21
3209	18
3210	23
3211	16
3212	17
3213	22
3214	15
3215	22
3216	18
3217	23
3218	17
3219	18
3220	19
3221	16
3222	22
3223	19
3224	22
3225	19
3226	16
3227	14
3228	20
3229	21
3230	20
3231	15
3232	21
3233	26
3234	15
3235	17
3236	20
3237	10
3238	23
3239	15
3240	20
3241	17
3242	25
3243	20
3244	25
3245	22
3246	12
3247	11
3248	25
3249	26
3250	19
3251	13
3252	13
3253	23
3254	23
3255	21
3256	9
3257	15
3258	19
3259	26
3260	23
3261	26
3262	16
3263	27
3264	14
3265	16
3266	24
3267	12
3268	20
3269	15
3270	12
3271	13
3272	14
3273	26
3274	19
3275	15
3276	25
3277	20
3278	25
3279	27
3280	22
3281	23
3282	14
3283	18
3284	20
3285	23
3286	22
3287	15
3288	13
3289	17
3290	19
3291	18
3292	15
3293	15
3294	16
3295	15
3296	9
3297	17
3298	20
3299	14
3300	22
3301	16
3302	17
3303	13
3304	15
3305	18
3306	33
3307	24
3308	15
3309	12
3310	18
3311	14
3312	15
3313	20
3314	19
3315	20
3316	12
3317	22
3318	18
3319	14
3320	13
3321	16
3322	17
3323	17
3324	19
3325	20
3326	10
3327	10
3328	18
3329	19
3330	16
3331	17
3332	18
3333	15
3334	17
3335	16
3336	18
3337	16
3338	22
3339	6
3340	15
3341	20
3342	20
3343	17
3344	16
3345	21
3346	11
3347	18
3348	16
3349	19
3350	17
3351	21
3352	18
3353	17
3354	21
3355	15
3356	11
3357	10
3358	19
3359	16
3360	15
3361	9
3362	16
3363	19
3364	17
3365	17
3366	20
3367	13
3368	18
3369	13
3370	25
3371	19
3372	23
3373	12
3374	18
3375	15
3376	11
3377	19
3378	13
3379	27
3380	19
3381	20
3382	20
3383	24
3384	16
3385	13
3386	15
3387	22
3388	18
3389	11
3390	16
3391	19
3392	15
3393	23
3394	10
3395	9
3396	9
3397	15
3398	10
3399	15
3400	19
3401	22
3402	16
3403	19
3404	13
3405	9
3406	11
3407	15
3408	17
3409	16
3410	16
3411	13
3412	11
3413	17
3414	19
3415	11
3416	15
3417	6
3418	19
3419	18
3420	17
3421	18
3422	8
3423	16
3424	20
3425	19
3426	13
3427	15
3428	15
3429	13
3430	12
3431	15
3432	18
3433	18
3434	12
3435	20
3436	15
3437	11
3438	15
3439	9
3440	21
3441	17
3442	16
3443	6
3444	21
3445	18
3446	9
3447	14
3448	19
3449	15
3450	11
3451	20
3452	19
3453	14
3454	10
3455	9
3456	11
3457	11
3458	14
3459	15
3460	19
3461	13
3462	17
3463	14
3464	19
3465	12
3466	19
3467	13
3468	17
3469	13
3470	12
3471	16
3472	10
3473	10
3474	16
3475	18
3476	17
3477	14
3478	11
3479	16
3480	20
3481	14
3482	9
3483	10
3484	13
3485	8
3486	18
3487	22
3488	9
3489	21
3490	18
3491	18
3492	13
3493	14
3494	14
3495	12
3496	17
3497	14
3498	8
3499	10
3500	19
3501	14
3502	9
3503	15
3504	19
3505	9
3506	9
3507	21
3508	12
3509	13
3510	12
3511	16
3512	12
3513	15
3514	12
3515	10
3516	16
3517	16
3518	19
3519	18
3520	10
3521	4
3522	17
3523	16
3524	13
3525	24
3526	12
3527	11
3528	6
3529	11
3530	13
3531	16
3532	11
3533	18
3534	18
3535	21
3536	14
3537	11
3538	15
3539	13
3540	17
3541	16
3542	15
3543	16
3544	14
3545	17
3546	9
3547	23
3548	10
3549	22
3550	12
3551	13
3552	11
3553	16
3554	18
3555	12
3556	15
3557	19
3558	14
3559	7
3560	12
3561	19
3562	9
3563	11
3564	14
3565	17
3566	17
3567	14
3568	13
3569	17
3570	14
3571	17
3572	16
3573	14
3574	17
3575	14
3576	16
3577	12
3578	15
3579	16
3580	23
3581	18
3582	14
3583	16
3584	18
3585	10
3586	16
3587	20
3588	16
3589	14
3590	16
3591	9
3592	14
3593	11
3594	7
3595	18
3596	14
3597	18
3598	16
3599	14
3600	12
3601	9
3602	28
3603	13
3604	13
3605	11
3606	6
3607	23
3608	20
3609	13
3610	7
3611	12
3612	15
3613	19
3614	24
3615	19
3616	12
3617	19
3618	15
3619	16
3620	18
3621	13
3622	18
3623	17
3624	9
3625	14
3626	14
3627	13
3628	15
3629	19
3630	10
3631	12
3632	15
3633	13
3634	12
3635	13
3636	20
3637	14
3638	19
3639	16
3640	14
3641	14
3642	15
3643	11
3644	11
3645	17
3646	15
3647	12
3648	20
3649	12
3650	14
3651	23
3652	13
3653	12
3654	17
3655	13
3656	11
3657	16
3658	16
3659	14
3660	13
3661	15
3662	14
3663	10
3664	12
3665	12
3666	19
3667	18
3668	13
3669	14
3670	9
3671	13
3672	13
3673	19
3674	10
3675	9
3676	15
3677	15
3678	16
3679	20
3680	13
3681	16
3682	14
3683	7
3684	17
3685	14
3686	13
3687	5
3688	18
3689	14
3690	8
3691	26
3692	13
3693	19
3694	16
3695	14
3696	11
3697	16
3698	17
3699	26
3700	12
3701	22
3702	20
3703	17
3704	12
3705	14
3706	12
3707	16
3708	13
3709	14
3710	16
3711	18
3712	13
3713	20
3714	12
3715	13
3716	10
3717	15
3718	14
3719	11
3720	17
3721	11
3722	14
3723	19
3724	23
3725	21
3726	19
3727	10
3728	21
3729	17
3730	23
3731	10
3732	17
3733	16
3734	14
3735	12
3736	13
3737	13
3738	17
3739	13
3740	15
3741	14
3742	14
3743	13
3744	13
3745	14
3746	11
3747	7
3748	17
3749	12
3750	13
3751	15
3752	18
3753	9
3754	21
3755	10
3756	15
3757	13
3758	8
3759	12
3760	16
3761	9
3762	12
3763	17
3764	23
3765	8
3766	17
3767	18
3768	11
3769	16
3770	13
3771	16
3772	10
3773	9
3774	16
3775	12
3776	19
3777	7
3778	15
3779	16
3780	10
3781	21
3782	17
3783	18
3784	15
3785	10
3786	10
3787	13
3788	17
3789	17
3790	13
3791	14
3792	22
3793	5
3794	19
3795	24
3796	9
3797	18
3798	16
3799	14
3800	19
3801	11
3802	13
3803	16
3804	14
3805	13
3806	17
3807	14
3808	17
3809	16
3810	15
3811	11
3812	12
3813	10
3814	15
3815	9
3816	9
3817	9
3818	18
3819	17
3820	24
3821	14
3822	21
3823	14
3824	17
3825	16
3826	18
3827	15
3828	17
3829	14
3830	13
3831	8
3832	9
3833	10
3834	15
3835	9
3836	19
3837	8
3838	13
3839	18
3840	18
3841	14
3842	12
3843	11
3844	16
3845	16
3846	19
3847	7
3848	16
3849	9
3850	10
3851	14
3852	16
3853	19
3854	9
3855	16
3856	15
3857	15
3858	19
3859	18
3860	13
3861	10
3862	15
3863	19
3864	17
3865	13
3866	15
3867	16
3868	15
3869	10
3870	12
3871	8
3872	17
3873	17
3874	5
3875	5
3876	9
3877	11
3878	15
3879	15
3880	12
3881	14
3882	15
3883	21
3884	20
3885	13
3886	14
3887	25
3888	14
3889	11
3890	14
3891	12
3892	12
3893	11
3894	13
3895	11
3896	20
3897	19
3898	14
3899	15
3900	9
3901	12
3902	15
3903	14
3904	17
3905	10
3906	17
3907	18
3908	11
3909	10
3910	11
3911	22
3912	12
3913	14
3914	22
3915	8
3916	17
3917	13
3918	14
3919	14
3920	19
3921	9
3922	12
3923	29
3924	22
3925	5
3926	14
3927	8
3928	9
3929	11
3930	12
3931	14
3932	13
3933	15
3934	15
3935	15
3936	13
3937	14
3938	14
3939	8
3940	17
3941	12
3942	18
3943	14
3944	9
3945	12
3946	11
3947	12
3948	19
3949	12
3950	13
3951	13
3952	13
3953	17
3954	17
3955	11
3956	16
3957	20
3958	19
3959	17
3960	19
3961	16
3962	15
3963	14
3964	11
3965	9
3966	16
3967	9
3968	17
3969	13
3970	9
3971	15
3972	12
3973	16
3974	14
3975	12
3976	18
3977	13
3978	15
3979	10
3980	17
3981	21
3982	18
3983	12
3984	15
3985	14
3986	13
3987	15
3988	18
3989	9
3990	13
3991	15
3992	11
3993	14
3994	9
3995	16
3996	9
3997	13
3998	15
3999	17
4000	19
4001	11
4002	13
4003	11
4004	17
4005	15
4006	13
4007	23
4008	18
4009	19
4010	16
4011	12
4012	20
4013	14
4014	13
4015	18
4016	11
4017	9
4018	16
4019	14
4020	13
4021	13
4022	18
4023	12
4024	14
4025	18
4026	15
4027	11
4028	14
4029	17
4030	15
4031	14
4032	16
4033	16
4034	13
4035	10
4036	13
4037	9
4038	21
4039	9
4040	13
4041	16
4042	24
4043	13
4044	16
4045	16
4046	14
4047	20
4048	20
4049	19
4050	17
4051	20
4052	13
4053	13
4054	17
4055	19
4056	12
4057	16
4058	20
4059	18
4060	16
4061	12
4062	22
4063	15
4064	17
4065	11
4066	17
4067	18
4068	14
4069	23
4070	12
4071	11
4072	19
4073	10
4074	11
4075	16
4076	18
4077	11
4078	3
4079	13
4080	15
4081	20
4082	15
4083	14
4084	12
4085	12
4086	16
4087	16
4088	16
4089	17
4090	14
4091	18
4092	9
4093	21
4094	12
4095	13
4096	21
4097	14
4098	16
4099	18
4100	11
4101	16
4102	9
4103	12
4104	15
4105	13
4106	16
4107	16
4108	15
4109	8
4110	14
4111	16
4112	17
4113	11
4114	13
4115	14
4116	10
4117	13
4118	15
4119	10
4120	16
4121	14
4122	24
4123	9
4124	9
4125	12
4126	11
4127	11
4128	14
4129	15
4130	12
4131	15
4132	15
4133	16
4134	17
4135	13
4136	16
4137	7
4138	17
4139	16
4140	12
4141	17
4142	8
4143	14
4144	15
4145	12
4146	12
4147	13
4148	15
4149	21
4150	13
4151	20
4152	17
4153	9
4154	9
4155	15
4156	8
4157	22
4158	19
4159	10
4160	11
4161	11
4162	11
4163	16
4164	14
4165	13
4166	12
4167	19
4168	19
4169	12
4170	17
4171	19
4172	17
4173	18
4174	15
4175	13
4176	19
4177	17
4178	18
4179	20
4180	7
4181	13
4182	13
4183	18
4184	18
4185	13
4186	14
4187	19
4188	13
4189	14
4190	13
4191	21
4192	11
4193	16
4194	13
4195	19
4196	19
4197	14
4198	13
4199	8
4200	18
4201	12
4202	16
4203	6
4204	23
4205	14
4206	10
4207	15
4208	15
4209	15
4210	17
4211	18
4212	12
4213	13
4214	13
4215	10
4216	16
4217	14
4218	9
4219	19
4220	15
4221	17
4222	21
4223	21
4224	13
4225	21
4226	14
4227	19
4228	16
4229	20
4230	20
4231	18
4232	17
4233	9
4234	11
4235	17
4236	17
4237	13
4238	17
4239	11
4240	8
4241	14
4242	11
4243	25
4244	19
4245	10
4246	19
4247	13
4248	22
4249	17
4250	16
4251	15
4252	15
4253	5
4254	19
4255	16
4256	18
4257	18
4258	17
4259	15
4260	16
4261	16
4262	16
4263	12
4264	15
4265	12
4266	11
4267	12
4268	13
4269	14
4270	8
4271	14
4272	20
4273	16
4274	11
4275	8
4276	15
4277	16
4278	18
4279	13
4280	15
4281	15
4282	15
4283	19
4284	12
4285	19
4286	7
4287	12
4288	21
4289	18
4290	13
4291	10
4292	12
4293	21
4294	18
4295	10
4296	18
4297	13
4298	21
4299	12
4300	18
4301	16
4302	13
4303	21
4304	11
4305	13
4306	17
4307	22
4308	18
4309	20
4310	16
4311	10
4312	11
4313	13
4314	20
4315	16
4316	17
4317	12
4318	11
4319	17
4320	14
4321	13
4322	13
4323	19
4324	15
4325	16
4326	16
4327	14
4328	14
4329	17
4330	16
4331	10
4332	11
4333	17
4334	12
4335	14
4336	8
4337	15
4338	16
4339	22
4340	12
4341	16
4342	16
4343	18
4344	15
4345	10
4346	12
4347	17
4348	13
4349	8
4350	9
4351	24
4352	16
4353	23
4354	24
4355	10
4356	10
4357	20
4358	14
4359	20
4360	20
4361	11
4362	18
4363	19
4364	12
4365	15
4366	14
4367	18
4368	13
4369	13
4370	16
4371	13
4372	18
4373	18
4374	19
4375	12
4376	14
4377	12
4378	15
4379	7
4380	15
4381	15
4382	20
4383	9
4384	17
4385	17
4386	13
4387	15
4388	21
4389	23
4390	12
4391	19
4392	15
4393	15
4394	17
4395	19
4396	10
4397	8
4398	15
4399	21
4400	17
4401	20
4402	16
4403	21
4404	15
4405	14
4406	10
4407	11
4408	22
4409	12
4410	18
4411	7
4412	17
4413	15
4414	17
4415	13
4416	11
4417	15
4418	12
4419	11
4420	13
4421	14
4422	17
4423	20
4424	23
4425	13
4426	17
4427	17
4428	14
4429	13
4430	20
4431	14
4432	22
4433	24
4434	16
4435	14
4436	22
4437	12
4438	17
4439	17
4440	13
4441	18
4442	12
4443	18
4444	16
4445	14
4446	10
4447	15
4448	21
4449	21
4450	15
4451	19
4452	16
4453	17
4454	25
4455	16
4456	18
4457	19
4458	22
4459	11
4460	21
4461	16
4462	17
4463	18
4464	20
4465	12
4466	12
4467	18
4468	16
4469	13
4470	13
4471	7
4472	9
4473	19
4474	18
4475	15
4476	18
4477	17
4478	13
4479	20
4480	23
4481	22
4482	11
4483	19
4484	14
4485	15
4486	13
4487	21
4488	24
4489	25
4490	15
4491	27
4492	14
4493	16
4494	16
4495	16
4496	19
4497	20
4498	20
4499	12
4500	20
4501	13
4502	22
4503	15
4504	14
4505	14
4506	21
4507	19
4508	16
4509	22
4510	21
4511	19
4512	16
4513	26
4514	17
4515	14
4516	20
4517	22
4518	21
4519	17
4520	23
4521	24
4522	23
4523	18
4524	18
4525	22
4526	18
4527	24
4528	16
4529	22
4530	17
4531	16
4532	17
4533	15
4534	21
4535	12
4536	10
4537	19
4538	20
4539	14
4540	9
4541	23
4542	28
4543	11
4544	21
4545	11
4546	17
4547	17
4548	24
4549	13
4550	21
4551	25
4552	16
4553	16
4554	25
4555	15
4556	15
4557	17
4558	24
4559	14
4560	25
4561	21
4562	12
4563	21
4564	15
4565	16
4566	12
4567	21
4568	17
4569	24
4570	23
4571	21
4572	12
4573	20
4574	17
4575	18
4576	21
4577	16
4578	19
4579	13
4580	20
4581	22
4582	21
4583	27
4584	36
4585	17
4586	20
4587	13
4588	18
4589	21
4590	14
4591	26
4592	25
4593	19
4594	18
4595	17
4596	17
4597	21
4598	12
4599	23
4600	18
4601	22
4602	20
4603	17
4604	26
4605	23
4606	23
4607	15
4608	27
4609	29
4610	14
4611	27
4612	15
4613	17
4614	23
4615	21
4616	20
4617	21
4618	17
4619	25
4620	14
4621	23
4622	25
4623	18
4624	11
4625	20
4626	18
4627	29
4628	17
4629	15
4630	16
4631	20
4632	15
4633	17
4634	16
4635	16
4636	17
4637	24
4638	22
4639	17
4640	30
4641	32
4642	31
4643	21
4644	16
4645	14
4646	22
4647	21
4648	15
4649	21
4650	23
4651	24
4652	29
4653	18
4654	16
4655	22
4656	18
4657	16
4658	25
4659	22
4660	17
4661	24
4662	33
4663	21
4664	24
4665	31
4666	15
4667	30
4668	15
4669	21
4670	28
4671	19
4672	29
4673	19
4674	20
4675	29
4676	32
4677	25
4678	16
4679	24
4680	23
4681	17
4682	25
4683	29
4684	20
4685	15
4686	24
4687	30
4688	17
4689	15
4690	19
4691	20
4692	21
4693	25
4694	21
4695	19
4696	18
4697	32
4698	20
4699	26
4700	25
4701	21
4702	30
4703	19
4704	20
4705	29
4706	23
4707	27
4708	31
4709	17
4710	28
4711	26
4712	19
4713	15
4714	26
4715	21
4716	28
4717	27
4718	21
4719	26
4720	20
4721	11
4722	20
4723	22
4724	16
4725	17
4726	28
4727	22
4728	21
4729	20
4730	20
4731	23
4732	16
4733	21
4734	23
4735	17
4736	24
4737	23
4738	23
4739	20
4740	22
4741	23
4742	28
4743	17
4744	20
4745	15
4746	25
4747	21
4748	18
4749	14
4750	23
4751	27
4752	28
4753	15
4754	13
4755	27
4756	11
4757	18
4758	17
4759	13
4760	18
4761	25
4762	11
4763	29
4764	20
4765	17
4766	18
4767	15
4768	15
4769	26
4770	18
4771	17
4772	24
4773	18
4774	22
4775	25
4776	16
4777	14
4778	20
4779	12
4780	20
4781	19
4782	19
4783	21
4784	18
4785	14
4786	24
4787	19
4788	10
4789	17
4790	24
4791	16
4792	14
4793	19
4794	24
4795	15
4796	21
4797	23
4798	12
4799	21
4800	21
4801	23
4802	21
4803	24
4804	20
4805	19
4806	20
4807	19
4808	23
4809	23
4810	25
4811	16
4812	19
4813	17
4814	15
4815	13
4816	20
4817	23
4818	22
4819	17
4820	18
4821	19
4822	18
4823	21
4824	18
4825	14
4826	27
4827	19
4828	20
4829	26
4830	14
4831	19
4832	8
4833	13
4834	16
4835	23
4836	12
4837	18
4838	20
4839	16
4840	10
4841	22
4842	12
4843	20
4844	17
4845	10
4846	16
4847	17
4848	12
4849	18
4850	15
4851	17
4852	15
4853	21
4854	9
4855	13
4856	13
4857	15
4858	24
4859	17
4860	17
4861	15
4862	9
4863	17
4864	15
4865	19
4866	10
4867	14
4868	24
4869	16
4870	7
4871	24
4872	15
4873	14
4874	9
4875	23
4876	11
4877	15
4878	21
4879	14
4880	10
4881	10
4882	12
4883	14
4884	20
4885	13
4886	11
4887	15
4888	16
4889	17
4890	13
4891	16
4892	8
4893	11
4894	14
4895	13
4896	11
4897	13
4898	8
4899	10
4900	15
4901	9
4902	11
4903	8
4904	10
4905	21
4906	13
4907	17
4908	14
4909	19
4910	13
4911	16
4912	7
4913	10
4914	15
4915	7
4916	9
4917	9
4918	8
4919	11
4920	12
4921	11
4922	16
4923	7
4924	7
4925	13
4926	15
4927	17
4928	6
4929	9
4930	12
4931	9
4932	9
4933	13
4934	8
4935	15
4936	14
4937	7
4938	11
4939	12
4940	12
4941	10
4942	9
4943	8
4944	9
4945	12
4946	6
4947	12
4948	15
4949	11
4950	10
4951	5
4952	14
4953	18
4954	11
4955	4
4956	12
4957	20
4958	15
4959	2
4960	8
4961	10
4962	9
4963	7
4964	11
4965	16
4966	14
4967	9
4968	7
4969	14
4970	7
4971	3
4972	10
4973	6
4974	10
4975	8
4976	10
4977	5
4978	10
4979	14
4980	9
4981	8
4982	9
4983	5
4984	6
4985	9
4986	7
4987	4
4988	7
4989	5
4990	12
4991	13
4992	7
4993	13
4994	7
4995	7
4996	5
4997	8
4998	9
4999	5
5000	11
5001	8
5002	11
5003	3
5004	3
5005	13
5006	3
5007	7
5008	8
5009	7
5010	5
5011	6
5012	5
5013	7
5014	6
5015	4
5016	12
5017	9
5018	12
5019	9
5020	11
5021	9
5022	9
5023	6
5024	12
5025	8
5026	2
5027	5
5028	8
5029	5
5030	8
5031	8
5032	7
5033	9
5034	8
5035	8
5036	4
5037	4
5038	6
5039	8
5040	8
5041	5
5042	6
5043	5
5044	10
5045	5
5046	10
5047	4
5048	9
5049	6
5050	7
5051	2
5052	5
5053	2
5054	5
5055	6
5056	4
5057	7
5058	8
5059	9
5060	7
5061	4
5062	7
5063	6
5064	7
5065	3
5066	4
5067	7
5068	4
5069	13
5070	6
5071	7
5072	7
5073	4
5074	5
5075	6
5076	4
5077	11
5078	6
5079	6
5080	4
5081	8
5082	7
5083	1
5084	6
5085	4
5086	6
5087	6
5088	6
5089	6
5090	7
5091	9
5092	3
5093	5
5094	2
5095	8
5096	5
5097	5
5098	2
5099	7
5100	7
5101	3
5102	5
5103	4
5104	5
5105	8
5106	5
5107	2
5108	6
5109	3
5110	3
5111	6
5112	5
5113	5
5114	2
5115	6
5116	2
5117	13
5118	4
5119	9
5120	6
5121	7
5122	2
5123	5
5124	7
5125	7
5126	8
5127	6
5128	5
5129	3
5130	4
5131	6
5132	9
5133	4
5134	6
5135	6
5136	9
5137	7
5138	4
5139	5
5140	8
5141	5
5142	8
5143	5
5144	8
5145	5
5146	6
5147	6
5148	3
5149	8
5150	2
5151	3
5152	4
5153	5
5154	5
5155	2
5156	3
5157	4
5158	3
5159	6
5160	7
5161	5
5162	6
5163	7
5164	9
5165	5
5166	11
5167	6
5168	5
5169	7
5170	7
5171	5
5172	2
5173	5
5174	6
5175	4
5176	6
5177	7
5178	3
5179	2
5180	8
5181	6
5182	6
5183	14
5184	7
5185	10
5186	4
5187	3
5188	7
5189	6
5190	6
5191	4
5192	3
5193	3
5194	9
5195	1
5196	7
5197	3
5198	6
5199	4
5200	4
5201	3
5202	4
5203	5
5204	7
5205	5
5206	5
5207	7
5208	4
5209	4
5210	5
5211	5
5212	4
5213	2
5214	8
5215	1
5216	5
5217	9
5218	5
5219	9
5220	9
5221	10
5222	5
5223	8
5224	10
5225	7
5226	4
5227	5
5228	6
5229	4
5230	6
5231	4
5232	6
5233	5
5234	4
5235	5
5236	2
5237	7
5238	2
5239	0
5240	5
5241	11
5242	4
5243	2
5244	9
5245	3
5246	2
5247	10
5248	4
5249	5
5250	6
5251	7
5252	5
5253	4
5254	4
5255	4
5256	5
5257	9
5258	6
5259	1
5260	6
5261	2
5262	6
5263	7
5264	1
5265	3
5266	5
5267	8
5268	7
5269	5
5270	2
5271	5
5272	6
5273	5
5274	4
5275	4
5276	2
5277	5
5278	6
5279	5
5280	2
5281	2
5282	2
5283	6
5284	7
5285	9
5286	5
5287	5
5288	7
5289	6
5290	2
5291	7
5292	11
5293	7
5294	10
5295	6
5296	10
5297	11
5298	8
5299	8
5300	2
5301	10
5302	2
5303	4
5304	4
5305	9
5306	5
5307	6
5308	3
5309	7
5310	7
5311	6
5312	7
5313	7
5314	4
5315	2
5316	2
5317	3
5318	8
5319	5
5320	4
5321	7
5322	7
5323	5
5324	7
5325	4
5326	9
5327	5
5328	8
5329	7
5330	9
5331	13
5332	3
5333	7
5334	4
5335	7
5336	6
5337	9
5338	8
5339	8
5340	4
5341	3
5342	6
5343	3
5344	8
5345	7
5346	6
5347	10
5348	9
5349	9
5350	3
5351	4
5352	2
5353	8
5354	5
5355	3
5356	7
5357	6
5358	5
5359	13
5360	7
5361	9
5362	5
5363	8
5364	4
5365	8
5366	4
5367	4
5368	2
5369	8
5370	5
5371	9
5372	9
5373	9
5374	9
5375	10
5376	3
5377	6
5378	8
5379	11
5380	6
5381	11
5382	6
5383	8
5384	4
5385	8
5386	6
5387	10
5388	2
5389	11
5390	5
5391	8
5392	11
5393	9
5394	9
5395	9
5396	8
5397	6
5398	3
5399	10
5400	6
5401	9
5402	4
5403	3
5404	4
5405	9
5406	8
5407	14
5408	9
5409	6
5410	6
5411	8
5412	6
5413	8
5414	12
5415	6
5416	5
5417	11
5418	6
5419	11
5420	10
5421	11
5422	11
5423	6
5424	5
5425	8
5426	8
5427	11
5428	3
5429	10
5430	10
5431	11
5432	6
5433	7
5434	11
5435	8
5436	7
5437	11
5438	9
5439	8
5440	15
5441	3
5442	7
5443	6
5444	8
5445	5
5446	7
5447	13
5448	7
5449	9
5450	8
5451	11
5452	7
5453	11
5454	7
5455	10
5456	9
5457	7
5458	12
5459	10
5460	10
5461	13
5462	5
5463	4
5464	12
5465	8
5466	9
5467	11
5468	12
5469	18
5470	15
5471	15
5472	12
5473	12
5474	13
5475	8
5476	8
5477	5
5478	10
5479	13
5480	4
5481	10
5482	7
5483	11
5484	12
5485	9
5486	6
5487	11
5488	8
5489	10
5490	15
5491	10
5492	12
5493	4
5494	3
5495	10
5496	13
5497	14
5498	7
5499	6
5500	8
5501	16
5502	8
5503	6
5504	9
5505	9
5506	15
5507	12
5508	7
5509	12
5510	9
5511	6
5512	7
5513	6
5514	8
5515	7
5516	15
5517	8
5518	4
5519	10
5520	9
5521	13
5522	9
5523	2
5524	10
5525	7
5526	11
5527	14
5528	7
5529	7
5530	17
5531	7
5532	12
5533	16
5534	9
5535	14
5536	10
5537	14
5538	12
5539	9
5540	14
5541	11
5542	7
5543	7
5544	12
5545	10
5546	6
5547	14
5548	7
5549	12
5550	10
5551	9
5552	10
5553	11
5554	14
5555	4
5556	6
5557	7
5558	7
5559	12
5560	6
5561	7
5562	11
5563	9
5564	12
5565	8
5566	8
5567	10
5568	17
5569	12
5570	16
5571	6
5572	11
5573	12
5574	12
5575	12
5576	16
5577	11
5578	13
5579	9
5580	12
5581	14
5582	11
5583	8
5584	13
5585	4
5586	15
5587	13
5588	6
5589	6
5590	12
5591	9
5592	8
5593	13
5594	13
5595	6
5596	8
5597	10
5598	12
5599	6
5600	9
5601	4
5602	8
5603	12
5604	9
5605	7
5606	11
5607	11
5608	14
5609	4
5610	5
5611	8
5612	8
5613	13
5614	10
5615	10
5616	7
5617	8
5618	10
5619	8
5620	1
5621	13
5622	9
5623	8
5624	7
5625	9
5626	10
5627	8
5628	14
5629	7
5630	12
5631	5
5632	10
5633	18
5634	12
5635	8
5636	9
5637	14
5638	14
5639	8
5640	11
5641	6
5642	9
5643	8
5644	10
5645	5
5646	13
5647	14
5648	10
5649	9
5650	10
5651	9
5652	13
5653	8
5654	10
5655	5
5656	5
5657	11
5658	12
5659	10
5660	5
5661	3
5662	9
5663	9
5664	11
5665	9
5666	12
5667	9
5668	6
5669	4
5670	10
5671	7
5672	6
5673	8
5674	6
5675	6
5676	9
5677	11
5678	10
5679	8
5680	12
5681	6
5682	11
5683	6
5684	12
5685	8
5686	5
5687	3
5688	8
5689	8
5690	6
5691	9
5692	10
5693	8
5694	6
5695	3
5696	8
5697	6
5698	8
5699	7
5700	8
5701	9
5702	11
5703	7
5704	11
5705	4
5706	14
5707	8
5708	6
5709	7
5710	9
5711	9
5712	6
5713	5
5714	10
5715	14
5716	14
5717	9
5718	13
5719	7
5720	7
5721	8
5722	6
5723	6
5724	10
5725	8
5726	8
5727	7
5728	9
5729	7
5730	13
5731	5
5732	6
5733	7
5734	8
5735	5
5736	8
5737	3
5738	7
5739	5
5740	5
5741	4
5742	8
5743	4
5744	6
5745	13
5746	4
5747	8
5748	6
5749	12
5750	9
5751	10
5752	8
5753	6
5754	4
5755	12
5756	7
5757	9
5758	8
5759	7
5760	10
5761	6
5762	4
5763	7
5764	5
5765	3
5766	12
5767	6
5768	1
5769	10
5770	7
5771	5
5772	7
5773	5
5774	4
5775	10
5776	5
5777	8
5778	7
5779	4
5780	4
5781	12
5782	9
5783	6
5784	13
5785	9
5786	9
5787	8
5788	2
5789	9
5790	10
5791	6
5792	8
5793	7
5794	4
5795	8
5796	13
5797	5
5798	7
5799	4
5800	3
5801	7
5802	7
5803	4
5804	5
5805	2
5806	8
5807	8
5808	4
5809	6
5810	6
5811	4
5812	3
5813	6
5814	2
5815	10
5816	5
5817	5
5818	7
5819	7
5820	3
5821	4
5822	5
5823	6
5824	8
5825	8
5826	3
5827	8
5828	6
5829	3
5830	5
5831	5
5832	5
5833	3
5834	4
5835	5
5836	2
5837	7
5838	7
5839	5
5840	7
5841	3
5842	7
5843	4
5844	4
5845	5
5846	5
5847	6
5848	6
5849	4
5850	2
5851	5
5852	1
5853	6
5854	7
5855	4
5856	4
5857	6
5858	6
5859	3
5860	10
5861	8
5862	4
5863	6
5864	5
5865	3
5866	2
5867	10
5868	5
5869	7
5870	6
5871	4
5872	1
5873	2
5874	2
5875	3
5876	3
5877	10
5878	6
5879	4
5880	6
5881	4
5882	6
5883	7
5884	6
5885	5
5886	5
5887	6
5888	2
5889	4
5890	6
5891	6
5892	4
5893	4
5894	5
5895	4
5896	6
5897	6
5898	2
5899	6
5900	4
5901	8
5902	3
5903	6
5904	9
5905	8
5906	7
5907	4
5908	8
5909	3
5910	4
5911	8
5912	3
5913	5
5914	1
5915	6
5916	7
5917	4
5918	3
5919	4
5920	4
5921	7
5922	6
5923	4
5924	8
5925	4
5926	4
5927	8
5928	0
5929	5
5930	5
5931	7
5932	7
5933	6
5934	8
5935	4
5936	5
5937	6
5938	4
5939	1
5940	4
5941	7
5942	5
5943	6
5944	2
5945	4
5946	8
5947	3
5948	5
5949	3
5950	5
5951	6
5952	6
5953	6
5954	5
5955	4
5956	0
5957	4
5958	6
5959	0
5960	1
5961	5
5962	5
5963	7
5964	5
5965	6
5966	7
5967	2
5968	4
5969	3
5970	2
5971	4
5972	3
5973	5
5974	7
5975	3
5976	6
5977	7
5978	8
5979	6
5980	5
5981	2
5982	7
5983	4
5984	8
5985	9
5986	5
5987	2
5988	2
5989	7
5990	2
5991	9
5992	6
5993	3
5994	5
5995	2
5996	10
5997	4
5998	4
5999	4
6000	3
6001	2
6002	5
6003	3
6004	4
6005	4
6006	3
6007	3
6008	8
6009	1
6010	8
6011	7
6012	7
6013	4
6014	6
6015	1
6016	1
6017	4
6018	5
6019	1
6020	8
6021	6
6022	4
6023	4
6024	4
6025	4
6026	4
6027	2
6028	3
6029	3
6030	6
6031	4
6032	5
6033	5
6034	3
6035	9
6036	8
6037	4
6038	9
6039	4
6040	1
6041	4
6042	6
6043	3
6044	5
6045	2
6046	2
6047	9
6048	6
6049	3
6050	4
6051	3
6052	4
6053	4
6054	11
6055	5
6056	2
6057	7
6058	2
6059	6
6060	4
6061	3
6062	5
6063	5
6064	10
6065	2
6066	3
6067	9
6068	5
6069	7
6070	8
6071	6
6072	3
6073	4
6074	3
6075	5
6076	4
6077	5
6078	5
6079	8
6080	8
6081	5
6082	7
6083	8
6084	4
6085	3
6086	2
6087	5
6088	4
6089	4
6090	6
6091	1
6092	6
6093	6
6094	4
6095	2
6096	4
6097	10
6098	6
6099	5
6100	6
6101	5
6102	6
6103	8
6104	6
6105	6
6106	7
6107	4
6108	1
6109	5
6110	3
6111	2
6112	3
6113	3
6114	9
6115	5
6116	9
6117	6
6118	2
6119	5
6120	7
6121	2
6122	9
6123	4
6124	6
6125	6
6126	6
6127	4
6128	7
6129	6
6130	6
6131	5
6132	6
6133	6
6134	1
6135	4
6136	3
6137	2
6138	6
6139	5
6140	7
6141	6
6142	4
6143	6
6144	3
6145	6
6146	7
6147	11
6148	7
6149	4
6150	1
6151	4
6152	5
6153	6
6154	2
6155	2
6156	3
6157	7
6158	5
6159	0
6160	3
6161	6
6162	8
6163	5
6164	7
6165	5
6166	5
6167	4
6168	9
6169	5
6170	5
6171	10
6172	4
6173	7
6174	11
6175	5
6176	4
6177	5
6178	8
6179	6
6180	1
6181	7
6182	3
6183	8
6184	5
6185	5
6186	7
6187	2
6188	4
6189	5
6190	5
6191	5
6192	7
6193	3
6194	2
6195	6
6196	5
6197	5
6198	5
6199	6
6200	3
6201	4
6202	3
6203	4
6204	6
6205	3
6206	3
6207	5
6208	3
6209	3
6210	3
6211	3
6212	4
6213	4
6214	8
6215	3
6216	3
6217	6
6218	6
6219	3
6220	3
6221	3
6222	4
6223	4
6224	4
6225	8
6226	1
6227	2
6228	3
6229	7
6230	6
6231	4
6232	3
6233	5
6234	8
6235	8
6236	6
6237	1
6238	7
6239	6
6240	4
6241	8
6242	10
6243	5
6244	1
6245	2
6246	3
6247	3
6248	4
6249	5
6250	6
6251	4
6252	3
6253	3
6254	3
6255	1
6256	4
6257	4
6258	4
6259	3
6260	5
6261	2
6262	3
6263	6
6264	5
6265	6
6266	7
6267	2
6268	2
6269	5
6270	3
6271	3
6272	2
6273	6
6274	5
6275	3
6276	4
6277	7
6278	4
6279	5
6280	2
6281	7
6282	1
6283	4
6284	3
6285	3
6286	1
6287	4
6288	8
6289	5
6290	5
6291	5
6292	4
6293	3
6294	6
6295	5
6296	4
6297	4
6298	3
6299	8
6300	8
6301	8
6302	4
6303	5
6304	5
6305	6
6306	4
6307	3
6308	4
6309	7
6310	4
6311	2
6312	4
6313	6
6314	5
6315	4
6316	3
6317	3
6318	3
6319	6
6320	0
6321	4
6322	1
6323	5
6324	3
6325	4
6326	2
6327	4
6328	4
6329	5
6330	8
6331	5
6332	5
6333	2
6334	9
6335	5
6336	4
6337	5
6338	4
6339	5
6340	10
6341	5
6342	3
6343	2
6344	6
6345	3
6346	3
6347	2
6348	3
6349	3
6350	4
6351	7
6352	4
6353	3
6354	6
6355	5
6356	3
6357	1
6358	4
6359	8
6360	2
6361	1
6362	4
6363	3
6364	3
6365	7
6366	4
6367	6
6368	3
6369	4
6370	3
6371	1
6372	5
6373	2
6374	4
6375	4
6376	2
6377	9
6378	2
6379	2
6380	5
6381	0
6382	3
6383	2
6384	2
6385	1
6386	5
6387	3
6388	4
6389	1
6390	6
6391	5
6392	5
6393	4
6394	3
6395	2
6396	2
6397	0
6398	2
6399	2
6400	7
6401	4
6402	3
6403	0
6404	2
6405	6
6406	3
6407	5
6408	5
6409	3
6410	5
6411	5
6412	2
6413	5
6414	3
6415	8
6416	6
6417	6
6418	5
6419	3
6420	3
6421	6
6422	1
6423	5
6424	2
6425	2
6426	5
6427	4
6428	5
6429	0
6430	2
6431	3
6432	1
6433	2
6434	7
6435	5
6436	3
6437	2
6438	5
6439	3
6440	2
6441	5
6442	7
6443	5
6444	9
6445	5
6446	2
6447	4
6448	8
6449	3
6450	4
6451	7
6452	5
6453	2
6454	5
6455	3
6456	4
6457	8
6458	6
6459	4
6460	4
6461	3
6462	5
6463	1
6464	4
6465	9
6466	2
6467	1
6468	5
6469	6
6470	6
6471	5
6472	4
6473	4
6474	4
6475	3
6476	7
6477	7
6478	6
6479	2
6480	1
6481	2
6482	5
6483	3
6484	3
6485	6
6486	2
6487	4
6488	7
6489	5
6490	3
6491	3
6492	7
6493	5
6494	5
6495	4
6496	2
6497	5
6498	3
6499	1
6500	2
6501	4
6502	5
6503	6
6504	5
6505	5
6506	4
6507	3
6508	4
6509	7
6510	2
6511	2
6512	11
6513	5
6514	5
6515	2
6516	5
6517	0
6518	2
6519	7
6520	3
6521	5
6522	3
6523	1
6524	1
6525	5
6526	2
6527	5
6528	8
6529	3
6530	1
6531	5
6532	4
6533	4
6534	5
6535	5
6536	6
6537	2
6538	5
6539	3
6540	3
6541	8
6542	7
6543	4
6544	3
6545	2
6546	8
6547	2
6548	4
6549	2
6550	3
6551	6
6552	3
6553	3
6554	3
6555	4
6556	8
6557	5
6558	4
6559	3
6560	5
6561	5
6562	9
6563	3
6564	6
6565	2
6566	6
6567	3
6568	4
6569	7
6570	5
6571	4
6572	3
6573	3
6574	7
6575	6
6576	2
6577	6
6578	3
6579	1
6580	4
6581	7
6582	1
6583	6
6584	9
6585	3
6586	6
6587	2
6588	6
6589	5
6590	3
6591	1
6592	6
6593	1
6594	6
6595	3
6596	5
6597	3
6598	8
6599	7
6600	7
6601	4
6602	8
6603	5
6604	4
6605	7
6606	4
6607	5
6608	9
6609	4
6610	6
6611	6
6612	3
6613	4
6614	5
6615	11
6616	9
6617	6
6618	3
6619	8
6620	9
6621	6
6622	2
6623	6
6624	3
6625	6
6626	4
6627	2
6628	9
6629	1
6630	6
6631	5
6632	7
6633	8
6634	7
6635	5
6636	3
6637	5
6638	5
6639	4
6640	4
6641	9
6642	6
6643	8
6644	2
6645	2
6646	6
6647	4
6648	8
6649	4
6650	12
6651	1
6652	5
6653	7
6654	4
6655	6
6656	4
6657	5
6658	2
6659	6
6660	9
6661	2
6662	7
6663	1
6664	5
6665	5
6666	7
6667	5
6668	3
6669	8
6670	4
6671	5
6672	7
6673	7
6674	4
6675	2
6676	5
6677	8
6678	8
6679	9
6680	8
6681	6
6682	5
6683	7
6684	5
6685	8
6686	5
6687	8
6688	7
6689	4
6690	7
6691	5
6692	3
6693	6
6694	3
6695	10
6696	3
6697	7
6698	5
6699	7
6700	8
6701	15
6702	10
6703	10
6704	5
6705	2
6706	8
6707	8
6708	3
6709	7
6710	7
6711	9
6712	16
6713	5
6714	10
6715	5
6716	3
6717	7
6718	6
6719	7
6720	8
6721	4
6722	7
6723	5
6724	5
6725	10
6726	3
6727	9
6728	7
6729	7
6730	4
6731	4
6732	4
6733	9
6734	6
6735	10
6736	6
6737	4
6738	3
6739	4
6740	1
6741	1
6742	5
6743	10
6744	7
6745	8
6746	8
6747	12
6748	3
6749	6
6750	9
6751	8
6752	12
6753	7
6754	9
6755	6
6756	4
6757	6
6758	9
6759	5
6760	8
6761	8
6762	5
6763	8
6764	9
6765	9
6766	5
6767	13
6768	4
6769	5
6770	3
6771	9
6772	11
6773	5
6774	10
6775	7
6776	3
6777	6
6778	4
6779	7
6780	4
6781	7
6782	7
6783	15
6784	12
6785	7
6786	6
6787	7
6788	8
6789	4
6790	10
6791	7
6792	4
6793	4
6794	6
6795	5
6796	4
6797	8
6798	6
6799	9
6800	5
6801	6
6802	12
6803	5
6804	8
6805	4
6806	9
6807	5
6808	8
6809	11
6810	5
6811	10
6812	6
6813	11
6814	7
6815	4
6816	7
6817	10
6818	13
6819	9
6820	4
6821	5
6822	10
6823	8
6824	5
6825	5
6826	6
6827	3
6828	7
6829	5
6830	3
6831	8
6832	7
6833	6
6834	10
6835	7
6836	4
6837	7
6838	8
6839	2
6840	7
6841	6
6842	6
6843	3
6844	5
6845	8
6846	9
6847	7
6848	5
6849	6
6850	7
6851	7
6852	10
6853	11
6854	8
6855	5
6856	6
6857	3
6858	5
6859	12
6860	6
6861	4
6862	9
6863	9
6864	6
6865	9
6866	9
6867	7
6868	8
6869	2
6870	8
6871	6
6872	8
6873	6
6874	9
6875	7
6876	9
6877	6
6878	8
6879	7
6880	9
6881	9
6882	6
6883	5
6884	10
6885	7
6886	5
6887	8
6888	6
6889	6
6890	6
6891	10
6892	8
6893	10
6894	9
6895	7
6896	8
6897	7
6898	5
6899	4
6900	5
6901	7
6902	7
6903	6
6904	5
6905	5
6906	7
6907	7
6908	6
6909	10
6910	13
6911	10
6912	13
6913	6
6914	2
6915	9
6916	7
6917	3
6918	7
6919	8
6920	8
6921	5
6922	7
6923	6
6924	11
6925	10
6926	8
6927	6
6928	8
6929	6
6930	6
6931	7
6932	8
6933	10
6934	10
6935	10
6936	5
6937	7
6938	12
6939	5
6940	9
6941	3
6942	7
6943	8
6944	10
6945	5
6946	4
6947	7
6948	12
6949	9
6950	11
6951	4
6952	1
6953	6
6954	6
6955	3
6956	10
6957	11
6958	5
6959	5
6960	8
6961	6
6962	6
6963	9
6964	8
6965	5
6966	7
6967	5
6968	1
6969	7
6970	8
6971	9
6972	4
6973	3
6974	4
6975	8
6976	5
6977	7
6978	5
6979	10
6980	3
6981	6
6982	1
6983	7
6984	6
6985	5
6986	4
6987	8
6988	6
6989	6
6990	5
6991	5
6992	7
6993	6
6994	9
6995	2
6996	4
6997	6
6998	9
6999	5
7000	7
7001	7
7002	2
7003	3
7004	1
7005	4
7006	5
7007	3
7008	4
7009	5
7010	7
7011	2
7012	5
7013	3
7014	2
7015	5
7016	6
7017	4
7018	4
7019	2
7020	3
7021	6
7022	4
7023	6
7024	6
7025	4
7026	5
7027	3
7028	3
7029	5
7030	5
7031	5
7032	1
7033	10
7034	10
7035	7
7036	5
7037	5
7038	2
7039	3
7040	2
7041	4
7042	6
7043	4
7044	4
7045	4
7046	3
7047	2
7048	9
7049	3
7050	3
7051	2
7052	1
7053	0
7054	8
7055	5
7056	4
7057	9
7058	2
7059	2
7060	6
7061	4
7062	2
7063	1
7064	3
7065	4
7066	3
7067	2
7068	5
7069	3
7070	4
7071	3
7072	4
7073	5
7074	7
7075	2
7076	2
7077	5
7078	5
7079	3
7080	2
7081	5
7082	5
7083	4
7084	6
7085	3
7086	2
7087	3
7088	0
7089	5
7090	3
7091	7
7092	5
7093	5
7094	2
7095	2
7096	3
7097	4
7098	2
7099	4
7100	4
7101	6
7102	6
7103	5
7104	5
7105	6
7106	2
7107	2
7108	0
7109	2
7110	3
7111	4
7112	5
7113	4
7114	2
7115	4
7116	5
7117	7
7118	7
7119	3
7120	4
7121	4
7122	2
7123	3
7124	2
7125	2
7126	3
7127	4
7128	10
7129	4
7130	4
7131	2
7132	1
7133	1
7134	1
7135	0
7136	4
7137	1
7138	3
7139	4
7140	4
7141	1
7142	4
7143	5
7144	3
7145	4
7146	1
7147	4
7148	2
7149	1
7150	1
7151	2
7152	6
7153	4
7154	6
7155	4
7156	4
7157	7
7158	3
7159	3
7160	2
7161	2
7162	2
7163	2
7164	1
7165	3
7166	3
7167	4
7168	1
7169	1
7170	1
7171	2
7172	4
7173	7
7174	3
7175	2
7176	4
7177	3
7178	4
7179	3
7180	1
7181	2
7182	1
7183	4
7184	2
7185	2
7186	2
7187	4
7188	1
7189	1
7190	5
7191	3
7192	2
7193	4
7194	4
7195	2
7196	1
7197	3
7198	1
7199	1
7200	0
7201	3
7202	3
7203	2
7204	3
7205	0
7206	1
7207	4
7208	3
7209	5
7210	0
7211	4
7212	4
7213	2
7214	1
7215	1
7216	1
7217	1
7218	2
7219	3
7220	2
7221	2
7222	3
7223	4
7224	3
7225	3
7226	4
7227	6
7228	1
7229	3
7230	2
7231	6
7232	3
7233	3
7234	5
7235	3
7236	2
7237	5
7238	5
7239	2
7240	0
7241	2
7242	1
7243	3
7244	5
7245	1
7246	3
7247	5
7248	3
7249	6
7250	4
7251	1
7252	4
7253	1
7254	1
7255	2
7256	2
7257	4
7258	2
7259	2
7260	4
7261	0
7262	4
7263	3
7264	3
7265	3
7266	2
7267	5
7268	2
7269	2
7270	4
7271	1
7272	0
7273	5
7274	2
7275	4
7276	3
7277	3
7278	2
7279	2
7280	2
7281	6
7282	1
7283	4
7284	2
7285	3
7286	3
7287	1
7288	2
7289	5
7290	2
7291	1
7292	3
7293	1
7294	4
7295	3
7296	5
7297	4
7298	2
7299	6
7300	3
7301	0
7302	5
7303	1
7304	0
7305	2
7306	4
7307	1
7308	2
7309	1
7310	3
7311	3
7312	3
7313	3
7314	3
7315	3
7316	0
7317	4
7318	5
7319	4
7320	7
7321	1
7322	1
7323	2
7324	4
7325	1
7326	0
7327	3
7328	0
7329	2
7330	2
7331	3
7332	2
7333	4
7334	4
7335	1
7336	1
7337	2
7338	2
7339	5
7340	3
7341	4
7342	3
7343	1
7344	2
7345	2
7346	2
7347	3
7348	3
7349	1
7350	0
7351	1
7352	1
7353	3
7354	0
7355	1
7356	2
7357	3
7358	3
7359	3
7360	3
7361	3
7362	1
7363	2
7364	4
7365	3
7366	7
7367	2
7368	3
7369	2
7370	3
7371	6
7372	3
7373	3
7374	4
7375	3
7376	3
7377	3
7378	5
7379	7
7380	0
7381	2
7382	2
7383	3
7384	4
7385	3
7386	3
7387	2
7388	6
7389	3
7390	7
7391	2
7392	2
7393	3
7394	5
7395	3
7396	2
7397	6
7398	3
7399	3
7400	4
7401	0
7402	0
7403	7
7404	2
7405	3
7406	2
7407	1
7408	3
7409	3
7410	5
7411	2
7412	1
7413	6
7414	2
7415	1
7416	2
7417	3
7418	1
7419	4
7420	3
7421	1
7422	6
7423	4
7424	3
7425	2
7426	3
7427	5
7428	6
7429	0
7430	5
7431	6
7432	3
7433	6
7434	3
7435	6
7436	2
7437	3
7438	9
7439	2
7440	4
7441	3
7442	5
7443	4
7444	5
7445	2
7446	2
7447	9
7448	2
7449	3
7450	9
7451	2
7452	4
7453	4
7454	2
7455	6
7456	2
7457	5
7458	2
7459	5
7460	2
7461	4
7462	6
7463	5
7464	4
7465	4
7466	6
7467	4
7468	6
7469	6
7470	4
7471	5
7472	2
7473	3
7474	7
7475	5
7476	3
7477	2
7478	4
7479	3
7480	2
7481	5
7482	7
7483	4
7484	4
7485	3
7486	2
7487	7
7488	4
7489	3
7490	2
7491	4
7492	2
7493	3
7494	5
7495	5
7496	2
7497	2
7498	8
7499	6
7500	7
7501	4
7502	10
7503	4
7504	6
7505	1
7506	5
7507	4
7508	7
7509	5
7510	8
7511	3
7512	5
7513	2
7514	4
7515	3
7516	9
7517	4
7518	5
7519	5
7520	8
7521	8
7522	5
7523	7
7524	5
7525	6
7526	10
7527	4
7528	7
7529	5
7530	8
7531	9
7532	6
7533	5
7534	3
7535	5
7536	6
7537	5
7538	5
7539	6
7540	8
7541	11
7542	5
7543	12
7544	4
7545	6
7546	9
7547	3
7548	7
7549	8
7550	9
7551	12
7552	5
7553	4
7554	5
7555	6
7556	4
7557	8
7558	9
7559	2
7560	10
7561	8
7562	11
7563	5
7564	4
7565	6
7566	9
7567	6
7568	8
7569	8
7570	8
7571	7
7572	8
7573	3
7574	11
7575	3
7576	5
7577	11
7578	7
7579	4
7580	6
7581	11
7582	4
7583	8
7584	6
7585	4
7586	10
7587	6
7588	4
7589	8
7590	8
7591	3
7592	11
7593	6
7594	4
7595	5
7596	6
7597	8
7598	6
7599	8
7600	4
7601	5
7602	6
7603	9
7604	5
7605	9
7606	8
7607	5
7608	7
7609	10
7610	7
7611	6
7612	7
7613	7
7614	9
7615	8
7616	12
7617	7
7618	6
7619	5
7620	3
7621	7
7622	9
7623	8
7624	5
7625	6
7626	7
7627	5
7628	4
7629	6
7630	12
7631	8
7632	12
7633	9
7634	7
7635	6
7636	9
7637	8
7638	10
7639	12
7640	8
7641	6
7642	9
7643	4
7644	6
7645	7
7646	6
7647	10
7648	6
7649	8
7650	12
7651	10
7652	6
7653	9
7654	7
7655	8
7656	6
7657	7
7658	7
7659	6
7660	6
7661	6
7662	6
7663	6
7664	5
7665	8
7666	5
7667	7
7668	8
7669	7
7670	6
7671	10
7672	4
7673	4
7674	18
7675	10
7676	6
7677	7
7678	5
7679	9
7680	11
7681	9
7682	11
7683	8
7684	8
7685	11
7686	7
7687	9
7688	9
7689	8
7690	11
7691	7
7692	11
7693	9
7694	5
7695	11
7696	9
7697	4
7698	9
7699	8
7700	7
7701	5
7702	8
7703	6
7704	13
7705	9
7706	10
7707	10
7708	8
7709	7
7710	5
7711	6
7712	3
7713	4
7714	13
7715	9
7716	4
7717	6
7718	10
7719	8
7720	7
7721	7
7722	5
7723	12
7724	9
7725	11
7726	11
7727	9
7728	11
7729	8
7730	10
7731	7
7732	5
7733	6
7734	9
7735	15
7736	13
7737	12
7738	5
7739	7
7740	9
7741	7
7742	12
7743	8
7744	7
7745	9
7746	6
7747	12
7748	10
7749	10
7750	7
7751	7
7752	6
7753	9
7754	9
7755	10
7756	15
7757	10
7758	4
7759	7
7760	9
7761	7
7762	12
7763	3
7764	8
7765	9
7766	5
7767	8
7768	14
7769	5
7770	8
7771	11
7772	3
7773	8
7774	10
7775	8
7776	10
7777	7
7778	9
7779	11
7780	15
7781	9
7782	8
7783	8
7784	7
7785	6
7786	10
7787	16
7788	8
7789	6
7790	13
7791	9
7792	12
7793	5
7794	7
7795	8
7796	9
7797	12
7798	6
7799	8
7800	5
7801	5
7802	7
7803	8
7804	7
7805	8
7806	10
7807	5
7808	5
7809	14
7810	17
7811	11
7812	5
7813	5
7814	9
7815	13
7816	9
7817	10
7818	15
7819	4
7820	9
7821	5
7822	5
7823	5
7824	9
7825	10
7826	8
7827	4
7828	7
7829	8
7830	7
7831	7
7832	12
7833	9
7834	10
7835	12
7836	4
7837	9
7838	8
7839	16
7840	7
7841	6
7842	3
7843	8
7844	6
7845	8
7846	7
7847	6
7848	10
7849	12
7850	7
7851	7
7852	4
7853	8
7854	12
7855	9
7856	5
7857	7
7858	6
7859	10
7860	8
7861	9
7862	7
7863	7
7864	5
7865	6
7866	10
7867	7
7868	5
7869	8
7870	16
7871	4
7872	4
7873	8
7874	9
7875	8
7876	5
7877	5
7878	10
7879	5
7880	7
7881	7
7882	6
7883	6
7884	7
7885	10
7886	5
7887	14
7888	7
7889	8
7890	9
7891	6
7892	6
7893	2
7894	8
7895	6
7896	5
7897	4
7898	5
7899	8
7900	9
7901	4
7902	10
7903	9
7904	5
7905	10
7906	8
7907	9
7908	3
7909	7
7910	2
7911	6
7912	2
7913	9
7914	6
7915	5
7916	7
7917	7
7918	6
7919	6
7920	3
7921	5
7922	5
7923	3
7924	6
7925	7
7926	7
7927	3
7928	7
7929	5
7930	4
7931	4
7932	11
7933	7
7934	5
7935	10
7936	8
7937	6
7938	7
7939	6
7940	4
7941	4
7942	7
7943	6
7944	10
7945	2
7946	6
7947	7
7948	4
7949	5
7950	5
7951	7
7952	7
7953	4
7954	8
7955	5
7956	8
7957	3
7958	4
7959	5
7960	6
7961	3
7962	6
7963	7
7964	8
7965	6
7966	7
7967	4
7968	4
7969	6
7970	3
7971	5
7972	3
7973	8
7974	8
7975	8
7976	6
7977	2
7978	5
7979	8
7980	3
7981	4
7982	2
7983	2
7984	6
7985	5
7986	3
7987	5
7988	3
7989	5
7990	4
7991	4
7992	4
7993	3
7994	4
7995	10
7996	6
7997	8
7998	5
7999	5
8000	2
8001	5
8002	3
8003	3
8004	5
8005	3
8006	3
8007	4
8008	4
8009	4
8010	5
8011	4
8012	4
8013	3
8014	3
8015	6
8016	4
8017	6
8018	6
8019	3
8020	4
8021	5
8022	7
8023	4
8024	1
8025	4
8026	3
8027	7
8028	1
8029	2
8030	4
8031	3
8032	5
8033	4
8034	5
8035	2
8036	7
8037	3
8038	5
8039	3
8040	6
8041	5
8042	5
8043	3
8044	2
8045	2
8046	3
8047	2
8048	2
8049	6
8050	6
8051	6
8052	3
8053	3
8054	4
8055	2
8056	5
8057	1
8058	1
8059	5
8060	3
8061	4
8062	8
8063	2
8064	3
8065	3
8066	2
8067	2
8068	6
8069	3
8070	5
8071	7
8072	4
8073	3
8074	4
8075	5
8076	5
8077	2
8078	3
8079	2
8080	4
8081	1
8082	0
8083	0
8084	0
8085	0
8086	0
8087	0
8088	0
8089	0
8090	0
8091	0
8092	0
8093	0
8094	0
8095	0
8096	0
8097	0
8098	0
8099	0
8100	0
8101	0
8102	0
8103	0
8104	0
8105	0
8106	0
8107	0
8108	0
8109	0
8110	0
8111	0
8112	0
8113	0
8114	0
8115	0
8116	0
8117	0
8118	0
8119	0
8120	0
8121	0
8122	0
8123	0
8124	0
8125	0
8126	0
8127	0
8128	0
8129	0
8130	0
8131	0
8132	0
8133	0
8134	0
8135	0
8136	0
8137	0
8138	0
8139	0
8140	0
8141	0
8142	0
8143	0
8144	0
8145	0
8146	0
8147	0
8148	0
8149	0
8150	0
8151	0
8152	0
8153	0
8154	0
8155	0
8156	0
8157	0
8158	0
8159	0
8160	0
8161	0
8162	0
8163	0
8164	0
8165	0
8166	0
8167	0
8168	0
8169	0
8170	0
8171	0
8172	0
8173	0
8174	0
8175	0
8176	0
8177	0
8178	0
8179	0
8180	0
8181	0
8182	0
8183	0
8184	0
8185	0
8186	0
8187	0
8188	0
8189	0
8190	0
8191	0
