0	0
1	0
2	0
3	0
4	0
5	0
6	0
7	0
8	0
9	0
10	0
11	0
12	0
13	0
14	0
15	0
16	0
17	0
18	0
19	0
20	0
21	0
22	0
23	0
24	0
25	0
26	0
27	0
28	0
29	0
30	0
31	0
32	0
33	0
34	0
35	0
36	0
37	0
38	0
39	0
40	0
41	0
42	0
43	0
44	0
45	0
46	0
47	0
48	0
49	0
50	0
51	0
52	0
53	0
54	0
55	0
56	0
57	0
58	0
59	0
60	0
61	0
62	0
63	0
64	0
65	0
66	0
67	0
68	0
69	0
70	0
71	0
72	0
73	0
74	0
75	0
76	0
77	0
78	0
79	0
80	0
81	0
82	0
83	0
84	0
85	1
86	9
87	14
88	11
89	12
90	9
91	10
92	10
93	19
94	14
95	14
96	13
97	14
98	16
99	11
100	13
101	13
102	15
103	14
104	10
105	19
106	7
107	8
108	17
109	15
110	19
111	18
112	16
113	8
114	13
115	15
116	19
117	15
118	17
119	8
120	15
121	15
122	10
123	21
124	10
125	20
126	14
127	13
128	10
129	8
130	14
131	9
132	14
133	19
134	14
135	13
136	17
137	14
138	11
139	9
140	19
141	16
142	10
143	12
144	15
145	11
146	11
147	19
148	16
149	10
150	13
151	14
152	11
153	18
154	21
155	16
156	14
157	10
158	12
159	13
160	7
161	18
162	10
163	13
164	17
165	14
166	13
167	19
168	15
169	23
170	12
171	7
172	18
173	15
174	15
175	19
176	13
177	13
178	12
179	14
180	14
181	9
182	17
183	11
184	10
185	14
186	20
187	12
188	11
189	12
190	13
191	18
192	10
193	20
194	11
195	17
196	10
197	13
198	17
199	17
200	19
201	17
202	14
203	15
204	15
205	13
206	12
207	12
208	15
209	12
210	8
211	15
212	11
213	18
214	6
215	13
216	17
217	15
218	16
219	19
220	22
221	18
222	14
223	23
224	17
225	12
226	16
227	24
228	9
229	17
230	21
231	14
232	23
233	20
234	11
235	13
236	17
237	18
238	16
239	23
240	17
241	13
242	15
243	23
244	18
245	21
246	25
247	27
248	18
249	18
250	17
251	12
252	15
253	23
254	15
255	19
256	14
257	18
258	12
259	12
260	11
261	14
262	17
263	13
264	19
265	11
266	13
267	12
268	12
269	19
270	13
271	23
272	19
273	12
274	14
275	19
276	16
277	8
278	17
279	16
280	18
281	18
282	13
283	14
284	19
285	12
286	14
287	25
288	19
289	10
290	14
291	19
292	19
293	21
294	19
295	15
296	13
297	14
298	15
299	14
300	18
301	17
302	17
303	15
304	17
305	9
306	12
307	24
308	23
309	16
310	23
311	16
312	23
313	22
314	15
315	8
316	13
317	19
318	13
319	18
320	20
321	10
322	17
323	16
324	17
325	27
326	13
327	23
328	16
329	18
330	21
331	18
332	12
333	18
334	13
335	16
336	13
337	20
338	22
339	16
340	10
341	15
342	24
343	13
344	19
345	24
346	21
347	11
348	21
349	21
350	15
351	19
352	23
353	17
354	19
355	19
356	14
357	19
358	15
359	21
360	17
361	16
362	17
363	16
364	20
365	15
366	17
367	20
368	19
369	13
370	16
371	14
372	21
373	24
374	16
375	11
376	16
377	26
378	26
379	14
380	19
381	19
382	14
383	17
384	13
385	18
386	18
387	14
388	21
389	12
390	18
391	19
392	14
393	15
394	23
395	23
396	12
397	24
398	16
399	24
400	18
401	23
402	18
403	21
404	17
405	10
406	16
407	11
408	20
409	12
410	20
411	27
412	12
413	19
414	19
415	16
416	21
417	11
418	23
419	20
420	16
421	17
422	20
423	24
424	18
425	26
426	20
427	13
428	12
429	16
430	23
431	16
432	11
433	10
434	18
435	25
436	22
437	22
438	16
439	14
440	14
441	13
442	21
443	31
444	17
445	21
446	20
447	18
448	15
449	19
450	20
451	16
452	21
453	18
454	13
455	23
456	22
457	15
458	15
459	23
460	21
461	16
462	22
463	12
464	12
465	16
466	17
467	12
468	29
469	12
470	14
471	11
472	18
473	15
474	20
475	17
476	18
477	19
478	22
479	19
480	23
481	17
482	24
483	27
484	20
485	16
486	14
487	5
488	19
489	16
490	16
491	19
492	18
493	19
494	25
495	21
496	30
497	24
498	12
499	14
500	22
501	25
502	24
503	16
504	14
505	22
506	24
507	24
508	23
509	22
510	17
511	17
512	18
513	10
514	19
515	18
516	22
517	22
518	28
519	20
520	15
521	21
522	19
523	11
524	19
525	14
526	23
527	21
528	16
529	13
530	19
531	23
532	23
533	27
534	18
535	32
536	21
537	15
538	22
539	30
540	25
541	21
542	25
543	22
544	22
545	34
546	22
547	29
548	22
549	32
550	31
551	32
552	28
553	21
554	17
555	31
556	25
557	40
558	36
559	30
560	29
561	39
562	25
563	39
564	25
565	33
566	33
567	36
568	28
569	30
570	27
571	42
572	27
573	27
574	39
575	34
576	26
577	37
578	34
579	29
580	41
581	41
582	32
583	33
584	37
585	38
586	36
587	39
588	43
589	32
590	47
591	36
592	38
593	51
594	33
595	41
596	34
597	43
598	38
599	41
600	47
601	42
602	41
603	38
604	40
605	32
606	40
607	33
608	46
609	44
610	43
611	30
612	37
613	45
614	41
615	48
616	38
617	34
618	45
619	43
620	32
621	38
622	44
623	43
624	45
625	32
626	46
627	32
628	38
629	27
630	37
631	31
632	39
633	34
634	35
635	32
636	37
637	29
638	30
639	32
640	34
641	30
642	37
643	27
644	34
645	30
646	44
647	46
648	36
649	32
650	28
651	46
652	29
653	24
654	31
655	31
656	44
657	30
658	19
659	28
660	34
661	32
662	30
663	27
664	29
665	34
666	29
667	27
668	29
669	27
670	32
671	31
672	28
673	33
674	36
675	28
676	26
677	36
678	35
679	24
680	28
681	40
682	33
683	30
684	26
685	34
686	34
687	35
688	28
689	17
690	37
691	35
692	32
693	37
694	26
695	24
696	25
697	22
698	32
699	22
700	29
701	37
702	35
703	25
704	23
705	26
706	27
707	25
708	26
709	20
710	30
711	35
712	31
713	31
714	37
715	30
716	32
717	19
718	36
719	27
720	25
721	24
722	20
723	34
724	28
725	18
726	27
727	22
728	17
729	31
730	23
731	28
732	20
733	18
734	35
735	18
736	27
737	32
738	28
739	24
740	25
741	34
742	16
743	22
744	21
745	26
746	16
747	24
748	21
749	21
750	13
751	30
752	17
753	21
754	27
755	19
756	17
757	23
758	25
759	19
760	18
761	27
762	10
763	21
764	22
765	34
766	15
767	30
768	25
769	24
770	20
771	28
772	22
773	23
774	22
775	23
776	20
777	14
778	24
779	26
780	21
781	19
782	22
783	22
784	27
785	27
786	24
787	18
788	14
789	18
790	23
791	21
792	35
793	23
794	23
795	25
796	18
797	18
798	21
799	26
800	23
801	22
802	28
803	19
804	18
805	29
806	18
807	27
808	27
809	27
810	17
811	21
812	17
813	28
814	33
815	22
816	32
817	24
818	15
819	33
820	28
821	21
822	21
823	22
824	25
825	16
826	17
827	22
828	19
829	33
830	19
831	21
832	21
833	16
834	21
835	26
836	28
837	18
838	24
839	21
840	24
841	22
842	15
843	17
844	26
845	17
846	32
847	25
848	22
849	19
850	19
851	23
852	23
853	23
854	29
855	26
856	23
857	24
858	18
859	27
860	21
861	20
862	25
863	22
864	20
865	23
866	36
867	25
868	24
869	29
870	29
871	25
872	25
873	27
874	20
875	25
876	18
877	32
878	10
879	23
880	32
881	24
882	23
883	26
884	28
885	25
886	25
887	28
888	28
889	30
890	34
891	24
892	20
893	20
894	29
895	25
896	17
897	24
898	25
899	18
900	31
901	27
902	29
903	29
904	28
905	27
906	23
907	22
908	33
909	28
910	24
911	21
912	27
913	27
914	32
915	29
916	27
917	20
918	29
919	32
920	23
921	32
922	20
923	29
924	28
925	22
926	28
927	27
928	24
929	26
930	27
931	25
932	19
933	25
934	27
935	27
936	29
937	22
938	22
939	27
940	28
941	32
942	29
943	33
944	24
945	28
946	26
947	29
948	32
949	22
950	29
951	29
952	33
953	18
954	29
955	28
956	33
957	24
958	21
959	29
960	28
961	28
962	34
963	34
964	31
965	22
966	26
967	26
968	35
969	23
970	27
971	30
972	21
973	27
974	35
975	27
976	32
977	29
978	34
979	26
980	27
981	25
982	18
983	27
984	25
985	24
986	32
987	22
988	31
989	25
990	25
991	22
992	26
993	23
994	25
995	24
996	29
997	34
998	20
999	24
1000	37
1001	35
1002	24
1003	18
1004	35
1005	31
1006	34
1007	32
1008	32
1009	20
1010	23
1011	29
1012	36
1013	33
1014	25
1015	31
1016	26
1017	23
1018	23
1019	36
1020	32
1021	32
1022	32
1023	37
1024	30
1025	28
1026	33
1027	31
1028	28
1029	37
1030	28
1031	27
1032	36
1033	30
1034	21
1035	39
1036	32
1037	19
1038	34
1039	35
1040	22
1041	36
1042	30
1043	33
1044	27
1045	30
1046	28
1047	27
1048	41
1049	37
1050	26
1051	29
1052	32
1053	34
1054	35
1055	32
1056	26
1057	39
1058	35
1059	28
1060	38
1061	25
1062	24
1063	30
1064	34
1065	34
1066	19
1067	18
1068	34
1069	24
1070	22
1071	28
1072	26
1073	29
1074	25
1075	37
1076	32
1077	25
1078	40
1079	29
1080	31
1081	21
1082	46
1083	34
1084	30
1085	29
1086	35
1087	30
1088	32
1089	34
1090	30
1091	27
1092	28
1093	31
1094	37
1095	31
1096	34
1097	32
1098	18
1099	24
1100	32
1101	34
1102	23
1103	35
1104	27
1105	25
1106	27
1107	31
1108	26
1109	34
1110	37
1111	31
1112	37
1113	31
1114	32
1115	30
1116	23
1117	30
1118	35
1119	46
1120	40
1121	34
1122	31
1123	32
1124	29
1125	23
1126	37
1127	34
1128	26
1129	23
1130	36
1131	37
1132	32
1133	30
1134	36
1135	28
1136	38
1137	32
1138	41
1139	30
1140	25
1141	36
1142	34
1143	41
1144	25
1145	37
1146	43
1147	30
1148	33
1149	29
1150	31
1151	36
1152	35
1153	26
1154	51
1155	27
1156	31
1157	29
1158	43
1159	33
1160	27
1161	39
1162	20
1163	29
1164	34
1165	38
1166	37
1167	27
1168	26
1169	32
1170	32
1171	33
1172	46
1173	44
1174	31
1175	29
1176	34
1177	24
1178	39
1179	36
1180	46
1181	38
1182	36
1183	32
1184	27
1185	38
1186	30
1187	35
1188	47
1189	33
1190	45
1191	26
1192	36
1193	34
1194	31
1195	35
1196	30
1197	39
1198	45
1199	44
1200	24
1201	28
1202	28
1203	25
1204	50
1205	37
1206	34
1207	29
1208	27
1209	32
1210	44
1211	32
1212	43
1213	37
1214	31
1215	35
1216	41
1217	34
1218	40
1219	38
1220	27
1221	48
1222	49
1223	29
1224	31
1225	39
1226	49
1227	29
1228	36
1229	32
1230	35
1231	32
1232	39
1233	39
1234	34
1235	39
1236	45
1237	36
1238	46
1239	37
1240	32
1241	39
1242	42
1243	36
1244	30
1245	35
1246	37
1247	49
1248	40
1249	42
1250	48
1251	43
1252	38
1253	36
1254	28
1255	33
1256	32
1257	37
1258	31
1259	40
1260	40
1261	40
1262	38
1263	32
1264	30
1265	47
1266	28
1267	29
1268	32
1269	46
1270	37
1271	27
1272	35
1273	32
1274	40
1275	44
1276	43
1277	42
1278	44
1279	38
1280	47
1281	37
1282	39
1283	42
1284	42
1285	28
1286	37
1287	40
1288	33
1289	38
1290	33
1291	42
1292	39
1293	36
1294	39
1295	36
1296	44
1297	47
1298	42
1299	50
1300	28
1301	42
1302	47
1303	42
1304	43
1305	37
1306	25
1307	34
1308	36
1309	35
1310	34
1311	38
1312	36
1313	43
1314	43
1315	39
1316	34
1317	39
1318	53
1319	33
1320	45
1321	43
1322	40
1323	46
1324	39
1325	34
1326	34
1327	37
1328	41
1329	35
1330	36
1331	47
1332	19
1333	38
1334	41
1335	44
1336	38
1337	37
1338	40
1339	40
1340	37
1341	37
1342	39
1343	44
1344	40
1345	42
1346	33
1347	39
1348	39
1349	40
1350	28
1351	41
1352	40
1353	43
1354	38
1355	48
1356	41
1357	47
1358	47
1359	43
1360	44
1361	50
1362	45
1363	50
1364	34
1365	38
1366	48
1367	43
1368	50
1369	39
1370	57
1371	39
1372	43
1373	37
1374	38
1375	36
1376	39
1377	40
1378	44
1379	36
1380	39
1381	47
1382	36
1383	33
1384	47
1385	42
1386	41
1387	39
1388	47
1389	42
1390	48
1391	34
1392	32
1393	39
1394	33
1395	45
1396	42
1397	45
1398	42
1399	33
1400	44
1401	53
1402	48
1403	47
1404	33
1405	40
1406	43
1407	39
1408	46
1409	45
1410	41
1411	39
1412	51
1413	46
1414	50
1415	50
1416	37
1417	50
1418	49
1419	49
1420	30
1421	52
1422	53
1423	37
1424	39
1425	45
1426	52
1427	40
1428	51
1429	43
1430	37
1431	45
1432	43
1433	44
1434	48
1435	54
1436	37
1437	41
1438	55
1439	42
1440	44
1441	39
1442	47
1443	46
1444	42
1445	36
1446	55
1447	49
1448	44
1449	44
1450	36
1451	46
1452	40
1453	47
1454	38
1455	55
1456	57
1457	40
1458	41
1459	58
1460	50
1461	38
1462	39
1463	51
1464	51
1465	38
1466	49
1467	48
1468	41
1469	45
1470	34
1471	50
1472	50
1473	45
1474	46
1475	30
1476	43
1477	46
1478	48
1479	41
1480	52
1481	49
1482	42
1483	67
1484	43
1485	38
1486	47
1487	46
1488	36
1489	35
1490	41
1491	46
1492	49
1493	55
1494	45
1495	44
1496	49
1497	38
1498	48
1499	51
1500	51
1501	41
1502	48
1503	47
1504	51
1505	50
1506	51
1507	57
1508	51
1509	50
1510	36
1511	46
1512	46
1513	53
1514	49
1515	47
1516	41
1517	47
1518	41
1519	58
1520	49
1521	41
1522	46
1523	52
1524	51
1525	39
1526	58
1527	64
1528	57
1529	44
1530	50
1531	53
1532	54
1533	41
1534	42
1535	58
1536	63
1537	47
1538	49
1539	49
1540	55
1541	46
1542	38
1543	56
1544	47
1545	53
1546	62
1547	62
1548	45
1549	55
1550	42
1551	48
1552	46
1553	42
1554	55
1555	56
1556	59
1557	53
1558	59
1559	53
1560	45
1561	63
1562	51
1563	43
1564	59
1565	67
1566	57
1567	51
1568	56
1569	67
1570	58
1571	56
1572	63
1573	46
1574	61
1575	51
1576	58
1577	58
1578	54
1579	62
1580	64
1581	48
1582	57
1583	56
1584	64
1585	43
1586	66
1587	66
1588	54
1589	61
1590	53
1591	61
1592	50
1593	56
1594	69
1595	63
1596	61
1597	54
1598	68
1599	50
1600	82
1601	54
1602	54
1603	53
1604	73
1605	61
1606	61
1607	53
1608	52
1609	73
1610	50
1611	63
1612	64
1613	77
1614	69
1615	53
1616	61
1617	66
1618	72
1619	58
1620	56
1621	75
1622	60
1623	64
1624	53
1625	61
1626	73
1627	64
1628	79
1629	56
1630	66
1631	61
1632	75
1633	54
1634	66
1635	67
1636	70
1637	69
1638	84
1639	72
1640	75
1641	64
1642	72
1643	77
1644	77
1645	73
1646	86
1647	75
1648	66
1649	75
1650	66
1651	54
1652	55
1653	82
1654	63
1655	71
1656	72
1657	74
1658	76
1659	76
1660	70
1661	64
1662	77
1663	78
1664	74
1665	71
1666	69
1667	80
1668	100
1669	76
1670	65
1671	86
1672	67
1673	65
1674	68
1675	82
1676	78
1677	80
1678	83
1679	70
1680	86
1681	78
1682	77
1683	78
1684	76
1685	90
1686	83
1687	77
1688	92
1689	91
1690	87
1691	91
1692	65
1693	83
1694	74
1695	79
1696	97
1697	85
1698	85
1699	80
1700	93
1701	99
1702	65
1703	85
1704	88
1705	77
1706	86
1707	104
1708	97
1709	73
1710	79
1711	82
1712	76
1713	79
1714	62
1715	81
1716	68
1717	90
1718	93
1719	86
1720	74
1721	71
1722	84
1723	96
1724	68
1725	70
1726	73
1727	72
1728	83
1729	88
1730	85
1731	80
1732	81
1733	85
1734	80
1735	86
1736	85
1737	78
1738	72
1739	77
1740	70
1741	79
1742	79
1743	96
1744	76
1745	75
1746	75
1747	90
1748	77
1749	80
1750	75
1751	63
1752	80
1753	75
1754	71
1755	91
1756	83
1757	76
1758	81
1759	92
1760	89
1761	84
1762	73
1763	75
1764	86
1765	85
1766	91
1767	81
1768	68
1769	82
1770	78
1771	94
1772	81
1773	91
1774	79
1775	73
1776	102
1777	75
1778	87
1779	72
1780	95
1781	81
1782	91
1783	81
1784	76
1785	68
1786	75
1787	77
1788	73
1789	84
1790	89
1791	86
1792	82
1793	82
1794	63
1795	69
1796	71
1797	78
1798	99
1799	89
1800	101
1801	82
1802	65
1803	75
1804	67
1805	70
1806	69
1807	71
1808	77
1809	67
1810	78
1811	70
1812	73
1813	79
1814	73
1815	80
1816	75
1817	77
1818	69
1819	72
1820	68
1821	59
1822	73
1823	63
1824	84
1825	75
1826	66
1827	69
1828	60
1829	72
1830	79
1831	60
1832	54
1833	69
1834	71
1835	60
1836	78
1837	73
1838	88
1839	52
1840	79
1841	75
1842	75
1843	79
1844	72
1845	65
1846	62
1847	68
1848	90
1849	69
1850	69
1851	57
1852	67
1853	67
1854	58
1855	66
1856	83
1857	66
1858	56
1859	67
1860	68
1861	73
1862	59
1863	55
1864	63
1865	61
1866	63
1867	53
1868	50
1869	62
1870	71
1871	70
1872	57
1873	65
1874	60
1875	57
1876	62
1877	60
1878	66
1879	59
1880	60
1881	76
1882	62
1883	62
1884	63
1885	68
1886	62
1887	63
1888	59
1889	61
1890	66
1891	59
1892	67
1893	57
1894	62
1895	63
1896	60
1897	56
1898	65
1899	46
1900	64
1901	69
1902	57
1903	55
1904	55
1905	59
1906	50
1907	62
1908	64
1909	57
1910	52
1911	55
1912	52
1913	67
1914	58
1915	74
1916	55
1917	57
1918	51
1919	47
1920	43
1921	49
1922	43
1923	45
1924	40
1925	59
1926	50
1927	58
1928	61
1929	44
1930	42
1931	47
1932	52
1933	44
1934	44
1935	62
1936	61
1937	51
1938	59
1939	47
1940	44
1941	42
1942	57
1943	63
1944	47
1945	35
1946	46
1947	46
1948	48
1949	51
1950	46
1951	44
1952	50
1953	46
1954	56
1955	44
1956	46
1957	46
1958	39
1959	55
1960	45
1961	41
1962	46
1963	43
1964	47
1965	55
1966	47
1967	49
1968	40
1969	56
1970	53
1971	34
1972	42
1973	58
1974	40
1975	41
1976	47
1977	45
1978	35
1979	43
1980	49
1981	44
1982	41
1983	47
1984	35
1985	38
1986	48
1987	38
1988	47
1989	52
1990	40
1991	48
1992	37
1993	49
1994	32
1995	35
1996	40
1997	42
1998	34
1999	48
2000	52
2001	46
2002	42
2003	45
2004	39
2005	42
2006	44
2007	45
2008	53
2009	42
2010	34
2011	37
2012	40
2013	52
2014	47
2015	35
2016	56
2017	40
2018	35
2019	35
2020	31
2021	30
2022	28
2023	37
2024	32
2025	46
2026	35
2027	46
2028	42
2029	43
2030	29
2031	42
2032	43
2033	34
2034	37
2035	31
2036	36
2037	37
2038	33
2039	43
2040	42
2041	32
2042	42
2043	33
2044	35
2045	45
2046	29
2047	25
2048	25
2049	30
2050	34
2051	38
2052	35
2053	32
2054	26
2055	41
2056	24
2057	20
2058	22
2059	27
2060	35
2061	31
2062	48
2063	32
2064	39
2065	24
2066	40
2067	25
2068	36
2069	26
2070	32
2071	37
2072	35
2073	28
2074	35
2075	28
2076	26
2077	33
2078	25
2079	22
2080	29
2081	31
2082	30
2083	30
2084	23
2085	33
2086	30
2087	34
2088	35
2089	27
2090	36
2091	26
2092	30
2093	18
2094	32
2095	19
2096	22
2097	31
2098	25
2099	51
2100	34
2101	26
2102	26
2103	32
2104	20
2105	39
2106	32
2107	31
2108	27
2109	40
2110	25
2111	29
2112	24
2113	29
2114	29
2115	22
2116	30
2117	33
2118	25
2119	25
2120	30
2121	22
2122	25
2123	25
2124	28
2125	35
2126	19
2127	21
2128	29
2129	23
2130	29
2131	21
2132	35
2133	32
2134	19
2135	35
2136	32
2137	29
2138	34
2139	36
2140	29
2141	24
2142	25
2143	28
2144	23
2145	21
2146	15
2147	25
2148	28
2149	37
2150	26
2151	24
2152	33
2153	31
2154	22
2155	33
2156	20
2157	22
2158	30
2159	35
2160	28
2161	24
2162	29
2163	23
2164	27
2165	29
2166	32
2167	23
2168	25
2169	28
2170	30
2171	29
2172	23
2173	25
2174	28
2175	21
2176	22
2177	32
2178	31
2179	26
2180	27
2181	25
2182	20
2183	22
2184	24
2185	19
2186	21
2187	17
2188	26
2189	23
2190	26
2191	30
2192	20
2193	32
2194	33
2195	32
2196	25
2197	28
2198	18
2199	30
2200	30
2201	30
2202	19
2203	19
2204	25
2205	23
2206	33
2207	26
2208	24
2209	21
2210	19
2211	32
2212	22
2213	21
2214	24
2215	27
2216	24
2217	17
2218	21
2219	28
2220	25
2221	31
2222	22
2223	16
2224	17
2225	37
2226	25
2227	22
2228	24
2229	22
2230	13
2231	21
2232	23
2233	26
2234	32
2235	14
2236	21
2237	20
2238	24
2239	25
2240	17
2241	24
2242	22
2243	18
2244	21
2245	14
2246	20
2247	25
2248	19
2249	19
2250	27
2251	23
2252	18
2253	23
2254	27
2255	21
2256	25
2257	31
2258	24
2259	11
2260	19
2261	19
2262	17
2263	28
2264	22
2265	19
2266	23
2267	29
2268	19
2269	29
2270	23
2271	24
2272	18
2273	27
2274	18
2275	26
2276	24
2277	16
2278	16
2279	20
2280	29
2281	24
2282	21
2283	23
2284	17
2285	17
2286	15
2287	19
2288	28
2289	22
2290	25
2291	24
2292	22
2293	16
2294	21
2295	23
2296	21
2297	15
2298	22
2299	16
2300	25
2301	24
2302	24
2303	22
2304	13
2305	23
2306	25
2307	22
2308	15
2309	14
2310	25
2311	18
2312	19
2313	23
2314	15
2315	24
2316	17
2317	21
2318	29
2319	19
2320	22
2321	13
2322	18
2323	21
2324	15
2325	19
2326	21
2327	19
2328	13
2329	18
2330	20
2331	15
2332	15
2333	15
2334	25
2335	15
2336	18
2337	14
2338	18
2339	22
2340	25
2341	18
2342	19
2343	20
2344	17
2345	26
2346	19
2347	24
2348	18
2349	23
2350	25
2351	19
2352	19
2353	19
2354	19
2355	18
2356	20
2357	24
2358	19
2359	18
2360	24
2361	21
2362	16
2363	17
2364	27
2365	16
2366	15
2367	20
2368	15
2369	21
2370	29
2371	15
2372	21
2373	23
2374	14
2375	19
2376	20
2377	18
2378	18
2379	17
2380	20
2381	23
2382	11
2383	19
2384	16
2385	26
2386	22
2387	16
2388	9
2389	25
2390	20
2391	9
2392	20
2393	26
2394	17
2395	15
2396	14
2397	23
2398	15
2399	4
2400	23
2401	12
2402	12
2403	13
2404	30
2405	18
2406	19
2407	23
2408	14
2409	16
2410	26
2411	22
2412	18
2413	11
2414	22
2415	17
2416	14
2417	21
2418	23
2419	16
2420	20
2421	21
2422	12
2423	10
2424	14
2425	17
2426	21
2427	12
2428	12
2429	13
2430	21
2431	23
2432	24
2433	13
2434	13
2435	18
2436	13
2437	22
2438	9
2439	20
2440	25
2441	23
2442	22
2443	17
2444	19
2445	20
2446	17
2447	13
2448	18
2449	15
2450	13
2451	13
2452	19
2453	22
2454	19
2455	9
2456	15
2457	14
2458	12
2459	20
2460	11
2461	15
2462	23
2463	14
2464	23
2465	22
2466	15
2467	21
2468	16
2469	21
2470	21
2471	28
2472	15
2473	25
2474	18
2475	14
2476	20
2477	17
2478	21
2479	15
2480	12
2481	14
2482	13
2483	17
2484	7
2485	13
2486	17
2487	19
2488	13
2489	22
2490	10
2491	14
2492	19
2493	15
2494	11
2495	19
2496	15
2497	19
2498	16
2499	13
2500	17
2501	22
2502	18
2503	13
2504	24
2505	18
2506	11
2507	13
2508	18
2509	18
2510	15
2511	12
2512	20
2513	12
2514	12
2515	11
2516	19
2517	17
2518	16
2519	13
2520	21
2521	12
2522	13
2523	15
2524	16
2525	19
2526	15
2527	25
2528	23
2529	17
2530	18
2531	13
2532	13
2533	17
2534	12
2535	22
2536	13
2537	20
2538	13
2539	15
2540	14
2541	18
2542	21
2543	19
2544	12
2545	16
2546	15
2547	9
2548	17
2549	11
2550	16
2551	20
2552	14
2553	12
2554	17
2555	19
2556	11
2557	16
2558	17
2559	14
2560	15
2561	16
2562	14
2563	19
2564	19
2565	11
2566	19
2567	16
2568	13
2569	12
2570	18
2571	11
2572	11
2573	15
2574	14
2575	9
2576	13
2577	15
2578	16
2579	12
2580	13
2581	21
2582	20
2583	13
2584	13
2585	9
2586	13
2587	13
2588	16
2589	13
2590	17
2591	13
2592	23
2593	17
2594	23
2595	15
2596	17
2597	14
2598	12
2599	16
2600	14
2601	16
2602	15
2603	13
2604	13
2605	17
2606	22
2607	12
2608	18
2609	16
2610	10
2611	17
2612	25
2613	19
2614	10
2615	12
2616	11
2617	14
2618	8
2619	15
2620	21
2621	9
2622	11
2623	18
2624	17
2625	16
2626	14
2627	20
2628	13
2629	20
2630	19
2631	19
2632	19
2633	20
2634	13
2635	12
2636	17
2637	12
2638	11
2639	15
2640	22
2641	18
2642	13
2643	12
2644	17
2645	13
2646	16
2647	12
2648	18
2649	13
2650	9
2651	18
2652	19
2653	13
2654	10
2655	13
2656	21
2657	9
2658	20
2659	14
2660	14
2661	10
2662	12
2663	9
2664	14
2665	11
2666	10
2667	16
2668	14
2669	11
2670	15
2671	14
2672	7
2673	7
2674	13
2675	11
2676	19
2677	7
2678	8
2679	12
2680	17
2681	13
2682	22
2683	13
2684	7
2685	8
2686	8
2687	13
2688	13
2689	18
2690	19
2691	12
2692	12
2693	7
2694	11
2695	14
2696	12
2697	14
2698	18
2699	20
2700	14
2701	19
2702	9
2703	13
2704	21
2705	15
2706	16
2707	12
2708	11
2709	14
2710	18
2711	12
2712	11
2713	17
2714	18
2715	14
2716	15
2717	18
2718	15
2719	14
2720	17
2721	14
2722	9
2723	16
2724	13
2725	16
2726	17
2727	16
2728	15
2729	15
2730	9
2731	18
2732	17
2733	13
2734	16
2735	9
2736	17
2737	14
2738	13
2739	11
2740	11
2741	17
2742	13
2743	17
2744	12
2745	16
2746	17
2747	9
2748	10
2749	10
2750	12
2751	11
2752	12
2753	11
2754	12
2755	14
2756	12
2757	14
2758	14
2759	16
2760	11
2761	8
2762	19
2763	11
2764	15
2765	14
2766	18
2767	10
2768	7
2769	10
2770	11
2771	14
2772	16
2773	11
2774	11
2775	11
2776	11
2777	16
2778	17
2779	10
2780	8
2781	13
2782	16
2783	20
2784	9
2785	17
2786	11
2787	15
2788	12
2789	11
2790	12
2791	11
2792	14
2793	9
2794	11
2795	14
2796	11
2797	11
2798	17
2799	8
2800	16
2801	13
2802	14
2803	14
2804	13
2805	9
2806	9
2807	12
2808	22
2809	15
2810	10
2811	12
2812	8
2813	8
2814	9
2815	10
2816	18
2817	17
2818	12
2819	19
2820	10
2821	13
2822	18
2823	16
2824	8
2825	7
2826	7
2827	13
2828	11
2829	15
2830	14
2831	11
2832	9
2833	14
2834	11
2835	17
2836	7
2837	9
2838	10
2839	13
2840	14
2841	16
2842	20
2843	16
2844	15
2845	13
2846	11
2847	13
2848	12
2849	13
2850	8
2851	10
2852	7
2853	13
2854	13
2855	8
2856	10
2857	11
2858	10
2859	14
2860	15
2861	7
2862	14
2863	10
2864	14
2865	10
2866	8
2867	13
2868	7
2869	7
2870	12
2871	10
2872	14
2873	15
2874	18
2875	17
2876	14
2877	13
2878	12
2879	7
2880	16
2881	12
2882	13
2883	15
2884	14
2885	13
2886	14
2887	18
2888	13
2889	13
2890	9
2891	13
2892	12
2893	10
2894	10
2895	13
2896	16
2897	14
2898	9
2899	12
2900	12
2901	12
2902	17
2903	8
2904	11
2905	12
2906	10
2907	9
2908	14
2909	6
2910	14
2911	14
2912	9
2913	11
2914	7
2915	11
2916	11
2917	14
2918	10
2919	12
2920	14
2921	16
2922	12
2923	12
2924	11
2925	9
2926	13
2927	13
2928	9
2929	10
2930	12
2931	7
2932	12
2933	8
2934	13
2935	7
2936	9
2937	15
2938	18
2939	8
2940	11
2941	13
2942	16
2943	9
2944	14
2945	9
2946	13
2947	12
2948	15
2949	13
2950	7
2951	14
2952	11
2953	10
2954	15
2955	15
2956	14
2957	16
2958	17
2959	7
2960	6
2961	10
2962	7
2963	14
2964	10
2965	16
2966	11
2967	14
2968	19
2969	13
2970	15
2971	12
2972	11
2973	6
2974	9
2975	14
2976	8
2977	15
2978	10
2979	10
2980	9
2981	12
2982	11
2983	15
2984	11
2985	12
2986	14
2987	14
2988	17
2989	8
2990	12
2991	10
2992	15
2993	6
2994	8
2995	10
2996	11
2997	7
2998	7
2999	12
3000	8
3001	13
3002	9
3003	10
3004	13
3005	12
3006	10
3007	13
3008	17
3009	10
3010	12
3011	11
3012	6
3013	11
3014	11
3015	16
3016	12
3017	14
3018	12
3019	3
3020	6
3021	13
3022	10
3023	11
3024	9
3025	9
3026	9
3027	11
3028	14
3029	10
3030	17
3031	14
3032	9
3033	17
3034	14
3035	9
3036	9
3037	10
3038	9
3039	14
3040	13
3041	9
3042	6
3043	14
3044	13
3045	13
3046	14
3047	10
3048	10
3049	12
3050	12
3051	10
3052	15
3053	14
3054	16
3055	6
3056	15
3057	10
3058	7
3059	8
3060	10
3061	10
3062	14
3063	15
3064	11
3065	13
3066	9
3067	16
3068	9
3069	7
3070	15
3071	9
3072	11
3073	11
3074	13
3075	9
3076	6
3077	7
3078	16
3079	15
3080	11
3081	15
3082	9
3083	16
3084	10
3085	20
3086	8
3087	11
3088	4
3089	8
3090	7
3091	17
3092	13
3093	10
3094	11
3095	12
3096	7
3097	12
3098	16
3099	10
3100	14
3101	15
3102	14
3103	12
3104	13
3105	10
3106	11
3107	11
3108	12
3109	8
3110	9
3111	10
3112	11
3113	18
3114	9
3115	6
3116	10
3117	11
3118	11
3119	12
3120	8
3121	13
3122	14
3123	13
3124	12
3125	9
3126	8
3127	9
3128	10
3129	18
3130	7
3131	12
3132	16
3133	18
3134	10
3135	10
3136	17
3137	12
3138	10
3139	14
3140	8
3141	10
3142	10
3143	10
3144	15
3145	8
3146	9
3147	13
3148	14
3149	11
3150	11
3151	13
3152	8
3153	7
3154	9
3155	10
3156	14
3157	7
3158	10
3159	17
3160	14
3161	15
3162	11
3163	9
3164	9
3165	5
3166	16
3167	11
3168	10
3169	11
3170	12
3171	8
3172	16
3173	14
3174	11
3175	9
3176	8
3177	12
3178	11
3179	10
3180	16
3181	8
3182	8
3183	7
3184	8
3185	10
3186	17
3187	12
3188	15
3189	11
3190	16
3191	6
3192	12
3193	9
3194	6
3195	11
3196	12
3197	15
3198	11
3199	12
3200	14
3201	11
3202	14
3203	15
3204	9
3205	17
3206	15
3207	12
3208	12
3209	19
3210	10
3211	15
3212	9
3213	9
3214	14
3215	17
3216	6
3217	3
3218	10
3219	8
3220	14
3221	9
3222	17
3223	6
3224	10
3225	6
3226	15
3227	9
3228	10
3229	14
3230	17
3231	9
3232	9
3233	7
3234	15
3235	6
3236	6
3237	10
3238	12
3239	17
3240	14
3241	4
3242	13
3243	10
3244	10
3245	14
3246	13
3247	15
3248	11
3249	7
3250	11
3251	15
3252	7
3253	9
3254	10
3255	8
3256	11
3257	11
3258	11
3259	8
3260	11
3261	9
3262	11
3263	7
3264	6
3265	12
3266	12
3267	9
3268	10
3269	8
3270	12
3271	7
3272	11
3273	11
3274	12
3275	8
3276	11
3277	14
3278	12
3279	7
3280	15
3281	7
3282	14
3283	7
3284	10
3285	5
3286	13
3287	20
3288	7
3289	7
3290	9
3291	11
3292	14
3293	7
3294	13
3295	12
3296	8
3297	10
3298	9
3299	6
3300	10
3301	10
3302	17
3303	15
3304	10
3305	10
3306	10
3307	7
3308	13
3309	7
3310	15
3311	11
3312	5
3313	12
3314	8
3315	9
3316	17
3317	11
3318	11
3319	12
3320	11
3321	16
3322	7
3323	11
3324	17
3325	10
3326	14
3327	8
3328	11
3329	7
3330	14
3331	8
3332	10
3333	11
3334	10
3335	10
3336	5
3337	13
3338	14
3339	11
3340	11
3341	14
3342	11
3343	15
3344	13
3345	10
3346	17
3347	8
3348	19
3349	13
3350	12
3351	13
3352	7
3353	12
3354	11
3355	10
3356	10
3357	15
3358	14
3359	13
3360	10
3361	14
3362	11
3363	11
3364	10
3365	12
3366	10
3367	10
3368	16
3369	10
3370	15
3371	8
3372	15
3373	13
3374	10
3375	12
3376	9
3377	15
3378	10
3379	12
3380	18
3381	6
3382	10
3383	17
3384	11
3385	11
3386	11
3387	9
3388	9
3389	13
3390	14
3391	18
3392	8
3393	8
3394	17
3395	17
3396	15
3397	7
3398	11
3399	7
3400	13
3401	12
3402	12
3403	8
3404	12
3405	16
3406	4
3407	18
3408	9
3409	14
3410	11
3411	10
3412	16
3413	15
3414	16
3415	11
3416	18
3417	14
3418	12
3419	16
3420	12
3421	19
3422	16
3423	15
3424	7
3425	14
3426	10
3427	8
3428	13
3429	16
3430	15
3431	16
3432	14
3433	12
3434	12
3435	15
3436	13
3437	13
3438	13
3439	9
3440	17
3441	8
3442	9
3443	12
3444	13
3445	10
3446	14
3447	14
3448	22
3449	10
3450	12
3451	17
3452	19
3453	11
3454	9
3455	12
3456	18
3457	12
3458	13
3459	14
3460	18
3461	21
3462	11
3463	13
3464	15
3465	12
3466	18
3467	11
3468	20
3469	12
3470	20
3471	15
3472	20
3473	10
3474	11
3475	8
3476	12
3477	20
3478	9
3479	10
3480	15
3481	13
3482	22
3483	7
3484	14
3485	17
3486	15
3487	17
3488	13
3489	14
3490	18
3491	17
3492	16
3493	15
3494	17
3495	17
3496	16
3497	11
3498	14
3499	19
3500	11
3501	16
3502	14
3503	10
3504	14
3505	18
3506	10
3507	12
3508	15
3509	19
3510	14
3511	16
3512	15
3513	11
3514	20
3515	21
3516	8
3517	15
3518	15
3519	18
3520	23
3521	21
3522	20
3523	11
3524	18
3525	19
3526	15
3527	18
3528	11
3529	19
3530	15
3531	16
3532	16
3533	13
3534	24
3535	20
3536	16
3537	16
3538	21
3539	16
3540	14
3541	16
3542	11
3543	15
3544	19
3545	19
3546	25
3547	12
3548	19
3549	13
3550	19
3551	16
3552	11
3553	29
3554	12
3555	18
3556	13
3557	21
3558	25
3559	11
3560	17
3561	14
3562	19
3563	24
3564	28
3565	18
3566	22
3567	23
3568	12
3569	23
3570	17
3571	23
3572	19
3573	15
3574	19
3575	19
3576	6
3577	17
3578	15
3579	14
3580	24
3581	19
3582	19
3583	16
3584	16
3585	21
3586	28
3587	24
3588	15
3589	21
3590	15
3591	18
3592	31
3593	20
3594	26
3595	11
3596	23
3597	19
3598	38
3599	16
3600	16
3601	19
3602	27
3603	21
3604	29
3605	23
3606	19
3607	27
3608	18
3609	30
3610	18
3611	26
3612	24
3613	23
3614	28
3615	22
3616	23
3617	21
3618	27
3619	24
3620	23
3621	25
3622	22
3623	24
3624	28
3625	24
3626	16
3627	19
3628	26
3629	20
3630	24
3631	22
3632	21
3633	17
3634	23
3635	23
3636	32
3637	19
3638	28
3639	16
3640	32
3641	28
3642	33
3643	31
3644	25
3645	26
3646	29
3647	23
3648	28
3649	17
3650	19
3651	18
3652	24
3653	18
3654	23
3655	22
3656	20
3657	26
3658	36
3659	24
3660	20
3661	31
3662	27
3663	26
3664	30
3665	24
3666	21
3667	22
3668	20
3669	23
3670	28
3671	23
3672	19
3673	23
3674	22
3675	18
3676	27
3677	27
3678	22
3679	23
3680	17
3681	14
3682	34
3683	28
3684	26
3685	29
3686	20
3687	31
3688	26
3689	19
3690	25
3691	30
3692	21
3693	21
3694	33
3695	13
3696	26
3697	28
3698	23
3699	32
3700	23
3701	24
3702	26
3703	26
3704	26
3705	25
3706	20
3707	30
3708	33
3709	22
3710	30
3711	32
3712	26
3713	28
3714	25
3715	23
3716	22
3717	25
3718	30
3719	31
3720	22
3721	30
3722	24
3723	25
3724	26
3725	25
3726	31
3727	32
3728	29
3729	32
3730	18
3731	27
3732	28
3733	34
3734	28
3735	26
3736	33
3737	22
3738	32
3739	33
3740	28
3741	25
3742	28
3743	32
3744	25
3745	25
3746	28
3747	28
3748	25
3749	34
3750	25
3751	24
3752	29
3753	30
3754	20
3755	24
3756	26
3757	33
3758	28
3759	36
3760	27
3761	37
3762	21
3763	24
3764	31
3765	30
3766	32
3767	35
3768	36
3769	27
3770	31
3771	27
3772	28
3773	27
3774	27
3775	31
3776	35
3777	20
3778	36
3779	29
3780	44
3781	20
3782	35
3783	42
3784	25
3785	31
3786	28
3787	27
3788	21
3789	39
3790	25
3791	36
3792	33
3793	32
3794	28
3795	34
3796	32
3797	29
3798	23
3799	33
3800	32
3801	36
3802	28
3803	35
3804	27
3805	27
3806	32
3807	33
3808	19
3809	25
3810	19
3811	32
3812	41
3813	35
3814	29
3815	23
3816	30
3817	32
3818	31
3819	31
3820	34
3821	38
3822	24
3823	38
3824	31
3825	26
3826	19
3827	33
3828	32
3829	29
3830	35
3831	33
3832	27
3833	22
3834	38
3835	38
3836	38
3837	31
3838	38
3839	27
3840	25
3841	35
3842	32
3843	24
3844	30
3845	31
3846	39
3847	29
3848	42
3849	24
3850	27
3851	26
3852	31
3853	35
3854	36
3855	38
3856	30
3857	32
3858	22
3859	34
3860	36
3861	32
3862	40
3863	22
3864	25
3865	29
3866	34
3867	42
3868	27
3869	40
3870	39
3871	22
3872	27
3873	28
3874	26
3875	32
3876	29
3877	32
3878	34
3879	39
3880	26
3881	18
3882	36
3883	34
3884	39
3885	32
3886	38
3887	30
3888	24
3889	27
3890	28
3891	39
3892	22
3893	30
3894	32
3895	24
3896	25
3897	27
3898	29
3899	37
3900	25
3901	25
3902	48
3903	29
3904	26
3905	39
3906	42
3907	30
3908	24
3909	23
3910	46
3911	24
3912	29
3913	33
3914	26
3915	31
3916	23
3917	43
3918	26
3919	43
3920	38
3921	38
3922	39
3923	32
3924	26
3925	36
3926	29
3927	24
3928	24
3929	29
3930	33
3931	37
3932	29
3933	33
3934	25
3935	34
3936	29
3937	34
3938	26
3939	26
3940	33
3941	31
3942	26
3943	45
3944	23
3945	30
3946	23
3947	23
3948	31
3949	27
3950	31
3951	28
3952	24
3953	35
3954	29
3955	25
3956	31
3957	23
3958	21
3959	31
3960	31
3961	27
3962	31
3963	20
3964	43
3965	28
3966	37
3967	33
3968	34
3969	32
3970	34
3971	30
3972	21
3973	30
3974	33
3975	27
3976	21
3977	31
3978	25
3979	38
3980	18
3981	28
3982	21
3983	32
3984	25
3985	30
3986	25
3987	23
3988	34
3989	25
3990	21
3991	28
3992	23
3993	31
3994	27
3995	27
3996	27
3997	32
3998	24
3999	23
4000	38
4001	27
4002	31
4003	24
4004	29
4005	29
4006	31
4007	32
4008	27
4009	27
4010	22
4011	22
4012	34
4013	25
4014	29
4015	30
4016	25
4017	33
4018	24
4019	21
4020	28
4021	36
4022	22
4023	24
4024	29
4025	23
4026	21
4027	25
4028	29
4029	28
4030	20
4031	25
4032	24
4033	29
4034	32
4035	24
4036	26
4037	24
4038	28
4039	30
4040	26
4041	18
4042	26
4043	26
4044	24
4045	23
4046	21
4047	21
4048	24
4049	27
4050	29
4051	30
4052	21
4053	36
4054	18
4055	28
4056	23
4057	33
4058	31
4059	30
4060	26
4061	24
4062	30
4063	25
4064	17
4065	23
4066	25
4067	19
4068	37
4069	30
4070	23
4071	21
4072	12
4073	24
4074	23
4075	29
4076	26
4077	21
4078	21
4079	15
4080	19
4081	26
4082	20
4083	18
4084	23
4085	28
4086	29
4087	24
4088	26
4089	18
4090	21
4091	18
4092	17
4093	25
4094	30
4095	14
4096	28
4097	28
4098	26
4099	15
4100	19
4101	30
4102	22
4103	23
4104	24
4105	23
4106	16
4107	25
4108	14
4109	27
4110	28
4111	22
4112	30
4113	19
4114	15
4115	23
4116	18
4117	20
4118	25
4119	17
4120	30
4121	21
4122	17
4123	21
4124	24
4125	16
4126	33
4127	21
4128	18
4129	17
4130	20
4131	16
4132	17
4133	19
4134	18
4135	25
4136	24
4137	24
4138	26
4139	16
4140	27
4141	19
4142	17
4143	20
4144	19
4145	24
4146	21
4147	31
4148	22
4149	27
4150	21
4151	25
4152	12
4153	17
4154	11
4155	20
4156	11
4157	23
4158	12
4159	18
4160	21
4161	21
4162	19
4163	16
4164	24
4165	19
4166	21
4167	21
4168	12
4169	19
4170	18
4171	35
4172	20
4173	26
4174	21
4175	15
4176	23
4177	26
4178	22
4179	20
4180	28
4181	19
4182	18
4183	19
4184	22
4185	14
4186	22
4187	25
4188	21
4189	24
4190	19
4191	19
4192	30
4193	25
4194	19
4195	22
4196	19
4197	17
4198	23
4199	15
4200	15
4201	15
4202	22
4203	19
4204	14
4205	14
4206	18
4207	19
4208	27
4209	30
4210	21
4211	17
4212	12
4213	19
4214	13
4215	17
4216	11
4217	18
4218	24
4219	17
4220	8
4221	16
4222	19
4223	15
4224	29
4225	17
4226	15
4227	18
4228	22
4229	21
4230	21
4231	19
4232	14
4233	23
4234	20
4235	14
4236	15
4237	14
4238	20
4239	19
4240	13
4241	19
4242	12
4243	21
4244	20
4245	13
4246	17
4247	12
4248	17
4249	16
4250	17
4251	20
4252	21
4253	23
4254	25
4255	16
4256	20
4257	16
4258	18
4259	11
4260	19
4261	18
4262	17
4263	17
4264	24
4265	17
4266	19
4267	19
4268	17
4269	11
4270	18
4271	17
4272	20
4273	14
4274	17
4275	20
4276	23
4277	16
4278	18
4279	17
4280	21
4281	11
4282	15
4283	20
4284	17
4285	16
4286	24
4287	19
4288	10
4289	11
4290	19
4291	20
4292	9
4293	8
4294	23
4295	22
4296	11
4297	20
4298	21
4299	20
4300	20
4301	13
4302	12
4303	16
4304	10
4305	24
4306	18
4307	20
4308	23
4309	9
4310	18
4311	16
4312	11
4313	17
4314	15
4315	20
4316	23
4317	14
4318	24
4319	17
4320	18
4321	13
4322	19
4323	8
4324	7
4325	16
4326	19
4327	22
4328	15
4329	26
4330	13
4331	11
4332	15
4333	20
4334	18
4335	15
4336	11
4337	24
4338	12
4339	14
4340	21
4341	20
4342	17
4343	9
4344	16
4345	24
4346	14
4347	8
4348	10
4349	16
4350	20
4351	9
4352	20
4353	14
4354	15
4355	21
4356	16
4357	15
4358	18
4359	19
4360	13
4361	15
4362	16
4363	10
4364	14
4365	16
4366	11
4367	19
4368	22
4369	19
4370	17
4371	22
4372	20
4373	16
4374	16
4375	18
4376	12
4377	19
4378	19
4379	14
4380	12
4381	16
4382	14
4383	14
4384	11
4385	14
4386	20
4387	10
4388	20
4389	22
4390	10
4391	20
4392	12
4393	20
4394	13
4395	20
4396	16
4397	21
4398	13
4399	16
4400	13
4401	12
4402	20
4403	15
4404	16
4405	18
4406	16
4407	9
4408	12
4409	17
4410	14
4411	11
4412	10
4413	25
4414	15
4415	23
4416	12
4417	14
4418	19
4419	22
4420	15
4421	13
4422	13
4423	12
4424	17
4425	23
4426	14
4427	15
4428	10
4429	15
4430	19
4431	18
4432	11
4433	15
4434	13
4435	13
4436	12
4437	11
4438	24
4439	13
4440	25
4441	15
4442	15
4443	18
4444	9
4445	17
4446	17
4447	12
4448	15
4449	16
4450	13
4451	17
4452	10
4453	13
4454	16
4455	10
4456	8
4457	11
4458	6
4459	17
4460	17
4461	16
4462	18
4463	9
4464	17
4465	13
4466	17
4467	5
4468	18
4469	15
4470	16
4471	15
4472	12
4473	17
4474	11
4475	17
4476	10
4477	14
4478	18
4479	11
4480	14
4481	9
4482	13
4483	15
4484	10
4485	8
4486	11
4487	9
4488	12
4489	9
4490	15
4491	11
4492	13
4493	15
4494	12
4495	14
4496	15
4497	13
4498	16
4499	10
4500	18
4501	18
4502	10
4503	15
4504	11
4505	8
4506	11
4507	12
4508	17
4509	7
4510	6
4511	7
4512	14
4513	18
4514	11
4515	14
4516	11
4517	14
4518	20
4519	11
4520	7
4521	15
4522	8
4523	11
4524	7
4525	15
4526	8
4527	12
4528	12
4529	11
4530	10
4531	7
4532	11
4533	13
4534	10
4535	13
4536	11
4537	7
4538	6
4539	8
4540	8
4541	16
4542	6
4543	11
4544	14
4545	7
4546	6
4547	6
4548	11
4549	12
4550	16
4551	7
4552	10
4553	10
4554	14
4555	17
4556	13
4557	12
4558	7
4559	11
4560	8
4561	17
4562	8
4563	12
4564	8
4565	3
4566	15
4567	6
4568	6
4569	13
4570	12
4571	12
4572	10
4573	7
4574	10
4575	8
4576	15
4577	8
4578	14
4579	9
4580	10
4581	10
4582	6
4583	6
4584	17
4585	14
4586	5
4587	15
4588	12
4589	8
4590	8
4591	5
4592	6
4593	10
4594	12
4595	11
4596	10
4597	8
4598	10
4599	7
4600	8
4601	8
4602	6
4603	2
4604	4
4605	4
4606	4
4607	7
4608	6
4609	13
4610	7
4611	6
4612	11
4613	3
4614	9
4615	3
4616	7
4617	9
4618	7
4619	8
4620	6
4621	9
4622	9
4623	8
4624	6
4625	5
4626	4
4627	9
4628	12
4629	7
4630	3
4631	9
4632	9
4633	9
4634	9
4635	12
4636	3
4637	7
4638	6
4639	8
4640	7
4641	8
4642	6
4643	8
4644	11
4645	7
4646	4
4647	11
4648	5
4649	6
4650	8
4651	4
4652	7
4653	5
4654	3
4655	6
4656	7
4657	6
4658	8
4659	5
4660	5
4661	6
4662	5
4663	10
4664	4
4665	6
4666	5
4667	12
4668	5
4669	3
4670	14
4671	6
4672	3
4673	3
4674	4
4675	7
4676	5
4677	7
4678	2
4679	9
4680	7
4681	5
4682	6
4683	3
4684	5
4685	4
4686	7
4687	6
4688	1
4689	4
4690	4
4691	2
4692	4
4693	10
4694	4
4695	4
4696	5
4697	6
4698	10
4699	7
4700	7
4701	8
4702	4
4703	4
4704	2
4705	4
4706	6
4707	3
4708	6
4709	4
4710	3
4711	4
4712	4
4713	8
4714	5
4715	6
4716	5
4717	6
4718	6
4719	3
4720	4
4721	1
4722	3
4723	3
4724	1
4725	2
4726	7
4727	4
4728	2
4729	3
4730	3
4731	5
4732	4
4733	5
4734	2
4735	1
4736	1
4737	3
4738	3
4739	4
4740	4
4741	4
4742	5
4743	2
4744	3
4745	1
4746	0
4747	2
4748	3
4749	3
4750	5
4751	1
4752	4
4753	4
4754	4
4755	5
4756	6
4757	4
4758	4
4759	4
4760	2
4761	5
4762	2
4763	3
4764	3
4765	5
4766	3
4767	0
4768	3
4769	5
4770	3
4771	5
4772	5
4773	3
4774	2
4775	0
4776	3
4777	6
4778	3
4779	3
4780	5
4781	1
4782	4
4783	0
4784	2
4785	4
4786	3
4787	3
4788	4
4789	2
4790	1
4791	4
4792	4
4793	2
4794	4
4795	2
4796	9
4797	2
4798	0
4799	2
4800	2
4801	3
4802	5
4803	2
4804	2
4805	1
4806	1
4807	2
4808	4
4809	4
4810	2
4811	2
4812	5
4813	4
4814	2
4815	3
4816	2
4817	8
4818	2
4819	0
4820	1
4821	7
4822	2
4823	3
4824	3
4825	5
4826	4
4827	3
4828	3
4829	3
4830	3
4831	2
4832	8
4833	3
4834	1
4835	2
4836	2
4837	5
4838	2
4839	2
4840	4
4841	2
4842	1
4843	2
4844	3
4845	0
4846	2
4847	3
4848	2
4849	3
4850	4
4851	3
4852	3
4853	2
4854	4
4855	2
4856	2
4857	2
4858	3
4859	1
4860	3
4861	4
4862	2
4863	1
4864	1
4865	1
4866	2
4867	5
4868	2
4869	3
4870	2
4871	1
4872	2
4873	4
4874	2
4875	4
4876	2
4877	3
4878	2
4879	1
4880	1
4881	2
4882	5
4883	3
4884	1
4885	2
4886	2
4887	2
4888	2
4889	4
4890	0
4891	4
4892	3
4893	2
4894	2
4895	0
4896	4
4897	0
4898	3
4899	2
4900	1
4901	1
4902	2
4903	0
4904	2
4905	0
4906	0
4907	0
4908	5
4909	1
4910	5
4911	3
4912	1
4913	3
4914	5
4915	1
4916	2
4917	1
4918	1
4919	3
4920	2
4921	2
4922	1
4923	1
4924	1
4925	3
4926	1
4927	1
4928	3
4929	1
4930	2
4931	1
4932	2
4933	0
4934	4
4935	2
4936	2
4937	2
4938	2
4939	1
4940	3
4941	4
4942	1
4943	0
4944	1
4945	0
4946	1
4947	1
4948	1
4949	0
4950	2
4951	2
4952	2
4953	0
4954	1
4955	2
4956	0
4957	0
4958	0
4959	0
4960	0
4961	0
4962	1
4963	2
4964	0
4965	2
4966	1
4967	2
4968	1
4969	4
4970	2
4971	0
4972	1
4973	1
4974	0
4975	1
4976	1
4977	2
4978	1
4979	0
4980	0
4981	2
4982	1
4983	3
4984	1
4985	1
4986	2
4987	2
4988	1
4989	0
4990	0
4991	2
4992	3
4993	2
4994	0
4995	0
4996	1
4997	1
4998	1
4999	1
5000	1
5001	1
5002	1
5003	0
5004	1
5005	1
5006	0
5007	1
5008	1
5009	1
5010	0
5011	1
5012	6
5013	1
5014	2
5015	2
5016	1
5017	0
5018	1
5019	1
5020	0
5021	1
5022	2
5023	1
5024	2
5025	0
5026	1
5027	1
5028	3
5029	1
5030	0
5031	1
5032	2
5033	2
5034	2
5035	0
5036	0
5037	1
5038	1
5039	0
5040	0
5041	2
5042	2
5043	1
5044	1
5045	2
5046	0
5047	1
5048	1
5049	1
5050	4
5051	0
5052	1
5053	3
5054	0
5055	0
5056	0
5057	0
5058	0
5059	1
5060	0
5061	1
5062	1
5063	1
5064	0
5065	3
5066	0
5067	1
5068	0
5069	0
5070	0
5071	2
5072	0
5073	2
5074	1
5075	0
5076	1
5077	1
5078	0
5079	2
5080	1
5081	0
5082	2
5083	0
5084	2
5085	1
5086	2
5087	0
5088	0
5089	2
5090	0
5091	0
5092	0
5093	2
5094	3
5095	2
5096	0
5097	0
5098	0
5099	4
5100	1
5101	1
5102	1
5103	1
5104	0
5105	2
5106	0
5107	0
5108	1
5109	2
5110	0
5111	0
5112	0
5113	1
5114	1
5115	1
5116	1
5117	0
5118	0
5119	1
5120	0
5121	0
5122	1
5123	0
5124	2
5125	1
5126	1
5127	0
5128	1
5129	0
5130	0
5131	0
5132	0
5133	0
5134	1
5135	0
5136	0
5137	2
5138	1
5139	2
5140	1
5141	1
5142	1
5143	0
5144	2
5145	0
5146	1
5147	1
5148	1
5149	1
5150	0
5151	1
5152	0
5153	0
5154	0
5155	0
5156	2
5157	0
5158	0
5159	0
5160	2
5161	1
5162	0
5163	1
5164	2
5165	0
5166	1
5167	1
5168	0
5169	1
5170	4
5171	2
5172	1
5173	1
5174	1
5175	0
5176	2
5177	0
5178	1
5179	0
5180	0
5181	1
5182	0
5183	1
5184	0
5185	1
5186	1
5187	0
5188	1
5189	1
5190	0
5191	0
5192	0
5193	0
5194	1
5195	0
5196	0
5197	0
5198	1
5199	0
5200	1
5201	0
5202	0
5203	0
5204	1
5205	1
5206	0
5207	0
5208	1
5209	3
5210	2
5211	2
5212	3
5213	1
5214	1
5215	0
5216	1
5217	1
5218	0
5219	1
5220	0
5221	0
5222	0
5223	2
5224	1
5225	0
5226	0
5227	0
5228	0
5229	0
5230	2
5231	0
5232	0
5233	1
5234	0
5235	1
5236	0
5237	0
5238	1
5239	2
5240	1
5241	0
5242	0
5243	1
5244	0
5245	2
5246	1
5247	0
5248	1
5249	0
5250	1
5251	1
5252	1
5253	0
5254	0
5255	0
5256	0
5257	2
5258	1
5259	1
5260	0
5261	0
5262	1
5263	0
5264	0
5265	2
5266	0
5267	0
5268	0
5269	1
5270	1
5271	0
5272	0
5273	0
5274	0
5275	0
5276	1
5277	0
5278	0
5279	0
5280	0
5281	1
5282	0
5283	0
5284	0
5285	0
5286	1
5287	1
5288	1
5289	1
5290	0
5291	2
5292	0
5293	0
5294	2
5295	1
5296	0
5297	1
5298	2
5299	2
5300	0
5301	1
5302	2
5303	1
5304	0
5305	0
5306	1
5307	0
5308	0
5309	0
5310	1
5311	1
5312	1
5313	1
5314	1
5315	2
5316	1
5317	0
5318	0
5319	0
5320	0
5321	2
5322	1
5323	0
5324	2
5325	0
5326	1
5327	0
5328	0
5329	0
5330	0
5331	0
5332	1
5333	1
5334	2
5335	2
5336	0
5337	0
5338	0
5339	1
5340	0
5341	0
5342	0
5343	1
5344	0
5345	0
5346	0
5347	1
5348	1
5349	1
5350	0
5351	0
5352	1
5353	0
5354	0
5355	0
5356	1
5357	0
5358	1
5359	1
5360	0
5361	0
5362	1
5363	0
5364	1
5365	0
5366	1
5367	0
5368	0
5369	1
5370	0
5371	2
5372	1
5373	0
5374	0
5375	1
5376	1
5377	1
5378	1
5379	1
5380	0
5381	0
5382	1
5383	0
5384	1
5385	3
5386	0
5387	0
5388	0
5389	0
5390	0
5391	1
5392	2
5393	0
5394	0
5395	1
5396	1
5397	1
5398	0
5399	1
5400	0
5401	0
5402	2
5403	0
5404	2
5405	0
5406	0
5407	0
5408	1
5409	0
5410	1
5411	2
5412	0
5413	1
5414	1
5415	0
5416	0
5417	0
5418	0
5419	0
5420	1
5421	0
5422	0
5423	0
5424	0
5425	2
5426	0
5427	1
5428	0
5429	1
5430	0
5431	0
5432	0
5433	1
5434	0
5435	0
5436	1
5437	1
5438	1
5439	0
5440	0
5441	3
5442	1
5443	1
5444	0
5445	2
5446	0
5447	0
5448	1
5449	0
5450	0
5451	1
5452	0
5453	0
5454	1
5455	0
5456	0
5457	0
5458	2
5459	0
5460	1
5461	1
5462	0
5463	3
5464	0
5465	1
5466	1
5467	0
5468	1
5469	0
5470	1
5471	0
5472	1
5473	1
5474	1
5475	0
5476	0
5477	0
5478	1
5479	0
5480	0
5481	1
5482	1
5483	1
5484	0
5485	1
5486	1
5487	1
5488	2
5489	1
5490	0
5491	0
5492	0
5493	0
5494	0
5495	0
5496	0
5497	1
5498	0
5499	0
5500	1
5501	2
5502	0
5503	1
5504	1
5505	0
5506	2
5507	0
5508	0
5509	0
5510	0
5511	0
5512	0
5513	0
5514	0
5515	1
5516	4
5517	0
5518	0
5519	0
5520	2
5521	1
5522	0
5523	0
5524	1
5525	0
5526	0
5527	2
5528	1
5529	1
5530	0
5531	1
5532	0
5533	0
5534	0
5535	0
5536	1
5537	0
5538	0
5539	0
5540	0
5541	1
5542	0
5543	1
5544	2
5545	0
5546	0
5547	0
5548	0
5549	1
5550	0
5551	0
5552	0
5553	2
5554	0
5555	1
5556	1
5557	1
5558	1
5559	1
5560	0
5561	2
5562	1
5563	0
5564	1
5565	1
5566	2
5567	1
5568	0
5569	0
5570	1
5571	1
5572	0
5573	1
5574	0
5575	0
5576	0
5577	1
5578	0
5579	0
5580	0
5581	1
5582	0
5583	0
5584	0
5585	0
5586	0
5587	1
5588	0
5589	0
5590	0
5591	0
5592	0
5593	1
5594	0
5595	0
5596	0
5597	0
5598	0
5599	0
5600	0
5601	0
5602	1
5603	0
5604	0
5605	0
5606	0
5607	0
5608	2
5609	1
5610	1
5611	0
5612	0
5613	2
5614	0
5615	0
5616	2
5617	0
5618	1
5619	2
5620	2
5621	0
5622	0
5623	0
5624	1
5625	0
5626	1
5627	0
5628	0
5629	0
5630	0
5631	1
5632	1
5633	0
5634	0
5635	0
5636	0
5637	2
5638	2
5639	0
5640	1
5641	0
5642	0
5643	1
5644	0
5645	0
5646	0
5647	0
5648	0
5649	1
5650	0
5651	1
5652	0
5653	1
5654	0
5655	0
5656	0
5657	0
5658	1
5659	1
5660	0
5661	0
5662	2
5663	2
5664	1
5665	1
5666	0
5667	1
5668	1
5669	1
5670	0
5671	0
5672	1
5673	0
5674	1
5675	0
5676	1
5677	1
5678	0
5679	0
5680	0
5681	0
5682	1
5683	0
5684	3
5685	2
5686	0
5687	0
5688	1
5689	0
5690	1
5691	0
5692	0
5693	0
5694	0
5695	0
5696	1
5697	0
5698	0
5699	1
5700	2
5701	0
5702	1
5703	0
5704	0
5705	0
5706	0
5707	2
5708	0
5709	0
5710	1
5711	0
5712	1
5713	0
5714	0
5715	0
5716	0
5717	0
5718	0
5719	0
5720	1
5721	1
5722	0
5723	1
5724	0
5725	0
5726	0
5727	0
5728	0
5729	1
5730	0
5731	0
5732	1
5733	0
5734	0
5735	1
5736	0
5737	0
5738	0
5739	0
5740	1
5741	0
5742	0
5743	1
5744	0
5745	0
5746	0
5747	1
5748	1
5749	0
5750	1
5751	0
5752	1
5753	1
5754	0
5755	0
5756	1
5757	0
5758	0
5759	0
5760	0
5761	0
5762	0
5763	0
5764	0
5765	1
5766	0
5767	0
5768	0
5769	0
5770	2
5771	2
5772	1
5773	1
5774	0
5775	0
5776	0
5777	1
5778	0
5779	0
5780	0
5781	0
5782	2
5783	0
5784	0
5785	1
5786	0
5787	0
5788	0
5789	0
5790	0
5791	1
5792	0
5793	0
5794	0
5795	1
5796	0
5797	0
5798	0
5799	1
5800	0
5801	1
5802	0
5803	0
5804	0
5805	0
5806	0
5807	0
5808	0
5809	1
5810	1
5811	2
5812	1
5813	0
5814	0
5815	0
5816	0
5817	0
5818	0
5819	0
5820	0
5821	0
5822	1
5823	1
5824	1
5825	1
5826	0
5827	0
5828	0
5829	1
5830	0
5831	1
5832	0
5833	0
5834	0
5835	2
5836	0
5837	0
5838	1
5839	0
5840	1
5841	1
5842	1
5843	0
5844	0
5845	0
5846	0
5847	1
5848	0
5849	1
5850	1
5851	1
5852	1
5853	0
5854	1
5855	1
5856	0
5857	0
5858	1
5859	0
5860	1
5861	1
5862	0
5863	2
5864	0
5865	0
5866	0
5867	1
5868	0
5869	0
5870	0
5871	0
5872	0
5873	0
5874	0
5875	1
5876	1
5877	0
5878	1
5879	1
5880	1
5881	1
5882	0
5883	1
5884	1
5885	0
5886	1
5887	1
5888	1
5889	1
5890	3
5891	0
5892	0
5893	0
5894	0
5895	1
5896	2
5897	0
5898	0
5899	1
5900	2
5901	2
5902	2
5903	1
5904	0
5905	0
5906	0
5907	1
5908	1
5909	0
5910	2
5911	0
5912	0
5913	1
5914	2
5915	0
5916	0
5917	0
5918	0
5919	0
5920	2
5921	0
5922	0
5923	0
5924	0
5925	0
5926	0
5927	1
5928	1
5929	0
5930	0
5931	1
5932	2
5933	0
5934	0
5935	1
5936	0
5937	0
5938	0
5939	1
5940	0
5941	0
5942	0
5943	0
5944	0
5945	0
5946	0
5947	0
5948	1
5949	0
5950	0
5951	0
5952	0
5953	1
5954	1
5955	1
5956	1
5957	0
5958	0
5959	0
5960	0
5961	0
5962	0
5963	1
5964	0
5965	1
5966	2
5967	0
5968	0
5969	0
5970	0
5971	1
5972	0
5973	1
5974	0
5975	1
5976	0
5977	0
5978	1
5979	0
5980	0
5981	0
5982	1
5983	0
5984	1
5985	1
5986	0
5987	0
5988	1
5989	0
5990	1
5991	1
5992	2
5993	0
5994	3
5995	0
5996	0
5997	0
5998	0
5999	0
6000	0
6001	0
6002	0
6003	0
6004	1
6005	1
6006	0
6007	1
6008	0
6009	0
6010	1
6011	0
6012	2
6013	0
6014	2
6015	0
6016	0
6017	0
6018	0
6019	1
6020	0
6021	0
6022	0
6023	0
6024	0
6025	0
6026	0
6027	0
6028	0
6029	0
6030	1
6031	0
6032	0
6033	0
6034	0
6035	0
6036	0
6037	0
6038	1
6039	0
6040	0
6041	0
6042	1
6043	0
6044	0
6045	0
6046	2
6047	0
6048	1
6049	0
6050	1
6051	1
6052	0
6053	2
6054	0
6055	2
6056	0
6057	0
6058	1
6059	1
6060	0
6061	0
6062	0
6063	0
6064	0
6065	1
6066	0
6067	1
6068	0
6069	0
6070	3
6071	0
6072	1
6073	0
6074	1
6075	0
6076	0
6077	0
6078	0
6079	0
6080	0
6081	0
6082	1
6083	3
6084	1
6085	0
6086	0
6087	1
6088	0
6089	0
6090	0
6091	0
6092	0
6093	3
6094	0
6095	0
6096	2
6097	0
6098	0
6099	0
6100	0
6101	0
6102	2
6103	1
6104	0
6105	0
6106	1
6107	0
6108	0
6109	1
6110	0
6111	2
6112	0
6113	0
6114	0
6115	0
6116	0
6117	0
6118	0
6119	0
6120	0
6121	1
6122	0
6123	1
6124	0
6125	1
6126	2
6127	2
6128	0
6129	0
6130	0
6131	0
6132	2
6133	0
6134	0
6135	0
6136	0
6137	0
6138	0
6139	0
6140	1
6141	0
6142	0
6143	0
6144	0
6145	0
6146	2
6147	0
6148	2
6149	0
6150	3
6151	2
6152	1
6153	0
6154	0
6155	0
6156	0
6157	0
6158	1
6159	0
6160	0
6161	0
6162	0
6163	1
6164	0
6165	0
6166	1
6167	0
6168	0
6169	0
6170	0
6171	0
6172	0
6173	1
6174	0
6175	1
6176	0
6177	0
6178	0
6179	1
6180	0
6181	0
6182	2
6183	1
6184	0
6185	0
6186	1
6187	1
6188	0
6189	2
6190	0
6191	0
6192	0
6193	1
6194	0
6195	1
6196	0
6197	0
6198	0
6199	0
6200	1
6201	2
6202	1
6203	1
6204	0
6205	0
6206	0
6207	1
6208	0
6209	1
6210	0
6211	2
6212	0
6213	1
6214	0
6215	1
6216	0
6217	1
6218	0
6219	0
6220	0
6221	0
6222	0
6223	0
6224	0
6225	0
6226	0
6227	0
6228	0
6229	0
6230	0
6231	0
6232	1
6233	1
6234	0
6235	1
6236	0
6237	3
6238	0
6239	1
6240	0
6241	0
6242	2
6243	0
6244	1
6245	1
6246	0
6247	0
6248	2
6249	0
6250	1
6251	2
6252	1
6253	0
6254	1
6255	0
6256	1
6257	0
6258	0
6259	0
6260	0
6261	0
6262	0
6263	0
6264	0
6265	1
6266	0
6267	0
6268	0
6269	0
6270	0
6271	1
6272	0
6273	0
6274	0
6275	0
6276	0
6277	1
6278	0
6279	0
6280	0
6281	2
6282	0
6283	1
6284	0
6285	2
6286	1
6287	1
6288	0
6289	0
6290	0
6291	0
6292	1
6293	1
6294	1
6295	1
6296	0
6297	2
6298	0
6299	1
6300	1
6301	0
6302	1
6303	0
6304	1
6305	0
6306	0
6307	0
6308	0
6309	2
6310	0
6311	0
6312	0
6313	0
6314	1
6315	1
6316	0
6317	2
6318	0
6319	2
6320	1
6321	1
6322	0
6323	0
6324	1
6325	3
6326	2
6327	1
6328	0
6329	2
6330	0
6331	0
6332	0
6333	0
6334	0
6335	0
6336	0
6337	1
6338	1
6339	1
6340	0
6341	0
6342	0
6343	0
6344	0
6345	0
6346	2
6347	0
6348	0
6349	0
6350	0
6351	0
6352	0
6353	0
6354	2
6355	0
6356	1
6357	0
6358	0
6359	1
6360	1
6361	1
6362	1
6363	0
6364	0
6365	0
6366	1
6367	0
6368	1
6369	0
6370	0
6371	0
6372	1
6373	0
6374	0
6375	0
6376	0
6377	3
6378	0
6379	0
6380	0
6381	0
6382	0
6383	0
6384	0
6385	0
6386	1
6387	0
6388	2
6389	0
6390	0
6391	0
6392	2
6393	0
6394	0
6395	0
6396	0
6397	0
6398	1
6399	1
6400	3
6401	0
6402	1
6403	0
6404	1
6405	1
6406	2
6407	0
6408	1
6409	1
6410	2
6411	2
6412	1
6413	0
6414	1
6415	0
6416	0
6417	0
6418	0
6419	0
6420	0
6421	1
6422	1
6423	1
6424	1
6425	0
6426	1
6427	0
6428	0
6429	0
6430	1
6431	2
6432	0
6433	0
6434	0
6435	0
6436	0
6437	0
6438	0
6439	1
6440	0
6441	0
6442	0
6443	0
6444	0
6445	1
6446	2
6447	0
6448	0
6449	0
6450	0
6451	0
6452	0
6453	2
6454	1
6455	0
6456	2
6457	0
6458	0
6459	1
6460	0
6461	0
6462	0
6463	1
6464	0
6465	1
6466	0
6467	0
6468	0
6469	3
6470	0
6471	0
6472	0
6473	0
6474	0
6475	1
6476	0
6477	0
6478	0
6479	2
6480	0
6481	0
6482	1
6483	1
6484	0
6485	0
6486	1
6487	1
6488	0
6489	0
6490	0
6491	1
6492	1
6493	0
6494	1
6495	0
6496	0
6497	0
6498	0
6499	0
6500	1
6501	0
6502	0
6503	0
6504	0
6505	2
6506	1
6507	0
6508	0
6509	0
6510	0
6511	0
6512	0
6513	0
6514	0
6515	0
6516	1
6517	2
6518	2
6519	0
6520	3
6521	1
6522	0
6523	0
6524	0
6525	0
6526	0
6527	1
6528	1
6529	0
6530	1
6531	0
6532	0
6533	0
6534	1
6535	0
6536	0
6537	0
6538	0
6539	0
6540	1
6541	1
6542	0
6543	0
6544	1
6545	0
6546	0
6547	3
6548	0
6549	0
6550	0
6551	3
6552	2
6553	0
6554	0
6555	0
6556	1
6557	1
6558	1
6559	0
6560	0
6561	0
6562	0
6563	0
6564	2
6565	0
6566	0
6567	1
6568	0
6569	1
6570	0
6571	0
6572	0
6573	0
6574	0
6575	1
6576	0
6577	0
6578	1
6579	0
6580	0
6581	0
6582	0
6583	0
6584	0
6585	0
6586	1
6587	1
6588	3
6589	0
6590	0
6591	0
6592	3
6593	0
6594	2
6595	0
6596	0
6597	0
6598	0
6599	0
6600	0
6601	0
6602	1
6603	3
6604	1
6605	0
6606	0
6607	0
6608	0
6609	0
6610	0
6611	0
6612	0
6613	0
6614	0
6615	1
6616	0
6617	0
6618	0
6619	0
6620	0
6621	3
6622	0
6623	0
6624	1
6625	0
6626	0
6627	0
6628	0
6629	1
6630	1
6631	0
6632	3
6633	0
6634	0
6635	1
6636	1
6637	0
6638	1
6639	0
6640	0
6641	1
6642	1
6643	1
6644	2
6645	1
6646	0
6647	1
6648	2
6649	1
6650	0
6651	0
6652	0
6653	0
6654	1
6655	0
6656	1
6657	2
6658	1
6659	2
6660	0
6661	0
6662	0
6663	0
6664	1
6665	0
6666	0
6667	0
6668	0
6669	0
6670	0
6671	0
6672	0
6673	3
6674	0
6675	0
6676	1
6677	1
6678	0
6679	0
6680	0
6681	1
6682	0
6683	1
6684	2
6685	0
6686	2
6687	1
6688	0
6689	1
6690	0
6691	1
6692	0
6693	1
6694	1
6695	1
6696	0
6697	0
6698	0
6699	0
6700	0
6701	0
6702	1
6703	0
6704	1
6705	2
6706	1
6707	1
6708	0
6709	0
6710	0
6711	0
6712	1
6713	2
6714	0
6715	3
6716	0
6717	0
6718	0
6719	0
6720	2
6721	1
6722	0
6723	0
6724	1
6725	0
6726	3
6727	1
6728	0
6729	0
6730	0
6731	0
6732	0
6733	0
6734	1
6735	0
6736	0
6737	1
6738	1
6739	0
6740	0
6741	2
6742	1
6743	0
6744	0
6745	0
6746	0
6747	1
6748	1
6749	1
6750	1
6751	2
6752	1
6753	0
6754	0
6755	0
6756	1
6757	1
6758	0
6759	0
6760	1
6761	0
6762	0
6763	0
6764	1
6765	0
6766	0
6767	1
6768	1
6769	0
6770	0
6771	0
6772	0
6773	2
6774	1
6775	0
6776	0
6777	1
6778	0
6779	1
6780	0
6781	0
6782	0
6783	2
6784	0
6785	0
6786	0
6787	0
6788	2
6789	1
6790	0
6791	0
6792	0
6793	0
6794	1
6795	0
6796	0
6797	0
6798	0
6799	1
6800	0
6801	1
6802	0
6803	0
6804	0
6805	0
6806	0
6807	0
6808	1
6809	0
6810	0
6811	0
6812	0
6813	0
6814	1
6815	1
6816	1
6817	0
6818	0
6819	2
6820	0
6821	0
6822	1
6823	0
6824	0
6825	0
6826	2
6827	0
6828	1
6829	0
6830	0
6831	0
6832	1
6833	0
6834	0
6835	2
6836	0
6837	0
6838	1
6839	2
6840	0
6841	0
6842	1
6843	0
6844	0
6845	0
6846	1
6847	0
6848	0
6849	0
6850	2
6851	0
6852	1
6853	0
6854	1
6855	0
6856	0
6857	0
6858	1
6859	1
6860	0
6861	0
6862	1
6863	1
6864	0
6865	0
6866	0
6867	1
6868	1
6869	0
6870	0
6871	1
6872	1
6873	0
6874	0
6875	0
6876	0
6877	1
6878	1
6879	0
6880	0
6881	0
6882	0
6883	0
6884	2
6885	1
6886	0
6887	1
6888	1
6889	0
6890	0
6891	0
6892	0
6893	0
6894	0
6895	0
6896	0
6897	1
6898	1
6899	0
6900	0
6901	0
6902	1
6903	0
6904	0
6905	1
6906	0
6907	0
6908	0
6909	0
6910	0
6911	0
6912	1
6913	0
6914	0
6915	0
6916	0
6917	0
6918	0
6919	1
6920	0
6921	0
6922	1
6923	1
6924	0
6925	0
6926	0
6927	0
6928	1
6929	0
6930	0
6931	1
6932	1
6933	0
6934	1
6935	0
6936	1
6937	0
6938	0
6939	1
6940	0
6941	0
6942	1
6943	0
6944	0
6945	0
6946	0
6947	0
6948	0
6949	0
6950	1
6951	1
6952	0
6953	0
6954	1
6955	0
6956	1
6957	1
6958	1
6959	1
6960	0
6961	2
6962	0
6963	0
6964	0
6965	0
6966	0
6967	0
6968	0
6969	1
6970	2
6971	0
6972	0
6973	0
6974	1
6975	0
6976	0
6977	1
6978	0
6979	0
6980	1
6981	0
6982	0
6983	0
6984	0
6985	0
6986	0
6987	0
6988	0
6989	0
6990	0
6991	0
6992	0
6993	1
6994	5
6995	0
6996	0
6997	0
6998	0
6999	0
7000	0
7001	0
7002	1
7003	0
7004	0
7005	0
7006	0
7007	1
7008	0
7009	1
7010	1
7011	0
7012	0
7013	0
7014	0
7015	1
7016	2
7017	0
7018	0
7019	1
7020	0
7021	1
7022	0
7023	0
7024	0
7025	0
7026	2
7027	1
7028	0
7029	0
7030	1
7031	1
7032	2
7033	0
7034	1
7035	0
7036	1
7037	0
7038	0
7039	0
7040	0
7041	0
7042	0
7043	1
7044	2
7045	0
7046	0
7047	0
7048	0
7049	0
7050	1
7051	1
7052	0
7053	1
7054	1
7055	1
7056	0
7057	0
7058	0
7059	0
7060	2
7061	0
7062	0
7063	1
7064	0
7065	0
7066	0
7067	0
7068	0
7069	0
7070	0
7071	2
7072	0
7073	0
7074	1
7075	0
7076	0
7077	0
7078	0
7079	0
7080	0
7081	0
7082	1
7083	1
7084	0
7085	1
7086	0
7087	0
7088	1
7089	0
7090	0
7091	0
7092	1
7093	1
7094	0
7095	2
7096	0
7097	0
7098	1
7099	0
7100	0
7101	0
7102	0
7103	1
7104	0
7105	0
7106	1
7107	0
7108	0
7109	0
7110	0
7111	1
7112	0
7113	0
7114	0
7115	0
7116	1
7117	0
7118	1
7119	2
7120	0
7121	1
7122	0
7123	1
7124	0
7125	0
7126	0
7127	0
7128	0
7129	1
7130	0
7131	0
7132	0
7133	2
7134	0
7135	0
7136	1
7137	1
7138	0
7139	0
7140	0
7141	0
7142	0
7143	2
7144	0
7145	0
7146	0
7147	0
7148	1
7149	0
7150	0
7151	1
7152	0
7153	0
7154	0
7155	0
7156	1
7157	0
7158	0
7159	0
7160	1
7161	0
7162	0
7163	0
7164	1
7165	0
7166	1
7167	1
7168	0
7169	0
7170	0
7171	0
7172	1
7173	0
7174	0
7175	0
7176	2
7177	1
7178	0
7179	0
7180	0
7181	0
7182	0
7183	1
7184	0
7185	1
7186	0
7187	0
7188	0
7189	0
7190	0
7191	0
7192	0
7193	0
7194	0
7195	0
7196	0
7197	0
7198	0
7199	0
7200	0
7201	0
7202	0
7203	1
7204	0
7205	0
7206	0
7207	0
7208	2
7209	1
7210	0
7211	0
7212	0
7213	0
7214	0
7215	1
7216	1
7217	1
7218	1
7219	0
7220	0
7221	1
7222	1
7223	1
7224	0
7225	1
7226	1
7227	2
7228	0
7229	1
7230	0
7231	0
7232	0
7233	1
7234	0
7235	0
7236	0
7237	0
7238	0
7239	0
7240	0
7241	0
7242	1
7243	0
7244	1
7245	0
7246	1
7247	1
7248	0
7249	1
7250	0
7251	0
7252	0
7253	0
7254	1
7255	0
7256	0
7257	0
7258	0
7259	0
7260	0
7261	0
7262	1
7263	0
7264	2
7265	0
7266	0
7267	0
7268	1
7269	0
7270	1
7271	0
7272	0
7273	1
7274	0
7275	0
7276	0
7277	1
7278	0
7279	1
7280	0
7281	0
7282	0
7283	0
7284	1
7285	1
7286	0
7287	0
7288	0
7289	0
7290	0
7291	0
7292	3
7293	0
7294	0
7295	0
7296	0
7297	0
7298	0
7299	0
7300	0
7301	0
7302	0
7303	0
7304	0
7305	0
7306	0
7307	2
7308	0
7309	0
7310	1
7311	0
7312	0
7313	0
7314	0
7315	2
7316	1
7317	0
7318	0
7319	0
7320	1
7321	1
7322	0
7323	0
7324	0
7325	0
7326	0
7327	0
7328	0
7329	0
7330	0
7331	0
7332	0
7333	0
7334	0
7335	1
7336	0
7337	0
7338	0
7339	0
7340	0
7341	2
7342	0
7343	1
7344	1
7345	0
7346	2
7347	0
7348	1
7349	1
7350	1
7351	0
7352	0
7353	0
7354	0
7355	2
7356	1
7357	0
7358	0
7359	1
7360	1
7361	0
7362	0
7363	1
7364	0
7365	0
7366	1
7367	0
7368	0
7369	0
7370	0
7371	0
7372	0
7373	0
7374	0
7375	1
7376	0
7377	1
7378	0
7379	0
7380	0
7381	1
7382	0
7383	1
7384	0
7385	0
7386	0
7387	0
7388	0
7389	0
7390	0
7391	0
7392	0
7393	0
7394	0
7395	0
7396	0
7397	0
7398	1
7399	1
7400	0
7401	0
7402	0
7403	1
7404	0
7405	0
7406	0
7407	1
7408	0
7409	1
7410	0
7411	0
7412	1
7413	0
7414	0
7415	1
7416	0
7417	0
7418	0
7419	0
7420	0
7421	0
7422	1
7423	1
7424	0
7425	1
7426	1
7427	0
7428	0
7429	1
7430	2
7431	0
7432	0
7433	0
7434	0
7435	0
7436	0
7437	0
7438	0
7439	0
7440	0
7441	0
7442	0
7443	0
7444	2
7445	0
7446	1
7447	0
7448	0
7449	0
7450	1
7451	0
7452	0
7453	0
7454	0
7455	0
7456	0
7457	0
7458	0
7459	0
7460	0
7461	1
7462	0
7463	0
7464	0
7465	0
7466	0
7467	1
7468	0
7469	0
7470	0
7471	1
7472	0
7473	1
7474	0
7475	0
7476	0
7477	0
7478	0
7479	0
7480	0
7481	0
7482	0
7483	0
7484	0
7485	0
7486	0
7487	1
7488	0
7489	0
7490	0
7491	1
7492	0
7493	0
7494	0
7495	0
7496	0
7497	0
7498	0
7499	0
7500	1
7501	0
7502	0
7503	0
7504	0
7505	0
7506	2
7507	0
7508	0
7509	0
7510	2
7511	0
7512	0
7513	0
7514	0
7515	0
7516	0
7517	0
7518	0
7519	1
7520	0
7521	1
7522	0
7523	0
7524	0
7525	1
7526	0
7527	1
7528	1
7529	1
7530	0
7531	0
7532	1
7533	0
7534	0
7535	1
7536	0
7537	0
7538	0
7539	1
7540	0
7541	0
7542	0
7543	0
7544	1
7545	1
7546	0
7547	1
7548	2
7549	0
7550	0
7551	0
7552	1
7553	1
7554	0
7555	0
7556	0
7557	0
7558	0
7559	1
7560	0
7561	1
7562	1
7563	0
7564	0
7565	0
7566	3
7567	0
7568	0
7569	0
7570	0
7571	0
7572	1
7573	1
7574	0
7575	0
7576	0
7577	0
7578	1
7579	0
7580	1
7581	0
7582	0
7583	0
7584	1
7585	1
7586	2
7587	0
7588	1
7589	0
7590	0
7591	0
7592	0
7593	0
7594	0
7595	0
7596	1
7597	1
7598	2
7599	1
7600	2
7601	0
7602	1
7603	1
7604	1
7605	0
7606	0
7607	1
7608	1
7609	1
7610	1
7611	1
7612	0
7613	0
7614	0
7615	0
7616	1
7617	0
7618	0
7619	0
7620	0
7621	1
7622	0
7623	0
7624	0
7625	0
7626	0
7627	0
7628	0
7629	0
7630	0
7631	0
7632	0
7633	0
7634	1
7635	0
7636	0
7637	1
7638	0
7639	0
7640	0
7641	2
7642	1
7643	1
7644	1
7645	0
7646	1
7647	1
7648	1
7649	0
7650	1
7651	1
7652	0
7653	0
7654	0
7655	0
7656	1
7657	0
7658	0
7659	1
7660	1
7661	1
7662	0
7663	2
7664	2
7665	1
7666	1
7667	0
7668	1
7669	0
7670	0
7671	0
7672	0
7673	0
7674	1
7675	0
7676	1
7677	0
7678	0
7679	1
7680	1
7681	0
7682	0
7683	1
7684	0
7685	1
7686	0
7687	0
7688	0
7689	1
7690	0
7691	2
7692	0
7693	1
7694	0
7695	0
7696	0
7697	0
7698	0
7699	1
7700	0
7701	0
7702	0
7703	0
7704	1
7705	0
7706	1
7707	0
7708	1
7709	0
7710	0
7711	1
7712	1
7713	1
7714	1
7715	0
7716	0
7717	0
7718	0
7719	0
7720	0
7721	0
7722	0
7723	0
7724	0
7725	0
7726	0
7727	1
7728	1
7729	0
7730	0
7731	0
7732	0
7733	0
7734	0
7735	0
7736	1
7737	1
7738	0
7739	0
7740	0
7741	0
7742	0
7743	0
7744	0
7745	2
7746	0
7747	0
7748	0
7749	0
7750	0
7751	0
7752	0
7753	0
7754	1
7755	0
7756	1
7757	0
7758	1
7759	0
7760	0
7761	0
7762	0
7763	0
7764	0
7765	0
7766	0
7767	1
7768	1
7769	0
7770	1
7771	0
7772	0
7773	0
7774	0
7775	1
7776	0
7777	0
7778	0
7779	0
7780	0
7781	0
7782	0
7783	0
7784	0
7785	1
7786	0
7787	0
7788	0
7789	0
7790	1
7791	0
7792	0
7793	0
7794	3
7795	1
7796	0
7797	0
7798	0
7799	0
7800	0
7801	0
7802	1
7803	0
7804	0
7805	0
7806	0
7807	0
7808	2
7809	0
7810	1
7811	0
7812	0
7813	0
7814	0
7815	0
7816	1
7817	1
7818	0
7819	1
7820	0
7821	1
7822	2
7823	0
7824	1
7825	0
7826	0
7827	1
7828	0
7829	0
7830	0
7831	0
7832	0
7833	1
7834	0
7835	0
7836	0
7837	1
7838	0
7839	0
7840	0
7841	1
7842	0
7843	2
7844	0
7845	0
7846	0
7847	0
7848	0
7849	0
7850	0
7851	0
7852	1
7853	0
7854	1
7855	0
7856	0
7857	1
7858	0
7859	0
7860	1
7861	0
7862	0
7863	0
7864	2
7865	0
7866	0
7867	1
7868	0
7869	0
7870	0
7871	0
7872	2
7873	0
7874	1
7875	0
7876	0
7877	3
7878	0
7879	0
7880	0
7881	0
7882	0
7883	1
7884	0
7885	1
7886	0
7887	1
7888	0
7889	0
7890	0
7891	0
7892	0
7893	0
7894	0
7895	0
7896	0
7897	0
7898	0
7899	0
7900	1
7901	0
7902	0
7903	0
7904	0
7905	1
7906	2
7907	1
7908	0
7909	2
7910	0
7911	0
7912	0
7913	0
7914	0
7915	0
7916	0
7917	1
7918	0
7919	1
7920	1
7921	0
7922	0
7923	1
7924	1
7925	0
7926	1
7927	0
7928	0
7929	0
7930	0
7931	0
7932	1
7933	0
7934	1
7935	0
7936	1
7937	0
7938	0
7939	0
7940	0
7941	0
7942	0
7943	0
7944	0
7945	0
7946	0
7947	0
7948	0
7949	1
7950	1
7951	0
7952	0
7953	1
7954	0
7955	0
7956	0
7957	1
7958	2
7959	0
7960	0
7961	0
7962	1
7963	0
7964	1
7965	1
7966	0
7967	0
7968	0
7969	0
7970	1
7971	1
7972	0
7973	0
7974	0
7975	0
7976	0
7977	0
7978	0
7979	1
7980	1
7981	0
7982	0
7983	0
7984	1
7985	1
7986	0
7987	0
7988	1
7989	1
7990	0
7991	1
7992	0
7993	0
7994	0
7995	1
7996	0
7997	0
7998	0
7999	0
8000	0
8001	1
8002	0
8003	0
8004	0
8005	1
8006	0
8007	0
8008	0
8009	1
8010	0
8011	1
8012	1
8013	0
8014	0
8015	1
8016	0
8017	0
8018	0
8019	0
8020	0
8021	0
8022	0
8023	0
8024	0
8025	0
8026	1
8027	1
8028	0
8029	0
8030	0
8031	0
8032	1
8033	0
8034	1
8035	0
8036	0
8037	1
8038	1
8039	0
8040	0
8041	2
8042	0
8043	0
8044	0
8045	0
8046	0
8047	1
8048	1
8049	0
8050	0
8051	0
8052	2
8053	0
8054	0
8055	1
8056	0
8057	1
8058	1
8059	0
8060	1
8061	0
8062	0
8063	0
8064	0
8065	0
8066	0
8067	0
8068	0
8069	0
8070	0
8071	1
8072	0
8073	0
8074	0
8075	0
8076	0
8077	0
8078	1
8079	1
8080	0
8081	0
8082	0
8083	0
8084	0
8085	0
8086	0
8087	0
8088	0
8089	0
8090	0
8091	0
8092	0
8093	0
8094	0
8095	0
8096	0
8097	0
8098	0
8099	0
8100	0
8101	0
8102	0
8103	0
8104	0
8105	0
8106	0
8107	0
8108	0
8109	0
8110	0
8111	0
8112	0
8113	0
8114	0
8115	0
8116	0
8117	0
8118	0
8119	0
8120	0
8121	0
8122	0
8123	0
8124	0
8125	0
8126	0
8127	0
8128	0
8129	0
8130	0
8131	0
8132	0
8133	0
8134	0
8135	0
8136	0
8137	0
8138	0
8139	0
8140	0
8141	0
8142	0
8143	0
8144	0
8145	0
8146	0
8147	0
8148	0
8149	0
8150	0
8151	0
8152	0
8153	0
8154	0
8155	0
8156	0
8157	0
8158	0
8159	0
8160	0
8161	0
8162	0
8163	0
8164	0
8165	0
8166	0
8167	0
8168	0
8169	0
8170	0
8171	0
8172	0
8173	0
8174	0
8175	0
8176	0
8177	0
8178	0
8179	0
8180	0
8181	0
8182	0
8183	0
8184	0
8185	0
8186	0
8187	0
8188	0
8189	0
8190	0
8191	0
