0	0
1	0
2	0
3	0
4	0
5	0
6	0
7	0
8	0
9	0
10	0
11	0
12	0
13	0
14	0
15	0
16	0
17	0
18	0
19	0
20	0
21	0
22	0
23	0
24	0
25	0
26	0
27	0
28	0
29	0
30	0
31	0
32	0
33	0
34	0
35	0
36	0
37	0
38	0
39	0
40	0
41	0
42	0
43	0
44	0
45	0
46	0
47	0
48	0
49	0
50	0
51	0
52	0
53	0
54	0
55	0
56	0
57	0
58	0
59	0
60	0
61	0
62	0
63	0
64	0
65	0
66	0
67	0
68	0
69	0
70	0
71	0
72	0
73	0
74	0
75	0
76	0
77	0
78	0
79	0
80	0
81	1
82	0
83	0
84	1
85	0
86	7
87	11
88	6
89	9
90	11
91	8
92	8
93	9
94	18
95	10
96	18
97	12
98	9
99	11
100	9
101	14
102	7
103	14
104	14
105	14
106	14
107	17
108	14
109	10
110	11
111	10
112	11
113	11
114	16
115	8
116	15
117	10
118	6
119	10
120	10
121	11
122	13
123	16
124	8
125	8
126	10
127	6
128	13
129	8
130	12
131	14
132	9
133	5
134	10
135	17
136	12
137	14
138	14
139	9
140	15
141	11
142	4
143	13
144	12
145	13
146	17
147	12
148	18
149	18
150	21
151	9
152	12
153	9
154	15
155	15
156	19
157	13
158	12
159	9
160	13
161	9
162	8
163	6
164	9
165	6
166	9
167	11
168	17
169	10
170	17
171	5
172	9
173	11
174	12
175	9
176	9
177	12
178	15
179	8
180	10
181	13
182	13
183	14
184	10
185	6
186	16
187	12
188	12
189	7
190	9
191	9
192	5
193	12
194	11
195	10
196	14
197	14
198	9
199	13
200	15
201	13
202	21
203	14
204	11
205	14
206	12
207	9
208	4
209	11
210	11
211	9
212	11
213	11
214	13
215	12
216	9
217	10
218	6
219	10
220	8
221	12
222	13
223	13
224	16
225	17
226	9
227	9
228	8
229	15
230	15
231	15
232	5
233	10
234	20
235	4
236	8
237	15
238	3
239	10
240	17
241	11
242	10
243	14
244	11
245	11
246	16
247	7
248	12
249	7
250	9
251	11
252	12
253	9
254	10
255	18
256	16
257	18
258	13
259	8
260	5
261	11
262	8
263	14
264	10
265	26
266	6
267	18
268	5
269	12
270	16
271	12
272	13
273	17
274	12
275	14
276	11
277	15
278	11
279	9
280	11
281	10
282	9
283	15
284	20
285	8
286	18
287	16
288	10
289	15
290	13
291	5
292	13
293	21
294	15
295	14
296	13
297	13
298	8
299	6
300	17
301	10
302	19
303	10
304	15
305	8
306	10
307	19
308	16
309	14
310	14
311	15
312	7
313	15
314	7
315	8
316	15
317	11
318	9
319	14
320	20
321	5
322	12
323	13
324	16
325	11
326	18
327	18
328	10
329	15
330	14
331	19
332	11
333	15
334	7
335	11
336	10
337	12
338	15
339	11
340	6
341	16
342	12
343	16
344	15
345	17
346	20
347	15
348	11
349	16
350	13
351	16
352	13
353	20
354	11
355	21
356	16
357	10
358	9
359	10
360	15
361	14
362	10
363	12
364	7
365	11
366	18
367	14
368	17
369	17
370	12
371	15
372	18
373	12
374	16
375	15
376	8
377	15
378	14
379	11
380	17
381	19
382	15
383	16
384	17
385	15
386	16
387	12
388	16
389	15
390	26
391	12
392	18
393	15
394	10
395	9
396	17
397	11
398	10
399	20
400	9
401	11
402	17
403	7
404	11
405	15
406	12
407	13
408	8
409	14
410	20
411	12
412	11
413	10
414	21
415	14
416	14
417	13
418	13
419	10
420	11
421	11
422	17
423	9
424	9
425	17
426	11
427	11
428	12
429	13
430	11
431	12
432	10
433	13
434	8
435	14
436	9
437	19
438	11
439	17
440	14
441	21
442	13
443	15
444	12
445	10
446	9
447	17
448	16
449	15
450	9
451	13
452	15
453	10
454	14
455	12
456	22
457	14
458	8
459	14
460	20
461	12
462	16
463	15
464	13
465	21
466	19
467	10
468	15
469	13
470	15
471	21
472	15
473	23
474	13
475	12
476	17
477	8
478	17
479	16
480	18
481	18
482	14
483	8
484	19
485	12
486	12
487	13
488	17
489	13
490	13
491	12
492	18
493	13
494	8
495	24
496	14
497	16
498	14
499	25
500	21
501	21
502	10
503	12
504	10
505	30
506	13
507	12
508	17
509	10
510	12
511	15
512	7
513	22
514	22
515	15
516	21
517	21
518	15
519	22
520	18
521	19
522	12
523	18
524	21
525	15
526	16
527	12
528	18
529	12
530	22
531	13
532	14
533	21
534	15
535	17
536	20
537	23
538	11
539	17
540	23
541	23
542	20
543	20
544	18
545	14
546	11
547	20
548	23
549	19
550	16
551	26
552	27
553	11
554	24
555	15
556	26
557	29
558	28
559	27
560	25
561	21
562	24
563	22
564	29
565	23
566	27
567	26
568	32
569	31
570	22
571	33
572	31
573	28
574	24
575	26
576	30
577	34
578	27
579	32
580	33
581	23
582	36
583	20
584	37
585	28
586	34
587	32
588	37
589	35
590	35
591	27
592	31
593	33
594	30
595	41
596	45
597	29
598	36
599	37
600	37
601	35
602	42
603	27
604	35
605	26
606	28
607	37
608	38
609	27
610	43
611	26
612	29
613	28
614	33
615	41
616	25
617	31
618	43
619	23
620	28
621	28
622	37
623	33
624	37
625	33
626	38
627	42
628	30
629	24
630	32
631	37
632	23
633	34
634	28
635	24
636	25
637	33
638	29
639	27
640	27
641	28
642	27
643	18
644	26
645	36
646	26
647	22
648	24
649	22
650	32
651	32
652	27
653	21
654	28
655	24
656	29
657	31
658	21
659	35
660	44
661	23
662	25
663	21
664	26
665	27
666	30
667	26
668	22
669	28
670	30
671	24
672	22
673	21
674	35
675	26
676	25
677	33
678	26
679	31
680	17
681	29
682	23
683	22
684	29
685	20
686	22
687	21
688	16
689	21
690	27
691	16
692	25
693	29
694	30
695	19
696	22
697	37
698	25
699	24
700	24
701	29
702	21
703	26
704	35
705	36
706	22
707	25
708	24
709	20
710	20
711	17
712	26
713	22
714	30
715	23
716	27
717	24
718	25
719	30
720	25
721	24
722	24
723	17
724	29
725	24
726	22
727	21
728	23
729	29
730	21
731	16
732	17
733	12
734	29
735	13
736	30
737	15
738	23
739	16
740	17
741	14
742	19
743	26
744	11
745	10
746	14
747	22
748	21
749	20
750	11
751	16
752	12
753	24
754	23
755	26
756	14
757	21
758	23
759	19
760	20
761	22
762	23
763	22
764	22
765	17
766	18
767	17
768	14
769	14
770	24
771	21
772	19
773	14
774	21
775	13
776	16
777	11
778	24
779	19
780	17
781	22
782	20
783	19
784	21
785	13
786	20
787	21
788	16
789	23
790	18
791	23
792	24
793	14
794	16
795	20
796	19
797	16
798	18
799	18
800	9
801	22
802	12
803	21
804	29
805	18
806	26
807	23
808	25
809	21
810	23
811	28
812	20
813	18
814	16
815	21
816	21
817	23
818	21
819	16
820	23
821	12
822	24
823	21
824	12
825	18
826	17
827	15
828	25
829	19
830	19
831	17
832	21
833	24
834	23
835	17
836	18
837	18
838	12
839	22
840	23
841	14
842	20
843	13
844	20
845	14
846	21
847	24
848	21
849	18
850	25
851	25
852	18
853	23
854	15
855	10
856	20
857	22
858	18
859	21
860	21
861	19
862	18
863	19
864	22
865	23
866	14
867	22
868	21
869	19
870	24
871	20
872	13
873	27
874	24
875	25
876	18
877	33
878	20
879	30
880	26
881	21
882	28
883	17
884	18
885	25
886	22
887	15
888	29
889	23
890	28
891	14
892	16
893	19
894	24
895	19
896	21
897	18
898	24
899	20
900	21
901	19
902	21
903	20
904	22
905	27
906	23
907	13
908	31
909	22
910	17
911	16
912	26
913	22
914	19
915	19
916	16
917	21
918	27
919	20
920	24
921	16
922	26
923	27
924	22
925	27
926	23
927	21
928	21
929	22
930	18
931	27
932	22
933	20
934	32
935	23
936	19
937	14
938	26
939	13
940	18
941	28
942	17
943	30
944	29
945	21
946	26
947	29
948	23
949	20
950	25
951	21
952	20
953	17
954	24
955	16
956	19
957	24
958	22
959	24
960	28
961	30
962	20
963	32
964	21
965	26
966	33
967	22
968	33
969	29
970	21
971	10
972	25
973	21
974	12
975	22
976	28
977	18
978	18
979	16
980	22
981	19
982	26
983	23
984	32
985	23
986	21
987	21
988	27
989	22
990	18
991	21
992	21
993	25
994	22
995	22
996	41
997	32
998	26
999	32
1000	23
1001	19
1002	23
1003	29
1004	27
1005	19
1006	26
1007	36
1008	26
1009	26
1010	24
1011	26
1012	25
1013	25
1014	19
1015	18
1016	25
1017	25
1018	28
1019	19
1020	22
1021	26
1022	28
1023	22
1024	25
1025	28
1026	26
1027	23
1028	29
1029	34
1030	17
1031	25
1032	40
1033	28
1034	29
1035	21
1036	19
1037	17
1038	21
1039	29
1040	19
1041	24
1042	34
1043	33
1044	17
1045	15
1046	39
1047	24
1048	29
1049	28
1050	13
1051	22
1052	20
1053	32
1054	28
1055	32
1056	29
1057	19
1058	30
1059	18
1060	23
1061	35
1062	21
1063	36
1064	36
1065	23
1066	18
1067	31
1068	25
1069	21
1070	28
1071	32
1072	22
1073	23
1074	27
1075	22
1076	23
1077	27
1078	29
1079	24
1080	35
1081	24
1082	33
1083	28
1084	36
1085	28
1086	29
1087	17
1088	26
1089	26
1090	21
1091	25
1092	29
1093	27
1094	28
1095	27
1096	22
1097	30
1098	19
1099	28
1100	12
1101	32
1102	42
1103	26
1104	28
1105	32
1106	25
1107	32
1108	25
1109	38
1110	36
1111	25
1112	24
1113	26
1114	22
1115	27
1116	27
1117	20
1118	30
1119	28
1120	42
1121	23
1122	30
1123	22
1124	21
1125	29
1126	32
1127	33
1128	25
1129	27
1130	21
1131	30
1132	27
1133	34
1134	29
1135	23
1136	38
1137	33
1138	32
1139	27
1140	31
1141	25
1142	27
1143	30
1144	28
1145	27
1146	33
1147	31
1148	23
1149	26
1150	27
1151	25
1152	23
1153	29
1154	33
1155	31
1156	35
1157	24
1158	24
1159	22
1160	37
1161	38
1162	30
1163	27
1164	23
1165	29
1166	21
1167	33
1168	25
1169	38
1170	28
1171	31
1172	30
1173	24
1174	33
1175	30
1176	27
1177	34
1178	18
1179	31
1180	34
1181	30
1182	33
1183	27
1184	23
1185	31
1186	29
1187	39
1188	32
1189	35
1190	28
1191	30
1192	32
1193	21
1194	28
1195	37
1196	31
1197	26
1198	36
1199	32
1200	33
1201	31
1202	30
1203	32
1204	27
1205	38
1206	24
1207	37
1208	30
1209	33
1210	28
1211	39
1212	30
1213	29
1214	32
1215	39
1216	37
1217	35
1218	31
1219	24
1220	42
1221	40
1222	31
1223	24
1224	32
1225	26
1226	27
1227	29
1228	31
1229	26
1230	36
1231	31
1232	26
1233	34
1234	31
1235	35
1236	27
1237	27
1238	30
1239	25
1240	24
1241	36
1242	31
1243	31
1244	23
1245	35
1246	32
1247	25
1248	37
1249	34
1250	36
1251	38
1252	37
1253	29
1254	27
1255	31
1256	22
1257	29
1258	33
1259	28
1260	29
1261	33
1262	36
1263	42
1264	36
1265	22
1266	36
1267	27
1268	32
1269	21
1270	26
1271	35
1272	32
1273	33
1274	28
1275	30
1276	39
1277	27
1278	26
1279	36
1280	33
1281	33
1282	25
1283	33
1284	41
1285	29
1286	37
1287	28
1288	39
1289	41
1290	37
1291	41
1292	37
1293	28
1294	39
1295	36
1296	22
1297	30
1298	32
1299	35
1300	27
1301	34
1302	44
1303	36
1304	31
1305	42
1306	35
1307	36
1308	31
1309	30
1310	37
1311	48
1312	35
1313	27
1314	39
1315	33
1316	43
1317	22
1318	30
1319	43
1320	29
1321	35
1322	44
1323	28
1324	27
1325	38
1326	33
1327	42
1328	33
1329	23
1330	32
1331	33
1332	42
1333	27
1334	42
1335	37
1336	30
1337	31
1338	32
1339	31
1340	35
1341	41
1342	37
1343	26
1344	38
1345	44
1346	34
1347	40
1348	39
1349	32
1350	35
1351	45
1352	31
1353	44
1354	35
1355	32
1356	38
1357	26
1358	34
1359	35
1360	32
1361	26
1362	39
1363	46
1364	36
1365	37
1366	46
1367	38
1368	35
1369	40
1370	34
1371	31
1372	30
1373	28
1374	42
1375	44
1376	44
1377	35
1378	33
1379	41
1380	39
1381	43
1382	33
1383	28
1384	38
1385	37
1386	37
1387	33
1388	35
1389	37
1390	28
1391	45
1392	42
1393	39
1394	47
1395	35
1396	41
1397	35
1398	39
1399	42
1400	37
1401	43
1402	40
1403	49
1404	36
1405	36
1406	42
1407	41
1408	40
1409	34
1410	38
1411	35
1412	39
1413	43
1414	34
1415	33
1416	28
1417	37
1418	42
1419	46
1420	37
1421	41
1422	38
1423	31
1424	45
1425	41
1426	39
1427	29
1428	39
1429	46
1430	40
1431	56
1432	41
1433	32
1434	36
1435	40
1436	49
1437	30
1438	43
1439	42
1440	34
1441	31
1442	30
1443	33
1444	32
1445	34
1446	43
1447	42
1448	40
1449	49
1450	42
1451	45
1452	34
1453	40
1454	41
1455	32
1456	39
1457	41
1458	40
1459	42
1460	46
1461	42
1462	44
1463	38
1464	39
1465	34
1466	47
1467	39
1468	32
1469	39
1470	48
1471	39
1472	38
1473	39
1474	37
1475	49
1476	42
1477	41
1478	45
1479	44
1480	29
1481	36
1482	47
1483	38
1484	44
1485	46
1486	40
1487	38
1488	47
1489	43
1490	36
1491	44
1492	44
1493	35
1494	40
1495	31
1496	35
1497	48
1498	30
1499	43
1500	41
1501	32
1502	38
1503	48
1504	40
1505	48
1506	39
1507	54
1508	51
1509	37
1510	41
1511	48
1512	55
1513	39
1514	44
1515	40
1516	52
1517	54
1518	43
1519	45
1520	45
1521	47
1522	41
1523	44
1524	48
1525	47
1526	37
1527	44
1528	55
1529	47
1530	51
1531	36
1532	37
1533	58
1534	58
1535	49
1536	41
1537	51
1538	48
1539	41
1540	39
1541	54
1542	48
1543	55
1544	45
1545	45
1546	41
1547	52
1548	46
1549	49
1550	39
1551	52
1552	51
1553	56
1554	52
1555	43
1556	56
1557	43
1558	51
1559	51
1560	34
1561	55
1562	54
1563	51
1564	57
1565	43
1566	48
1567	54
1568	57
1569	39
1570	52
1571	48
1572	67
1573	48
1574	50
1575	49
1576	52
1577	59
1578	47
1579	51
1580	54
1581	50
1582	51
1583	42
1584	59
1585	58
1586	51
1587	67
1588	49
1589	50
1590	60
1591	52
1592	50
1593	47
1594	59
1595	63
1596	51
1597	66
1598	49
1599	68
1600	50
1601	69
1602	46
1603	68
1604	58
1605	57
1606	59
1607	53
1608	47
1609	49
1610	53
1611	65
1612	48
1613	53
1614	62
1615	63
1616	66
1617	67
1618	67
1619	62
1620	77
1621	66
1622	74
1623	62
1624	62
1625	83
1626	69
1627	59
1628	72
1629	69
1630	66
1631	68
1632	60
1633	65
1634	63
1635	69
1636	73
1637	61
1638	57
1639	69
1640	63
1641	49
1642	72
1643	65
1644	70
1645	63
1646	58
1647	65
1648	58
1649	57
1650	62
1651	68
1652	73
1653	74
1654	70
1655	73
1656	61
1657	89
1658	75
1659	66
1660	80
1661	75
1662	65
1663	72
1664	68
1665	75
1666	75
1667	75
1668	86
1669	87
1670	61
1671	84
1672	64
1673	73
1674	89
1675	81
1676	85
1677	74
1678	65
1679	66
1680	72
1681	79
1682	77
1683	72
1684	73
1685	61
1686	69
1687	68
1688	69
1689	78
1690	84
1691	84
1692	71
1693	57
1694	85
1695	77
1696	85
1697	89
1698	69
1699	95
1700	95
1701	77
1702	77
1703	86
1704	93
1705	85
1706	79
1707	73
1708	75
1709	79
1710	83
1711	69
1712	84
1713	71
1714	72
1715	82
1716	100
1717	66
1718	83
1719	107
1720	70
1721	86
1722	94
1723	71
1724	95
1725	81
1726	86
1727	69
1728	75
1729	71
1730	89
1731	76
1732	76
1733	83
1734	83
1735	95
1736	90
1737	80
1738	88
1739	83
1740	90
1741	81
1742	79
1743	89
1744	78
1745	77
1746	101
1747	83
1748	87
1749	87
1750	77
1751	81
1752	85
1753	72
1754	74
1755	78
1756	81
1757	99
1758	78
1759	61
1760	71
1761	74
1762	92
1763	77
1764	100
1765	90
1766	74
1767	81
1768	72
1769	75
1770	85
1771	68
1772	92
1773	83
1774	81
1775	68
1776	73
1777	82
1778	83
1779	65
1780	71
1781	49
1782	76
1783	85
1784	65
1785	86
1786	64
1787	79
1788	69
1789	65
1790	67
1791	92
1792	70
1793	71
1794	94
1795	73
1796	88
1797	75
1798	64
1799	59
1800	67
1801	72
1802	68
1803	73
1804	74
1805	77
1806	71
1807	76
1808	72
1809	84
1810	71
1811	88
1812	67
1813	54
1814	65
1815	90
1816	86
1817	58
1818	70
1819	62
1820	60
1821	69
1822	79
1823	71
1824	71
1825	67
1826	68
1827	69
1828	55
1829	55
1830	56
1831	73
1832	60
1833	73
1834	62
1835	56
1836	60
1837	62
1838	65
1839	59
1840	64
1841	70
1842	68
1843	56
1844	78
1845	76
1846	69
1847	69
1848	62
1849	55
1850	46
1851	64
1852	55
1853	64
1854	38
1855	72
1856	72
1857	71
1858	66
1859	61
1860	56
1861	57
1862	49
1863	58
1864	61
1865	78
1866	68
1867	64
1868	57
1869	62
1870	61
1871	57
1872	67
1873	59
1874	57
1875	57
1876	65
1877	60
1878	65
1879	59
1880	55
1881	53
1882	48
1883	42
1884	45
1885	59
1886	65
1887	56
1888	54
1889	69
1890	66
1891	52
1892	57
1893	60
1894	56
1895	59
1896	68
1897	50
1898	63
1899	48
1900	62
1901	42
1902	63
1903	43
1904	44
1905	61
1906	60
1907	66
1908	53
1909	62
1910	41
1911	60
1912	42
1913	45
1914	54
1915	50
1916	36
1917	45
1918	64
1919	53
1920	49
1921	36
1922	44
1923	55
1924	53
1925	55
1926	42
1927	59
1928	44
1929	37
1930	34
1931	52
1932	53
1933	41
1934	33
1935	44
1936	61
1937	63
1938	49
1939	52
1940	36
1941	49
1942	43
1943	48
1944	53
1945	58
1946	44
1947	45
1948	49
1949	45
1950	41
1951	54
1952	47
1953	32
1954	43
1955	63
1956	47
1957	37
1958	46
1959	35
1960	44
1961	44
1962	49
1963	37
1964	29
1965	45
1966	35
1967	49
1968	47
1969	41
1970	51
1971	37
1972	38
1973	39
1974	36
1975	31
1976	33
1977	40
1978	42
1979	44
1980	48
1981	43
1982	33
1983	47
1984	49
1985	43
1986	37
1987	39
1988	35
1989	53
1990	53
1991	29
1992	34
1993	34
1994	39
1995	51
1996	36
1997	35
1998	34
1999	34
2000	39
2001	34
2002	26
2003	35
2004	38
2005	36
2006	40
2007	38
2008	39
2009	40
2010	39
2011	31
2012	28
2013	41
2014	33
2015	32
2016	29
2017	39
2018	40
2019	33
2020	28
2021	41
2022	38
2023	30
2024	39
2025	37
2026	33
2027	29
2028	32
2029	33
2030	35
2031	33
2032	30
2033	33
2034	30
2035	33
2036	39
2037	32
2038	21
2039	35
2040	31
2041	38
2042	35
2043	31
2044	28
2045	26
2046	32
2047	25
2048	37
2049	21
2050	30
2051	29
2052	24
2053	30
2054	42
2055	37
2056	31
2057	36
2058	19
2059	29
2060	30
2061	25
2062	24
2063	26
2064	25
2065	24
2066	27
2067	50
2068	23
2069	25
2070	22
2071	34
2072	21
2073	21
2074	21
2075	36
2076	29
2077	28
2078	24
2079	34
2080	31
2081	26
2082	24
2083	34
2084	25
2085	24
2086	15
2087	22
2088	34
2089	27
2090	33
2091	25
2092	26
2093	37
2094	34
2095	27
2096	32
2097	28
2098	26
2099	23
2100	19
2101	26
2102	30
2103	30
2104	27
2105	22
2106	22
2107	25
2108	31
2109	25
2110	20
2111	25
2112	29
2113	25
2114	26
2115	28
2116	26
2117	30
2118	23
2119	24
2120	17
2121	22
2122	21
2123	19
2124	20
2125	30
2126	29
2127	32
2128	14
2129	19
2130	22
2131	23
2132	21
2133	22
2134	21
2135	24
2136	23
2137	22
2138	26
2139	22
2140	27
2141	19
2142	23
2143	19
2144	22
2145	19
2146	19
2147	22
2148	24
2149	25
2150	13
2151	14
2152	23
2153	13
2154	22
2155	16
2156	30
2157	24
2158	18
2159	21
2160	20
2161	23
2162	22
2163	20
2164	22
2165	21
2166	26
2167	20
2168	29
2169	18
2170	15
2171	19
2172	15
2173	19
2174	20
2175	29
2176	27
2177	20
2178	16
2179	14
2180	22
2181	20
2182	18
2183	15
2184	25
2185	14
2186	26
2187	20
2188	17
2189	23
2190	30
2191	21
2192	16
2193	15
2194	27
2195	23
2196	22
2197	20
2198	18
2199	16
2200	18
2201	22
2202	17
2203	19
2204	16
2205	16
2206	18
2207	19
2208	18
2209	16
2210	15
2211	22
2212	23
2213	17
2214	22
2215	16
2216	20
2217	20
2218	19
2219	21
2220	19
2221	25
2222	19
2223	32
2224	9
2225	15
2226	19
2227	26
2228	17
2229	25
2230	9
2231	16
2232	23
2233	16
2234	27
2235	16
2236	18
2237	25
2238	20
2239	19
2240	11
2241	15
2242	14
2243	31
2244	12
2245	15
2246	16
2247	14
2248	15
2249	23
2250	23
2251	18
2252	24
2253	20
2254	14
2255	21
2256	21
2257	20
2258	20
2259	19
2260	12
2261	19
2262	19
2263	16
2264	21
2265	12
2266	25
2267	20
2268	18
2269	24
2270	16
2271	19
2272	15
2273	8
2274	18
2275	19
2276	19
2277	21
2278	18
2279	19
2280	19
2281	23
2282	19
2283	15
2284	20
2285	24
2286	13
2287	10
2288	25
2289	17
2290	13
2291	17
2292	22
2293	20
2294	11
2295	16
2296	22
2297	15
2298	23
2299	14
2300	16
2301	23
2302	11
2303	24
2304	14
2305	21
2306	24
2307	16
2308	13
2309	27
2310	14
2311	18
2312	20
2313	14
2314	20
2315	14
2316	18
2317	22
2318	15
2319	18
2320	13
2321	16
2322	16
2323	17
2324	15
2325	12
2326	17
2327	18
2328	12
2329	12
2330	25
2331	23
2332	15
2333	11
2334	18
2335	12
2336	17
2337	16
2338	16
2339	19
2340	15
2341	20
2342	12
2343	16
2344	14
2345	18
2346	13
2347	16
2348	17
2349	13
2350	12
2351	12
2352	22
2353	20
2354	13
2355	10
2356	9
2357	14
2358	14
2359	21
2360	17
2361	11
2362	15
2363	17
2364	15
2365	15
2366	14
2367	16
2368	13
2369	11
2370	13
2371	17
2372	16
2373	13
2374	17
2375	13
2376	14
2377	17
2378	23
2379	21
2380	13
2381	9
2382	16
2383	10
2384	11
2385	14
2386	15
2387	20
2388	19
2389	22
2390	17
2391	21
2392	19
2393	12
2394	14
2395	11
2396	16
2397	16
2398	12
2399	9
2400	11
2401	11
2402	19
2403	5
2404	12
2405	15
2406	11
2407	13
2408	13
2409	13
2410	15
2411	10
2412	20
2413	16
2414	16
2415	15
2416	12
2417	14
2418	14
2419	14
2420	16
2421	10
2422	14
2423	13
2424	6
2425	19
2426	18
2427	17
2428	18
2429	22
2430	15
2431	19
2432	5
2433	14
2434	16
2435	16
2436	19
2437	10
2438	13
2439	10
2440	16
2441	13
2442	10
2443	12
2444	16
2445	14
2446	14
2447	19
2448	13
2449	14
2450	16
2451	10
2452	15
2453	17
2454	12
2455	18
2456	15
2457	5
2458	13
2459	15
2460	13
2461	11
2462	14
2463	17
2464	18
2465	8
2466	11
2467	14
2468	12
2469	8
2470	11
2471	13
2472	12
2473	11
2474	6
2475	8
2476	18
2477	13
2478	15
2479	11
2480	7
2481	11
2482	12
2483	17
2484	19
2485	9
2486	10
2487	9
2488	14
2489	15
2490	15
2491	16
2492	15
2493	11
2494	18
2495	12
2496	11
2497	13
2498	12
2499	14
2500	14
2501	19
2502	9
2503	12
2504	9
2505	16
2506	13
2507	13
2508	11
2509	10
2510	11
2511	13
2512	16
2513	13
2514	13
2515	13
2516	12
2517	11
2518	15
2519	14
2520	22
2521	15
2522	18
2523	9
2524	13
2525	12
2526	9
2527	18
2528	10
2529	11
2530	9
2531	12
2532	10
2533	13
2534	7
2535	17
2536	15
2537	15
2538	18
2539	14
2540	8
2541	10
2542	19
2543	12
2544	13
2545	8
2546	13
2547	14
2548	11
2549	14
2550	9
2551	13
2552	14
2553	13
2554	10
2555	8
2556	13
2557	9
2558	13
2559	7
2560	9
2561	6
2562	11
2563	11
2564	11
2565	10
2566	18
2567	9
2568	20
2569	15
2570	16
2571	19
2572	14
2573	7
2574	15
2575	8
2576	12
2577	10
2578	12
2579	18
2580	15
2581	20
2582	7
2583	6
2584	8
2585	7
2586	7
2587	13
2588	19
2589	14
2590	10
2591	6
2592	15
2593	7
2594	19
2595	15
2596	14
2597	12
2598	14
2599	10
2600	8
2601	11
2602	13
2603	9
2604	12
2605	9
2606	17
2607	15
2608	7
2609	16
2610	12
2611	15
2612	16
2613	13
2614	6
2615	7
2616	12
2617	13
2618	10
2619	10
2620	13
2621	12
2622	13
2623	14
2624	13
2625	12
2626	8
2627	10
2628	9
2629	14
2630	10
2631	14
2632	8
2633	14
2634	15
2635	11
2636	17
2637	9
2638	7
2639	10
2640	9
2641	8
2642	6
2643	6
2644	14
2645	12
2646	8
2647	12
2648	11
2649	13
2650	12
2651	8
2652	17
2653	4
2654	3
2655	13
2656	11
2657	12
2658	18
2659	18
2660	11
2661	17
2662	10
2663	6
2664	15
2665	14
2666	17
2667	15
2668	13
2669	9
2670	10
2671	6
2672	13
2673	10
2674	9
2675	11
2676	13
2677	15
2678	6
2679	17
2680	13
2681	17
2682	10
2683	12
2684	14
2685	12
2686	9
2687	7
2688	5
2689	12
2690	7
2691	11
2692	14
2693	22
2694	13
2695	10
2696	12
2697	15
2698	9
2699	8
2700	11
2701	15
2702	13
2703	12
2704	11
2705	9
2706	12
2707	7
2708	14
2709	12
2710	15
2711	12
2712	9
2713	12
2714	11
2715	11
2716	15
2717	8
2718	12
2719	11
2720	14
2721	11
2722	9
2723	11
2724	12
2725	9
2726	12
2727	11
2728	12
2729	12
2730	15
2731	7
2732	11
2733	6
2734	12
2735	13
2736	14
2737	3
2738	13
2739	18
2740	11
2741	6
2742	11
2743	4
2744	11
2745	18
2746	9
2747	11
2748	9
2749	7
2750	8
2751	13
2752	10
2753	10
2754	9
2755	5
2756	9
2757	12
2758	5
2759	11
2760	7
2761	11
2762	15
2763	16
2764	10
2765	8
2766	12
2767	4
2768	12
2769	8
2770	12
2771	9
2772	10
2773	16
2774	13
2775	9
2776	7
2777	6
2778	9
2779	10
2780	18
2781	9
2782	16
2783	8
2784	8
2785	17
2786	8
2787	11
2788	8
2789	13
2790	8
2791	8
2792	8
2793	8
2794	8
2795	10
2796	10
2797	15
2798	14
2799	9
2800	6
2801	13
2802	8
2803	14
2804	13
2805	12
2806	16
2807	7
2808	12
2809	9
2810	16
2811	7
2812	9
2813	19
2814	11
2815	11
2816	14
2817	14
2818	16
2819	8
2820	4
2821	14
2822	8
2823	14
2824	11
2825	13
2826	14
2827	7
2828	6
2829	8
2830	6
2831	13
2832	9
2833	24
2834	11
2835	13
2836	14
2837	8
2838	8
2839	16
2840	7
2841	11
2842	5
2843	14
2844	5
2845	10
2846	12
2847	12
2848	13
2849	9
2850	6
2851	11
2852	6
2853	10
2854	9
2855	12
2856	8
2857	6
2858	11
2859	10
2860	12
2861	13
2862	11
2863	12
2864	8
2865	13
2866	9
2867	11
2868	14
2869	9
2870	10
2871	5
2872	8
2873	10
2874	11
2875	5
2876	8
2877	1
2878	12
2879	13
2880	10
2881	12
2882	15
2883	8
2884	21
2885	9
2886	15
2887	5
2888	9
2889	13
2890	8
2891	8
2892	10
2893	8
2894	13
2895	6
2896	10
2897	11
2898	5
2899	8
2900	6
2901	5
2902	11
2903	8
2904	7
2905	11
2906	11
2907	10
2908	8
2909	9
2910	12
2911	9
2912	14
2913	11
2914	10
2915	7
2916	12
2917	14
2918	12
2919	10
2920	11
2921	7
2922	11
2923	9
2924	15
2925	6
2926	12
2927	11
2928	8
2929	13
2930	11
2931	10
2932	6
2933	12
2934	13
2935	11
2936	8
2937	6
2938	9
2939	13
2940	6
2941	13
2942	4
2943	3
2944	11
2945	9
2946	6
2947	12
2948	8
2949	14
2950	13
2951	8
2952	15
2953	8
2954	13
2955	12
2956	12
2957	11
2958	9
2959	7
2960	14
2961	7
2962	10
2963	12
2964	7
2965	11
2966	12
2967	6
2968	11
2969	6
2970	10
2971	9
2972	10
2973	16
2974	13
2975	8
2976	10
2977	9
2978	8
2979	5
2980	14
2981	14
2982	7
2983	7
2984	1
2985	8
2986	8
2987	6
2988	3
2989	8
2990	9
2991	3
2992	10
2993	7
2994	12
2995	11
2996	9
2997	15
2998	7
2999	8
3000	10
3001	8
3002	10
3003	7
3004	6
3005	9
3006	13
3007	8
3008	10
3009	5
3010	5
3011	11
3012	4
3013	7
3014	7
3015	8
3016	10
3017	8
3018	10
3019	5
3020	7
3021	8
3022	5
3023	5
3024	8
3025	12
3026	10
3027	13
3028	7
3029	9
3030	11
3031	10
3032	9
3033	10
3034	7
3035	6
3036	12
3037	12
3038	8
3039	10
3040	8
3041	7
3042	8
3043	14
3044	14
3045	9
3046	7
3047	11
3048	19
3049	11
3050	13
3051	11
3052	7
3053	8
3054	5
3055	10
3056	9
3057	11
3058	10
3059	8
3060	8
3061	9
3062	11
3063	11
3064	4
3065	5
3066	10
3067	8
3068	6
3069	8
3070	8
3071	9
3072	10
3073	12
3074	10
3075	3
3076	10
3077	9
3078	6
3079	8
3080	9
3081	9
3082	7
3083	13
3084	9
3085	12
3086	9
3087	9
3088	8
3089	6
3090	10
3091	10
3092	5
3093	13
3094	13
3095	18
3096	12
3097	8
3098	11
3099	9
3100	13
3101	8
3102	6
3103	5
3104	7
3105	5
3106	8
3107	12
3108	11
3109	13
3110	10
3111	12
3112	13
3113	7
3114	6
3115	14
3116	12
3117	8
3118	7
3119	9
3120	7
3121	6
3122	12
3123	11
3124	4
3125	6
3126	7
3127	4
3128	13
3129	5
3130	9
3131	10
3132	9
3133	6
3134	10
3135	10
3136	8
3137	9
3138	11
3139	10
3140	10
3141	7
3142	8
3143	4
3144	4
3145	18
3146	9
3147	14
3148	8
3149	9
3150	10
3151	13
3152	11
3153	6
3154	8
3155	8
3156	13
3157	9
3158	8
3159	9
3160	2
3161	13
3162	6
3163	6
3164	7
3165	11
3166	9
3167	7
3168	8
3169	11
3170	10
3171	9
3172	7
3173	6
3174	7
3175	9
3176	15
3177	8
3178	10
3179	11
3180	9
3181	9
3182	9
3183	6
3184	8
3185	6
3186	8
3187	8
3188	4
3189	11
3190	13
3191	6
3192	6
3193	5
3194	7
3195	8
3196	13
3197	11
3198	5
3199	10
3200	9
3201	9
3202	17
3203	12
3204	7
3205	5
3206	12
3207	17
3208	10
3209	8
3210	7
3211	9
3212	9
3213	4
3214	5
3215	5
3216	9
3217	7
3218	7
3219	10
3220	6
3221	8
3222	8
3223	7
3224	6
3225	7
3226	4
3227	9
3228	9
3229	4
3230	5
3231	4
3232	6
3233	9
3234	12
3235	7
3236	9
3237	8
3238	10
3239	10
3240	8
3241	7
3242	6
3243	10
3244	3
3245	13
3246	4
3247	7
3248	4
3249	15
3250	15
3251	5
3252	6
3253	12
3254	6
3255	11
3256	11
3257	5
3258	10
3259	7
3260	7
3261	6
3262	10
3263	8
3264	5
3265	8
3266	9
3267	10
3268	10
3269	14
3270	8
3271	4
3272	7
3273	11
3274	8
3275	12
3276	12
3277	11
3278	3
3279	9
3280	6
3281	11
3282	5
3283	6
3284	9
3285	9
3286	10
3287	8
3288	3
3289	13
3290	5
3291	10
3292	8
3293	12
3294	8
3295	12
3296	6
3297	13
3298	6
3299	5
3300	8
3301	5
3302	6
3303	6
3304	10
3305	6
3306	10
3307	3
3308	9
3309	9
3310	6
3311	13
3312	9
3313	6
3314	10
3315	11
3316	8
3317	12
3318	9
3319	5
3320	3
3321	5
3322	10
3323	6
3324	16
3325	8
3326	11
3327	7
3328	3
3329	5
3330	6
3331	6
3332	11
3333	12
3334	7
3335	11
3336	11
3337	9
3338	9
3339	8
3340	5
3341	9
3342	3
3343	4
3344	7
3345	8
3346	14
3347	5
3348	10
3349	3
3350	12
3351	7
3352	5
3353	8
3354	4
3355	11
3356	5
3357	8
3358	9
3359	10
3360	7
3361	5
3362	7
3363	6
3364	6
3365	11
3366	10
3367	7
3368	7
3369	8
3370	8
3371	9
3372	8
3373	12
3374	8
3375	11
3376	6
3377	9
3378	12
3379	6
3380	9
3381	12
3382	13
3383	9
3384	6
3385	7
3386	4
3387	7
3388	6
3389	8
3390	7
3391	10
3392	7
3393	7
3394	13
3395	13
3396	5
3397	7
3398	7
3399	12
3400	7
3401	7
3402	7
3403	4
3404	12
3405	7
3406	5
3407	9
3408	8
3409	8
3410	10
3411	7
3412	6
3413	8
3414	10
3415	11
3416	9
3417	8
3418	10
3419	6
3420	7
3421	13
3422	5
3423	10
3424	5
3425	9
3426	9
3427	9
3428	6
3429	7
3430	11
3431	10
3432	10
3433	6
3434	4
3435	11
3436	7
3437	6
3438	8
3439	9
3440	3
3441	7
3442	12
3443	6
3444	11
3445	5
3446	8
3447	9
3448	9
3449	5
3450	8
3451	6
3452	7
3453	6
3454	5
3455	5
3456	6
3457	5
3458	7
3459	7
3460	10
3461	6
3462	6
3463	12
3464	6
3465	11
3466	8
3467	10
3468	7
3469	7
3470	8
3471	6
3472	8
3473	7
3474	6
3475	6
3476	7
3477	2
3478	8
3479	6
3480	5
3481	6
3482	9
3483	7
3484	6
3485	10
3486	7
3487	12
3488	12
3489	12
3490	12
3491	14
3492	3
3493	7
3494	7
3495	6
3496	8
3497	9
3498	10
3499	7
3500	7
3501	9
3502	9
3503	7
3504	4
3505	3
3506	9
3507	11
3508	4
3509	4
3510	7
3511	6
3512	3
3513	10
3514	5
3515	6
3516	7
3517	9
3518	7
3519	13
3520	8
3521	7
3522	4
3523	5
3524	12
3525	3
3526	10
3527	17
3528	6
3529	3
3530	8
3531	7
3532	10
3533	12
3534	9
3535	9
3536	9
3537	7
3538	12
3539	11
3540	8
3541	5
3542	11
3543	12
3544	9
3545	8
3546	10
3547	8
3548	11
3549	10
3550	6
3551	5
3552	8
3553	9
3554	8
3555	7
3556	3
3557	13
3558	5
3559	9
3560	9
3561	7
3562	8
3563	5
3564	6
3565	7
3566	12
3567	7
3568	11
3569	8
3570	7
3571	5
3572	7
3573	7
3574	5
3575	6
3576	9
3577	7
3578	7
3579	5
3580	7
3581	4
3582	5
3583	8
3584	6
3585	7
3586	7
3587	9
3588	5
3589	10
3590	8
3591	5
3592	6
3593	9
3594	4
3595	10
3596	6
3597	14
3598	8
3599	9
3600	6
3601	8
3602	8
3603	12
3604	10
3605	5
3606	6
3607	9
3608	11
3609	8
3610	5
3611	6
3612	14
3613	4
3614	7
3615	13
3616	7
3617	9
3618	6
3619	9
3620	6
3621	8
3622	2
3623	6
3624	5
3625	3
3626	9
3627	8
3628	2
3629	7
3630	9
3631	12
3632	14
3633	2
3634	9
3635	8
3636	10
3637	12
3638	8
3639	11
3640	5
3641	11
3642	8
3643	8
3644	6
3645	9
3646	7
3647	12
3648	7
3649	4
3650	9
3651	9
3652	7
3653	8
3654	13
3655	7
3656	7
3657	7
3658	9
3659	6
3660	5
3661	10
3662	6
3663	9
3664	8
3665	11
3666	6
3667	7
3668	8
3669	10
3670	3
3671	10
3672	9
3673	7
3674	7
3675	9
3676	9
3677	7
3678	7
3679	6
3680	6
3681	7
3682	8
3683	12
3684	9
3685	7
3686	7
3687	7
3688	3
3689	9
3690	10
3691	4
3692	7
3693	11
3694	7
3695	5
3696	4
3697	3
3698	10
3699	10
3700	6
3701	10
3702	13
3703	6
3704	5
3705	10
3706	5
3707	10
3708	9
3709	11
3710	5
3711	4
3712	6
3713	4
3714	6
3715	6
3716	12
3717	9
3718	10
3719	8
3720	8
3721	7
3722	10
3723	9
3724	11
3725	13
3726	13
3727	3
3728	8
3729	5
3730	11
3731	10
3732	11
3733	7
3734	9
3735	6
3736	13
3737	8
3738	6
3739	11
3740	8
3741	6
3742	5
3743	9
3744	12
3745	8
3746	6
3747	6
3748	5
3749	7
3750	13
3751	8
3752	15
3753	8
3754	7
3755	8
3756	5
3757	11
3758	6
3759	7
3760	12
3761	12
3762	11
3763	7
3764	4
3765	9
3766	11
3767	8
3768	9
3769	10
3770	7
3771	6
3772	5
3773	8
3774	7
3775	7
3776	4
3777	5
3778	5
3779	9
3780	6
3781	8
3782	9
3783	6
3784	3
3785	5
3786	8
3787	12
3788	11
3789	7
3790	7
3791	8
3792	10
3793	6
3794	10
3795	10
3796	7
3797	7
3798	2
3799	8
3800	9
3801	12
3802	9
3803	6
3804	11
3805	5
3806	4
3807	8
3808	6
3809	4
3810	8
3811	10
3812	8
3813	9
3814	9
3815	5
3816	6
3817	6
3818	8
3819	12
3820	3
3821	10
3822	6
3823	6
3824	8
3825	7
3826	9
3827	14
3828	10
3829	8
3830	11
3831	5
3832	4
3833	11
3834	5
3835	6
3836	10
3837	9
3838	7
3839	5
3840	4
3841	12
3842	7
3843	12
3844	9
3845	5
3846	5
3847	8
3848	6
3849	4
3850	10
3851	4
3852	10
3853	5
3854	4
3855	8
3856	9
3857	6
3858	13
3859	5
3860	13
3861	4
3862	17
3863	10
3864	6
3865	10
3866	7
3867	13
3868	7
3869	9
3870	10
3871	6
3872	6
3873	8
3874	7
3875	13
3876	8
3877	8
3878	11
3879	8
3880	11
3881	7
3882	10
3883	11
3884	9
3885	8
3886	7
3887	10
3888	7
3889	8
3890	3
3891	8
3892	12
3893	3
3894	6
3895	3
3896	10
3897	7
3898	8
3899	10
3900	10
3901	12
3902	11
3903	5
3904	12
3905	7
3906	6
3907	14
3908	14
3909	14
3910	4
3911	5
3912	6
3913	4
3914	8
3915	11
3916	8
3917	4
3918	9
3919	6
3920	8
3921	11
3922	9
3923	9
3924	13
3925	4
3926	9
3927	9
3928	4
3929	13
3930	10
3931	10
3932	9
3933	9
3934	10
3935	10
3936	14
3937	11
3938	12
3939	11
3940	6
3941	11
3942	12
3943	10
3944	11
3945	16
3946	6
3947	6
3948	9
3949	8
3950	4
3951	6
3952	12
3953	15
3954	6
3955	6
3956	13
3957	11
3958	6
3959	16
3960	10
3961	8
3962	12
3963	8
3964	7
3965	7
3966	12
3967	10
3968	9
3969	7
3970	14
3971	5
3972	10
3973	6
3974	5
3975	12
3976	9
3977	8
3978	7
3979	6
3980	8
3981	14
3982	9
3983	8
3984	9
3985	13
3986	8
3987	8
3988	11
3989	14
3990	8
3991	12
3992	5
3993	9
3994	12
3995	12
3996	16
3997	12
3998	14
3999	12
4000	6
4001	11
4002	2
4003	14
4004	5
4005	14
4006	7
4007	6
4008	10
4009	11
4010	6
4011	12
4012	12
4013	15
4014	14
4015	8
4016	15
4017	15
4018	12
4019	18
4020	4
4021	9
4022	9
4023	10
4024	7
4025	5
4026	10
4027	3
4028	16
4029	11
4030	14
4031	12
4032	10
4033	10
4034	8
4035	7
4036	19
4037	8
4038	3
4039	9
4040	15
4041	9
4042	15
4043	8
4044	9
4045	10
4046	11
4047	7
4048	8
4049	14
4050	12
4051	8
4052	9
4053	7
4054	7
4055	5
4056	8
4057	8
4058	13
4059	12
4060	15
4061	8
4062	9
4063	10
4064	9
4065	17
4066	11
4067	10
4068	7
4069	12
4070	10
4071	12
4072	16
4073	12
4074	9
4075	11
4076	13
4077	6
4078	12
4079	12
4080	10
4081	10
4082	17
4083	15
4084	13
4085	8
4086	10
4087	15
4088	14
4089	10
4090	13
4091	12
4092	11
4093	7
4094	6
4095	9
4096	10
4097	10
4098	11
4099	11
4100	10
4101	10
4102	13
4103	14
4104	10
4105	6
4106	8
4107	7
4108	11
4109	9
4110	10
4111	11
4112	12
4113	11
4114	11
4115	7
4116	12
4117	11
4118	8
4119	7
4120	10
4121	13
4122	18
4123	9
4124	12
4125	6
4126	7
4127	6
4128	5
4129	12
4130	8
4131	5
4132	12
4133	15
4134	8
4135	11
4136	15
4137	7
4138	12
4139	12
4140	12
4141	10
4142	8
4143	12
4144	7
4145	11
4146	6
4147	15
4148	6
4149	14
4150	8
4151	7
4152	8
4153	10
4154	12
4155	16
4156	11
4157	13
4158	13
4159	17
4160	10
4161	10
4162	8
4163	7
4164	15
4165	12
4166	15
4167	20
4168	9
4169	12
4170	14
4171	5
4172	9
4173	18
4174	11
4175	12
4176	15
4177	11
4178	11
4179	7
4180	12
4181	10
4182	13
4183	13
4184	10
4185	11
4186	15
4187	15
4188	14
4189	16
4190	9
4191	12
4192	10
4193	12
4194	13
4195	17
4196	12
4197	11
4198	8
4199	14
4200	12
4201	12
4202	14
4203	16
4204	17
4205	13
4206	8
4207	10
4208	11
4209	14
4210	18
4211	15
4212	15
4213	16
4214	9
4215	12
4216	11
4217	13
4218	9
4219	20
4220	13
4221	11
4222	12
4223	12
4224	15
4225	15
4226	11
4227	15
4228	10
4229	18
4230	10
4231	12
4232	11
4233	16
4234	12
4235	11
4236	13
4237	11
4238	8
4239	11
4240	16
4241	17
4242	12
4243	12
4244	16
4245	13
4246	14
4247	18
4248	16
4249	7
4250	14
4251	16
4252	16
4253	16
4254	17
4255	13
4256	14
4257	11
4258	17
4259	9
4260	24
4261	16
4262	13
4263	14
4264	14
4265	13
4266	13
4267	18
4268	16
4269	12
4270	18
4271	19
4272	13
4273	17
4274	19
4275	12
4276	7
4277	14
4278	19
4279	15
4280	14
4281	16
4282	17
4283	11
4284	25
4285	16
4286	11
4287	13
4288	17
4289	15
4290	15
4291	17
4292	12
4293	8
4294	18
4295	13
4296	13
4297	14
4298	14
4299	18
4300	12
4301	12
4302	20
4303	16
4304	20
4305	14
4306	27
4307	13
4308	20
4309	11
4310	12
4311	12
4312	12
4313	17
4314	10
4315	19
4316	12
4317	15
4318	19
4319	17
4320	10
4321	15
4322	15
4323	10
4324	16
4325	11
4326	14
4327	18
4328	8
4329	12
4330	13
4331	16
4332	24
4333	13
4334	16
4335	16
4336	20
4337	14
4338	20
4339	12
4340	18
4341	17
4342	22
4343	18
4344	14
4345	20
4346	17
4347	12
4348	13
4349	10
4350	18
4351	15
4352	9
4353	23
4354	20
4355	22
4356	17
4357	25
4358	19
4359	17
4360	20
4361	18
4362	11
4363	15
4364	16
4365	10
4366	14
4367	16
4368	22
4369	15
4370	18
4371	19
4372	13
4373	10
4374	15
4375	11
4376	13
4377	17
4378	12
4379	7
4380	14
4381	11
4382	19
4383	15
4384	13
4385	17
4386	16
4387	14
4388	22
4389	16
4390	16
4391	22
4392	18
4393	12
4394	16
4395	15
4396	13
4397	13
4398	11
4399	7
4400	13
4401	10
4402	7
4403	13
4404	15
4405	17
4406	13
4407	16
4408	13
4409	13
4410	21
4411	19
4412	9
4413	11
4414	12
4415	18
4416	12
4417	15
4418	7
4419	7
4420	10
4421	15
4422	18
4423	17
4424	15
4425	18
4426	9
4427	6
4428	8
4429	14
4430	10
4431	15
4432	12
4433	11
4434	16
4435	11
4436	14
4437	12
4438	17
4439	15
4440	19
4441	17
4442	21
4443	12
4444	17
4445	9
4446	14
4447	10
4448	10
4449	12
4450	13
4451	13
4452	18
4453	14
4454	14
4455	15
4456	8
4457	12
4458	18
4459	13
4460	11
4461	11
4462	14
4463	11
4464	18
4465	20
4466	10
4467	11
4468	10
4469	12
4470	13
4471	20
4472	16
4473	14
4474	16
4475	11
4476	17
4477	7
4478	19
4479	14
4480	12
4481	17
4482	9
4483	16
4484	19
4485	7
4486	13
4487	16
4488	13
4489	10
4490	11
4491	18
4492	14
4493	11
4494	13
4495	7
4496	17
4497	8
4498	13
4499	11
4500	7
4501	15
4502	12
4503	18
4504	9
4505	12
4506	10
4507	9
4508	12
4509	17
4510	8
4511	4
4512	7
4513	9
4514	10
4515	11
4516	4
4517	6
4518	14
4519	14
4520	13
4521	11
4522	5
4523	17
4524	15
4525	10
4526	15
4527	13
4528	11
4529	7
4530	9
4531	4
4532	17
4533	17
4534	11
4535	15
4536	3
4537	11
4538	12
4539	9
4540	10
4541	13
4542	9
4543	9
4544	9
4545	4
4546	6
4547	20
4548	4
4549	12
4550	8
4551	9
4552	9
4553	5
4554	7
4555	14
4556	14
4557	10
4558	8
4559	7
4560	7
4561	12
4562	11
4563	10
4564	8
4565	9
4566	12
4567	8
4568	5
4569	7
4570	6
4571	7
4572	7
4573	14
4574	10
4575	11
4576	7
4577	10
4578	7
4579	11
4580	3
4581	17
4582	10
4583	5
4584	11
4585	10
4586	12
4587	7
4588	12
4589	5
4590	10
4591	8
4592	5
4593	4
4594	6
4595	9
4596	3
4597	5
4598	18
4599	7
4600	11
4601	13
4602	10
4603	10
4604	9
4605	10
4606	8
4607	3
4608	9
4609	7
4610	12
4611	6
4612	14
4613	6
4614	4
4615	6
4616	10
4617	10
4618	4
4619	14
4620	7
4621	6
4622	6
4623	6
4624	6
4625	7
4626	5
4627	3
4628	6
4629	7
4630	9
4631	11
4632	4
4633	12
4634	6
4635	7
4636	3
4637	6
4638	8
4639	6
4640	6
4641	13
4642	4
4643	11
4644	9
4645	10
4646	4
4647	7
4648	3
4649	4
4650	6
4651	7
4652	3
4653	4
4654	9
4655	2
4656	5
4657	3
4658	5
4659	6
4660	5
4661	3
4662	5
4663	8
4664	6
4665	7
4666	6
4667	7
4668	5
4669	6
4670	3
4671	7
4672	10
4673	5
4674	2
4675	2
4676	4
4677	7
4678	3
4679	9
4680	8
4681	9
4682	4
4683	3
4684	9
4685	5
4686	4
4687	4
4688	5
4689	3
4690	5
4691	7
4692	3
4693	4
4694	3
4695	2
4696	8
4697	6
4698	2
4699	5
4700	4
4701	6
4702	3
4703	4
4704	4
4705	4
4706	5
4707	3
4708	7
4709	5
4710	6
4711	7
4712	10
4713	3
4714	6
4715	5
4716	2
4717	10
4718	6
4719	3
4720	4
4721	1
4722	7
4723	4
4724	0
4725	6
4726	4
4727	6
4728	5
4729	6
4730	5
4731	4
4732	6
4733	5
4734	9
4735	1
4736	2
4737	2
4738	2
4739	0
4740	5
4741	3
4742	0
4743	7
4744	4
4745	2
4746	1
4747	6
4748	3
4749	7
4750	4
4751	1
4752	4
4753	0
4754	6
4755	1
4756	1
4757	4
4758	4
4759	3
4760	3
4761	3
4762	4
4763	2
4764	3
4765	5
4766	5
4767	3
4768	3
4769	0
4770	4
4771	4
4772	2
4773	6
4774	3
4775	4
4776	1
4777	2
4778	4
4779	3
4780	4
4781	5
4782	5
4783	3
4784	0
4785	4
4786	1
4787	1
4788	2
4789	2
4790	2
4791	0
4792	3
4793	5
4794	3
4795	4
4796	1
4797	6
4798	4
4799	1
4800	2
4801	5
4802	1
4803	4
4804	4
4805	0
4806	1
4807	1
4808	3
4809	3
4810	5
4811	2
4812	1
4813	3
4814	3
4815	2
4816	2
4817	5
4818	5
4819	1
4820	1
4821	4
4822	3
4823	4
4824	2
4825	1
4826	3
4827	2
4828	3
4829	3
4830	1
4831	5
4832	2
4833	2
4834	4
4835	2
4836	2
4837	0
4838	2
4839	1
4840	2
4841	3
4842	5
4843	2
4844	1
4845	2
4846	1
4847	3
4848	1
4849	4
4850	3
4851	3
4852	0
4853	2
4854	1
4855	0
4856	3
4857	2
4858	2
4859	1
4860	1
4861	3
4862	3
4863	1
4864	2
4865	4
4866	1
4867	0
4868	6
4869	1
4870	1
4871	3
4872	2
4873	0
4874	4
4875	2
4876	2
4877	2
4878	4
4879	2
4880	2
4881	3
4882	3
4883	1
4884	2
4885	5
4886	3
4887	2
4888	0
4889	2
4890	0
4891	2
4892	1
4893	2
4894	2
4895	0
4896	1
4897	2
4898	1
4899	2
4900	2
4901	1
4902	2
4903	2
4904	3
4905	0
4906	0
4907	2
4908	3
4909	1
4910	0
4911	4
4912	3
4913	1
4914	0
4915	0
4916	1
4917	3
4918	1
4919	2
4920	2
4921	1
4922	0
4923	2
4924	1
4925	2
4926	0
4927	0
4928	0
4929	0
4930	1
4931	1
4932	1
4933	2
4934	0
4935	0
4936	2
4937	1
4938	2
4939	1
4940	2
4941	0
4942	0
4943	4
4944	0
4945	2
4946	1
4947	1
4948	2
4949	2
4950	0
4951	1
4952	2
4953	0
4954	1
4955	1
4956	0
4957	2
4958	3
4959	1
4960	4
4961	1
4962	1
4963	0
4964	1
4965	0
4966	2
4967	2
4968	0
4969	1
4970	1
4971	1
4972	1
4973	1
4974	1
4975	1
4976	1
4977	0
4978	1
4979	0
4980	1
4981	1
4982	0
4983	0
4984	2
4985	2
4986	2
4987	0
4988	0
4989	1
4990	0
4991	1
4992	0
4993	1
4994	1
4995	0
4996	3
4997	2
4998	0
4999	1
5000	0
5001	1
5002	0
5003	1
5004	0
5005	0
5006	1
5007	1
5008	0
5009	0
5010	0
5011	1
5012	2
5013	2
5014	1
5015	0
5016	0
5017	1
5018	2
5019	3
5020	0
5021	2
5022	0
5023	0
5024	2
5025	0
5026	0
5027	0
5028	1
5029	0
5030	1
5031	2
5032	2
5033	1
5034	0
5035	1
5036	1
5037	1
5038	1
5039	1
5040	1
5041	1
5042	0
5043	0
5044	1
5045	0
5046	0
5047	0
5048	0
5049	1
5050	0
5051	0
5052	3
5053	1
5054	0
5055	0
5056	1
5057	1
5058	1
5059	0
5060	0
5061	1
5062	0
5063	1
5064	0
5065	2
5066	0
5067	0
5068	0
5069	1
5070	0
5071	0
5072	0
5073	2
5074	0
5075	0
5076	1
5077	0
5078	0
5079	0
5080	0
5081	1
5082	0
5083	1
5084	0
5085	0
5086	1
5087	1
5088	0
5089	1
5090	0
5091	2
5092	0
5093	1
5094	0
5095	0
5096	1
5097	1
5098	0
5099	1
5100	1
5101	2
5102	0
5103	2
5104	0
5105	0
5106	0
5107	0
5108	1
5109	1
5110	1
5111	1
5112	1
5113	1
5114	0
5115	1
5116	0
5117	2
5118	0
5119	2
5120	0
5121	2
5122	1
5123	0
5124	1
5125	1
5126	1
5127	3
5128	1
5129	1
5130	0
5131	0
5132	1
5133	0
5134	2
5135	1
5136	0
5137	1
5138	0
5139	0
5140	0
5141	2
5142	0
5143	1
5144	1
5145	0
5146	1
5147	0
5148	1
5149	2
5150	0
5151	0
5152	0
5153	0
5154	1
5155	1
5156	0
5157	0
5158	0
5159	0
5160	0
5161	3
5162	0
5163	3
5164	0
5165	0
5166	1
5167	0
5168	1
5169	1
5170	0
5171	0
5172	0
5173	1
5174	0
5175	0
5176	1
5177	0
5178	0
5179	0
5180	0
5181	0
5182	1
5183	0
5184	1
5185	0
5186	0
5187	3
5188	0
5189	1
5190	2
5191	0
5192	1
5193	0
5194	0
5195	2
5196	1
5197	2
5198	2
5199	0
5200	1
5201	0
5202	0
5203	0
5204	1
5205	0
5206	0
5207	1
5208	0
5209	1
5210	0
5211	0
5212	0
5213	1
5214	3
5215	0
5216	1
5217	0
5218	1
5219	0
5220	0
5221	1
5222	0
5223	0
5224	2
5225	2
5226	0
5227	0
5228	1
5229	0
5230	0
5231	1
5232	1
5233	0
5234	0
5235	0
5236	0
5237	0
5238	0
5239	2
5240	0
5241	0
5242	1
5243	0
5244	1
5245	1
5246	3
5247	0
5248	0
5249	0
5250	0
5251	0
5252	1
5253	1
5254	0
5255	1
5256	0
5257	0
5258	2
5259	0
5260	1
5261	0
5262	1
5263	1
5264	1
5265	1
5266	0
5267	0
5268	1
5269	1
5270	0
5271	0
5272	2
5273	0
5274	0
5275	0
5276	1
5277	0
5278	1
5279	1
5280	0
5281	1
5282	2
5283	1
5284	0
5285	0
5286	0
5287	0
5288	0
5289	0
5290	1
5291	1
5292	1
5293	0
5294	0
5295	1
5296	0
5297	0
5298	1
5299	0
5300	0
5301	1
5302	1
5303	0
5304	0
5305	1
5306	0
5307	1
5308	0
5309	0
5310	0
5311	2
5312	1
5313	0
5314	1
5315	0
5316	2
5317	0
5318	1
5319	0
5320	1
5321	2
5322	1
5323	0
5324	0
5325	2
5326	0
5327	0
5328	1
5329	0
5330	0
5331	0
5332	1
5333	0
5334	0
5335	0
5336	0
5337	0
5338	0
5339	0
5340	0
5341	0
5342	0
5343	1
5344	0
5345	0
5346	1
5347	3
5348	0
5349	1
5350	2
5351	0
5352	0
5353	0
5354	0
5355	0
5356	1
5357	0
5358	0
5359	1
5360	0
5361	1
5362	0
5363	1
5364	1
5365	0
5366	0
5367	1
5368	0
5369	0
5370	4
5371	0
5372	0
5373	0
5374	1
5375	0
5376	1
5377	1
5378	1
5379	1
5380	1
5381	0
5382	0
5383	1
5384	0
5385	1
5386	2
5387	0
5388	0
5389	1
5390	0
5391	0
5392	0
5393	0
5394	1
5395	1
5396	0
5397	0
5398	1
5399	0
5400	2
5401	0
5402	0
5403	2
5404	0
5405	2
5406	0
5407	0
5408	2
5409	1
5410	0
5411	0
5412	0
5413	0
5414	1
5415	3
5416	0
5417	0
5418	1
5419	0
5420	1
5421	0
5422	1
5423	0
5424	1
5425	1
5426	0
5427	1
5428	0
5429	1
5430	1
5431	0
5432	0
5433	0
5434	1
5435	1
5436	2
5437	2
5438	0
5439	0
5440	1
5441	0
5442	1
5443	0
5444	0
5445	2
5446	1
5447	1
5448	0
5449	0
5450	1
5451	1
5452	0
5453	0
5454	2
5455	0
5456	0
5457	1
5458	1
5459	1
5460	0
5461	2
5462	0
5463	0
5464	0
5465	0
5466	0
5467	0
5468	0
5469	0
5470	1
5471	0
5472	0
5473	1
5474	0
5475	0
5476	2
5477	2
5478	0
5479	0
5480	1
5481	1
5482	0
5483	0
5484	0
5485	1
5486	1
5487	1
5488	1
5489	0
5490	0
5491	0
5492	1
5493	2
5494	0
5495	2
5496	2
5497	3
5498	0
5499	1
5500	0
5501	0
5502	0
5503	0
5504	0
5505	1
5506	1
5507	1
5508	1
5509	1
5510	0
5511	4
5512	0
5513	1
5514	0
5515	0
5516	0
5517	1
5518	0
5519	0
5520	0
5521	1
5522	0
5523	0
5524	1
5525	0
5526	0
5527	0
5528	1
5529	1
5530	1
5531	0
5532	0
5533	1
5534	0
5535	0
5536	0
5537	3
5538	2
5539	1
5540	2
5541	1
5542	0
5543	0
5544	2
5545	1
5546	1
5547	0
5548	0
5549	1
5550	1
5551	1
5552	0
5553	1
5554	2
5555	0
5556	1
5557	0
5558	1
5559	0
5560	2
5561	0
5562	0
5563	1
5564	1
5565	0
5566	1
5567	1
5568	3
5569	1
5570	0
5571	1
5572	0
5573	0
5574	0
5575	1
5576	1
5577	0
5578	0
5579	0
5580	0
5581	2
5582	0
5583	1
5584	0
5585	0
5586	2
5587	0
5588	1
5589	0
5590	0
5591	0
5592	2
5593	0
5594	0
5595	2
5596	0
5597	1
5598	0
5599	0
5600	0
5601	1
5602	0
5603	1
5604	0
5605	1
5606	2
5607	0
5608	2
5609	0
5610	1
5611	2
5612	0
5613	1
5614	2
5615	1
5616	2
5617	1
5618	3
5619	1
5620	0
5621	1
5622	0
5623	0
5624	0
5625	0
5626	1
5627	0
5628	0
5629	0
5630	0
5631	1
5632	1
5633	1
5634	1
5635	0
5636	0
5637	1
5638	0
5639	1
5640	0
5641	1
5642	0
5643	2
5644	0
5645	0
5646	0
5647	0
5648	1
5649	0
5650	1
5651	0
5652	0
5653	1
5654	0
5655	0
5656	0
5657	0
5658	0
5659	1
5660	1
5661	0
5662	0
5663	2
5664	0
5665	0
5666	0
5667	0
5668	0
5669	0
5670	0
5671	0
5672	1
5673	1
5674	0
5675	1
5676	1
5677	1
5678	2
5679	0
5680	0
5681	1
5682	0
5683	1
5684	0
5685	0
5686	1
5687	1
5688	2
5689	0
5690	1
5691	0
5692	3
5693	1
5694	1
5695	0
5696	1
5697	2
5698	0
5699	0
5700	0
5701	0
5702	1
5703	0
5704	0
5705	0
5706	2
5707	0
5708	2
5709	0
5710	0
5711	1
5712	0
5713	0
5714	0
5715	1
5716	0
5717	0
5718	0
5719	0
5720	2
5721	1
5722	0
5723	2
5724	0
5725	0
5726	1
5727	1
5728	1
5729	1
5730	0
5731	2
5732	0
5733	0
5734	2
5735	1
5736	1
5737	1
5738	2
5739	0
5740	0
5741	0
5742	1
5743	0
5744	0
5745	0
5746	0
5747	0
5748	1
5749	0
5750	0
5751	0
5752	0
5753	0
5754	1
5755	0
5756	0
5757	0
5758	0
5759	1
5760	0
5761	2
5762	1
5763	0
5764	0
5765	0
5766	0
5767	1
5768	0
5769	0
5770	0
5771	1
5772	1
5773	1
5774	0
5775	0
5776	1
5777	0
5778	1
5779	0
5780	1
5781	0
5782	1
5783	2
5784	0
5785	1
5786	0
5787	0
5788	0
5789	1
5790	1
5791	0
5792	0
5793	0
5794	0
5795	2
5796	0
5797	1
5798	0
5799	0
5800	0
5801	1
5802	0
5803	1
5804	1
5805	0
5806	2
5807	1
5808	0
5809	0
5810	1
5811	0
5812	0
5813	1
5814	0
5815	0
5816	1
5817	0
5818	0
5819	1
5820	1
5821	1
5822	0
5823	1
5824	0
5825	1
5826	1
5827	0
5828	1
5829	1
5830	0
5831	1
5832	1
5833	0
5834	1
5835	0
5836	0
5837	0
5838	1
5839	0
5840	0
5841	2
5842	0
5843	1
5844	1
5845	0
5846	0
5847	2
5848	0
5849	0
5850	0
5851	0
5852	0
5853	2
5854	1
5855	0
5856	0
5857	0
5858	0
5859	0
5860	0
5861	1
5862	0
5863	0
5864	0
5865	1
5866	0
5867	1
5868	1
5869	1
5870	0
5871	1
5872	0
5873	0
5874	0
5875	1
5876	0
5877	0
5878	2
5879	0
5880	0
5881	1
5882	0
5883	0
5884	0
5885	1
5886	1
5887	0
5888	0
5889	0
5890	0
5891	0
5892	1
5893	1
5894	0
5895	1
5896	0
5897	0
5898	2
5899	0
5900	0
5901	0
5902	0
5903	0
5904	0
5905	2
5906	0
5907	0
5908	0
5909	1
5910	0
5911	0
5912	2
5913	0
5914	0
5915	1
5916	0
5917	0
5918	0
5919	0
5920	2
5921	0
5922	0
5923	0
5924	0
5925	0
5926	0
5927	1
5928	1
5929	2
5930	1
5931	0
5932	1
5933	0
5934	1
5935	1
5936	0
5937	0
5938	1
5939	1
5940	2
5941	0
5942	0
5943	0
5944	0
5945	0
5946	0
5947	0
5948	0
5949	0
5950	0
5951	1
5952	2
5953	0
5954	1
5955	0
5956	0
5957	1
5958	1
5959	0
5960	0
5961	0
5962	1
5963	0
5964	0
5965	0
5966	0
5967	0
5968	0
5969	0
5970	2
5971	0
5972	0
5973	0
5974	0
5975	0
5976	1
5977	0
5978	1
5979	0
5980	0
5981	0
5982	0
5983	0
5984	0
5985	0
5986	0
5987	1
5988	0
5989	1
5990	0
5991	0
5992	2
5993	0
5994	0
5995	0
5996	1
5997	1
5998	0
5999	0
6000	2
6001	0
6002	0
6003	0
6004	1
6005	0
6006	0
6007	0
6008	1
6009	0
6010	0
6011	0
6012	0
6013	1
6014	1
6015	0
6016	0
6017	1
6018	0
6019	0
6020	1
6021	0
6022	0
6023	1
6024	1
6025	0
6026	0
6027	0
6028	1
6029	0
6030	0
6031	0
6032	0
6033	0
6034	0
6035	0
6036	0
6037	0
6038	1
6039	1
6040	0
6041	0
6042	0
6043	0
6044	0
6045	1
6046	0
6047	2
6048	0
6049	2
6050	1
6051	0
6052	0
6053	1
6054	0
6055	1
6056	2
6057	0
6058	1
6059	2
6060	1
6061	2
6062	1
6063	0
6064	1
6065	1
6066	0
6067	0
6068	0
6069	0
6070	0
6071	0
6072	0
6073	0
6074	0
6075	1
6076	0
6077	0
6078	0
6079	0
6080	2
6081	1
6082	0
6083	1
6084	1
6085	0
6086	0
6087	0
6088	0
6089	1
6090	0
6091	0
6092	0
6093	0
6094	1
6095	0
6096	0
6097	0
6098	1
6099	0
6100	1
6101	0
6102	0
6103	1
6104	0
6105	0
6106	0
6107	0
6108	1
6109	2
6110	0
6111	0
6112	0
6113	0
6114	1
6115	0
6116	0
6117	1
6118	0
6119	0
6120	0
6121	1
6122	1
6123	0
6124	0
6125	1
6126	1
6127	0
6128	1
6129	1
6130	1
6131	0
6132	0
6133	0
6134	0
6135	3
6136	1
6137	1
6138	0
6139	0
6140	0
6141	0
6142	0
6143	0
6144	1
6145	0
6146	0
6147	0
6148	1
6149	0
6150	0
6151	0
6152	0
6153	1
6154	0
6155	0
6156	2
6157	0
6158	0
6159	0
6160	0
6161	0
6162	0
6163	0
6164	0
6165	1
6166	0
6167	0
6168	1
6169	0
6170	1
6171	1
6172	0
6173	0
6174	1
6175	0
6176	1
6177	0
6178	0
6179	0
6180	1
6181	0
6182	1
6183	0
6184	0
6185	0
6186	0
6187	1
6188	0
6189	0
6190	0
6191	0
6192	0
6193	0
6194	0
6195	0
6196	0
6197	0
6198	0
6199	1
6200	0
6201	0
6202	0
6203	2
6204	0
6205	0
6206	0
6207	0
6208	1
6209	1
6210	0
6211	0
6212	1
6213	0
6214	0
6215	0
6216	0
6217	0
6218	0
6219	0
6220	0
6221	0
6222	0
6223	1
6224	0
6225	0
6226	1
6227	1
6228	0
6229	1
6230	0
6231	1
6232	0
6233	1
6234	0
6235	1
6236	0
6237	0
6238	1
6239	1
6240	0
6241	0
6242	0
6243	0
6244	0
6245	0
6246	0
6247	2
6248	0
6249	0
6250	0
6251	0
6252	0
6253	0
6254	0
6255	0
6256	0
6257	0
6258	0
6259	0
6260	2
6261	0
6262	0
6263	2
6264	1
6265	1
6266	0
6267	0
6268	0
6269	1
6270	0
6271	1
6272	0
6273	1
6274	3
6275	0
6276	0
6277	0
6278	1
6279	0
6280	0
6281	1
6282	1
6283	1
6284	0
6285	3
6286	0
6287	0
6288	1
6289	0
6290	0
6291	1
6292	0
6293	0
6294	0
6295	0
6296	1
6297	0
6298	1
6299	1
6300	0
6301	1
6302	0
6303	2
6304	1
6305	0
6306	0
6307	0
6308	0
6309	0
6310	0
6311	0
6312	1
6313	0
6314	1
6315	2
6316	3
6317	1
6318	1
6319	0
6320	0
6321	0
6322	0
6323	2
6324	1
6325	0
6326	0
6327	0
6328	0
6329	1
6330	1
6331	0
6332	0
6333	0
6334	0
6335	1
6336	0
6337	0
6338	0
6339	0
6340	1
6341	0
6342	1
6343	0
6344	0
6345	0
6346	1
6347	0
6348	0
6349	0
6350	0
6351	1
6352	1
6353	0
6354	1
6355	0
6356	2
6357	0
6358	0
6359	0
6360	1
6361	1
6362	0
6363	0
6364	0
6365	0
6366	1
6367	0
6368	0
6369	0
6370	0
6371	1
6372	1
6373	1
6374	1
6375	1
6376	0
6377	0
6378	0
6379	0
6380	0
6381	0
6382	0
6383	0
6384	1
6385	0
6386	2
6387	0
6388	0
6389	1
6390	0
6391	0
6392	2
6393	0
6394	0
6395	1
6396	0
6397	0
6398	0
6399	0
6400	0
6401	1
6402	0
6403	0
6404	0
6405	0
6406	0
6407	0
6408	0
6409	0
6410	0
6411	0
6412	2
6413	0
6414	1
6415	0
6416	0
6417	1
6418	1
6419	1
6420	0
6421	0
6422	1
6423	1
6424	2
6425	0
6426	0
6427	0
6428	1
6429	0
6430	0
6431	1
6432	2
6433	0
6434	0
6435	1
6436	0
6437	0
6438	0
6439	0
6440	0
6441	0
6442	2
6443	0
6444	0
6445	0
6446	0
6447	2
6448	2
6449	2
6450	0
6451	1
6452	2
6453	0
6454	0
6455	0
6456	0
6457	0
6458	1
6459	1
6460	0
6461	1
6462	1
6463	0
6464	1
6465	1
6466	0
6467	0
6468	0
6469	0
6470	0
6471	0
6472	0
6473	0
6474	0
6475	0
6476	0
6477	1
6478	0
6479	1
6480	1
6481	0
6482	0
6483	1
6484	0
6485	2
6486	0
6487	0
6488	2
6489	1
6490	0
6491	1
6492	0
6493	1
6494	0
6495	1
6496	1
6497	0
6498	0
6499	3
6500	1
6501	1
6502	0
6503	0
6504	2
6505	0
6506	0
6507	0
6508	1
6509	0
6510	0
6511	0
6512	1
6513	2
6514	0
6515	5
6516	0
6517	1
6518	1
6519	0
6520	0
6521	1
6522	0
6523	0
6524	0
6525	0
6526	0
6527	0
6528	0
6529	1
6530	1
6531	1
6532	0
6533	0
6534	1
6535	0
6536	0
6537	0
6538	2
6539	0
6540	1
6541	1
6542	2
6543	1
6544	1
6545	0
6546	1
6547	0
6548	0
6549	1
6550	0
6551	0
6552	1
6553	1
6554	1
6555	0
6556	1
6557	0
6558	1
6559	0
6560	0
6561	0
6562	1
6563	1
6564	0
6565	2
6566	0
6567	4
6568	0
6569	0
6570	0
6571	0
6572	1
6573	3
6574	0
6575	1
6576	2
6577	0
6578	1
6579	0
6580	0
6581	0
6582	1
6583	1
6584	1
6585	0
6586	0
6587	1
6588	0
6589	0
6590	0
6591	0
6592	1
6593	1
6594	2
6595	0
6596	0
6597	0
6598	0
6599	0
6600	0
6601	0
6602	0
6603	0
6604	2
6605	1
6606	0
6607	0
6608	1
6609	0
6610	0
6611	2
6612	0
6613	1
6614	0
6615	1
6616	2
6617	0
6618	0
6619	1
6620	0
6621	0
6622	0
6623	1
6624	3
6625	0
6626	1
6627	2
6628	1
6629	0
6630	0
6631	1
6632	1
6633	0
6634	1
6635	0
6636	0
6637	0
6638	0
6639	0
6640	1
6641	2
6642	1
6643	1
6644	0
6645	0
6646	0
6647	0
6648	0
6649	0
6650	0
6651	1
6652	0
6653	0
6654	0
6655	0
6656	2
6657	0
6658	1
6659	0
6660	3
6661	0
6662	0
6663	2
6664	1
6665	0
6666	0
6667	0
6668	1
6669	0
6670	0
6671	1
6672	0
6673	0
6674	2
6675	2
6676	0
6677	1
6678	0
6679	0
6680	0
6681	0
6682	1
6683	2
6684	1
6685	1
6686	0
6687	0
6688	0
6689	1
6690	3
6691	1
6692	1
6693	0
6694	0
6695	0
6696	0
6697	1
6698	0
6699	0
6700	1
6701	0
6702	0
6703	1
6704	1
6705	0
6706	0
6707	0
6708	2
6709	1
6710	1
6711	0
6712	0
6713	1
6714	0
6715	0
6716	0
6717	1
6718	1
6719	2
6720	0
6721	2
6722	2
6723	0
6724	0
6725	1
6726	0
6727	0
6728	0
6729	1
6730	0
6731	0
6732	0
6733	0
6734	0
6735	1
6736	0
6737	0
6738	0
6739	1
6740	1
6741	0
6742	0
6743	0
6744	0
6745	0
6746	0
6747	1
6748	0
6749	0
6750	0
6751	0
6752	0
6753	0
6754	2
6755	1
6756	4
6757	0
6758	1
6759	0
6760	0
6761	0
6762	1
6763	0
6764	1
6765	1
6766	1
6767	2
6768	0
6769	0
6770	0
6771	0
6772	0
6773	0
6774	0
6775	0
6776	1
6777	1
6778	0
6779	1
6780	0
6781	0
6782	0
6783	1
6784	0
6785	1
6786	3
6787	2
6788	1
6789	1
6790	0
6791	0
6792	0
6793	1
6794	0
6795	1
6796	0
6797	0
6798	0
6799	0
6800	0
6801	1
6802	1
6803	1
6804	0
6805	0
6806	0
6807	0
6808	0
6809	1
6810	0
6811	1
6812	2
6813	0
6814	0
6815	0
6816	1
6817	0
6818	0
6819	0
6820	1
6821	0
6822	1
6823	0
6824	0
6825	0
6826	0
6827	0
6828	0
6829	1
6830	0
6831	0
6832	1
6833	0
6834	0
6835	0
6836	0
6837	0
6838	0
6839	0
6840	0
6841	2
6842	1
6843	0
6844	1
6845	0
6846	0
6847	0
6848	2
6849	0
6850	1
6851	1
6852	0
6853	1
6854	0
6855	1
6856	1
6857	0
6858	1
6859	2
6860	1
6861	0
6862	3
6863	0
6864	1
6865	1
6866	0
6867	0
6868	1
6869	0
6870	0
6871	0
6872	1
6873	0
6874	0
6875	1
6876	1
6877	1
6878	1
6879	0
6880	1
6881	0
6882	1
6883	0
6884	0
6885	2
6886	2
6887	2
6888	0
6889	0
6890	0
6891	0
6892	0
6893	0
6894	3
6895	1
6896	0
6897	1
6898	0
6899	0
6900	0
6901	0
6902	0
6903	0
6904	0
6905	0
6906	0
6907	1
6908	0
6909	0
6910	2
6911	0
6912	1
6913	1
6914	0
6915	0
6916	0
6917	0
6918	0
6919	0
6920	0
6921	0
6922	0
6923	3
6924	0
6925	1
6926	0
6927	1
6928	0
6929	2
6930	0
6931	0
6932	0
6933	0
6934	0
6935	0
6936	0
6937	0
6938	0
6939	2
6940	0
6941	1
6942	0
6943	1
6944	1
6945	1
6946	0
6947	1
6948	0
6949	0
6950	0
6951	0
6952	1
6953	0
6954	0
6955	0
6956	1
6957	0
6958	0
6959	1
6960	1
6961	1
6962	0
6963	2
6964	0
6965	1
6966	1
6967	2
6968	0
6969	0
6970	0
6971	0
6972	0
6973	0
6974	1
6975	2
6976	0
6977	0
6978	0
6979	0
6980	0
6981	0
6982	1
6983	0
6984	0
6985	0
6986	2
6987	1
6988	0
6989	0
6990	1
6991	0
6992	0
6993	0
6994	0
6995	2
6996	0
6997	0
6998	1
6999	5
7000	0
7001	1
7002	0
7003	0
7004	2
7005	0
7006	0
7007	0
7008	0
7009	0
7010	0
7011	1
7012	0
7013	2
7014	0
7015	0
7016	0
7017	0
7018	0
7019	0
7020	1
7021	0
7022	1
7023	1
7024	0
7025	0
7026	0
7027	0
7028	0
7029	0
7030	0
7031	0
7032	0
7033	0
7034	1
7035	1
7036	0
7037	0
7038	1
7039	0
7040	0
7041	0
7042	0
7043	0
7044	0
7045	1
7046	0
7047	0
7048	0
7049	0
7050	0
7051	1
7052	0
7053	0
7054	0
7055	0
7056	0
7057	0
7058	0
7059	0
7060	0
7061	2
7062	0
7063	0
7064	1
7065	0
7066	0
7067	1
7068	1
7069	0
7070	0
7071	0
7072	2
7073	0
7074	0
7075	1
7076	1
7077	1
7078	0
7079	0
7080	0
7081	0
7082	0
7083	0
7084	0
7085	1
7086	0
7087	1
7088	0
7089	0
7090	0
7091	0
7092	0
7093	0
7094	2
7095	1
7096	0
7097	0
7098	1
7099	0
7100	2
7101	0
7102	0
7103	0
7104	0
7105	0
7106	0
7107	1
7108	0
7109	1
7110	0
7111	0
7112	0
7113	1
7114	1
7115	1
7116	1
7117	0
7118	0
7119	0
7120	0
7121	0
7122	0
7123	2
7124	0
7125	1
7126	0
7127	0
7128	1
7129	1
7130	1
7131	0
7132	0
7133	0
7134	0
7135	0
7136	0
7137	1
7138	0
7139	1
7140	0
7141	0
7142	0
7143	0
7144	1
7145	0
7146	1
7147	0
7148	0
7149	0
7150	1
7151	0
7152	0
7153	2
7154	0
7155	0
7156	0
7157	1
7158	0
7159	0
7160	1
7161	0
7162	0
7163	0
7164	0
7165	0
7166	0
7167	0
7168	1
7169	0
7170	0
7171	1
7172	0
7173	0
7174	0
7175	0
7176	0
7177	0
7178	1
7179	1
7180	0
7181	1
7182	0
7183	0
7184	1
7185	1
7186	1
7187	0
7188	0
7189	0
7190	0
7191	0
7192	0
7193	0
7194	2
7195	1
7196	0
7197	0
7198	1
7199	0
7200	0
7201	1
7202	1
7203	0
7204	1
7205	0
7206	1
7207	0
7208	0
7209	0
7210	0
7211	0
7212	2
7213	1
7214	0
7215	0
7216	0
7217	0
7218	0
7219	0
7220	0
7221	2
7222	1
7223	0
7224	0
7225	1
7226	0
7227	0
7228	1
7229	0
7230	0
7231	0
7232	0
7233	0
7234	0
7235	0
7236	0
7237	0
7238	0
7239	0
7240	0
7241	0
7242	0
7243	0
7244	1
7245	0
7246	0
7247	0
7248	1
7249	0
7250	0
7251	1
7252	0
7253	0
7254	1
7255	0
7256	0
7257	0
7258	0
7259	0
7260	2
7261	0
7262	1
7263	0
7264	0
7265	1
7266	0
7267	0
7268	0
7269	0
7270	1
7271	0
7272	1
7273	1
7274	1
7275	1
7276	0
7277	0
7278	0
7279	0
7280	0
7281	1
7282	0
7283	0
7284	0
7285	2
7286	0
7287	0
7288	0
7289	0
7290	0
7291	1
7292	0
7293	0
7294	0
7295	0
7296	0
7297	1
7298	1
7299	0
7300	0
7301	0
7302	1
7303	0
7304	0
7305	1
7306	0
7307	0
7308	0
7309	0
7310	0
7311	0
7312	0
7313	0
7314	0
7315	1
7316	0
7317	1
7318	0
7319	0
7320	1
7321	1
7322	0
7323	1
7324	0
7325	0
7326	0
7327	0
7328	0
7329	1
7330	1
7331	0
7332	0
7333	0
7334	0
7335	0
7336	0
7337	0
7338	0
7339	1
7340	1
7341	0
7342	0
7343	0
7344	0
7345	0
7346	1
7347	0
7348	0
7349	0
7350	0
7351	0
7352	0
7353	0
7354	0
7355	0
7356	0
7357	0
7358	1
7359	1
7360	1
7361	1
7362	1
7363	1
7364	2
7365	1
7366	1
7367	0
7368	1
7369	1
7370	0
7371	2
7372	0
7373	0
7374	0
7375	0
7376	0
7377	1
7378	0
7379	0
7380	0
7381	0
7382	1
7383	1
7384	0
7385	0
7386	0
7387	0
7388	1
7389	0
7390	0
7391	1
7392	1
7393	0
7394	1
7395	0
7396	1
7397	2
7398	0
7399	2
7400	0
7401	0
7402	1
7403	1
7404	0
7405	0
7406	0
7407	1
7408	0
7409	0
7410	0
7411	0
7412	1
7413	0
7414	0
7415	0
7416	1
7417	0
7418	0
7419	1
7420	0
7421	0
7422	1
7423	0
7424	0
7425	0
7426	0
7427	0
7428	0
7429	0
7430	0
7431	3
7432	0
7433	0
7434	1
7435	0
7436	0
7437	0
7438	1
7439	0
7440	0
7441	0
7442	0
7443	0
7444	1
7445	0
7446	1
7447	0
7448	0
7449	1
7450	0
7451	0
7452	0
7453	1
7454	0
7455	0
7456	0
7457	0
7458	0
7459	0
7460	1
7461	0
7462	0
7463	0
7464	1
7465	0
7466	0
7467	0
7468	0
7469	0
7470	1
7471	1
7472	0
7473	0
7474	0
7475	0
7476	0
7477	0
7478	0
7479	0
7480	0
7481	0
7482	0
7483	0
7484	2
7485	0
7486	1
7487	0
7488	0
7489	1
7490	0
7491	0
7492	0
7493	0
7494	1
7495	0
7496	0
7497	1
7498	1
7499	1
7500	0
7501	0
7502	0
7503	0
7504	1
7505	0
7506	1
7507	0
7508	0
7509	0
7510	0
7511	1
7512	0
7513	0
7514	1
7515	1
7516	0
7517	0
7518	1
7519	0
7520	0
7521	0
7522	0
7523	0
7524	0
7525	0
7526	1
7527	0
7528	0
7529	0
7530	1
7531	0
7532	1
7533	0
7534	0
7535	0
7536	0
7537	0
7538	0
7539	0
7540	1
7541	1
7542	0
7543	0
7544	0
7545	2
7546	0
7547	1
7548	0
7549	0
7550	0
7551	0
7552	1
7553	0
7554	0
7555	1
7556	0
7557	0
7558	0
7559	0
7560	0
7561	0
7562	1
7563	0
7564	0
7565	1
7566	0
7567	2
7568	0
7569	0
7570	0
7571	0
7572	0
7573	0
7574	1
7575	0
7576	2
7577	0
7578	1
7579	0
7580	0
7581	0
7582	1
7583	0
7584	0
7585	0
7586	0
7587	0
7588	1
7589	1
7590	0
7591	0
7592	0
7593	0
7594	0
7595	0
7596	1
7597	1
7598	2
7599	0
7600	0
7601	1
7602	0
7603	0
7604	1
7605	1
7606	2
7607	0
7608	0
7609	0
7610	0
7611	0
7612	0
7613	1
7614	0
7615	1
7616	1
7617	0
7618	0
7619	0
7620	1
7621	0
7622	1
7623	0
7624	0
7625	0
7626	0
7627	0
7628	0
7629	0
7630	1
7631	2
7632	0
7633	0
7634	0
7635	0
7636	1
7637	1
7638	0
7639	0
7640	0
7641	1
7642	0
7643	0
7644	0
7645	0
7646	3
7647	1
7648	0
7649	0
7650	0
7651	0
7652	0
7653	1
7654	0
7655	0
7656	0
7657	0
7658	0
7659	0
7660	1
7661	0
7662	1
7663	0
7664	0
7665	0
7666	0
7667	0
7668	0
7669	1
7670	0
7671	0
7672	0
7673	1
7674	1
7675	0
7676	1
7677	1
7678	0
7679	0
7680	0
7681	0
7682	0
7683	1
7684	0
7685	0
7686	0
7687	1
7688	0
7689	0
7690	1
7691	1
7692	0
7693	0
7694	0
7695	0
7696	0
7697	0
7698	0
7699	0
7700	0
7701	0
7702	0
7703	1
7704	0
7705	0
7706	0
7707	0
7708	0
7709	0
7710	0
7711	1
7712	0
7713	0
7714	0
7715	0
7716	0
7717	1
7718	0
7719	1
7720	1
7721	0
7722	1
7723	0
7724	0
7725	0
7726	2
7727	1
7728	0
7729	0
7730	0
7731	0
7732	0
7733	0
7734	0
7735	0
7736	0
7737	1
7738	0
7739	0
7740	1
7741	1
7742	0
7743	1
7744	1
7745	0
7746	0
7747	0
7748	0
7749	0
7750	1
7751	0
7752	1
7753	0
7754	0
7755	1
7756	0
7757	1
7758	0
7759	1
7760	1
7761	0
7762	2
7763	0
7764	0
7765	0
7766	0
7767	0
7768	1
7769	0
7770	1
7771	0
7772	0
7773	0
7774	0
7775	0
7776	0
7777	0
7778	0
7779	0
7780	0
7781	0
7782	1
7783	1
7784	0
7785	1
7786	0
7787	0
7788	0
7789	0
7790	0
7791	0
7792	0
7793	0
7794	0
7795	0
7796	0
7797	0
7798	0
7799	2
7800	0
7801	0
7802	2
7803	0
7804	0
7805	0
7806	0
7807	0
7808	0
7809	1
7810	0
7811	0
7812	1
7813	0
7814	0
7815	0
7816	0
7817	2
7818	0
7819	2
7820	2
7821	0
7822	1
7823	0
7824	0
7825	0
7826	0
7827	0
7828	0
7829	0
7830	0
7831	2
7832	0
7833	1
7834	2
7835	0
7836	0
7837	0
7838	0
7839	0
7840	0
7841	0
7842	0
7843	1
7844	0
7845	0
7846	1
7847	0
7848	1
7849	1
7850	1
7851	1
7852	0
7853	0
7854	0
7855	0
7856	0
7857	0
7858	1
7859	1
7860	2
7861	0
7862	0
7863	0
7864	0
7865	0
7866	0
7867	0
7868	0
7869	0
7870	0
7871	0
7872	0
7873	0
7874	0
7875	0
7876	0
7877	0
7878	1
7879	0
7880	0
7881	0
7882	1
7883	0
7884	1
7885	1
7886	0
7887	0
7888	1
7889	0
7890	0
7891	1
7892	0
7893	0
7894	0
7895	0
7896	0
7897	0
7898	0
7899	0
7900	1
7901	0
7902	1
7903	0
7904	0
7905	0
7906	0
7907	0
7908	0
7909	0
7910	0
7911	0
7912	0
7913	0
7914	0
7915	1
7916	0
7917	0
7918	0
7919	0
7920	1
7921	0
7922	2
7923	0
7924	0
7925	0
7926	0
7927	2
7928	0
7929	0
7930	0
7931	1
7932	0
7933	0
7934	1
7935	0
7936	1
7937	0
7938	1
7939	0
7940	0
7941	0
7942	0
7943	0
7944	0
7945	0
7946	0
7947	0
7948	1
7949	0
7950	0
7951	0
7952	0
7953	1
7954	0
7955	0
7956	0
7957	0
7958	0
7959	0
7960	1
7961	0
7962	1
7963	1
7964	0
7965	0
7966	1
7967	1
7968	0
7969	2
7970	0
7971	0
7972	0
7973	1
7974	1
7975	0
7976	0
7977	0
7978	0
7979	0
7980	0
7981	0
7982	1
7983	0
7984	0
7985	0
7986	0
7987	0
7988	0
7989	0
7990	0
7991	0
7992	0
7993	0
7994	1
7995	0
7996	1
7997	0
7998	0
7999	0
8000	0
8001	1
8002	0
8003	0
8004	0
8005	2
8006	1
8007	1
8008	1
8009	0
8010	0
8011	1
8012	0
8013	0
8014	0
8015	1
8016	0
8017	2
8018	1
8019	0
8020	0
8021	1
8022	0
8023	0
8024	0
8025	0
8026	0
8027	2
8028	0
8029	0
8030	0
8031	0
8032	0
8033	0
8034	0
8035	0
8036	0
8037	1
8038	1
8039	0
8040	0
8041	1
8042	0
8043	0
8044	0
8045	0
8046	0
8047	0
8048	1
8049	0
8050	1
8051	0
8052	1
8053	0
8054	0
8055	0
8056	0
8057	0
8058	0
8059	1
8060	0
8061	0
8062	0
8063	1
8064	0
8065	1
8066	0
8067	0
8068	1
8069	1
8070	0
8071	0
8072	0
8073	1
8074	0
8075	0
8076	0
8077	0
8078	0
8079	1
8080	0
8081	0
8082	0
8083	0
8084	0
8085	0
8086	0
8087	0
8088	0
8089	0
8090	0
8091	0
8092	0
8093	0
8094	0
8095	0
8096	0
8097	0
8098	0
8099	0
8100	0
8101	0
8102	0
8103	0
8104	0
8105	0
8106	0
8107	0
8108	0
8109	0
8110	0
8111	0
8112	0
8113	0
8114	0
8115	0
8116	0
8117	0
8118	0
8119	0
8120	0
8121	0
8122	0
8123	0
8124	0
8125	0
8126	0
8127	0
8128	0
8129	0
8130	0
8131	0
8132	0
8133	0
8134	0
8135	0
8136	0
8137	0
8138	0
8139	0
8140	0
8141	0
8142	0
8143	0
8144	0
8145	0
8146	0
8147	0
8148	0
8149	0
8150	0
8151	0
8152	0
8153	0
8154	0
8155	0
8156	0
8157	0
8158	0
8159	0
8160	0
8161	0
8162	0
8163	0
8164	0
8165	0
8166	0
8167	0
8168	0
8169	0
8170	0
8171	0
8172	0
8173	0
8174	0
8175	0
8176	0
8177	0
8178	0
8179	0
8180	0
8181	0
8182	0
8183	0
8184	0
8185	0
8186	0
8187	0
8188	0
8189	0
8190	0
8191	0
