0	0
1	0
2	0
3	0
4	0
5	0
6	0
7	0
8	0
9	0
10	0
11	0
12	0
13	0
14	0
15	0
16	0
17	0
18	0
19	0
20	0
21	0
22	0
23	0
24	0
25	0
26	0
27	0
28	0
29	0
30	0
31	0
32	0
33	0
34	0
35	0
36	0
37	0
38	0
39	0
40	0
41	0
42	0
43	0
44	0
45	0
46	0
47	0
48	0
49	0
50	0
51	0
52	0
53	0
54	0
55	0
56	0
57	0
58	0
59	0
60	0
61	0
62	0
63	0
64	0
65	0
66	0
67	0
68	0
69	0
70	0
71	0
72	0
73	0
74	0
75	0
76	0
77	0
78	0
79	0
80	0
81	0
82	0
83	0
84	0
85	3
86	5
87	10
88	12
89	18
90	13
91	13
92	13
93	12
94	9
95	9
96	12
97	11
98	6
99	7
100	15
101	21
102	14
103	18
104	14
105	13
106	10
107	15
108	11
109	14
110	6
111	12
112	12
113	12
114	10
115	11
116	7
117	15
118	10
119	15
120	18
121	11
122	15
123	17
124	13
125	12
126	14
127	9
128	6
129	20
130	12
131	12
132	15
133	9
134	12
135	16
136	8
137	9
138	11
139	15
140	11
141	14
142	11
143	16
144	16
145	7
146	17
147	9
148	16
149	12
150	12
151	10
152	14
153	12
154	14
155	12
156	13
157	16
158	12
159	7
160	14
161	14
162	16
163	10
164	11
165	15
166	12
167	12
168	6
169	15
170	5
171	14
172	11
173	17
174	14
175	12
176	15
177	15
178	10
179	14
180	16
181	6
182	16
183	17
184	16
185	14
186	15
187	13
188	16
189	12
190	10
191	11
192	11
193	17
194	12
195	14
196	18
197	19
198	15
199	14
200	17
201	17
202	17
203	10
204	13
205	11
206	17
207	8
208	12
209	13
210	16
211	7
212	12
213	10
214	18
215	11
216	13
217	14
218	13
219	20
220	10
221	14
222	15
223	9
224	16
225	6
226	10
227	12
228	14
229	9
230	18
231	11
232	19
233	14
234	12
235	17
236	21
237	15
238	5
239	16
240	10
241	10
242	12
243	9
244	12
245	12
246	13
247	12
248	6
249	14
250	20
251	8
252	17
253	14
254	9
255	14
256	10
257	12
258	15
259	15
260	13
261	10
262	7
263	18
264	8
265	15
266	18
267	14
268	22
269	17
270	15
271	12
272	14
273	13
274	12
275	17
276	9
277	10
278	8
279	17
280	15
281	8
282	12
283	17
284	12
285	13
286	13
287	15
288	11
289	21
290	13
291	13
292	12
293	14
294	15
295	9
296	18
297	8
298	16
299	9
300	17
301	11
302	12
303	11
304	21
305	17
306	13
307	16
308	12
309	16
310	12
311	14
312	13
313	17
314	12
315	14
316	19
317	12
318	17
319	19
320	12
321	15
322	7
323	10
324	14
325	16
326	14
327	17
328	8
329	11
330	14
331	16
332	22
333	9
334	17
335	8
336	9
337	17
338	7
339	15
340	15
341	9
342	13
343	16
344	16
345	18
346	16
347	26
348	15
349	10
350	12
351	24
352	13
353	16
354	12
355	19
356	15
357	7
358	17
359	16
360	10
361	12
362	16
363	11
364	18
365	22
366	10
367	15
368	19
369	15
370	17
371	18
372	18
373	17
374	8
375	14
376	11
377	16
378	16
379	23
380	17
381	19
382	12
383	16
384	14
385	19
386	27
387	17
388	13
389	13
390	11
391	18
392	11
393	11
394	17
395	15
396	12
397	14
398	14
399	15
400	19
401	14
402	16
403	17
404	19
405	12
406	15
407	9
408	14
409	14
410	15
411	16
412	16
413	11
414	15
415	6
416	12
417	12
418	13
419	12
420	13
421	10
422	21
423	11
424	12
425	12
426	20
427	15
428	18
429	16
430	18
431	20
432	12
433	15
434	13
435	23
436	20
437	12
438	13
439	16
440	15
441	13
442	10
443	17
444	19
445	18
446	22
447	10
448	14
449	10
450	13
451	22
452	15
453	6
454	18
455	16
456	17
457	12
458	9
459	18
460	25
461	9
462	17
463	15
464	19
465	10
466	15
467	11
468	9
469	17
470	15
471	18
472	24
473	22
474	13
475	14
476	19
477	16
478	17
479	19
480	22
481	18
482	14
483	11
484	18
485	18
486	13
487	11
488	14
489	15
490	17
491	16
492	15
493	15
494	25
495	23
496	21
497	24
498	19
499	15
500	18
501	14
502	19
503	12
504	13
505	15
506	25
507	22
508	18
509	16
510	15
511	16
512	18
513	15
514	11
515	7
516	12
517	24
518	12
519	15
520	19
521	22
522	25
523	27
524	15
525	20
526	12
527	14
528	12
529	19
530	14
531	17
532	18
533	16
534	25
535	13
536	19
537	18
538	17
539	18
540	28
541	19
542	29
543	20
544	21
545	16
546	17
547	18
548	22
549	21
550	23
551	20
552	17
553	24
554	23
555	27
556	21
557	19
558	31
559	25
560	16
561	28
562	28
563	24
564	18
565	24
566	35
567	31
568	27
569	21
570	23
571	20
572	25
573	31
574	24
575	23
576	26
577	26
578	31
579	26
580	29
581	31
582	30
583	28
584	38
585	31
586	23
587	32
588	28
589	24
590	34
591	29
592	32
593	38
594	43
595	27
596	32
597	25
598	32
599	25
600	25
601	23
602	35
603	29
604	37
605	36
606	43
607	39
608	29
609	30
610	29
611	37
612	38
613	37
614	35
615	25
616	37
617	29
618	34
619	25
620	29
621	31
622	31
623	26
624	24
625	35
626	31
627	22
628	26
629	30
630	32
631	40
632	20
633	27
634	25
635	25
636	31
637	28
638	32
639	32
640	24
641	26
642	28
643	26
644	33
645	21
646	31
647	24
648	35
649	26
650	34
651	31
652	30
653	31
654	36
655	31
656	22
657	44
658	27
659	25
660	22
661	26
662	32
663	15
664	18
665	17
666	17
667	20
668	36
669	34
670	18
671	28
672	29
673	28
674	20
675	10
676	24
677	26
678	23
679	17
680	29
681	27
682	19
683	26
684	35
685	25
686	24
687	22
688	28
689	19
690	22
691	29
692	29
693	17
694	25
695	29
696	28
697	20
698	24
699	21
700	28
701	31
702	22
703	27
704	20
705	20
706	23
707	26
708	18
709	18
710	23
711	20
712	29
713	25
714	15
715	24
716	20
717	20
718	29
719	22
720	27
721	27
722	26
723	33
724	17
725	22
726	23
727	20
728	19
729	18
730	17
731	17
732	25
733	18
734	18
735	22
736	14
737	15
738	21
739	20
740	19
741	26
742	12
743	24
744	20
745	17
746	19
747	24
748	13
749	17
750	22
751	24
752	21
753	18
754	22
755	28
756	14
757	19
758	15
759	23
760	25
761	21
762	20
763	21
764	11
765	22
766	12
767	20
768	24
769	16
770	13
771	15
772	18
773	21
774	19
775	20
776	20
777	13
778	14
779	23
780	18
781	25
782	23
783	18
784	20
785	22
786	19
787	22
788	19
789	23
790	25
791	12
792	15
793	19
794	19
795	16
796	19
797	19
798	21
799	19
800	17
801	20
802	15
803	23
804	19
805	30
806	19
807	25
808	16
809	15
810	30
811	24
812	18
813	13
814	23
815	19
816	27
817	28
818	13
819	18
820	22
821	19
822	20
823	15
824	20
825	18
826	12
827	21
828	16
829	18
830	18
831	27
832	17
833	24
834	20
835	19
836	26
837	25
838	20
839	24
840	20
841	17
842	18
843	27
844	24
845	24
846	26
847	23
848	18
849	27
850	25
851	25
852	28
853	28
854	26
855	17
856	19
857	25
858	25
859	26
860	24
861	14
862	20
863	25
864	21
865	26
866	27
867	20
868	29
869	20
870	22
871	16
872	19
873	19
874	24
875	20
876	20
877	25
878	19
879	15
880	23
881	28
882	20
883	28
884	23
885	22
886	16
887	18
888	24
889	30
890	35
891	19
892	26
893	23
894	21
895	20
896	23
897	18
898	22
899	32
900	23
901	26
902	18
903	16
904	18
905	21
906	25
907	24
908	25
909	22
910	19
911	23
912	16
913	24
914	13
915	23
916	17
917	25
918	20
919	12
920	27
921	23
922	21
923	23
924	24
925	20
926	23
927	25
928	32
929	20
930	26
931	16
932	28
933	14
934	19
935	19
936	19
937	26
938	18
939	23
940	27
941	24
942	20
943	18
944	25
945	22
946	23
947	23
948	26
949	28
950	31
951	21
952	30
953	28
954	23
955	26
956	15
957	21
958	25
959	24
960	26
961	20
962	26
963	23
964	28
965	24
966	19
967	25
968	20
969	27
970	29
971	27
972	28
973	27
974	26
975	34
976	27
977	31
978	30
979	20
980	13
981	32
982	25
983	28
984	26
985	30
986	27
987	23
988	32
989	34
990	18
991	29
992	27
993	30
994	27
995	28
996	19
997	19
998	24
999	29
1000	18
1001	21
1002	18
1003	33
1004	16
1005	25
1006	24
1007	27
1008	14
1009	31
1010	31
1011	31
1012	28
1013	23
1014	24
1015	32
1016	29
1017	26
1018	19
1019	23
1020	21
1021	23
1022	29
1023	20
1024	26
1025	21
1026	29
1027	24
1028	29
1029	29
1030	38
1031	23
1032	23
1033	31
1034	29
1035	29
1036	29
1037	23
1038	23
1039	29
1040	19
1041	28
1042	22
1043	25
1044	18
1045	24
1046	27
1047	25
1048	28
1049	34
1050	20
1051	25
1052	22
1053	32
1054	28
1055	28
1056	31
1057	34
1058	25
1059	27
1060	15
1061	14
1062	17
1063	29
1064	19
1065	27
1066	31
1067	24
1068	25
1069	28
1070	26
1071	31
1072	17
1073	27
1074	36
1075	28
1076	29
1077	24
1078	28
1079	30
1080	22
1081	33
1082	25
1083	32
1084	26
1085	22
1086	42
1087	28
1088	18
1089	30
1090	23
1091	36
1092	41
1093	30
1094	32
1095	26
1096	38
1097	20
1098	28
1099	28
1100	27
1101	39
1102	19
1103	25
1104	24
1105	29
1106	24
1107	22
1108	28
1109	22
1110	26
1111	30
1112	24
1113	24
1114	29
1115	43
1116	30
1117	29
1118	27
1119	28
1120	28
1121	26
1122	32
1123	33
1124	37
1125	34
1126	27
1127	25
1128	24
1129	33
1130	24
1131	24
1132	26
1133	32
1134	28
1135	30
1136	39
1137	30
1138	30
1139	29
1140	25
1141	27
1142	29
1143	26
1144	29
1145	25
1146	33
1147	31
1148	34
1149	31
1150	29
1151	32
1152	36
1153	32
1154	30
1155	33
1156	31
1157	25
1158	27
1159	27
1160	30
1161	30
1162	40
1163	24
1164	28
1165	33
1166	24
1167	29
1168	24
1169	33
1170	31
1171	29
1172	29
1173	31
1174	27
1175	33
1176	32
1177	19
1178	27
1179	38
1180	20
1181	22
1182	28
1183	34
1184	36
1185	26
1186	26
1187	33
1188	34
1189	37
1190	32
1191	29
1192	33
1193	33
1194	30
1195	28
1196	23
1197	29
1198	27
1199	27
1200	25
1201	29
1202	39
1203	24
1204	24
1205	33
1206	32
1207	29
1208	34
1209	32
1210	42
1211	32
1212	29
1213	27
1214	29
1215	34
1216	19
1217	44
1218	31
1219	24
1220	26
1221	23
1222	32
1223	32
1224	32
1225	34
1226	34
1227	39
1228	34
1229	42
1230	37
1231	28
1232	24
1233	37
1234	28
1235	31
1236	36
1237	20
1238	31
1239	40
1240	23
1241	41
1242	31
1243	33
1244	40
1245	31
1246	37
1247	33
1248	34
1249	32
1250	29
1251	36
1252	41
1253	32
1254	32
1255	40
1256	28
1257	35
1258	42
1259	37
1260	32
1261	36
1262	38
1263	27
1264	25
1265	36
1266	35
1267	36
1268	28
1269	23
1270	36
1271	36
1272	34
1273	40
1274	38
1275	42
1276	33
1277	27
1278	30
1279	32
1280	40
1281	34
1282	36
1283	28
1284	32
1285	28
1286	35
1287	26
1288	44
1289	28
1290	38
1291	48
1292	28
1293	36
1294	42
1295	42
1296	37
1297	47
1298	43
1299	34
1300	24
1301	36
1302	39
1303	31
1304	31
1305	28
1306	38
1307	32
1308	39
1309	39
1310	38
1311	38
1312	35
1313	36
1314	35
1315	36
1316	23
1317	35
1318	33
1319	44
1320	31
1321	33
1322	42
1323	30
1324	34
1325	43
1326	44
1327	39
1328	35
1329	36
1330	31
1331	39
1332	37
1333	44
1334	41
1335	38
1336	36
1337	37
1338	41
1339	33
1340	27
1341	42
1342	41
1343	32
1344	43
1345	29
1346	40
1347	37
1348	19
1349	48
1350	35
1351	43
1352	30
1353	37
1354	49
1355	36
1356	43
1357	34
1358	28
1359	44
1360	40
1361	35
1362	42
1363	38
1364	41
1365	45
1366	40
1367	32
1368	33
1369	44
1370	38
1371	34
1372	39
1373	36
1374	40
1375	36
1376	44
1377	46
1378	34
1379	41
1380	43
1381	43
1382	29
1383	35
1384	34
1385	39
1386	43
1387	39
1388	38
1389	36
1390	32
1391	50
1392	41
1393	41
1394	44
1395	41
1396	31
1397	38
1398	38
1399	43
1400	35
1401	36
1402	42
1403	53
1404	24
1405	35
1406	34
1407	52
1408	30
1409	42
1410	48
1411	55
1412	40
1413	46
1414	44
1415	38
1416	36
1417	42
1418	24
1419	37
1420	40
1421	42
1422	30
1423	43
1424	41
1425	38
1426	37
1427	45
1428	33
1429	39
1430	32
1431	43
1432	32
1433	45
1434	50
1435	38
1436	32
1437	45
1438	50
1439	32
1440	44
1441	35
1442	40
1443	45
1444	37
1445	36
1446	37
1447	38
1448	36
1449	37
1450	48
1451	38
1452	27
1453	44
1454	46
1455	38
1456	58
1457	42
1458	45
1459	35
1460	31
1461	39
1462	36
1463	38
1464	45
1465	33
1466	40
1467	31
1468	40
1469	37
1470	29
1471	35
1472	43
1473	34
1474	44
1475	35
1476	32
1477	39
1478	26
1479	43
1480	36
1481	42
1482	39
1483	32
1484	35
1485	40
1486	46
1487	41
1488	48
1489	44
1490	44
1491	35
1492	43
1493	35
1494	47
1495	33
1496	43
1497	52
1498	40
1499	28
1500	37
1501	38
1502	43
1503	46
1504	54
1505	41
1506	45
1507	44
1508	49
1509	48
1510	48
1511	43
1512	53
1513	50
1514	45
1515	43
1516	52
1517	26
1518	37
1519	37
1520	40
1521	49
1522	32
1523	40
1524	38
1525	44
1526	38
1527	43
1528	46
1529	45
1530	48
1531	56
1532	49
1533	58
1534	37
1535	39
1536	52
1537	38
1538	26
1539	29
1540	40
1541	49
1542	46
1543	45
1544	45
1545	47
1546	45
1547	40
1548	44
1549	47
1550	41
1551	51
1552	42
1553	43
1554	57
1555	52
1556	38
1557	53
1558	53
1559	51
1560	44
1561	62
1562	45
1563	53
1564	47
1565	49
1566	47
1567	55
1568	43
1569	45
1570	42
1571	63
1572	35
1573	49
1574	58
1575	36
1576	47
1577	56
1578	53
1579	49
1580	42
1581	53
1582	53
1583	60
1584	50
1585	44
1586	54
1587	48
1588	47
1589	66
1590	49
1591	50
1592	54
1593	54
1594	57
1595	47
1596	52
1597	57
1598	56
1599	55
1600	41
1601	51
1602	61
1603	60
1604	52
1605	61
1606	48
1607	65
1608	56
1609	55
1610	64
1611	53
1612	48
1613	71
1614	68
1615	53
1616	59
1617	59
1618	52
1619	58
1620	53
1621	69
1622	46
1623	61
1624	56
1625	68
1626	55
1627	62
1628	57
1629	59
1630	47
1631	58
1632	66
1633	59
1634	68
1635	65
1636	73
1637	70
1638	54
1639	55
1640	60
1641	70
1642	70
1643	62
1644	60
1645	65
1646	70
1647	65
1648	78
1649	75
1650	66
1651	64
1652	57
1653	67
1654	51
1655	60
1656	60
1657	70
1658	61
1659	50
1660	73
1661	66
1662	69
1663	72
1664	77
1665	75
1666	68
1667	70
1668	69
1669	64
1670	82
1671	79
1672	70
1673	67
1674	58
1675	58
1676	70
1677	70
1678	57
1679	77
1680	79
1681	64
1682	77
1683	61
1684	73
1685	70
1686	64
1687	72
1688	81
1689	75
1690	84
1691	74
1692	69
1693	67
1694	77
1695	81
1696	69
1697	77
1698	84
1699	74
1700	73
1701	59
1702	74
1703	77
1704	56
1705	85
1706	78
1707	75
1708	92
1709	88
1710	66
1711	82
1712	84
1713	74
1714	69
1715	67
1716	61
1717	75
1718	72
1719	66
1720	85
1721	79
1722	82
1723	68
1724	75
1725	71
1726	81
1727	66
1728	84
1729	57
1730	70
1731	70
1732	83
1733	95
1734	74
1735	87
1736	71
1737	82
1738	64
1739	66
1740	70
1741	72
1742	73
1743	78
1744	74
1745	82
1746	74
1747	72
1748	86
1749	75
1750	82
1751	78
1752	77
1753	65
1754	73
1755	62
1756	68
1757	76
1758	77
1759	69
1760	68
1761	59
1762	75
1763	79
1764	68
1765	81
1766	71
1767	74
1768	62
1769	75
1770	67
1771	67
1772	72
1773	71
1774	55
1775	72
1776	77
1777	80
1778	85
1779	68
1780	59
1781	60
1782	64
1783	58
1784	60
1785	76
1786	59
1787	69
1788	70
1789	63
1790	61
1791	51
1792	57
1793	77
1794	51
1795	60
1796	63
1797	65
1798	75
1799	63
1800	62
1801	74
1802	65
1803	64
1804	58
1805	66
1806	53
1807	62
1808	79
1809	59
1810	65
1811	63
1812	59
1813	59
1814	61
1815	69
1816	55
1817	73
1818	45
1819	56
1820	59
1821	55
1822	73
1823	61
1824	85
1825	60
1826	71
1827	64
1828	63
1829	55
1830	68
1831	61
1832	46
1833	63
1834	66
1835	54
1836	50
1837	62
1838	66
1839	54
1840	52
1841	50
1842	72
1843	62
1844	45
1845	60
1846	48
1847	36
1848	64
1849	52
1850	60
1851	59
1852	61
1853	57
1854	47
1855	48
1856	57
1857	54
1858	46
1859	53
1860	59
1861	68
1862	62
1863	70
1864	54
1865	46
1866	50
1867	55
1868	53
1869	40
1870	43
1871	45
1872	54
1873	55
1874	58
1875	47
1876	40
1877	55
1878	55
1879	53
1880	50
1881	58
1882	47
1883	49
1884	49
1885	55
1886	61
1887	56
1888	54
1889	46
1890	41
1891	48
1892	47
1893	55
1894	39
1895	43
1896	50
1897	57
1898	36
1899	55
1900	59
1901	40
1902	53
1903	39
1904	48
1905	45
1906	42
1907	55
1908	36
1909	47
1910	54
1911	48
1912	42
1913	41
1914	39
1915	38
1916	36
1917	47
1918	48
1919	35
1920	45
1921	44
1922	46
1923	43
1924	47
1925	49
1926	37
1927	44
1928	39
1929	50
1930	48
1931	47
1932	44
1933	42
1934	38
1935	40
1936	34
1937	24
1938	41
1939	32
1940	34
1941	36
1942	45
1943	43
1944	32
1945	43
1946	42
1947	26
1948	36
1949	40
1950	31
1951	36
1952	35
1953	37
1954	31
1955	26
1956	37
1957	35
1958	31
1959	34
1960	44
1961	26
1962	40
1963	36
1964	38
1965	31
1966	36
1967	35
1968	36
1969	30
1970	30
1971	37
1972	25
1973	46
1974	35
1975	38
1976	33
1977	37
1978	37
1979	37
1980	29
1981	49
1982	39
1983	40
1984	33
1985	31
1986	33
1987	38
1988	32
1989	37
1990	29
1991	42
1992	44
1993	32
1994	30
1995	26
1996	38
1997	34
1998	37
1999	34
2000	36
2001	22
2002	33
2003	33
2004	30
2005	39
2006	25
2007	24
2008	34
2009	34
2010	25
2011	20
2012	16
2013	29
2014	13
2015	38
2016	31
2017	28
2018	44
2019	27
2020	38
2021	23
2022	28
2023	26
2024	38
2025	34
2026	31
2027	32
2028	23
2029	32
2030	33
2031	14
2032	28
2033	34
2034	22
2035	26
2036	32
2037	18
2038	26
2039	17
2040	34
2041	26
2042	29
2043	33
2044	32
2045	29
2046	20
2047	29
2048	36
2049	30
2050	24
2051	30
2052	28
2053	41
2054	29
2055	24
2056	26
2057	25
2058	23
2059	28
2060	24
2061	23
2062	26
2063	25
2064	19
2065	20
2066	26
2067	23
2068	30
2069	31
2070	20
2071	21
2072	17
2073	22
2074	32
2075	34
2076	23
2077	34
2078	25
2079	29
2080	21
2081	22
2082	16
2083	21
2084	18
2085	21
2086	16
2087	28
2088	22
2089	16
2090	25
2091	31
2092	17
2093	29
2094	19
2095	27
2096	23
2097	18
2098	17
2099	26
2100	27
2101	22
2102	33
2103	27
2104	17
2105	21
2106	26
2107	27
2108	20
2109	16
2110	18
2111	26
2112	19
2113	26
2114	18
2115	24
2116	26
2117	34
2118	17
2119	25
2120	24
2121	20
2122	25
2123	22
2124	23
2125	20
2126	19
2127	32
2128	27
2129	14
2130	24
2131	24
2132	27
2133	22
2134	18
2135	24
2136	10
2137	21
2138	25
2139	27
2140	27
2141	21
2142	18
2143	18
2144	19
2145	20
2146	25
2147	22
2148	17
2149	22
2150	19
2151	23
2152	18
2153	26
2154	22
2155	23
2156	19
2157	25
2158	26
2159	25
2160	23
2161	29
2162	22
2163	17
2164	25
2165	19
2166	19
2167	16
2168	11
2169	21
2170	23
2171	25
2172	16
2173	23
2174	22
2175	16
2176	24
2177	24
2178	18
2179	23
2180	18
2181	16
2182	30
2183	19
2184	20
2185	18
2186	13
2187	21
2188	13
2189	19
2190	25
2191	19
2192	20
2193	22
2194	18
2195	22
2196	29
2197	22
2198	12
2199	19
2200	13
2201	17
2202	18
2203	23
2204	19
2205	25
2206	25
2207	22
2208	19
2209	21
2210	23
2211	16
2212	12
2213	16
2214	14
2215	20
2216	16
2217	14
2218	19
2219	14
2220	17
2221	27
2222	25
2223	24
2224	21
2225	19
2226	16
2227	16
2228	18
2229	23
2230	15
2231	25
2232	17
2233	20
2234	17
2235	15
2236	15
2237	16
2238	12
2239	24
2240	17
2241	13
2242	17
2243	16
2244	20
2245	22
2246	18
2247	22
2248	20
2249	17
2250	16
2251	18
2252	19
2253	13
2254	21
2255	12
2256	10
2257	19
2258	16
2259	23
2260	25
2261	22
2262	16
2263	24
2264	17
2265	17
2266	17
2267	16
2268	14
2269	14
2270	16
2271	24
2272	24
2273	12
2274	18
2275	17
2276	29
2277	22
2278	17
2279	19
2280	18
2281	24
2282	22
2283	21
2284	20
2285	13
2286	17
2287	16
2288	18
2289	21
2290	10
2291	16
2292	17
2293	21
2294	21
2295	16
2296	12
2297	14
2298	15
2299	13
2300	10
2301	15
2302	15
2303	13
2304	16
2305	13
2306	18
2307	21
2308	18
2309	20
2310	22
2311	16
2312	22
2313	13
2314	19
2315	13
2316	9
2317	8
2318	18
2319	14
2320	12
2321	24
2322	12
2323	21
2324	16
2325	20
2326	15
2327	10
2328	15
2329	13
2330	13
2331	13
2332	13
2333	11
2334	20
2335	11
2336	17
2337	17
2338	17
2339	8
2340	20
2341	21
2342	15
2343	13
2344	11
2345	10
2346	14
2347	23
2348	13
2349	9
2350	20
2351	13
2352	13
2353	15
2354	15
2355	15
2356	18
2357	14
2358	13
2359	12
2360	9
2361	18
2362	19
2363	11
2364	10
2365	14
2366	19
2367	20
2368	22
2369	18
2370	13
2371	17
2372	11
2373	11
2374	11
2375	15
2376	16
2377	20
2378	17
2379	18
2380	10
2381	19
2382	15
2383	15
2384	9
2385	14
2386	19
2387	17
2388	10
2389	13
2390	15
2391	16
2392	9
2393	13
2394	19
2395	16
2396	17
2397	9
2398	11
2399	6
2400	15
2401	16
2402	11
2403	15
2404	9
2405	7
2406	13
2407	14
2408	17
2409	15
2410	17
2411	13
2412	17
2413	12
2414	14
2415	16
2416	18
2417	12
2418	12
2419	18
2420	9
2421	19
2422	17
2423	9
2424	10
2425	14
2426	16
2427	11
2428	11
2429	11
2430	16
2431	9
2432	20
2433	14
2434	12
2435	18
2436	15
2437	15
2438	11
2439	13
2440	9
2441	13
2442	9
2443	10
2444	8
2445	10
2446	16
2447	14
2448	11
2449	15
2450	14
2451	12
2452	7
2453	13
2454	9
2455	15
2456	10
2457	18
2458	22
2459	7
2460	14
2461	16
2462	10
2463	10
2464	12
2465	17
2466	12
2467	10
2468	9
2469	15
2470	11
2471	14
2472	19
2473	14
2474	14
2475	11
2476	13
2477	20
2478	15
2479	11
2480	14
2481	15
2482	16
2483	11
2484	16
2485	12
2486	13
2487	14
2488	18
2489	14
2490	14
2491	12
2492	7
2493	13
2494	13
2495	11
2496	19
2497	13
2498	14
2499	10
2500	16
2501	10
2502	19
2503	9
2504	8
2505	8
2506	13
2507	18
2508	10
2509	15
2510	8
2511	10
2512	9
2513	9
2514	9
2515	20
2516	18
2517	9
2518	17
2519	9
2520	13
2521	13
2522	15
2523	16
2524	12
2525	19
2526	16
2527	21
2528	16
2529	14
2530	15
2531	6
2532	16
2533	7
2534	7
2535	8
2536	9
2537	14
2538	13
2539	15
2540	12
2541	12
2542	12
2543	14
2544	17
2545	9
2546	9
2547	15
2548	15
2549	14
2550	9
2551	13
2552	8
2553	10
2554	9
2555	16
2556	4
2557	9
2558	16
2559	13
2560	13
2561	12
2562	15
2563	15
2564	8
2565	18
2566	11
2567	11
2568	12
2569	10
2570	18
2571	11
2572	6
2573	14
2574	6
2575	9
2576	8
2577	14
2578	13
2579	13
2580	13
2581	9
2582	8
2583	13
2584	11
2585	13
2586	7
2587	13
2588	10
2589	10
2590	10
2591	13
2592	18
2593	12
2594	22
2595	11
2596	10
2597	11
2598	7
2599	15
2600	10
2601	15
2602	13
2603	9
2604	10
2605	7
2606	12
2607	12
2608	5
2609	13
2610	14
2611	13
2612	10
2613	9
2614	9
2615	7
2616	11
2617	10
2618	11
2619	13
2620	15
2621	6
2622	10
2623	12
2624	9
2625	12
2626	12
2627	11
2628	16
2629	11
2630	18
2631	11
2632	12
2633	11
2634	12
2635	8
2636	14
2637	15
2638	9
2639	15
2640	8
2641	9
2642	17
2643	15
2644	8
2645	9
2646	10
2647	17
2648	14
2649	13
2650	13
2651	8
2652	15
2653	10
2654	9
2655	11
2656	12
2657	13
2658	12
2659	8
2660	8
2661	11
2662	18
2663	15
2664	10
2665	8
2666	9
2667	10
2668	7
2669	8
2670	7
2671	9
2672	17
2673	8
2674	10
2675	12
2676	12
2677	16
2678	14
2679	10
2680	11
2681	15
2682	13
2683	11
2684	12
2685	10
2686	15
2687	12
2688	10
2689	5
2690	9
2691	12
2692	12
2693	5
2694	13
2695	10
2696	11
2697	8
2698	8
2699	12
2700	6
2701	10
2702	9
2703	7
2704	8
2705	13
2706	3
2707	10
2708	11
2709	11
2710	8
2711	17
2712	12
2713	11
2714	15
2715	6
2716	12
2717	9
2718	15
2719	12
2720	10
2721	9
2722	12
2723	6
2724	12
2725	10
2726	7
2727	13
2728	5
2729	7
2730	8
2731	7
2732	12
2733	13
2734	11
2735	11
2736	11
2737	6
2738	12
2739	8
2740	11
2741	11
2742	10
2743	12
2744	6
2745	15
2746	20
2747	8
2748	10
2749	4
2750	5
2751	4
2752	11
2753	9
2754	13
2755	10
2756	12
2757	11
2758	7
2759	13
2760	12
2761	10
2762	15
2763	8
2764	10
2765	7
2766	10
2767	5
2768	14
2769	5
2770	8
2771	6
2772	10
2773	13
2774	10
2775	11
2776	8
2777	5
2778	7
2779	16
2780	7
2781	6
2782	13
2783	12
2784	16
2785	10
2786	14
2787	10
2788	12
2789	7
2790	8
2791	10
2792	12
2793	8
2794	11
2795	14
2796	12
2797	11
2798	4
2799	7
2800	11
2801	12
2802	7
2803	6
2804	4
2805	11
2806	8
2807	7
2808	13
2809	12
2810	8
2811	7
2812	6
2813	9
2814	14
2815	11
2816	8
2817	14
2818	12
2819	14
2820	10
2821	6
2822	8
2823	10
2824	10
2825	7
2826	7
2827	11
2828	4
2829	7
2830	6
2831	7
2832	6
2833	12
2834	12
2835	11
2836	11
2837	4
2838	10
2839	10
2840	15
2841	12
2842	9
2843	3
2844	7
2845	16
2846	15
2847	15
2848	12
2849	9
2850	4
2851	9
2852	9
2853	9
2854	8
2855	9
2856	13
2857	12
2858	8
2859	3
2860	10
2861	10
2862	15
2863	8
2864	5
2865	12
2866	10
2867	7
2868	4
2869	7
2870	13
2871	8
2872	10
2873	9
2874	16
2875	13
2876	9
2877	10
2878	12
2879	11
2880	5
2881	6
2882	9
2883	11
2884	13
2885	6
2886	15
2887	15
2888	11
2889	11
2890	9
2891	7
2892	15
2893	6
2894	12
2895	5
2896	10
2897	9
2898	11
2899	10
2900	6
2901	9
2902	9
2903	13
2904	9
2905	18
2906	11
2907	10
2908	13
2909	6
2910	10
2911	17
2912	10
2913	16
2914	4
2915	10
2916	5
2917	11
2918	6
2919	10
2920	14
2921	7
2922	10
2923	13
2924	12
2925	7
2926	5
2927	12
2928	11
2929	13
2930	6
2931	5
2932	5
2933	10
2934	12
2935	12
2936	12
2937	11
2938	7
2939	7
2940	12
2941	11
2942	13
2943	9
2944	15
2945	10
2946	12
2947	12
2948	13
2949	8
2950	7
2951	7
2952	11
2953	6
2954	3
2955	12
2956	6
2957	11
2958	8
2959	10
2960	10
2961	13
2962	5
2963	14
2964	8
2965	10
2966	5
2967	12
2968	12
2969	10
2970	5
2971	12
2972	5
2973	10
2974	13
2975	7
2976	12
2977	7
2978	9
2979	4
2980	7
2981	7
2982	4
2983	11
2984	6
2985	4
2986	10
2987	6
2988	9
2989	12
2990	9
2991	11
2992	11
2993	12
2994	7
2995	10
2996	9
2997	5
2998	9
2999	11
3000	7
3001	9
3002	7
3003	6
3004	11
3005	8
3006	14
3007	9
3008	9
3009	11
3010	12
3011	8
3012	8
3013	16
3014	4
3015	12
3016	9
3017	7
3018	11
3019	11
3020	5
3021	9
3022	8
3023	6
3024	6
3025	7
3026	12
3027	8
3028	8
3029	10
3030	7
3031	10
3032	14
3033	7
3034	10
3035	14
3036	11
3037	12
3038	10
3039	11
3040	14
3041	18
3042	15
3043	11
3044	16
3045	13
3046	8
3047	8
3048	11
3049	12
3050	16
3051	8
3052	7
3053	9
3054	7
3055	8
3056	6
3057	5
3058	13
3059	9
3060	8
3061	11
3062	11
3063	14
3064	14
3065	8
3066	3
3067	7
3068	6
3069	9
3070	7
3071	5
3072	15
3073	7
3074	9
3075	8
3076	6
3077	16
3078	9
3079	8
3080	12
3081	12
3082	6
3083	8
3084	9
3085	12
3086	14
3087	8
3088	13
3089	12
3090	15
3091	6
3092	9
3093	9
3094	7
3095	9
3096	9
3097	12
3098	10
3099	11
3100	16
3101	12
3102	4
3103	11
3104	7
3105	8
3106	12
3107	11
3108	8
3109	13
3110	11
3111	6
3112	8
3113	5
3114	4
3115	10
3116	14
3117	6
3118	7
3119	9
3120	8
3121	11
3122	10
3123	11
3124	10
3125	12
3126	8
3127	19
3128	6
3129	13
3130	11
3131	9
3132	6
3133	10
3134	8
3135	11
3136	10
3137	13
3138	13
3139	12
3140	7
3141	16
3142	6
3143	8
3144	4
3145	6
3146	12
3147	9
3148	7
3149	6
3150	15
3151	7
3152	10
3153	13
3154	9
3155	8
3156	10
3157	13
3158	9
3159	13
3160	14
3161	12
3162	15
3163	5
3164	11
3165	9
3166	10
3167	10
3168	13
3169	12
3170	2
3171	8
3172	4
3173	6
3174	11
3175	9
3176	9
3177	14
3178	11
3179	14
3180	9
3181	10
3182	8
3183	10
3184	16
3185	12
3186	12
3187	9
3188	10
3189	6
3190	8
3191	7
3192	16
3193	13
3194	11
3195	14
3196	12
3197	17
3198	4
3199	9
3200	17
3201	7
3202	12
3203	9
3204	16
3205	12
3206	9
3207	7
3208	10
3209	9
3210	6
3211	12
3212	6
3213	14
3214	12
3215	7
3216	11
3217	12
3218	15
3219	15
3220	8
3221	8
3222	17
3223	11
3224	9
3225	14
3226	16
3227	2
3228	9
3229	10
3230	24
3231	11
3232	12
3233	5
3234	6
3235	12
3236	12
3237	9
3238	7
3239	12
3240	8
3241	10
3242	9
3243	11
3244	7
3245	16
3246	13
3247	19
3248	15
3249	15
3250	14
3251	12
3252	7
3253	16
3254	9
3255	16
3256	14
3257	13
3258	8
3259	11
3260	12
3261	11
3262	9
3263	11
3264	6
3265	14
3266	13
3267	17
3268	9
3269	9
3270	15
3271	8
3272	14
3273	14
3274	13
3275	9
3276	16
3277	15
3278	14
3279	13
3280	13
3281	12
3282	9
3283	11
3284	11
3285	12
3286	11
3287	11
3288	20
3289	15
3290	6
3291	19
3292	13
3293	14
3294	15
3295	14
3296	18
3297	14
3298	10
3299	11
3300	19
3301	15
3302	10
3303	18
3304	15
3305	15
3306	14
3307	22
3308	17
3309	13
3310	18
3311	20
3312	20
3313	10
3314	17
3315	14
3316	15
3317	11
3318	16
3319	11
3320	14
3321	11
3322	16
3323	15
3324	14
3325	9
3326	21
3327	13
3328	22
3329	16
3330	10
3331	21
3332	23
3333	15
3334	22
3335	18
3336	13
3337	23
3338	17
3339	15
3340	14
3341	14
3342	16
3343	6
3344	24
3345	15
3346	18
3347	10
3348	18
3349	12
3350	12
3351	12
3352	13
3353	17
3354	16
3355	18
3356	13
3357	19
3358	15
3359	18
3360	7
3361	14
3362	18
3363	13
3364	20
3365	20
3366	16
3367	14
3368	8
3369	19
3370	22
3371	15
3372	17
3373	13
3374	18
3375	22
3376	16
3377	16
3378	21
3379	20
3380	14
3381	16
3382	18
3383	16
3384	22
3385	19
3386	21
3387	15
3388	10
3389	13
3390	13
3391	17
3392	10
3393	12
3394	24
3395	21
3396	25
3397	14
3398	20
3399	19
3400	9
3401	14
3402	19
3403	30
3404	18
3405	20
3406	19
3407	11
3408	16
3409	16
3410	29
3411	23
3412	15
3413	19
3414	20
3415	15
3416	17
3417	19
3418	24
3419	21
3420	23
3421	21
3422	14
3423	17
3424	25
3425	16
3426	16
3427	23
3428	19
3429	24
3430	23
3431	27
3432	21
3433	8
3434	18
3435	18
3436	12
3437	18
3438	20
3439	20
3440	24
3441	19
3442	19
3443	24
3444	16
3445	15
3446	22
3447	15
3448	12
3449	22
3450	19
3451	19
3452	18
3453	15
3454	17
3455	19
3456	22
3457	22
3458	24
3459	16
3460	19
3461	27
3462	28
3463	25
3464	19
3465	16
3466	18
3467	22
3468	20
3469	20
3470	19
3471	18
3472	26
3473	27
3474	20
3475	22
3476	21
3477	27
3478	21
3479	18
3480	29
3481	23
3482	17
3483	29
3484	23
3485	25
3486	21
3487	14
3488	24
3489	25
3490	12
3491	12
3492	26
3493	29
3494	20
3495	21
3496	20
3497	22
3498	27
3499	22
3500	24
3501	22
3502	23
3503	20
3504	26
3505	36
3506	20
3507	24
3508	22
3509	17
3510	23
3511	23
3512	27
3513	32
3514	22
3515	21
3516	24
3517	29
3518	30
3519	13
3520	25
3521	14
3522	24
3523	22
3524	28
3525	19
3526	27
3527	28
3528	21
3529	14
3530	16
3531	15
3532	21
3533	27
3534	24
3535	21
3536	16
3537	21
3538	22
3539	31
3540	20
3541	25
3542	29
3543	26
3544	34
3545	22
3546	26
3547	31
3548	25
3549	22
3550	29
3551	27
3552	33
3553	20
3554	26
3555	22
3556	21
3557	25
3558	31
3559	22
3560	29
3561	28
3562	23
3563	31
3564	19
3565	17
3566	27
3567	25
3568	22
3569	23
3570	31
3571	17
3572	28
3573	28
3574	22
3575	30
3576	28
3577	34
3578	20
3579	27
3580	33
3581	28
3582	29
3583	24
3584	24
3585	23
3586	30
3587	30
3588	28
3589	28
3590	23
3591	22
3592	21
3593	28
3594	31
3595	22
3596	28
3597	23
3598	26
3599	32
3600	19
3601	29
3602	41
3603	34
3604	36
3605	32
3606	33
3607	28
3608	39
3609	29
3610	15
3611	22
3612	31
3613	33
3614	27
3615	32
3616	19
3617	30
3618	38
3619	36
3620	27
3621	24
3622	31
3623	26
3624	29
3625	22
3626	28
3627	21
3628	25
3629	32
3630	30
3631	31
3632	27
3633	35
3634	28
3635	34
3636	26
3637	35
3638	24
3639	23
3640	30
3641	26
3642	30
3643	26
3644	31
3645	31
3646	26
3647	33
3648	38
3649	37
3650	25
3651	25
3652	22
3653	27
3654	27
3655	22
3656	29
3657	21
3658	33
3659	30
3660	34
3661	31
3662	36
3663	32
3664	24
3665	30
3666	28
3667	23
3668	27
3669	30
3670	26
3671	30
3672	35
3673	32
3674	22
3675	19
3676	17
3677	30
3678	20
3679	25
3680	24
3681	24
3682	32
3683	25
3684	33
3685	36
3686	26
3687	24
3688	21
3689	21
3690	29
3691	21
3692	31
3693	22
3694	24
3695	26
3696	26
3697	36
3698	35
3699	22
3700	20
3701	23
3702	30
3703	22
3704	25
3705	30
3706	28
3707	39
3708	27
3709	21
3710	19
3711	30
3712	25
3713	27
3714	21
3715	23
3716	27
3717	28
3718	19
3719	25
3720	20
3721	23
3722	21
3723	27
3724	31
3725	39
3726	29
3727	21
3728	28
3729	21
3730	28
3731	28
3732	26
3733	32
3734	25
3735	34
3736	32
3737	25
3738	20
3739	32
3740	23
3741	24
3742	21
3743	24
3744	24
3745	28
3746	20
3747	18
3748	22
3749	22
3750	31
3751	28
3752	19
3753	29
3754	27
3755	33
3756	28
3757	28
3758	19
3759	25
3760	19
3761	20
3762	25
3763	27
3764	24
3765	20
3766	18
3767	26
3768	12
3769	26
3770	15
3771	34
3772	29
3773	32
3774	25
3775	28
3776	17
3777	23
3778	31
3779	20
3780	29
3781	28
3782	21
3783	21
3784	19
3785	29
3786	20
3787	24
3788	30
3789	27
3790	31
3791	16
3792	30
3793	17
3794	28
3795	27
3796	27
3797	27
3798	25
3799	26
3800	19
3801	17
3802	28
3803	20
3804	20
3805	28
3806	19
3807	26
3808	17
3809	30
3810	31
3811	26
3812	22
3813	24
3814	26
3815	16
3816	28
3817	22
3818	20
3819	24
3820	23
3821	20
3822	19
3823	17
3824	22
3825	26
3826	13
3827	28
3828	27
3829	22
3830	18
3831	14
3832	20
3833	24
3834	24
3835	13
3836	16
3837	22
3838	22
3839	14
3840	23
3841	23
3842	21
3843	26
3844	18
3845	21
3846	17
3847	26
3848	25
3849	19
3850	20
3851	18
3852	27
3853	21
3854	22
3855	22
3856	17
3857	22
3858	17
3859	23
3860	16
3861	19
3862	16
3863	24
3864	26
3865	26
3866	11
3867	22
3868	22
3869	21
3870	19
3871	20
3872	16
3873	21
3874	17
3875	17
3876	17
3877	21
3878	19
3879	16
3880	22
3881	27
3882	18
3883	34
3884	28
3885	20
3886	17
3887	18
3888	19
3889	18
3890	15
3891	15
3892	18
3893	17
3894	16
3895	15
3896	9
3897	22
3898	18
3899	15
3900	21
3901	22
3902	16
3903	18
3904	11
3905	19
3906	29
3907	20
3908	14
3909	16
3910	17
3911	13
3912	14
3913	17
3914	21
3915	23
3916	13
3917	13
3918	17
3919	14
3920	13
3921	16
3922	13
3923	16
3924	8
3925	14
3926	19
3927	16
3928	13
3929	15
3930	15
3931	17
3932	20
3933	18
3934	10
3935	18
3936	19
3937	9
3938	21
3939	19
3940	12
3941	12
3942	11
3943	14
3944	21
3945	10
3946	11
3947	10
3948	20
3949	10
3950	16
3951	17
3952	16
3953	14
3954	16
3955	15
3956	23
3957	15
3958	20
3959	14
3960	17
3961	16
3962	19
3963	16
3964	13
3965	12
3966	18
3967	16
3968	14
3969	11
3970	14
3971	13
3972	18
3973	16
3974	14
3975	19
3976	12
3977	17
3978	13
3979	17
3980	16
3981	11
3982	15
3983	21
3984	13
3985	15
3986	12
3987	12
3988	23
3989	14
3990	15
3991	11
3992	12
3993	13
3994	15
3995	14
3996	11
3997	19
3998	13
3999	16
4000	17
4001	11
4002	15
4003	10
4004	7
4005	17
4006	12
4007	13
4008	8
4009	13
4010	14
4011	13
4012	10
4013	14
4014	14
4015	15
4016	12
4017	13
4018	6
4019	8
4020	13
4021	14
4022	13
4023	16
4024	7
4025	11
4026	9
4027	8
4028	13
4029	9
4030	7
4031	16
4032	13
4033	13
4034	8
4035	7
4036	13
4037	12
4038	11
4039	12
4040	11
4041	8
4042	19
4043	11
4044	11
4045	13
4046	7
4047	11
4048	5
4049	10
4050	9
4051	8
4052	9
4053	9
4054	10
4055	10
4056	8
4057	16
4058	12
4059	10
4060	13
4061	7
4062	10
4063	10
4064	9
4065	8
4066	15
4067	14
4068	12
4069	12
4070	15
4071	8
4072	8
4073	13
4074	9
4075	8
4076	9
4077	9
4078	5
4079	11
4080	13
4081	16
4082	14
4083	10
4084	13
4085	12
4086	7
4087	14
4088	11
4089	8
4090	8
4091	9
4092	6
4093	12
4094	8
4095	5
4096	11
4097	8
4098	17
4099	5
4100	10
4101	9
4102	9
4103	7
4104	12
4105	11
4106	8
4107	8
4108	10
4109	11
4110	9
4111	9
4112	7
4113	7
4114	8
4115	10
4116	12
4117	16
4118	7
4119	10
4120	11
4121	10
4122	9
4123	10
4124	3
4125	4
4126	9
4127	3
4128	12
4129	14
4130	6
4131	11
4132	10
4133	10
4134	10
4135	17
4136	9
4137	8
4138	12
4139	8
4140	9
4141	5
4142	6
4143	3
4144	10
4145	9
4146	10
4147	9
4148	9
4149	10
4150	9
4151	12
4152	9
4153	11
4154	12
4155	11
4156	7
4157	8
4158	10
4159	13
4160	6
4161	14
4162	8
4163	11
4164	12
4165	4
4166	4
4167	7
4168	7
4169	7
4170	5
4171	10
4172	9
4173	9
4174	10
4175	16
4176	8
4177	9
4178	11
4179	2
4180	8
4181	10
4182	9
4183	9
4184	14
4185	10
4186	13
4187	4
4188	12
4189	7
4190	8
4191	8
4192	9
4193	12
4194	9
4195	12
4196	6
4197	8
4198	9
4199	3
4200	10
4201	9
4202	6
4203	8
4204	9
4205	13
4206	7
4207	9
4208	7
4209	5
4210	14
4211	7
4212	11
4213	9
4214	8
4215	8
4216	4
4217	2
4218	8
4219	10
4220	8
4221	9
4222	7
4223	4
4224	12
4225	12
4226	12
4227	2
4228	7
4229	6
4230	9
4231	11
4232	13
4233	8
4234	7
4235	12
4236	11
4237	8
4238	6
4239	11
4240	13
4241	6
4242	9
4243	11
4244	6
4245	12
4246	8
4247	5
4248	8
4249	9
4250	13
4251	11
4252	8
4253	9
4254	9
4255	7
4256	8
4257	10
4258	9
4259	13
4260	14
4261	8
4262	9
4263	6
4264	12
4265	4
4266	11
4267	9
4268	10
4269	7
4270	9
4271	11
4272	6
4273	11
4274	9
4275	11
4276	12
4277	10
4278	5
4279	17
4280	4
4281	6
4282	8
4283	15
4284	9
4285	8
4286	6
4287	5
4288	4
4289	8
4290	3
4291	16
4292	14
4293	4
4294	10
4295	5
4296	10
4297	7
4298	13
4299	13
4300	7
4301	9
4302	10
4303	9
4304	8
4305	8
4306	6
4307	11
4308	6
4309	15
4310	7
4311	10
4312	10
4313	7
4314	9
4315	9
4316	11
4317	4
4318	13
4319	8
4320	6
4321	1
4322	9
4323	7
4324	9
4325	12
4326	9
4327	6
4328	10
4329	10
4330	6
4331	8
4332	10
4333	8
4334	7
4335	2
4336	4
4337	8
4338	10
4339	9
4340	8
4341	3
4342	6
4343	8
4344	3
4345	13
4346	9
4347	5
4348	8
4349	4
4350	10
4351	5
4352	7
4353	7
4354	7
4355	9
4356	2
4357	7
4358	7
4359	8
4360	6
4361	7
4362	5
4363	11
4364	9
4365	9
4366	8
4367	12
4368	10
4369	7
4370	2
4371	7
4372	8
4373	7
4374	9
4375	5
4376	5
4377	7
4378	10
4379	10
4380	8
4381	8
4382	4
4383	5
4384	6
4385	9
4386	7
4387	12
4388	7
4389	7
4390	12
4391	7
4392	6
4393	9
4394	5
4395	4
4396	2
4397	10
4398	10
4399	5
4400	6
4401	7
4402	11
4403	8
4404	7
4405	9
4406	5
4407	5
4408	7
4409	11
4410	12
4411	3
4412	7
4413	7
4414	9
4415	7
4416	7
4417	11
4418	5
4419	6
4420	7
4421	5
4422	1
4423	7
4424	5
4425	6
4426	5
4427	6
4428	4
4429	2
4430	7
4431	8
4432	2
4433	8
4434	4
4435	9
4436	4
4437	8
4438	3
4439	4
4440	5
4441	9
4442	3
4443	11
4444	8
4445	7
4446	6
4447	2
4448	6
4449	5
4450	9
4451	5
4452	8
4453	6
4454	3
4455	4
4456	4
4457	6
4458	6
4459	11
4460	3
4461	10
4462	7
4463	5
4464	1
4465	2
4466	8
4467	8
4468	1
4469	7
4470	5
4471	5
4472	5
4473	5
4474	8
4475	8
4476	4
4477	4
4478	6
4479	4
4480	6
4481	3
4482	7
4483	5
4484	5
4485	5
4486	4
4487	3
4488	3
4489	4
4490	9
4491	9
4492	3
4493	4
4494	3
4495	3
4496	2
4497	5
4498	4
4499	9
4500	3
4501	6
4502	2
4503	2
4504	3
4505	5
4506	2
4507	7
4508	4
4509	8
4510	4
4511	3
4512	1
4513	5
4514	7
4515	4
4516	2
4517	6
4518	6
4519	3
4520	4
4521	5
4522	7
4523	5
4524	3
4525	1
4526	3
4527	4
4528	5
4529	2
4530	3
4531	3
4532	6
4533	3
4534	4
4535	4
4536	6
4537	6
4538	2
4539	3
4540	4
4541	7
4542	4
4543	3
4544	7
4545	3
4546	8
4547	4
4548	4
4549	5
4550	7
4551	3
4552	1
4553	5
4554	4
4555	5
4556	9
4557	0
4558	5
4559	6
4560	7
4561	2
4562	7
4563	4
4564	3
4565	6
4566	1
4567	4
4568	1
4569	5
4570	6
4571	4
4572	4
4573	3
4574	7
4575	1
4576	3
4577	5
4578	0
4579	5
4580	4
4581	3
4582	4
4583	6
4584	5
4585	3
4586	0
4587	3
4588	3
4589	4
4590	4
4591	3
4592	3
4593	1
4594	3
4595	4
4596	8
4597	4
4598	1
4599	2
4600	5
4601	2
4602	5
4603	4
4604	3
4605	4
4606	3
4607	2
4608	6
4609	3
4610	4
4611	1
4612	3
4613	3
4614	2
4615	3
4616	5
4617	4
4618	1
4619	3
4620	3
4621	2
4622	5
4623	0
4624	2
4625	6
4626	3
4627	1
4628	4
4629	2
4630	2
4631	1
4632	3
4633	0
4634	5
4635	3
4636	4
4637	4
4638	1
4639	4
4640	4
4641	4
4642	2
4643	2
4644	5
4645	2
4646	1
4647	1
4648	3
4649	4
4650	3
4651	0
4652	2
4653	2
4654	5
4655	2
4656	4
4657	1
4658	5
4659	3
4660	4
4661	0
4662	4
4663	2
4664	2
4665	4
4666	3
4667	3
4668	3
4669	1
4670	3
4671	1
4672	2
4673	3
4674	1
4675	3
4676	2
4677	5
4678	0
4679	1
4680	2
4681	3
4682	4
4683	3
4684	1
4685	2
4686	1
4687	5
4688	2
4689	1
4690	5
4691	2
4692	2
4693	0
4694	0
4695	3
4696	1
4697	0
4698	0
4699	1
4700	3
4701	1
4702	1
4703	4
4704	1
4705	4
4706	0
4707	1
4708	4
4709	2
4710	3
4711	2
4712	1
4713	0
4714	1
4715	0
4716	7
4717	4
4718	1
4719	0
4720	2
4721	3
4722	3
4723	1
4724	0
4725	3
4726	5
4727	0
4728	0
4729	2
4730	2
4731	1
4732	0
4733	3
4734	2
4735	0
4736	4
4737	3
4738	5
4739	1
4740	0
4741	4
4742	4
4743	3
4744	4
4745	1
4746	1
4747	1
4748	1
4749	4
4750	1
4751	2
4752	3
4753	3
4754	3
4755	1
4756	2
4757	3
4758	3
4759	1
4760	6
4761	0
4762	1
4763	3
4764	1
4765	3
4766	1
4767	1
4768	3
4769	0
4770	3
4771	1
4772	4
4773	1
4774	0
4775	0
4776	0
4777	1
4778	3
4779	1
4780	3
4781	3
4782	1
4783	0
4784	1
4785	0
4786	2
4787	0
4788	2
4789	3
4790	1
4791	0
4792	2
4793	1
4794	2
4795	1
4796	4
4797	2
4798	1
4799	1
4800	0
4801	2
4802	1
4803	1
4804	1
4805	2
4806	1
4807	8
4808	2
4809	1
4810	2
4811	1
4812	0
4813	2
4814	2
4815	4
4816	3
4817	3
4818	1
4819	1
4820	2
4821	0
4822	6
4823	0
4824	1
4825	2
4826	0
4827	1
4828	2
4829	0
4830	2
4831	1
4832	5
4833	3
4834	0
4835	2
4836	0
4837	1
4838	0
4839	2
4840	1
4841	1
4842	2
4843	0
4844	3
4845	0
4846	2
4847	2
4848	2
4849	0
4850	1
4851	2
4852	1
4853	2
4854	1
4855	3
4856	1
4857	2
4858	2
4859	0
4860	0
4861	1
4862	4
4863	2
4864	3
4865	2
4866	1
4867	3
4868	2
4869	1
4870	2
4871	0
4872	0
4873	0
4874	3
4875	2
4876	1
4877	1
4878	2
4879	1
4880	1
4881	0
4882	0
4883	3
4884	2
4885	1
4886	2
4887	1
4888	2
4889	1
4890	0
4891	2
4892	1
4893	1
4894	2
4895	1
4896	3
4897	1
4898	1
4899	3
4900	1
4901	1
4902	0
4903	1
4904	2
4905	4
4906	0
4907	1
4908	1
4909	0
4910	0
4911	1
4912	1
4913	2
4914	0
4915	0
4916	0
4917	2
4918	4
4919	2
4920	2
4921	1
4922	2
4923	1
4924	0
4925	0
4926	1
4927	1
4928	1
4929	4
4930	0
4931	0
4932	0
4933	1
4934	2
4935	0
4936	3
4937	3
4938	2
4939	3
4940	2
4941	2
4942	0
4943	1
4944	2
4945	0
4946	0
4947	1
4948	2
4949	0
4950	1
4951	0
4952	0
4953	0
4954	2
4955	3
4956	3
4957	1
4958	1
4959	1
4960	1
4961	0
4962	2
4963	0
4964	0
4965	0
4966	2
4967	1
4968	1
4969	1
4970	0
4971	1
4972	2
4973	0
4974	0
4975	0
4976	1
4977	2
4978	0
4979	1
4980	2
4981	0
4982	3
4983	0
4984	2
4985	0
4986	1
4987	0
4988	0
4989	1
4990	1
4991	1
4992	2
4993	0
4994	0
4995	2
4996	1
4997	3
4998	0
4999	0
5000	0
5001	1
5002	2
5003	1
5004	1
5005	1
5006	0
5007	1
5008	0
5009	1
5010	0
5011	1
5012	0
5013	1
5014	1
5015	1
5016	0
5017	0
5018	2
5019	1
5020	0
5021	0
5022	0
5023	0
5024	0
5025	1
5026	1
5027	2
5028	1
5029	1
5030	0
5031	1
5032	2
5033	0
5034	1
5035	0
5036	2
5037	0
5038	0
5039	0
5040	2
5041	0
5042	0
5043	0
5044	1
5045	0
5046	1
5047	1
5048	1
5049	1
5050	1
5051	0
5052	1
5053	1
5054	1
5055	2
5056	0
5057	0
5058	2
5059	1
5060	1
5061	0
5062	0
5063	0
5064	1
5065	0
5066	1
5067	1
5068	1
5069	0
5070	1
5071	0
5072	0
5073	0
5074	1
5075	0
5076	0
5077	0
5078	0
5079	1
5080	1
5081	1
5082	0
5083	0
5084	1
5085	2
5086	0
5087	1
5088	0
5089	0
5090	0
5091	0
5092	0
5093	0
5094	0
5095	0
5096	0
5097	1
5098	2
5099	0
5100	0
5101	2
5102	0
5103	1
5104	0
5105	0
5106	0
5107	0
5108	1
5109	2
5110	1
5111	1
5112	0
5113	0
5114	2
5115	0
5116	2
5117	0
5118	0
5119	0
5120	0
5121	2
5122	0
5123	2
5124	0
5125	1
5126	1
5127	0
5128	0
5129	0
5130	0
5131	0
5132	0
5133	1
5134	0
5135	0
5136	0
5137	1
5138	1
5139	1
5140	0
5141	0
5142	0
5143	0
5144	1
5145	0
5146	0
5147	1
5148	1
5149	0
5150	1
5151	0
5152	1
5153	2
5154	0
5155	1
5156	1
5157	0
5158	1
5159	1
5160	1
5161	0
5162	0
5163	0
5164	0
5165	0
5166	1
5167	1
5168	0
5169	2
5170	1
5171	0
5172	1
5173	0
5174	0
5175	0
5176	1
5177	0
5178	0
5179	0
5180	0
5181	0
5182	2
5183	0
5184	0
5185	1
5186	0
5187	1
5188	0
5189	0
5190	1
5191	0
5192	1
5193	0
5194	0
5195	2
5196	0
5197	0
5198	0
5199	1
5200	0
5201	0
5202	1
5203	0
5204	0
5205	0
5206	1
5207	0
5208	0
5209	2
5210	1
5211	1
5212	0
5213	0
5214	0
5215	0
5216	1
5217	0
5218	0
5219	0
5220	1
5221	1
5222	0
5223	0
5224	1
5225	3
5226	2
5227	0
5228	2
5229	2
5230	1
5231	2
5232	1
5233	1
5234	0
5235	1
5236	0
5237	1
5238	0
5239	1
5240	0
5241	2
5242	2
5243	1
5244	1
5245	1
5246	0
5247	0
5248	0
5249	0
5250	1
5251	0
5252	2
5253	3
5254	0
5255	0
5256	1
5257	0
5258	1
5259	0
5260	0
5261	1
5262	0
5263	0
5264	0
5265	1
5266	1
5267	1
5268	1
5269	0
5270	0
5271	2
5272	0
5273	0
5274	0
5275	0
5276	1
5277	0
5278	1
5279	0
5280	0
5281	0
5282	0
5283	1
5284	1
5285	0
5286	1
5287	0
5288	0
5289	1
5290	1
5291	4
5292	2
5293	0
5294	0
5295	1
5296	0
5297	1
5298	2
5299	1
5300	1
5301	0
5302	0
5303	3
5304	1
5305	1
5306	0
5307	0
5308	0
5309	1
5310	0
5311	2
5312	0
5313	0
5314	0
5315	1
5316	2
5317	3
5318	0
5319	0
5320	0
5321	0
5322	0
5323	1
5324	0
5325	0
5326	0
5327	2
5328	1
5329	0
5330	1
5331	0
5332	0
5333	0
5334	2
5335	1
5336	0
5337	1
5338	0
5339	0
5340	1
5341	0
5342	1
5343	1
5344	0
5345	1
5346	0
5347	0
5348	1
5349	0
5350	0
5351	0
5352	0
5353	0
5354	0
5355	0
5356	0
5357	1
5358	0
5359	0
5360	1
5361	0
5362	0
5363	0
5364	0
5365	0
5366	0
5367	0
5368	0
5369	3
5370	1
5371	1
5372	0
5373	3
5374	0
5375	0
5376	0
5377	0
5378	0
5379	0
5380	0
5381	0
5382	0
5383	0
5384	3
5385	0
5386	1
5387	1
5388	0
5389	1
5390	2
5391	2
5392	0
5393	1
5394	3
5395	0
5396	1
5397	2
5398	2
5399	0
5400	0
5401	1
5402	0
5403	0
5404	0
5405	0
5406	1
5407	2
5408	1
5409	0
5410	1
5411	0
5412	0
5413	2
5414	0
5415	2
5416	1
5417	0
5418	0
5419	0
5420	0
5421	1
5422	1
5423	2
5424	1
5425	1
5426	0
5427	1
5428	0
5429	1
5430	1
5431	0
5432	1
5433	1
5434	0
5435	0
5436	0
5437	1
5438	0
5439	1
5440	1
5441	0
5442	1
5443	1
5444	1
5445	1
5446	0
5447	0
5448	1
5449	0
5450	0
5451	0
5452	0
5453	0
5454	0
5455	0
5456	1
5457	2
5458	0
5459	1
5460	0
5461	1
5462	1
5463	0
5464	0
5465	0
5466	0
5467	1
5468	0
5469	2
5470	1
5471	0
5472	0
5473	1
5474	0
5475	0
5476	0
5477	0
5478	0
5479	1
5480	1
5481	1
5482	1
5483	1
5484	1
5485	2
5486	0
5487	0
5488	1
5489	1
5490	0
5491	0
5492	1
5493	1
5494	0
5495	0
5496	0
5497	0
5498	0
5499	0
5500	2
5501	0
5502	0
5503	0
5504	0
5505	0
5506	1
5507	0
5508	0
5509	0
5510	0
5511	0
5512	0
5513	0
5514	0
5515	0
5516	1
5517	0
5518	1
5519	0
5520	1
5521	0
5522	0
5523	0
5524	0
5525	1
5526	0
5527	1
5528	1
5529	0
5530	0
5531	0
5532	1
5533	0
5534	0
5535	2
5536	2
5537	1
5538	2
5539	0
5540	0
5541	0
5542	0
5543	0
5544	1
5545	0
5546	0
5547	0
5548	2
5549	2
5550	0
5551	0
5552	2
5553	0
5554	0
5555	0
5556	0
5557	0
5558	0
5559	1
5560	0
5561	0
5562	0
5563	0
5564	2
5565	0
5566	0
5567	0
5568	0
5569	0
5570	0
5571	0
5572	0
5573	0
5574	0
5575	1
5576	0
5577	0
5578	2
5579	0
5580	1
5581	1
5582	0
5583	0
5584	1
5585	0
5586	0
5587	0
5588	1
5589	1
5590	0
5591	0
5592	1
5593	1
5594	2
5595	2
5596	1
5597	0
5598	0
5599	0
5600	0
5601	2
5602	3
5603	2
5604	0
5605	3
5606	1
5607	0
5608	0
5609	2
5610	0
5611	1
5612	0
5613	0
5614	1
5615	0
5616	1
5617	1
5618	1
5619	0
5620	0
5621	1
5622	0
5623	0
5624	0
5625	1
5626	1
5627	0
5628	0
5629	0
5630	2
5631	2
5632	1
5633	2
5634	2
5635	0
5636	1
5637	0
5638	1
5639	1
5640	0
5641	1
5642	0
5643	1
5644	0
5645	1
5646	0
5647	0
5648	1
5649	3
5650	0
5651	0
5652	0
5653	1
5654	0
5655	0
5656	0
5657	0
5658	1
5659	1
5660	0
5661	0
5662	2
5663	0
5664	0
5665	0
5666	1
5667	0
5668	0
5669	1
5670	0
5671	0
5672	0
5673	0
5674	1
5675	0
5676	0
5677	1
5678	0
5679	0
5680	1
5681	1
5682	0
5683	1
5684	0
5685	0
5686	1
5687	0
5688	1
5689	0
5690	0
5691	0
5692	0
5693	0
5694	0
5695	1
5696	1
5697	0
5698	1
5699	0
5700	1
5701	1
5702	0
5703	1
5704	0
5705	1
5706	0
5707	1
5708	1
5709	1
5710	0
5711	0
5712	0
5713	1
5714	0
5715	1
5716	0
5717	1
5718	1
5719	0
5720	1
5721	0
5722	0
5723	0
5724	1
5725	0
5726	0
5727	2
5728	0
5729	0
5730	1
5731	0
5732	0
5733	2
5734	0
5735	1
5736	1
5737	0
5738	0
5739	0
5740	0
5741	0
5742	0
5743	0
5744	0
5745	0
5746	1
5747	1
5748	1
5749	0
5750	0
5751	0
5752	0
5753	0
5754	0
5755	0
5756	0
5757	0
5758	0
5759	1
5760	1
5761	0
5762	1
5763	1
5764	1
5765	1
5766	0
5767	0
5768	2
5769	0
5770	0
5771	2
5772	1
5773	0
5774	0
5775	0
5776	1
5777	2
5778	0
5779	0
5780	0
5781	0
5782	0
5783	1
5784	0
5785	0
5786	0
5787	1
5788	1
5789	0
5790	0
5791	0
5792	0
5793	0
5794	1
5795	0
5796	0
5797	1
5798	1
5799	0
5800	1
5801	1
5802	0
5803	0
5804	0
5805	3
5806	1
5807	0
5808	0
5809	0
5810	0
5811	0
5812	0
5813	1
5814	0
5815	0
5816	1
5817	0
5818	0
5819	2
5820	0
5821	0
5822	0
5823	0
5824	1
5825	0
5826	0
5827	0
5828	1
5829	1
5830	1
5831	0
5832	0
5833	0
5834	0
5835	0
5836	0
5837	1
5838	1
5839	0
5840	0
5841	1
5842	0
5843	0
5844	1
5845	0
5846	0
5847	2
5848	0
5849	0
5850	0
5851	0
5852	0
5853	0
5854	0
5855	1
5856	0
5857	0
5858	1
5859	2
5860	0
5861	2
5862	0
5863	0
5864	0
5865	0
5866	0
5867	1
5868	0
5869	0
5870	0
5871	2
5872	1
5873	0
5874	2
5875	0
5876	0
5877	0
5878	1
5879	0
5880	1
5881	0
5882	0
5883	1
5884	0
5885	1
5886	0
5887	2
5888	0
5889	0
5890	1
5891	0
5892	0
5893	0
5894	2
5895	1
5896	1
5897	1
5898	0
5899	0
5900	1
5901	0
5902	0
5903	0
5904	1
5905	0
5906	0
5907	0
5908	1
5909	0
5910	1
5911	0
5912	1
5913	1
5914	2
5915	0
5916	1
5917	1
5918	1
5919	0
5920	2
5921	1
5922	0
5923	0
5924	1
5925	0
5926	0
5927	0
5928	1
5929	1
5930	0
5931	0
5932	0
5933	0
5934	1
5935	0
5936	0
5937	2
5938	0
5939	0
5940	0
5941	0
5942	0
5943	3
5944	0
5945	1
5946	0
5947	0
5948	0
5949	0
5950	0
5951	0
5952	1
5953	0
5954	0
5955	0
5956	1
5957	1
5958	1
5959	0
5960	0
5961	1
5962	1
5963	0
5964	0
5965	0
5966	0
5967	1
5968	1
5969	0
5970	1
5971	0
5972	0
5973	1
5974	0
5975	2
5976	1
5977	0
5978	1
5979	1
5980	0
5981	0
5982	1
5983	0
5984	1
5985	0
5986	0
5987	1
5988	0
5989	1
5990	0
5991	1
5992	0
5993	0
5994	1
5995	0
5996	1
5997	0
5998	0
5999	0
6000	1
6001	0
6002	0
6003	1
6004	0
6005	0
6006	1
6007	0
6008	1
6009	0
6010	1
6011	1
6012	0
6013	1
6014	0
6015	0
6016	0
6017	1
6018	0
6019	0
6020	0
6021	3
6022	1
6023	0
6024	1
6025	0
6026	1
6027	1
6028	0
6029	0
6030	1
6031	0
6032	0
6033	0
6034	1
6035	1
6036	0
6037	2
6038	0
6039	0
6040	0
6041	0
6042	1
6043	1
6044	0
6045	0
6046	0
6047	0
6048	0
6049	0
6050	0
6051	1
6052	1
6053	0
6054	0
6055	0
6056	1
6057	0
6058	1
6059	1
6060	1
6061	0
6062	0
6063	1
6064	0
6065	1
6066	0
6067	3
6068	0
6069	0
6070	0
6071	0
6072	0
6073	0
6074	0
6075	1
6076	1
6077	0
6078	0
6079	0
6080	1
6081	0
6082	1
6083	1
6084	2
6085	0
6086	1
6087	1
6088	1
6089	1
6090	1
6091	0
6092	0
6093	1
6094	1
6095	0
6096	1
6097	1
6098	1
6099	1
6100	0
6101	4
6102	1
6103	1
6104	0
6105	2
6106	0
6107	1
6108	0
6109	0
6110	0
6111	0
6112	0
6113	0
6114	0
6115	0
6116	1
6117	1
6118	0
6119	1
6120	0
6121	1
6122	0
6123	0
6124	0
6125	0
6126	0
6127	0
6128	1
6129	0
6130	1
6131	2
6132	0
6133	0
6134	1
6135	0
6136	0
6137	0
6138	1
6139	0
6140	0
6141	1
6142	1
6143	1
6144	1
6145	0
6146	1
6147	0
6148	0
6149	1
6150	0
6151	0
6152	2
6153	0
6154	0
6155	0
6156	0
6157	0
6158	0
6159	2
6160	0
6161	1
6162	1
6163	0
6164	1
6165	0
6166	1
6167	1
6168	1
6169	0
6170	0
6171	0
6172	1
6173	0
6174	1
6175	0
6176	1
6177	0
6178	1
6179	0
6180	0
6181	0
6182	0
6183	0
6184	1
6185	0
6186	1
6187	0
6188	0
6189	0
6190	0
6191	0
6192	0
6193	0
6194	0
6195	0
6196	2
6197	1
6198	0
6199	0
6200	1
6201	0
6202	1
6203	0
6204	0
6205	0
6206	1
6207	2
6208	1
6209	0
6210	1
6211	0
6212	0
6213	0
6214	0
6215	0
6216	1
6217	1
6218	0
6219	0
6220	0
6221	0
6222	1
6223	0
6224	0
6225	0
6226	0
6227	2
6228	1
6229	0
6230	0
6231	0
6232	2
6233	0
6234	0
6235	0
6236	0
6237	1
6238	0
6239	1
6240	0
6241	0
6242	2
6243	0
6244	0
6245	0
6246	0
6247	0
6248	0
6249	0
6250	0
6251	2
6252	0
6253	1
6254	1
6255	2
6256	1
6257	0
6258	1
6259	2
6260	0
6261	0
6262	1
6263	1
6264	0
6265	0
6266	0
6267	1
6268	0
6269	2
6270	0
6271	2
6272	2
6273	1
6274	0
6275	2
6276	1
6277	0
6278	0
6279	0
6280	0
6281	0
6282	0
6283	0
6284	3
6285	2
6286	1
6287	3
6288	0
6289	0
6290	0
6291	0
6292	0
6293	0
6294	1
6295	2
6296	1
6297	0
6298	0
6299	1
6300	2
6301	0
6302	0
6303	2
6304	0
6305	0
6306	0
6307	1
6308	4
6309	0
6310	1
6311	0
6312	1
6313	1
6314	0
6315	1
6316	0
6317	0
6318	0
6319	0
6320	0
6321	0
6322	1
6323	1
6324	0
6325	0
6326	0
6327	0
6328	1
6329	0
6330	0
6331	0
6332	0
6333	0
6334	0
6335	1
6336	1
6337	2
6338	0
6339	0
6340	0
6341	0
6342	0
6343	0
6344	0
6345	0
6346	0
6347	0
6348	0
6349	1
6350	1
6351	1
6352	0
6353	1
6354	0
6355	2
6356	2
6357	1
6358	0
6359	1
6360	0
6361	1
6362	0
6363	0
6364	0
6365	0
6366	1
6367	1
6368	0
6369	0
6370	0
6371	1
6372	0
6373	1
6374	1
6375	1
6376	2
6377	1
6378	0
6379	2
6380	1
6381	1
6382	1
6383	0
6384	0
6385	0
6386	0
6387	0
6388	0
6389	1
6390	0
6391	0
6392	2
6393	0
6394	0
6395	0
6396	0
6397	0
6398	1
6399	0
6400	2
6401	0
6402	1
6403	0
6404	2
6405	0
6406	0
6407	0
6408	1
6409	0
6410	0
6411	0
6412	1
6413	0
6414	2
6415	0
6416	1
6417	0
6418	0
6419	1
6420	0
6421	0
6422	0
6423	1
6424	0
6425	3
6426	0
6427	0
6428	0
6429	1
6430	1
6431	1
6432	2
6433	0
6434	1
6435	1
6436	0
6437	1
6438	2
6439	0
6440	0
6441	1
6442	0
6443	1
6444	1
6445	0
6446	1
6447	0
6448	0
6449	0
6450	2
6451	0
6452	0
6453	0
6454	0
6455	0
6456	1
6457	0
6458	0
6459	0
6460	1
6461	0
6462	1
6463	0
6464	1
6465	1
6466	0
6467	0
6468	0
6469	2
6470	2
6471	0
6472	0
6473	0
6474	2
6475	1
6476	2
6477	2
6478	0
6479	1
6480	0
6481	0
6482	2
6483	0
6484	1
6485	0
6486	1
6487	2
6488	2
6489	1
6490	0
6491	0
6492	0
6493	1
6494	1
6495	2
6496	0
6497	1
6498	0
6499	0
6500	0
6501	2
6502	0
6503	1
6504	1
6505	0
6506	0
6507	0
6508	0
6509	0
6510	2
6511	0
6512	0
6513	1
6514	0
6515	0
6516	1
6517	2
6518	2
6519	1
6520	2
6521	0
6522	1
6523	0
6524	0
6525	1
6526	0
6527	0
6528	1
6529	1
6530	0
6531	0
6532	0
6533	0
6534	1
6535	1
6536	1
6537	0
6538	0
6539	0
6540	1
6541	0
6542	0
6543	0
6544	0
6545	0
6546	0
6547	1
6548	1
6549	0
6550	0
6551	0
6552	0
6553	1
6554	1
6555	0
6556	0
6557	0
6558	0
6559	2
6560	0
6561	1
6562	0
6563	0
6564	0
6565	0
6566	0
6567	2
6568	1
6569	0
6570	0
6571	1
6572	1
6573	1
6574	2
6575	0
6576	1
6577	0
6578	0
6579	0
6580	1
6581	0
6582	0
6583	0
6584	0
6585	0
6586	1
6587	0
6588	1
6589	1
6590	1
6591	0
6592	2
6593	1
6594	0
6595	0
6596	0
6597	1
6598	0
6599	0
6600	1
6601	2
6602	0
6603	2
6604	0
6605	1
6606	1
6607	0
6608	0
6609	0
6610	0
6611	0
6612	1
6613	0
6614	0
6615	0
6616	2
6617	0
6618	0
6619	1
6620	0
6621	0
6622	1
6623	0
6624	0
6625	0
6626	0
6627	1
6628	2
6629	0
6630	0
6631	1
6632	0
6633	0
6634	0
6635	0
6636	0
6637	1
6638	2
6639	0
6640	0
6641	1
6642	0
6643	1
6644	0
6645	1
6646	1
6647	1
6648	0
6649	1
6650	1
6651	0
6652	0
6653	0
6654	1
6655	2
6656	3
6657	1
6658	1
6659	0
6660	0
6661	0
6662	1
6663	1
6664	1
6665	0
6666	1
6667	0
6668	0
6669	0
6670	0
6671	0
6672	0
6673	0
6674	0
6675	0
6676	1
6677	1
6678	1
6679	2
6680	0
6681	1
6682	0
6683	0
6684	1
6685	0
6686	1
6687	1
6688	0
6689	2
6690	0
6691	0
6692	1
6693	1
6694	0
6695	0
6696	0
6697	1
6698	1
6699	0
6700	2
6701	1
6702	0
6703	0
6704	0
6705	0
6706	0
6707	0
6708	1
6709	0
6710	0
6711	1
6712	1
6713	0
6714	1
6715	0
6716	0
6717	0
6718	1
6719	0
6720	1
6721	1
6722	0
6723	0
6724	1
6725	1
6726	0
6727	0
6728	1
6729	1
6730	0
6731	0
6732	0
6733	1
6734	0
6735	0
6736	0
6737	0
6738	0
6739	0
6740	0
6741	1
6742	0
6743	0
6744	1
6745	1
6746	2
6747	0
6748	0
6749	0
6750	0
6751	0
6752	0
6753	0
6754	1
6755	1
6756	0
6757	1
6758	0
6759	0
6760	1
6761	0
6762	1
6763	1
6764	0
6765	0
6766	0
6767	0
6768	0
6769	0
6770	0
6771	0
6772	0
6773	1
6774	0
6775	0
6776	0
6777	2
6778	0
6779	0
6780	0
6781	0
6782	1
6783	0
6784	0
6785	1
6786	0
6787	0
6788	1
6789	0
6790	0
6791	0
6792	0
6793	1
6794	0
6795	1
6796	0
6797	0
6798	0
6799	0
6800	1
6801	0
6802	1
6803	1
6804	1
6805	0
6806	0
6807	0
6808	0
6809	2
6810	2
6811	0
6812	0
6813	0
6814	1
6815	1
6816	0
6817	0
6818	0
6819	1
6820	1
6821	2
6822	2
6823	0
6824	0
6825	1
6826	1
6827	3
6828	0
6829	1
6830	0
6831	0
6832	1
6833	0
6834	1
6835	0
6836	0
6837	0
6838	1
6839	1
6840	0
6841	0
6842	1
6843	3
6844	1
6845	1
6846	0
6847	0
6848	0
6849	1
6850	0
6851	0
6852	0
6853	1
6854	1
6855	1
6856	0
6857	0
6858	0
6859	1
6860	1
6861	0
6862	1
6863	0
6864	1
6865	0
6866	0
6867	0
6868	1
6869	1
6870	1
6871	1
6872	0
6873	1
6874	1
6875	1
6876	0
6877	1
6878	0
6879	1
6880	0
6881	1
6882	0
6883	0
6884	0
6885	0
6886	1
6887	0
6888	0
6889	0
6890	0
6891	0
6892	0
6893	0
6894	0
6895	0
6896	0
6897	1
6898	1
6899	1
6900	0
6901	0
6902	1
6903	0
6904	0
6905	1
6906	0
6907	0
6908	1
6909	0
6910	1
6911	3
6912	0
6913	0
6914	0
6915	0
6916	0
6917	0
6918	0
6919	0
6920	0
6921	0
6922	2
6923	1
6924	0
6925	0
6926	0
6927	1
6928	0
6929	0
6930	1
6931	1
6932	0
6933	0
6934	1
6935	0
6936	1
6937	0
6938	1
6939	0
6940	3
6941	0
6942	2
6943	0
6944	1
6945	1
6946	0
6947	0
6948	2
6949	0
6950	0
6951	0
6952	1
6953	0
6954	0
6955	1
6956	1
6957	0
6958	0
6959	0
6960	0
6961	1
6962	1
6963	0
6964	1
6965	0
6966	1
6967	1
6968	0
6969	0
6970	0
6971	1
6972	1
6973	0
6974	1
6975	0
6976	0
6977	0
6978	0
6979	0
6980	1
6981	1
6982	0
6983	0
6984	0
6985	0
6986	1
6987	1
6988	1
6989	0
6990	0
6991	1
6992	1
6993	0
6994	0
6995	1
6996	0
6997	0
6998	0
6999	1
7000	0
7001	1
7002	0
7003	0
7004	0
7005	1
7006	0
7007	0
7008	0
7009	0
7010	1
7011	1
7012	0
7013	0
7014	0
7015	0
7016	0
7017	0
7018	0
7019	1
7020	0
7021	1
7022	0
7023	0
7024	1
7025	0
7026	0
7027	0
7028	0
7029	0
7030	1
7031	0
7032	0
7033	0
7034	0
7035	1
7036	0
7037	0
7038	1
7039	1
7040	0
7041	0
7042	0
7043	1
7044	0
7045	0
7046	1
7047	1
7048	0
7049	0
7050	1
7051	1
7052	0
7053	0
7054	0
7055	1
7056	0
7057	0
7058	1
7059	0
7060	0
7061	1
7062	0
7063	0
7064	0
7065	0
7066	0
7067	0
7068	0
7069	0
7070	2
7071	0
7072	1
7073	0
7074	0
7075	0
7076	1
7077	0
7078	1
7079	0
7080	1
7081	0
7082	0
7083	0
7084	2
7085	0
7086	0
7087	1
7088	0
7089	0
7090	1
7091	0
7092	0
7093	0
7094	0
7095	0
7096	0
7097	0
7098	0
7099	0
7100	0
7101	1
7102	4
7103	1
7104	0
7105	0
7106	0
7107	0
7108	1
7109	0
7110	0
7111	0
7112	1
7113	0
7114	0
7115	1
7116	2
7117	1
7118	0
7119	0
7120	1
7121	0
7122	1
7123	0
7124	0
7125	0
7126	1
7127	0
7128	0
7129	1
7130	0
7131	0
7132	0
7133	2
7134	0
7135	1
7136	0
7137	1
7138	1
7139	1
7140	0
7141	1
7142	1
7143	0
7144	0
7145	1
7146	0
7147	1
7148	1
7149	0
7150	0
7151	1
7152	0
7153	0
7154	1
7155	0
7156	1
7157	2
7158	0
7159	0
7160	0
7161	0
7162	1
7163	0
7164	0
7165	1
7166	0
7167	0
7168	0
7169	0
7170	0
7171	1
7172	0
7173	0
7174	0
7175	0
7176	0
7177	0
7178	1
7179	0
7180	0
7181	0
7182	0
7183	0
7184	0
7185	0
7186	0
7187	0
7188	0
7189	0
7190	0
7191	0
7192	0
7193	0
7194	1
7195	1
7196	0
7197	1
7198	0
7199	1
7200	0
7201	0
7202	0
7203	1
7204	0
7205	0
7206	0
7207	0
7208	0
7209	0
7210	0
7211	0
7212	0
7213	0
7214	0
7215	2
7216	0
7217	0
7218	0
7219	0
7220	1
7221	0
7222	0
7223	0
7224	0
7225	0
7226	0
7227	0
7228	0
7229	0
7230	0
7231	0
7232	1
7233	1
7234	0
7235	1
7236	0
7237	0
7238	0
7239	0
7240	0
7241	0
7242	0
7243	1
7244	1
7245	0
7246	0
7247	2
7248	0
7249	0
7250	0
7251	2
7252	0
7253	0
7254	0
7255	0
7256	0
7257	0
7258	0
7259	1
7260	0
7261	0
7262	0
7263	0
7264	1
7265	1
7266	0
7267	1
7268	0
7269	0
7270	0
7271	0
7272	0
7273	0
7274	2
7275	1
7276	0
7277	0
7278	0
7279	0
7280	0
7281	2
7282	1
7283	1
7284	0
7285	0
7286	0
7287	0
7288	0
7289	0
7290	1
7291	0
7292	0
7293	0
7294	0
7295	2
7296	1
7297	0
7298	2
7299	1
7300	0
7301	1
7302	0
7303	0
7304	0
7305	0
7306	1
7307	0
7308	0
7309	1
7310	1
7311	0
7312	0
7313	0
7314	0
7315	0
7316	0
7317	0
7318	0
7319	0
7320	0
7321	1
7322	0
7323	0
7324	0
7325	0
7326	0
7327	1
7328	1
7329	0
7330	1
7331	0
7332	0
7333	0
7334	0
7335	0
7336	0
7337	0
7338	0
7339	1
7340	0
7341	0
7342	0
7343	0
7344	0
7345	1
7346	0
7347	0
7348	1
7349	2
7350	1
7351	0
7352	0
7353	0
7354	0
7355	0
7356	0
7357	1
7358	1
7359	1
7360	0
7361	0
7362	0
7363	0
7364	0
7365	0
7366	0
7367	0
7368	0
7369	0
7370	0
7371	1
7372	0
7373	0
7374	0
7375	0
7376	0
7377	0
7378	2
7379	1
7380	0
7381	0
7382	1
7383	0
7384	0
7385	1
7386	1
7387	0
7388	1
7389	0
7390	0
7391	0
7392	2
7393	0
7394	1
7395	0
7396	2
7397	0
7398	1
7399	2
7400	0
7401	1
7402	1
7403	1
7404	0
7405	1
7406	0
7407	0
7408	1
7409	1
7410	0
7411	0
7412	0
7413	0
7414	0
7415	0
7416	0
7417	0
7418	1
7419	0
7420	0
7421	0
7422	0
7423	1
7424	0
7425	1
7426	1
7427	0
7428	0
7429	0
7430	0
7431	0
7432	0
7433	0
7434	0
7435	0
7436	0
7437	1
7438	0
7439	1
7440	0
7441	0
7442	0
7443	0
7444	1
7445	0
7446	0
7447	0
7448	0
7449	1
7450	0
7451	0
7452	1
7453	0
7454	1
7455	0
7456	0
7457	0
7458	0
7459	0
7460	0
7461	3
7462	1
7463	0
7464	0
7465	0
7466	0
7467	0
7468	0
7469	0
7470	0
7471	0
7472	2
7473	1
7474	0
7475	0
7476	0
7477	0
7478	1
7479	0
7480	1
7481	2
7482	0
7483	1
7484	0
7485	0
7486	1
7487	0
7488	0
7489	0
7490	0
7491	1
7492	0
7493	0
7494	2
7495	1
7496	1
7497	0
7498	1
7499	0
7500	0
7501	0
7502	0
7503	1
7504	1
7505	0
7506	0
7507	0
7508	0
7509	0
7510	1
7511	0
7512	1
7513	0
7514	1
7515	1
7516	0
7517	0
7518	0
7519	1
7520	0
7521	0
7522	0
7523	2
7524	0
7525	0
7526	0
7527	0
7528	0
7529	0
7530	0
7531	0
7532	0
7533	2
7534	1
7535	1
7536	0
7537	1
7538	2
7539	0
7540	1
7541	0
7542	0
7543	0
7544	2
7545	1
7546	1
7547	0
7548	1
7549	1
7550	1
7551	0
7552	0
7553	1
7554	0
7555	4
7556	0
7557	0
7558	0
7559	0
7560	0
7561	0
7562	0
7563	0
7564	0
7565	1
7566	0
7567	0
7568	0
7569	1
7570	0
7571	0
7572	0
7573	0
7574	1
7575	0
7576	1
7577	0
7578	1
7579	0
7580	0
7581	0
7582	0
7583	0
7584	0
7585	1
7586	2
7587	1
7588	0
7589	0
7590	0
7591	2
7592	0
7593	2
7594	2
7595	0
7596	1
7597	1
7598	0
7599	1
7600	0
7601	0
7602	0
7603	0
7604	0
7605	0
7606	0
7607	1
7608	1
7609	0
7610	0
7611	1
7612	0
7613	0
7614	1
7615	0
7616	0
7617	0
7618	0
7619	0
7620	0
7621	0
7622	0
7623	0
7624	0
7625	1
7626	0
7627	0
7628	1
7629	0
7630	0
7631	0
7632	0
7633	0
7634	2
7635	0
7636	0
7637	1
7638	0
7639	0
7640	0
7641	1
7642	0
7643	0
7644	0
7645	0
7646	1
7647	1
7648	1
7649	0
7650	0
7651	0
7652	0
7653	0
7654	0
7655	0
7656	0
7657	0
7658	0
7659	1
7660	0
7661	1
7662	1
7663	0
7664	0
7665	0
7666	0
7667	0
7668	0
7669	0
7670	0
7671	0
7672	0
7673	0
7674	0
7675	2
7676	0
7677	1
7678	1
7679	0
7680	0
7681	0
7682	0
7683	0
7684	0
7685	0
7686	0
7687	0
7688	0
7689	0
7690	0
7691	0
7692	0
7693	0
7694	0
7695	0
7696	0
7697	0
7698	0
7699	0
7700	0
7701	0
7702	0
7703	0
7704	0
7705	0
7706	0
7707	0
7708	0
7709	1
7710	0
7711	0
7712	0
7713	0
7714	0
7715	0
7716	0
7717	1
7718	0
7719	1
7720	0
7721	0
7722	1
7723	1
7724	0
7725	0
7726	1
7727	1
7728	1
7729	0
7730	0
7731	0
7732	0
7733	0
7734	1
7735	0
7736	0
7737	1
7738	0
7739	1
7740	0
7741	0
7742	0
7743	1
7744	0
7745	1
7746	0
7747	1
7748	0
7749	0
7750	0
7751	0
7752	0
7753	0
7754	0
7755	0
7756	0
7757	0
7758	0
7759	0
7760	1
7761	0
7762	0
7763	1
7764	0
7765	0
7766	0
7767	0
7768	0
7769	0
7770	1
7771	0
7772	1
7773	0
7774	0
7775	0
7776	0
7777	1
7778	1
7779	0
7780	0
7781	1
7782	1
7783	0
7784	1
7785	1
7786	0
7787	1
7788	1
7789	0
7790	2
7791	0
7792	0
7793	0
7794	2
7795	0
7796	0
7797	0
7798	0
7799	1
7800	0
7801	0
7802	0
7803	1
7804	0
7805	0
7806	0
7807	0
7808	0
7809	1
7810	0
7811	0
7812	0
7813	0
7814	1
7815	0
7816	1
7817	0
7818	1
7819	1
7820	1
7821	0
7822	0
7823	1
7824	0
7825	0
7826	0
7827	1
7828	0
7829	4
7830	1
7831	0
7832	0
7833	0
7834	1
7835	0
7836	0
7837	0
7838	0
7839	0
7840	0
7841	0
7842	0
7843	0
7844	0
7845	0
7846	0
7847	0
7848	0
7849	0
7850	0
7851	0
7852	0
7853	1
7854	0
7855	0
7856	0
7857	1
7858	0
7859	0
7860	0
7861	0
7862	0
7863	1
7864	0
7865	0
7866	0
7867	0
7868	0
7869	0
7870	0
7871	0
7872	0
7873	0
7874	0
7875	0
7876	0
7877	1
7878	0
7879	0
7880	0
7881	0
7882	0
7883	1
7884	0
7885	0
7886	1
7887	1
7888	0
7889	0
7890	1
7891	1
7892	0
7893	0
7894	1
7895	0
7896	0
7897	0
7898	0
7899	0
7900	0
7901	0
7902	0
7903	0
7904	0
7905	1
7906	1
7907	3
7908	0
7909	0
7910	0
7911	0
7912	0
7913	1
7914	0
7915	0
7916	0
7917	0
7918	0
7919	0
7920	0
7921	2
7922	0
7923	0
7924	0
7925	1
7926	2
7927	1
7928	0
7929	1
7930	0
7931	0
7932	0
7933	0
7934	0
7935	3
7936	0
7937	0
7938	1
7939	0
7940	0
7941	0
7942	0
7943	0
7944	0
7945	2
7946	1
7947	3
7948	0
7949	0
7950	0
7951	0
7952	0
7953	2
7954	1
7955	0
7956	0
7957	2
7958	0
7959	0
7960	0
7961	0
7962	2
7963	0
7964	1
7965	0
7966	1
7967	0
7968	0
7969	1
7970	0
7971	0
7972	2
7973	0
7974	0
7975	0
7976	0
7977	0
7978	0
7979	0
7980	0
7981	1
7982	1
7983	0
7984	0
7985	0
7986	0
7987	0
7988	0
7989	0
7990	0
7991	0
7992	0
7993	0
7994	0
7995	1
7996	1
7997	0
7998	0
7999	0
8000	1
8001	0
8002	0
8003	0
8004	0
8005	1
8006	0
8007	0
8008	0
8009	0
8010	0
8011	0
8012	0
8013	1
8014	1
8015	0
8016	1
8017	0
8018	0
8019	0
8020	0
8021	0
8022	1
8023	1
8024	1
8025	0
8026	0
8027	1
8028	0
8029	0
8030	0
8031	0
8032	1
8033	0
8034	0
8035	0
8036	0
8037	1
8038	0
8039	1
8040	0
8041	0
8042	2
8043	0
8044	1
8045	0
8046	1
8047	0
8048	0
8049	1
8050	0
8051	2
8052	1
8053	1
8054	0
8055	0
8056	1
8057	0
8058	0
8059	2
8060	0
8061	1
8062	0
8063	0
8064	1
8065	0
8066	0
8067	0
8068	1
8069	1
8070	0
8071	0
8072	0
8073	0
8074	0
8075	0
8076	0
8077	0
8078	0
8079	0
8080	0
8081	0
8082	0
8083	0
8084	0
8085	0
8086	0
8087	0
8088	0
8089	0
8090	0
8091	0
8092	0
8093	0
8094	0
8095	0
8096	0
8097	0
8098	0
8099	0
8100	0
8101	0
8102	0
8103	0
8104	0
8105	0
8106	0
8107	0
8108	0
8109	0
8110	0
8111	0
8112	0
8113	0
8114	0
8115	0
8116	0
8117	0
8118	0
8119	0
8120	0
8121	0
8122	0
8123	0
8124	0
8125	0
8126	0
8127	0
8128	0
8129	0
8130	0
8131	0
8132	0
8133	0
8134	0
8135	0
8136	0
8137	0
8138	0
8139	0
8140	0
8141	0
8142	0
8143	0
8144	0
8145	0
8146	0
8147	0
8148	0
8149	0
8150	0
8151	0
8152	0
8153	0
8154	0
8155	0
8156	0
8157	0
8158	0
8159	0
8160	0
8161	0
8162	0
8163	0
8164	0
8165	0
8166	0
8167	0
8168	0
8169	0
8170	0
8171	0
8172	0
8173	0
8174	0
8175	0
8176	0
8177	0
8178	0
8179	0
8180	0
8181	0
8182	0
8183	0
8184	0
8185	0
8186	0
8187	0
8188	0
8189	0
8190	0
8191	0
