0	0
1	0
2	0
3	0
4	0
5	0
6	0
7	0
8	0
9	0
10	0
11	0
12	0
13	0
14	0
15	0
16	0
17	0
18	0
19	0
20	0
21	0
22	0
23	0
24	0
25	0
26	0
27	0
28	0
29	0
30	0
31	0
32	0
33	0
34	0
35	0
36	0
37	0
38	0
39	0
40	0
41	0
42	0
43	0
44	0
45	0
46	0
47	0
48	0
49	0
50	0
51	0
52	0
53	0
54	0
55	0
56	0
57	0
58	0
59	0
60	0
61	0
62	0
63	0
64	0
65	0
66	0
67	0
68	0
69	0
70	0
71	0
72	0
73	0
74	0
75	0
76	0
77	0
78	0
79	0
80	0
81	0
82	0
83	0
84	0
85	2
86	11
87	8
88	13
89	11
90	9
91	6
92	6
93	11
94	7
95	10
96	8
97	7
98	9
99	10
100	5
101	5
102	8
103	11
104	7
105	10
106	4
107	5
108	10
109	10
110	11
111	14
112	12
113	6
114	8
115	7
116	11
117	10
118	13
119	12
120	11
121	11
122	2
123	7
124	14
125	10
126	10
127	11
128	9
129	5
130	7
131	12
132	7
133	4
134	5
135	9
136	10
137	10
138	12
139	8
140	8
141	11
142	7
143	11
144	9
145	7
146	9
147	7
148	7
149	6
150	8
151	7
152	3
153	9
154	11
155	8
156	14
157	9
158	11
159	6
160	8
161	6
162	15
163	7
164	7
165	9
166	6
167	11
168	8
169	11
170	10
171	11
172	7
173	8
174	8
175	10
176	4
177	11
178	13
179	6
180	13
181	11
182	9
183	7
184	5
185	7
186	7
187	7
188	8
189	6
190	6
191	12
192	4
193	13
194	13
195	4
196	7
197	13
198	7
199	8
200	10
201	8
202	5
203	8
204	9
205	15
206	8
207	10
208	11
209	11
210	10
211	6
212	8
213	11
214	12
215	10
216	9
217	11
218	11
219	6
220	8
221	10
222	12
223	16
224	17
225	12
226	9
227	4
228	15
229	9
230	12
231	14
232	10
233	9
234	15
235	8
236	12
237	11
238	12
239	5
240	14
241	10
242	7
243	7
244	15
245	9
246	16
247	11
248	15
249	12
250	7
251	14
252	10
253	11
254	9
255	10
256	8
257	12
258	6
259	8
260	6
261	12
262	8
263	9
264	7
265	11
266	8
267	8
268	5
269	13
270	11
271	9
272	12
273	7
274	8
275	9
276	9
277	9
278	13
279	6
280	8
281	10
282	11
283	6
284	7
285	16
286	10
287	11
288	6
289	10
290	11
291	4
292	17
293	8
294	9
295	9
296	11
297	12
298	9
299	11
300	11
301	13
302	5
303	7
304	13
305	12
306	10
307	8
308	17
309	12
310	8
311	10
312	9
313	13
314	11
315	11
316	11
317	8
318	21
319	6
320	16
321	9
322	7
323	14
324	16
325	17
326	8
327	13
328	7
329	15
330	6
331	13
332	14
333	11
334	12
335	9
336	13
337	14
338	12
339	16
340	9
341	14
342	16
343	8
344	10
345	19
346	10
347	12
348	6
349	8
350	9
351	8
352	12
353	12
354	12
355	12
356	10
357	14
358	11
359	12
360	9
361	14
362	13
363	7
364	6
365	10
366	10
367	9
368	11
369	17
370	13
371	11
372	14
373	22
374	11
375	12
376	10
377	10
378	16
379	12
380	12
381	7
382	6
383	13
384	12
385	13
386	13
387	15
388	16
389	13
390	9
391	10
392	7
393	15
394	13
395	8
396	8
397	7
398	15
399	15
400	6
401	5
402	19
403	9
404	12
405	11
406	12
407	11
408	15
409	7
410	11
411	8
412	3
413	14
414	3
415	6
416	10
417	17
418	10
419	12
420	17
421	13
422	8
423	16
424	7
425	12
426	9
427	9
428	11
429	8
430	14
431	12
432	6
433	13
434	7
435	13
436	4
437	13
438	12
439	7
440	13
441	13
442	10
443	7
444	14
445	10
446	15
447	12
448	11
449	11
450	13
451	11
452	9
453	8
454	13
455	6
456	17
457	11
458	18
459	14
460	9
461	12
462	5
463	11
464	3
465	9
466	14
467	11
468	6
469	19
470	14
471	10
472	8
473	11
474	14
475	13
476	12
477	12
478	11
479	15
480	11
481	13
482	11
483	13
484	15
485	17
486	14
487	13
488	13
489	7
490	9
491	18
492	19
493	7
494	23
495	9
496	13
497	7
498	10
499	14
500	8
501	7
502	11
503	12
504	14
505	11
506	15
507	12
508	16
509	19
510	17
511	11
512	12
513	17
514	16
515	8
516	24
517	12
518	13
519	19
520	11
521	9
522	15
523	25
524	20
525	17
526	13
527	14
528	16
529	14
530	23
531	10
532	15
533	15
534	14
535	7
536	14
537	7
538	19
539	5
540	16
541	12
542	19
543	25
544	22
545	15
546	7
547	19
548	18
549	20
550	20
551	20
552	25
553	25
554	12
555	15
556	14
557	17
558	23
559	14
560	18
561	13
562	16
563	22
564	22
565	18
566	13
567	23
568	26
569	22
570	21
571	29
572	24
573	17
574	19
575	25
576	32
577	19
578	21
579	26
580	34
581	23
582	21
583	28
584	21
585	22
586	31
587	19
588	20
589	22
590	30
591	27
592	24
593	27
594	36
595	22
596	24
597	22
598	29
599	28
600	22
601	26
602	25
603	22
604	17
605	32
606	22
607	32
608	35
609	29
610	19
611	27
612	31
613	26
614	19
615	22
616	28
617	16
618	35
619	26
620	23
621	31
622	21
623	24
624	29
625	29
626	22
627	22
628	23
629	27
630	27
631	24
632	24
633	20
634	22
635	22
636	32
637	22
638	18
639	21
640	24
641	19
642	22
643	25
644	24
645	25
646	27
647	22
648	19
649	20
650	31
651	24
652	31
653	13
654	32
655	27
656	19
657	25
658	16
659	15
660	20
661	19
662	19
663	27
664	27
665	17
666	18
667	24
668	25
669	20
670	21
671	25
672	20
673	16
674	25
675	21
676	22
677	26
678	15
679	23
680	16
681	25
682	24
683	16
684	18
685	16
686	22
687	18
688	20
689	21
690	21
691	16
692	17
693	22
694	19
695	23
696	20
697	23
698	15
699	23
700	17
701	20
702	16
703	17
704	19
705	20
706	14
707	23
708	12
709	14
710	27
711	16
712	23
713	19
714	18
715	23
716	18
717	17
718	15
719	18
720	15
721	30
722	20
723	20
724	15
725	15
726	13
727	14
728	15
729	16
730	20
731	17
732	12
733	17
734	13
735	12
736	23
737	17
738	7
739	20
740	14
741	22
742	15
743	30
744	12
745	15
746	16
747	18
748	15
749	16
750	12
751	21
752	23
753	18
754	19
755	18
756	22
757	21
758	16
759	15
760	14
761	20
762	11
763	13
764	11
765	13
766	19
767	16
768	9
769	13
770	19
771	18
772	12
773	20
774	15
775	21
776	15
777	16
778	19
779	23
780	12
781	11
782	20
783	10
784	10
785	16
786	20
787	11
788	12
789	14
790	12
791	17
792	15
793	24
794	15
795	13
796	16
797	13
798	19
799	10
800	19
801	15
802	11
803	19
804	16
805	16
806	12
807	13
808	19
809	17
810	13
811	15
812	18
813	12
814	19
815	22
816	14
817	15
818	10
819	10
820	15
821	22
822	20
823	16
824	21
825	16
826	20
827	21
828	17
829	17
830	18
831	14
832	20
833	21
834	20
835	15
836	19
837	14
838	13
839	19
840	19
841	20
842	22
843	17
844	28
845	26
846	18
847	21
848	19
849	18
850	25
851	21
852	12
853	9
854	17
855	12
856	15
857	16
858	23
859	13
860	14
861	17
862	13
863	14
864	21
865	26
866	17
867	17
868	17
869	15
870	17
871	18
872	11
873	18
874	18
875	16
876	23
877	16
878	16
879	20
880	14
881	24
882	20
883	25
884	12
885	15
886	14
887	20
888	17
889	20
890	20
891	15
892	14
893	21
894	11
895	22
896	23
897	15
898	13
899	12
900	23
901	16
902	18
903	17
904	14
905	23
906	15
907	23
908	18
909	19
910	26
911	13
912	11
913	21
914	22
915	17
916	12
917	20
918	29
919	24
920	20
921	25
922	17
923	16
924	17
925	25
926	19
927	16
928	25
929	19
930	20
931	22
932	17
933	22
934	26
935	32
936	14
937	26
938	22
939	16
940	13
941	24
942	25
943	12
944	27
945	18
946	20
947	17
948	16
949	19
950	15
951	17
952	24
953	15
954	21
955	24
956	22
957	17
958	22
959	26
960	13
961	15
962	22
963	16
964	30
965	18
966	13
967	16
968	17
969	21
970	16
971	21
972	21
973	23
974	17
975	25
976	23
977	30
978	28
979	23
980	15
981	22
982	14
983	17
984	17
985	17
986	23
987	24
988	24
989	15
990	16
991	23
992	24
993	19
994	19
995	24
996	18
997	23
998	17
999	20
1000	16
1001	19
1002	21
1003	20
1004	26
1005	25
1006	14
1007	17
1008	13
1009	30
1010	19
1011	15
1012	16
1013	19
1014	18
1015	25
1016	18
1017	28
1018	14
1019	24
1020	22
1021	20
1022	26
1023	22
1024	24
1025	24
1026	20
1027	17
1028	26
1029	11
1030	21
1031	25
1032	21
1033	17
1034	21
1035	26
1036	24
1037	25
1038	28
1039	26
1040	26
1041	22
1042	25
1043	22
1044	27
1045	18
1046	24
1047	15
1048	20
1049	27
1050	20
1051	26
1052	30
1053	25
1054	22
1055	21
1056	29
1057	30
1058	21
1059	19
1060	16
1061	24
1062	22
1063	26
1064	20
1065	20
1066	23
1067	18
1068	12
1069	26
1070	30
1071	29
1072	20
1073	26
1074	20
1075	24
1076	21
1077	38
1078	27
1079	15
1080	24
1081	19
1082	21
1083	27
1084	24
1085	22
1086	16
1087	24
1088	20
1089	25
1090	27
1091	16
1092	25
1093	22
1094	22
1095	36
1096	28
1097	20
1098	25
1099	21
1100	19
1101	22
1102	31
1103	28
1104	27
1105	23
1106	14
1107	32
1108	15
1109	24
1110	31
1111	22
1112	22
1113	33
1114	31
1115	19
1116	24
1117	22
1118	21
1119	25
1120	18
1121	21
1122	31
1123	23
1124	21
1125	21
1126	25
1127	26
1128	19
1129	32
1130	29
1131	20
1132	22
1133	22
1134	27
1135	27
1136	30
1137	22
1138	28
1139	25
1140	31
1141	18
1142	20
1143	26
1144	17
1145	22
1146	22
1147	32
1148	29
1149	32
1150	22
1151	29
1152	19
1153	22
1154	25
1155	20
1156	21
1157	21
1158	30
1159	21
1160	22
1161	14
1162	21
1163	19
1164	26
1165	26
1166	33
1167	20
1168	23
1169	30
1170	29
1171	25
1172	32
1173	24
1174	28
1175	15
1176	30
1177	17
1178	26
1179	24
1180	25
1181	29
1182	28
1183	23
1184	24
1185	27
1186	28
1187	22
1188	20
1189	32
1190	24
1191	27
1192	31
1193	21
1194	23
1195	27
1196	29
1197	26
1198	23
1199	30
1200	23
1201	26
1202	17
1203	25
1204	30
1205	22
1206	20
1207	24
1208	34
1209	18
1210	26
1211	27
1212	28
1213	28
1214	27
1215	20
1216	22
1217	25
1218	33
1219	27
1220	37
1221	22
1222	22
1223	24
1224	17
1225	25
1226	19
1227	29
1228	22
1229	30
1230	24
1231	30
1232	25
1233	28
1234	30
1235	24
1236	42
1237	40
1238	23
1239	24
1240	32
1241	24
1242	22
1243	17
1244	34
1245	31
1246	33
1247	29
1248	27
1249	30
1250	28
1251	32
1252	23
1253	28
1254	24
1255	24
1256	30
1257	25
1258	30
1259	30
1260	32
1261	28
1262	29
1263	28
1264	31
1265	32
1266	31
1267	31
1268	30
1269	32
1270	20
1271	37
1272	32
1273	30
1274	33
1275	32
1276	28
1277	25
1278	31
1279	33
1280	31
1281	38
1282	39
1283	38
1284	27
1285	28
1286	35
1287	33
1288	38
1289	31
1290	34
1291	24
1292	24
1293	40
1294	19
1295	27
1296	39
1297	34
1298	37
1299	20
1300	35
1301	28
1302	28
1303	24
1304	30
1305	34
1306	24
1307	25
1308	25
1309	38
1310	24
1311	38
1312	28
1313	34
1314	29
1315	21
1316	28
1317	27
1318	35
1319	38
1320	28
1321	26
1322	39
1323	23
1324	36
1325	27
1326	43
1327	33
1328	27
1329	29
1330	23
1331	32
1332	20
1333	42
1334	29
1335	26
1336	35
1337	37
1338	24
1339	36
1340	32
1341	23
1342	32
1343	29
1344	33
1345	34
1346	39
1347	32
1348	29
1349	33
1350	30
1351	30
1352	29
1353	33
1354	34
1355	21
1356	34
1357	30
1358	34
1359	27
1360	38
1361	34
1362	34
1363	45
1364	36
1365	34
1366	35
1367	34
1368	38
1369	36
1370	38
1371	31
1372	25
1373	41
1374	39
1375	39
1376	39
1377	32
1378	39
1379	37
1380	35
1381	32
1382	26
1383	44
1384	23
1385	31
1386	31
1387	35
1388	41
1389	42
1390	34
1391	39
1392	32
1393	39
1394	30
1395	27
1396	27
1397	35
1398	39
1399	35
1400	35
1401	38
1402	22
1403	27
1404	27
1405	34
1406	32
1407	26
1408	30
1409	44
1410	25
1411	27
1412	26
1413	36
1414	37
1415	39
1416	27
1417	29
1418	39
1419	29
1420	28
1421	30
1422	33
1423	35
1424	25
1425	34
1426	29
1427	44
1428	39
1429	32
1430	30
1431	32
1432	37
1433	45
1434	37
1435	30
1436	34
1437	49
1438	20
1439	37
1440	33
1441	36
1442	39
1443	27
1444	23
1445	38
1446	42
1447	34
1448	37
1449	32
1450	36
1451	37
1452	35
1453	44
1454	34
1455	34
1456	32
1457	43
1458	35
1459	41
1460	29
1461	32
1462	36
1463	32
1464	39
1465	32
1466	31
1467	35
1468	28
1469	36
1470	31
1471	40
1472	35
1473	37
1474	50
1475	47
1476	42
1477	42
1478	24
1479	55
1480	46
1481	32
1482	43
1483	30
1484	32
1485	35
1486	43
1487	35
1488	25
1489	35
1490	44
1491	26
1492	43
1493	50
1494	36
1495	37
1496	30
1497	48
1498	37
1499	50
1500	30
1501	41
1502	42
1503	43
1504	39
1505	31
1506	33
1507	25
1508	34
1509	46
1510	45
1511	37
1512	46
1513	36
1514	40
1515	38
1516	43
1517	40
1518	40
1519	26
1520	40
1521	27
1522	36
1523	46
1524	43
1525	35
1526	37
1527	35
1528	38
1529	43
1530	42
1531	36
1532	42
1533	39
1534	44
1535	45
1536	43
1537	50
1538	55
1539	42
1540	40
1541	43
1542	40
1543	42
1544	39
1545	52
1546	26
1547	43
1548	40
1549	46
1550	45
1551	50
1552	37
1553	53
1554	42
1555	34
1556	33
1557	41
1558	48
1559	49
1560	43
1561	49
1562	46
1563	54
1564	53
1565	32
1566	49
1567	31
1568	39
1569	42
1570	46
1571	39
1572	30
1573	39
1574	47
1575	51
1576	40
1577	44
1578	35
1579	44
1580	43
1581	53
1582	61
1583	52
1584	45
1585	41
1586	58
1587	58
1588	49
1589	41
1590	50
1591	50
1592	53
1593	48
1594	58
1595	52
1596	51
1597	54
1598	48
1599	49
1600	60
1601	45
1602	51
1603	47
1604	60
1605	45
1606	51
1607	46
1608	55
1609	42
1610	61
1611	47
1612	54
1613	61
1614	72
1615	60
1616	51
1617	52
1618	44
1619	51
1620	55
1621	60
1622	56
1623	57
1624	67
1625	32
1626	58
1627	66
1628	56
1629	58
1630	63
1631	61
1632	62
1633	58
1634	59
1635	53
1636	52
1637	51
1638	44
1639	67
1640	52
1641	52
1642	42
1643	61
1644	59
1645	50
1646	64
1647	70
1648	65
1649	64
1650	49
1651	55
1652	61
1653	63
1654	61
1655	61
1656	49
1657	76
1658	61
1659	50
1660	68
1661	81
1662	55
1663	68
1664	79
1665	63
1666	51
1667	59
1668	65
1669	65
1670	78
1671	57
1672	68
1673	59
1674	47
1675	69
1676	67
1677	74
1678	65
1679	69
1680	72
1681	76
1682	53
1683	57
1684	74
1685	64
1686	66
1687	63
1688	57
1689	59
1690	74
1691	68
1692	72
1693	81
1694	71
1695	53
1696	72
1697	57
1698	66
1699	89
1700	87
1701	76
1702	68
1703	47
1704	64
1705	70
1706	72
1707	61
1708	63
1709	78
1710	73
1711	85
1712	71
1713	66
1714	75
1715	74
1716	62
1717	73
1718	61
1719	70
1720	65
1721	71
1722	79
1723	65
1724	71
1725	80
1726	59
1727	73
1728	62
1729	80
1730	57
1731	64
1732	69
1733	66
1734	79
1735	70
1736	64
1737	76
1738	71
1739	62
1740	72
1741	77
1742	58
1743	55
1744	78
1745	78
1746	53
1747	69
1748	65
1749	85
1750	72
1751	81
1752	74
1753	78
1754	69
1755	58
1756	72
1757	70
1758	83
1759	60
1760	68
1761	72
1762	70
1763	72
1764	78
1765	60
1766	81
1767	65
1768	68
1769	62
1770	66
1771	70
1772	70
1773	69
1774	76
1775	63
1776	71
1777	64
1778	70
1779	73
1780	67
1781	63
1782	80
1783	62
1784	73
1785	70
1786	62
1787	67
1788	70
1789	59
1790	63
1791	51
1792	47
1793	79
1794	70
1795	51
1796	58
1797	61
1798	63
1799	70
1800	57
1801	66
1802	67
1803	64
1804	47
1805	52
1806	60
1807	55
1808	48
1809	52
1810	56
1811	65
1812	50
1813	67
1814	74
1815	61
1816	60
1817	43
1818	57
1819	52
1820	57
1821	51
1822	51
1823	58
1824	61
1825	65
1826	50
1827	58
1828	58
1829	60
1830	48
1831	62
1832	58
1833	58
1834	64
1835	52
1836	49
1837	42
1838	48
1839	57
1840	50
1841	54
1842	51
1843	48
1844	54
1845	52
1846	63
1847	52
1848	51
1849	57
1850	47
1851	50
1852	56
1853	44
1854	41
1855	50
1856	55
1857	53
1858	40
1859	57
1860	52
1861	46
1862	55
1863	43
1864	43
1865	45
1866	50
1867	36
1868	47
1869	47
1870	60
1871	45
1872	50
1873	42
1874	37
1875	61
1876	52
1877	49
1878	46
1879	42
1880	48
1881	39
1882	62
1883	37
1884	42
1885	57
1886	36
1887	51
1888	44
1889	39
1890	54
1891	52
1892	44
1893	49
1894	52
1895	49
1896	33
1897	42
1898	45
1899	36
1900	44
1901	41
1902	42
1903	47
1904	45
1905	37
1906	36
1907	38
1908	34
1909	38
1910	39
1911	43
1912	55
1913	46
1914	40
1915	35
1916	36
1917	36
1918	47
1919	37
1920	49
1921	39
1922	27
1923	39
1924	51
1925	42
1926	43
1927	36
1928	39
1929	38
1930	43
1931	37
1932	40
1933	41
1934	35
1935	31
1936	34
1937	39
1938	39
1939	36
1940	48
1941	40
1942	35
1943	42
1944	28
1945	28
1946	35
1947	24
1948	36
1949	35
1950	43
1951	32
1952	38
1953	24
1954	37
1955	43
1956	38
1957	47
1958	28
1959	31
1960	29
1961	32
1962	38
1963	35
1964	22
1965	32
1966	27
1967	35
1968	37
1969	35
1970	34
1971	37
1972	39
1973	32
1974	25
1975	25
1976	32
1977	31
1978	28
1979	25
1980	27
1981	27
1982	25
1983	30
1984	26
1985	18
1986	30
1987	21
1988	28
1989	22
1990	24
1991	26
1992	33
1993	26
1994	30
1995	24
1996	32
1997	27
1998	21
1999	23
2000	27
2001	24
2002	30
2003	30
2004	30
2005	25
2006	21
2007	17
2008	34
2009	30
2010	22
2011	23
2012	26
2013	27
2014	24
2015	19
2016	29
2017	29
2018	25
2019	28
2020	28
2021	25
2022	35
2023	23
2024	30
2025	17
2026	25
2027	24
2028	19
2029	24
2030	28
2031	31
2032	20
2033	29
2034	24
2035	20
2036	16
2037	21
2038	22
2039	25
2040	24
2041	12
2042	31
2043	22
2044	19
2045	21
2046	16
2047	28
2048	26
2049	31
2050	20
2051	26
2052	24
2053	28
2054	21
2055	24
2056	19
2057	27
2058	20
2059	25
2060	16
2061	25
2062	14
2063	21
2064	20
2065	26
2066	20
2067	11
2068	31
2069	30
2070	22
2071	20
2072	24
2073	23
2074	28
2075	23
2076	34
2077	21
2078	14
2079	17
2080	18
2081	21
2082	22
2083	19
2084	29
2085	19
2086	18
2087	17
2088	19
2089	26
2090	19
2091	29
2092	21
2093	24
2094	28
2095	28
2096	11
2097	15
2098	25
2099	20
2100	21
2101	16
2102	20
2103	14
2104	26
2105	15
2106	25
2107	27
2108	20
2109	17
2110	26
2111	16
2112	24
2113	17
2114	17
2115	16
2116	17
2117	21
2118	22
2119	24
2120	21
2121	20
2122	21
2123	15
2124	15
2125	21
2126	22
2127	15
2128	10
2129	20
2130	27
2131	21
2132	9
2133	20
2134	24
2135	25
2136	11
2137	20
2138	23
2139	17
2140	20
2141	22
2142	22
2143	13
2144	17
2145	14
2146	12
2147	10
2148	16
2149	22
2150	24
2151	17
2152	17
2153	16
2154	17
2155	20
2156	9
2157	11
2158	20
2159	18
2160	21
2161	11
2162	18
2163	14
2164	15
2165	14
2166	19
2167	12
2168	22
2169	18
2170	14
2171	16
2172	12
2173	21
2174	20
2175	15
2176	14
2177	18
2178	17
2179	16
2180	12
2181	18
2182	17
2183	16
2184	15
2185	11
2186	13
2187	14
2188	11
2189	13
2190	19
2191	18
2192	16
2193	20
2194	20
2195	13
2196	15
2197	19
2198	20
2199	10
2200	12
2201	26
2202	14
2203	19
2204	16
2205	17
2206	24
2207	12
2208	20
2209	14
2210	18
2211	12
2212	17
2213	20
2214	19
2215	12
2216	18
2217	12
2218	17
2219	18
2220	16
2221	18
2222	19
2223	8
2224	9
2225	13
2226	16
2227	11
2228	18
2229	12
2230	15
2231	11
2232	16
2233	8
2234	11
2235	12
2236	13
2237	12
2238	14
2239	7
2240	17
2241	14
2242	15
2243	16
2244	14
2245	9
2246	14
2247	16
2248	14
2249	21
2250	15
2251	11
2252	10
2253	10
2254	17
2255	16
2256	7
2257	15
2258	17
2259	15
2260	11
2261	11
2262	19
2263	14
2264	17
2265	14
2266	12
2267	10
2268	14
2269	21
2270	18
2271	28
2272	22
2273	13
2274	13
2275	14
2276	6
2277	17
2278	19
2279	15
2280	9
2281	11
2282	7
2283	12
2284	14
2285	12
2286	14
2287	24
2288	12
2289	10
2290	19
2291	10
2292	21
2293	15
2294	12
2295	8
2296	19
2297	14
2298	16
2299	16
2300	11
2301	22
2302	13
2303	18
2304	10
2305	11
2306	11
2307	17
2308	18
2309	14
2310	19
2311	9
2312	11
2313	13
2314	14
2315	12
2316	10
2317	12
2318	16
2319	13
2320	14
2321	14
2322	11
2323	14
2324	14
2325	9
2326	12
2327	15
2328	13
2329	8
2330	14
2331	5
2332	17
2333	8
2334	16
2335	12
2336	13
2337	14
2338	18
2339	8
2340	13
2341	16
2342	16
2343	17
2344	11
2345	21
2346	9
2347	13
2348	15
2349	8
2350	14
2351	10
2352	6
2353	14
2354	17
2355	13
2356	11
2357	12
2358	13
2359	14
2360	10
2361	14
2362	16
2363	10
2364	11
2365	16
2366	13
2367	13
2368	5
2369	15
2370	14
2371	10
2372	10
2373	13
2374	11
2375	6
2376	12
2377	8
2378	14
2379	12
2380	17
2381	10
2382	11
2383	13
2384	12
2385	13
2386	14
2387	10
2388	14
2389	11
2390	15
2391	10
2392	5
2393	12
2394	9
2395	13
2396	10
2397	13
2398	14
2399	14
2400	9
2401	5
2402	13
2403	10
2404	13
2405	14
2406	10
2407	15
2408	15
2409	13
2410	15
2411	7
2412	9
2413	10
2414	9
2415	8
2416	10
2417	8
2418	8
2419	14
2420	9
2421	13
2422	16
2423	8
2424	10
2425	11
2426	12
2427	10
2428	11
2429	6
2430	8
2431	9
2432	12
2433	17
2434	7
2435	5
2436	9
2437	14
2438	11
2439	14
2440	11
2441	3
2442	14
2443	9
2444	13
2445	14
2446	12
2447	16
2448	15
2449	15
2450	16
2451	11
2452	15
2453	16
2454	16
2455	12
2456	13
2457	7
2458	8
2459	12
2460	8
2461	10
2462	9
2463	12
2464	9
2465	14
2466	10
2467	10
2468	15
2469	19
2470	18
2471	12
2472	13
2473	8
2474	7
2475	5
2476	8
2477	12
2478	13
2479	6
2480	8
2481	11
2482	12
2483	11
2484	7
2485	10
2486	10
2487	6
2488	5
2489	11
2490	13
2491	9
2492	9
2493	9
2494	13
2495	13
2496	14
2497	11
2498	9
2499	10
2500	8
2501	12
2502	11
2503	10
2504	13
2505	15
2506	11
2507	11
2508	9
2509	6
2510	12
2511	12
2512	9
2513	9
2514	11
2515	5
2516	14
2517	12
2518	12
2519	10
2520	11
2521	9
2522	15
2523	13
2524	8
2525	12
2526	13
2527	14
2528	14
2529	11
2530	10
2531	8
2532	8
2533	13
2534	8
2535	9
2536	9
2537	9
2538	11
2539	14
2540	8
2541	7
2542	4
2543	15
2544	9
2545	8
2546	10
2547	5
2548	11
2549	13
2550	13
2551	7
2552	7
2553	11
2554	8
2555	11
2556	8
2557	7
2558	8
2559	9
2560	7
2561	8
2562	10
2563	11
2564	17
2565	8
2566	9
2567	11
2568	11
2569	12
2570	9
2571	7
2572	10
2573	16
2574	8
2575	8
2576	8
2577	10
2578	12
2579	14
2580	12
2581	6
2582	13
2583	10
2584	15
2585	17
2586	5
2587	11
2588	10
2589	13
2590	10
2591	18
2592	10
2593	9
2594	7
2595	7
2596	9
2597	9
2598	5
2599	6
2600	12
2601	7
2602	9
2603	7
2604	9
2605	10
2606	8
2607	12
2608	14
2609	11
2610	6
2611	11
2612	7
2613	15
2614	10
2615	7
2616	11
2617	9
2618	9
2619	16
2620	8
2621	11
2622	7
2623	3
2624	7
2625	14
2626	7
2627	8
2628	11
2629	4
2630	10
2631	12
2632	16
2633	6
2634	6
2635	11
2636	6
2637	10
2638	17
2639	8
2640	4
2641	14
2642	13
2643	10
2644	11
2645	15
2646	8
2647	16
2648	5
2649	10
2650	9
2651	11
2652	5
2653	4
2654	8
2655	10
2656	5
2657	9
2658	6
2659	8
2660	7
2661	10
2662	6
2663	6
2664	10
2665	4
2666	4
2667	9
2668	5
2669	8
2670	7
2671	6
2672	9
2673	15
2674	8
2675	8
2676	8
2677	5
2678	9
2679	10
2680	8
2681	6
2682	7
2683	4
2684	13
2685	12
2686	15
2687	4
2688	8
2689	12
2690	10
2691	11
2692	8
2693	7
2694	6
2695	10
2696	14
2697	9
2698	8
2699	9
2700	9
2701	11
2702	7
2703	10
2704	8
2705	8
2706	11
2707	5
2708	9
2709	5
2710	10
2711	9
2712	18
2713	6
2714	12
2715	11
2716	12
2717	3
2718	9
2719	13
2720	13
2721	11
2722	9
2723	12
2724	10
2725	10
2726	13
2727	13
2728	6
2729	9
2730	10
2731	11
2732	7
2733	9
2734	11
2735	7
2736	16
2737	6
2738	9
2739	6
2740	8
2741	5
2742	12
2743	9
2744	8
2745	9
2746	7
2747	8
2748	9
2749	9
2750	13
2751	6
2752	2
2753	7
2754	6
2755	12
2756	7
2757	11
2758	8
2759	9
2760	10
2761	6
2762	11
2763	2
2764	7
2765	14
2766	10
2767	9
2768	6
2769	9
2770	11
2771	8
2772	9
2773	12
2774	10
2775	8
2776	10
2777	9
2778	9
2779	9
2780	8
2781	7
2782	11
2783	7
2784	5
2785	7
2786	8
2787	8
2788	6
2789	13
2790	4
2791	10
2792	5
2793	3
2794	8
2795	11
2796	7
2797	11
2798	6
2799	9
2800	8
2801	6
2802	9
2803	7
2804	5
2805	12
2806	6
2807	5
2808	11
2809	12
2810	12
2811	7
2812	6
2813	11
2814	8
2815	8
2816	4
2817	3
2818	7
2819	1
2820	7
2821	8
2822	6
2823	5
2824	5
2825	9
2826	6
2827	8
2828	9
2829	9
2830	4
2831	1
2832	12
2833	7
2834	9
2835	11
2836	4
2837	4
2838	9
2839	6
2840	5
2841	10
2842	5
2843	6
2844	4
2845	15
2846	9
2847	6
2848	6
2849	6
2850	8
2851	8
2852	6
2853	12
2854	7
2855	8
2856	7
2857	10
2858	3
2859	5
2860	6
2861	5
2862	9
2863	9
2864	9
2865	7
2866	4
2867	8
2868	5
2869	7
2870	5
2871	9
2872	12
2873	9
2874	3
2875	10
2876	11
2877	18
2878	4
2879	6
2880	13
2881	10
2882	10
2883	8
2884	6
2885	8
2886	9
2887	7
2888	11
2889	10
2890	5
2891	5
2892	6
2893	5
2894	5
2895	4
2896	7
2897	6
2898	7
2899	9
2900	9
2901	11
2902	4
2903	5
2904	11
2905	8
2906	8
2907	6
2908	7
2909	9
2910	12
2911	5
2912	5
2913	5
2914	7
2915	11
2916	8
2917	7
2918	10
2919	7
2920	5
2921	12
2922	16
2923	7
2924	6
2925	8
2926	2
2927	5
2928	5
2929	11
2930	5
2931	8
2932	8
2933	3
2934	13
2935	11
2936	7
2937	12
2938	3
2939	7
2940	12
2941	9
2942	10
2943	3
2944	3
2945	8
2946	16
2947	4
2948	6
2949	6
2950	8
2951	9
2952	9
2953	6
2954	9
2955	3
2956	7
2957	5
2958	6
2959	5
2960	6
2961	7
2962	2
2963	5
2964	10
2965	13
2966	12
2967	2
2968	6
2969	7
2970	14
2971	7
2972	8
2973	3
2974	6
2975	14
2976	7
2977	13
2978	8
2979	7
2980	9
2981	12
2982	8
2983	8
2984	6
2985	8
2986	8
2987	6
2988	7
2989	4
2990	6
2991	5
2992	13
2993	10
2994	7
2995	3
2996	6
2997	7
2998	5
2999	4
3000	8
3001	7
3002	7
3003	6
3004	7
3005	2
3006	7
3007	8
3008	11
3009	5
3010	6
3011	7
3012	11
3013	6
3014	13
3015	12
3016	9
3017	10
3018	5
3019	13
3020	7
3021	4
3022	6
3023	5
3024	6
3025	7
3026	9
3027	8
3028	7
3029	6
3030	6
3031	7
3032	8
3033	5
3034	6
3035	5
3036	8
3037	10
3038	7
3039	5
3040	7
3041	5
3042	9
3043	5
3044	5
3045	4
3046	6
3047	11
3048	4
3049	6
3050	6
3051	7
3052	6
3053	4
3054	2
3055	5
3056	5
3057	5
3058	7
3059	6
3060	10
3061	8
3062	6
3063	9
3064	6
3065	5
3066	6
3067	4
3068	10
3069	7
3070	7
3071	8
3072	12
3073	4
3074	8
3075	4
3076	11
3077	5
3078	4
3079	4
3080	8
3081	5
3082	10
3083	7
3084	8
3085	8
3086	3
3087	4
3088	5
3089	5
3090	6
3091	8
3092	7
3093	5
3094	9
3095	8
3096	4
3097	3
3098	8
3099	6
3100	7
3101	4
3102	7
3103	6
3104	8
3105	4
3106	4
3107	7
3108	4
3109	6
3110	7
3111	5
3112	6
3113	8
3114	8
3115	8
3116	3
3117	8
3118	8
3119	4
3120	4
3121	7
3122	9
3123	4
3124	13
3125	5
3126	7
3127	3
3128	5
3129	3
3130	6
3131	7
3132	16
3133	5
3134	8
3135	7
3136	6
3137	7
3138	8
3139	3
3140	9
3141	11
3142	6
3143	8
3144	8
3145	6
3146	6
3147	8
3148	6
3149	6
3150	9
3151	5
3152	7
3153	6
3154	8
3155	4
3156	9
3157	4
3158	6
3159	3
3160	4
3161	6
3162	12
3163	7
3164	6
3165	6
3166	7
3167	10
3168	8
3169	6
3170	7
3171	8
3172	8
3173	5
3174	11
3175	6
3176	7
3177	7
3178	8
3179	12
3180	7
3181	7
3182	5
3183	7
3184	8
3185	2
3186	11
3187	7
3188	6
3189	3
3190	7
3191	2
3192	5
3193	9
3194	6
3195	10
3196	3
3197	16
3198	12
3199	2
3200	7
3201	8
3202	9
3203	5
3204	12
3205	7
3206	9
3207	6
3208	4
3209	9
3210	6
3211	10
3212	5
3213	3
3214	3
3215	7
3216	9
3217	6
3218	7
3219	4
3220	6
3221	6
3222	8
3223	10
3224	7
3225	11
3226	6
3227	9
3228	7
3229	6
3230	4
3231	8
3232	2
3233	2
3234	6
3235	6
3236	7
3237	7
3238	3
3239	4
3240	7
3241	5
3242	6
3243	4
3244	12
3245	6
3246	11
3247	5
3248	5
3249	9
3250	13
3251	6
3252	3
3253	6
3254	4
3255	4
3256	6
3257	6
3258	4
3259	6
3260	4
3261	5
3262	7
3263	7
3264	4
3265	10
3266	7
3267	9
3268	9
3269	8
3270	8
3271	1
3272	8
3273	9
3274	5
3275	6
3276	12
3277	7
3278	9
3279	8
3280	7
3281	8
3282	8
3283	4
3284	7
3285	7
3286	7
3287	8
3288	12
3289	2
3290	6
3291	7
3292	9
3293	5
3294	5
3295	6
3296	8
3297	7
3298	6
3299	7
3300	10
3301	5
3302	3
3303	8
3304	10
3305	9
3306	4
3307	2
3308	4
3309	7
3310	3
3311	9
3312	6
3313	9
3314	10
3315	8
3316	11
3317	3
3318	6
3319	8
3320	5
3321	3
3322	2
3323	10
3324	4
3325	3
3326	4
3327	5
3328	8
3329	7
3330	8
3331	2
3332	8
3333	2
3334	7
3335	6
3336	6
3337	4
3338	6
3339	10
3340	7
3341	4
3342	5
3343	6
3344	6
3345	7
3346	1
3347	8
3348	7
3349	4
3350	5
3351	8
3352	8
3353	6
3354	7
3355	11
3356	3
3357	5
3358	7
3359	6
3360	7
3361	8
3362	3
3363	6
3364	8
3365	6
3366	5
3367	4
3368	4
3369	8
3370	6
3371	7
3372	7
3373	5
3374	5
3375	7
3376	7
3377	4
3378	5
3379	7
3380	4
3381	9
3382	9
3383	4
3384	6
3385	7
3386	5
3387	4
3388	8
3389	5
3390	10
3391	2
3392	7
3393	7
3394	10
3395	9
3396	12
3397	6
3398	4
3399	9
3400	5
3401	4
3402	6
3403	5
3404	7
3405	7
3406	6
3407	11
3408	9
3409	5
3410	8
3411	8
3412	6
3413	11
3414	8
3415	9
3416	5
3417	10
3418	4
3419	12
3420	5
3421	9
3422	4
3423	9
3424	1
3425	7
3426	6
3427	6
3428	7
3429	6
3430	2
3431	7
3432	4
3433	7
3434	5
3435	2
3436	4
3437	5
3438	11
3439	4
3440	6
3441	4
3442	8
3443	10
3444	9
3445	4
3446	10
3447	8
3448	7
3449	10
3450	4
3451	5
3452	3
3453	8
3454	6
3455	5
3456	6
3457	6
3458	4
3459	5
3460	4
3461	6
3462	7
3463	2
3464	4
3465	8
3466	3
3467	4
3468	4
3469	4
3470	8
3471	11
3472	4
3473	5
3474	5
3475	7
3476	6
3477	9
3478	6
3479	7
3480	7
3481	6
3482	5
3483	10
3484	4
3485	7
3486	9
3487	8
3488	8
3489	3
3490	2
3491	7
3492	8
3493	11
3494	8
3495	6
3496	5
3497	10
3498	4
3499	7
3500	7
3501	7
3502	6
3503	7
3504	7
3505	5
3506	4
3507	6
3508	8
3509	2
3510	11
3511	6
3512	6
3513	9
3514	5
3515	8
3516	2
3517	4
3518	6
3519	5
3520	3
3521	3
3522	7
3523	7
3524	4
3525	8
3526	10
3527	6
3528	10
3529	2
3530	12
3531	7
3532	6
3533	2
3534	6
3535	5
3536	12
3537	5
3538	11
3539	5
3540	7
3541	4
3542	4
3543	9
3544	7
3545	4
3546	7
3547	2
3548	5
3549	8
3550	4
3551	8
3552	9
3553	5
3554	7
3555	5
3556	9
3557	12
3558	4
3559	4
3560	4
3561	4
3562	7
3563	7
3564	4
3565	6
3566	2
3567	9
3568	7
3569	6
3570	8
3571	9
3572	10
3573	3
3574	11
3575	4
3576	8
3577	9
3578	3
3579	4
3580	7
3581	7
3582	5
3583	5
3584	5
3585	8
3586	5
3587	6
3588	3
3589	10
3590	6
3591	7
3592	7
3593	10
3594	7
3595	9
3596	8
3597	7
3598	5
3599	8
3600	8
3601	5
3602	4
3603	9
3604	7
3605	6
3606	5
3607	7
3608	8
3609	7
3610	8
3611	7
3612	7
3613	6
3614	7
3615	3
3616	8
3617	10
3618	6
3619	5
3620	7
3621	2
3622	5
3623	7
3624	7
3625	6
3626	9
3627	7
3628	6
3629	7
3630	5
3631	5
3632	9
3633	11
3634	11
3635	3
3636	3
3637	6
3638	4
3639	6
3640	5
3641	7
3642	4
3643	2
3644	7
3645	5
3646	5
3647	5
3648	7
3649	6
3650	3
3651	5
3652	7
3653	10
3654	8
3655	6
3656	11
3657	4
3658	11
3659	6
3660	3
3661	6
3662	3
3663	7
3664	4
3665	3
3666	5
3667	5
3668	5
3669	4
3670	5
3671	2
3672	5
3673	8
3674	10
3675	4
3676	6
3677	3
3678	8
3679	2
3680	5
3681	9
3682	8
3683	2
3684	5
3685	5
3686	8
3687	9
3688	11
3689	6
3690	5
3691	8
3692	5
3693	5
3694	5
3695	5
3696	4
3697	6
3698	9
3699	5
3700	7
3701	9
3702	9
3703	3
3704	5
3705	12
3706	7
3707	7
3708	6
3709	5
3710	10
3711	12
3712	9
3713	7
3714	8
3715	5
3716	6
3717	9
3718	1
3719	8
3720	6
3721	7
3722	1
3723	5
3724	10
3725	9
3726	10
3727	9
3728	12
3729	7
3730	9
3731	14
3732	7
3733	6
3734	2
3735	5
3736	14
3737	7
3738	12
3739	7
3740	5
3741	1
3742	8
3743	5
3744	6
3745	4
3746	7
3747	10
3748	6
3749	8
3750	2
3751	5
3752	4
3753	7
3754	9
3755	3
3756	7
3757	6
3758	5
3759	3
3760	6
3761	7
3762	4
3763	6
3764	7
3765	6
3766	6
3767	9
3768	5
3769	7
3770	9
3771	6
3772	8
3773	8
3774	6
3775	6
3776	5
3777	2
3778	7
3779	9
3780	7
3781	4
3782	5
3783	3
3784	6
3785	7
3786	10
3787	6
3788	5
3789	4
3790	4
3791	4
3792	8
3793	4
3794	6
3795	9
3796	8
3797	12
3798	6
3799	5
3800	5
3801	4
3802	7
3803	6
3804	8
3805	9
3806	9
3807	7
3808	7
3809	8
3810	13
3811	8
3812	8
3813	7
3814	7
3815	8
3816	3
3817	7
3818	6
3819	8
3820	11
3821	8
3822	6
3823	4
3824	9
3825	2
3826	7
3827	5
3828	9
3829	7
3830	3
3831	7
3832	14
3833	5
3834	6
3835	11
3836	10
3837	6
3838	6
3839	7
3840	8
3841	8
3842	5
3843	11
3844	2
3845	7
3846	7
3847	5
3848	4
3849	6
3850	4
3851	10
3852	2
3853	7
3854	7
3855	11
3856	8
3857	6
3858	8
3859	5
3860	5
3861	6
3862	4
3863	4
3864	7
3865	8
3866	5
3867	9
3868	5
3869	5
3870	9
3871	3
3872	10
3873	6
3874	7
3875	8
3876	4
3877	5
3878	6
3879	3
3880	9
3881	5
3882	10
3883	7
3884	7
3885	6
3886	9
3887	4
3888	5
3889	9
3890	5
3891	10
3892	5
3893	5
3894	7
3895	8
3896	9
3897	4
3898	5
3899	5
3900	5
3901	7
3902	5
3903	4
3904	5
3905	6
3906	7
3907	4
3908	5
3909	6
3910	7
3911	8
3912	11
3913	9
3914	8
3915	5
3916	11
3917	2
3918	8
3919	7
3920	7
3921	5
3922	6
3923	8
3924	9
3925	3
3926	7
3927	8
3928	4
3929	7
3930	6
3931	4
3932	5
3933	8
3934	7
3935	9
3936	6
3937	10
3938	6
3939	6
3940	6
3941	8
3942	7
3943	6
3944	1
3945	10
3946	15
3947	8
3948	6
3949	7
3950	8
3951	9
3952	4
3953	7
3954	9
3955	5
3956	8
3957	8
3958	3
3959	9
3960	7
3961	6
3962	4
3963	8
3964	10
3965	8
3966	8
3967	6
3968	5
3969	8
3970	6
3971	5
3972	7
3973	13
3974	4
3975	6
3976	12
3977	4
3978	11
3979	15
3980	10
3981	7
3982	7
3983	7
3984	6
3985	4
3986	9
3987	7
3988	9
3989	3
3990	13
3991	7
3992	10
3993	7
3994	4
3995	5
3996	12
3997	10
3998	5
3999	4
4000	8
4001	8
4002	12
4003	10
4004	8
4005	6
4006	7
4007	4
4008	9
4009	7
4010	5
4011	5
4012	7
4013	3
4014	5
4015	4
4016	8
4017	10
4018	5
4019	9
4020	6
4021	10
4022	1
4023	6
4024	8
4025	12
4026	9
4027	6
4028	5
4029	5
4030	8
4031	9
4032	7
4033	9
4034	10
4035	6
4036	7
4037	6
4038	6
4039	8
4040	2
4041	6
4042	5
4043	5
4044	8
4045	4
4046	8
4047	10
4048	10
4049	3
4050	4
4051	6
4052	3
4053	7
4054	7
4055	4
4056	8
4057	4
4058	5
4059	5
4060	5
4061	8
4062	6
4063	5
4064	9
4065	7
4066	8
4067	12
4068	7
4069	8
4070	8
4071	8
4072	8
4073	7
4074	8
4075	6
4076	11
4077	8
4078	5
4079	6
4080	9
4081	8
4082	5
4083	8
4084	8
4085	10
4086	13
4087	15
4088	10
4089	7
4090	14
4091	7
4092	6
4093	14
4094	9
4095	10
4096	6
4097	6
4098	10
4099	10
4100	10
4101	4
4102	6
4103	5
4104	7
4105	5
4106	7
4107	7
4108	3
4109	6
4110	8
4111	7
4112	9
4113	5
4114	10
4115	7
4116	7
4117	14
4118	8
4119	7
4120	12
4121	9
4122	12
4123	5
4124	8
4125	9
4126	5
4127	6
4128	7
4129	16
4130	12
4131	3
4132	7
4133	9
4134	5
4135	10
4136	8
4137	7
4138	7
4139	5
4140	10
4141	5
4142	7
4143	13
4144	8
4145	12
4146	3
4147	7
4148	4
4149	10
4150	9
4151	8
4152	9
4153	11
4154	9
4155	11
4156	14
4157	10
4158	7
4159	8
4160	8
4161	9
4162	11
4163	6
4164	11
4165	4
4166	4
4167	8
4168	14
4169	6
4170	10
4171	5
4172	7
4173	14
4174	2
4175	9
4176	12
4177	13
4178	6
4179	6
4180	10
4181	12
4182	4
4183	10
4184	8
4185	14
4186	8
4187	9
4188	5
4189	5
4190	4
4191	9
4192	10
4193	9
4194	5
4195	7
4196	8
4197	9
4198	15
4199	11
4200	5
4201	6
4202	7
4203	6
4204	7
4205	8
4206	6
4207	5
4208	10
4209	6
4210	12
4211	8
4212	8
4213	11
4214	6
4215	8
4216	10
4217	14
4218	4
4219	5
4220	10
4221	9
4222	16
4223	9
4224	7
4225	11
4226	8
4227	8
4228	10
4229	6
4230	9
4231	11
4232	11
4233	10
4234	9
4235	9
4236	5
4237	6
4238	9
4239	3
4240	11
4241	12
4242	12
4243	6
4244	12
4245	8
4246	16
4247	10
4248	9
4249	5
4250	12
4251	7
4252	6
4253	14
4254	10
4255	11
4256	3
4257	6
4258	7
4259	6
4260	10
4261	15
4262	6
4263	5
4264	10
4265	12
4266	9
4267	7
4268	18
4269	7
4270	6
4271	12
4272	11
4273	6
4274	2
4275	9
4276	14
4277	9
4278	9
4279	15
4280	4
4281	11
4282	10
4283	9
4284	11
4285	11
4286	13
4287	4
4288	10
4289	8
4290	7
4291	8
4292	12
4293	6
4294	4
4295	5
4296	4
4297	6
4298	11
4299	11
4300	11
4301	6
4302	8
4303	6
4304	8
4305	7
4306	13
4307	15
4308	11
4309	6
4310	10
4311	4
4312	5
4313	9
4314	7
4315	10
4316	8
4317	11
4318	6
4319	7
4320	7
4321	9
4322	6
4323	10
4324	7
4325	12
4326	14
4327	9
4328	4
4329	4
4330	10
4331	8
4332	9
4333	7
4334	10
4335	6
4336	9
4337	12
4338	7
4339	8
4340	5
4341	4
4342	7
4343	8
4344	4
4345	9
4346	6
4347	10
4348	11
4349	9
4350	13
4351	10
4352	11
4353	6
4354	10
4355	15
4356	9
4357	5
4358	5
4359	7
4360	10
4361	7
4362	6
4363	5
4364	6
4365	10
4366	6
4367	5
4368	10
4369	6
4370	9
4371	8
4372	7
4373	9
4374	5
4375	10
4376	9
4377	7
4378	10
4379	13
4380	12
4381	3
4382	12
4383	9
4384	8
4385	6
4386	4
4387	5
4388	10
4389	5
4390	7
4391	6
4392	10
4393	4
4394	7
4395	9
4396	4
4397	11
4398	5
4399	5
4400	8
4401	4
4402	5
4403	4
4404	6
4405	4
4406	9
4407	7
4408	7
4409	3
4410	7
4411	6
4412	3
4413	6
4414	13
4415	6
4416	10
4417	5
4418	7
4419	6
4420	8
4421	11
4422	7
4423	4
4424	4
4425	6
4426	5
4427	8
4428	8
4429	1
4430	6
4431	8
4432	13
4433	8
4434	3
4435	8
4436	4
4437	3
4438	9
4439	4
4440	8
4441	5
4442	6
4443	5
4444	6
4445	4
4446	7
4447	6
4448	8
4449	6
4450	5
4451	6
4452	4
4453	3
4454	8
4455	6
4456	6
4457	6
4458	3
4459	6
4460	9
4461	10
4462	4
4463	10
4464	5
4465	4
4466	9
4467	4
4468	5
4469	5
4470	6
4471	8
4472	5
4473	6
4474	7
4475	5
4476	10
4477	7
4478	1
4479	7
4480	3
4481	1
4482	10
4483	4
4484	7
4485	5
4486	7
4487	7
4488	3
4489	5
4490	4
4491	4
4492	5
4493	9
4494	3
4495	3
4496	6
4497	5
4498	8
4499	3
4500	11
4501	5
4502	9
4503	3
4504	4
4505	7
4506	11
4507	5
4508	5
4509	4
4510	3
4511	4
4512	2
4513	9
4514	5
4515	3
4516	7
4517	5
4518	3
4519	10
4520	5
4521	4
4522	3
4523	4
4524	3
4525	6
4526	2
4527	1
4528	4
4529	4
4530	5
4531	2
4532	8
4533	2
4534	3
4535	3
4536	3
4537	2
4538	6
4539	4
4540	4
4541	3
4542	1
4543	4
4544	3
4545	4
4546	5
4547	0
4548	5
4549	5
4550	5
4551	4
4552	4
4553	2
4554	2
4555	1
4556	3
4557	6
4558	5
4559	5
4560	5
4561	4
4562	2
4563	6
4564	2
4565	4
4566	5
4567	6
4568	3
4569	1
4570	3
4571	4
4572	5
4573	7
4574	2
4575	4
4576	3
4577	2
4578	3
4579	5
4580	6
4581	4
4582	3
4583	2
4584	0
4585	4
4586	3
4587	3
4588	5
4589	0
4590	6
4591	2
4592	2
4593	5
4594	2
4595	1
4596	4
4597	3
4598	2
4599	5
4600	4
4601	2
4602	3
4603	0
4604	4
4605	5
4606	3
4607	2
4608	2
4609	3
4610	2
4611	2
4612	7
4613	2
4614	3
4615	0
4616	2
4617	2
4618	3
4619	4
4620	1
4621	0
4622	5
4623	4
4624	1
4625	3
4626	1
4627	2
4628	4
4629	4
4630	5
4631	1
4632	6
4633	4
4634	3
4635	3
4636	2
4637	7
4638	3
4639	4
4640	1
4641	2
4642	2
4643	3
4644	1
4645	2
4646	1
4647	3
4648	4
4649	4
4650	3
4651	1
4652	2
4653	0
4654	1
4655	2
4656	4
4657	2
4658	3
4659	2
4660	1
4661	0
4662	0
4663	6
4664	4
4665	3
4666	5
4667	2
4668	5
4669	1
4670	2
4671	1
4672	2
4673	4
4674	6
4675	3
4676	4
4677	3
4678	3
4679	2
4680	2
4681	2
4682	4
4683	1
4684	3
4685	3
4686	4
4687	3
4688	1
4689	2
4690	1
4691	3
4692	1
4693	1
4694	2
4695	1
4696	2
4697	3
4698	2
4699	0
4700	2
4701	4
4702	3
4703	0
4704	3
4705	1
4706	1
4707	4
4708	2
4709	3
4710	1
4711	1
4712	3
4713	3
4714	4
4715	3
4716	1
4717	5
4718	2
4719	5
4720	2
4721	1
4722	2
4723	3
4724	0
4725	2
4726	0
4727	6
4728	1
4729	0
4730	1
4731	1
4732	2
4733	4
4734	1
4735	2
4736	0
4737	2
4738	1
4739	1
4740	4
4741	4
4742	2
4743	2
4744	0
4745	3
4746	0
4747	2
4748	2
4749	2
4750	2
4751	1
4752	1
4753	1
4754	1
4755	1
4756	3
4757	2
4758	1
4759	5
4760	3
4761	3
4762	1
4763	2
4764	6
4765	2
4766	3
4767	3
4768	4
4769	1
4770	3
4771	3
4772	5
4773	1
4774	0
4775	1
4776	0
4777	1
4778	2
4779	3
4780	2
4781	2
4782	1
4783	2
4784	3
4785	1
4786	1
4787	2
4788	1
4789	2
4790	2
4791	2
4792	2
4793	1
4794	4
4795	3
4796	4
4797	0
4798	1
4799	1
4800	2
4801	3
4802	1
4803	2
4804	1
4805	2
4806	1
4807	2
4808	1
4809	1
4810	1
4811	0
4812	3
4813	1
4814	3
4815	0
4816	0
4817	1
4818	0
4819	0
4820	1
4821	4
4822	0
4823	2
4824	3
4825	2
4826	1
4827	1
4828	1
4829	0
4830	2
4831	0
4832	4
4833	1
4834	1
4835	1
4836	2
4837	2
4838	2
4839	0
4840	0
4841	3
4842	1
4843	2
4844	1
4845	1
4846	2
4847	2
4848	1
4849	1
4850	3
4851	0
4852	1
4853	0
4854	3
4855	0
4856	1
4857	2
4858	1
4859	0
4860	0
4861	2
4862	1
4863	1
4864	0
4865	1
4866	1
4867	0
4868	0
4869	0
4870	3
4871	1
4872	1
4873	1
4874	3
4875	3
4876	0
4877	2
4878	2
4879	1
4880	3
4881	2
4882	2
4883	1
4884	0
4885	1
4886	2
4887	1
4888	1
4889	0
4890	0
4891	3
4892	0
4893	0
4894	2
4895	1
4896	2
4897	1
4898	1
4899	1
4900	0
4901	1
4902	1
4903	0
4904	1
4905	1
4906	0
4907	0
4908	0
4909	2
4910	1
4911	3
4912	0
4913	0
4914	0
4915	0
4916	3
4917	2
4918	0
4919	1
4920	2
4921	2
4922	1
4923	0
4924	1
4925	3
4926	0
4927	0
4928	1
4929	1
4930	7
4931	3
4932	0
4933	1
4934	1
4935	0
4936	2
4937	1
4938	0
4939	1
4940	0
4941	2
4942	0
4943	1
4944	1
4945	0
4946	1
4947	2
4948	1
4949	2
4950	0
4951	0
4952	0
4953	1
4954	1
4955	1
4956	1
4957	1
4958	1
4959	4
4960	1
4961	2
4962	0
4963	0
4964	0
4965	1
4966	0
4967	1
4968	0
4969	0
4970	1
4971	0
4972	2
4973	1
4974	0
4975	0
4976	0
4977	1
4978	1
4979	1
4980	1
4981	3
4982	1
4983	2
4984	1
4985	2
4986	1
4987	1
4988	0
4989	3
4990	1
4991	0
4992	2
4993	0
4994	1
4995	2
4996	0
4997	0
4998	1
4999	2
5000	1
5001	0
5002	0
5003	2
5004	0
5005	3
5006	1
5007	0
5008	1
5009	0
5010	1
5011	1
5012	1
5013	3
5014	0
5015	1
5016	0
5017	1
5018	0
5019	0
5020	2
5021	0
5022	0
5023	0
5024	0
5025	0
5026	3
5027	1
5028	0
5029	1
5030	0
5031	1
5032	0
5033	1
5034	3
5035	0
5036	0
5037	1
5038	0
5039	0
5040	2
5041	1
5042	1
5043	0
5044	0
5045	2
5046	0
5047	3
5048	0
5049	2
5050	0
5051	1
5052	0
5053	1
5054	0
5055	0
5056	1
5057	1
5058	1
5059	1
5060	0
5061	1
5062	1
5063	2
5064	1
5065	0
5066	1
5067	1
5068	1
5069	0
5070	0
5071	0
5072	0
5073	1
5074	1
5075	0
5076	0
5077	0
5078	1
5079	1
5080	2
5081	0
5082	0
5083	1
5084	0
5085	0
5086	0
5087	1
5088	2
5089	1
5090	1
5091	1
5092	2
5093	1
5094	4
5095	0
5096	1
5097	0
5098	2
5099	0
5100	1
5101	1
5102	1
5103	3
5104	0
5105	1
5106	1
5107	1
5108	1
5109	0
5110	1
5111	0
5112	2
5113	1
5114	1
5115	1
5116	1
5117	0
5118	1
5119	0
5120	1
5121	0
5122	0
5123	0
5124	1
5125	0
5126	2
5127	0
5128	0
5129	1
5130	0
5131	1
5132	0
5133	0
5134	0
5135	0
5136	2
5137	1
5138	0
5139	1
5140	0
5141	0
5142	2
5143	0
5144	1
5145	0
5146	2
5147	1
5148	0
5149	0
5150	0
5151	1
5152	0
5153	0
5154	2
5155	0
5156	0
5157	1
5158	1
5159	0
5160	0
5161	2
5162	1
5163	1
5164	0
5165	2
5166	1
5167	1
5168	1
5169	1
5170	2
5171	0
5172	0
5173	1
5174	2
5175	0
5176	0
5177	0
5178	3
5179	0
5180	0
5181	0
5182	0
5183	1
5184	1
5185	2
5186	0
5187	0
5188	1
5189	0
5190	0
5191	0
5192	0
5193	0
5194	0
5195	2
5196	1
5197	1
5198	0
5199	1
5200	0
5201	1
5202	1
5203	1
5204	0
5205	1
5206	0
5207	0
5208	1
5209	1
5210	0
5211	1
5212	1
5213	1
5214	0
5215	2
5216	0
5217	0
5218	0
5219	1
5220	0
5221	1
5222	0
5223	0
5224	2
5225	0
5226	0
5227	1
5228	1
5229	1
5230	0
5231	0
5232	0
5233	1
5234	0
5235	0
5236	2
5237	1
5238	1
5239	1
5240	0
5241	1
5242	0
5243	0
5244	2
5245	2
5246	0
5247	0
5248	2
5249	3
5250	0
5251	2
5252	3
5253	0
5254	0
5255	0
5256	0
5257	0
5258	1
5259	0
5260	1
5261	1
5262	0
5263	0
5264	0
5265	0
5266	0
5267	0
5268	1
5269	0
5270	1
5271	0
5272	0
5273	0
5274	0
5275	0
5276	0
5277	0
5278	0
5279	1
5280	0
5281	0
5282	0
5283	1
5284	0
5285	1
5286	0
5287	0
5288	0
5289	0
5290	2
5291	1
5292	0
5293	1
5294	1
5295	0
5296	0
5297	1
5298	1
5299	1
5300	0
5301	1
5302	1
5303	0
5304	1
5305	0
5306	1
5307	1
5308	1
5309	0
5310	0
5311	3
5312	0
5313	0
5314	0
5315	1
5316	1
5317	0
5318	0
5319	0
5320	1
5321	0
5322	0
5323	2
5324	2
5325	0
5326	2
5327	1
5328	0
5329	0
5330	0
5331	0
5332	0
5333	1
5334	0
5335	1
5336	0
5337	1
5338	1
5339	0
5340	1
5341	2
5342	0
5343	0
5344	0
5345	0
5346	1
5347	1
5348	0
5349	0
5350	3
5351	1
5352	2
5353	1
5354	0
5355	1
5356	0
5357	0
5358	1
5359	2
5360	1
5361	1
5362	1
5363	0
5364	0
5365	0
5366	1
5367	0
5368	0
5369	0
5370	2
5371	0
5372	1
5373	0
5374	0
5375	0
5376	1
5377	1
5378	0
5379	0
5380	0
5381	0
5382	0
5383	0
5384	2
5385	0
5386	1
5387	0
5388	1
5389	0
5390	0
5391	0
5392	0
5393	0
5394	1
5395	0
5396	0
5397	0
5398	1
5399	0
5400	1
5401	0
5402	0
5403	0
5404	0
5405	1
5406	1
5407	1
5408	2
5409	1
5410	0
5411	0
5412	1
5413	1
5414	1
5415	1
5416	0
5417	0
5418	1
5419	1
5420	0
5421	0
5422	0
5423	0
5424	0
5425	0
5426	0
5427	0
5428	0
5429	0
5430	0
5431	2
5432	1
5433	0
5434	0
5435	0
5436	0
5437	1
5438	3
5439	1
5440	0
5441	0
5442	0
5443	0
5444	2
5445	1
5446	0
5447	1
5448	0
5449	0
5450	0
5451	1
5452	1
5453	0
5454	0
5455	0
5456	0
5457	0
5458	0
5459	0
5460	0
5461	1
5462	0
5463	0
5464	0
5465	2
5466	1
5467	0
5468	1
5469	1
5470	0
5471	0
5472	0
5473	0
5474	0
5475	1
5476	0
5477	1
5478	1
5479	0
5480	2
5481	1
5482	0
5483	0
5484	0
5485	0
5486	0
5487	0
5488	0
5489	1
5490	1
5491	0
5492	1
5493	2
5494	0
5495	0
5496	0
5497	1
5498	0
5499	1
5500	1
5501	1
5502	0
5503	0
5504	0
5505	0
5506	1
5507	1
5508	1
5509	2
5510	0
5511	1
5512	0
5513	0
5514	1
5515	1
5516	1
5517	0
5518	2
5519	1
5520	0
5521	1
5522	0
5523	0
5524	0
5525	2
5526	0
5527	0
5528	3
5529	1
5530	0
5531	0
5532	1
5533	0
5534	0
5535	0
5536	0
5537	1
5538	1
5539	0
5540	1
5541	1
5542	0
5543	1
5544	2
5545	0
5546	1
5547	0
5548	0
5549	0
5550	0
5551	0
5552	1
5553	0
5554	1
5555	1
5556	0
5557	1
5558	0
5559	2
5560	0
5561	3
5562	0
5563	0
5564	0
5565	0
5566	0
5567	1
5568	2
5569	0
5570	1
5571	0
5572	0
5573	0
5574	1
5575	0
5576	1
5577	2
5578	0
5579	0
5580	1
5581	0
5582	1
5583	1
5584	1
5585	0
5586	1
5587	1
5588	2
5589	0
5590	1
5591	0
5592	0
5593	0
5594	0
5595	0
5596	0
5597	1
5598	0
5599	0
5600	0
5601	0
5602	0
5603	0
5604	0
5605	0
5606	0
5607	1
5608	0
5609	0
5610	1
5611	0
5612	1
5613	1
5614	0
5615	0
5616	0
5617	0
5618	1
5619	0
5620	0
5621	0
5622	0
5623	1
5624	0
5625	0
5626	1
5627	0
5628	1
5629	0
5630	1
5631	0
5632	1
5633	2
5634	1
5635	1
5636	2
5637	0
5638	0
5639	0
5640	1
5641	0
5642	0
5643	2
5644	0
5645	0
5646	0
5647	0
5648	0
5649	1
5650	1
5651	0
5652	0
5653	0
5654	0
5655	1
5656	0
5657	2
5658	1
5659	1
5660	0
5661	0
5662	0
5663	0
5664	2
5665	1
5666	0
5667	0
5668	0
5669	0
5670	1
5671	1
5672	1
5673	0
5674	0
5675	0
5676	0
5677	1
5678	0
5679	1
5680	1
5681	1
5682	0
5683	0
5684	0
5685	0
5686	1
5687	1
5688	0
5689	0
5690	0
5691	1
5692	0
5693	0
5694	0
5695	0
5696	0
5697	0
5698	0
5699	1
5700	0
5701	1
5702	2
5703	1
5704	1
5705	1
5706	0
5707	0
5708	0
5709	0
5710	0
5711	1
5712	0
5713	0
5714	0
5715	1
5716	0
5717	0
5718	0
5719	1
5720	1
5721	0
5722	0
5723	2
5724	0
5725	1
5726	0
5727	1
5728	1
5729	2
5730	0
5731	0
5732	1
5733	2
5734	1
5735	0
5736	0
5737	1
5738	0
5739	0
5740	0
5741	0
5742	0
5743	0
5744	0
5745	0
5746	0
5747	1
5748	0
5749	1
5750	1
5751	1
5752	0
5753	0
5754	0
5755	1
5756	1
5757	0
5758	0
5759	1
5760	0
5761	0
5762	0
5763	0
5764	0
5765	0
5766	0
5767	0
5768	1
5769	1
5770	0
5771	0
5772	0
5773	1
5774	1
5775	0
5776	1
5777	0
5778	0
5779	1
5780	0
5781	1
5782	1
5783	1
5784	1
5785	0
5786	0
5787	0
5788	0
5789	2
5790	1
5791	1
5792	2
5793	1
5794	1
5795	0
5796	0
5797	0
5798	2
5799	0
5800	0
5801	0
5802	1
5803	2
5804	0
5805	1
5806	1
5807	0
5808	0
5809	2
5810	1
5811	0
5812	1
5813	1
5814	1
5815	0
5816	0
5817	2
5818	0
5819	0
5820	2
5821	1
5822	0
5823	0
5824	0
5825	1
5826	2
5827	0
5828	1
5829	0
5830	1
5831	1
5832	0
5833	0
5834	0
5835	0
5836	0
5837	0
5838	0
5839	0
5840	0
5841	1
5842	0
5843	0
5844	0
5845	1
5846	0
5847	0
5848	0
5849	0
5850	1
5851	0
5852	0
5853	0
5854	1
5855	1
5856	0
5857	2
5858	0
5859	2
5860	0
5861	0
5862	1
5863	1
5864	2
5865	0
5866	0
5867	0
5868	1
5869	0
5870	0
5871	0
5872	1
5873	2
5874	1
5875	1
5876	0
5877	2
5878	0
5879	0
5880	2
5881	1
5882	0
5883	0
5884	0
5885	0
5886	1
5887	0
5888	0
5889	0
5890	0
5891	0
5892	0
5893	0
5894	0
5895	1
5896	0
5897	1
5898	0
5899	1
5900	0
5901	1
5902	1
5903	1
5904	0
5905	0
5906	0
5907	0
5908	0
5909	0
5910	1
5911	2
5912	0
5913	0
5914	0
5915	0
5916	0
5917	2
5918	0
5919	0
5920	0
5921	0
5922	0
5923	1
5924	1
5925	0
5926	1
5927	0
5928	1
5929	0
5930	0
5931	0
5932	1
5933	1
5934	0
5935	0
5936	0
5937	0
5938	1
5939	0
5940	0
5941	0
5942	1
5943	0
5944	0
5945	1
5946	0
5947	0
5948	1
5949	0
5950	0
5951	2
5952	0
5953	0
5954	0
5955	0
5956	1
5957	1
5958	0
5959	0
5960	0
5961	1
5962	1
5963	0
5964	0
5965	1
5966	1
5967	0
5968	1
5969	1
5970	0
5971	0
5972	0
5973	0
5974	0
5975	0
5976	0
5977	2
5978	0
5979	2
5980	0
5981	0
5982	1
5983	0
5984	0
5985	0
5986	0
5987	0
5988	0
5989	0
5990	0
5991	0
5992	0
5993	0
5994	1
5995	0
5996	0
5997	0
5998	0
5999	0
6000	0
6001	0
6002	0
6003	1
6004	1
6005	0
6006	1
6007	1
6008	1
6009	0
6010	1
6011	1
6012	1
6013	0
6014	0
6015	0
6016	0
6017	0
6018	0
6019	0
6020	0
6021	0
6022	0
6023	0
6024	0
6025	0
6026	1
6027	1
6028	1
6029	1
6030	0
6031	2
6032	0
6033	2
6034	0
6035	0
6036	1
6037	2
6038	1
6039	1
6040	1
6041	0
6042	0
6043	1
6044	0
6045	0
6046	2
6047	1
6048	0
6049	0
6050	1
6051	2
6052	1
6053	0
6054	0
6055	0
6056	0
6057	1
6058	0
6059	0
6060	1
6061	0
6062	0
6063	1
6064	1
6065	0
6066	1
6067	1
6068	1
6069	1
6070	0
6071	0
6072	0
6073	0
6074	1
6075	0
6076	0
6077	0
6078	1
6079	0
6080	1
6081	0
6082	1
6083	1
6084	0
6085	0
6086	1
6087	0
6088	1
6089	0
6090	1
6091	1
6092	0
6093	0
6094	1
6095	0
6096	0
6097	1
6098	0
6099	1
6100	1
6101	0
6102	0
6103	1
6104	0
6105	1
6106	0
6107	1
6108	1
6109	0
6110	0
6111	0
6112	1
6113	1
6114	1
6115	0
6116	0
6117	0
6118	1
6119	0
6120	0
6121	0
6122	1
6123	1
6124	0
6125	0
6126	0
6127	2
6128	1
6129	0
6130	1
6131	0
6132	0
6133	1
6134	2
6135	1
6136	1
6137	0
6138	0
6139	0
6140	1
6141	1
6142	0
6143	0
6144	0
6145	2
6146	0
6147	1
6148	0
6149	0
6150	0
6151	1
6152	1
6153	0
6154	0
6155	0
6156	0
6157	1
6158	1
6159	0
6160	0
6161	0
6162	1
6163	1
6164	0
6165	1
6166	0
6167	1
6168	2
6169	0
6170	0
6171	1
6172	1
6173	1
6174	0
6175	1
6176	0
6177	1
6178	0
6179	1
6180	1
6181	2
6182	0
6183	0
6184	0
6185	1
6186	0
6187	0
6188	0
6189	0
6190	0
6191	0
6192	0
6193	1
6194	0
6195	0
6196	0
6197	0
6198	0
6199	0
6200	0
6201	0
6202	2
6203	2
6204	0
6205	0
6206	0
6207	0
6208	2
6209	4
6210	1
6211	0
6212	0
6213	0
6214	3
6215	1
6216	0
6217	0
6218	0
6219	0
6220	0
6221	1
6222	0
6223	0
6224	0
6225	1
6226	0
6227	1
6228	2
6229	2
6230	0
6231	0
6232	0
6233	0
6234	0
6235	0
6236	0
6237	0
6238	0
6239	1
6240	0
6241	1
6242	2
6243	1
6244	0
6245	2
6246	0
6247	1
6248	0
6249	2
6250	1
6251	1
6252	0
6253	1
6254	0
6255	0
6256	0
6257	0
6258	1
6259	0
6260	0
6261	1
6262	0
6263	1
6264	0
6265	0
6266	0
6267	0
6268	0
6269	0
6270	0
6271	0
6272	0
6273	1
6274	0
6275	0
6276	2
6277	0
6278	0
6279	0
6280	1
6281	0
6282	0
6283	0
6284	1
6285	1
6286	0
6287	1
6288	0
6289	0
6290	1
6291	0
6292	1
6293	0
6294	0
6295	0
6296	2
6297	0
6298	1
6299	0
6300	1
6301	0
6302	0
6303	1
6304	0
6305	1
6306	0
6307	1
6308	0
6309	1
6310	0
6311	0
6312	0
6313	0
6314	0
6315	2
6316	2
6317	1
6318	2
6319	0
6320	1
6321	1
6322	0
6323	0
6324	0
6325	0
6326	2
6327	0
6328	1
6329	1
6330	1
6331	0
6332	1
6333	1
6334	0
6335	2
6336	0
6337	0
6338	0
6339	0
6340	0
6341	0
6342	0
6343	0
6344	0
6345	0
6346	0
6347	2
6348	1
6349	0
6350	0
6351	1
6352	0
6353	0
6354	1
6355	0
6356	0
6357	0
6358	0
6359	0
6360	0
6361	0
6362	0
6363	0
6364	1
6365	2
6366	1
6367	0
6368	1
6369	0
6370	1
6371	0
6372	1
6373	0
6374	0
6375	0
6376	0
6377	0
6378	0
6379	0
6380	0
6381	0
6382	0
6383	1
6384	0
6385	0
6386	0
6387	0
6388	0
6389	0
6390	0
6391	0
6392	2
6393	1
6394	0
6395	1
6396	1
6397	0
6398	0
6399	1
6400	0
6401	0
6402	0
6403	0
6404	2
6405	0
6406	1
6407	0
6408	0
6409	0
6410	1
6411	0
6412	1
6413	1
6414	1
6415	0
6416	2
6417	0
6418	0
6419	0
6420	1
6421	0
6422	0
6423	2
6424	0
6425	1
6426	1
6427	1
6428	0
6429	0
6430	0
6431	0
6432	0
6433	1
6434	1
6435	1
6436	0
6437	2
6438	0
6439	0
6440	1
6441	1
6442	0
6443	0
6444	2
6445	1
6446	0
6447	1
6448	0
6449	1
6450	1
6451	0
6452	0
6453	0
6454	1
6455	0
6456	0
6457	0
6458	1
6459	0
6460	0
6461	0
6462	1
6463	1
6464	0
6465	0
6466	1
6467	1
6468	0
6469	0
6470	0
6471	0
6472	0
6473	1
6474	0
6475	0
6476	1
6477	2
6478	0
6479	1
6480	1
6481	1
6482	0
6483	0
6484	1
6485	0
6486	0
6487	0
6488	1
6489	0
6490	0
6491	1
6492	1
6493	0
6494	0
6495	0
6496	0
6497	2
6498	1
6499	0
6500	2
6501	1
6502	0
6503	0
6504	1
6505	0
6506	0
6507	0
6508	1
6509	0
6510	0
6511	0
6512	0
6513	0
6514	1
6515	0
6516	0
6517	0
6518	0
6519	0
6520	0
6521	1
6522	1
6523	1
6524	2
6525	0
6526	0
6527	0
6528	1
6529	0
6530	0
6531	0
6532	0
6533	1
6534	0
6535	0
6536	0
6537	0
6538	0
6539	0
6540	0
6541	0
6542	0
6543	0
6544	1
6545	0
6546	0
6547	0
6548	0
6549	2
6550	0
6551	0
6552	0
6553	0
6554	0
6555	0
6556	0
6557	0
6558	0
6559	0
6560	0
6561	1
6562	0
6563	0
6564	0
6565	0
6566	0
6567	2
6568	0
6569	0
6570	0
6571	0
6572	1
6573	0
6574	0
6575	0
6576	0
6577	0
6578	0
6579	1
6580	1
6581	0
6582	1
6583	1
6584	0
6585	1
6586	2
6587	0
6588	1
6589	1
6590	0
6591	2
6592	0
6593	1
6594	0
6595	0
6596	0
6597	0
6598	2
6599	0
6600	1
6601	0
6602	0
6603	0
6604	0
6605	1
6606	2
6607	0
6608	0
6609	0
6610	0
6611	0
6612	1
6613	1
6614	0
6615	0
6616	0
6617	0
6618	1
6619	1
6620	2
6621	1
6622	0
6623	1
6624	1
6625	0
6626	0
6627	3
6628	0
6629	1
6630	2
6631	1
6632	0
6633	1
6634	0
6635	0
6636	0
6637	0
6638	0
6639	0
6640	0
6641	0
6642	0
6643	0
6644	1
6645	0
6646	0
6647	1
6648	0
6649	0
6650	0
6651	0
6652	0
6653	2
6654	1
6655	0
6656	0
6657	0
6658	0
6659	0
6660	0
6661	0
6662	1
6663	0
6664	1
6665	0
6666	0
6667	0
6668	2
6669	0
6670	0
6671	0
6672	0
6673	0
6674	0
6675	0
6676	1
6677	0
6678	2
6679	1
6680	1
6681	1
6682	0
6683	0
6684	0
6685	0
6686	0
6687	2
6688	0
6689	0
6690	0
6691	0
6692	1
6693	0
6694	0
6695	0
6696	0
6697	0
6698	1
6699	1
6700	1
6701	1
6702	1
6703	0
6704	0
6705	0
6706	0
6707	0
6708	0
6709	0
6710	1
6711	0
6712	1
6713	0
6714	1
6715	0
6716	0
6717	0
6718	0
6719	0
6720	1
6721	2
6722	0
6723	0
6724	0
6725	1
6726	0
6727	0
6728	2
6729	0
6730	0
6731	0
6732	0
6733	1
6734	0
6735	0
6736	0
6737	0
6738	1
6739	0
6740	1
6741	0
6742	1
6743	0
6744	0
6745	0
6746	0
6747	0
6748	1
6749	0
6750	1
6751	0
6752	1
6753	2
6754	0
6755	0
6756	0
6757	0
6758	0
6759	1
6760	1
6761	0
6762	0
6763	0
6764	1
6765	0
6766	0
6767	0
6768	1
6769	1
6770	0
6771	1
6772	0
6773	1
6774	2
6775	1
6776	0
6777	1
6778	1
6779	0
6780	0
6781	0
6782	0
6783	0
6784	0
6785	2
6786	0
6787	1
6788	0
6789	0
6790	0
6791	0
6792	0
6793	0
6794	1
6795	0
6796	0
6797	0
6798	0
6799	0
6800	0
6801	0
6802	2
6803	0
6804	0
6805	0
6806	0
6807	0
6808	0
6809	2
6810	0
6811	0
6812	0
6813	1
6814	0
6815	0
6816	1
6817	0
6818	0
6819	0
6820	0
6821	2
6822	0
6823	0
6824	0
6825	0
6826	0
6827	1
6828	0
6829	0
6830	3
6831	0
6832	0
6833	0
6834	1
6835	2
6836	2
6837	0
6838	0
6839	0
6840	0
6841	0
6842	0
6843	0
6844	0
6845	0
6846	1
6847	0
6848	0
6849	0
6850	1
6851	0
6852	1
6853	1
6854	0
6855	0
6856	0
6857	0
6858	0
6859	0
6860	0
6861	2
6862	0
6863	0
6864	0
6865	0
6866	2
6867	1
6868	0
6869	0
6870	1
6871	0
6872	1
6873	1
6874	1
6875	1
6876	1
6877	0
6878	1
6879	0
6880	2
6881	0
6882	0
6883	1
6884	0
6885	0
6886	1
6887	0
6888	0
6889	0
6890	0
6891	0
6892	0
6893	0
6894	1
6895	1
6896	1
6897	1
6898	1
6899	0
6900	1
6901	1
6902	0
6903	1
6904	1
6905	1
6906	0
6907	1
6908	1
6909	0
6910	1
6911	0
6912	0
6913	0
6914	0
6915	0
6916	0
6917	1
6918	1
6919	0
6920	0
6921	0
6922	0
6923	0
6924	2
6925	0
6926	0
6927	0
6928	0
6929	0
6930	0
6931	0
6932	0
6933	0
6934	0
6935	1
6936	1
6937	0
6938	0
6939	0
6940	0
6941	0
6942	0
6943	0
6944	0
6945	0
6946	1
6947	1
6948	0
6949	0
6950	0
6951	1
6952	0
6953	0
6954	1
6955	1
6956	0
6957	0
6958	0
6959	1
6960	1
6961	1
6962	0
6963	0
6964	0
6965	0
6966	1
6967	0
6968	1
6969	0
6970	0
6971	0
6972	0
6973	0
6974	1
6975	0
6976	0
6977	1
6978	1
6979	1
6980	0
6981	0
6982	1
6983	1
6984	1
6985	0
6986	0
6987	0
6988	0
6989	0
6990	0
6991	1
6992	0
6993	1
6994	0
6995	0
6996	0
6997	0
6998	0
6999	0
7000	1
7001	0
7002	0
7003	0
7004	1
7005	1
7006	0
7007	0
7008	0
7009	0
7010	0
7011	0
7012	0
7013	0
7014	1
7015	0
7016	0
7017	0
7018	0
7019	0
7020	0
7021	1
7022	1
7023	2
7024	0
7025	1
7026	0
7027	1
7028	1
7029	0
7030	0
7031	0
7032	0
7033	0
7034	0
7035	0
7036	0
7037	0
7038	1
7039	0
7040	0
7041	0
7042	2
7043	0
7044	1
7045	1
7046	0
7047	0
7048	0
7049	1
7050	0
7051	0
7052	0
7053	1
7054	0
7055	0
7056	1
7057	0
7058	0
7059	0
7060	2
7061	1
7062	1
7063	1
7064	1
7065	0
7066	0
7067	0
7068	0
7069	0
7070	0
7071	0
7072	0
7073	0
7074	1
7075	0
7076	1
7077	0
7078	1
7079	1
7080	0
7081	0
7082	1
7083	0
7084	0
7085	1
7086	1
7087	1
7088	1
7089	1
7090	0
7091	0
7092	1
7093	0
7094	0
7095	1
7096	0
7097	0
7098	0
7099	1
7100	0
7101	0
7102	0
7103	0
7104	2
7105	0
7106	0
7107	0
7108	0
7109	0
7110	0
7111	0
7112	0
7113	0
7114	2
7115	2
7116	0
7117	1
7118	1
7119	0
7120	0
7121	0
7122	0
7123	0
7124	1
7125	0
7126	0
7127	0
7128	0
7129	0
7130	0
7131	0
7132	0
7133	0
7134	1
7135	0
7136	0
7137	0
7138	0
7139	1
7140	0
7141	0
7142	0
7143	0
7144	0
7145	1
7146	0
7147	1
7148	1
7149	0
7150	1
7151	0
7152	0
7153	1
7154	1
7155	0
7156	1
7157	0
7158	1
7159	1
7160	0
7161	0
7162	1
7163	0
7164	0
7165	1
7166	0
7167	0
7168	0
7169	0
7170	0
7171	0
7172	0
7173	0
7174	0
7175	0
7176	0
7177	1
7178	0
7179	1
7180	0
7181	0
7182	1
7183	0
7184	0
7185	0
7186	0
7187	1
7188	0
7189	0
7190	1
7191	0
7192	2
7193	0
7194	1
7195	0
7196	0
7197	0
7198	1
7199	0
7200	0
7201	1
7202	2
7203	0
7204	0
7205	0
7206	0
7207	1
7208	0
7209	0
7210	1
7211	0
7212	1
7213	2
7214	1
7215	0
7216	0
7217	0
7218	0
7219	0
7220	1
7221	1
7222	0
7223	0
7224	0
7225	1
7226	0
7227	1
7228	0
7229	0
7230	0
7231	1
7232	0
7233	0
7234	0
7235	1
7236	0
7237	1
7238	1
7239	2
7240	2
7241	1
7242	0
7243	1
7244	0
7245	1
7246	0
7247	0
7248	1
7249	0
7250	0
7251	1
7252	0
7253	0
7254	1
7255	0
7256	0
7257	1
7258	0
7259	0
7260	0
7261	0
7262	1
7263	0
7264	2
7265	0
7266	0
7267	0
7268	0
7269	0
7270	1
7271	0
7272	0
7273	0
7274	1
7275	0
7276	1
7277	1
7278	0
7279	0
7280	2
7281	0
7282	0
7283	0
7284	0
7285	0
7286	1
7287	0
7288	0
7289	0
7290	0
7291	0
7292	0
7293	1
7294	0
7295	1
7296	0
7297	0
7298	0
7299	0
7300	0
7301	0
7302	0
7303	0
7304	0
7305	0
7306	0
7307	0
7308	0
7309	0
7310	1
7311	0
7312	0
7313	1
7314	1
7315	0
7316	0
7317	0
7318	0
7319	0
7320	0
7321	1
7322	1
7323	0
7324	0
7325	2
7326	0
7327	0
7328	0
7329	0
7330	0
7331	0
7332	1
7333	1
7334	1
7335	0
7336	0
7337	0
7338	0
7339	0
7340	0
7341	0
7342	0
7343	2
7344	1
7345	0
7346	0
7347	2
7348	0
7349	0
7350	0
7351	0
7352	1
7353	0
7354	0
7355	0
7356	0
7357	1
7358	0
7359	0
7360	0
7361	0
7362	0
7363	1
7364	0
7365	1
7366	0
7367	0
7368	0
7369	0
7370	0
7371	0
7372	0
7373	1
7374	0
7375	0
7376	0
7377	1
7378	0
7379	0
7380	1
7381	1
7382	0
7383	2
7384	0
7385	0
7386	1
7387	1
7388	0
7389	0
7390	1
7391	0
7392	0
7393	0
7394	0
7395	1
7396	0
7397	1
7398	0
7399	1
7400	0
7401	0
7402	0
7403	0
7404	0
7405	0
7406	1
7407	1
7408	0
7409	0
7410	0
7411	0
7412	0
7413	0
7414	0
7415	0
7416	1
7417	2
7418	0
7419	1
7420	0
7421	1
7422	1
7423	0
7424	0
7425	0
7426	0
7427	0
7428	0
7429	0
7430	0
7431	0
7432	3
7433	0
7434	0
7435	1
7436	0
7437	1
7438	1
7439	1
7440	0
7441	0
7442	0
7443	0
7444	0
7445	0
7446	0
7447	0
7448	0
7449	1
7450	1
7451	0
7452	1
7453	0
7454	1
7455	0
7456	0
7457	2
7458	0
7459	0
7460	0
7461	0
7462	0
7463	0
7464	0
7465	0
7466	1
7467	0
7468	0
7469	0
7470	0
7471	2
7472	0
7473	0
7474	0
7475	1
7476	0
7477	0
7478	1
7479	1
7480	0
7481	0
7482	1
7483	0
7484	0
7485	0
7486	0
7487	0
7488	1
7489	0
7490	0
7491	0
7492	1
7493	0
7494	0
7495	0
7496	0
7497	1
7498	0
7499	0
7500	0
7501	1
7502	0
7503	0
7504	0
7505	0
7506	0
7507	2
7508	1
7509	1
7510	0
7511	0
7512	0
7513	0
7514	1
7515	0
7516	0
7517	1
7518	0
7519	0
7520	0
7521	1
7522	1
7523	0
7524	0
7525	0
7526	1
7527	0
7528	0
7529	0
7530	0
7531	0
7532	0
7533	0
7534	0
7535	0
7536	1
7537	0
7538	0
7539	0
7540	0
7541	0
7542	0
7543	0
7544	0
7545	0
7546	0
7547	0
7548	1
7549	0
7550	0
7551	0
7552	0
7553	0
7554	0
7555	0
7556	0
7557	0
7558	0
7559	0
7560	0
7561	0
7562	1
7563	0
7564	1
7565	0
7566	0
7567	0
7568	0
7569	1
7570	0
7571	0
7572	0
7573	1
7574	0
7575	0
7576	0
7577	0
7578	0
7579	0
7580	0
7581	0
7582	0
7583	0
7584	0
7585	0
7586	0
7587	0
7588	0
7589	0
7590	1
7591	0
7592	0
7593	0
7594	0
7595	0
7596	0
7597	1
7598	0
7599	1
7600	0
7601	0
7602	0
7603	0
7604	1
7605	0
7606	2
7607	1
7608	0
7609	0
7610	0
7611	0
7612	0
7613	0
7614	1
7615	0
7616	0
7617	0
7618	0
7619	1
7620	0
7621	0
7622	0
7623	0
7624	1
7625	3
7626	0
7627	2
7628	0
7629	1
7630	0
7631	0
7632	0
7633	0
7634	1
7635	0
7636	0
7637	1
7638	0
7639	0
7640	2
7641	0
7642	0
7643	1
7644	0
7645	0
7646	1
7647	1
7648	0
7649	0
7650	0
7651	0
7652	0
7653	0
7654	0
7655	0
7656	0
7657	0
7658	0
7659	1
7660	0
7661	1
7662	0
7663	0
7664	1
7665	0
7666	0
7667	1
7668	0
7669	0
7670	0
7671	0
7672	0
7673	0
7674	0
7675	0
7676	0
7677	0
7678	1
7679	0
7680	0
7681	0
7682	0
7683	1
7684	0
7685	1
7686	0
7687	0
7688	0
7689	1
7690	0
7691	1
7692	0
7693	0
7694	0
7695	1
7696	0
7697	0
7698	0
7699	0
7700	0
7701	0
7702	1
7703	2
7704	0
7705	1
7706	0
7707	1
7708	0
7709	0
7710	0
7711	0
7712	0
7713	0
7714	0
7715	0
7716	0
7717	0
7718	0
7719	0
7720	0
7721	1
7722	0
7723	1
7724	0
7725	0
7726	0
7727	0
7728	0
7729	1
7730	0
7731	0
7732	0
7733	0
7734	0
7735	0
7736	0
7737	2
7738	0
7739	0
7740	0
7741	0
7742	0
7743	1
7744	0
7745	0
7746	1
7747	0
7748	1
7749	1
7750	0
7751	0
7752	0
7753	0
7754	0
7755	1
7756	1
7757	0
7758	0
7759	0
7760	0
7761	0
7762	0
7763	0
7764	0
7765	0
7766	0
7767	0
7768	1
7769	0
7770	0
7771	0
7772	1
7773	0
7774	1
7775	1
7776	1
7777	0
7778	2
7779	1
7780	0
7781	1
7782	1
7783	0
7784	0
7785	0
7786	0
7787	0
7788	0
7789	2
7790	1
7791	0
7792	1
7793	1
7794	0
7795	0
7796	0
7797	0
7798	0
7799	0
7800	0
7801	0
7802	0
7803	0
7804	1
7805	0
7806	1
7807	0
7808	0
7809	1
7810	1
7811	1
7812	1
7813	0
7814	0
7815	1
7816	2
7817	0
7818	0
7819	0
7820	0
7821	1
7822	0
7823	1
7824	1
7825	1
7826	2
7827	0
7828	2
7829	0
7830	0
7831	0
7832	0
7833	0
7834	1
7835	0
7836	0
7837	0
7838	1
7839	1
7840	0
7841	1
7842	1
7843	0
7844	0
7845	1
7846	0
7847	0
7848	0
7849	0
7850	0
7851	0
7852	1
7853	0
7854	0
7855	0
7856	1
7857	0
7858	0
7859	1
7860	1
7861	0
7862	0
7863	0
7864	1
7865	0
7866	1
7867	0
7868	0
7869	1
7870	0
7871	1
7872	0
7873	0
7874	0
7875	0
7876	0
7877	0
7878	0
7879	3
7880	0
7881	0
7882	0
7883	0
7884	2
7885	1
7886	1
7887	0
7888	0
7889	0
7890	0
7891	0
7892	0
7893	2
7894	1
7895	2
7896	0
7897	1
7898	0
7899	0
7900	2
7901	1
7902	0
7903	0
7904	0
7905	0
7906	0
7907	0
7908	1
7909	0
7910	0
7911	1
7912	0
7913	0
7914	0
7915	0
7916	1
7917	1
7918	2
7919	0
7920	0
7921	0
7922	1
7923	0
7924	1
7925	0
7926	0
7927	0
7928	0
7929	0
7930	0
7931	2
7932	0
7933	1
7934	0
7935	1
7936	0
7937	1
7938	0
7939	1
7940	0
7941	0
7942	1
7943	0
7944	1
7945	0
7946	0
7947	0
7948	1
7949	0
7950	0
7951	0
7952	0
7953	0
7954	0
7955	1
7956	2
7957	0
7958	1
7959	1
7960	1
7961	0
7962	1
7963	0
7964	0
7965	0
7966	2
7967	1
7968	0
7969	0
7970	0
7971	1
7972	0
7973	0
7974	0
7975	1
7976	0
7977	0
7978	0
7979	1
7980	0
7981	0
7982	0
7983	0
7984	0
7985	0
7986	2
7987	0
7988	1
7989	0
7990	0
7991	0
7992	0
7993	0
7994	0
7995	0
7996	0
7997	0
7998	0
7999	1
8000	0
8001	0
8002	0
8003	0
8004	0
8005	0
8006	0
8007	1
8008	0
8009	2
8010	0
8011	1
8012	1
8013	0
8014	0
8015	1
8016	1
8017	0
8018	0
8019	0
8020	0
8021	0
8022	1
8023	0
8024	1
8025	0
8026	1
8027	0
8028	0
8029	1
8030	0
8031	0
8032	1
8033	2
8034	1
8035	1
8036	0
8037	0
8038	0
8039	0
8040	2
8041	0
8042	0
8043	0
8044	0
8045	1
8046	0
8047	0
8048	0
8049	1
8050	1
8051	0
8052	0
8053	0
8054	0
8055	0
8056	0
8057	1
8058	1
8059	0
8060	0
8061	0
8062	1
8063	0
8064	0
8065	0
8066	1
8067	0
8068	0
8069	0
8070	0
8071	0
8072	2
8073	1
8074	0
8075	0
8076	0
8077	0
8078	0
8079	0
8080	0
8081	0
8082	0
8083	0
8084	0
8085	0
8086	0
8087	0
8088	0
8089	0
8090	0
8091	0
8092	0
8093	0
8094	0
8095	0
8096	0
8097	0
8098	0
8099	0
8100	0
8101	0
8102	0
8103	0
8104	0
8105	0
8106	0
8107	0
8108	0
8109	0
8110	0
8111	0
8112	0
8113	0
8114	0
8115	0
8116	0
8117	0
8118	0
8119	0
8120	0
8121	0
8122	0
8123	0
8124	0
8125	0
8126	0
8127	0
8128	0
8129	0
8130	0
8131	0
8132	0
8133	0
8134	0
8135	0
8136	0
8137	0
8138	0
8139	0
8140	0
8141	0
8142	0
8143	0
8144	0
8145	0
8146	0
8147	0
8148	0
8149	0
8150	0
8151	0
8152	0
8153	0
8154	0
8155	0
8156	0
8157	0
8158	0
8159	0
8160	0
8161	0
8162	0
8163	0
8164	0
8165	0
8166	0
8167	0
8168	0
8169	0
8170	0
8171	0
8172	0
8173	0
8174	0
8175	0
8176	0
8177	0
8178	0
8179	0
8180	0
8181	0
8182	0
8183	0
8184	0
8185	0
8186	0
8187	0
8188	0
8189	0
8190	0
8191	0
