0	0
1	0
2	0
3	0
4	0
5	0
6	0
7	0
8	0
9	0
10	0
11	0
12	0
13	0
14	0
15	0
16	0
17	0
18	0
19	0
20	0
21	0
22	0
23	0
24	0
25	0
26	0
27	0
28	0
29	0
30	0
31	0
32	0
33	0
34	0
35	0
36	0
37	0
38	0
39	0
40	0
41	0
42	0
43	0
44	0
45	0
46	0
47	0
48	0
49	0
50	0
51	0
52	0
53	0
54	0
55	0
56	0
57	0
58	0
59	0
60	0
61	0
62	0
63	0
64	0
65	0
66	0
67	0
68	0
69	0
70	0
71	0
72	0
73	0
74	0
75	0
76	0
77	0
78	0
79	0
80	0
81	0
82	0
83	0
84	0
85	2
86	4
87	8
88	5
89	8
90	8
91	16
92	9
93	10
94	10
95	11
96	12
97	12
98	8
99	14
100	6
101	10
102	8
103	8
104	13
105	8
106	15
107	12
108	12
109	10
110	11
111	10
112	9
113	10
114	7
115	16
116	12
117	10
118	8
119	8
120	12
121	11
122	13
123	9
124	8
125	9
126	10
127	11
128	8
129	13
130	6
131	12
132	11
133	7
134	7
135	14
136	8
137	9
138	16
139	12
140	14
141	14
142	8
143	11
144	5
145	8
146	10
147	11
148	6
149	12
150	11
151	10
152	9
153	12
154	10
155	7
156	14
157	14
158	9
159	5
160	7
161	8
162	10
163	19
164	4
165	9
166	16
167	17
168	10
169	9
170	7
171	8
172	6
173	12
174	9
175	11
176	16
177	8
178	8
179	15
180	11
181	15
182	12
183	12
184	11
185	5
186	12
187	10
188	16
189	9
190	2
191	4
192	11
193	12
194	16
195	11
196	12
197	14
198	10
199	8
200	14
201	7
202	15
203	10
204	10
205	12
206	14
207	10
208	8
209	14
210	4
211	11
212	13
213	15
214	14
215	11
216	8
217	8
218	9
219	13
220	19
221	14
222	6
223	21
224	13
225	12
226	9
227	5
228	10
229	9
230	10
231	10
232	9
233	10
234	10
235	11
236	10
237	11
238	14
239	11
240	11
241	9
242	8
243	15
244	12
245	11
246	11
247	13
248	13
249	13
250	12
251	7
252	6
253	9
254	11
255	7
256	11
257	11
258	13
259	11
260	11
261	12
262	18
263	11
264	14
265	8
266	14
267	12
268	10
269	14
270	9
271	13
272	8
273	9
274	3
275	10
276	6
277	19
278	8
279	12
280	16
281	15
282	14
283	6
284	11
285	11
286	11
287	8
288	13
289	12
290	10
291	10
292	11
293	14
294	15
295	15
296	14
297	18
298	14
299	7
300	8
301	15
302	15
303	19
304	11
305	12
306	10
307	12
308	14
309	8
310	10
311	6
312	7
313	23
314	16
315	23
316	17
317	11
318	18
319	8
320	12
321	7
322	18
323	9
324	10
325	14
326	16
327	16
328	9
329	12
330	10
331	13
332	17
333	14
334	11
335	19
336	7
337	16
338	13
339	15
340	12
341	11
342	15
343	7
344	19
345	13
346	15
347	14
348	15
349	12
350	9
351	6
352	8
353	7
354	16
355	19
356	10
357	15
358	17
359	15
360	9
361	15
362	17
363	13
364	16
365	10
366	9
367	17
368	12
369	9
370	11
371	16
372	13
373	11
374	10
375	10
376	8
377	12
378	15
379	19
380	11
381	10
382	13
383	8
384	10
385	12
386	9
387	8
388	15
389	12
390	14
391	7
392	10
393	10
394	11
395	15
396	12
397	15
398	18
399	20
400	10
401	16
402	13
403	12
404	13
405	15
406	8
407	12
408	22
409	14
410	10
411	13
412	12
413	13
414	10
415	10
416	13
417	6
418	9
419	19
420	14
421	5
422	11
423	10
424	13
425	9
426	10
427	18
428	10
429	10
430	10
431	11
432	17
433	15
434	13
435	14
436	17
437	13
438	14
439	11
440	6
441	16
442	15
443	8
444	11
445	18
446	14
447	12
448	7
449	16
450	17
451	21
452	7
453	19
454	22
455	14
456	16
457	4
458	15
459	10
460	11
461	17
462	15
463	15
464	19
465	13
466	14
467	12
468	17
469	14
470	11
471	22
472	18
473	20
474	14
475	14
476	19
477	15
478	14
479	16
480	15
481	10
482	12
483	10
484	20
485	16
486	12
487	11
488	10
489	23
490	9
491	12
492	20
493	10
494	16
495	14
496	13
497	11
498	21
499	12
500	15
501	15
502	9
503	15
504	14
505	14
506	11
507	17
508	22
509	14
510	10
511	12
512	14
513	17
514	16
515	17
516	12
517	20
518	17
519	18
520	14
521	14
522	30
523	12
524	12
525	17
526	18
527	21
528	21
529	18
530	21
531	17
532	9
533	21
534	19
535	14
536	23
537	21
538	12
539	19
540	16
541	21
542	22
543	7
544	19
545	20
546	21
547	20
548	21
549	25
550	16
551	19
552	21
553	24
554	31
555	18
556	18
557	27
558	18
559	21
560	14
561	26
562	25
563	22
564	24
565	21
566	18
567	20
568	23
569	14
570	28
571	23
572	25
573	26
574	23
575	26
576	17
577	33
578	29
579	31
580	25
581	39
582	28
583	25
584	27
585	29
586	27
587	31
588	31
589	20
590	20
591	23
592	34
593	29
594	26
595	30
596	21
597	30
598	30
599	25
600	32
601	26
602	23
603	26
604	37
605	22
606	29
607	31
608	20
609	26
610	35
611	37
612	24
613	22
614	28
615	38
616	30
617	30
618	35
619	24
620	21
621	27
622	34
623	31
624	25
625	16
626	35
627	23
628	23
629	29
630	21
631	29
632	26
633	24
634	32
635	24
636	25
637	26
638	27
639	23
640	29
641	22
642	22
643	29
644	23
645	24
646	32
647	25
648	29
649	22
650	26
651	22
652	19
653	19
654	21
655	20
656	43
657	14
658	20
659	28
660	30
661	16
662	24
663	15
664	21
665	14
666	21
667	14
668	29
669	20
670	17
671	27
672	16
673	17
674	22
675	31
676	18
677	23
678	21
679	20
680	22
681	19
682	21
683	13
684	19
685	21
686	12
687	24
688	18
689	24
690	24
691	23
692	27
693	21
694	19
695	29
696	19
697	23
698	23
699	18
700	25
701	19
702	24
703	18
704	25
705	19
706	23
707	15
708	18
709	20
710	19
711	27
712	22
713	17
714	24
715	18
716	22
717	31
718	27
719	17
720	25
721	18
722	18
723	20
724	18
725	28
726	21
727	25
728	20
729	19
730	19
731	24
732	22
733	19
734	18
735	18
736	24
737	17
738	19
739	20
740	13
741	19
742	23
743	18
744	18
745	20
746	23
747	15
748	13
749	18
750	14
751	16
752	14
753	26
754	18
755	15
756	12
757	10
758	22
759	15
760	20
761	23
762	17
763	18
764	17
765	5
766	26
767	12
768	29
769	19
770	21
771	16
772	17
773	15
774	21
775	17
776	23
777	15
778	22
779	23
780	13
781	18
782	20
783	20
784	17
785	19
786	10
787	25
788	17
789	24
790	18
791	16
792	18
793	18
794	10
795	22
796	18
797	17
798	12
799	16
800	22
801	26
802	29
803	22
804	21
805	15
806	21
807	18
808	20
809	19
810	17
811	18
812	19
813	18
814	19
815	21
816	18
817	14
818	15
819	16
820	22
821	20
822	17
823	15
824	15
825	21
826	16
827	16
828	25
829	24
830	18
831	20
832	16
833	20
834	18
835	19
836	16
837	22
838	25
839	18
840	17
841	16
842	20
843	18
844	24
845	22
846	25
847	18
848	22
849	20
850	22
851	15
852	21
853	20
854	24
855	20
856	22
857	21
858	17
859	13
860	17
861	10
862	20
863	20
864	21
865	20
866	19
867	21
868	23
869	25
870	20
871	21
872	21
873	20
874	19
875	20
876	25
877	23
878	30
879	24
880	27
881	27
882	16
883	26
884	29
885	26
886	28
887	17
888	19
889	20
890	26
891	21
892	23
893	16
894	26
895	19
896	22
897	29
898	10
899	27
900	23
901	22
902	25
903	24
904	26
905	17
906	14
907	21
908	17
909	11
910	22
911	20
912	19
913	14
914	21
915	18
916	21
917	15
918	25
919	26
920	27
921	24
922	18
923	25
924	23
925	18
926	21
927	23
928	22
929	21
930	18
931	27
932	21
933	23
934	22
935	24
936	20
937	19
938	21
939	21
940	22
941	26
942	31
943	22
944	24
945	15
946	26
947	20
948	23
949	21
950	21
951	19
952	20
953	22
954	17
955	18
956	21
957	32
958	25
959	24
960	27
961	24
962	20
963	17
964	18
965	24
966	29
967	17
968	18
969	12
970	19
971	22
972	18
973	27
974	27
975	26
976	30
977	26
978	19
979	15
980	20
981	26
982	19
983	23
984	24
985	27
986	21
987	20
988	17
989	24
990	14
991	15
992	21
993	25
994	31
995	15
996	31
997	16
998	27
999	21
1000	20
1001	33
1002	18
1003	20
1004	21
1005	21
1006	31
1007	14
1008	27
1009	23
1010	22
1011	15
1012	26
1013	28
1014	30
1015	24
1016	26
1017	27
1018	17
1019	27
1020	20
1021	20
1022	27
1023	25
1024	25
1025	22
1026	19
1027	29
1028	25
1029	18
1030	26
1031	18
1032	15
1033	26
1034	32
1035	23
1036	23
1037	27
1038	23
1039	25
1040	29
1041	25
1042	22
1043	29
1044	26
1045	24
1046	16
1047	27
1048	25
1049	22
1050	21
1051	27
1052	24
1053	21
1054	32
1055	20
1056	23
1057	24
1058	24
1059	34
1060	29
1061	28
1062	14
1063	22
1064	14
1065	19
1066	27
1067	18
1068	24
1069	31
1070	20
1071	26
1072	26
1073	24
1074	28
1075	30
1076	27
1077	31
1078	22
1079	34
1080	21
1081	30
1082	25
1083	20
1084	17
1085	30
1086	29
1087	29
1088	38
1089	26
1090	27
1091	25
1092	27
1093	19
1094	40
1095	28
1096	21
1097	29
1098	22
1099	27
1100	30
1101	20
1102	27
1103	22
1104	17
1105	10
1106	29
1107	26
1108	23
1109	21
1110	31
1111	20
1112	29
1113	29
1114	23
1115	30
1116	27
1117	26
1118	27
1119	29
1120	23
1121	32
1122	30
1123	19
1124	24
1125	15
1126	25
1127	23
1128	18
1129	22
1130	34
1131	32
1132	27
1133	27
1134	28
1135	29
1136	24
1137	25
1138	22
1139	21
1140	27
1141	33
1142	28
1143	27
1144	32
1145	35
1146	26
1147	23
1148	17
1149	22
1150	20
1151	29
1152	24
1153	21
1154	34
1155	28
1156	25
1157	32
1158	28
1159	26
1160	41
1161	37
1162	34
1163	26
1164	33
1165	30
1166	27
1167	25
1168	22
1169	20
1170	30
1171	28
1172	26
1173	28
1174	23
1175	38
1176	26
1177	22
1178	27
1179	31
1180	30
1181	26
1182	24
1183	32
1184	28
1185	26
1186	31
1187	29
1188	18
1189	37
1190	28
1191	24
1192	24
1193	23
1194	38
1195	34
1196	32
1197	42
1198	32
1199	31
1200	20
1201	27
1202	24
1203	37
1204	32
1205	19
1206	31
1207	32
1208	29
1209	32
1210	23
1211	28
1212	35
1213	33
1214	18
1215	28
1216	29
1217	23
1218	20
1219	29
1220	32
1221	26
1222	16
1223	33
1224	26
1225	27
1226	34
1227	28
1228	36
1229	18
1230	22
1231	27
1232	37
1233	27
1234	37
1235	27
1236	36
1237	25
1238	25
1239	32
1240	28
1241	37
1242	41
1243	21
1244	32
1245	31
1246	20
1247	29
1248	28
1249	25
1250	22
1251	30
1252	30
1253	38
1254	37
1255	33
1256	39
1257	28
1258	43
1259	33
1260	30
1261	30
1262	32
1263	42
1264	38
1265	28
1266	35
1267	27
1268	29
1269	30
1270	24
1271	19
1272	26
1273	24
1274	27
1275	36
1276	25
1277	31
1278	30
1279	32
1280	37
1281	35
1282	27
1283	28
1284	32
1285	33
1286	35
1287	27
1288	31
1289	32
1290	34
1291	29
1292	31
1293	31
1294	37
1295	41
1296	46
1297	21
1298	34
1299	27
1300	31
1301	33
1302	29
1303	41
1304	37
1305	33
1306	29
1307	32
1308	29
1309	25
1310	25
1311	37
1312	32
1313	28
1314	39
1315	26
1316	34
1317	30
1318	36
1319	23
1320	21
1321	28
1322	31
1323	39
1324	31
1325	34
1326	30
1327	28
1328	38
1329	22
1330	27
1331	29
1332	29
1333	31
1334	33
1335	40
1336	25
1337	30
1338	37
1339	27
1340	43
1341	33
1342	23
1343	29
1344	38
1345	34
1346	29
1347	31
1348	29
1349	29
1350	37
1351	40
1352	37
1353	33
1354	27
1355	38
1356	33
1357	40
1358	41
1359	20
1360	29
1361	32
1362	40
1363	36
1364	30
1365	29
1366	30
1367	31
1368	37
1369	35
1370	41
1371	31
1372	29
1373	27
1374	33
1375	36
1376	40
1377	31
1378	34
1379	29
1380	30
1381	32
1382	30
1383	30
1384	33
1385	33
1386	27
1387	28
1388	31
1389	30
1390	28
1391	32
1392	35
1393	31
1394	33
1395	34
1396	27
1397	40
1398	27
1399	25
1400	27
1401	38
1402	34
1403	43
1404	32
1405	30
1406	40
1407	29
1408	33
1409	36
1410	36
1411	36
1412	35
1413	36
1414	26
1415	38
1416	25
1417	31
1418	41
1419	29
1420	35
1421	43
1422	34
1423	30
1424	34
1425	35
1426	31
1427	37
1428	33
1429	26
1430	37
1431	29
1432	34
1433	28
1434	41
1435	35
1436	36
1437	39
1438	42
1439	31
1440	33
1441	37
1442	30
1443	36
1444	37
1445	30
1446	34
1447	42
1448	35
1449	35
1450	37
1451	35
1452	42
1453	34
1454	24
1455	36
1456	43
1457	48
1458	41
1459	36
1460	42
1461	38
1462	33
1463	32
1464	40
1465	39
1466	31
1467	40
1468	42
1469	52
1470	41
1471	31
1472	28
1473	40
1474	35
1475	38
1476	36
1477	49
1478	33
1479	26
1480	31
1481	35
1482	29
1483	46
1484	22
1485	40
1486	44
1487	31
1488	46
1489	44
1490	43
1491	34
1492	26
1493	35
1494	35
1495	40
1496	41
1497	46
1498	37
1499	27
1500	36
1501	51
1502	31
1503	38
1504	48
1505	51
1506	38
1507	34
1508	45
1509	29
1510	41
1511	36
1512	33
1513	45
1514	27
1515	28
1516	36
1517	36
1518	31
1519	52
1520	33
1521	30
1522	37
1523	45
1524	39
1525	44
1526	40
1527	40
1528	40
1529	44
1530	38
1531	37
1532	32
1533	41
1534	53
1535	32
1536	44
1537	33
1538	27
1539	47
1540	47
1541	35
1542	43
1543	52
1544	34
1545	34
1546	48
1547	51
1548	47
1549	36
1550	42
1551	44
1552	49
1553	31
1554	37
1555	39
1556	44
1557	41
1558	41
1559	48
1560	38
1561	31
1562	43
1563	37
1564	39
1565	48
1566	38
1567	37
1568	39
1569	40
1570	36
1571	36
1572	46
1573	45
1574	45
1575	47
1576	39
1577	51
1578	47
1579	47
1580	36
1581	53
1582	45
1583	44
1584	55
1585	47
1586	38
1587	51
1588	48
1589	50
1590	49
1591	44
1592	47
1593	56
1594	53
1595	42
1596	56
1597	38
1598	46
1599	51
1600	47
1601	47
1602	50
1603	44
1604	50
1605	55
1606	59
1607	50
1608	56
1609	54
1610	46
1611	57
1612	48
1613	47
1614	30
1615	48
1616	47
1617	47
1618	48
1619	50
1620	56
1621	63
1622	54
1623	56
1624	45
1625	54
1626	70
1627	54
1628	48
1629	49
1630	64
1631	54
1632	53
1633	48
1634	64
1635	55
1636	56
1637	59
1638	52
1639	69
1640	51
1641	44
1642	57
1643	53
1644	46
1645	53
1646	67
1647	50
1648	47
1649	53
1650	58
1651	58
1652	54
1653	55
1654	63
1655	59
1656	58
1657	60
1658	64
1659	64
1660	77
1661	79
1662	53
1663	64
1664	54
1665	57
1666	63
1667	53
1668	55
1669	63
1670	58
1671	62
1672	68
1673	67
1674	51
1675	57
1676	82
1677	55
1678	66
1679	74
1680	54
1681	60
1682	80
1683	65
1684	57
1685	63
1686	69
1687	65
1688	66
1689	61
1690	63
1691	55
1692	64
1693	40
1694	48
1695	58
1696	61
1697	74
1698	63
1699	71
1700	68
1701	74
1702	64
1703	76
1704	58
1705	67
1706	55
1707	73
1708	48
1709	72
1710	51
1711	65
1712	63
1713	62
1714	77
1715	67
1716	63
1717	63
1718	55
1719	54
1720	70
1721	48
1722	59
1723	61
1724	61
1725	71
1726	77
1727	63
1728	59
1729	65
1730	84
1731	47
1732	64
1733	73
1734	68
1735	59
1736	57
1737	60
1738	63
1739	79
1740	54
1741	49
1742	67
1743	71
1744	71
1745	64
1746	54
1747	84
1748	51
1749	65
1750	71
1751	49
1752	58
1753	52
1754	70
1755	49
1756	60
1757	70
1758	54
1759	62
1760	67
1761	37
1762	43
1763	57
1764	57
1765	59
1766	49
1767	60
1768	64
1769	66
1770	56
1771	55
1772	56
1773	60
1774	53
1775	55
1776	63
1777	66
1778	57
1779	65
1780	50
1781	51
1782	68
1783	59
1784	52
1785	55
1786	48
1787	49
1788	49
1789	65
1790	57
1791	39
1792	57
1793	60
1794	53
1795	64
1796	57
1797	58
1798	54
1799	49
1800	56
1801	50
1802	53
1803	45
1804	51
1805	45
1806	51
1807	52
1808	54
1809	45
1810	55
1811	57
1812	56
1813	49
1814	51
1815	48
1816	66
1817	45
1818	40
1819	54
1820	44
1821	51
1822	56
1823	48
1824	53
1825	53
1826	52
1827	46
1828	50
1829	41
1830	50
1831	52
1832	59
1833	53
1834	47
1835	49
1836	37
1837	34
1838	41
1839	53
1840	41
1841	47
1842	22
1843	55
1844	53
1845	47
1846	56
1847	41
1848	39
1849	51
1850	42
1851	42
1852	37
1853	54
1854	45
1855	43
1856	47
1857	54
1858	39
1859	38
1860	38
1861	32
1862	35
1863	36
1864	42
1865	36
1866	59
1867	46
1868	48
1869	39
1870	34
1871	38
1872	38
1873	41
1874	35
1875	47
1876	46
1877	41
1878	30
1879	50
1880	33
1881	28
1882	31
1883	43
1884	31
1885	47
1886	43
1887	40
1888	31
1889	46
1890	37
1891	45
1892	28
1893	32
1894	46
1895	36
1896	40
1897	30
1898	38
1899	38
1900	36
1901	30
1902	32
1903	42
1904	29
1905	30
1906	33
1907	38
1908	27
1909	41
1910	35
1911	31
1912	36
1913	41
1914	33
1915	36
1916	37
1917	34
1918	35
1919	40
1920	26
1921	27
1922	24
1923	32
1924	35
1925	33
1926	28
1927	32
1928	31
1929	26
1930	37
1931	32
1932	31
1933	34
1934	40
1935	27
1936	29
1937	26
1938	24
1939	32
1940	25
1941	29
1942	29
1943	38
1944	33
1945	29
1946	33
1947	29
1948	26
1949	33
1950	23
1951	27
1952	29
1953	32
1954	29
1955	28
1956	22
1957	29
1958	30
1959	24
1960	37
1961	28
1962	28
1963	30
1964	21
1965	27
1966	30
1967	24
1968	17
1969	32
1970	29
1971	30
1972	21
1973	30
1974	19
1975	22
1976	36
1977	32
1978	23
1979	33
1980	22
1981	28
1982	26
1983	27
1984	29
1985	30
1986	31
1987	30
1988	29
1989	22
1990	24
1991	23
1992	40
1993	24
1994	28
1995	24
1996	30
1997	24
1998	23
1999	18
2000	28
2001	29
2002	29
2003	24
2004	29
2005	26
2006	36
2007	22
2008	23
2009	25
2010	34
2011	26
2012	32
2013	21
2014	18
2015	23
2016	23
2017	25
2018	15
2019	23
2020	21
2021	24
2022	26
2023	27
2024	18
2025	31
2026	15
2027	29
2028	23
2029	17
2030	25
2031	23
2032	27
2033	25
2034	29
2035	25
2036	19
2037	27
2038	26
2039	17
2040	24
2041	25
2042	27
2043	23
2044	27
2045	19
2046	31
2047	31
2048	19
2049	26
2050	21
2051	17
2052	26
2053	19
2054	14
2055	20
2056	14
2057	25
2058	17
2059	24
2060	23
2061	28
2062	17
2063	25
2064	20
2065	24
2066	21
2067	20
2068	23
2069	24
2070	9
2071	26
2072	20
2073	20
2074	16
2075	16
2076	22
2077	18
2078	15
2079	20
2080	22
2081	19
2082	14
2083	22
2084	24
2085	16
2086	18
2087	21
2088	13
2089	25
2090	14
2091	23
2092	25
2093	22
2094	19
2095	17
2096	17
2097	23
2098	16
2099	24
2100	19
2101	19
2102	22
2103	14
2104	19
2105	14
2106	24
2107	23
2108	26
2109	22
2110	22
2111	21
2112	15
2113	20
2114	13
2115	13
2116	19
2117	23
2118	22
2119	17
2120	11
2121	7
2122	18
2123	19
2124	19
2125	18
2126	14
2127	24
2128	17
2129	14
2130	15
2131	12
2132	19
2133	18
2134	20
2135	15
2136	18
2137	14
2138	11
2139	24
2140	26
2141	22
2142	13
2143	23
2144	21
2145	24
2146	13
2147	21
2148	21
2149	22
2150	23
2151	27
2152	16
2153	24
2154	23
2155	22
2156	23
2157	23
2158	17
2159	11
2160	18
2161	15
2162	14
2163	19
2164	21
2165	12
2166	14
2167	15
2168	15
2169	18
2170	18
2171	15
2172	21
2173	22
2174	18
2175	15
2176	17
2177	20
2178	16
2179	18
2180	17
2181	14
2182	22
2183	21
2184	20
2185	24
2186	16
2187	19
2188	20
2189	18
2190	18
2191	19
2192	21
2193	19
2194	12
2195	13
2196	8
2197	15
2198	24
2199	16
2200	15
2201	19
2202	23
2203	18
2204	20
2205	19
2206	19
2207	16
2208	14
2209	12
2210	18
2211	16
2212	13
2213	14
2214	8
2215	19
2216	15
2217	15
2218	14
2219	15
2220	13
2221	17
2222	13
2223	19
2224	18
2225	12
2226	10
2227	12
2228	14
2229	14
2230	9
2231	15
2232	10
2233	15
2234	13
2235	16
2236	12
2237	16
2238	13
2239	13
2240	14
2241	16
2242	16
2243	19
2244	8
2245	21
2246	6
2247	16
2248	20
2249	12
2250	18
2251	17
2252	19
2253	15
2254	8
2255	14
2256	15
2257	18
2258	17
2259	18
2260	15
2261	16
2262	18
2263	15
2264	11
2265	15
2266	15
2267	17
2268	10
2269	21
2270	14
2271	11
2272	11
2273	12
2274	15
2275	15
2276	15
2277	14
2278	15
2279	12
2280	17
2281	17
2282	21
2283	11
2284	14
2285	14
2286	11
2287	17
2288	11
2289	13
2290	25
2291	11
2292	14
2293	18
2294	16
2295	19
2296	13
2297	16
2298	10
2299	22
2300	11
2301	17
2302	12
2303	18
2304	22
2305	15
2306	12
2307	16
2308	13
2309	12
2310	20
2311	15
2312	11
2313	14
2314	14
2315	12
2316	8
2317	6
2318	14
2319	11
2320	13
2321	12
2322	11
2323	15
2324	17
2325	14
2326	12
2327	11
2328	14
2329	18
2330	18
2331	11
2332	12
2333	13
2334	18
2335	10
2336	14
2337	9
2338	15
2339	9
2340	10
2341	20
2342	8
2343	5
2344	15
2345	13
2346	13
2347	6
2348	8
2349	16
2350	13
2351	12
2352	18
2353	11
2354	14
2355	16
2356	12
2357	13
2358	14
2359	13
2360	6
2361	18
2362	14
2363	16
2364	10
2365	10
2366	19
2367	9
2368	19
2369	11
2370	13
2371	14
2372	10
2373	13
2374	12
2375	9
2376	14
2377	10
2378	7
2379	9
2380	11
2381	14
2382	13
2383	9
2384	13
2385	13
2386	7
2387	12
2388	11
2389	8
2390	9
2391	14
2392	6
2393	7
2394	13
2395	6
2396	7
2397	12
2398	12
2399	14
2400	11
2401	8
2402	8
2403	11
2404	9
2405	6
2406	10
2407	14
2408	16
2409	12
2410	9
2411	17
2412	9
2413	6
2414	14
2415	10
2416	11
2417	12
2418	6
2419	10
2420	6
2421	10
2422	9
2423	15
2424	11
2425	11
2426	15
2427	12
2428	13
2429	13
2430	11
2431	7
2432	11
2433	11
2434	6
2435	17
2436	12
2437	17
2438	9
2439	10
2440	15
2441	13
2442	6
2443	12
2444	13
2445	9
2446	10
2447	12
2448	10
2449	11
2450	7
2451	13
2452	5
2453	12
2454	18
2455	9
2456	12
2457	18
2458	13
2459	13
2460	7
2461	7
2462	9
2463	8
2464	9
2465	11
2466	8
2467	13
2468	14
2469	10
2470	8
2471	11
2472	13
2473	5
2474	7
2475	7
2476	11
2477	4
2478	13
2479	11
2480	9
2481	12
2482	16
2483	6
2484	13
2485	14
2486	12
2487	12
2488	18
2489	8
2490	9
2491	5
2492	13
2493	15
2494	7
2495	11
2496	12
2497	5
2498	14
2499	12
2500	12
2501	8
2502	16
2503	13
2504	19
2505	10
2506	11
2507	15
2508	12
2509	8
2510	12
2511	7
2512	6
2513	14
2514	9
2515	9
2516	9
2517	8
2518	13
2519	14
2520	11
2521	13
2522	9
2523	11
2524	21
2525	6
2526	8
2527	6
2528	15
2529	12
2530	8
2531	13
2532	4
2533	12
2534	16
2535	11
2536	10
2537	9
2538	8
2539	10
2540	13
2541	15
2542	13
2543	10
2544	11
2545	14
2546	12
2547	16
2548	18
2549	10
2550	7
2551	10
2552	11
2553	15
2554	7
2555	16
2556	9
2557	10
2558	6
2559	8
2560	12
2561	9
2562	6
2563	10
2564	8
2565	11
2566	16
2567	12
2568	7
2569	17
2570	10
2571	13
2572	5
2573	6
2574	8
2575	7
2576	12
2577	12
2578	15
2579	12
2580	16
2581	8
2582	5
2583	7
2584	14
2585	11
2586	15
2587	14
2588	9
2589	11
2590	14
2591	11
2592	5
2593	7
2594	9
2595	6
2596	6
2597	16
2598	14
2599	8
2600	10
2601	7
2602	12
2603	12
2604	10
2605	4
2606	13
2607	16
2608	14
2609	9
2610	11
2611	5
2612	15
2613	9
2614	8
2615	12
2616	7
2617	8
2618	8
2619	11
2620	20
2621	9
2622	10
2623	7
2624	11
2625	10
2626	12
2627	8
2628	17
2629	13
2630	12
2631	15
2632	6
2633	10
2634	9
2635	12
2636	10
2637	6
2638	5
2639	9
2640	9
2641	3
2642	11
2643	8
2644	7
2645	6
2646	10
2647	7
2648	7
2649	11
2650	4
2651	9
2652	11
2653	14
2654	8
2655	7
2656	8
2657	9
2658	12
2659	7
2660	6
2661	6
2662	10
2663	12
2664	11
2665	5
2666	11
2667	9
2668	15
2669	8
2670	6
2671	9
2672	16
2673	12
2674	14
2675	6
2676	7
2677	5
2678	9
2679	10
2680	5
2681	10
2682	9
2683	8
2684	6
2685	14
2686	6
2687	12
2688	13
2689	10
2690	8
2691	11
2692	11
2693	9
2694	5
2695	8
2696	9
2697	5
2698	12
2699	11
2700	5
2701	15
2702	6
2703	15
2704	13
2705	11
2706	6
2707	15
2708	7
2709	6
2710	13
2711	8
2712	14
2713	10
2714	13
2715	11
2716	18
2717	7
2718	10
2719	10
2720	10
2721	7
2722	9
2723	5
2724	8
2725	9
2726	4
2727	7
2728	8
2729	10
2730	6
2731	10
2732	11
2733	9
2734	8
2735	7
2736	4
2737	9
2738	12
2739	4
2740	5
2741	7
2742	8
2743	10
2744	4
2745	4
2746	10
2747	10
2748	11
2749	12
2750	8
2751	6
2752	7
2753	12
2754	10
2755	8
2756	11
2757	12
2758	11
2759	3
2760	15
2761	10
2762	15
2763	6
2764	5
2765	10
2766	6
2767	10
2768	9
2769	18
2770	10
2771	8
2772	7
2773	7
2774	6
2775	7
2776	5
2777	7
2778	6
2779	11
2780	5
2781	6
2782	15
2783	10
2784	7
2785	9
2786	5
2787	17
2788	12
2789	11
2790	8
2791	12
2792	6
2793	11
2794	5
2795	8
2796	7
2797	6
2798	11
2799	13
2800	8
2801	7
2802	7
2803	13
2804	8
2805	5
2806	5
2807	11
2808	5
2809	7
2810	11
2811	13
2812	14
2813	10
2814	8
2815	12
2816	10
2817	10
2818	10
2819	12
2820	8
2821	7
2822	9
2823	7
2824	10
2825	8
2826	15
2827	6
2828	10
2829	7
2830	7
2831	9
2832	5
2833	7
2834	10
2835	8
2836	7
2837	13
2838	11
2839	10
2840	5
2841	7
2842	9
2843	11
2844	15
2845	9
2846	9
2847	6
2848	5
2849	5
2850	14
2851	5
2852	9
2853	9
2854	14
2855	11
2856	4
2857	9
2858	6
2859	10
2860	8
2861	7
2862	7
2863	11
2864	10
2865	8
2866	21
2867	9
2868	6
2869	9
2870	6
2871	8
2872	6
2873	6
2874	11
2875	5
2876	6
2877	7
2878	11
2879	9
2880	12
2881	9
2882	8
2883	6
2884	12
2885	6
2886	8
2887	6
2888	6
2889	7
2890	6
2891	5
2892	8
2893	4
2894	10
2895	11
2896	10
2897	10
2898	7
2899	9
2900	9
2901	16
2902	14
2903	14
2904	10
2905	6
2906	12
2907	7
2908	9
2909	10
2910	9
2911	14
2912	11
2913	9
2914	15
2915	9
2916	5
2917	8
2918	10
2919	6
2920	7
2921	5
2922	4
2923	11
2924	7
2925	9
2926	9
2927	5
2928	11
2929	7
2930	9
2931	6
2932	8
2933	12
2934	9
2935	8
2936	13
2937	10
2938	10
2939	10
2940	9
2941	8
2942	6
2943	13
2944	13
2945	11
2946	8
2947	9
2948	13
2949	8
2950	14
2951	7
2952	10
2953	11
2954	9
2955	11
2956	8
2957	10
2958	2
2959	10
2960	5
2961	10
2962	6
2963	11
2964	11
2965	10
2966	8
2967	9
2968	12
2969	7
2970	11
2971	5
2972	13
2973	10
2974	6
2975	11
2976	13
2977	13
2978	9
2979	14
2980	12
2981	8
2982	14
2983	11
2984	10
2985	8
2986	14
2987	2
2988	3
2989	12
2990	17
2991	10
2992	12
2993	6
2994	6
2995	11
2996	11
2997	12
2998	6
2999	12
3000	7
3001	15
3002	7
3003	7
3004	14
3005	7
3006	8
3007	14
3008	14
3009	5
3010	10
3011	7
3012	11
3013	12
3014	8
3015	5
3016	11
3017	11
3018	9
3019	11
3020	13
3021	10
3022	8
3023	19
3024	13
3025	5
3026	12
3027	7
3028	10
3029	11
3030	5
3031	9
3032	13
3033	11
3034	10
3035	16
3036	10
3037	11
3038	6
3039	15
3040	7
3041	8
3042	6
3043	10
3044	14
3045	7
3046	13
3047	15
3048	12
3049	13
3050	15
3051	10
3052	15
3053	10
3054	10
3055	10
3056	11
3057	5
3058	6
3059	6
3060	7
3061	7
3062	8
3063	7
3064	10
3065	13
3066	7
3067	10
3068	6
3069	12
3070	10
3071	17
3072	8
3073	10
3074	13
3075	13
3076	12
3077	10
3078	20
3079	10
3080	19
3081	9
3082	7
3083	8
3084	23
3085	14
3086	11
3087	9
3088	10
3089	15
3090	9
3091	11
3092	9
3093	8
3094	10
3095	7
3096	9
3097	8
3098	15
3099	14
3100	9
3101	11
3102	7
3103	17
3104	10
3105	2
3106	13
3107	19
3108	6
3109	15
3110	14
3111	8
3112	14
3113	16
3114	11
3115	14
3116	10
3117	9
3118	14
3119	9
3120	14
3121	15
3122	14
3123	21
3124	12
3125	16
3126	8
3127	13
3128	17
3129	9
3130	12
3131	12
3132	12
3133	13
3134	11
3135	12
3136	9
3137	10
3138	22
3139	18
3140	15
3141	17
3142	14
3143	16
3144	14
3145	11
3146	11
3147	15
3148	19
3149	10
3150	15
3151	19
3152	14
3153	21
3154	15
3155	18
3156	12
3157	14
3158	10
3159	12
3160	10
3161	18
3162	10
3163	14
3164	12
3165	15
3166	16
3167	12
3168	13
3169	17
3170	16
3171	21
3172	17
3173	14
3174	15
3175	20
3176	14
3177	12
3178	9
3179	19
3180	11
3181	14
3182	8
3183	12
3184	14
3185	9
3186	12
3187	22
3188	14
3189	13
3190	20
3191	19
3192	15
3193	17
3194	16
3195	17
3196	18
3197	15
3198	15
3199	13
3200	15
3201	21
3202	18
3203	17
3204	16
3205	20
3206	13
3207	13
3208	11
3209	17
3210	20
3211	19
3212	18
3213	12
3214	10
3215	14
3216	12
3217	19
3218	16
3219	24
3220	18
3221	23
3222	8
3223	19
3224	8
3225	21
3226	18
3227	14
3228	20
3229	15
3230	13
3231	25
3232	13
3233	13
3234	23
3235	15
3236	18
3237	15
3238	15
3239	22
3240	21
3241	22
3242	13
3243	19
3244	13
3245	15
3246	14
3247	19
3248	22
3249	13
3250	13
3251	13
3252	27
3253	16
3254	14
3255	13
3256	26
3257	18
3258	13
3259	18
3260	14
3261	12
3262	16
3263	17
3264	18
3265	24
3266	28
3267	20
3268	19
3269	15
3270	27
3271	32
3272	20
3273	23
3274	17
3275	18
3276	15
3277	15
3278	26
3279	15
3280	12
3281	16
3282	21
3283	23
3284	16
3285	26
3286	24
3287	22
3288	25
3289	14
3290	18
3291	19
3292	17
3293	18
3294	17
3295	23
3296	20
3297	19
3298	17
3299	17
3300	15
3301	19
3302	21
3303	35
3304	26
3305	16
3306	22
3307	23
3308	17
3309	24
3310	21
3311	30
3312	17
3313	25
3314	21
3315	22
3316	26
3317	13
3318	27
3319	21
3320	26
3321	26
3322	15
3323	28
3324	18
3325	25
3326	20
3327	10
3328	25
3329	23
3330	23
3331	27
3332	24
3333	21
3334	21
3335	22
3336	23
3337	24
3338	29
3339	28
3340	25
3341	28
3342	25
3343	19
3344	19
3345	19
3346	21
3347	26
3348	25
3349	22
3350	20
3351	24
3352	24
3353	24
3354	25
3355	14
3356	28
3357	18
3358	34
3359	18
3360	29
3361	17
3362	21
3363	22
3364	26
3365	28
3366	34
3367	17
3368	26
3369	28
3370	23
3371	24
3372	27
3373	32
3374	30
3375	24
3376	29
3377	27
3378	24
3379	26
3380	24
3381	28
3382	24
3383	23
3384	28
3385	21
3386	26
3387	29
3388	32
3389	15
3390	24
3391	27
3392	19
3393	16
3394	18
3395	26
3396	26
3397	18
3398	21
3399	16
3400	23
3401	15
3402	25
3403	25
3404	22
3405	26
3406	23
3407	26
3408	25
3409	32
3410	24
3411	23
3412	29
3413	30
3414	35
3415	22
3416	28
3417	23
3418	15
3419	28
3420	29
3421	18
3422	26
3423	20
3424	25
3425	21
3426	28
3427	18
3428	26
3429	24
3430	36
3431	23
3432	21
3433	22
3434	23
3435	35
3436	21
3437	20
3438	27
3439	25
3440	18
3441	23
3442	28
3443	32
3444	32
3445	33
3446	33
3447	34
3448	33
3449	25
3450	22
3451	24
3452	28
3453	31
3454	21
3455	19
3456	26
3457	26
3458	26
3459	21
3460	25
3461	23
3462	20
3463	31
3464	29
3465	23
3466	16
3467	24
3468	30
3469	29
3470	25
3471	29
3472	22
3473	32
3474	29
3475	25
3476	30
3477	17
3478	26
3479	24
3480	28
3481	22
3482	21
3483	26
3484	23
3485	34
3486	24
3487	27
3488	25
3489	24
3490	31
3491	19
3492	18
3493	15
3494	30
3495	28
3496	21
3497	35
3498	26
3499	23
3500	31
3501	27
3502	21
3503	27
3504	23
3505	22
3506	29
3507	24
3508	18
3509	28
3510	22
3511	23
3512	30
3513	25
3514	29
3515	22
3516	21
3517	32
3518	36
3519	28
3520	23
3521	19
3522	28
3523	19
3524	25
3525	33
3526	17
3527	25
3528	26
3529	18
3530	21
3531	24
3532	28
3533	25
3534	22
3535	21
3536	23
3537	29
3538	20
3539	27
3540	19
3541	31
3542	28
3543	25
3544	24
3545	21
3546	31
3547	26
3548	27
3549	25
3550	19
3551	22
3552	24
3553	25
3554	23
3555	31
3556	19
3557	16
3558	25
3559	23
3560	22
3561	25
3562	19
3563	35
3564	19
3565	23
3566	17
3567	17
3568	28
3569	30
3570	20
3571	25
3572	22
3573	23
3574	31
3575	20
3576	12
3577	19
3578	26
3579	21
3580	20
3581	27
3582	21
3583	17
3584	27
3585	21
3586	17
3587	26
3588	20
3589	15
3590	17
3591	18
3592	22
3593	24
3594	24
3595	24
3596	23
3597	25
3598	26
3599	20
3600	28
3601	16
3602	23
3603	22
3604	21
3605	22
3606	33
3607	16
3608	25
3609	22
3610	22
3611	14
3612	31
3613	22
3614	23
3615	16
3616	24
3617	26
3618	14
3619	16
3620	16
3621	20
3622	25
3623	26
3624	21
3625	26
3626	23
3627	27
3628	18
3629	23
3630	16
3631	13
3632	32
3633	19
3634	22
3635	22
3636	22
3637	18
3638	25
3639	24
3640	16
3641	18
3642	18
3643	14
3644	20
3645	20
3646	21
3647	17
3648	15
3649	16
3650	23
3651	19
3652	21
3653	11
3654	21
3655	23
3656	10
3657	17
3658	15
3659	20
3660	22
3661	28
3662	7
3663	15
3664	21
3665	22
3666	16
3667	16
3668	16
3669	18
3670	15
3671	16
3672	14
3673	18
3674	19
3675	18
3676	21
3677	25
3678	13
3679	19
3680	19
3681	22
3682	18
3683	16
3684	8
3685	7
3686	17
3687	18
3688	14
3689	15
3690	21
3691	24
3692	13
3693	11
3694	14
3695	17
3696	16
3697	14
3698	14
3699	21
3700	10
3701	12
3702	11
3703	13
3704	13
3705	21
3706	18
3707	16
3708	13
3709	13
3710	17
3711	14
3712	16
3713	12
3714	16
3715	15
3716	12
3717	14
3718	20
3719	10
3720	12
3721	21
3722	20
3723	11
3724	20
3725	15
3726	10
3727	12
3728	18
3729	15
3730	13
3731	17
3732	16
3733	15
3734	12
3735	6
3736	19
3737	9
3738	15
3739	13
3740	11
3741	9
3742	13
3743	10
3744	15
3745	15
3746	16
3747	14
3748	9
3749	12
3750	17
3751	11
3752	13
3753	9
3754	12
3755	10
3756	14
3757	9
3758	10
3759	12
3760	15
3761	13
3762	15
3763	12
3764	17
3765	8
3766	19
3767	6
3768	11
3769	15
3770	22
3771	18
3772	13
3773	14
3774	7
3775	11
3776	17
3777	7
3778	13
3779	13
3780	11
3781	13
3782	11
3783	6
3784	12
3785	12
3786	9
3787	14
3788	13
3789	13
3790	18
3791	13
3792	10
3793	13
3794	5
3795	18
3796	6
3797	8
3798	10
3799	9
3800	12
3801	9
3802	3
3803	12
3804	14
3805	8
3806	18
3807	12
3808	18
3809	16
3810	16
3811	15
3812	11
3813	10
3814	7
3815	9
3816	18
3817	16
3818	8
3819	17
3820	8
3821	9
3822	9
3823	3
3824	12
3825	12
3826	13
3827	5
3828	11
3829	11
3830	12
3831	4
3832	11
3833	9
3834	10
3835	8
3836	7
3837	8
3838	3
3839	10
3840	7
3841	8
3842	11
3843	10
3844	14
3845	7
3846	4
3847	4
3848	4
3849	12
3850	9
3851	10
3852	9
3853	7
3854	10
3855	8
3856	13
3857	9
3858	8
3859	5
3860	9
3861	11
3862	7
3863	9
3864	2
3865	8
3866	9
3867	12
3868	13
3869	9
3870	10
3871	9
3872	4
3873	7
3874	6
3875	7
3876	9
3877	10
3878	5
3879	5
3880	10
3881	6
3882	7
3883	1
3884	3
3885	8
3886	6
3887	10
3888	8
3889	6
3890	7
3891	8
3892	7
3893	5
3894	12
3895	7
3896	6
3897	4
3898	9
3899	4
3900	9
3901	10
3902	7
3903	3
3904	8
3905	7
3906	13
3907	8
3908	4
3909	4
3910	6
3911	7
3912	7
3913	3
3914	8
3915	5
3916	4
3917	9
3918	8
3919	10
3920	6
3921	10
3922	6
3923	11
3924	13
3925	6
3926	5
3927	3
3928	7
3929	6
3930	6
3931	11
3932	6
3933	3
3934	8
3935	5
3936	4
3937	2
3938	4
3939	5
3940	7
3941	4
3942	9
3943	4
3944	6
3945	10
3946	3
3947	9
3948	6
3949	6
3950	6
3951	8
3952	2
3953	5
3954	8
3955	5
3956	8
3957	7
3958	6
3959	3
3960	5
3961	5
3962	12
3963	12
3964	8
3965	6
3966	4
3967	3
3968	8
3969	9
3970	8
3971	10
3972	9
3973	7
3974	8
3975	6
3976	7
3977	12
3978	5
3979	6
3980	7
3981	4
3982	5
3983	4
3984	8
3985	3
3986	9
3987	7
3988	3
3989	7
3990	2
3991	10
3992	4
3993	5
3994	3
3995	5
3996	5
3997	9
3998	5
3999	7
4000	6
4001	7
4002	6
4003	3
4004	6
4005	4
4006	8
4007	10
4008	5
4009	6
4010	7
4011	6
4012	3
4013	3
4014	8
4015	2
4016	5
4017	9
4018	9
4019	2
4020	6
4021	6
4022	8
4023	6
4024	5
4025	9
4026	7
4027	6
4028	6
4029	5
4030	4
4031	7
4032	6
4033	6
4034	6
4035	8
4036	7
4037	5
4038	7
4039	8
4040	3
4041	1
4042	4
4043	6
4044	2
4045	7
4046	6
4047	6
4048	2
4049	5
4050	5
4051	6
4052	5
4053	10
4054	5
4055	9
4056	7
4057	5
4058	6
4059	10
4060	6
4061	13
4062	4
4063	5
4064	4
4065	4
4066	9
4067	7
4068	5
4069	9
4070	10
4071	6
4072	6
4073	2
4074	5
4075	5
4076	5
4077	5
4078	8
4079	5
4080	5
4081	6
4082	9
4083	6
4084	11
4085	7
4086	6
4087	3
4088	3
4089	5
4090	4
4091	8
4092	7
4093	6
4094	7
4095	7
4096	5
4097	9
4098	2
4099	11
4100	8
4101	7
4102	3
4103	4
4104	5
4105	4
4106	2
4107	10
4108	10
4109	14
4110	4
4111	6
4112	5
4113	8
4114	4
4115	7
4116	8
4117	5
4118	5
4119	4
4120	6
4121	6
4122	5
4123	7
4124	10
4125	2
4126	6
4127	6
4128	10
4129	8
4130	4
4131	5
4132	4
4133	6
4134	4
4135	5
4136	8
4137	4
4138	7
4139	6
4140	4
4141	4
4142	2
4143	8
4144	5
4145	8
4146	4
4147	8
4148	4
4149	5
4150	7
4151	4
4152	6
4153	6
4154	5
4155	4
4156	4
4157	8
4158	4
4159	6
4160	7
4161	5
4162	1
4163	4
4164	5
4165	4
4166	10
4167	9
4168	4
4169	4
4170	7
4171	5
4172	2
4173	6
4174	2
4175	6
4176	4
4177	3
4178	10
4179	7
4180	7
4181	9
4182	4
4183	6
4184	10
4185	6
4186	5
4187	7
4188	5
4189	7
4190	3
4191	5
4192	2
4193	4
4194	6
4195	4
4196	2
4197	3
4198	5
4199	7
4200	7
4201	1
4202	1
4203	4
4204	7
4205	5
4206	7
4207	11
4208	7
4209	6
4210	8
4211	4
4212	4
4213	7
4214	1
4215	10
4216	2
4217	6
4218	3
4219	6
4220	3
4221	3
4222	4
4223	5
4224	4
4225	5
4226	5
4227	3
4228	2
4229	5
4230	9
4231	8
4232	7
4233	5
4234	3
4235	9
4236	7
4237	3
4238	5
4239	0
4240	3
4241	7
4242	7
4243	1
4244	4
4245	5
4246	7
4247	8
4248	4
4249	3
4250	2
4251	3
4252	5
4253	3
4254	6
4255	3
4256	4
4257	4
4258	5
4259	5
4260	6
4261	5
4262	3
4263	11
4264	2
4265	1
4266	5
4267	4
4268	3
4269	8
4270	9
4271	5
4272	7
4273	5
4274	4
4275	1
4276	3
4277	3
4278	8
4279	4
4280	5
4281	7
4282	5
4283	6
4284	2
4285	7
4286	8
4287	7
4288	2
4289	4
4290	7
4291	8
4292	4
4293	5
4294	4
4295	5
4296	4
4297	6
4298	7
4299	4
4300	2
4301	0
4302	4
4303	6
4304	5
4305	6
4306	7
4307	3
4308	3
4309	1
4310	6
4311	6
4312	6
4313	3
4314	6
4315	4
4316	6
4317	3
4318	4
4319	5
4320	4
4321	4
4322	7
4323	6
4324	4
4325	4
4326	4
4327	3
4328	5
4329	5
4330	2
4331	3
4332	4
4333	5
4334	7
4335	3
4336	4
4337	3
4338	5
4339	8
4340	3
4341	3
4342	3
4343	2
4344	7
4345	6
4346	4
4347	1
4348	4
4349	5
4350	5
4351	4
4352	6
4353	2
4354	8
4355	10
4356	1
4357	3
4358	4
4359	5
4360	2
4361	4
4362	5
4363	3
4364	3
4365	7
4366	3
4367	4
4368	8
4369	5
4370	6
4371	4
4372	6
4373	5
4374	4
4375	2
4376	2
4377	3
4378	4
4379	4
4380	2
4381	3
4382	5
4383	3
4384	3
4385	2
4386	3
4387	5
4388	2
4389	6
4390	1
4391	7
4392	9
4393	6
4394	8
4395	5
4396	5
4397	7
4398	3
4399	3
4400	7
4401	12
4402	5
4403	5
4404	4
4405	5
4406	2
4407	4
4408	6
4409	5
4410	5
4411	6
4412	3
4413	5
4414	5
4415	0
4416	4
4417	7
4418	5
4419	5
4420	4
4421	4
4422	2
4423	3
4424	4
4425	3
4426	2
4427	9
4428	4
4429	6
4430	5
4431	2
4432	1
4433	7
4434	3
4435	2
4436	3
4437	1
4438	1
4439	3
4440	1
4441	3
4442	2
4443	2
4444	2
4445	3
4446	3
4447	3
4448	2
4449	4
4450	2
4451	4
4452	6
4453	3
4454	3
4455	2
4456	1
4457	3
4458	1
4459	3
4460	4
4461	6
4462	4
4463	6
4464	3
4465	3
4466	4
4467	5
4468	5
4469	6
4470	3
4471	4
4472	4
4473	6
4474	4
4475	5
4476	2
4477	1
4478	3
4479	2
4480	3
4481	4
4482	1
4483	2
4484	3
4485	3
4486	2
4487	4
4488	5
4489	5
4490	2
4491	4
4492	3
4493	2
4494	2
4495	3
4496	0
4497	3
4498	2
4499	5
4500	2
4501	1
4502	6
4503	1
4504	3
4505	3
4506	3
4507	2
4508	0
4509	1
4510	1
4511	0
4512	6
4513	2
4514	7
4515	1
4516	1
4517	1
4518	2
4519	3
4520	2
4521	3
4522	5
4523	6
4524	6
4525	1
4526	4
4527	2
4528	2
4529	3
4530	5
4531	1
4532	6
4533	1
4534	3
4535	1
4536	2
4537	4
4538	0
4539	4
4540	3
4541	3
4542	3
4543	4
4544	5
4545	3
4546	1
4547	4
4548	3
4549	5
4550	1
4551	4
4552	5
4553	2
4554	1
4555	2
4556	0
4557	1
4558	2
4559	5
4560	1
4561	3
4562	0
4563	5
4564	2
4565	1
4566	3
4567	5
4568	3
4569	2
4570	0
4571	3
4572	1
4573	2
4574	2
4575	5
4576	1
4577	2
4578	2
4579	1
4580	2
4581	1
4582	1
4583	5
4584	0
4585	2
4586	1
4587	2
4588	0
4589	1
4590	5
4591	0
4592	4
4593	0
4594	4
4595	4
4596	1
4597	1
4598	1
4599	3
4600	3
4601	2
4602	5
4603	0
4604	3
4605	2
4606	0
4607	3
4608	1
4609	3
4610	5
4611	0
4612	1
4613	2
4614	0
4615	4
4616	3
4617	2
4618	4
4619	3
4620	1
4621	2
4622	0
4623	1
4624	3
4625	0
4626	2
4627	1
4628	2
4629	2
4630	1
4631	0
4632	2
4633	4
4634	4
4635	2
4636	1
4637	3
4638	1
4639	1
4640	2
4641	3
4642	0
4643	1
4644	2
4645	3
4646	0
4647	3
4648	4
4649	1
4650	3
4651	4
4652	2
4653	1
4654	1
4655	3
4656	4
4657	0
4658	1
4659	3
4660	1
4661	2
4662	1
4663	0
4664	1
4665	4
4666	0
4667	3
4668	2
4669	3
4670	2
4671	1
4672	3
4673	1
4674	1
4675	0
4676	1
4677	1
4678	3
4679	0
4680	1
4681	2
4682	1
4683	3
4684	5
4685	0
4686	0
4687	1
4688	3
4689	1
4690	3
4691	3
4692	1
4693	1
4694	1
4695	5
4696	5
4697	4
4698	0
4699	4
4700	2
4701	1
4702	4
4703	2
4704	1
4705	2
4706	3
4707	0
4708	1
4709	1
4710	1
4711	5
4712	4
4713	4
4714	0
4715	3
4716	4
4717	2
4718	0
4719	2
4720	1
4721	3
4722	2
4723	1
4724	3
4725	0
4726	2
4727	4
4728	5
4729	0
4730	3
4731	0
4732	4
4733	1
4734	0
4735	3
4736	1
4737	2
4738	2
4739	0
4740	3
4741	1
4742	3
4743	2
4744	2
4745	2
4746	2
4747	2
4748	4
4749	3
4750	2
4751	1
4752	3
4753	2
4754	3
4755	1
4756	1
4757	1
4758	2
4759	2
4760	1
4761	1
4762	2
4763	1
4764	0
4765	3
4766	4
4767	3
4768	2
4769	0
4770	2
4771	1
4772	0
4773	3
4774	0
4775	3
4776	5
4777	3
4778	1
4779	2
4780	0
4781	0
4782	1
4783	2
4784	3
4785	1
4786	3
4787	1
4788	1
4789	3
4790	0
4791	4
4792	1
4793	4
4794	2
4795	4
4796	2
4797	0
4798	1
4799	0
4800	2
4801	2
4802	2
4803	3
4804	1
4805	1
4806	1
4807	1
4808	0
4809	1
4810	4
4811	0
4812	3
4813	0
4814	0
4815	1
4816	0
4817	1
4818	0
4819	3
4820	2
4821	1
4822	3
4823	0
4824	1
4825	0
4826	1
4827	2
4828	2
4829	3
4830	3
4831	3
4832	1
4833	2
4834	0
4835	0
4836	1
4837	1
4838	1
4839	0
4840	2
4841	1
4842	1
4843	1
4844	0
4845	0
4846	3
4847	0
4848	1
4849	0
4850	3
4851	0
4852	2
4853	0
4854	1
4855	3
4856	1
4857	0
4858	2
4859	0
4860	1
4861	1
4862	1
4863	2
4864	0
4865	0
4866	2
4867	2
4868	2
4869	1
4870	0
4871	2
4872	1
4873	2
4874	0
4875	1
4876	1
4877	1
4878	0
4879	1
4880	3
4881	1
4882	2
4883	1
4884	3
4885	2
4886	3
4887	2
4888	2
4889	1
4890	2
4891	2
4892	0
4893	0
4894	2
4895	4
4896	1
4897	1
4898	1
4899	0
4900	1
4901	1
4902	2
4903	1
4904	1
4905	2
4906	1
4907	1
4908	1
4909	0
4910	2
4911	0
4912	0
4913	0
4914	0
4915	1
4916	1
4917	1
4918	1
4919	2
4920	1
4921	1
4922	0
4923	1
4924	0
4925	2
4926	2
4927	1
4928	0
4929	0
4930	1
4931	1
4932	0
4933	2
4934	0
4935	2
4936	1
4937	1
4938	1
4939	2
4940	2
4941	3
4942	2
4943	0
4944	0
4945	1
4946	2
4947	0
4948	0
4949	0
4950	1
4951	1
4952	2
4953	3
4954	0
4955	1
4956	2
4957	1
4958	0
4959	0
4960	3
4961	0
4962	1
4963	0
4964	0
4965	0
4966	0
4967	1
4968	0
4969	0
4970	3
4971	1
4972	1
4973	0
4974	1
4975	1
4976	0
4977	0
4978	1
4979	2
4980	0
4981	0
4982	0
4983	1
4984	1
4985	0
4986	1
4987	0
4988	0
4989	0
4990	0
4991	1
4992	0
4993	1
4994	0
4995	1
4996	0
4997	0
4998	0
4999	0
5000	1
5001	3
5002	1
5003	1
5004	1
5005	1
5006	0
5007	1
5008	0
5009	0
5010	0
5011	2
5012	0
5013	1
5014	0
5015	0
5016	0
5017	1
5018	0
5019	0
5020	0
5021	1
5022	0
5023	0
5024	2
5025	0
5026	2
5027	0
5028	1
5029	1
5030	0
5031	0
5032	0
5033	0
5034	0
5035	0
5036	0
5037	0
5038	1
5039	0
5040	1
5041	0
5042	0
5043	2
5044	2
5045	1
5046	0
5047	0
5048	3
5049	0
5050	1
5051	1
5052	1
5053	0
5054	1
5055	0
5056	1
5057	1
5058	0
5059	2
5060	0
5061	1
5062	0
5063	0
5064	1
5065	1
5066	0
5067	2
5068	4
5069	0
5070	0
5071	0
5072	1
5073	1
5074	0
5075	1
5076	2
5077	0
5078	0
5079	0
5080	0
5081	0
5082	0
5083	1
5084	0
5085	0
5086	1
5087	0
5088	0
5089	1
5090	0
5091	1
5092	0
5093	2
5094	0
5095	1
5096	0
5097	1
5098	0
5099	0
5100	0
5101	0
5102	0
5103	0
5104	0
5105	1
5106	0
5107	0
5108	1
5109	0
5110	2
5111	1
5112	0
5113	0
5114	1
5115	0
5116	0
5117	0
5118	0
5119	0
5120	2
5121	1
5122	1
5123	1
5124	0
5125	0
5126	0
5127	0
5128	0
5129	2
5130	1
5131	0
5132	1
5133	2
5134	0
5135	1
5136	1
5137	0
5138	0
5139	2
5140	1
5141	2
5142	0
5143	1
5144	0
5145	0
5146	0
5147	1
5148	1
5149	1
5150	0
5151	1
5152	0
5153	2
5154	0
5155	0
5156	2
5157	1
5158	0
5159	0
5160	0
5161	1
5162	0
5163	0
5164	1
5165	0
5166	1
5167	1
5168	1
5169	3
5170	0
5171	3
5172	0
5173	0
5174	0
5175	1
5176	2
5177	0
5178	0
5179	0
5180	1
5181	0
5182	1
5183	0
5184	1
5185	1
5186	1
5187	1
5188	0
5189	0
5190	0
5191	0
5192	1
5193	0
5194	2
5195	1
5196	0
5197	1
5198	0
5199	0
5200	0
5201	0
5202	1
5203	0
5204	0
5205	1
5206	2
5207	0
5208	0
5209	0
5210	1
5211	0
5212	0
5213	0
5214	0
5215	0
5216	0
5217	0
5218	0
5219	0
5220	1
5221	0
5222	0
5223	1
5224	1
5225	1
5226	1
5227	0
5228	0
5229	2
5230	1
5231	0
5232	1
5233	0
5234	0
5235	0
5236	2
5237	0
5238	0
5239	0
5240	1
5241	0
5242	0
5243	1
5244	0
5245	0
5246	0
5247	1
5248	0
5249	1
5250	0
5251	1
5252	1
5253	1
5254	1
5255	2
5256	0
5257	0
5258	1
5259	0
5260	1
5261	0
5262	0
5263	0
5264	0
5265	1
5266	0
5267	2
5268	1
5269	1
5270	0
5271	0
5272	0
5273	0
5274	0
5275	0
5276	0
5277	1
5278	0
5279	1
5280	0
5281	1
5282	1
5283	0
5284	1
5285	0
5286	1
5287	1
5288	1
5289	1
5290	1
5291	1
5292	0
5293	0
5294	0
5295	1
5296	0
5297	1
5298	1
5299	0
5300	2
5301	1
5302	0
5303	0
5304	2
5305	2
5306	0
5307	2
5308	0
5309	1
5310	0
5311	1
5312	1
5313	0
5314	0
5315	0
5316	0
5317	0
5318	0
5319	0
5320	0
5321	0
5322	0
5323	2
5324	0
5325	1
5326	0
5327	0
5328	0
5329	0
5330	0
5331	0
5332	0
5333	0
5334	0
5335	1
5336	0
5337	0
5338	0
5339	0
5340	1
5341	1
5342	0
5343	1
5344	0
5345	2
5346	0
5347	0
5348	1
5349	0
5350	1
5351	0
5352	2
5353	2
5354	1
5355	0
5356	0
5357	2
5358	0
5359	1
5360	1
5361	1
5362	0
5363	0
5364	0
5365	4
5366	1
5367	0
5368	0
5369	0
5370	0
5371	2
5372	0
5373	2
5374	1
5375	0
5376	1
5377	3
5378	2
5379	1
5380	0
5381	0
5382	2
5383	0
5384	2
5385	1
5386	0
5387	1
5388	1
5389	0
5390	0
5391	1
5392	0
5393	0
5394	0
5395	1
5396	0
5397	1
5398	1
5399	0
5400	0
5401	2
5402	0
5403	0
5404	0
5405	2
5406	0
5407	0
5408	2
5409	0
5410	0
5411	0
5412	0
5413	0
5414	0
5415	0
5416	0
5417	1
5418	0
5419	0
5420	0
5421	0
5422	1
5423	0
5424	1
5425	1
5426	0
5427	2
5428	1
5429	1
5430	0
5431	0
5432	0
5433	0
5434	1
5435	0
5436	1
5437	0
5438	0
5439	0
5440	1
5441	1
5442	0
5443	1
5444	4
5445	0
5446	0
5447	2
5448	0
5449	0
5450	0
5451	0
5452	0
5453	1
5454	1
5455	1
5456	0
5457	0
5458	0
5459	0
5460	0
5461	0
5462	0
5463	1
5464	0
5465	0
5466	0
5467	0
5468	0
5469	0
5470	1
5471	2
5472	1
5473	1
5474	0
5475	0
5476	0
5477	0
5478	1
5479	1
5480	0
5481	1
5482	0
5483	0
5484	0
5485	0
5486	0
5487	0
5488	0
5489	0
5490	0
5491	0
5492	1
5493	0
5494	0
5495	1
5496	0
5497	0
5498	0
5499	0
5500	1
5501	0
5502	0
5503	0
5504	0
5505	0
5506	0
5507	2
5508	0
5509	1
5510	0
5511	0
5512	2
5513	0
5514	2
5515	0
5516	0
5517	1
5518	0
5519	0
5520	0
5521	0
5522	2
5523	0
5524	0
5525	0
5526	1
5527	1
5528	1
5529	0
5530	0
5531	0
5532	2
5533	0
5534	0
5535	2
5536	0
5537	1
5538	2
5539	1
5540	0
5541	1
5542	0
5543	1
5544	1
5545	2
5546	1
5547	0
5548	0
5549	0
5550	1
5551	0
5552	1
5553	0
5554	2
5555	0
5556	0
5557	0
5558	1
5559	0
5560	0
5561	0
5562	2
5563	0
5564	0
5565	0
5566	1
5567	1
5568	1
5569	0
5570	0
5571	0
5572	0
5573	0
5574	1
5575	0
5576	2
5577	1
5578	0
5579	1
5580	1
5581	1
5582	1
5583	0
5584	0
5585	1
5586	1
5587	0
5588	3
5589	0
5590	0
5591	0
5592	0
5593	0
5594	0
5595	0
5596	0
5597	0
5598	0
5599	1
5600	3
5601	0
5602	2
5603	2
5604	0
5605	0
5606	0
5607	0
5608	1
5609	0
5610	0
5611	0
5612	1
5613	0
5614	0
5615	0
5616	1
5617	1
5618	1
5619	0
5620	0
5621	2
5622	0
5623	1
5624	0
5625	0
5626	1
5627	1
5628	2
5629	0
5630	0
5631	0
5632	2
5633	0
5634	1
5635	0
5636	1
5637	1
5638	0
5639	0
5640	0
5641	0
5642	1
5643	1
5644	1
5645	0
5646	0
5647	2
5648	0
5649	1
5650	2
5651	0
5652	1
5653	1
5654	0
5655	0
5656	2
5657	0
5658	0
5659	1
5660	0
5661	1
5662	0
5663	0
5664	1
5665	0
5666	0
5667	1
5668	0
5669	0
5670	1
5671	2
5672	0
5673	0
5674	1
5675	0
5676	0
5677	0
5678	1
5679	1
5680	0
5681	0
5682	0
5683	0
5684	0
5685	0
5686	0
5687	0
5688	0
5689	1
5690	0
5691	1
5692	0
5693	0
5694	0
5695	1
5696	0
5697	1
5698	1
5699	1
5700	1
5701	0
5702	1
5703	1
5704	1
5705	0
5706	0
5707	0
5708	1
5709	0
5710	0
5711	0
5712	0
5713	2
5714	0
5715	0
5716	1
5717	0
5718	0
5719	0
5720	0
5721	0
5722	1
5723	0
5724	0
5725	0
5726	1
5727	0
5728	0
5729	2
5730	0
5731	3
5732	1
5733	0
5734	1
5735	1
5736	0
5737	1
5738	0
5739	0
5740	0
5741	0
5742	0
5743	0
5744	1
5745	1
5746	0
5747	1
5748	0
5749	0
5750	0
5751	1
5752	2
5753	0
5754	0
5755	0
5756	0
5757	0
5758	2
5759	0
5760	0
5761	1
5762	0
5763	0
5764	1
5765	1
5766	0
5767	3
5768	0
5769	0
5770	0
5771	0
5772	0
5773	1
5774	1
5775	1
5776	0
5777	0
5778	0
5779	1
5780	0
5781	1
5782	0
5783	0
5784	1
5785	0
5786	0
5787	3
5788	0
5789	1
5790	0
5791	0
5792	1
5793	0
5794	0
5795	0
5796	0
5797	1
5798	1
5799	1
5800	0
5801	1
5802	2
5803	1
5804	1
5805	0
5806	0
5807	1
5808	0
5809	0
5810	1
5811	0
5812	1
5813	0
5814	1
5815	1
5816	2
5817	0
5818	0
5819	0
5820	0
5821	0
5822	0
5823	0
5824	0
5825	0
5826	0
5827	1
5828	0
5829	0
5830	0
5831	0
5832	0
5833	0
5834	1
5835	0
5836	0
5837	0
5838	0
5839	0
5840	0
5841	0
5842	0
5843	0
5844	1
5845	0
5846	0
5847	0
5848	1
5849	0
5850	0
5851	0
5852	0
5853	1
5854	0
5855	1
5856	0
5857	0
5858	1
5859	1
5860	1
5861	0
5862	1
5863	1
5864	0
5865	3
5866	0
5867	0
5868	1
5869	0
5870	0
5871	1
5872	1
5873	1
5874	0
5875	2
5876	0
5877	0
5878	1
5879	0
5880	1
5881	1
5882	3
5883	0
5884	0
5885	1
5886	1
5887	1
5888	1
5889	0
5890	0
5891	1
5892	1
5893	1
5894	0
5895	0
5896	0
5897	0
5898	0
5899	1
5900	0
5901	0
5902	0
5903	0
5904	0
5905	0
5906	0
5907	0
5908	0
5909	2
5910	0
5911	0
5912	1
5913	0
5914	0
5915	2
5916	1
5917	0
5918	0
5919	0
5920	0
5921	0
5922	1
5923	1
5924	0
5925	1
5926	0
5927	0
5928	0
5929	0
5930	0
5931	1
5932	0
5933	0
5934	0
5935	1
5936	0
5937	1
5938	0
5939	2
5940	0
5941	1
5942	0
5943	1
5944	0
5945	0
5946	2
5947	0
5948	0
5949	0
5950	0
5951	1
5952	0
5953	2
5954	0
5955	0
5956	0
5957	0
5958	0
5959	1
5960	0
5961	0
5962	0
5963	0
5964	0
5965	2
5966	0
5967	1
5968	0
5969	2
5970	0
5971	0
5972	0
5973	0
5974	0
5975	1
5976	0
5977	0
5978	0
5979	0
5980	0
5981	2
5982	0
5983	0
5984	0
5985	0
5986	2
5987	1
5988	1
5989	1
5990	3
5991	0
5992	0
5993	0
5994	1
5995	1
5996	0
5997	1
5998	1
5999	0
6000	0
6001	0
6002	1
6003	0
6004	0
6005	0
6006	0
6007	1
6008	1
6009	1
6010	1
6011	0
6012	2
6013	0
6014	0
6015	1
6016	1
6017	0
6018	0
6019	0
6020	0
6021	2
6022	2
6023	0
6024	0
6025	0
6026	1
6027	0
6028	0
6029	0
6030	1
6031	1
6032	0
6033	0
6034	0
6035	0
6036	0
6037	2
6038	0
6039	1
6040	1
6041	0
6042	1
6043	2
6044	0
6045	0
6046	0
6047	0
6048	0
6049	0
6050	1
6051	2
6052	1
6053	0
6054	2
6055	0
6056	1
6057	0
6058	0
6059	2
6060	0
6061	1
6062	0
6063	0
6064	0
6065	1
6066	1
6067	0
6068	0
6069	0
6070	2
6071	0
6072	0
6073	1
6074	0
6075	0
6076	0
6077	1
6078	0
6079	0
6080	1
6081	0
6082	0
6083	0
6084	1
6085	2
6086	1
6087	0
6088	0
6089	0
6090	1
6091	0
6092	1
6093	0
6094	0
6095	0
6096	0
6097	0
6098	0
6099	1
6100	0
6101	1
6102	1
6103	0
6104	0
6105	0
6106	0
6107	0
6108	1
6109	1
6110	0
6111	0
6112	0
6113	0
6114	0
6115	0
6116	0
6117	0
6118	0
6119	1
6120	1
6121	0
6122	0
6123	0
6124	0
6125	1
6126	1
6127	1
6128	1
6129	0
6130	0
6131	0
6132	0
6133	0
6134	0
6135	0
6136	1
6137	0
6138	0
6139	1
6140	0
6141	0
6142	0
6143	1
6144	0
6145	0
6146	2
6147	0
6148	2
6149	0
6150	1
6151	0
6152	0
6153	0
6154	1
6155	0
6156	0
6157	0
6158	1
6159	0
6160	0
6161	0
6162	0
6163	0
6164	1
6165	1
6166	0
6167	0
6168	0
6169	2
6170	1
6171	0
6172	1
6173	0
6174	0
6175	0
6176	1
6177	1
6178	1
6179	0
6180	0
6181	0
6182	0
6183	0
6184	0
6185	0
6186	1
6187	1
6188	0
6189	0
6190	0
6191	0
6192	1
6193	0
6194	0
6195	0
6196	1
6197	1
6198	0
6199	0
6200	0
6201	1
6202	0
6203	2
6204	0
6205	0
6206	0
6207	0
6208	0
6209	1
6210	0
6211	0
6212	0
6213	0
6214	0
6215	0
6216	0
6217	0
6218	1
6219	0
6220	0
6221	0
6222	0
6223	0
6224	0
6225	0
6226	1
6227	0
6228	2
6229	0
6230	0
6231	0
6232	0
6233	1
6234	4
6235	0
6236	1
6237	0
6238	0
6239	1
6240	1
6241	0
6242	1
6243	0
6244	0
6245	1
6246	0
6247	0
6248	0
6249	0
6250	0
6251	0
6252	0
6253	1
6254	0
6255	1
6256	0
6257	2
6258	1
6259	1
6260	0
6261	0
6262	2
6263	0
6264	0
6265	1
6266	0
6267	0
6268	0
6269	0
6270	0
6271	0
6272	1
6273	1
6274	0
6275	1
6276	0
6277	2
6278	0
6279	0
6280	2
6281	0
6282	1
6283	0
6284	3
6285	0
6286	1
6287	0
6288	1
6289	0
6290	0
6291	1
6292	0
6293	1
6294	0
6295	0
6296	1
6297	0
6298	1
6299	0
6300	1
6301	0
6302	0
6303	2
6304	2
6305	0
6306	0
6307	1
6308	0
6309	1
6310	0
6311	1
6312	1
6313	0
6314	0
6315	1
6316	1
6317	1
6318	0
6319	0
6320	0
6321	1
6322	0
6323	0
6324	1
6325	0
6326	0
6327	0
6328	1
6329	0
6330	1
6331	1
6332	0
6333	0
6334	2
6335	0
6336	0
6337	0
6338	0
6339	0
6340	0
6341	2
6342	1
6343	0
6344	1
6345	0
6346	0
6347	1
6348	1
6349	0
6350	0
6351	0
6352	0
6353	0
6354	0
6355	1
6356	1
6357	0
6358	0
6359	0
6360	2
6361	0
6362	1
6363	0
6364	1
6365	2
6366	1
6367	2
6368	1
6369	0
6370	2
6371	0
6372	1
6373	0
6374	0
6375	0
6376	2
6377	0
6378	0
6379	0
6380	1
6381	0
6382	0
6383	0
6384	0
6385	1
6386	1
6387	2
6388	1
6389	0
6390	1
6391	1
6392	1
6393	0
6394	2
6395	1
6396	2
6397	0
6398	0
6399	0
6400	0
6401	0
6402	0
6403	1
6404	1
6405	0
6406	1
6407	0
6408	0
6409	0
6410	0
6411	0
6412	1
6413	0
6414	0
6415	0
6416	3
6417	0
6418	1
6419	1
6420	0
6421	0
6422	0
6423	0
6424	0
6425	0
6426	0
6427	0
6428	0
6429	2
6430	0
6431	1
6432	0
6433	0
6434	0
6435	1
6436	1
6437	1
6438	2
6439	0
6440	0
6441	1
6442	1
6443	1
6444	0
6445	0
6446	0
6447	0
6448	0
6449	1
6450	1
6451	0
6452	1
6453	1
6454	2
6455	0
6456	0
6457	0
6458	1
6459	0
6460	0
6461	0
6462	0
6463	0
6464	1
6465	0
6466	0
6467	1
6468	1
6469	0
6470	0
6471	0
6472	0
6473	0
6474	0
6475	0
6476	0
6477	1
6478	0
6479	0
6480	1
6481	3
6482	0
6483	0
6484	1
6485	0
6486	0
6487	1
6488	0
6489	4
6490	0
6491	1
6492	0
6493	0
6494	0
6495	0
6496	1
6497	0
6498	1
6499	0
6500	0
6501	2
6502	1
6503	0
6504	0
6505	0
6506	0
6507	1
6508	1
6509	0
6510	1
6511	0
6512	0
6513	0
6514	0
6515	0
6516	0
6517	0
6518	0
6519	0
6520	1
6521	0
6522	0
6523	1
6524	1
6525	1
6526	2
6527	0
6528	1
6529	2
6530	0
6531	1
6532	0
6533	1
6534	0
6535	0
6536	0
6537	1
6538	0
6539	1
6540	0
6541	0
6542	0
6543	1
6544	0
6545	1
6546	0
6547	0
6548	0
6549	0
6550	0
6551	0
6552	0
6553	0
6554	0
6555	0
6556	0
6557	0
6558	1
6559	2
6560	0
6561	0
6562	0
6563	2
6564	0
6565	1
6566	2
6567	0
6568	0
6569	0
6570	1
6571	0
6572	0
6573	0
6574	1
6575	1
6576	0
6577	0
6578	0
6579	1
6580	0
6581	0
6582	1
6583	0
6584	0
6585	0
6586	1
6587	0
6588	0
6589	2
6590	1
6591	2
6592	0
6593	0
6594	0
6595	1
6596	0
6597	0
6598	0
6599	0
6600	0
6601	1
6602	0
6603	1
6604	0
6605	0
6606	1
6607	0
6608	0
6609	1
6610	0
6611	2
6612	0
6613	0
6614	1
6615	0
6616	1
6617	0
6618	2
6619	0
6620	0
6621	0
6622	0
6623	0
6624	1
6625	0
6626	1
6627	2
6628	0
6629	0
6630	1
6631	1
6632	0
6633	1
6634	1
6635	0
6636	0
6637	2
6638	1
6639	0
6640	1
6641	0
6642	0
6643	0
6644	0
6645	0
6646	0
6647	2
6648	1
6649	1
6650	0
6651	2
6652	0
6653	1
6654	0
6655	0
6656	1
6657	0
6658	2
6659	0
6660	0
6661	0
6662	1
6663	0
6664	1
6665	1
6666	0
6667	0
6668	0
6669	1
6670	1
6671	0
6672	0
6673	0
6674	1
6675	3
6676	0
6677	0
6678	0
6679	0
6680	0
6681	0
6682	0
6683	1
6684	0
6685	1
6686	0
6687	0
6688	0
6689	0
6690	1
6691	0
6692	0
6693	0
6694	0
6695	0
6696	0
6697	1
6698	0
6699	0
6700	0
6701	0
6702	0
6703	0
6704	0
6705	0
6706	0
6707	0
6708	0
6709	0
6710	0
6711	0
6712	0
6713	0
6714	0
6715	0
6716	0
6717	0
6718	0
6719	1
6720	0
6721	1
6722	0
6723	1
6724	1
6725	1
6726	0
6727	0
6728	2
6729	0
6730	0
6731	1
6732	1
6733	0
6734	0
6735	0
6736	2
6737	0
6738	2
6739	1
6740	0
6741	1
6742	0
6743	0
6744	0
6745	0
6746	0
6747	0
6748	0
6749	0
6750	0
6751	0
6752	0
6753	1
6754	1
6755	0
6756	1
6757	1
6758	0
6759	0
6760	1
6761	0
6762	0
6763	0
6764	1
6765	0
6766	0
6767	0
6768	0
6769	0
6770	1
6771	2
6772	0
6773	0
6774	0
6775	0
6776	0
6777	0
6778	0
6779	1
6780	1
6781	0
6782	1
6783	1
6784	0
6785	0
6786	0
6787	1
6788	0
6789	0
6790	1
6791	0
6792	1
6793	2
6794	1
6795	0
6796	1
6797	1
6798	1
6799	1
6800	0
6801	1
6802	0
6803	0
6804	0
6805	3
6806	0
6807	0
6808	0
6809	0
6810	0
6811	1
6812	1
6813	1
6814	1
6815	0
6816	0
6817	2
6818	1
6819	1
6820	0
6821	0
6822	0
6823	0
6824	0
6825	1
6826	0
6827	1
6828	0
6829	0
6830	0
6831	1
6832	1
6833	0
6834	1
6835	1
6836	0
6837	0
6838	0
6839	1
6840	0
6841	1
6842	0
6843	1
6844	0
6845	1
6846	0
6847	0
6848	0
6849	0
6850	1
6851	1
6852	0
6853	0
6854	0
6855	0
6856	0
6857	0
6858	0
6859	1
6860	0
6861	1
6862	3
6863	0
6864	1
6865	0
6866	1
6867	0
6868	0
6869	0
6870	0
6871	2
6872	1
6873	0
6874	1
6875	0
6876	0
6877	0
6878	2
6879	0
6880	0
6881	1
6882	0
6883	0
6884	1
6885	0
6886	0
6887	0
6888	0
6889	0
6890	1
6891	0
6892	0
6893	1
6894	0
6895	0
6896	0
6897	0
6898	0
6899	0
6900	3
6901	1
6902	1
6903	0
6904	1
6905	0
6906	2
6907	2
6908	1
6909	1
6910	0
6911	0
6912	1
6913	1
6914	2
6915	0
6916	1
6917	0
6918	0
6919	0
6920	0
6921	1
6922	0
6923	0
6924	0
6925	1
6926	1
6927	0
6928	1
6929	0
6930	0
6931	1
6932	1
6933	0
6934	1
6935	1
6936	0
6937	0
6938	0
6939	0
6940	0
6941	1
6942	0
6943	0
6944	0
6945	1
6946	1
6947	0
6948	0
6949	0
6950	0
6951	0
6952	0
6953	1
6954	2
6955	1
6956	0
6957	0
6958	1
6959	1
6960	0
6961	1
6962	1
6963	1
6964	0
6965	1
6966	1
6967	0
6968	0
6969	0
6970	0
6971	0
6972	0
6973	0
6974	0
6975	1
6976	1
6977	0
6978	1
6979	0
6980	0
6981	0
6982	1
6983	0
6984	0
6985	0
6986	0
6987	0
6988	0
6989	0
6990	1
6991	0
6992	0
6993	0
6994	1
6995	1
6996	0
6997	0
6998	0
6999	0
7000	1
7001	0
7002	1
7003	0
7004	0
7005	0
7006	1
7007	0
7008	0
7009	0
7010	1
7011	0
7012	2
7013	0
7014	0
7015	0
7016	0
7017	0
7018	0
7019	1
7020	1
7021	1
7022	1
7023	0
7024	0
7025	0
7026	1
7027	0
7028	1
7029	0
7030	0
7031	1
7032	0
7033	0
7034	0
7035	0
7036	0
7037	0
7038	0
7039	1
7040	0
7041	0
7042	1
7043	0
7044	0
7045	1
7046	0
7047	0
7048	0
7049	0
7050	0
7051	0
7052	1
7053	0
7054	0
7055	0
7056	0
7057	1
7058	1
7059	0
7060	1
7061	0
7062	1
7063	0
7064	0
7065	0
7066	0
7067	0
7068	0
7069	0
7070	1
7071	0
7072	0
7073	1
7074	0
7075	2
7076	0
7077	0
7078	0
7079	0
7080	1
7081	1
7082	1
7083	1
7084	0
7085	1
7086	0
7087	1
7088	1
7089	0
7090	0
7091	1
7092	0
7093	0
7094	1
7095	0
7096	0
7097	0
7098	0
7099	1
7100	0
7101	0
7102	0
7103	1
7104	0
7105	0
7106	1
7107	0
7108	0
7109	0
7110	0
7111	0
7112	0
7113	0
7114	0
7115	0
7116	0
7117	1
7118	1
7119	0
7120	0
7121	0
7122	2
7123	1
7124	0
7125	1
7126	0
7127	0
7128	1
7129	0
7130	1
7131	0
7132	0
7133	0
7134	0
7135	0
7136	0
7137	0
7138	0
7139	0
7140	0
7141	0
7142	0
7143	0
7144	0
7145	0
7146	0
7147	1
7148	0
7149	0
7150	0
7151	0
7152	0
7153	0
7154	0
7155	0
7156	1
7157	0
7158	0
7159	1
7160	0
7161	0
7162	0
7163	2
7164	0
7165	1
7166	0
7167	0
7168	0
7169	0
7170	0
7171	0
7172	1
7173	2
7174	1
7175	0
7176	0
7177	0
7178	0
7179	0
7180	1
7181	0
7182	0
7183	1
7184	0
7185	0
7186	0
7187	0
7188	0
7189	0
7190	0
7191	0
7192	0
7193	0
7194	0
7195	1
7196	0
7197	0
7198	0
7199	0
7200	0
7201	1
7202	0
7203	1
7204	0
7205	1
7206	0
7207	0
7208	0
7209	1
7210	0
7211	0
7212	0
7213	0
7214	0
7215	1
7216	0
7217	0
7218	0
7219	0
7220	0
7221	0
7222	0
7223	1
7224	0
7225	1
7226	0
7227	0
7228	0
7229	0
7230	0
7231	1
7232	0
7233	0
7234	0
7235	0
7236	0
7237	2
7238	0
7239	1
7240	0
7241	0
7242	0
7243	0
7244	1
7245	0
7246	0
7247	0
7248	1
7249	0
7250	0
7251	0
7252	0
7253	0
7254	1
7255	0
7256	2
7257	0
7258	2
7259	0
7260	3
7261	0
7262	0
7263	1
7264	0
7265	0
7266	0
7267	0
7268	0
7269	0
7270	0
7271	0
7272	1
7273	1
7274	0
7275	0
7276	0
7277	0
7278	1
7279	0
7280	0
7281	1
7282	0
7283	1
7284	0
7285	1
7286	1
7287	0
7288	0
7289	0
7290	0
7291	1
7292	0
7293	1
7294	0
7295	0
7296	0
7297	0
7298	0
7299	0
7300	0
7301	0
7302	0
7303	0
7304	0
7305	0
7306	0
7307	0
7308	0
7309	0
7310	0
7311	0
7312	0
7313	0
7314	0
7315	0
7316	0
7317	0
7318	0
7319	1
7320	0
7321	0
7322	0
7323	0
7324	0
7325	2
7326	0
7327	0
7328	0
7329	0
7330	0
7331	2
7332	0
7333	0
7334	0
7335	0
7336	0
7337	0
7338	1
7339	1
7340	0
7341	0
7342	1
7343	0
7344	1
7345	0
7346	0
7347	0
7348	0
7349	1
7350	0
7351	1
7352	0
7353	1
7354	1
7355	0
7356	1
7357	1
7358	0
7359	1
7360	0
7361	1
7362	1
7363	0
7364	0
7365	0
7366	0
7367	0
7368	0
7369	0
7370	0
7371	0
7372	0
7373	0
7374	1
7375	0
7376	0
7377	0
7378	0
7379	0
7380	1
7381	1
7382	0
7383	1
7384	0
7385	0
7386	0
7387	0
7388	0
7389	0
7390	0
7391	0
7392	0
7393	0
7394	0
7395	0
7396	0
7397	1
7398	0
7399	0
7400	0
7401	0
7402	0
7403	0
7404	1
7405	0
7406	0
7407	0
7408	0
7409	1
7410	0
7411	1
7412	0
7413	0
7414	0
7415	0
7416	0
7417	0
7418	0
7419	1
7420	1
7421	0
7422	0
7423	0
7424	1
7425	0
7426	0
7427	2
7428	0
7429	0
7430	0
7431	1
7432	1
7433	0
7434	0
7435	0
7436	2
7437	0
7438	0
7439	0
7440	0
7441	1
7442	0
7443	0
7444	1
7445	0
7446	0
7447	0
7448	0
7449	0
7450	0
7451	1
7452	1
7453	1
7454	1
7455	0
7456	0
7457	1
7458	1
7459	0
7460	0
7461	0
7462	0
7463	0
7464	0
7465	0
7466	0
7467	0
7468	0
7469	1
7470	0
7471	1
7472	0
7473	0
7474	1
7475	0
7476	0
7477	0
7478	0
7479	0
7480	0
7481	1
7482	0
7483	0
7484	1
7485	1
7486	0
7487	2
7488	0
7489	0
7490	0
7491	0
7492	1
7493	0
7494	0
7495	1
7496	0
7497	0
7498	0
7499	0
7500	1
7501	0
7502	1
7503	0
7504	0
7505	0
7506	1
7507	1
7508	1
7509	0
7510	0
7511	0
7512	1
7513	0
7514	0
7515	0
7516	0
7517	0
7518	0
7519	0
7520	1
7521	0
7522	0
7523	0
7524	1
7525	1
7526	0
7527	0
7528	0
7529	0
7530	0
7531	0
7532	1
7533	0
7534	0
7535	1
7536	1
7537	0
7538	0
7539	0
7540	0
7541	0
7542	1
7543	3
7544	1
7545	0
7546	1
7547	1
7548	0
7549	0
7550	0
7551	0
7552	0
7553	0
7554	1
7555	0
7556	0
7557	0
7558	0
7559	0
7560	0
7561	0
7562	0
7563	0
7564	1
7565	0
7566	2
7567	1
7568	0
7569	0
7570	0
7571	0
7572	0
7573	0
7574	0
7575	1
7576	0
7577	0
7578	1
7579	0
7580	0
7581	0
7582	0
7583	0
7584	1
7585	1
7586	0
7587	1
7588	1
7589	1
7590	0
7591	0
7592	2
7593	0
7594	1
7595	0
7596	0
7597	0
7598	1
7599	1
7600	0
7601	0
7602	0
7603	0
7604	0
7605	1
7606	1
7607	0
7608	0
7609	0
7610	0
7611	1
7612	0
7613	0
7614	1
7615	0
7616	0
7617	0
7618	2
7619	0
7620	0
7621	0
7622	1
7623	0
7624	0
7625	1
7626	0
7627	1
7628	0
7629	0
7630	1
7631	0
7632	0
7633	1
7634	0
7635	0
7636	0
7637	1
7638	0
7639	1
7640	0
7641	0
7642	1
7643	0
7644	0
7645	1
7646	0
7647	0
7648	0
7649	0
7650	0
7651	0
7652	0
7653	0
7654	0
7655	2
7656	0
7657	1
7658	0
7659	0
7660	0
7661	1
7662	0
7663	0
7664	0
7665	0
7666	1
7667	0
7668	0
7669	0
7670	1
7671	0
7672	0
7673	1
7674	0
7675	0
7676	0
7677	0
7678	0
7679	0
7680	1
7681	0
7682	0
7683	0
7684	0
7685	0
7686	0
7687	0
7688	0
7689	0
7690	0
7691	0
7692	0
7693	1
7694	0
7695	0
7696	0
7697	0
7698	0
7699	0
7700	0
7701	0
7702	0
7703	0
7704	0
7705	0
7706	0
7707	0
7708	1
7709	1
7710	0
7711	0
7712	1
7713	2
7714	1
7715	2
7716	1
7717	1
7718	0
7719	1
7720	1
7721	1
7722	0
7723	0
7724	1
7725	0
7726	0
7727	0
7728	0
7729	1
7730	1
7731	0
7732	0
7733	0
7734	0
7735	0
7736	2
7737	0
7738	0
7739	0
7740	1
7741	0
7742	1
7743	1
7744	0
7745	0
7746	1
7747	0
7748	1
7749	0
7750	0
7751	0
7752	0
7753	1
7754	0
7755	0
7756	1
7757	2
7758	0
7759	0
7760	0
7761	1
7762	1
7763	0
7764	1
7765	0
7766	0
7767	1
7768	1
7769	0
7770	0
7771	0
7772	0
7773	1
7774	0
7775	0
7776	0
7777	0
7778	0
7779	0
7780	0
7781	0
7782	1
7783	0
7784	0
7785	0
7786	0
7787	0
7788	0
7789	0
7790	0
7791	1
7792	0
7793	1
7794	1
7795	0
7796	0
7797	0
7798	0
7799	0
7800	1
7801	0
7802	0
7803	0
7804	1
7805	0
7806	1
7807	0
7808	1
7809	0
7810	1
7811	0
7812	0
7813	1
7814	1
7815	0
7816	0
7817	1
7818	0
7819	1
7820	1
7821	0
7822	2
7823	1
7824	0
7825	1
7826	0
7827	0
7828	0
7829	0
7830	1
7831	1
7832	3
7833	0
7834	1
7835	0
7836	2
7837	0
7838	1
7839	0
7840	0
7841	1
7842	1
7843	0
7844	0
7845	1
7846	1
7847	0
7848	0
7849	0
7850	0
7851	0
7852	0
7853	0
7854	0
7855	1
7856	1
7857	0
7858	0
7859	0
7860	0
7861	0
7862	0
7863	0
7864	0
7865	0
7866	0
7867	0
7868	0
7869	0
7870	0
7871	0
7872	0
7873	0
7874	2
7875	1
7876	1
7877	0
7878	0
7879	0
7880	0
7881	0
7882	0
7883	0
7884	0
7885	0
7886	0
7887	0
7888	1
7889	1
7890	0
7891	1
7892	0
7893	0
7894	0
7895	0
7896	1
7897	0
7898	0
7899	0
7900	0
7901	2
7902	0
7903	0
7904	1
7905	0
7906	0
7907	0
7908	0
7909	0
7910	0
7911	1
7912	0
7913	0
7914	0
7915	0
7916	0
7917	0
7918	0
7919	0
7920	0
7921	0
7922	0
7923	0
7924	0
7925	0
7926	1
7927	1
7928	0
7929	0
7930	0
7931	0
7932	1
7933	1
7934	0
7935	0
7936	0
7937	0
7938	0
7939	1
7940	0
7941	1
7942	1
7943	0
7944	0
7945	0
7946	0
7947	0
7948	0
7949	0
7950	0
7951	0
7952	1
7953	0
7954	0
7955	0
7956	0
7957	0
7958	0
7959	0
7960	1
7961	0
7962	0
7963	0
7964	0
7965	0
7966	0
7967	0
7968	0
7969	0
7970	1
7971	1
7972	0
7973	1
7974	2
7975	0
7976	0
7977	0
7978	1
7979	2
7980	0
7981	1
7982	0
7983	0
7984	1
7985	1
7986	1
7987	1
7988	0
7989	0
7990	0
7991	1
7992	0
7993	0
7994	0
7995	0
7996	0
7997	0
7998	1
7999	0
8000	1
8001	0
8002	0
8003	0
8004	2
8005	2
8006	1
8007	1
8008	0
8009	0
8010	0
8011	0
8012	1
8013	0
8014	1
8015	1
8016	2
8017	0
8018	1
8019	0
8020	0
8021	0
8022	0
8023	0
8024	0
8025	0
8026	0
8027	0
8028	0
8029	0
8030	1
8031	1
8032	0
8033	0
8034	0
8035	1
8036	0
8037	1
8038	0
8039	1
8040	0
8041	0
8042	0
8043	1
8044	0
8045	0
8046	0
8047	0
8048	0
8049	0
8050	0
8051	1
8052	0
8053	0
8054	0
8055	2
8056	0
8057	0
8058	0
8059	0
8060	1
8061	0
8062	0
8063	1
8064	0
8065	0
8066	0
8067	0
8068	0
8069	0
8070	0
8071	0
8072	0
8073	0
8074	0
8075	1
8076	0
8077	0
8078	0
8079	0
8080	2
8081	1
8082	0
8083	0
8084	0
8085	0
8086	0
8087	0
8088	0
8089	0
8090	0
8091	0
8092	0
8093	0
8094	0
8095	0
8096	0
8097	0
8098	0
8099	0
8100	0
8101	0
8102	0
8103	0
8104	0
8105	0
8106	0
8107	0
8108	0
8109	0
8110	0
8111	0
8112	0
8113	0
8114	0
8115	0
8116	0
8117	0
8118	0
8119	0
8120	0
8121	0
8122	0
8123	0
8124	0
8125	0
8126	0
8127	0
8128	0
8129	0
8130	0
8131	0
8132	0
8133	0
8134	0
8135	0
8136	0
8137	0
8138	0
8139	0
8140	0
8141	0
8142	0
8143	0
8144	0
8145	0
8146	0
8147	0
8148	0
8149	0
8150	0
8151	0
8152	0
8153	0
8154	0
8155	0
8156	0
8157	0
8158	0
8159	0
8160	0
8161	0
8162	0
8163	0
8164	0
8165	0
8166	0
8167	0
8168	0
8169	0
8170	0
8171	0
8172	0
8173	0
8174	0
8175	0
8176	0
8177	0
8178	0
8179	0
8180	0
8181	0
8182	0
8183	0
8184	0
8185	0
8186	0
8187	0
8188	0
8189	0
8190	0
8191	0
