0	0
1	0
2	0
3	0
4	0
5	0
6	0
7	0
8	0
9	0
10	0
11	0
12	0
13	0
14	0
15	0
16	0
17	0
18	0
19	0
20	0
21	0
22	0
23	0
24	0
25	0
26	0
27	0
28	0
29	0
30	0
31	0
32	0
33	0
34	0
35	0
36	0
37	0
38	0
39	0
40	0
41	0
42	0
43	0
44	0
45	0
46	0
47	0
48	0
49	0
50	0
51	0
52	0
53	0
54	0
55	0
56	0
57	0
58	0
59	0
60	0
61	0
62	0
63	0
64	0
65	0
66	0
67	0
68	0
69	0
70	0
71	0
72	0
73	0
74	0
75	0
76	0
77	0
78	0
79	0
80	0
81	0
82	0
83	0
84	0
85	0
86	3
87	3
88	4
89	6
90	17
91	9
92	9
93	10
94	4
95	13
96	10
97	5
98	11
99	6
100	9
101	11
102	7
103	6
104	5
105	10
106	3
107	7
108	9
109	6
110	6
111	13
112	8
113	10
114	5
115	9
116	8
117	7
118	4
119	5
120	7
121	4
122	16
123	9
124	8
125	6
126	3
127	7
128	5
129	4
130	7
131	10
132	6
133	9
134	7
135	5
136	7
137	10
138	8
139	7
140	4
141	4
142	6
143	9
144	11
145	7
146	13
147	7
148	6
149	8
150	6
151	5
152	6
153	10
154	6
155	6
156	13
157	10
158	10
159	6
160	5
161	10
162	7
163	8
164	11
165	10
166	9
167	5
168	9
169	10
170	9
171	4
172	12
173	7
174	8
175	13
176	10
177	7
178	9
179	9
180	4
181	3
182	8
183	4
184	7
185	8
186	13
187	8
188	7
189	9
190	8
191	11
192	2
193	6
194	7
195	8
196	13
197	6
198	16
199	6
200	15
201	10
202	5
203	8
204	12
205	9
206	10
207	5
208	8
209	6
210	9
211	7
212	10
213	6
214	7
215	8
216	9
217	8
218	7
219	6
220	11
221	10
222	10
223	6
224	9
225	7
226	7
227	6
228	8
229	8
230	12
231	12
232	18
233	4
234	8
235	4
236	6
237	10
238	7
239	8
240	6
241	13
242	9
243	10
244	12
245	8
246	11
247	15
248	8
249	8
250	10
251	9
252	10
253	12
254	11
255	11
256	11
257	16
258	13
259	5
260	7
261	7
262	10
263	10
264	9
265	4
266	9
267	12
268	8
269	8
270	5
271	12
272	10
273	10
274	10
275	9
276	4
277	8
278	5
279	7
280	2
281	7
282	8
283	3
284	8
285	8
286	10
287	12
288	6
289	11
290	5
291	12
292	4
293	10
294	7
295	7
296	10
297	5
298	7
299	10
300	11
301	9
302	9
303	9
304	12
305	9
306	7
307	7
308	7
309	8
310	10
311	7
312	15
313	5
314	9
315	6
316	9
317	8
318	11
319	5
320	14
321	5
322	10
323	9
324	7
325	10
326	8
327	13
328	13
329	13
330	14
331	10
332	11
333	8
334	13
335	10
336	6
337	11
338	13
339	13
340	5
341	12
342	7
343	14
344	14
345	7
346	5
347	5
348	9
349	11
350	10
351	9
352	2
353	9
354	9
355	8
356	3
357	10
358	10
359	7
360	7
361	11
362	12
363	14
364	6
365	16
366	13
367	8
368	8
369	11
370	10
371	11
372	9
373	11
374	7
375	7
376	8
377	9
378	10
379	9
380	3
381	8
382	7
383	9
384	9
385	9
386	11
387	4
388	9
389	7
390	16
391	11
392	6
393	5
394	6
395	8
396	5
397	9
398	11
399	9
400	7
401	12
402	5
403	9
404	5
405	16
406	11
407	5
408	10
409	7
410	12
411	3
412	12
413	8
414	9
415	11
416	11
417	11
418	9
419	15
420	8
421	8
422	9
423	17
424	14
425	10
426	8
427	15
428	9
429	11
430	5
431	12
432	7
433	12
434	11
435	12
436	10
437	6
438	9
439	11
440	9
441	13
442	7
443	8
444	9
445	15
446	8
447	14
448	8
449	7
450	9
451	13
452	13
453	12
454	14
455	8
456	10
457	6
458	12
459	15
460	7
461	6
462	10
463	9
464	10
465	17
466	5
467	14
468	6
469	14
470	13
471	11
472	13
473	8
474	13
475	11
476	10
477	7
478	14
479	19
480	6
481	20
482	13
483	5
484	8
485	15
486	12
487	11
488	8
489	6
490	11
491	9
492	9
493	14
494	12
495	10
496	6
497	10
498	15
499	8
500	14
501	11
502	13
503	11
504	10
505	6
506	12
507	12
508	10
509	11
510	12
511	14
512	13
513	7
514	10
515	11
516	11
517	11
518	21
519	11
520	12
521	8
522	12
523	10
524	14
525	13
526	16
527	14
528	14
529	18
530	14
531	18
532	19
533	15
534	9
535	16
536	15
537	15
538	11
539	8
540	14
541	24
542	15
543	11
544	15
545	18
546	21
547	17
548	18
549	18
550	20
551	19
552	21
553	18
554	10
555	17
556	17
557	13
558	18
559	20
560	16
561	18
562	17
563	11
564	25
565	13
566	20
567	18
568	15
569	15
570	18
571	26
572	19
573	15
574	21
575	18
576	23
577	16
578	22
579	23
580	26
581	25
582	18
583	16
584	14
585	24
586	24
587	24
588	20
589	26
590	30
591	19
592	27
593	19
594	21
595	19
596	21
597	26
598	19
599	24
600	25
601	21
602	20
603	22
604	24
605	22
606	31
607	27
608	23
609	21
610	18
611	14
612	29
613	19
614	20
615	19
616	24
617	29
618	18
619	25
620	18
621	24
622	22
623	23
624	20
625	15
626	20
627	20
628	31
629	26
630	26
631	19
632	20
633	19
634	23
635	18
636	24
637	16
638	26
639	23
640	13
641	14
642	19
643	18
644	28
645	24
646	26
647	20
648	21
649	27
650	15
651	14
652	13
653	25
654	16
655	22
656	14
657	19
658	13
659	10
660	21
661	23
662	14
663	14
664	18
665	21
666	25
667	26
668	21
669	13
670	20
671	17
672	18
673	13
674	14
675	21
676	18
677	16
678	16
679	20
680	22
681	15
682	22
683	24
684	15
685	18
686	19
687	13
688	25
689	17
690	11
691	17
692	19
693	22
694	14
695	17
696	26
697	28
698	13
699	18
700	15
701	10
702	16
703	16
704	16
705	20
706	15
707	10
708	21
709	14
710	20
711	21
712	14
713	29
714	18
715	17
716	19
717	19
718	12
719	21
720	11
721	21
722	20
723	20
724	17
725	16
726	15
727	12
728	19
729	20
730	16
731	12
732	11
733	14
734	23
735	15
736	17
737	21
738	12
739	13
740	10
741	15
742	15
743	17
744	13
745	12
746	11
747	12
748	13
749	18
750	9
751	18
752	14
753	13
754	22
755	8
756	14
757	13
758	16
759	9
760	14
761	12
762	21
763	14
764	17
765	21
766	19
767	6
768	12
769	14
770	20
771	13
772	19
773	17
774	12
775	16
776	16
777	16
778	16
779	20
780	17
781	7
782	17
783	20
784	20
785	15
786	18
787	15
788	11
789	19
790	21
791	11
792	19
793	14
794	18
795	21
796	13
797	8
798	18
799	14
800	12
801	8
802	16
803	14
804	9
805	20
806	15
807	22
808	16
809	19
810	16
811	16
812	11
813	20
814	15
815	14
816	15
817	12
818	10
819	18
820	12
821	13
822	17
823	15
824	15
825	18
826	22
827	15
828	26
829	11
830	17
831	19
832	12
833	16
834	20
835	24
836	10
837	11
838	21
839	17
840	7
841	22
842	9
843	9
844	15
845	18
846	7
847	11
848	11
849	10
850	14
851	11
852	15
853	17
854	15
855	15
856	17
857	15
858	19
859	14
860	16
861	12
862	13
863	17
864	18
865	16
866	17
867	15
868	27
869	19
870	22
871	8
872	14
873	17
874	18
875	23
876	17
877	13
878	15
879	17
880	17
881	12
882	13
883	18
884	15
885	11
886	19
887	11
888	15
889	15
890	15
891	19
892	15
893	14
894	12
895	19
896	19
897	14
898	20
899	15
900	10
901	20
902	19
903	21
904	28
905	14
906	22
907	11
908	25
909	20
910	16
911	14
912	16
913	15
914	20
915	16
916	10
917	16
918	14
919	25
920	24
921	19
922	20
923	19
924	17
925	12
926	16
927	23
928	24
929	21
930	19
931	14
932	13
933	21
934	16
935	18
936	16
937	22
938	25
939	25
940	12
941	12
942	15
943	19
944	17
945	22
946	18
947	17
948	16
949	14
950	16
951	14
952	24
953	17
954	23
955	19
956	19
957	17
958	20
959	21
960	18
961	15
962	25
963	21
964	26
965	17
966	20
967	11
968	16
969	22
970	15
971	16
972	20
973	33
974	16
975	15
976	18
977	23
978	17
979	21
980	19
981	16
982	22
983	25
984	14
985	21
986	12
987	19
988	15
989	13
990	24
991	26
992	18
993	24
994	13
995	25
996	25
997	23
998	23
999	17
1000	15
1001	19
1002	19
1003	19
1004	21
1005	15
1006	23
1007	18
1008	15
1009	16
1010	19
1011	29
1012	16
1013	23
1014	20
1015	19
1016	24
1017	24
1018	24
1019	16
1020	18
1021	17
1022	16
1023	14
1024	29
1025	26
1026	19
1027	19
1028	21
1029	23
1030	18
1031	21
1032	17
1033	23
1034	17
1035	15
1036	13
1037	19
1038	19
1039	19
1040	13
1041	16
1042	26
1043	17
1044	25
1045	14
1046	29
1047	20
1048	21
1049	22
1050	21
1051	20
1052	20
1053	22
1054	29
1055	24
1056	19
1057	20
1058	22
1059	21
1060	27
1061	21
1062	21
1063	22
1064	24
1065	18
1066	11
1067	22
1068	30
1069	26
1070	14
1071	22
1072	17
1073	21
1074	21
1075	22
1076	22
1077	19
1078	22
1079	22
1080	29
1081	25
1082	30
1083	13
1084	23
1085	21
1086	15
1087	27
1088	11
1089	16
1090	18
1091	21
1092	21
1093	18
1094	31
1095	25
1096	21
1097	37
1098	19
1099	26
1100	17
1101	25
1102	23
1103	20
1104	30
1105	23
1106	18
1107	23
1108	12
1109	22
1110	27
1111	19
1112	18
1113	31
1114	29
1115	28
1116	21
1117	11
1118	25
1119	19
1120	28
1121	22
1122	21
1123	35
1124	22
1125	23
1126	17
1127	22
1128	23
1129	29
1130	20
1131	28
1132	16
1133	25
1134	33
1135	31
1136	25
1137	20
1138	30
1139	25
1140	26
1141	23
1142	23
1143	21
1144	18
1145	24
1146	15
1147	15
1148	19
1149	20
1150	19
1151	27
1152	25
1153	28
1154	27
1155	23
1156	24
1157	18
1158	25
1159	17
1160	24
1161	17
1162	22
1163	25
1164	27
1165	16
1166	24
1167	26
1168	16
1169	21
1170	18
1171	12
1172	28
1173	24
1174	24
1175	20
1176	22
1177	26
1178	24
1179	24
1180	22
1181	26
1182	24
1183	23
1184	20
1185	29
1186	29
1187	27
1188	27
1189	22
1190	23
1191	25
1192	18
1193	14
1194	20
1195	23
1196	32
1197	26
1198	22
1199	16
1200	27
1201	20
1202	30
1203	26
1204	13
1205	19
1206	27
1207	22
1208	23
1209	31
1210	32
1211	34
1212	26
1213	18
1214	28
1215	25
1216	24
1217	29
1218	19
1219	25
1220	22
1221	28
1222	14
1223	23
1224	24
1225	21
1226	34
1227	28
1228	22
1229	38
1230	13
1231	21
1232	24
1233	26
1234	22
1235	28
1236	18
1237	22
1238	34
1239	25
1240	26
1241	23
1242	24
1243	18
1244	21
1245	23
1246	28
1247	25
1248	35
1249	19
1250	32
1251	20
1252	31
1253	20
1254	29
1255	35
1256	22
1257	20
1258	26
1259	25
1260	15
1261	32
1262	34
1263	21
1264	35
1265	31
1266	32
1267	28
1268	36
1269	17
1270	21
1271	25
1272	24
1273	16
1274	28
1275	23
1276	19
1277	28
1278	14
1279	21
1280	27
1281	33
1282	28
1283	19
1284	26
1285	25
1286	24
1287	26
1288	20
1289	36
1290	28
1291	28
1292	32
1293	28
1294	38
1295	35
1296	25
1297	19
1298	24
1299	37
1300	30
1301	32
1302	31
1303	21
1304	31
1305	20
1306	32
1307	22
1308	29
1309	24
1310	31
1311	28
1312	20
1313	28
1314	24
1315	28
1316	29
1317	22
1318	29
1319	22
1320	21
1321	19
1322	38
1323	29
1324	23
1325	16
1326	20
1327	26
1328	33
1329	31
1330	23
1331	29
1332	25
1333	33
1334	25
1335	31
1336	18
1337	26
1338	25
1339	26
1340	21
1341	30
1342	35
1343	29
1344	22
1345	30
1346	25
1347	32
1348	35
1349	22
1350	36
1351	28
1352	32
1353	32
1354	25
1355	32
1356	28
1357	31
1358	34
1359	38
1360	47
1361	22
1362	29
1363	28
1364	26
1365	39
1366	30
1367	33
1368	26
1369	33
1370	34
1371	29
1372	30
1373	36
1374	28
1375	38
1376	28
1377	25
1378	33
1379	39
1380	40
1381	37
1382	32
1383	20
1384	30
1385	34
1386	21
1387	38
1388	33
1389	40
1390	32
1391	29
1392	28
1393	34
1394	23
1395	39
1396	32
1397	31
1398	27
1399	36
1400	26
1401	30
1402	19
1403	36
1404	35
1405	38
1406	26
1407	25
1408	27
1409	34
1410	33
1411	29
1412	36
1413	33
1414	36
1415	34
1416	35
1417	34
1418	31
1419	39
1420	40
1421	30
1422	34
1423	22
1424	23
1425	34
1426	40
1427	26
1428	33
1429	32
1430	29
1431	29
1432	20
1433	27
1434	31
1435	27
1436	26
1437	22
1438	26
1439	29
1440	29
1441	31
1442	22
1443	32
1444	29
1445	27
1446	42
1447	33
1448	34
1449	32
1450	29
1451	17
1452	33
1453	27
1454	27
1455	28
1456	36
1457	41
1458	29
1459	23
1460	37
1461	39
1462	33
1463	28
1464	20
1465	28
1466	28
1467	34
1468	35
1469	25
1470	28
1471	30
1472	30
1473	34
1474	37
1475	32
1476	41
1477	29
1478	34
1479	24
1480	31
1481	30
1482	34
1483	33
1484	28
1485	32
1486	25
1487	43
1488	35
1489	39
1490	41
1491	37
1492	40
1493	39
1494	32
1495	29
1496	28
1497	37
1498	42
1499	27
1500	34
1501	33
1502	30
1503	29
1504	29
1505	41
1506	38
1507	36
1508	32
1509	44
1510	40
1511	31
1512	33
1513	35
1514	39
1515	30
1516	36
1517	35
1518	31
1519	38
1520	26
1521	27
1522	31
1523	37
1524	32
1525	36
1526	39
1527	31
1528	35
1529	33
1530	39
1531	39
1532	38
1533	44
1534	38
1535	34
1536	24
1537	32
1538	36
1539	38
1540	34
1541	35
1542	37
1543	36
1544	39
1545	44
1546	26
1547	45
1548	48
1549	35
1550	37
1551	36
1552	40
1553	33
1554	36
1555	44
1556	43
1557	36
1558	28
1559	43
1560	34
1561	31
1562	46
1563	39
1564	38
1565	44
1566	37
1567	41
1568	32
1569	48
1570	44
1571	47
1572	27
1573	41
1574	49
1575	44
1576	41
1577	37
1578	40
1579	50
1580	48
1581	35
1582	37
1583	39
1584	47
1585	43
1586	34
1587	40
1588	43
1589	33
1590	47
1591	42
1592	43
1593	43
1594	40
1595	44
1596	51
1597	44
1598	62
1599	34
1600	47
1601	55
1602	42
1603	41
1604	51
1605	50
1606	34
1607	45
1608	56
1609	39
1610	41
1611	52
1612	58
1613	51
1614	38
1615	51
1616	53
1617	38
1618	51
1619	66
1620	51
1621	42
1622	52
1623	57
1624	52
1625	50
1626	56
1627	56
1628	62
1629	54
1630	46
1631	62
1632	45
1633	50
1634	37
1635	47
1636	52
1637	55
1638	56
1639	55
1640	51
1641	55
1642	62
1643	57
1644	59
1645	56
1646	45
1647	42
1648	47
1649	51
1650	50
1651	46
1652	47
1653	64
1654	52
1655	64
1656	53
1657	61
1658	64
1659	53
1660	44
1661	36
1662	71
1663	49
1664	55
1665	59
1666	56
1667	64
1668	61
1669	72
1670	68
1671	49
1672	56
1673	67
1674	58
1675	58
1676	50
1677	56
1678	57
1679	62
1680	68
1681	57
1682	66
1683	71
1684	71
1685	66
1686	52
1687	68
1688	60
1689	52
1690	55
1691	76
1692	64
1693	64
1694	56
1695	61
1696	63
1697	53
1698	57
1699	46
1700	65
1701	58
1702	49
1703	62
1704	63
1705	64
1706	45
1707	39
1708	47
1709	70
1710	77
1711	65
1712	52
1713	62
1714	65
1715	68
1716	68
1717	67
1718	70
1719	61
1720	64
1721	60
1722	70
1723	57
1724	59
1725	70
1726	54
1727	57
1728	51
1729	70
1730	77
1731	60
1732	63
1733	62
1734	52
1735	53
1736	68
1737	58
1738	76
1739	62
1740	61
1741	71
1742	51
1743	61
1744	61
1745	86
1746	65
1747	49
1748	57
1749	55
1750	53
1751	58
1752	46
1753	48
1754	52
1755	61
1756	56
1757	67
1758	52
1759	68
1760	60
1761	68
1762	61
1763	56
1764	59
1765	54
1766	60
1767	75
1768	56
1769	58
1770	57
1771	51
1772	66
1773	57
1774	40
1775	58
1776	57
1777	61
1778	67
1779	43
1780	52
1781	62
1782	58
1783	49
1784	48
1785	63
1786	52
1787	51
1788	52
1789	45
1790	62
1791	47
1792	52
1793	46
1794	52
1795	47
1796	40
1797	56
1798	67
1799	58
1800	34
1801	41
1802	45
1803	47
1804	52
1805	48
1806	52
1807	47
1808	51
1809	60
1810	58
1811	47
1812	54
1813	50
1814	46
1815	49
1816	52
1817	49
1818	39
1819	48
1820	54
1821	56
1822	47
1823	44
1824	51
1825	36
1826	43
1827	55
1828	39
1829	42
1830	37
1831	64
1832	50
1833	48
1834	36
1835	53
1836	38
1837	46
1838	43
1839	38
1840	48
1841	47
1842	38
1843	41
1844	40
1845	45
1846	45
1847	42
1848	38
1849	42
1850	57
1851	43
1852	35
1853	38
1854	40
1855	40
1856	37
1857	37
1858	40
1859	31
1860	33
1861	40
1862	32
1863	28
1864	41
1865	42
1866	39
1867	47
1868	48
1869	41
1870	34
1871	33
1872	31
1873	36
1874	47
1875	61
1876	35
1877	28
1878	39
1879	37
1880	39
1881	31
1882	32
1883	38
1884	35
1885	37
1886	41
1887	43
1888	39
1889	27
1890	35
1891	24
1892	37
1893	39
1894	45
1895	34
1896	28
1897	37
1898	42
1899	35
1900	38
1901	41
1902	32
1903	37
1904	25
1905	39
1906	30
1907	34
1908	32
1909	30
1910	24
1911	28
1912	27
1913	28
1914	32
1915	24
1916	31
1917	29
1918	25
1919	30
1920	25
1921	32
1922	22
1923	34
1924	28
1925	18
1926	39
1927	28
1928	30
1929	26
1930	22
1931	31
1932	30
1933	38
1934	17
1935	33
1936	33
1937	24
1938	31
1939	22
1940	23
1941	38
1942	28
1943	30
1944	28
1945	29
1946	23
1947	24
1948	25
1949	38
1950	28
1951	31
1952	31
1953	29
1954	24
1955	33
1956	20
1957	20
1958	28
1959	25
1960	20
1961	26
1962	24
1963	29
1964	27
1965	17
1966	29
1967	24
1968	21
1969	27
1970	22
1971	25
1972	33
1973	25
1974	18
1975	30
1976	21
1977	24
1978	26
1979	22
1980	23
1981	14
1982	27
1983	23
1984	27
1985	26
1986	24
1987	18
1988	27
1989	31
1990	22
1991	18
1992	29
1993	18
1994	26
1995	21
1996	19
1997	19
1998	21
1999	15
2000	24
2001	28
2002	24
2003	26
2004	20
2005	21
2006	20
2007	20
2008	23
2009	21
2010	22
2011	18
2012	23
2013	18
2014	17
2015	21
2016	27
2017	17
2018	19
2019	23
2020	17
2021	20
2022	17
2023	22
2024	20
2025	33
2026	18
2027	24
2028	33
2029	21
2030	22
2031	15
2032	16
2033	14
2034	26
2035	15
2036	12
2037	24
2038	16
2039	22
2040	22
2041	15
2042	19
2043	11
2044	28
2045	13
2046	14
2047	18
2048	17
2049	22
2050	25
2051	17
2052	15
2053	28
2054	26
2055	15
2056	15
2057	16
2058	14
2059	20
2060	16
2061	26
2062	18
2063	19
2064	27
2065	20
2066	16
2067	14
2068	13
2069	15
2070	19
2071	10
2072	24
2073	20
2074	15
2075	19
2076	21
2077	12
2078	13
2079	16
2080	16
2081	19
2082	16
2083	14
2084	14
2085	16
2086	15
2087	25
2088	22
2089	16
2090	14
2091	32
2092	14
2093	12
2094	24
2095	15
2096	16
2097	13
2098	21
2099	15
2100	16
2101	17
2102	31
2103	24
2104	17
2105	11
2106	14
2107	18
2108	24
2109	16
2110	18
2111	10
2112	14
2113	15
2114	12
2115	17
2116	20
2117	28
2118	10
2119	22
2120	19
2121	17
2122	19
2123	17
2124	24
2125	20
2126	10
2127	15
2128	25
2129	17
2130	15
2131	13
2132	14
2133	14
2134	13
2135	12
2136	13
2137	15
2138	10
2139	7
2140	15
2141	21
2142	19
2143	13
2144	12
2145	17
2146	17
2147	9
2148	17
2149	22
2150	11
2151	14
2152	18
2153	20
2154	17
2155	11
2156	14
2157	14
2158	18
2159	12
2160	22
2161	21
2162	25
2163	10
2164	5
2165	17
2166	8
2167	14
2168	21
2169	21
2170	15
2171	12
2172	10
2173	13
2174	18
2175	20
2176	12
2177	14
2178	13
2179	9
2180	15
2181	17
2182	12
2183	19
2184	14
2185	11
2186	13
2187	15
2188	12
2189	6
2190	13
2191	11
2192	15
2193	7
2194	11
2195	15
2196	17
2197	11
2198	8
2199	18
2200	14
2201	12
2202	12
2203	9
2204	11
2205	12
2206	11
2207	21
2208	11
2209	17
2210	19
2211	18
2212	17
2213	12
2214	9
2215	15
2216	11
2217	14
2218	12
2219	12
2220	13
2221	16
2222	12
2223	12
2224	7
2225	20
2226	8
2227	11
2228	15
2229	7
2230	9
2231	9
2232	8
2233	16
2234	18
2235	10
2236	17
2237	15
2238	14
2239	13
2240	11
2241	10
2242	21
2243	12
2244	7
2245	7
2246	16
2247	9
2248	8
2249	13
2250	10
2251	11
2252	8
2253	13
2254	16
2255	10
2256	10
2257	9
2258	16
2259	16
2260	11
2261	16
2262	8
2263	12
2264	13
2265	14
2266	13
2267	11
2268	7
2269	14
2270	10
2271	14
2272	11
2273	12
2274	11
2275	16
2276	14
2277	19
2278	8
2279	8
2280	12
2281	17
2282	14
2283	14
2284	12
2285	19
2286	11
2287	14
2288	19
2289	15
2290	12
2291	13
2292	8
2293	10
2294	13
2295	12
2296	9
2297	10
2298	10
2299	8
2300	10
2301	12
2302	7
2303	19
2304	7
2305	9
2306	9
2307	9
2308	11
2309	5
2310	16
2311	11
2312	13
2313	13
2314	12
2315	8
2316	8
2317	5
2318	10
2319	15
2320	16
2321	11
2322	17
2323	9
2324	8
2325	9
2326	10
2327	4
2328	9
2329	9
2330	11
2331	10
2332	8
2333	7
2334	12
2335	12
2336	10
2337	13
2338	12
2339	9
2340	10
2341	8
2342	13
2343	14
2344	6
2345	8
2346	10
2347	8
2348	7
2349	15
2350	13
2351	12
2352	10
2353	21
2354	9
2355	17
2356	10
2357	12
2358	8
2359	14
2360	5
2361	9
2362	14
2363	9
2364	7
2365	8
2366	13
2367	8
2368	4
2369	9
2370	4
2371	11
2372	10
2373	7
2374	7
2375	10
2376	14
2377	12
2378	16
2379	9
2380	14
2381	12
2382	10
2383	17
2384	10
2385	9
2386	10
2387	18
2388	18
2389	11
2390	14
2391	11
2392	10
2393	10
2394	8
2395	14
2396	9
2397	8
2398	10
2399	6
2400	9
2401	12
2402	16
2403	10
2404	17
2405	4
2406	8
2407	10
2408	9
2409	8
2410	13
2411	12
2412	10
2413	12
2414	5
2415	11
2416	10
2417	9
2418	8
2419	11
2420	10
2421	9
2422	5
2423	9
2424	9
2425	11
2426	8
2427	10
2428	9
2429	6
2430	7
2431	11
2432	8
2433	18
2434	14
2435	3
2436	8
2437	11
2438	7
2439	13
2440	15
2441	10
2442	11
2443	11
2444	12
2445	15
2446	7
2447	6
2448	8
2449	11
2450	8
2451	10
2452	5
2453	7
2454	8
2455	12
2456	11
2457	11
2458	10
2459	5
2460	10
2461	8
2462	9
2463	12
2464	5
2465	13
2466	13
2467	10
2468	7
2469	7
2470	12
2471	11
2472	12
2473	11
2474	6
2475	10
2476	10
2477	4
2478	9
2479	11
2480	13
2481	13
2482	7
2483	7
2484	8
2485	11
2486	9
2487	7
2488	15
2489	7
2490	14
2491	10
2492	10
2493	8
2494	8
2495	7
2496	15
2497	13
2498	7
2499	12
2500	9
2501	8
2502	8
2503	14
2504	8
2505	7
2506	10
2507	7
2508	16
2509	11
2510	10
2511	10
2512	12
2513	13
2514	8
2515	8
2516	10
2517	13
2518	13
2519	8
2520	5
2521	13
2522	12
2523	9
2524	7
2525	11
2526	9
2527	8
2528	9
2529	5
2530	7
2531	12
2532	13
2533	7
2534	14
2535	7
2536	11
2537	8
2538	8
2539	9
2540	9
2541	8
2542	9
2543	7
2544	7
2545	12
2546	12
2547	7
2548	4
2549	7
2550	16
2551	11
2552	13
2553	13
2554	9
2555	10
2556	7
2557	14
2558	11
2559	10
2560	5
2561	9
2562	6
2563	8
2564	12
2565	13
2566	10
2567	12
2568	8
2569	4
2570	10
2571	5
2572	2
2573	7
2574	7
2575	12
2576	8
2577	7
2578	7
2579	7
2580	6
2581	9
2582	14
2583	10
2584	8
2585	8
2586	10
2587	9
2588	6
2589	12
2590	9
2591	10
2592	5
2593	14
2594	6
2595	13
2596	8
2597	6
2598	11
2599	7
2600	8
2601	9
2602	8
2603	8
2604	10
2605	15
2606	11
2607	7
2608	4
2609	11
2610	8
2611	6
2612	6
2613	8
2614	8
2615	7
2616	6
2617	9
2618	3
2619	5
2620	6
2621	7
2622	9
2623	5
2624	7
2625	10
2626	7
2627	4
2628	12
2629	9
2630	9
2631	8
2632	11
2633	6
2634	9
2635	9
2636	7
2637	9
2638	7
2639	11
2640	9
2641	8
2642	8
2643	8
2644	3
2645	10
2646	12
2647	9
2648	9
2649	5
2650	9
2651	6
2652	7
2653	8
2654	8
2655	3
2656	8
2657	11
2658	8
2659	11
2660	8
2661	7
2662	8
2663	5
2664	8
2665	6
2666	10
2667	11
2668	16
2669	11
2670	7
2671	7
2672	12
2673	9
2674	8
2675	6
2676	4
2677	7
2678	7
2679	11
2680	8
2681	12
2682	11
2683	7
2684	4
2685	7
2686	5
2687	7
2688	8
2689	11
2690	6
2691	5
2692	13
2693	3
2694	8
2695	9
2696	7
2697	6
2698	16
2699	9
2700	7
2701	9
2702	12
2703	7
2704	13
2705	8
2706	9
2707	3
2708	6
2709	11
2710	5
2711	5
2712	7
2713	13
2714	8
2715	8
2716	9
2717	11
2718	10
2719	6
2720	4
2721	8
2722	8
2723	5
2724	6
2725	7
2726	7
2727	8
2728	10
2729	8
2730	8
2731	10
2732	8
2733	9
2734	7
2735	6
2736	6
2737	4
2738	6
2739	7
2740	8
2741	8
2742	7
2743	5
2744	5
2745	9
2746	12
2747	9
2748	8
2749	9
2750	11
2751	6
2752	6
2753	6
2754	12
2755	13
2756	9
2757	9
2758	7
2759	9
2760	8
2761	6
2762	10
2763	8
2764	10
2765	10
2766	6
2767	9
2768	7
2769	6
2770	4
2771	5
2772	6
2773	4
2774	4
2775	5
2776	6
2777	12
2778	12
2779	6
2780	6
2781	6
2782	7
2783	5
2784	6
2785	9
2786	3
2787	8
2788	10
2789	5
2790	8
2791	6
2792	7
2793	8
2794	8
2795	11
2796	3
2797	5
2798	12
2799	11
2800	4
2801	5
2802	7
2803	9
2804	4
2805	5
2806	7
2807	10
2808	9
2809	5
2810	10
2811	7
2812	2
2813	8
2814	12
2815	8
2816	9
2817	2
2818	8
2819	8
2820	5
2821	12
2822	7
2823	7
2824	8
2825	9
2826	11
2827	7
2828	11
2829	7
2830	8
2831	6
2832	5
2833	8
2834	10
2835	8
2836	11
2837	7
2838	6
2839	5
2840	7
2841	10
2842	5
2843	9
2844	4
2845	7
2846	11
2847	7
2848	11
2849	9
2850	4
2851	3
2852	4
2853	2
2854	6
2855	7
2856	10
2857	8
2858	9
2859	9
2860	6
2861	6
2862	4
2863	7
2864	8
2865	6
2866	12
2867	6
2868	5
2869	9
2870	6
2871	8
2872	11
2873	5
2874	2
2875	7
2876	8
2877	7
2878	7
2879	7
2880	8
2881	4
2882	8
2883	7
2884	6
2885	4
2886	4
2887	4
2888	10
2889	10
2890	9
2891	6
2892	5
2893	9
2894	10
2895	8
2896	2
2897	7
2898	7
2899	1
2900	7
2901	6
2902	7
2903	7
2904	4
2905	6
2906	10
2907	8
2908	10
2909	8
2910	7
2911	4
2912	11
2913	10
2914	7
2915	9
2916	9
2917	15
2918	13
2919	9
2920	4
2921	3
2922	10
2923	8
2924	10
2925	6
2926	7
2927	6
2928	5
2929	9
2930	12
2931	5
2932	6
2933	10
2934	6
2935	7
2936	4
2937	3
2938	4
2939	7
2940	6
2941	3
2942	5
2943	7
2944	6
2945	10
2946	4
2947	5
2948	11
2949	12
2950	5
2951	4
2952	3
2953	7
2954	6
2955	8
2956	2
2957	7
2958	8
2959	12
2960	13
2961	7
2962	9
2963	8
2964	9
2965	5
2966	9
2967	7
2968	6
2969	6
2970	5
2971	8
2972	8
2973	13
2974	7
2975	7
2976	9
2977	5
2978	5
2979	11
2980	6
2981	4
2982	7
2983	5
2984	4
2985	8
2986	8
2987	4
2988	10
2989	12
2990	9
2991	8
2992	5
2993	6
2994	3
2995	4
2996	5
2997	7
2998	15
2999	11
3000	14
3001	4
3002	9
3003	7
3004	2
3005	5
3006	7
3007	6
3008	10
3009	5
3010	8
3011	11
3012	7
3013	4
3014	1
3015	7
3016	9
3017	10
3018	6
3019	7
3020	6
3021	8
3022	6
3023	7
3024	4
3025	4
3026	9
3027	6
3028	3
3029	3
3030	3
3031	12
3032	4
3033	7
3034	2
3035	6
3036	6
3037	14
3038	2
3039	2
3040	8
3041	7
3042	9
3043	6
3044	10
3045	10
3046	6
3047	7
3048	7
3049	7
3050	12
3051	8
3052	6
3053	7
3054	4
3055	7
3056	9
3057	11
3058	7
3059	8
3060	10
3061	11
3062	8
3063	7
3064	9
3065	9
3066	7
3067	4
3068	14
3069	9
3070	10
3071	7
3072	7
3073	4
3074	4
3075	5
3076	3
3077	6
3078	5
3079	5
3080	8
3081	4
3082	13
3083	6
3084	4
3085	9
3086	7
3087	8
3088	4
3089	5
3090	5
3091	4
3092	3
3093	7
3094	9
3095	5
3096	4
3097	7
3098	10
3099	6
3100	3
3101	1
3102	6
3103	11
3104	4
3105	5
3106	4
3107	5
3108	6
3109	8
3110	9
3111	7
3112	5
3113	2
3114	13
3115	8
3116	8
3117	6
3118	8
3119	2
3120	10
3121	5
3122	3
3123	5
3124	4
3125	4
3126	7
3127	8
3128	9
3129	4
3130	5
3131	8
3132	5
3133	10
3134	5
3135	5
3136	7
3137	4
3138	5
3139	9
3140	5
3141	3
3142	5
3143	7
3144	3
3145	7
3146	6
3147	9
3148	9
3149	9
3150	7
3151	3
3152	9
3153	4
3154	5
3155	2
3156	7
3157	10
3158	10
3159	3
3160	4
3161	5
3162	3
3163	8
3164	5
3165	5
3166	5
3167	5
3168	3
3169	8
3170	11
3171	5
3172	2
3173	4
3174	4
3175	8
3176	8
3177	4
3178	6
3179	4
3180	5
3181	8
3182	7
3183	4
3184	7
3185	5
3186	6
3187	4
3188	4
3189	7
3190	2
3191	8
3192	9
3193	7
3194	5
3195	6
3196	7
3197	9
3198	5
3199	6
3200	8
3201	10
3202	7
3203	9
3204	8
3205	13
3206	9
3207	3
3208	6
3209	3
3210	4
3211	7
3212	8
3213	10
3214	4
3215	7
3216	9
3217	2
3218	10
3219	5
3220	6
3221	9
3222	5
3223	5
3224	8
3225	7
3226	9
3227	9
3228	5
3229	6
3230	3
3231	3
3232	1
3233	7
3234	5
3235	10
3236	4
3237	3
3238	9
3239	6
3240	2
3241	12
3242	6
3243	6
3244	6
3245	3
3246	1
3247	4
3248	3
3249	5
3250	2
3251	7
3252	6
3253	5
3254	7
3255	5
3256	5
3257	8
3258	6
3259	6
3260	4
3261	7
3262	5
3263	8
3264	3
3265	11
3266	4
3267	2
3268	4
3269	8
3270	8
3271	6
3272	9
3273	6
3274	3
3275	2
3276	10
3277	3
3278	12
3279	5
3280	7
3281	9
3282	6
3283	7
3284	6
3285	5
3286	6
3287	6
3288	7
3289	5
3290	6
3291	11
3292	4
3293	3
3294	5
3295	6
3296	4
3297	6
3298	4
3299	4
3300	8
3301	3
3302	7
3303	10
3304	6
3305	9
3306	4
3307	6
3308	5
3309	5
3310	7
3311	5
3312	6
3313	4
3314	7
3315	11
3316	6
3317	5
3318	7
3319	4
3320	4
3321	3
3322	7
3323	8
3324	4
3325	12
3326	7
3327	6
3328	5
3329	1
3330	9
3331	6
3332	6
3333	9
3334	5
3335	4
3336	6
3337	4
3338	5
3339	4
3340	4
3341	8
3342	2
3343	5
3344	6
3345	4
3346	3
3347	8
3348	7
3349	9
3350	4
3351	7
3352	4
3353	6
3354	3
3355	4
3356	7
3357	5
3358	4
3359	11
3360	6
3361	3
3362	11
3363	3
3364	7
3365	4
3366	11
3367	3
3368	4
3369	6
3370	7
3371	6
3372	3
3373	6
3374	5
3375	6
3376	6
3377	4
3378	2
3379	4
3380	7
3381	6
3382	8
3383	7
3384	6
3385	8
3386	7
3387	7
3388	1
3389	6
3390	6
3391	4
3392	4
3393	6
3394	10
3395	8
3396	9
3397	11
3398	12
3399	4
3400	8
3401	4
3402	4
3403	9
3404	6
3405	7
3406	7
3407	9
3408	6
3409	3
3410	8
3411	5
3412	7
3413	9
3414	8
3415	8
3416	5
3417	7
3418	3
3419	9
3420	4
3421	2
3422	2
3423	5
3424	10
3425	10
3426	9
3427	6
3428	8
3429	2
3430	5
3431	9
3432	5
3433	7
3434	8
3435	8
3436	8
3437	6
3438	4
3439	4
3440	4
3441	6
3442	6
3443	10
3444	2
3445	12
3446	4
3447	4
3448	6
3449	5
3450	5
3451	6
3452	4
3453	6
3454	9
3455	5
3456	6
3457	6
3458	5
3459	9
3460	9
3461	7
3462	4
3463	3
3464	4
3465	4
3466	3
3467	9
3468	6
3469	7
3470	5
3471	7
3472	5
3473	7
3474	4
3475	4
3476	2
3477	8
3478	5
3479	8
3480	2
3481	2
3482	4
3483	9
3484	3
3485	5
3486	7
3487	8
3488	7
3489	9
3490	8
3491	7
3492	4
3493	9
3494	5
3495	7
3496	2
3497	7
3498	3
3499	5
3500	5
3501	7
3502	7
3503	5
3504	5
3505	2
3506	5
3507	6
3508	9
3509	2
3510	5
3511	4
3512	3
3513	5
3514	7
3515	6
3516	4
3517	3
3518	5
3519	4
3520	7
3521	10
3522	2
3523	2
3524	7
3525	3
3526	5
3527	5
3528	4
3529	6
3530	5
3531	6
3532	6
3533	8
3534	8
3535	4
3536	7
3537	11
3538	8
3539	6
3540	6
3541	2
3542	7
3543	6
3544	5
3545	12
3546	8
3547	8
3548	3
3549	5
3550	3
3551	7
3552	2
3553	7
3554	5
3555	2
3556	4
3557	8
3558	12
3559	4
3560	4
3561	3
3562	3
3563	6
3564	3
3565	5
3566	5
3567	1
3568	6
3569	3
3570	5
3571	2
3572	9
3573	5
3574	5
3575	5
3576	5
3577	9
3578	4
3579	7
3580	2
3581	8
3582	4
3583	6
3584	8
3585	4
3586	5
3587	3
3588	6
3589	10
3590	7
3591	8
3592	2
3593	6
3594	11
3595	7
3596	4
3597	6
3598	6
3599	6
3600	2
3601	7
3602	7
3603	5
3604	5
3605	3
3606	4
3607	0
3608	4
3609	7
3610	4
3611	8
3612	9
3613	13
3614	10
3615	5
3616	5
3617	2
3618	9
3619	6
3620	6
3621	9
3622	9
3623	7
3624	6
3625	3
3626	13
3627	5
3628	12
3629	3
3630	6
3631	8
3632	6
3633	6
3634	8
3635	3
3636	9
3637	7
3638	7
3639	6
3640	5
3641	4
3642	2
3643	4
3644	3
3645	5
3646	7
3647	5
3648	4
3649	6
3650	3
3651	6
3652	7
3653	4
3654	6
3655	6
3656	9
3657	1
3658	7
3659	3
3660	5
3661	6
3662	5
3663	7
3664	5
3665	2
3666	8
3667	2
3668	5
3669	2
3670	5
3671	9
3672	6
3673	6
3674	2
3675	7
3676	2
3677	1
3678	6
3679	8
3680	9
3681	5
3682	5
3683	6
3684	6
3685	5
3686	4
3687	3
3688	8
3689	4
3690	3
3691	7
3692	5
3693	4
3694	4
3695	8
3696	8
3697	5
3698	5
3699	2
3700	6
3701	5
3702	4
3703	5
3704	9
3705	8
3706	7
3707	5
3708	9
3709	5
3710	4
3711	6
3712	5
3713	6
3714	5
3715	8
3716	8
3717	4
3718	4
3719	5
3720	2
3721	7
3722	3
3723	5
3724	8
3725	5
3726	5
3727	11
3728	6
3729	2
3730	7
3731	5
3732	5
3733	9
3734	8
3735	5
3736	5
3737	3
3738	5
3739	3
3740	9
3741	4
3742	6
3743	6
3744	9
3745	2
3746	6
3747	8
3748	6
3749	6
3750	4
3751	8
3752	3
3753	9
3754	5
3755	8
3756	2
3757	5
3758	4
3759	7
3760	9
3761	7
3762	9
3763	7
3764	4
3765	3
3766	9
3767	4
3768	6
3769	5
3770	10
3771	3
3772	5
3773	12
3774	7
3775	4
3776	10
3777	4
3778	7
3779	8
3780	6
3781	5
3782	9
3783	2
3784	9
3785	8
3786	8
3787	6
3788	8
3789	8
3790	9
3791	9
3792	3
3793	5
3794	10
3795	10
3796	3
3797	8
3798	2
3799	4
3800	1
3801	6
3802	6
3803	6
3804	5
3805	9
3806	7
3807	3
3808	3
3809	4
3810	4
3811	2
3812	6
3813	5
3814	6
3815	2
3816	8
3817	8
3818	7
3819	8
3820	4
3821	7
3822	7
3823	7
3824	5
3825	2
3826	11
3827	5
3828	5
3829	7
3830	6
3831	7
3832	7
3833	5
3834	5
3835	8
3836	2
3837	3
3838	6
3839	3
3840	8
3841	3
3842	3
3843	3
3844	9
3845	7
3846	5
3847	3
3848	4
3849	5
3850	6
3851	3
3852	5
3853	3
3854	3
3855	2
3856	6
3857	11
3858	6
3859	5
3860	4
3861	7
3862	4
3863	10
3864	8
3865	1
3866	3
3867	5
3868	6
3869	4
3870	3
3871	13
3872	7
3873	3
3874	7
3875	2
3876	4
3877	6
3878	7
3879	7
3880	6
3881	7
3882	7
3883	7
3884	5
3885	4
3886	5
3887	7
3888	6
3889	6
3890	5
3891	5
3892	2
3893	10
3894	6
3895	2
3896	5
3897	5
3898	2
3899	12
3900	4
3901	2
3902	3
3903	6
3904	4
3905	6
3906	5
3907	6
3908	6
3909	5
3910	4
3911	4
3912	3
3913	0
3914	6
3915	1
3916	4
3917	3
3918	6
3919	7
3920	2
3921	7
3922	10
3923	6
3924	8
3925	3
3926	7
3927	8
3928	10
3929	3
3930	5
3931	9
3932	6
3933	8
3934	1
3935	3
3936	6
3937	2
3938	3
3939	9
3940	4
3941	7
3942	7
3943	7
3944	3
3945	8
3946	7
3947	4
3948	5
3949	3
3950	8
3951	9
3952	3
3953	6
3954	5
3955	8
3956	2
3957	2
3958	5
3959	8
3960	6
3961	8
3962	5
3963	7
3964	8
3965	7
3966	6
3967	2
3968	5
3969	10
3970	2
3971	5
3972	4
3973	8
3974	6
3975	7
3976	1
3977	11
3978	3
3979	1
3980	8
3981	6
3982	6
3983	5
3984	8
3985	5
3986	5
3987	7
3988	6
3989	7
3990	6
3991	3
3992	5
3993	4
3994	5
3995	5
3996	5
3997	6
3998	1
3999	11
4000	5
4001	10
4002	1
4003	9
4004	4
4005	5
4006	3
4007	5
4008	4
4009	5
4010	4
4011	9
4012	8
4013	6
4014	3
4015	7
4016	5
4017	5
4018	6
4019	4
4020	3
4021	10
4022	11
4023	5
4024	3
4025	4
4026	6
4027	6
4028	12
4029	5
4030	6
4031	7
4032	7
4033	3
4034	8
4035	6
4036	7
4037	11
4038	3
4039	6
4040	5
4041	4
4042	8
4043	5
4044	4
4045	2
4046	3
4047	6
4048	9
4049	6
4050	4
4051	6
4052	7
4053	4
4054	8
4055	2
4056	9
4057	8
4058	5
4059	5
4060	4
4061	4
4062	6
4063	8
4064	6
4065	10
4066	3
4067	3
4068	2
4069	13
4070	5
4071	4
4072	4
4073	3
4074	4
4075	4
4076	3
4077	7
4078	4
4079	2
4080	14
4081	8
4082	6
4083	6
4084	11
4085	7
4086	6
4087	4
4088	4
4089	4
4090	9
4091	5
4092	5
4093	4
4094	7
4095	0
4096	2
4097	4
4098	4
4099	6
4100	3
4101	6
4102	7
4103	2
4104	6
4105	6
4106	6
4107	6
4108	6
4109	5
4110	3
4111	13
4112	6
4113	5
4114	5
4115	4
4116	6
4117	4
4118	11
4119	2
4120	4
4121	4
4122	4
4123	3
4124	3
4125	12
4126	4
4127	4
4128	1
4129	4
4130	5
4131	4
4132	7
4133	7
4134	5
4135	7
4136	10
4137	3
4138	6
4139	4
4140	7
4141	3
4142	8
4143	5
4144	4
4145	8
4146	9
4147	11
4148	8
4149	6
4150	6
4151	7
4152	4
4153	5
4154	4
4155	5
4156	0
4157	6
4158	5
4159	4
4160	9
4161	3
4162	3
4163	6
4164	3
4165	3
4166	4
4167	7
4168	4
4169	1
4170	4
4171	8
4172	6
4173	5
4174	7
4175	6
4176	2
4177	4
4178	6
4179	4
4180	3
4181	7
4182	8
4183	6
4184	3
4185	5
4186	5
4187	8
4188	5
4189	4
4190	5
4191	5
4192	4
4193	5
4194	5
4195	7
4196	7
4197	2
4198	5
4199	7
4200	5
4201	8
4202	5
4203	4
4204	8
4205	6
4206	6
4207	6
4208	4
4209	7
4210	5
4211	7
4212	5
4213	4
4214	2
4215	6
4216	9
4217	5
4218	1
4219	4
4220	5
4221	3
4222	5
4223	7
4224	9
4225	6
4226	1
4227	7
4228	7
4229	6
4230	3
4231	7
4232	6
4233	6
4234	6
4235	6
4236	1
4237	1
4238	6
4239	5
4240	7
4241	6
4242	10
4243	3
4244	6
4245	8
4246	7
4247	4
4248	9
4249	5
4250	7
4251	4
4252	3
4253	4
4254	4
4255	3
4256	7
4257	2
4258	2
4259	8
4260	5
4261	6
4262	5
4263	8
4264	3
4265	4
4266	5
4267	4
4268	7
4269	2
4270	8
4271	4
4272	5
4273	4
4274	4
4275	3
4276	9
4277	9
4278	5
4279	11
4280	8
4281	4
4282	5
4283	9
4284	3
4285	4
4286	12
4287	7
4288	6
4289	6
4290	6
4291	4
4292	3
4293	7
4294	9
4295	7
4296	4
4297	5
4298	5
4299	4
4300	3
4301	11
4302	4
4303	11
4304	7
4305	6
4306	2
4307	3
4308	5
4309	7
4310	0
4311	6
4312	4
4313	6
4314	7
4315	4
4316	4
4317	2
4318	3
4319	5
4320	3
4321	8
4322	4
4323	9
4324	7
4325	3
4326	5
4327	8
4328	5
4329	5
4330	3
4331	5
4332	4
4333	3
4334	3
4335	6
4336	5
4337	2
4338	4
4339	5
4340	2
4341	7
4342	5
4343	3
4344	5
4345	2
4346	6
4347	4
4348	3
4349	9
4350	2
4351	6
4352	3
4353	4
4354	3
4355	2
4356	4
4357	8
4358	6
4359	7
4360	2
4361	3
4362	4
4363	3
4364	6
4365	3
4366	1
4367	6
4368	6
4369	6
4370	3
4371	1
4372	5
4373	3
4374	4
4375	5
4376	4
4377	2
4378	5
4379	3
4380	1
4381	7
4382	9
4383	5
4384	5
4385	4
4386	7
4387	3
4388	8
4389	5
4390	4
4391	2
4392	2
4393	4
4394	6
4395	4
4396	1
4397	4
4398	4
4399	7
4400	1
4401	5
4402	3
4403	2
4404	5
4405	2
4406	7
4407	2
4408	2
4409	5
4410	1
4411	8
4412	1
4413	2
4414	4
4415	5
4416	3
4417	3
4418	3
4419	5
4420	4
4421	5
4422	5
4423	4
4424	2
4425	3
4426	4
4427	3
4428	3
4429	3
4430	4
4431	3
4432	8
4433	4
4434	5
4435	5
4436	5
4437	2
4438	3
4439	0
4440	2
4441	4
4442	4
4443	5
4444	4
4445	3
4446	4
4447	3
4448	3
4449	6
4450	3
4451	4
4452	3
4453	4
4454	2
4455	3
4456	3
4457	5
4458	4
4459	8
4460	5
4461	9
4462	4
4463	1
4464	6
4465	5
4466	3
4467	2
4468	2
4469	1
4470	4
4471	4
4472	3
4473	5
4474	4
4475	2
4476	2
4477	3
4478	4
4479	3
4480	1
4481	4
4482	2
4483	7
4484	2
4485	4
4486	1
4487	1
4488	2
4489	3
4490	1
4491	2
4492	2
4493	2
4494	3
4495	5
4496	1
4497	4
4498	1
4499	2
4500	2
4501	0
4502	4
4503	8
4504	4
4505	4
4506	4
4507	0
4508	3
4509	1
4510	6
4511	1
4512	5
4513	4
4514	4
4515	3
4516	1
4517	3
4518	2
4519	3
4520	3
4521	0
4522	2
4523	2
4524	3
4525	0
4526	5
4527	2
4528	3
4529	2
4530	5
4531	5
4532	4
4533	3
4534	1
4535	2
4536	2
4537	3
4538	3
4539	1
4540	3
4541	4
4542	1
4543	3
4544	3
4545	4
4546	1
4547	4
4548	1
4549	6
4550	4
4551	1
4552	4
4553	3
4554	3
4555	4
4556	1
4557	1
4558	4
4559	2
4560	1
4561	0
4562	4
4563	1
4564	1
4565	2
4566	1
4567	2
4568	0
4569	5
4570	0
4571	2
4572	1
4573	3
4574	3
4575	1
4576	1
4577	5
4578	3
4579	1
4580	4
4581	4
4582	0
4583	3
4584	2
4585	2
4586	2
4587	1
4588	3
4589	5
4590	1
4591	0
4592	0
4593	4
4594	3
4595	4
4596	1
4597	1
4598	1
4599	2
4600	1
4601	4
4602	5
4603	2
4604	2
4605	1
4606	1
4607	5
4608	2
4609	3
4610	3
4611	2
4612	6
4613	1
4614	5
4615	0
4616	3
4617	5
4618	1
4619	1
4620	0
4621	1
4622	2
4623	2
4624	2
4625	2
4626	1
4627	1
4628	2
4629	3
4630	1
4631	1
4632	3
4633	0
4634	4
4635	3
4636	3
4637	1
4638	2
4639	0
4640	5
4641	4
4642	3
4643	2
4644	2
4645	1
4646	1
4647	0
4648	6
4649	4
4650	2
4651	1
4652	3
4653	1
4654	1
4655	1
4656	2
4657	1
4658	2
4659	0
4660	0
4661	1
4662	1
4663	0
4664	1
4665	2
4666	2
4667	1
4668	5
4669	0
4670	0
4671	3
4672	4
4673	1
4674	3
4675	0
4676	2
4677	1
4678	6
4679	4
4680	2
4681	2
4682	4
4683	2
4684	0
4685	3
4686	2
4687	2
4688	3
4689	5
4690	4
4691	1
4692	1
4693	4
4694	5
4695	3
4696	2
4697	2
4698	1
4699	4
4700	1
4701	1
4702	2
4703	0
4704	0
4705	1
4706	0
4707	3
4708	0
4709	0
4710	3
4711	1
4712	3
4713	1
4714	0
4715	2
4716	2
4717	1
4718	2
4719	2
4720	1
4721	2
4722	3
4723	1
4724	1
4725	1
4726	2
4727	3
4728	2
4729	0
4730	2
4731	0
4732	1
4733	2
4734	2
4735	0
4736	2
4737	1
4738	1
4739	1
4740	2
4741	3
4742	1
4743	1
4744	2
4745	2
4746	2
4747	1
4748	0
4749	1
4750	2
4751	3
4752	1
4753	2
4754	0
4755	2
4756	3
4757	2
4758	1
4759	0
4760	2
4761	1
4762	1
4763	1
4764	2
4765	1
4766	1
4767	0
4768	2
4769	0
4770	2
4771	1
4772	0
4773	0
4774	2
4775	4
4776	1
4777	1
4778	1
4779	2
4780	2
4781	1
4782	1
4783	1
4784	2
4785	5
4786	0
4787	0
4788	0
4789	3
4790	0
4791	2
4792	3
4793	1
4794	2
4795	1
4796	2
4797	3
4798	1
4799	0
4800	2
4801	4
4802	0
4803	2
4804	0
4805	1
4806	3
4807	2
4808	2
4809	1
4810	1
4811	3
4812	2
4813	1
4814	2
4815	1
4816	1
4817	0
4818	0
4819	1
4820	0
4821	0
4822	2
4823	0
4824	3
4825	2
4826	2
4827	2
4828	1
4829	2
4830	1
4831	4
4832	1
4833	2
4834	1
4835	1
4836	2
4837	1
4838	0
4839	0
4840	0
4841	0
4842	1
4843	0
4844	1
4845	0
4846	1
4847	2
4848	2
4849	1
4850	0
4851	0
4852	2
4853	3
4854	1
4855	2
4856	2
4857	2
4858	1
4859	0
4860	1
4861	3
4862	1
4863	4
4864	1
4865	1
4866	1
4867	0
4868	3
4869	0
4870	2
4871	0
4872	1
4873	2
4874	1
4875	0
4876	1
4877	0
4878	0
4879	1
4880	2
4881	5
4882	4
4883	0
4884	0
4885	0
4886	1
4887	2
4888	2
4889	1
4890	2
4891	1
4892	1
4893	1
4894	1
4895	0
4896	2
4897	0
4898	1
4899	1
4900	1
4901	0
4902	0
4903	1
4904	0
4905	3
4906	1
4907	2
4908	2
4909	2
4910	0
4911	3
4912	1
4913	2
4914	1
4915	2
4916	1
4917	2
4918	1
4919	1
4920	1
4921	0
4922	0
4923	0
4924	2
4925	0
4926	0
4927	3
4928	0
4929	0
4930	1
4931	2
4932	1
4933	0
4934	1
4935	0
4936	0
4937	5
4938	0
4939	0
4940	0
4941	0
4942	0
4943	1
4944	0
4945	2
4946	0
4947	3
4948	1
4949	1
4950	0
4951	4
4952	1
4953	0
4954	1
4955	2
4956	0
4957	1
4958	0
4959	1
4960	0
4961	1
4962	2
4963	1
4964	0
4965	1
4966	0
4967	1
4968	0
4969	3
4970	0
4971	2
4972	2
4973	1
4974	0
4975	2
4976	0
4977	0
4978	1
4979	2
4980	2
4981	1
4982	2
4983	0
4984	1
4985	1
4986	1
4987	1
4988	2
4989	3
4990	1
4991	0
4992	1
4993	2
4994	1
4995	0
4996	1
4997	0
4998	0
4999	1
5000	2
5001	1
5002	2
5003	0
5004	0
5005	1
5006	2
5007	1
5008	0
5009	0
5010	0
5011	1
5012	0
5013	2
5014	0
5015	0
5016	2
5017	1
5018	0
5019	0
5020	0
5021	0
5022	0
5023	0
5024	0
5025	0
5026	0
5027	1
5028	1
5029	2
5030	1
5031	0
5032	0
5033	0
5034	0
5035	0
5036	2
5037	0
5038	0
5039	2
5040	1
5041	1
5042	1
5043	0
5044	0
5045	0
5046	0
5047	0
5048	0
5049	0
5050	0
5051	0
5052	0
5053	1
5054	1
5055	1
5056	0
5057	0
5058	0
5059	1
5060	0
5061	0
5062	0
5063	0
5064	0
5065	0
5066	2
5067	1
5068	0
5069	1
5070	0
5071	0
5072	1
5073	0
5074	2
5075	0
5076	1
5077	1
5078	2
5079	2
5080	1
5081	0
5082	1
5083	2
5084	0
5085	1
5086	1
5087	0
5088	0
5089	0
5090	1
5091	2
5092	3
5093	1
5094	1
5095	1
5096	0
5097	2
5098	1
5099	0
5100	0
5101	1
5102	0
5103	0
5104	0
5105	1
5106	0
5107	1
5108	1
5109	0
5110	0
5111	1
5112	3
5113	0
5114	1
5115	0
5116	2
5117	1
5118	0
5119	0
5120	1
5121	2
5122	3
5123	0
5124	0
5125	1
5126	1
5127	1
5128	1
5129	2
5130	0
5131	0
5132	0
5133	1
5134	3
5135	1
5136	0
5137	1
5138	0
5139	1
5140	0
5141	1
5142	1
5143	1
5144	0
5145	1
5146	0
5147	0
5148	0
5149	0
5150	1
5151	1
5152	0
5153	0
5154	1
5155	0
5156	1
5157	0
5158	0
5159	0
5160	0
5161	0
5162	1
5163	0
5164	0
5165	0
5166	0
5167	0
5168	0
5169	0
5170	0
5171	1
5172	0
5173	0
5174	0
5175	0
5176	0
5177	1
5178	2
5179	0
5180	1
5181	3
5182	0
5183	1
5184	0
5185	3
5186	0
5187	1
5188	1
5189	0
5190	0
5191	0
5192	1
5193	0
5194	1
5195	0
5196	0
5197	2
5198	0
5199	0
5200	0
5201	1
5202	1
5203	1
5204	1
5205	3
5206	1
5207	1
5208	2
5209	0
5210	1
5211	0
5212	0
5213	0
5214	0
5215	0
5216	0
5217	2
5218	0
5219	0
5220	1
5221	2
5222	0
5223	1
5224	0
5225	1
5226	2
5227	1
5228	3
5229	1
5230	0
5231	2
5232	2
5233	0
5234	0
5235	1
5236	0
5237	0
5238	1
5239	1
5240	1
5241	2
5242	0
5243	0
5244	2
5245	0
5246	0
5247	0
5248	0
5249	2
5250	0
5251	0
5252	0
5253	2
5254	0
5255	0
5256	1
5257	0
5258	0
5259	0
5260	0
5261	1
5262	2
5263	1
5264	0
5265	0
5266	1
5267	0
5268	0
5269	0
5270	0
5271	1
5272	1
5273	1
5274	0
5275	1
5276	0
5277	0
5278	0
5279	1
5280	1
5281	0
5282	0
5283	0
5284	0
5285	0
5286	0
5287	1
5288	0
5289	1
5290	1
5291	2
5292	0
5293	1
5294	1
5295	0
5296	0
5297	0
5298	1
5299	0
5300	0
5301	1
5302	1
5303	0
5304	0
5305	0
5306	0
5307	1
5308	2
5309	0
5310	1
5311	0
5312	0
5313	0
5314	1
5315	0
5316	0
5317	0
5318	0
5319	0
5320	0
5321	0
5322	1
5323	0
5324	0
5325	1
5326	0
5327	1
5328	0
5329	0
5330	1
5331	0
5332	0
5333	0
5334	1
5335	1
5336	0
5337	0
5338	0
5339	0
5340	1
5341	1
5342	1
5343	1
5344	2
5345	1
5346	0
5347	1
5348	0
5349	0
5350	2
5351	1
5352	1
5353	0
5354	1
5355	0
5356	1
5357	0
5358	1
5359	0
5360	0
5361	1
5362	0
5363	0
5364	0
5365	2
5366	2
5367	0
5368	0
5369	0
5370	0
5371	0
5372	0
5373	4
5374	1
5375	0
5376	1
5377	0
5378	0
5379	0
5380	0
5381	1
5382	0
5383	3
5384	1
5385	0
5386	0
5387	0
5388	0
5389	3
5390	2
5391	0
5392	0
5393	0
5394	0
5395	1
5396	0
5397	1
5398	1
5399	1
5400	1
5401	1
5402	1
5403	0
5404	0
5405	0
5406	1
5407	0
5408	1
5409	2
5410	1
5411	0
5412	1
5413	0
5414	0
5415	0
5416	0
5417	1
5418	0
5419	1
5420	0
5421	0
5422	1
5423	0
5424	1
5425	2
5426	0
5427	2
5428	2
5429	1
5430	0
5431	0
5432	1
5433	0
5434	2
5435	0
5436	1
5437	2
5438	0
5439	0
5440	0
5441	0
5442	0
5443	0
5444	1
5445	0
5446	1
5447	0
5448	0
5449	1
5450	0
5451	0
5452	0
5453	0
5454	0
5455	0
5456	0
5457	2
5458	0
5459	3
5460	0
5461	0
5462	0
5463	0
5464	1
5465	0
5466	0
5467	1
5468	0
5469	1
5470	1
5471	0
5472	0
5473	0
5474	1
5475	0
5476	1
5477	0
5478	1
5479	0
5480	0
5481	0
5482	0
5483	1
5484	2
5485	0
5486	2
5487	0
5488	0
5489	1
5490	1
5491	0
5492	1
5493	0
5494	1
5495	0
5496	0
5497	1
5498	0
5499	0
5500	1
5501	0
5502	0
5503	0
5504	0
5505	0
5506	2
5507	0
5508	1
5509	1
5510	3
5511	0
5512	0
5513	0
5514	0
5515	0
5516	2
5517	0
5518	1
5519	1
5520	0
5521	1
5522	0
5523	1
5524	1
5525	0
5526	0
5527	0
5528	1
5529	0
5530	1
5531	1
5532	0
5533	1
5534	0
5535	0
5536	1
5537	0
5538	0
5539	2
5540	0
5541	0
5542	0
5543	1
5544	0
5545	0
5546	0
5547	1
5548	0
5549	0
5550	1
5551	1
5552	1
5553	0
5554	0
5555	0
5556	0
5557	0
5558	1
5559	1
5560	0
5561	1
5562	1
5563	2
5564	0
5565	0
5566	0
5567	0
5568	0
5569	0
5570	2
5571	2
5572	1
5573	1
5574	1
5575	0
5576	0
5577	0
5578	0
5579	0
5580	0
5581	1
5582	0
5583	0
5584	0
5585	0
5586	0
5587	0
5588	0
5589	1
5590	0
5591	3
5592	1
5593	0
5594	1
5595	0
5596	0
5597	2
5598	0
5599	0
5600	0
5601	1
5602	0
5603	1
5604	0
5605	0
5606	0
5607	0
5608	2
5609	1
5610	1
5611	2
5612	1
5613	0
5614	0
5615	0
5616	1
5617	0
5618	0
5619	0
5620	0
5621	0
5622	2
5623	1
5624	1
5625	0
5626	1
5627	0
5628	2
5629	1
5630	0
5631	1
5632	1
5633	1
5634	2
5635	1
5636	0
5637	0
5638	0
5639	0
5640	2
5641	1
5642	0
5643	0
5644	0
5645	0
5646	0
5647	0
5648	0
5649	0
5650	1
5651	0
5652	0
5653	1
5654	0
5655	0
5656	0
5657	3
5658	1
5659	1
5660	2
5661	0
5662	1
5663	0
5664	3
5665	0
5666	0
5667	2
5668	0
5669	1
5670	0
5671	1
5672	0
5673	0
5674	0
5675	0
5676	0
5677	0
5678	0
5679	0
5680	0
5681	1
5682	2
5683	1
5684	0
5685	0
5686	1
5687	0
5688	0
5689	0
5690	1
5691	1
5692	0
5693	1
5694	2
5695	0
5696	0
5697	1
5698	1
5699	1
5700	0
5701	2
5702	1
5703	1
5704	0
5705	3
5706	2
5707	0
5708	0
5709	0
5710	1
5711	2
5712	0
5713	0
5714	0
5715	0
5716	1
5717	1
5718	0
5719	2
5720	0
5721	1
5722	0
5723	0
5724	1
5725	0
5726	0
5727	0
5728	1
5729	0
5730	1
5731	0
5732	1
5733	1
5734	1
5735	0
5736	0
5737	1
5738	1
5739	0
5740	0
5741	1
5742	0
5743	0
5744	0
5745	0
5746	0
5747	1
5748	0
5749	1
5750	0
5751	0
5752	0
5753	0
5754	0
5755	2
5756	1
5757	0
5758	1
5759	2
5760	0
5761	1
5762	0
5763	0
5764	0
5765	1
5766	0
5767	1
5768	0
5769	0
5770	2
5771	0
5772	0
5773	1
5774	0
5775	0
5776	0
5777	0
5778	2
5779	0
5780	0
5781	1
5782	1
5783	0
5784	0
5785	0
5786	1
5787	0
5788	0
5789	0
5790	0
5791	1
5792	0
5793	0
5794	0
5795	0
5796	1
5797	0
5798	1
5799	0
5800	2
5801	0
5802	0
5803	0
5804	0
5805	1
5806	0
5807	0
5808	0
5809	3
5810	0
5811	2
5812	0
5813	1
5814	1
5815	1
5816	0
5817	1
5818	0
5819	0
5820	0
5821	0
5822	0
5823	0
5824	0
5825	0
5826	0
5827	0
5828	0
5829	0
5830	0
5831	0
5832	0
5833	0
5834	1
5835	0
5836	0
5837	0
5838	0
5839	0
5840	0
5841	0
5842	1
5843	1
5844	0
5845	1
5846	0
5847	0
5848	0
5849	1
5850	0
5851	0
5852	0
5853	1
5854	0
5855	0
5856	0
5857	1
5858	0
5859	1
5860	0
5861	1
5862	0
5863	1
5864	0
5865	0
5866	0
5867	1
5868	1
5869	0
5870	0
5871	0
5872	0
5873	1
5874	0
5875	0
5876	3
5877	1
5878	0
5879	1
5880	1
5881	0
5882	0
5883	0
5884	1
5885	1
5886	1
5887	2
5888	0
5889	0
5890	0
5891	0
5892	1
5893	2
5894	2
5895	0
5896	2
5897	0
5898	1
5899	0
5900	0
5901	0
5902	0
5903	0
5904	1
5905	0
5906	0
5907	0
5908	1
5909	0
5910	0
5911	1
5912	0
5913	2
5914	0
5915	0
5916	0
5917	0
5918	1
5919	2
5920	0
5921	0
5922	0
5923	1
5924	1
5925	0
5926	2
5927	1
5928	1
5929	2
5930	0
5931	1
5932	2
5933	0
5934	0
5935	0
5936	0
5937	0
5938	0
5939	1
5940	0
5941	0
5942	0
5943	0
5944	0
5945	0
5946	0
5947	0
5948	1
5949	0
5950	0
5951	1
5952	2
5953	1
5954	2
5955	0
5956	1
5957	1
5958	0
5959	0
5960	0
5961	0
5962	0
5963	0
5964	0
5965	0
5966	2
5967	0
5968	1
5969	0
5970	0
5971	0
5972	3
5973	1
5974	1
5975	0
5976	1
5977	0
5978	1
5979	0
5980	1
5981	0
5982	0
5983	2
5984	1
5985	0
5986	0
5987	0
5988	1
5989	2
5990	0
5991	0
5992	0
5993	1
5994	0
5995	0
5996	1
5997	0
5998	0
5999	0
6000	0
6001	1
6002	0
6003	0
6004	0
6005	0
6006	0
6007	0
6008	0
6009	1
6010	0
6011	1
6012	0
6013	0
6014	0
6015	1
6016	0
6017	0
6018	2
6019	0
6020	0
6021	1
6022	0
6023	1
6024	1
6025	1
6026	0
6027	0
6028	0
6029	1
6030	0
6031	0
6032	0
6033	0
6034	1
6035	2
6036	0
6037	0
6038	0
6039	0
6040	1
6041	1
6042	0
6043	0
6044	0
6045	1
6046	1
6047	0
6048	0
6049	1
6050	0
6051	2
6052	1
6053	0
6054	1
6055	0
6056	0
6057	2
6058	0
6059	1
6060	1
6061	0
6062	0
6063	1
6064	0
6065	0
6066	0
6067	1
6068	2
6069	0
6070	0
6071	0
6072	0
6073	0
6074	0
6075	1
6076	1
6077	0
6078	0
6079	1
6080	1
6081	0
6082	1
6083	0
6084	0
6085	1
6086	0
6087	0
6088	1
6089	0
6090	0
6091	0
6092	1
6093	0
6094	1
6095	0
6096	0
6097	0
6098	1
6099	0
6100	1
6101	0
6102	2
6103	0
6104	0
6105	1
6106	0
6107	0
6108	0
6109	2
6110	0
6111	0
6112	1
6113	1
6114	1
6115	1
6116	0
6117	0
6118	1
6119	0
6120	0
6121	1
6122	0
6123	0
6124	0
6125	0
6126	0
6127	0
6128	0
6129	1
6130	1
6131	0
6132	2
6133	1
6134	0
6135	0
6136	0
6137	1
6138	0
6139	2
6140	0
6141	1
6142	0
6143	0
6144	0
6145	0
6146	0
6147	0
6148	0
6149	1
6150	0
6151	0
6152	0
6153	1
6154	2
6155	0
6156	1
6157	0
6158	0
6159	1
6160	0
6161	0
6162	0
6163	1
6164	0
6165	0
6166	0
6167	1
6168	0
6169	0
6170	1
6171	0
6172	0
6173	1
6174	0
6175	1
6176	0
6177	0
6178	2
6179	1
6180	0
6181	0
6182	2
6183	0
6184	0
6185	0
6186	0
6187	0
6188	0
6189	0
6190	0
6191	1
6192	0
6193	0
6194	2
6195	1
6196	0
6197	0
6198	1
6199	0
6200	1
6201	0
6202	0
6203	0
6204	1
6205	1
6206	1
6207	0
6208	0
6209	1
6210	1
6211	0
6212	0
6213	0
6214	1
6215	1
6216	0
6217	1
6218	0
6219	0
6220	2
6221	0
6222	0
6223	0
6224	2
6225	0
6226	0
6227	0
6228	0
6229	0
6230	0
6231	1
6232	0
6233	0
6234	0
6235	0
6236	0
6237	0
6238	2
6239	0
6240	0
6241	1
6242	0
6243	0
6244	0
6245	0
6246	0
6247	0
6248	1
6249	2
6250	0
6251	0
6252	0
6253	0
6254	1
6255	1
6256	0
6257	0
6258	1
6259	0
6260	0
6261	0
6262	0
6263	1
6264	0
6265	0
6266	0
6267	1
6268	1
6269	1
6270	1
6271	1
6272	0
6273	0
6274	1
6275	0
6276	0
6277	1
6278	3
6279	0
6280	1
6281	0
6282	0
6283	0
6284	0
6285	1
6286	0
6287	0
6288	0
6289	0
6290	1
6291	0
6292	2
6293	1
6294	0
6295	1
6296	0
6297	0
6298	1
6299	1
6300	1
6301	0
6302	0
6303	0
6304	0
6305	2
6306	0
6307	0
6308	0
6309	0
6310	1
6311	0
6312	1
6313	0
6314	1
6315	0
6316	0
6317	0
6318	0
6319	2
6320	0
6321	1
6322	0
6323	0
6324	1
6325	1
6326	0
6327	0
6328	0
6329	0
6330	1
6331	0
6332	0
6333	0
6334	0
6335	1
6336	0
6337	0
6338	0
6339	1
6340	1
6341	0
6342	0
6343	0
6344	2
6345	0
6346	1
6347	0
6348	1
6349	0
6350	2
6351	0
6352	2
6353	0
6354	0
6355	1
6356	0
6357	0
6358	1
6359	1
6360	0
6361	0
6362	0
6363	0
6364	0
6365	2
6366	0
6367	0
6368	1
6369	0
6370	0
6371	0
6372	0
6373	1
6374	0
6375	0
6376	2
6377	0
6378	0
6379	2
6380	1
6381	1
6382	0
6383	1
6384	0
6385	0
6386	0
6387	1
6388	0
6389	1
6390	1
6391	0
6392	0
6393	0
6394	1
6395	0
6396	0
6397	1
6398	0
6399	0
6400	1
6401	0
6402	1
6403	1
6404	0
6405	2
6406	0
6407	1
6408	1
6409	2
6410	0
6411	0
6412	2
6413	0
6414	1
6415	1
6416	0
6417	0
6418	0
6419	0
6420	1
6421	0
6422	0
6423	1
6424	1
6425	0
6426	1
6427	1
6428	0
6429	1
6430	0
6431	0
6432	0
6433	1
6434	1
6435	1
6436	0
6437	0
6438	0
6439	0
6440	0
6441	0
6442	0
6443	1
6444	0
6445	0
6446	0
6447	0
6448	0
6449	0
6450	0
6451	0
6452	0
6453	0
6454	0
6455	1
6456	0
6457	0
6458	1
6459	1
6460	0
6461	1
6462	0
6463	0
6464	2
6465	1
6466	0
6467	1
6468	0
6469	0
6470	0
6471	0
6472	0
6473	2
6474	0
6475	0
6476	1
6477	1
6478	1
6479	0
6480	0
6481	0
6482	1
6483	0
6484	1
6485	0
6486	2
6487	0
6488	1
6489	0
6490	1
6491	0
6492	0
6493	0
6494	0
6495	0
6496	0
6497	1
6498	0
6499	0
6500	0
6501	0
6502	0
6503	2
6504	1
6505	1
6506	0
6507	0
6508	1
6509	0
6510	0
6511	1
6512	0
6513	0
6514	0
6515	1
6516	0
6517	0
6518	1
6519	1
6520	0
6521	0
6522	0
6523	1
6524	1
6525	0
6526	0
6527	0
6528	2
6529	0
6530	1
6531	0
6532	0
6533	0
6534	0
6535	0
6536	0
6537	0
6538	0
6539	0
6540	0
6541	0
6542	1
6543	1
6544	2
6545	1
6546	2
6547	0
6548	0
6549	1
6550	1
6551	0
6552	1
6553	1
6554	0
6555	0
6556	1
6557	0
6558	0
6559	0
6560	0
6561	0
6562	1
6563	1
6564	0
6565	0
6566	1
6567	0
6568	1
6569	0
6570	1
6571	0
6572	1
6573	1
6574	2
6575	0
6576	0
6577	0
6578	1
6579	1
6580	0
6581	0
6582	0
6583	1
6584	0
6585	0
6586	3
6587	0
6588	2
6589	1
6590	0
6591	0
6592	2
6593	0
6594	0
6595	0
6596	1
6597	0
6598	0
6599	0
6600	2
6601	0
6602	1
6603	0
6604	1
6605	2
6606	0
6607	0
6608	1
6609	1
6610	0
6611	0
6612	0
6613	0
6614	0
6615	1
6616	1
6617	0
6618	0
6619	0
6620	0
6621	0
6622	0
6623	0
6624	1
6625	1
6626	0
6627	0
6628	1
6629	1
6630	0
6631	0
6632	1
6633	1
6634	0
6635	0
6636	2
6637	1
6638	0
6639	1
6640	0
6641	0
6642	0
6643	2
6644	1
6645	0
6646	1
6647	0
6648	1
6649	1
6650	0
6651	0
6652	0
6653	0
6654	1
6655	0
6656	0
6657	0
6658	0
6659	0
6660	0
6661	0
6662	1
6663	0
6664	0
6665	2
6666	1
6667	0
6668	0
6669	0
6670	0
6671	0
6672	0
6673	0
6674	0
6675	1
6676	1
6677	0
6678	1
6679	1
6680	2
6681	0
6682	1
6683	0
6684	0
6685	1
6686	1
6687	0
6688	0
6689	2
6690	0
6691	0
6692	0
6693	0
6694	0
6695	0
6696	2
6697	0
6698	1
6699	1
6700	1
6701	0
6702	0
6703	1
6704	0
6705	0
6706	0
6707	0
6708	0
6709	0
6710	0
6711	0
6712	1
6713	0
6714	0
6715	0
6716	0
6717	1
6718	0
6719	0
6720	0
6721	0
6722	0
6723	1
6724	0
6725	3
6726	0
6727	0
6728	0
6729	0
6730	0
6731	1
6732	0
6733	0
6734	1
6735	1
6736	1
6737	0
6738	0
6739	0
6740	0
6741	0
6742	1
6743	1
6744	0
6745	0
6746	0
6747	0
6748	0
6749	1
6750	2
6751	0
6752	1
6753	0
6754	1
6755	0
6756	0
6757	1
6758	2
6759	1
6760	0
6761	0
6762	0
6763	0
6764	1
6765	0
6766	0
6767	0
6768	0
6769	0
6770	0
6771	0
6772	0
6773	0
6774	0
6775	0
6776	2
6777	0
6778	0
6779	0
6780	1
6781	0
6782	0
6783	0
6784	0
6785	0
6786	0
6787	0
6788	0
6789	0
6790	0
6791	1
6792	0
6793	0
6794	1
6795	1
6796	0
6797	0
6798	1
6799	0
6800	1
6801	0
6802	0
6803	0
6804	1
6805	1
6806	1
6807	1
6808	0
6809	0
6810	0
6811	0
6812	1
6813	0
6814	3
6815	0
6816	0
6817	0
6818	0
6819	0
6820	0
6821	0
6822	1
6823	0
6824	0
6825	1
6826	1
6827	2
6828	0
6829	0
6830	0
6831	1
6832	0
6833	0
6834	1
6835	1
6836	2
6837	1
6838	0
6839	0
6840	0
6841	0
6842	1
6843	0
6844	1
6845	0
6846	0
6847	0
6848	0
6849	1
6850	1
6851	0
6852	0
6853	0
6854	1
6855	0
6856	0
6857	1
6858	1
6859	0
6860	1
6861	0
6862	1
6863	0
6864	0
6865	0
6866	1
6867	1
6868	1
6869	0
6870	1
6871	0
6872	1
6873	1
6874	0
6875	1
6876	1
6877	1
6878	0
6879	0
6880	0
6881	0
6882	0
6883	0
6884	0
6885	0
6886	1
6887	0
6888	1
6889	2
6890	0
6891	0
6892	0
6893	1
6894	1
6895	1
6896	1
6897	1
6898	0
6899	0
6900	0
6901	1
6902	0
6903	1
6904	1
6905	0
6906	1
6907	1
6908	0
6909	2
6910	1
6911	0
6912	2
6913	0
6914	2
6915	0
6916	0
6917	0
6918	1
6919	0
6920	0
6921	0
6922	1
6923	0
6924	1
6925	1
6926	0
6927	0
6928	1
6929	1
6930	0
6931	0
6932	0
6933	2
6934	0
6935	2
6936	0
6937	1
6938	0
6939	0
6940	1
6941	0
6942	0
6943	0
6944	0
6945	1
6946	0
6947	0
6948	0
6949	2
6950	0
6951	0
6952	0
6953	2
6954	0
6955	0
6956	1
6957	0
6958	1
6959	0
6960	1
6961	1
6962	0
6963	0
6964	0
6965	0
6966	0
6967	0
6968	2
6969	3
6970	0
6971	0
6972	0
6973	1
6974	0
6975	0
6976	0
6977	0
6978	0
6979	0
6980	0
6981	0
6982	0
6983	1
6984	1
6985	0
6986	0
6987	0
6988	0
6989	0
6990	1
6991	0
6992	0
6993	0
6994	0
6995	0
6996	2
6997	1
6998	1
6999	0
7000	0
7001	0
7002	0
7003	0
7004	0
7005	1
7006	0
7007	0
7008	2
7009	0
7010	0
7011	1
7012	1
7013	1
7014	0
7015	1
7016	0
7017	0
7018	0
7019	0
7020	0
7021	0
7022	0
7023	1
7024	0
7025	1
7026	0
7027	0
7028	0
7029	2
7030	0
7031	0
7032	1
7033	0
7034	1
7035	0
7036	0
7037	0
7038	0
7039	0
7040	1
7041	0
7042	1
7043	0
7044	0
7045	0
7046	0
7047	1
7048	0
7049	0
7050	0
7051	0
7052	0
7053	0
7054	1
7055	0
7056	0
7057	0
7058	0
7059	0
7060	0
7061	0
7062	0
7063	0
7064	1
7065	0
7066	0
7067	0
7068	0
7069	1
7070	0
7071	1
7072	0
7073	0
7074	0
7075	1
7076	0
7077	0
7078	0
7079	0
7080	1
7081	1
7082	0
7083	0
7084	0
7085	0
7086	0
7087	0
7088	0
7089	0
7090	0
7091	1
7092	1
7093	0
7094	0
7095	0
7096	0
7097	0
7098	1
7099	0
7100	1
7101	0
7102	0
7103	1
7104	0
7105	0
7106	0
7107	0
7108	1
7109	0
7110	0
7111	0
7112	1
7113	0
7114	1
7115	0
7116	0
7117	1
7118	0
7119	0
7120	1
7121	0
7122	1
7123	0
7124	0
7125	0
7126	0
7127	0
7128	1
7129	2
7130	0
7131	1
7132	0
7133	0
7134	1
7135	0
7136	0
7137	2
7138	0
7139	0
7140	0
7141	0
7142	0
7143	0
7144	0
7145	1
7146	0
7147	0
7148	0
7149	0
7150	0
7151	0
7152	0
7153	1
7154	0
7155	1
7156	1
7157	0
7158	0
7159	0
7160	1
7161	0
7162	1
7163	0
7164	0
7165	0
7166	0
7167	0
7168	1
7169	0
7170	0
7171	0
7172	0
7173	1
7174	1
7175	0
7176	0
7177	0
7178	0
7179	0
7180	0
7181	0
7182	0
7183	0
7184	0
7185	0
7186	0
7187	0
7188	0
7189	1
7190	0
7191	0
7192	0
7193	0
7194	0
7195	1
7196	0
7197	0
7198	0
7199	1
7200	0
7201	1
7202	1
7203	0
7204	2
7205	0
7206	1
7207	0
7208	1
7209	0
7210	1
7211	0
7212	0
7213	0
7214	1
7215	1
7216	0
7217	0
7218	0
7219	1
7220	0
7221	0
7222	0
7223	0
7224	1
7225	0
7226	0
7227	0
7228	0
7229	0
7230	2
7231	0
7232	0
7233	0
7234	0
7235	1
7236	1
7237	0
7238	0
7239	1
7240	2
7241	1
7242	0
7243	1
7244	2
7245	0
7246	1
7247	0
7248	0
7249	0
7250	0
7251	0
7252	0
7253	0
7254	0
7255	0
7256	0
7257	0
7258	0
7259	0
7260	0
7261	0
7262	1
7263	0
7264	0
7265	0
7266	0
7267	0
7268	0
7269	0
7270	0
7271	0
7272	1
7273	1
7274	1
7275	0
7276	1
7277	1
7278	0
7279	1
7280	0
7281	0
7282	0
7283	0
7284	0
7285	1
7286	1
7287	1
7288	0
7289	1
7290	0
7291	0
7292	2
7293	0
7294	0
7295	0
7296	0
7297	0
7298	2
7299	0
7300	1
7301	0
7302	0
7303	0
7304	0
7305	0
7306	0
7307	1
7308	0
7309	0
7310	0
7311	0
7312	0
7313	1
7314	0
7315	0
7316	0
7317	1
7318	0
7319	0
7320	0
7321	0
7322	0
7323	0
7324	1
7325	0
7326	0
7327	0
7328	1
7329	1
7330	0
7331	1
7332	1
7333	1
7334	0
7335	2
7336	1
7337	0
7338	1
7339	1
7340	0
7341	0
7342	0
7343	0
7344	1
7345	1
7346	0
7347	0
7348	0
7349	1
7350	0
7351	0
7352	0
7353	0
7354	0
7355	1
7356	0
7357	1
7358	0
7359	0
7360	0
7361	0
7362	0
7363	0
7364	0
7365	0
7366	0
7367	1
7368	1
7369	0
7370	0
7371	1
7372	0
7373	0
7374	1
7375	1
7376	1
7377	2
7378	0
7379	0
7380	1
7381	0
7382	2
7383	0
7384	0
7385	0
7386	2
7387	0
7388	0
7389	0
7390	0
7391	0
7392	0
7393	0
7394	1
7395	0
7396	0
7397	0
7398	1
7399	0
7400	1
7401	0
7402	1
7403	0
7404	0
7405	0
7406	0
7407	0
7408	1
7409	0
7410	0
7411	0
7412	0
7413	0
7414	0
7415	0
7416	0
7417	1
7418	0
7419	1
7420	0
7421	0
7422	0
7423	0
7424	0
7425	0
7426	0
7427	0
7428	0
7429	0
7430	1
7431	0
7432	0
7433	0
7434	0
7435	0
7436	0
7437	0
7438	0
7439	0
7440	0
7441	0
7442	0
7443	0
7444	0
7445	0
7446	1
7447	0
7448	0
7449	0
7450	0
7451	0
7452	0
7453	0
7454	0
7455	0
7456	0
7457	1
7458	2
7459	0
7460	0
7461	0
7462	0
7463	0
7464	0
7465	0
7466	0
7467	0
7468	0
7469	1
7470	1
7471	0
7472	1
7473	0
7474	0
7475	0
7476	0
7477	0
7478	1
7479	0
7480	0
7481	0
7482	0
7483	0
7484	0
7485	0
7486	0
7487	0
7488	1
7489	0
7490	0
7491	0
7492	0
7493	0
7494	0
7495	0
7496	0
7497	0
7498	1
7499	0
7500	1
7501	0
7502	0
7503	1
7504	1
7505	0
7506	0
7507	0
7508	0
7509	0
7510	1
7511	0
7512	1
7513	0
7514	0
7515	1
7516	0
7517	1
7518	1
7519	0
7520	0
7521	0
7522	0
7523	1
7524	0
7525	0
7526	0
7527	0
7528	0
7529	0
7530	0
7531	0
7532	0
7533	0
7534	0
7535	0
7536	0
7537	0
7538	1
7539	0
7540	0
7541	0
7542	0
7543	1
7544	0
7545	0
7546	0
7547	0
7548	0
7549	0
7550	0
7551	0
7552	0
7553	0
7554	1
7555	1
7556	1
7557	1
7558	0
7559	0
7560	0
7561	0
7562	1
7563	1
7564	0
7565	0
7566	0
7567	1
7568	0
7569	0
7570	0
7571	1
7572	0
7573	0
7574	0
7575	0
7576	1
7577	1
7578	0
7579	0
7580	0
7581	0
7582	0
7583	0
7584	0
7585	1
7586	0
7587	0
7588	1
7589	2
7590	0
7591	0
7592	1
7593	1
7594	0
7595	0
7596	1
7597	0
7598	0
7599	0
7600	0
7601	0
7602	1
7603	0
7604	1
7605	0
7606	0
7607	1
7608	0
7609	0
7610	0
7611	1
7612	3
7613	0
7614	0
7615	0
7616	0
7617	0
7618	0
7619	1
7620	1
7621	0
7622	0
7623	0
7624	0
7625	1
7626	0
7627	0
7628	0
7629	0
7630	0
7631	0
7632	0
7633	0
7634	1
7635	1
7636	0
7637	0
7638	0
7639	1
7640	2
7641	0
7642	1
7643	0
7644	0
7645	0
7646	0
7647	0
7648	0
7649	1
7650	2
7651	0
7652	0
7653	0
7654	0
7655	1
7656	0
7657	0
7658	0
7659	3
7660	0
7661	1
7662	0
7663	0
7664	1
7665	0
7666	0
7667	0
7668	0
7669	0
7670	0
7671	0
7672	0
7673	0
7674	0
7675	0
7676	0
7677	0
7678	1
7679	1
7680	2
7681	0
7682	0
7683	1
7684	0
7685	0
7686	0
7687	1
7688	0
7689	0
7690	0
7691	1
7692	0
7693	0
7694	1
7695	0
7696	1
7697	0
7698	0
7699	0
7700	1
7701	0
7702	1
7703	0
7704	0
7705	0
7706	1
7707	0
7708	0
7709	1
7710	0
7711	0
7712	1
7713	2
7714	1
7715	0
7716	0
7717	0
7718	0
7719	0
7720	0
7721	0
7722	0
7723	1
7724	2
7725	2
7726	1
7727	0
7728	1
7729	0
7730	0
7731	0
7732	0
7733	0
7734	0
7735	0
7736	1
7737	2
7738	1
7739	0
7740	0
7741	0
7742	0
7743	0
7744	0
7745	1
7746	0
7747	0
7748	0
7749	0
7750	0
7751	0
7752	0
7753	0
7754	1
7755	1
7756	1
7757	0
7758	0
7759	0
7760	0
7761	0
7762	1
7763	0
7764	0
7765	0
7766	0
7767	0
7768	0
7769	0
7770	0
7771	0
7772	0
7773	0
7774	0
7775	0
7776	1
7777	0
7778	2
7779	0
7780	0
7781	0
7782	0
7783	0
7784	0
7785	0
7786	0
7787	0
7788	0
7789	1
7790	0
7791	0
7792	0
7793	2
7794	1
7795	0
7796	0
7797	0
7798	0
7799	1
7800	0
7801	0
7802	0
7803	0
7804	0
7805	0
7806	2
7807	1
7808	0
7809	0
7810	0
7811	0
7812	1
7813	0
7814	0
7815	0
7816	1
7817	0
7818	0
7819	1
7820	2
7821	0
7822	0
7823	0
7824	0
7825	0
7826	0
7827	1
7828	0
7829	0
7830	0
7831	1
7832	0
7833	0
7834	0
7835	2
7836	0
7837	1
7838	0
7839	0
7840	0
7841	0
7842	0
7843	0
7844	0
7845	1
7846	1
7847	0
7848	1
7849	0
7850	1
7851	1
7852	0
7853	1
7854	0
7855	0
7856	0
7857	1
7858	2
7859	0
7860	0
7861	0
7862	0
7863	1
7864	1
7865	0
7866	0
7867	1
7868	0
7869	1
7870	0
7871	1
7872	0
7873	0
7874	0
7875	0
7876	1
7877	0
7878	0
7879	0
7880	0
7881	0
7882	0
7883	0
7884	0
7885	0
7886	0
7887	0
7888	1
7889	2
7890	0
7891	0
7892	0
7893	0
7894	0
7895	1
7896	0
7897	0
7898	0
7899	0
7900	0
7901	2
7902	0
7903	0
7904	0
7905	0
7906	1
7907	0
7908	1
7909	0
7910	0
7911	0
7912	1
7913	0
7914	0
7915	0
7916	0
7917	0
7918	0
7919	1
7920	0
7921	1
7922	0
7923	1
7924	0
7925	1
7926	0
7927	1
7928	0
7929	0
7930	0
7931	0
7932	0
7933	0
7934	1
7935	1
7936	0
7937	0
7938	1
7939	1
7940	0
7941	0
7942	0
7943	1
7944	0
7945	0
7946	0
7947	0
7948	0
7949	2
7950	0
7951	0
7952	0
7953	0
7954	0
7955	0
7956	0
7957	1
7958	2
7959	0
7960	0
7961	0
7962	0
7963	1
7964	0
7965	1
7966	1
7967	0
7968	0
7969	0
7970	0
7971	0
7972	2
7973	0
7974	0
7975	0
7976	0
7977	0
7978	0
7979	1
7980	2
7981	1
7982	0
7983	0
7984	0
7985	0
7986	1
7987	1
7988	0
7989	0
7990	0
7991	0
7992	0
7993	0
7994	0
7995	0
7996	1
7997	0
7998	1
7999	1
8000	0
8001	0
8002	0
8003	1
8004	0
8005	0
8006	0
8007	0
8008	0
8009	1
8010	0
8011	1
8012	0
8013	0
8014	0
8015	0
8016	0
8017	0
8018	2
8019	0
8020	0
8021	1
8022	1
8023	1
8024	1
8025	0
8026	0
8027	0
8028	0
8029	0
8030	0
8031	0
8032	0
8033	0
8034	0
8035	0
8036	0
8037	1
8038	1
8039	0
8040	0
8041	0
8042	0
8043	0
8044	0
8045	1
8046	1
8047	0
8048	1
8049	0
8050	0
8051	1
8052	0
8053	0
8054	0
8055	0
8056	1
8057	1
8058	0
8059	0
8060	1
8061	0
8062	0
8063	0
8064	1
8065	0
8066	1
8067	0
8068	0
8069	1
8070	0
8071	0
8072	1
8073	0
8074	0
8075	0
8076	0
8077	1
8078	0
8079	0
8080	0
8081	0
8082	0
8083	0
8084	0
8085	0
8086	0
8087	0
8088	0
8089	0
8090	0
8091	0
8092	0
8093	0
8094	0
8095	0
8096	0
8097	0
8098	0
8099	0
8100	0
8101	0
8102	0
8103	0
8104	0
8105	0
8106	0
8107	0
8108	0
8109	0
8110	0
8111	0
8112	0
8113	0
8114	0
8115	0
8116	0
8117	0
8118	0
8119	0
8120	0
8121	0
8122	0
8123	0
8124	0
8125	0
8126	0
8127	0
8128	0
8129	0
8130	0
8131	0
8132	0
8133	0
8134	0
8135	0
8136	0
8137	0
8138	0
8139	0
8140	0
8141	0
8142	0
8143	0
8144	0
8145	0
8146	0
8147	0
8148	0
8149	0
8150	0
8151	0
8152	0
8153	0
8154	0
8155	0
8156	0
8157	0
8158	0
8159	0
8160	0
8161	0
8162	0
8163	0
8164	0
8165	0
8166	0
8167	0
8168	0
8169	0
8170	0
8171	0
8172	0
8173	0
8174	0
8175	0
8176	0
8177	0
8178	0
8179	0
8180	0
8181	0
8182	0
8183	0
8184	0
8185	0
8186	0
8187	0
8188	0
8189	0
8190	0
8191	0
