0	0
1	0
2	0
3	0
4	0
5	0
6	0
7	0
8	0
9	0
10	0
11	0
12	0
13	0
14	0
15	0
16	0
17	0
18	0
19	0
20	0
21	0
22	0
23	0
24	0
25	0
26	0
27	0
28	0
29	0
30	0
31	0
32	0
33	0
34	0
35	0
36	0
37	0
38	0
39	0
40	0
41	0
42	0
43	0
44	0
45	0
46	0
47	0
48	0
49	0
50	0
51	0
52	0
53	0
54	0
55	0
56	0
57	0
58	0
59	0
60	0
61	0
62	0
63	0
64	0
65	0
66	0
67	0
68	0
69	0
70	0
71	0
72	0
73	0
74	0
75	0
76	0
77	0
78	0
79	0
80	0
81	0
82	0
83	0
84	0
85	1
86	10
87	13
88	8
89	3
90	8
91	11
92	10
93	8
94	7
95	9
96	12
97	8
98	7
99	7
100	10
101	9
102	11
103	14
104	6
105	5
106	5
107	9
108	14
109	8
110	9
111	9
112	13
113	7
114	12
115	8
116	13
117	6
118	5
119	17
120	9
121	11
122	12
123	8
124	12
125	6
126	9
127	15
128	5
129	11
130	8
131	10
132	8
133	10
134	4
135	9
136	8
137	8
138	13
139	5
140	8
141	10
142	10
143	6
144	8
145	5
146	9
147	9
148	7
149	8
150	18
151	11
152	8
153	8
154	9
155	9
156	11
157	9
158	5
159	11
160	10
161	11
162	9
163	9
164	17
165	5
166	16
167	5
168	16
169	5
170	6
171	10
172	11
173	6
174	10
175	13
176	13
177	12
178	7
179	10
180	7
181	10
182	11
183	7
184	5
185	11
186	10
187	11
188	12
189	12
190	9
191	17
192	11
193	13
194	8
195	13
196	12
197	11
198	11
199	11
200	13
201	7
202	11
203	5
204	8
205	13
206	10
207	8
208	10
209	8
210	6
211	3
212	8
213	14
214	14
215	4
216	5
217	9
218	14
219	10
220	14
221	17
222	9
223	6
224	9
225	8
226	11
227	14
228	5
229	14
230	9
231	9
232	12
233	10
234	17
235	7
236	7
237	11
238	9
239	8
240	12
241	12
242	12
243	12
244	9
245	11
246	9
247	9
248	9
249	9
250	11
251	9
252	12
253	19
254	7
255	13
256	20
257	9
258	10
259	8
260	15
261	15
262	14
263	10
264	8
265	16
266	8
267	15
268	17
269	10
270	9
271	9
272	5
273	12
274	8
275	9
276	11
277	16
278	5
279	6
280	12
281	10
282	5
283	16
284	6
285	11
286	8
287	9
288	11
289	9
290	6
291	8
292	13
293	9
294	5
295	12
296	11
297	7
298	7
299	12
300	8
301	9
302	14
303	11
304	15
305	8
306	9
307	12
308	12
309	12
310	9
311	10
312	11
313	17
314	7
315	10
316	6
317	13
318	13
319	11
320	5
321	10
322	13
323	6
324	8
325	15
326	17
327	11
328	12
329	7
330	14
331	8
332	11
333	8
334	11
335	8
336	10
337	16
338	8
339	15
340	10
341	10
342	9
343	7
344	11
345	19
346	9
347	5
348	10
349	14
350	15
351	11
352	18
353	12
354	13
355	10
356	16
357	8
358	15
359	12
360	8
361	18
362	6
363	15
364	13
365	10
366	15
367	19
368	16
369	15
370	16
371	17
372	15
373	7
374	11
375	13
376	7
377	16
378	16
379	17
380	5
381	8
382	8
383	8
384	11
385	9
386	11
387	10
388	12
389	9
390	15
391	17
392	10
393	7
394	12
395	14
396	10
397	15
398	20
399	10
400	14
401	15
402	12
403	9
404	10
405	15
406	22
407	11
408	8
409	14
410	8
411	14
412	17
413	12
414	13
415	11
416	14
417	13
418	12
419	14
420	13
421	6
422	15
423	17
424	7
425	10
426	11
427	17
428	13
429	12
430	10
431	16
432	9
433	13
434	13
435	11
436	9
437	15
438	17
439	11
440	11
441	10
442	13
443	12
444	10
445	13
446	10
447	5
448	10
449	14
450	17
451	11
452	11
453	16
454	12
455	16
456	13
457	12
458	11
459	12
460	16
461	5
462	7
463	11
464	12
465	9
466	11
467	14
468	13
469	10
470	17
471	8
472	15
473	17
474	16
475	14
476	9
477	14
478	10
479	11
480	14
481	7
482	12
483	13
484	14
485	12
486	14
487	19
488	21
489	14
490	10
491	17
492	10
493	20
494	11
495	9
496	15
497	24
498	13
499	12
500	16
501	11
502	11
503	11
504	15
505	13
506	13
507	21
508	14
509	13
510	17
511	18
512	10
513	10
514	18
515	14
516	16
517	13
518	9
519	9
520	19
521	16
522	16
523	13
524	10
525	21
526	13
527	14
528	15
529	23
530	20
531	17
532	9
533	22
534	13
535	16
536	22
537	14
538	13
539	16
540	13
541	9
542	17
543	13
544	23
545	16
546	21
547	17
548	15
549	15
550	10
551	24
552	21
553	24
554	17
555	18
556	24
557	25
558	17
559	17
560	26
561	24
562	25
563	25
564	18
565	18
566	24
567	30
568	21
569	9
570	19
571	11
572	29
573	28
574	21
575	25
576	17
577	16
578	23
579	26
580	33
581	30
582	14
583	28
584	23
585	21
586	18
587	27
588	23
589	29
590	20
591	22
592	26
593	21
594	34
595	31
596	27
597	25
598	27
599	31
600	25
601	22
602	26
603	25
604	24
605	27
606	13
607	27
608	24
609	20
610	33
611	25
612	31
613	29
614	26
615	18
616	30
617	24
618	28
619	33
620	28
621	26
622	16
623	18
624	21
625	22
626	23
627	13
628	21
629	25
630	19
631	25
632	20
633	36
634	15
635	23
636	23
637	15
638	18
639	20
640	19
641	28
642	25
643	25
644	21
645	27
646	16
647	21
648	27
649	22
650	23
651	24
652	23
653	27
654	17
655	24
656	22
657	24
658	20
659	23
660	9
661	20
662	18
663	25
664	25
665	13
666	14
667	21
668	22
669	20
670	23
671	28
672	15
673	17
674	21
675	17
676	21
677	24
678	23
679	18
680	22
681	27
682	21
683	18
684	15
685	24
686	24
687	19
688	33
689	23
690	29
691	18
692	24
693	27
694	25
695	16
696	22
697	18
698	18
699	18
700	17
701	25
702	13
703	19
704	22
705	16
706	23
707	25
708	15
709	17
710	13
711	12
712	21
713	17
714	16
715	24
716	19
717	17
718	23
719	22
720	13
721	11
722	16
723	8
724	24
725	18
726	20
727	13
728	16
729	17
730	18
731	13
732	21
733	18
734	17
735	14
736	20
737	13
738	28
739	20
740	16
741	20
742	24
743	23
744	19
745	21
746	17
747	13
748	23
749	17
750	21
751	21
752	19
753	12
754	20
755	18
756	16
757	13
758	15
759	23
760	11
761	15
762	23
763	21
764	16
765	18
766	13
767	20
768	16
769	9
770	22
771	15
772	15
773	21
774	15
775	14
776	20
777	17
778	21
779	12
780	12
781	24
782	13
783	20
784	13
785	19
786	21
787	17
788	12
789	24
790	12
791	14
792	12
793	18
794	18
795	13
796	18
797	15
798	23
799	15
800	21
801	17
802	14
803	15
804	17
805	18
806	15
807	16
808	16
809	17
810	16
811	19
812	17
813	15
814	23
815	20
816	17
817	25
818	15
819	18
820	17
821	16
822	17
823	16
824	9
825	10
826	18
827	12
828	10
829	17
830	17
831	19
832	22
833	12
834	27
835	16
836	20
837	18
838	11
839	21
840	13
841	27
842	16
843	23
844	14
845	15
846	26
847	16
848	20
849	18
850	21
851	21
852	19
853	25
854	16
855	21
856	16
857	15
858	14
859	17
860	22
861	18
862	21
863	17
864	15
865	22
866	20
867	26
868	17
869	17
870	21
871	20
872	14
873	26
874	18
875	24
876	19
877	18
878	18
879	27
880	23
881	16
882	13
883	18
884	20
885	17
886	14
887	20
888	18
889	15
890	16
891	24
892	14
893	17
894	23
895	20
896	22
897	19
898	21
899	25
900	11
901	20
902	22
903	14
904	25
905	26
906	14
907	21
908	23
909	22
910	19
911	22
912	22
913	14
914	18
915	17
916	18
917	27
918	24
919	18
920	15
921	19
922	22
923	20
924	13
925	17
926	24
927	14
928	23
929	18
930	17
931	24
932	16
933	18
934	17
935	11
936	18
937	25
938	16
939	17
940	26
941	20
942	23
943	20
944	16
945	21
946	24
947	27
948	14
949	16
950	19
951	18
952	18
953	25
954	17
955	22
956	14
957	13
958	24
959	18
960	19
961	18
962	13
963	11
964	20
965	15
966	20
967	22
968	30
969	25
970	19
971	17
972	25
973	21
974	23
975	30
976	18
977	23
978	21
979	15
980	19
981	22
982	21
983	21
984	26
985	21
986	22
987	22
988	23
989	26
990	23
991	22
992	28
993	26
994	21
995	23
996	23
997	26
998	15
999	22
1000	21
1001	26
1002	24
1003	27
1004	23
1005	22
1006	16
1007	20
1008	27
1009	17
1010	30
1011	28
1012	22
1013	18
1014	26
1015	17
1016	21
1017	21
1018	21
1019	25
1020	26
1021	23
1022	19
1023	22
1024	29
1025	18
1026	13
1027	25
1028	21
1029	36
1030	19
1031	24
1032	34
1033	21
1034	31
1035	30
1036	26
1037	33
1038	20
1039	26
1040	23
1041	31
1042	24
1043	16
1044	24
1045	18
1046	25
1047	23
1048	18
1049	29
1050	20
1051	26
1052	13
1053	35
1054	23
1055	22
1056	24
1057	25
1058	28
1059	20
1060	27
1061	22
1062	29
1063	21
1064	20
1065	28
1066	26
1067	32
1068	32
1069	26
1070	23
1071	22
1072	26
1073	23
1074	23
1075	27
1076	24
1077	26
1078	20
1079	23
1080	27
1081	18
1082	15
1083	35
1084	27
1085	24
1086	22
1087	18
1088	28
1089	26
1090	27
1091	29
1092	31
1093	26
1094	21
1095	29
1096	19
1097	32
1098	27
1099	20
1100	26
1101	25
1102	25
1103	21
1104	21
1105	17
1106	29
1107	21
1108	22
1109	32
1110	21
1111	27
1112	27
1113	31
1114	32
1115	21
1116	27
1117	28
1118	25
1119	20
1120	35
1121	25
1122	25
1123	25
1124	26
1125	26
1126	36
1127	31
1128	21
1129	28
1130	27
1131	20
1132	30
1133	25
1134	28
1135	23
1136	26
1137	39
1138	25
1139	27
1140	24
1141	24
1142	19
1143	14
1144	33
1145	30
1146	29
1147	22
1148	27
1149	20
1150	25
1151	25
1152	27
1153	17
1154	28
1155	20
1156	20
1157	34
1158	41
1159	31
1160	21
1161	27
1162	33
1163	22
1164	32
1165	25
1166	28
1167	27
1168	32
1169	29
1170	24
1171	21
1172	20
1173	19
1174	32
1175	20
1176	34
1177	23
1178	22
1179	36
1180	31
1181	31
1182	29
1183	31
1184	34
1185	24
1186	32
1187	25
1188	27
1189	33
1190	26
1191	33
1192	28
1193	23
1194	21
1195	24
1196	26
1197	36
1198	21
1199	26
1200	22
1201	21
1202	24
1203	22
1204	29
1205	28
1206	45
1207	29
1208	27
1209	39
1210	24
1211	27
1212	32
1213	23
1214	32
1215	24
1216	20
1217	25
1218	29
1219	29
1220	30
1221	21
1222	32
1223	41
1224	32
1225	27
1226	28
1227	28
1228	27
1229	28
1230	35
1231	30
1232	28
1233	24
1234	32
1235	33
1236	21
1237	35
1238	32
1239	27
1240	34
1241	30
1242	27
1243	30
1244	25
1245	29
1246	38
1247	31
1248	33
1249	21
1250	24
1251	33
1252	31
1253	27
1254	33
1255	29
1256	24
1257	21
1258	26
1259	28
1260	21
1261	18
1262	31
1263	28
1264	30
1265	32
1266	27
1267	29
1268	22
1269	31
1270	26
1271	38
1272	37
1273	34
1274	35
1275	32
1276	25
1277	25
1278	27
1279	30
1280	26
1281	29
1282	27
1283	19
1284	30
1285	25
1286	15
1287	31
1288	30
1289	24
1290	32
1291	34
1292	36
1293	33
1294	29
1295	36
1296	27
1297	34
1298	31
1299	25
1300	29
1301	31
1302	28
1303	33
1304	36
1305	29
1306	37
1307	31
1308	24
1309	36
1310	36
1311	33
1312	26
1313	30
1314	32
1315	30
1316	30
1317	40
1318	23
1319	34
1320	32
1321	34
1322	41
1323	30
1324	28
1325	27
1326	37
1327	30
1328	28
1329	30
1330	31
1331	33
1332	36
1333	29
1334	39
1335	29
1336	43
1337	35
1338	41
1339	29
1340	34
1341	27
1342	27
1343	36
1344	33
1345	32
1346	23
1347	28
1348	28
1349	20
1350	35
1351	28
1352	35
1353	22
1354	35
1355	29
1356	33
1357	30
1358	33
1359	29
1360	33
1361	26
1362	37
1363	25
1364	38
1365	33
1366	39
1367	33
1368	37
1369	32
1370	32
1371	36
1372	38
1373	33
1374	31
1375	27
1376	44
1377	36
1378	38
1379	26
1380	33
1381	35
1382	35
1383	22
1384	27
1385	37
1386	29
1387	26
1388	28
1389	27
1390	35
1391	39
1392	42
1393	57
1394	27
1395	28
1396	28
1397	30
1398	34
1399	34
1400	28
1401	33
1402	31
1403	33
1404	33
1405	24
1406	28
1407	41
1408	41
1409	34
1410	23
1411	31
1412	45
1413	33
1414	32
1415	27
1416	34
1417	31
1418	32
1419	35
1420	40
1421	26
1422	36
1423	25
1424	37
1425	33
1426	24
1427	24
1428	31
1429	55
1430	35
1431	32
1432	42
1433	36
1434	27
1435	31
1436	25
1437	33
1438	37
1439	29
1440	30
1441	27
1442	37
1443	27
1444	29
1445	34
1446	35
1447	33
1448	33
1449	31
1450	37
1451	35
1452	36
1453	33
1454	29
1455	29
1456	30
1457	32
1458	33
1459	43
1460	25
1461	23
1462	33
1463	35
1464	31
1465	31
1466	35
1467	24
1468	26
1469	31
1470	39
1471	35
1472	28
1473	26
1474	35
1475	37
1476	29
1477	39
1478	36
1479	26
1480	28
1481	31
1482	40
1483	32
1484	31
1485	43
1486	30
1487	27
1488	35
1489	36
1490	29
1491	35
1492	31
1493	37
1494	43
1495	21
1496	30
1497	39
1498	35
1499	32
1500	38
1501	36
1502	31
1503	29
1504	31
1505	37
1506	40
1507	41
1508	38
1509	34
1510	31
1511	35
1512	32
1513	23
1514	41
1515	33
1516	35
1517	44
1518	28
1519	39
1520	41
1521	37
1522	33
1523	28
1524	29
1525	44
1526	36
1527	24
1528	29
1529	34
1530	34
1531	36
1532	40
1533	35
1534	39
1535	31
1536	38
1537	42
1538	41
1539	45
1540	47
1541	36
1542	30
1543	37
1544	44
1545	34
1546	36
1547	40
1548	36
1549	34
1550	42
1551	35
1552	38
1553	38
1554	46
1555	31
1556	52
1557	47
1558	36
1559	42
1560	38
1561	35
1562	45
1563	39
1564	35
1565	46
1566	30
1567	45
1568	32
1569	41
1570	44
1571	42
1572	45
1573	46
1574	38
1575	48
1576	41
1577	45
1578	51
1579	40
1580	47
1581	47
1582	49
1583	46
1584	44
1585	46
1586	40
1587	42
1588	42
1589	40
1590	57
1591	41
1592	51
1593	44
1594	58
1595	28
1596	43
1597	47
1598	43
1599	35
1600	50
1601	38
1602	47
1603	40
1604	51
1605	47
1606	54
1607	42
1608	51
1609	49
1610	36
1611	53
1612	37
1613	53
1614	49
1615	52
1616	46
1617	38
1618	52
1619	40
1620	52
1621	47
1622	54
1623	57
1624	53
1625	63
1626	47
1627	43
1628	44
1629	49
1630	48
1631	53
1632	54
1633	47
1634	55
1635	49
1636	39
1637	48
1638	48
1639	47
1640	47
1641	45
1642	64
1643	52
1644	41
1645	50
1646	42
1647	59
1648	49
1649	52
1650	39
1651	39
1652	53
1653	50
1654	56
1655	42
1656	56
1657	57
1658	49
1659	52
1660	55
1661	44
1662	55
1663	52
1664	61
1665	50
1666	55
1667	60
1668	55
1669	66
1670	57
1671	59
1672	57
1673	72
1674	69
1675	44
1676	58
1677	54
1678	46
1679	52
1680	51
1681	55
1682	62
1683	55
1684	59
1685	66
1686	62
1687	51
1688	53
1689	61
1690	50
1691	63
1692	57
1693	59
1694	50
1695	56
1696	71
1697	40
1698	44
1699	56
1700	55
1701	55
1702	48
1703	53
1704	52
1705	63
1706	51
1707	63
1708	35
1709	58
1710	58
1711	55
1712	52
1713	51
1714	74
1715	58
1716	59
1717	64
1718	56
1719	47
1720	52
1721	55
1722	61
1723	48
1724	59
1725	37
1726	53
1727	55
1728	57
1729	59
1730	50
1731	58
1732	50
1733	45
1734	50
1735	35
1736	46
1737	67
1738	56
1739	60
1740	63
1741	50
1742	49
1743	45
1744	49
1745	59
1746	48
1747	54
1748	52
1749	50
1750	54
1751	58
1752	49
1753	47
1754	48
1755	47
1756	47
1757	60
1758	56
1759	46
1760	52
1761	51
1762	50
1763	46
1764	62
1765	53
1766	57
1767	39
1768	58
1769	45
1770	45
1771	52
1772	47
1773	41
1774	49
1775	51
1776	57
1777	44
1778	47
1779	45
1780	52
1781	45
1782	41
1783	46
1784	51
1785	53
1786	38
1787	41
1788	51
1789	53
1790	46
1791	43
1792	53
1793	45
1794	39
1795	42
1796	41
1797	40
1798	44
1799	43
1800	44
1801	52
1802	47
1803	46
1804	47
1805	33
1806	30
1807	40
1808	45
1809	56
1810	48
1811	35
1812	38
1813	49
1814	50
1815	38
1816	39
1817	45
1818	45
1819	46
1820	33
1821	57
1822	49
1823	33
1824	42
1825	37
1826	23
1827	47
1828	38
1829	54
1830	44
1831	38
1832	39
1833	38
1834	28
1835	40
1836	29
1837	40
1838	47
1839	29
1840	37
1841	34
1842	40
1843	34
1844	40
1845	38
1846	46
1847	39
1848	37
1849	43
1850	32
1851	37
1852	38
1853	50
1854	38
1855	34
1856	37
1857	42
1858	29
1859	29
1860	36
1861	35
1862	28
1863	35
1864	22
1865	29
1866	29
1867	34
1868	37
1869	36
1870	41
1871	39
1872	30
1873	29
1874	33
1875	42
1876	24
1877	37
1878	25
1879	39
1880	23
1881	34
1882	31
1883	32
1884	39
1885	24
1886	29
1887	32
1888	36
1889	24
1890	33
1891	31
1892	34
1893	29
1894	32
1895	29
1896	26
1897	32
1898	33
1899	30
1900	31
1901	30
1902	29
1903	27
1904	27
1905	18
1906	30
1907	34
1908	30
1909	25
1910	32
1911	24
1912	29
1913	26
1914	36
1915	32
1916	36
1917	24
1918	24
1919	32
1920	28
1921	28
1922	27
1923	27
1924	27
1925	21
1926	28
1927	31
1928	26
1929	26
1930	20
1931	22
1932	17
1933	30
1934	23
1935	24
1936	28
1937	34
1938	18
1939	26
1940	32
1941	24
1942	21
1943	23
1944	23
1945	26
1946	24
1947	25
1948	32
1949	19
1950	29
1951	32
1952	27
1953	24
1954	31
1955	27
1956	23
1957	24
1958	20
1959	25
1960	24
1961	25
1962	27
1963	20
1964	27
1965	13
1966	16
1967	23
1968	13
1969	22
1970	24
1971	23
1972	34
1973	27
1974	33
1975	25
1976	20
1977	28
1978	32
1979	33
1980	19
1981	24
1982	24
1983	21
1984	24
1985	16
1986	21
1987	25
1988	15
1989	23
1990	20
1991	26
1992	33
1993	22
1994	25
1995	22
1996	19
1997	20
1998	16
1999	18
2000	12
2001	25
2002	19
2003	25
2004	22
2005	23
2006	21
2007	17
2008	20
2009	18
2010	19
2011	23
2012	27
2013	20
2014	15
2015	19
2016	17
2017	18
2018	20
2019	18
2020	21
2021	17
2022	17
2023	15
2024	28
2025	13
2026	23
2027	20
2028	16
2029	18
2030	14
2031	26
2032	14
2033	22
2034	15
2035	22
2036	24
2037	12
2038	21
2039	15
2040	10
2041	18
2042	16
2043	16
2044	17
2045	17
2046	14
2047	17
2048	21
2049	19
2050	11
2051	11
2052	18
2053	23
2054	17
2055	20
2056	13
2057	21
2058	18
2059	21
2060	19
2061	25
2062	20
2063	18
2064	17
2065	15
2066	19
2067	15
2068	9
2069	15
2070	16
2071	13
2072	22
2073	17
2074	14
2075	11
2076	15
2077	17
2078	23
2079	20
2080	16
2081	16
2082	23
2083	16
2084	18
2085	15
2086	15
2087	10
2088	19
2089	12
2090	12
2091	13
2092	21
2093	16
2094	16
2095	20
2096	20
2097	9
2098	15
2099	18
2100	21
2101	11
2102	11
2103	23
2104	14
2105	7
2106	24
2107	14
2108	19
2109	14
2110	24
2111	14
2112	16
2113	18
2114	16
2115	21
2116	22
2117	14
2118	12
2119	15
2120	21
2121	16
2122	17
2123	17
2124	18
2125	15
2126	15
2127	18
2128	20
2129	15
2130	18
2131	13
2132	15
2133	15
2134	14
2135	21
2136	16
2137	20
2138	21
2139	19
2140	14
2141	18
2142	16
2143	12
2144	13
2145	18
2146	18
2147	17
2148	21
2149	20
2150	18
2151	14
2152	10
2153	18
2154	11
2155	9
2156	16
2157	10
2158	24
2159	18
2160	15
2161	14
2162	12
2163	17
2164	15
2165	9
2166	12
2167	12
2168	12
2169	15
2170	11
2171	12
2172	12
2173	18
2174	16
2175	14
2176	13
2177	16
2178	13
2179	19
2180	19
2181	10
2182	10
2183	10
2184	17
2185	9
2186	19
2187	12
2188	17
2189	17
2190	16
2191	11
2192	12
2193	10
2194	14
2195	18
2196	17
2197	17
2198	15
2199	12
2200	19
2201	14
2202	15
2203	20
2204	14
2205	16
2206	13
2207	8
2208	12
2209	14
2210	13
2211	16
2212	16
2213	19
2214	13
2215	10
2216	11
2217	16
2218	17
2219	15
2220	25
2221	8
2222	12
2223	14
2224	7
2225	20
2226	19
2227	19
2228	8
2229	16
2230	8
2231	12
2232	10
2233	12
2234	10
2235	20
2236	14
2237	11
2238	19
2239	15
2240	13
2241	19
2242	16
2243	8
2244	14
2245	11
2246	13
2247	18
2248	16
2249	14
2250	16
2251	10
2252	11
2253	12
2254	14
2255	11
2256	15
2257	19
2258	13
2259	15
2260	8
2261	11
2262	16
2263	17
2264	10
2265	13
2266	17
2267	11
2268	18
2269	11
2270	10
2271	13
2272	20
2273	15
2274	17
2275	12
2276	13
2277	16
2278	12
2279	17
2280	12
2281	11
2282	13
2283	13
2284	15
2285	11
2286	16
2287	10
2288	13
2289	11
2290	18
2291	17
2292	13
2293	11
2294	11
2295	16
2296	15
2297	9
2298	9
2299	15
2300	15
2301	10
2302	8
2303	19
2304	19
2305	14
2306	10
2307	12
2308	5
2309	9
2310	8
2311	8
2312	10
2313	10
2314	13
2315	11
2316	12
2317	13
2318	14
2319	15
2320	10
2321	11
2322	12
2323	7
2324	11
2325	13
2326	20
2327	9
2328	17
2329	16
2330	19
2331	9
2332	14
2333	4
2334	16
2335	10
2336	7
2337	9
2338	14
2339	7
2340	13
2341	17
2342	13
2343	15
2344	8
2345	9
2346	10
2347	12
2348	8
2349	7
2350	8
2351	13
2352	14
2353	13
2354	10
2355	10
2356	6
2357	11
2358	5
2359	6
2360	11
2361	12
2362	10
2363	18
2364	11
2365	11
2366	8
2367	6
2368	14
2369	14
2370	16
2371	11
2372	13
2373	11
2374	12
2375	8
2376	9
2377	8
2378	20
2379	14
2380	18
2381	9
2382	5
2383	6
2384	10
2385	15
2386	13
2387	17
2388	11
2389	11
2390	8
2391	11
2392	9
2393	9
2394	11
2395	10
2396	12
2397	11
2398	18
2399	8
2400	9
2401	11
2402	10
2403	9
2404	14
2405	10
2406	9
2407	9
2408	12
2409	12
2410	11
2411	12
2412	13
2413	14
2414	13
2415	7
2416	8
2417	12
2418	15
2419	6
2420	6
2421	10
2422	11
2423	12
2424	10
2425	11
2426	6
2427	11
2428	8
2429	12
2430	7
2431	5
2432	7
2433	7
2434	8
2435	20
2436	12
2437	6
2438	13
2439	13
2440	14
2441	10
2442	9
2443	9
2444	8
2445	15
2446	7
2447	11
2448	8
2449	9
2450	13
2451	15
2452	10
2453	7
2454	17
2455	9
2456	11
2457	11
2458	15
2459	12
2460	10
2461	19
2462	10
2463	14
2464	15
2465	7
2466	9
2467	10
2468	8
2469	7
2470	13
2471	9
2472	6
2473	16
2474	15
2475	12
2476	13
2477	11
2478	6
2479	12
2480	6
2481	9
2482	10
2483	9
2484	8
2485	7
2486	11
2487	9
2488	8
2489	15
2490	14
2491	9
2492	17
2493	5
2494	11
2495	12
2496	10
2497	9
2498	5
2499	12
2500	16
2501	9
2502	11
2503	16
2504	13
2505	6
2506	10
2507	10
2508	13
2509	5
2510	7
2511	6
2512	10
2513	15
2514	7
2515	10
2516	9
2517	10
2518	15
2519	10
2520	9
2521	15
2522	13
2523	7
2524	15
2525	7
2526	10
2527	8
2528	10
2529	11
2530	9
2531	10
2532	9
2533	15
2534	14
2535	15
2536	14
2537	11
2538	17
2539	15
2540	6
2541	6
2542	9
2543	15
2544	5
2545	9
2546	11
2547	9
2548	13
2549	16
2550	6
2551	8
2552	13
2553	9
2554	12
2555	6
2556	12
2557	16
2558	10
2559	9
2560	14
2561	7
2562	18
2563	9
2564	11
2565	9
2566	11
2567	15
2568	7
2569	5
2570	7
2571	7
2572	8
2573	9
2574	8
2575	11
2576	9
2577	9
2578	5
2579	10
2580	11
2581	12
2582	15
2583	3
2584	5
2585	13
2586	7
2587	7
2588	9
2589	6
2590	7
2591	8
2592	14
2593	7
2594	14
2595	4
2596	7
2597	16
2598	12
2599	9
2600	14
2601	16
2602	10
2603	15
2604	11
2605	7
2606	8
2607	8
2608	10
2609	9
2610	15
2611	9
2612	15
2613	9
2614	9
2615	8
2616	12
2617	12
2618	12
2619	5
2620	3
2621	9
2622	6
2623	4
2624	5
2625	15
2626	4
2627	9
2628	11
2629	12
2630	4
2631	11
2632	9
2633	9
2634	10
2635	8
2636	10
2637	13
2638	8
2639	6
2640	14
2641	6
2642	16
2643	9
2644	11
2645	10
2646	9
2647	15
2648	7
2649	8
2650	11
2651	7
2652	17
2653	13
2654	8
2655	12
2656	8
2657	8
2658	7
2659	9
2660	9
2661	11
2662	10
2663	11
2664	10
2665	14
2666	7
2667	10
2668	4
2669	5
2670	9
2671	13
2672	13
2673	6
2674	11
2675	11
2676	9
2677	14
2678	9
2679	6
2680	13
2681	6
2682	4
2683	7
2684	10
2685	16
2686	10
2687	11
2688	15
2689	8
2690	5
2691	13
2692	9
2693	12
2694	7
2695	8
2696	8
2697	14
2698	7
2699	5
2700	10
2701	3
2702	12
2703	2
2704	7
2705	10
2706	7
2707	11
2708	15
2709	7
2710	11
2711	4
2712	9
2713	8
2714	8
2715	10
2716	15
2717	9
2718	12
2719	11
2720	6
2721	8
2722	5
2723	14
2724	11
2725	10
2726	13
2727	17
2728	8
2729	10
2730	7
2731	8
2732	4
2733	6
2734	9
2735	8
2736	10
2737	11
2738	11
2739	9
2740	13
2741	9
2742	14
2743	5
2744	9
2745	10
2746	20
2747	8
2748	11
2749	9
2750	13
2751	6
2752	6
2753	15
2754	6
2755	6
2756	6
2757	7
2758	10
2759	9
2760	7
2761	7
2762	9
2763	16
2764	9
2765	14
2766	3
2767	10
2768	3
2769	12
2770	7
2771	10
2772	6
2773	11
2774	8
2775	8
2776	7
2777	16
2778	11
2779	13
2780	5
2781	6
2782	12
2783	9
2784	8
2785	11
2786	11
2787	8
2788	6
2789	9
2790	5
2791	7
2792	11
2793	12
2794	12
2795	9
2796	4
2797	14
2798	11
2799	14
2800	10
2801	8
2802	14
2803	9
2804	6
2805	11
2806	5
2807	7
2808	12
2809	11
2810	14
2811	13
2812	14
2813	14
2814	9
2815	5
2816	9
2817	9
2818	11
2819	6
2820	11
2821	13
2822	8
2823	14
2824	9
2825	12
2826	10
2827	4
2828	11
2829	13
2830	9
2831	7
2832	14
2833	9
2834	13
2835	8
2836	7
2837	14
2838	6
2839	14
2840	8
2841	8
2842	10
2843	9
2844	11
2845	8
2846	8
2847	14
2848	12
2849	9
2850	10
2851	8
2852	6
2853	5
2854	5
2855	11
2856	13
2857	13
2858	14
2859	16
2860	10
2861	18
2862	17
2863	11
2864	12
2865	12
2866	9
2867	8
2868	12
2869	11
2870	15
2871	11
2872	12
2873	15
2874	9
2875	12
2876	8
2877	9
2878	8
2879	13
2880	13
2881	7
2882	10
2883	8
2884	6
2885	14
2886	5
2887	9
2888	9
2889	9
2890	11
2891	7
2892	16
2893	9
2894	14
2895	10
2896	9
2897	10
2898	10
2899	11
2900	8
2901	10
2902	9
2903	18
2904	13
2905	13
2906	8
2907	11
2908	17
2909	14
2910	15
2911	7
2912	17
2913	14
2914	8
2915	6
2916	13
2917	11
2918	9
2919	11
2920	9
2921	12
2922	7
2923	8
2924	12
2925	6
2926	12
2927	9
2928	10
2929	11
2930	13
2931	11
2932	8
2933	15
2934	10
2935	9
2936	10
2937	15
2938	14
2939	7
2940	13
2941	11
2942	12
2943	6
2944	10
2945	13
2946	11
2947	10
2948	13
2949	14
2950	19
2951	9
2952	10
2953	20
2954	16
2955	19
2956	12
2957	7
2958	12
2959	14
2960	7
2961	11
2962	19
2963	14
2964	11
2965	8
2966	16
2967	17
2968	11
2969	20
2970	8
2971	16
2972	11
2973	18
2974	11
2975	20
2976	13
2977	8
2978	13
2979	18
2980	11
2981	9
2982	14
2983	18
2984	13
2985	10
2986	15
2987	16
2988	15
2989	15
2990	16
2991	11
2992	10
2993	13
2994	16
2995	11
2996	10
2997	15
2998	14
2999	17
3000	15
3001	13
3002	12
3003	15
3004	17
3005	21
3006	14
3007	20
3008	15
3009	6
3010	17
3011	11
3012	15
3013	15
3014	16
3015	19
3016	10
3017	12
3018	12
3019	16
3020	16
3021	20
3022	20
3023	26
3024	18
3025	15
3026	15
3027	15
3028	16
3029	15
3030	19
3031	17
3032	10
3033	17
3034	24
3035	13
3036	19
3037	19
3038	18
3039	18
3040	16
3041	15
3042	22
3043	22
3044	21
3045	19
3046	11
3047	15
3048	14
3049	25
3050	12
3051	22
3052	15
3053	20
3054	23
3055	13
3056	15
3057	18
3058	14
3059	14
3060	28
3061	14
3062	17
3063	16
3064	11
3065	14
3066	15
3067	15
3068	22
3069	17
3070	29
3071	23
3072	23
3073	22
3074	24
3075	19
3076	24
3077	25
3078	17
3079	19
3080	14
3081	20
3082	19
3083	15
3084	19
3085	19
3086	18
3087	18
3088	16
3089	30
3090	19
3091	11
3092	18
3093	19
3094	24
3095	19
3096	23
3097	9
3098	18
3099	14
3100	16
3101	23
3102	14
3103	18
3104	22
3105	24
3106	24
3107	17
3108	20
3109	22
3110	24
3111	21
3112	15
3113	13
3114	18
3115	19
3116	16
3117	17
3118	25
3119	17
3120	13
3121	27
3122	17
3123	22
3124	22
3125	24
3126	24
3127	25
3128	19
3129	23
3130	19
3131	24
3132	20
3133	26
3134	20
3135	22
3136	22
3137	22
3138	26
3139	26
3140	17
3141	26
3142	23
3143	26
3144	19
3145	21
3146	22
3147	22
3148	25
3149	19
3150	16
3151	26
3152	17
3153	16
3154	23
3155	16
3156	21
3157	33
3158	16
3159	17
3160	23
3161	26
3162	21
3163	27
3164	17
3165	22
3166	20
3167	16
3168	22
3169	24
3170	21
3171	26
3172	23
3173	16
3174	19
3175	20
3176	20
3177	23
3178	23
3179	20
3180	26
3181	26
3182	29
3183	23
3184	39
3185	21
3186	19
3187	28
3188	24
3189	29
3190	28
3191	24
3192	28
3193	22
3194	25
3195	16
3196	20
3197	24
3198	28
3199	17
3200	23
3201	20
3202	24
3203	24
3204	34
3205	25
3206	21
3207	26
3208	21
3209	20
3210	24
3211	24
3212	21
3213	21
3214	32
3215	21
3216	24
3217	19
3218	14
3219	17
3220	19
3221	27
3222	23
3223	27
3224	25
3225	18
3226	18
3227	21
3228	27
3229	27
3230	22
3231	27
3232	22
3233	18
3234	23
3235	23
3236	38
3237	23
3238	23
3239	15
3240	28
3241	21
3242	18
3243	24
3244	31
3245	24
3246	18
3247	27
3248	24
3249	24
3250	25
3251	25
3252	30
3253	25
3254	20
3255	29
3256	23
3257	18
3258	33
3259	16
3260	24
3261	22
3262	18
3263	15
3264	26
3265	18
3266	32
3267	25
3268	18
3269	30
3270	33
3271	22
3272	31
3273	28
3274	21
3275	19
3276	22
3277	22
3278	17
3279	16
3280	24
3281	29
3282	18
3283	18
3284	28
3285	29
3286	31
3287	17
3288	29
3289	16
3290	17
3291	20
3292	22
3293	22
3294	21
3295	35
3296	20
3297	31
3298	23
3299	28
3300	19
3301	26
3302	23
3303	19
3304	31
3305	25
3306	40
3307	19
3308	38
3309	23
3310	27
3311	18
3312	28
3313	21
3314	18
3315	23
3316	19
3317	23
3318	23
3319	31
3320	26
3321	27
3322	25
3323	23
3324	26
3325	22
3326	20
3327	23
3328	19
3329	28
3330	20
3331	21
3332	26
3333	20
3334	24
3335	22
3336	21
3337	24
3338	32
3339	15
3340	18
3341	22
3342	26
3343	23
3344	17
3345	21
3346	28
3347	23
3348	36
3349	21
3350	22
3351	21
3352	20
3353	22
3354	24
3355	22
3356	20
3357	20
3358	25
3359	17
3360	23
3361	21
3362	23
3363	15
3364	25
3365	14
3366	16
3367	14
3368	19
3369	23
3370	14
3371	20
3372	18
3373	29
3374	19
3375	23
3376	17
3377	28
3378	24
3379	31
3380	20
3381	24
3382	20
3383	22
3384	25
3385	18
3386	30
3387	23
3388	17
3389	24
3390	17
3391	23
3392	15
3393	23
3394	24
3395	19
3396	19
3397	20
3398	28
3399	26
3400	21
3401	20
3402	18
3403	23
3404	27
3405	22
3406	19
3407	19
3408	16
3409	20
3410	23
3411	20
3412	12
3413	13
3414	19
3415	17
3416	27
3417	12
3418	19
3419	18
3420	17
3421	23
3422	19
3423	20
3424	18
3425	17
3426	27
3427	28
3428	20
3429	33
3430	17
3431	17
3432	15
3433	21
3434	15
3435	19
3436	16
3437	21
3438	23
3439	19
3440	27
3441	16
3442	25
3443	15
3444	16
3445	16
3446	15
3447	27
3448	14
3449	24
3450	19
3451	23
3452	11
3453	20
3454	13
3455	13
3456	17
3457	18
3458	11
3459	11
3460	17
3461	15
3462	16
3463	17
3464	23
3465	17
3466	15
3467	19
3468	25
3469	19
3470	24
3471	18
3472	17
3473	16
3474	17
3475	22
3476	19
3477	12
3478	16
3479	20
3480	18
3481	17
3482	19
3483	14
3484	21
3485	16
3486	14
3487	18
3488	17
3489	20
3490	13
3491	13
3492	16
3493	16
3494	16
3495	11
3496	13
3497	17
3498	21
3499	15
3500	20
3501	16
3502	24
3503	12
3504	19
3505	10
3506	12
3507	13
3508	22
3509	10
3510	11
3511	12
3512	12
3513	13
3514	11
3515	15
3516	10
3517	23
3518	12
3519	14
3520	16
3521	16
3522	18
3523	12
3524	6
3525	16
3526	11
3527	12
3528	15
3529	18
3530	16
3531	12
3532	15
3533	15
3534	22
3535	11
3536	11
3537	14
3538	15
3539	11
3540	12
3541	12
3542	14
3543	15
3544	12
3545	11
3546	8
3547	13
3548	14
3549	11
3550	16
3551	10
3552	12
3553	12
3554	12
3555	13
3556	12
3557	11
3558	9
3559	8
3560	17
3561	11
3562	18
3563	17
3564	12
3565	15
3566	18
3567	11
3568	14
3569	13
3570	11
3571	16
3572	18
3573	11
3574	3
3575	9
3576	10
3577	8
3578	13
3579	6
3580	9
3581	16
3582	15
3583	5
3584	14
3585	4
3586	9
3587	21
3588	10
3589	12
3590	12
3591	11
3592	9
3593	10
3594	10
3595	13
3596	9
3597	10
3598	11
3599	3
3600	11
3601	10
3602	6
3603	11
3604	14
3605	4
3606	12
3607	8
3608	12
3609	8
3610	10
3611	6
3612	8
3613	8
3614	13
3615	4
3616	15
3617	11
3618	11
3619	6
3620	6
3621	13
3622	10
3623	10
3624	7
3625	9
3626	12
3627	13
3628	9
3629	11
3630	5
3631	9
3632	6
3633	9
3634	10
3635	5
3636	9
3637	9
3638	7
3639	14
3640	6
3641	6
3642	7
3643	11
3644	7
3645	7
3646	8
3647	11
3648	13
3649	11
3650	7
3651	7
3652	11
3653	11
3654	9
3655	5
3656	9
3657	10
3658	6
3659	8
3660	7
3661	8
3662	11
3663	5
3664	8
3665	8
3666	5
3667	2
3668	6
3669	10
3670	9
3671	5
3672	9
3673	9
3674	1
3675	4
3676	10
3677	3
3678	9
3679	8
3680	10
3681	4
3682	8
3683	5
3684	2
3685	8
3686	6
3687	7
3688	5
3689	12
3690	5
3691	4
3692	7
3693	11
3694	12
3695	7
3696	11
3697	2
3698	13
3699	7
3700	4
3701	2
3702	6
3703	4
3704	3
3705	7
3706	5
3707	10
3708	11
3709	13
3710	3
3711	7
3712	4
3713	9
3714	7
3715	5
3716	7
3717	6
3718	4
3719	7
3720	9
3721	4
3722	3
3723	1
3724	8
3725	6
3726	6
3727	9
3728	8
3729	5
3730	4
3731	6
3732	8
3733	4
3734	3
3735	8
3736	5
3737	7
3738	6
3739	3
3740	9
3741	7
3742	9
3743	10
3744	7
3745	5
3746	13
3747	4
3748	3
3749	8
3750	8
3751	8
3752	6
3753	3
3754	5
3755	6
3756	4
3757	2
3758	8
3759	2
3760	10
3761	2
3762	4
3763	7
3764	9
3765	5
3766	8
3767	5
3768	6
3769	5
3770	0
3771	9
3772	4
3773	5
3774	3
3775	11
3776	5
3777	7
3778	9
3779	7
3780	10
3781	6
3782	8
3783	3
3784	9
3785	7
3786	7
3787	3
3788	5
3789	2
3790	9
3791	6
3792	8
3793	6
3794	6
3795	8
3796	5
3797	4
3798	10
3799	6
3800	5
3801	4
3802	1
3803	6
3804	8
3805	5
3806	2
3807	4
3808	4
3809	10
3810	3
3811	11
3812	6
3813	8
3814	3
3815	5
3816	7
3817	5
3818	7
3819	6
3820	1
3821	7
3822	5
3823	8
3824	4
3825	6
3826	3
3827	4
3828	4
3829	1
3830	7
3831	2
3832	5
3833	3
3834	6
3835	8
3836	3
3837	7
3838	7
3839	11
3840	1
3841	5
3842	5
3843	4
3844	3
3845	5
3846	5
3847	6
3848	3
3849	7
3850	4
3851	4
3852	3
3853	4
3854	3
3855	5
3856	7
3857	8
3858	7
3859	6
3860	3
3861	4
3862	6
3863	6
3864	7
3865	6
3866	4
3867	10
3868	5
3869	5
3870	4
3871	7
3872	12
3873	3
3874	7
3875	5
3876	5
3877	5
3878	9
3879	8
3880	5
3881	4
3882	6
3883	9
3884	3
3885	5
3886	5
3887	3
3888	8
3889	7
3890	2
3891	5
3892	9
3893	8
3894	3
3895	5
3896	4
3897	6
3898	3
3899	7
3900	8
3901	4
3902	7
3903	8
3904	3
3905	4
3906	4
3907	2
3908	4
3909	5
3910	4
3911	3
3912	10
3913	4
3914	2
3915	3
3916	5
3917	4
3918	7
3919	4
3920	2
3921	7
3922	5
3923	2
3924	7
3925	9
3926	5
3927	4
3928	2
3929	9
3930	5
3931	5
3932	4
3933	4
3934	6
3935	4
3936	5
3937	4
3938	6
3939	1
3940	8
3941	4
3942	3
3943	3
3944	8
3945	5
3946	6
3947	1
3948	2
3949	6
3950	5
3951	2
3952	4
3953	10
3954	7
3955	5
3956	2
3957	5
3958	5
3959	5
3960	2
3961	3
3962	4
3963	6
3964	2
3965	5
3966	4
3967	5
3968	10
3969	3
3970	1
3971	6
3972	3
3973	1
3974	7
3975	7
3976	2
3977	5
3978	4
3979	7
3980	2
3981	4
3982	4
3983	7
3984	7
3985	9
3986	3
3987	3
3988	8
3989	2
3990	4
3991	4
3992	4
3993	1
3994	7
3995	5
3996	4
3997	5
3998	2
3999	5
4000	4
4001	4
4002	5
4003	3
4004	6
4005	2
4006	7
4007	6
4008	2
4009	1
4010	4
4011	6
4012	6
4013	7
4014	3
4015	6
4016	8
4017	4
4018	3
4019	6
4020	5
4021	4
4022	5
4023	5
4024	8
4025	6
4026	4
4027	5
4028	3
4029	6
4030	5
4031	5
4032	6
4033	5
4034	3
4035	3
4036	4
4037	5
4038	5
4039	2
4040	6
4041	3
4042	2
4043	4
4044	4
4045	3
4046	2
4047	2
4048	2
4049	5
4050	2
4051	5
4052	6
4053	1
4054	4
4055	1
4056	4
4057	3
4058	3
4059	4
4060	3
4061	3
4062	3
4063	6
4064	5
4065	5
4066	2
4067	12
4068	3
4069	3
4070	7
4071	6
4072	5
4073	4
4074	1
4075	4
4076	4
4077	5
4078	6
4079	6
4080	2
4081	3
4082	2
4083	5
4084	5
4085	2
4086	2
4087	8
4088	5
4089	5
4090	1
4091	4
4092	5
4093	4
4094	4
4095	6
4096	1
4097	1
4098	3
4099	6
4100	5
4101	3
4102	7
4103	1
4104	5
4105	3
4106	3
4107	7
4108	6
4109	8
4110	6
4111	4
4112	4
4113	4
4114	5
4115	2
4116	1
4117	3
4118	3
4119	2
4120	4
4121	7
4122	5
4123	2
4124	3
4125	5
4126	4
4127	4
4128	5
4129	2
4130	4
4131	3
4132	4
4133	7
4134	2
4135	4
4136	6
4137	6
4138	3
4139	5
4140	8
4141	5
4142	7
4143	6
4144	4
4145	2
4146	6
4147	2
4148	7
4149	6
4150	10
4151	2
4152	6
4153	8
4154	7
4155	3
4156	5
4157	9
4158	3
4159	5
4160	6
4161	3
4162	2
4163	5
4164	7
4165	2
4166	4
4167	4
4168	3
4169	3
4170	5
4171	3
4172	4
4173	3
4174	4
4175	4
4176	4
4177	7
4178	5
4179	2
4180	7
4181	3
4182	2
4183	2
4184	7
4185	3
4186	4
4187	6
4188	7
4189	4
4190	3
4191	3
4192	3
4193	3
4194	3
4195	2
4196	7
4197	3
4198	2
4199	2
4200	5
4201	4
4202	4
4203	3
4204	4
4205	9
4206	10
4207	3
4208	6
4209	5
4210	3
4211	5
4212	5
4213	4
4214	4
4215	8
4216	2
4217	8
4218	4
4219	3
4220	3
4221	7
4222	6
4223	7
4224	7
4225	8
4226	3
4227	6
4228	7
4229	4
4230	5
4231	5
4232	5
4233	5
4234	7
4235	6
4236	4
4237	1
4238	3
4239	1
4240	3
4241	4
4242	6
4243	2
4244	4
4245	2
4246	4
4247	1
4248	6
4249	2
4250	11
4251	2
4252	9
4253	2
4254	7
4255	5
4256	2
4257	3
4258	5
4259	4
4260	5
4261	6
4262	3
4263	8
4264	7
4265	4
4266	5
4267	1
4268	1
4269	3
4270	9
4271	1
4272	4
4273	6
4274	4
4275	2
4276	4
4277	3
4278	8
4279	9
4280	4
4281	4
4282	6
4283	3
4284	6
4285	4
4286	7
4287	2
4288	3
4289	7
4290	3
4291	2
4292	2
4293	3
4294	9
4295	4
4296	3
4297	6
4298	0
4299	3
4300	0
4301	1
4302	2
4303	4
4304	0
4305	3
4306	3
4307	2
4308	3
4309	2
4310	1
4311	1
4312	5
4313	5
4314	4
4315	3
4316	4
4317	2
4318	4
4319	3
4320	3
4321	2
4322	8
4323	1
4324	0
4325	1
4326	2
4327	3
4328	6
4329	4
4330	11
4331	0
4332	2
4333	6
4334	4
4335	3
4336	3
4337	1
4338	5
4339	2
4340	3
4341	0
4342	3
4343	2
4344	5
4345	6
4346	1
4347	6
4348	5
4349	1
4350	7
4351	0
4352	5
4353	4
4354	1
4355	5
4356	3
4357	7
4358	4
4359	6
4360	2
4361	0
4362	4
4363	4
4364	3
4365	4
4366	2
4367	5
4368	2
4369	5
4370	4
4371	2
4372	4
4373	3
4374	5
4375	7
4376	2
4377	2
4378	3
4379	1
4380	3
4381	3
4382	5
4383	3
4384	4
4385	4
4386	1
4387	3
4388	2
4389	2
4390	3
4391	5
4392	4
4393	5
4394	4
4395	3
4396	3
4397	4
4398	6
4399	1
4400	1
4401	3
4402	3
4403	2
4404	5
4405	2
4406	0
4407	2
4408	4
4409	1
4410	3
4411	4
4412	3
4413	4
4414	2
4415	7
4416	2
4417	1
4418	5
4419	1
4420	7
4421	4
4422	2
4423	3
4424	3
4425	5
4426	4
4427	4
4428	6
4429	4
4430	2
4431	2
4432	8
4433	4
4434	3
4435	5
4436	3
4437	3
4438	6
4439	2
4440	3
4441	2
4442	5
4443	5
4444	2
4445	4
4446	2
4447	6
4448	5
4449	1
4450	2
4451	6
4452	1
4453	2
4454	1
4455	4
4456	3
4457	6
4458	6
4459	1
4460	0
4461	5
4462	3
4463	7
4464	1
4465	2
4466	2
4467	4
4468	2
4469	6
4470	0
4471	3
4472	2
4473	2
4474	3
4475	1
4476	4
4477	3
4478	1
4479	4
4480	1
4481	2
4482	4
4483	1
4484	2
4485	2
4486	0
4487	3
4488	2
4489	5
4490	3
4491	8
4492	1
4493	1
4494	4
4495	1
4496	5
4497	2
4498	4
4499	5
4500	2
4501	5
4502	1
4503	1
4504	5
4505	2
4506	3
4507	2
4508	2
4509	4
4510	3
4511	8
4512	1
4513	3
4514	2
4515	4
4516	4
4517	4
4518	3
4519	1
4520	3
4521	1
4522	9
4523	4
4524	5
4525	4
4526	2
4527	3
4528	2
4529	2
4530	3
4531	3
4532	4
4533	3
4534	3
4535	3
4536	3
4537	2
4538	5
4539	0
4540	2
4541	8
4542	1
4543	3
4544	2
4545	5
4546	2
4547	4
4548	2
4549	3
4550	3
4551	3
4552	3
4553	2
4554	4
4555	3
4556	2
4557	3
4558	2
4559	1
4560	6
4561	2
4562	4
4563	0
4564	3
4565	2
4566	2
4567	4
4568	1
4569	5
4570	4
4571	2
4572	0
4573	1
4574	0
4575	5
4576	3
4577	4
4578	3
4579	4
4580	3
4581	3
4582	1
4583	4
4584	2
4585	2
4586	3
4587	2
4588	2
4589	3
4590	1
4591	2
4592	3
4593	3
4594	5
4595	2
4596	5
4597	5
4598	3
4599	3
4600	3
4601	1
4602	1
4603	0
4604	6
4605	3
4606	3
4607	1
4608	3
4609	2
4610	3
4611	6
4612	1
4613	4
4614	1
4615	0
4616	0
4617	2
4618	2
4619	5
4620	4
4621	4
4622	2
4623	2
4624	4
4625	2
4626	5
4627	4
4628	0
4629	2
4630	6
4631	2
4632	1
4633	2
4634	1
4635	2
4636	3
4637	1
4638	4
4639	3
4640	2
4641	1
4642	1
4643	2
4644	2
4645	2
4646	1
4647	4
4648	5
4649	3
4650	1
4651	2
4652	3
4653	0
4654	0
4655	0
4656	6
4657	6
4658	1
4659	4
4660	4
4661	1
4662	5
4663	3
4664	3
4665	4
4666	4
4667	3
4668	3
4669	4
4670	3
4671	3
4672	0
4673	4
4674	4
4675	4
4676	1
4677	0
4678	1
4679	2
4680	1
4681	2
4682	0
4683	4
4684	4
4685	4
4686	3
4687	4
4688	2
4689	1
4690	0
4691	4
4692	3
4693	5
4694	4
4695	8
4696	3
4697	1
4698	3
4699	4
4700	0
4701	0
4702	2
4703	3
4704	2
4705	1
4706	5
4707	1
4708	3
4709	1
4710	2
4711	2
4712	4
4713	0
4714	4
4715	0
4716	3
4717	0
4718	2
4719	0
4720	3
4721	2
4722	2
4723	2
4724	4
4725	3
4726	4
4727	2
4728	2
4729	1
4730	1
4731	1
4732	4
4733	3
4734	5
4735	0
4736	3
4737	2
4738	2
4739	3
4740	2
4741	2
4742	5
4743	0
4744	1
4745	6
4746	2
4747	2
4748	3
4749	2
4750	3
4751	2
4752	1
4753	3
4754	2
4755	2
4756	0
4757	3
4758	2
4759	5
4760	3
4761	4
4762	1
4763	4
4764	1
4765	1
4766	0
4767	5
4768	2
4769	2
4770	4
4771	2
4772	0
4773	2
4774	2
4775	1
4776	1
4777	0
4778	3
4779	1
4780	0
4781	1
4782	3
4783	2
4784	0
4785	0
4786	1
4787	1
4788	1
4789	1
4790	2
4791	0
4792	2
4793	2
4794	1
4795	1
4796	2
4797	3
4798	1
4799	2
4800	1
4801	4
4802	0
4803	2
4804	5
4805	4
4806	1
4807	4
4808	3
4809	1
4810	5
4811	1
4812	2
4813	3
4814	2
4815	2
4816	3
4817	0
4818	2
4819	1
4820	2
4821	2
4822	2
4823	3
4824	3
4825	0
4826	1
4827	4
4828	1
4829	3
4830	1
4831	0
4832	2
4833	1
4834	2
4835	1
4836	0
4837	1
4838	2
4839	1
4840	1
4841	5
4842	1
4843	0
4844	2
4845	4
4846	3
4847	2
4848	1
4849	2
4850	1
4851	2
4852	2
4853	2
4854	2
4855	1
4856	0
4857	3
4858	2
4859	0
4860	1
4861	5
4862	2
4863	8
4864	1
4865	1
4866	2
4867	2
4868	5
4869	0
4870	1
4871	0
4872	1
4873	1
4874	2
4875	3
4876	1
4877	0
4878	0
4879	0
4880	1
4881	1
4882	2
4883	0
4884	1
4885	3
4886	0
4887	0
4888	1
4889	0
4890	1
4891	3
4892	1
4893	1
4894	1
4895	0
4896	2
4897	1
4898	0
4899	0
4900	1
4901	0
4902	6
4903	1
4904	2
4905	1
4906	0
4907	1
4908	1
4909	0
4910	3
4911	2
4912	0
4913	1
4914	0
4915	2
4916	3
4917	1
4918	0
4919	0
4920	1
4921	2
4922	0
4923	1
4924	0
4925	0
4926	0
4927	2
4928	2
4929	1
4930	0
4931	2
4932	0
4933	0
4934	0
4935	1
4936	2
4937	0
4938	0
4939	2
4940	1
4941	1
4942	1
4943	0
4944	2
4945	1
4946	2
4947	1
4948	0
4949	5
4950	1
4951	2
4952	1
4953	0
4954	2
4955	1
4956	1
4957	1
4958	0
4959	1
4960	0
4961	0
4962	1
4963	0
4964	0
4965	3
4966	0
4967	0
4968	0
4969	0
4970	1
4971	3
4972	1
4973	0
4974	1
4975	2
4976	0
4977	0
4978	1
4979	1
4980	1
4981	1
4982	2
4983	0
4984	1
4985	3
4986	2
4987	0
4988	0
4989	3
4990	0
4991	1
4992	0
4993	1
4994	1
4995	1
4996	0
4997	1
4998	1
4999	1
5000	2
5001	1
5002	1
5003	1
5004	1
5005	0
5006	0
5007	0
5008	0
5009	1
5010	2
5011	1
5012	1
5013	0
5014	0
5015	1
5016	0
5017	0
5018	0
5019	1
5020	1
5021	1
5022	2
5023	1
5024	1
5025	1
5026	0
5027	2
5028	1
5029	0
5030	0
5031	1
5032	1
5033	0
5034	0
5035	2
5036	1
5037	1
5038	0
5039	0
5040	0
5041	0
5042	0
5043	0
5044	0
5045	0
5046	0
5047	0
5048	0
5049	0
5050	0
5051	0
5052	1
5053	0
5054	2
5055	1
5056	2
5057	0
5058	1
5059	2
5060	1
5061	0
5062	0
5063	0
5064	1
5065	1
5066	0
5067	0
5068	2
5069	0
5070	0
5071	3
5072	0
5073	1
5074	3
5075	2
5076	3
5077	0
5078	1
5079	1
5080	0
5081	2
5082	0
5083	0
5084	0
5085	0
5086	0
5087	0
5088	0
5089	1
5090	0
5091	1
5092	1
5093	0
5094	1
5095	1
5096	0
5097	2
5098	0
5099	0
5100	1
5101	1
5102	1
5103	2
5104	0
5105	1
5106	0
5107	0
5108	0
5109	0
5110	0
5111	1
5112	2
5113	2
5114	0
5115	1
5116	0
5117	1
5118	1
5119	1
5120	1
5121	1
5122	0
5123	0
5124	1
5125	0
5126	0
5127	0
5128	0
5129	0
5130	0
5131	1
5132	1
5133	0
5134	0
5135	0
5136	0
5137	0
5138	0
5139	0
5140	0
5141	0
5142	0
5143	2
5144	0
5145	0
5146	0
5147	1
5148	1
5149	1
5150	0
5151	0
5152	1
5153	0
5154	0
5155	1
5156	1
5157	2
5158	1
5159	1
5160	0
5161	0
5162	0
5163	0
5164	0
5165	0
5166	0
5167	2
5168	2
5169	1
5170	0
5171	0
5172	1
5173	2
5174	2
5175	2
5176	0
5177	0
5178	1
5179	1
5180	0
5181	1
5182	0
5183	0
5184	2
5185	0
5186	0
5187	2
5188	1
5189	0
5190	1
5191	0
5192	0
5193	2
5194	4
5195	0
5196	0
5197	0
5198	1
5199	2
5200	1
5201	1
5202	0
5203	1
5204	0
5205	2
5206	4
5207	0
5208	0
5209	2
5210	0
5211	0
5212	0
5213	1
5214	0
5215	1
5216	1
5217	1
5218	1
5219	0
5220	1
5221	1
5222	1
5223	0
5224	0
5225	0
5226	0
5227	2
5228	1
5229	0
5230	1
5231	1
5232	0
5233	1
5234	0
5235	0
5236	1
5237	0
5238	1
5239	0
5240	0
5241	0
5242	0
5243	0
5244	1
5245	0
5246	0
5247	0
5248	1
5249	1
5250	1
5251	0
5252	1
5253	0
5254	0
5255	2
5256	0
5257	1
5258	1
5259	0
5260	0
5261	2
5262	0
5263	2
5264	0
5265	0
5266	0
5267	0
5268	0
5269	1
5270	0
5271	1
5272	0
5273	1
5274	1
5275	0
5276	0
5277	1
5278	1
5279	1
5280	1
5281	0
5282	0
5283	0
5284	0
5285	2
5286	0
5287	0
5288	1
5289	0
5290	0
5291	1
5292	1
5293	1
5294	0
5295	0
5296	0
5297	1
5298	0
5299	0
5300	1
5301	0
5302	0
5303	0
5304	1
5305	1
5306	0
5307	1
5308	0
5309	0
5310	0
5311	1
5312	0
5313	0
5314	1
5315	0
5316	1
5317	1
5318	2
5319	0
5320	0
5321	1
5322	0
5323	0
5324	0
5325	2
5326	0
5327	0
5328	0
5329	0
5330	0
5331	1
5332	0
5333	1
5334	0
5335	0
5336	1
5337	0
5338	0
5339	1
5340	1
5341	0
5342	0
5343	2
5344	0
5345	0
5346	0
5347	0
5348	0
5349	1
5350	2
5351	0
5352	0
5353	1
5354	1
5355	1
5356	0
5357	0
5358	0
5359	0
5360	0
5361	1
5362	0
5363	0
5364	2
5365	1
5366	0
5367	2
5368	0
5369	1
5370	0
5371	0
5372	0
5373	1
5374	1
5375	0
5376	0
5377	0
5378	0
5379	0
5380	1
5381	0
5382	1
5383	0
5384	1
5385	0
5386	0
5387	0
5388	2
5389	2
5390	2
5391	0
5392	0
5393	1
5394	0
5395	0
5396	1
5397	0
5398	1
5399	0
5400	0
5401	0
5402	1
5403	0
5404	2
5405	2
5406	0
5407	1
5408	0
5409	1
5410	1
5411	1
5412	1
5413	2
5414	0
5415	1
5416	0
5417	1
5418	1
5419	0
5420	0
5421	0
5422	0
5423	3
5424	1
5425	0
5426	1
5427	1
5428	0
5429	0
5430	0
5431	0
5432	0
5433	0
5434	0
5435	3
5436	0
5437	1
5438	1
5439	2
5440	0
5441	1
5442	2
5443	1
5444	0
5445	0
5446	0
5447	1
5448	1
5449	0
5450	0
5451	0
5452	1
5453	0
5454	2
5455	0
5456	1
5457	0
5458	0
5459	0
5460	0
5461	0
5462	0
5463	1
5464	0
5465	0
5466	1
5467	0
5468	0
5469	1
5470	0
5471	0
5472	1
5473	1
5474	3
5475	0
5476	0
5477	0
5478	0
5479	0
5480	1
5481	0
5482	0
5483	0
5484	0
5485	1
5486	0
5487	0
5488	0
5489	1
5490	0
5491	0
5492	0
5493	0
5494	2
5495	0
5496	0
5497	0
5498	0
5499	1
5500	1
5501	1
5502	1
5503	0
5504	0
5505	1
5506	1
5507	0
5508	1
5509	1
5510	0
5511	1
5512	1
5513	0
5514	0
5515	2
5516	0
5517	2
5518	0
5519	0
5520	1
5521	0
5522	1
5523	2
5524	0
5525	0
5526	1
5527	0
5528	0
5529	2
5530	0
5531	2
5532	0
5533	3
5534	1
5535	0
5536	0
5537	1
5538	1
5539	1
5540	0
5541	0
5542	0
5543	1
5544	1
5545	0
5546	0
5547	0
5548	0
5549	0
5550	0
5551	1
5552	0
5553	1
5554	0
5555	1
5556	3
5557	3
5558	1
5559	0
5560	2
5561	0
5562	0
5563	0
5564	0
5565	0
5566	1
5567	1
5568	0
5569	2
5570	0
5571	0
5572	0
5573	2
5574	0
5575	0
5576	0
5577	2
5578	1
5579	0
5580	2
5581	1
5582	1
5583	2
5584	1
5585	1
5586	0
5587	0
5588	0
5589	2
5590	0
5591	0
5592	0
5593	3
5594	0
5595	0
5596	1
5597	0
5598	0
5599	0
5600	0
5601	0
5602	1
5603	1
5604	1
5605	0
5606	0
5607	0
5608	1
5609	2
5610	0
5611	0
5612	0
5613	1
5614	2
5615	1
5616	0
5617	0
5618	1
5619	1
5620	0
5621	1
5622	1
5623	0
5624	0
5625	0
5626	0
5627	0
5628	0
5629	1
5630	0
5631	1
5632	0
5633	1
5634	0
5635	0
5636	1
5637	1
5638	0
5639	0
5640	0
5641	1
5642	2
5643	0
5644	1
5645	1
5646	0
5647	1
5648	0
5649	0
5650	0
5651	0
5652	1
5653	0
5654	1
5655	1
5656	0
5657	0
5658	1
5659	0
5660	0
5661	0
5662	2
5663	1
5664	1
5665	2
5666	0
5667	0
5668	0
5669	0
5670	0
5671	3
5672	1
5673	0
5674	1
5675	1
5676	0
5677	0
5678	0
5679	0
5680	0
5681	0
5682	2
5683	2
5684	0
5685	0
5686	1
5687	0
5688	0
5689	1
5690	0
5691	0
5692	0
5693	0
5694	0
5695	2
5696	0
5697	1
5698	1
5699	0
5700	1
5701	0
5702	0
5703	0
5704	2
5705	2
5706	0
5707	0
5708	0
5709	2
5710	1
5711	0
5712	1
5713	0
5714	1
5715	0
5716	0
5717	0
5718	0
5719	1
5720	1
5721	0
5722	0
5723	0
5724	0
5725	1
5726	0
5727	0
5728	1
5729	0
5730	0
5731	0
5732	0
5733	0
5734	0
5735	1
5736	0
5737	2
5738	0
5739	1
5740	1
5741	0
5742	1
5743	0
5744	1
5745	0
5746	1
5747	0
5748	0
5749	0
5750	0
5751	1
5752	0
5753	1
5754	0
5755	2
5756	0
5757	2
5758	0
5759	0
5760	0
5761	0
5762	0
5763	2
5764	1
5765	0
5766	2
5767	2
5768	0
5769	1
5770	0
5771	0
5772	0
5773	1
5774	0
5775	0
5776	0
5777	2
5778	0
5779	0
5780	1
5781	0
5782	2
5783	0
5784	1
5785	1
5786	1
5787	2
5788	1
5789	1
5790	1
5791	0
5792	1
5793	0
5794	0
5795	0
5796	1
5797	0
5798	1
5799	2
5800	0
5801	0
5802	0
5803	0
5804	1
5805	0
5806	0
5807	0
5808	0
5809	0
5810	1
5811	0
5812	0
5813	1
5814	0
5815	0
5816	0
5817	0
5818	0
5819	0
5820	0
5821	0
5822	0
5823	1
5824	0
5825	0
5826	2
5827	0
5828	0
5829	0
5830	0
5831	1
5832	0
5833	0
5834	0
5835	1
5836	0
5837	1
5838	1
5839	0
5840	0
5841	0
5842	0
5843	0
5844	0
5845	0
5846	0
5847	0
5848	1
5849	1
5850	2
5851	0
5852	0
5853	0
5854	0
5855	2
5856	0
5857	0
5858	0
5859	0
5860	0
5861	0
5862	1
5863	0
5864	0
5865	1
5866	0
5867	0
5868	0
5869	0
5870	0
5871	1
5872	0
5873	1
5874	1
5875	0
5876	0
5877	2
5878	0
5879	0
5880	0
5881	1
5882	0
5883	1
5884	0
5885	1
5886	0
5887	0
5888	2
5889	0
5890	0
5891	0
5892	1
5893	0
5894	0
5895	0
5896	0
5897	0
5898	1
5899	1
5900	1
5901	0
5902	0
5903	0
5904	1
5905	0
5906	1
5907	1
5908	0
5909	1
5910	0
5911	0
5912	1
5913	2
5914	0
5915	1
5916	1
5917	0
5918	0
5919	0
5920	0
5921	2
5922	1
5923	0
5924	0
5925	0
5926	0
5927	0
5928	0
5929	1
5930	1
5931	1
5932	1
5933	1
5934	1
5935	1
5936	0
5937	0
5938	0
5939	1
5940	1
5941	0
5942	2
5943	0
5944	0
5945	0
5946	0
5947	2
5948	0
5949	0
5950	2
5951	0
5952	0
5953	0
5954	1
5955	0
5956	1
5957	1
5958	0
5959	0
5960	1
5961	0
5962	1
5963	0
5964	3
5965	1
5966	1
5967	0
5968	1
5969	0
5970	0
5971	0
5972	2
5973	0
5974	0
5975	1
5976	0
5977	0
5978	0
5979	0
5980	1
5981	0
5982	0
5983	0
5984	0
5985	1
5986	1
5987	0
5988	0
5989	0
5990	1
5991	0
5992	1
5993	0
5994	0
5995	1
5996	0
5997	0
5998	0
5999	0
6000	1
6001	0
6002	1
6003	0
6004	1
6005	0
6006	0
6007	0
6008	1
6009	0
6010	1
6011	1
6012	0
6013	1
6014	0
6015	1
6016	0
6017	0
6018	2
6019	1
6020	1
6021	0
6022	0
6023	1
6024	0
6025	0
6026	1
6027	0
6028	0
6029	0
6030	1
6031	0
6032	0
6033	1
6034	0
6035	0
6036	0
6037	0
6038	1
6039	1
6040	1
6041	0
6042	0
6043	0
6044	0
6045	0
6046	0
6047	0
6048	0
6049	2
6050	1
6051	0
6052	0
6053	0
6054	1
6055	1
6056	1
6057	0
6058	0
6059	0
6060	0
6061	0
6062	1
6063	2
6064	0
6065	1
6066	1
6067	1
6068	0
6069	0
6070	1
6071	0
6072	0
6073	0
6074	0
6075	0
6076	1
6077	1
6078	0
6079	0
6080	0
6081	0
6082	1
6083	0
6084	0
6085	0
6086	0
6087	0
6088	1
6089	1
6090	0
6091	0
6092	1
6093	0
6094	0
6095	0
6096	1
6097	0
6098	0
6099	0
6100	0
6101	0
6102	1
6103	2
6104	0
6105	1
6106	0
6107	1
6108	0
6109	0
6110	0
6111	0
6112	2
6113	2
6114	2
6115	2
6116	0
6117	0
6118	2
6119	0
6120	1
6121	1
6122	1
6123	0
6124	1
6125	0
6126	1
6127	0
6128	1
6129	1
6130	0
6131	0
6132	1
6133	0
6134	0
6135	0
6136	1
6137	0
6138	0
6139	2
6140	0
6141	0
6142	0
6143	0
6144	0
6145	1
6146	0
6147	1
6148	1
6149	0
6150	0
6151	1
6152	0
6153	0
6154	2
6155	1
6156	1
6157	0
6158	0
6159	0
6160	0
6161	0
6162	0
6163	0
6164	0
6165	1
6166	1
6167	1
6168	0
6169	1
6170	0
6171	0
6172	0
6173	0
6174	0
6175	1
6176	0
6177	0
6178	0
6179	0
6180	1
6181	1
6182	1
6183	1
6184	1
6185	1
6186	0
6187	0
6188	1
6189	0
6190	0
6191	0
6192	1
6193	1
6194	1
6195	0
6196	1
6197	1
6198	0
6199	1
6200	1
6201	0
6202	0
6203	0
6204	2
6205	0
6206	0
6207	1
6208	0
6209	0
6210	3
6211	1
6212	0
6213	0
6214	2
6215	1
6216	0
6217	0
6218	0
6219	2
6220	2
6221	0
6222	2
6223	0
6224	0
6225	0
6226	0
6227	1
6228	0
6229	0
6230	0
6231	1
6232	1
6233	1
6234	1
6235	1
6236	0
6237	1
6238	0
6239	3
6240	0
6241	1
6242	0
6243	1
6244	0
6245	0
6246	0
6247	0
6248	0
6249	0
6250	1
6251	2
6252	0
6253	0
6254	1
6255	1
6256	0
6257	0
6258	1
6259	0
6260	0
6261	0
6262	1
6263	1
6264	1
6265	2
6266	0
6267	1
6268	0
6269	0
6270	3
6271	1
6272	0
6273	2
6274	0
6275	0
6276	0
6277	2
6278	1
6279	0
6280	0
6281	3
6282	1
6283	0
6284	0
6285	0
6286	1
6287	0
6288	0
6289	0
6290	1
6291	0
6292	0
6293	0
6294	0
6295	1
6296	0
6297	0
6298	0
6299	0
6300	0
6301	0
6302	2
6303	2
6304	0
6305	0
6306	1
6307	1
6308	0
6309	0
6310	1
6311	2
6312	0
6313	0
6314	0
6315	0
6316	0
6317	1
6318	0
6319	0
6320	0
6321	1
6322	0
6323	0
6324	0
6325	0
6326	1
6327	0
6328	0
6329	0
6330	2
6331	0
6332	0
6333	0
6334	0
6335	1
6336	0
6337	0
6338	1
6339	1
6340	1
6341	0
6342	1
6343	1
6344	2
6345	1
6346	0
6347	0
6348	0
6349	0
6350	0
6351	1
6352	0
6353	1
6354	1
6355	1
6356	1
6357	1
6358	0
6359	0
6360	0
6361	1
6362	1
6363	0
6364	0
6365	1
6366	1
6367	1
6368	0
6369	1
6370	1
6371	0
6372	2
6373	0
6374	0
6375	0
6376	1
6377	1
6378	1
6379	0
6380	0
6381	0
6382	0
6383	0
6384	0
6385	0
6386	0
6387	1
6388	1
6389	0
6390	1
6391	0
6392	0
6393	1
6394	0
6395	0
6396	1
6397	2
6398	2
6399	1
6400	0
6401	0
6402	0
6403	0
6404	1
6405	0
6406	1
6407	0
6408	0
6409	0
6410	0
6411	1
6412	0
6413	0
6414	1
6415	2
6416	3
6417	2
6418	0
6419	2
6420	1
6421	0
6422	0
6423	0
6424	0
6425	1
6426	0
6427	1
6428	0
6429	0
6430	0
6431	0
6432	0
6433	0
6434	0
6435	0
6436	1
6437	0
6438	0
6439	1
6440	0
6441	0
6442	0
6443	1
6444	0
6445	0
6446	0
6447	0
6448	1
6449	0
6450	0
6451	0
6452	0
6453	1
6454	0
6455	0
6456	1
6457	1
6458	0
6459	0
6460	0
6461	1
6462	0
6463	0
6464	0
6465	1
6466	0
6467	1
6468	0
6469	0
6470	0
6471	1
6472	0
6473	0
6474	0
6475	0
6476	0
6477	0
6478	1
6479	0
6480	1
6481	0
6482	0
6483	0
6484	0
6485	0
6486	1
6487	0
6488	0
6489	0
6490	1
6491	0
6492	1
6493	0
6494	0
6495	1
6496	1
6497	0
6498	0
6499	0
6500	0
6501	1
6502	0
6503	1
6504	1
6505	0
6506	0
6507	0
6508	0
6509	1
6510	0
6511	0
6512	0
6513	0
6514	0
6515	0
6516	0
6517	1
6518	1
6519	0
6520	1
6521	0
6522	2
6523	0
6524	0
6525	0
6526	0
6527	1
6528	0
6529	2
6530	1
6531	1
6532	0
6533	1
6534	1
6535	0
6536	0
6537	0
6538	0
6539	0
6540	1
6541	0
6542	1
6543	0
6544	1
6545	1
6546	0
6547	1
6548	0
6549	0
6550	0
6551	0
6552	2
6553	2
6554	0
6555	1
6556	0
6557	0
6558	0
6559	0
6560	0
6561	0
6562	0
6563	0
6564	0
6565	1
6566	1
6567	0
6568	0
6569	1
6570	1
6571	0
6572	0
6573	1
6574	0
6575	0
6576	1
6577	1
6578	1
6579	0
6580	0
6581	1
6582	0
6583	0
6584	1
6585	1
6586	0
6587	1
6588	1
6589	2
6590	2
6591	0
6592	0
6593	0
6594	1
6595	0
6596	1
6597	1
6598	1
6599	0
6600	0
6601	1
6602	0
6603	0
6604	0
6605	0
6606	0
6607	0
6608	0
6609	1
6610	1
6611	1
6612	0
6613	0
6614	0
6615	1
6616	0
6617	1
6618	0
6619	1
6620	0
6621	0
6622	0
6623	1
6624	0
6625	1
6626	2
6627	0
6628	0
6629	0
6630	0
6631	0
6632	0
6633	0
6634	0
6635	1
6636	0
6637	1
6638	1
6639	0
6640	0
6641	0
6642	1
6643	1
6644	1
6645	0
6646	0
6647	1
6648	2
6649	0
6650	0
6651	0
6652	0
6653	0
6654	0
6655	0
6656	0
6657	1
6658	0
6659	0
6660	0
6661	0
6662	1
6663	1
6664	0
6665	0
6666	0
6667	0
6668	0
6669	0
6670	1
6671	2
6672	0
6673	1
6674	0
6675	0
6676	0
6677	1
6678	0
6679	0
6680	1
6681	0
6682	0
6683	1
6684	1
6685	0
6686	0
6687	0
6688	2
6689	0
6690	0
6691	2
6692	1
6693	0
6694	0
6695	0
6696	0
6697	0
6698	0
6699	0
6700	0
6701	0
6702	1
6703	1
6704	1
6705	0
6706	0
6707	0
6708	1
6709	0
6710	0
6711	0
6712	0
6713	0
6714	0
6715	0
6716	0
6717	0
6718	0
6719	0
6720	0
6721	0
6722	0
6723	0
6724	0
6725	0
6726	2
6727	0
6728	2
6729	0
6730	1
6731	0
6732	0
6733	1
6734	0
6735	0
6736	1
6737	0
6738	1
6739	0
6740	0
6741	0
6742	1
6743	0
6744	0
6745	1
6746	0
6747	1
6748	0
6749	0
6750	0
6751	0
6752	0
6753	2
6754	0
6755	0
6756	1
6757	0
6758	0
6759	0
6760	0
6761	0
6762	0
6763	0
6764	1
6765	0
6766	0
6767	0
6768	0
6769	0
6770	1
6771	2
6772	0
6773	1
6774	1
6775	1
6776	0
6777	0
6778	3
6779	0
6780	0
6781	1
6782	0
6783	0
6784	0
6785	0
6786	0
6787	0
6788	0
6789	0
6790	2
6791	1
6792	0
6793	0
6794	0
6795	0
6796	0
6797	0
6798	0
6799	0
6800	0
6801	0
6802	1
6803	0
6804	0
6805	0
6806	0
6807	1
6808	1
6809	0
6810	1
6811	0
6812	0
6813	0
6814	1
6815	1
6816	1
6817	0
6818	0
6819	0
6820	0
6821	1
6822	0
6823	0
6824	0
6825	0
6826	0
6827	0
6828	0
6829	1
6830	0
6831	0
6832	1
6833	0
6834	1
6835	0
6836	0
6837	0
6838	0
6839	0
6840	0
6841	1
6842	1
6843	0
6844	0
6845	0
6846	0
6847	2
6848	1
6849	0
6850	1
6851	0
6852	0
6853	0
6854	1
6855	0
6856	0
6857	0
6858	1
6859	0
6860	1
6861	0
6862	0
6863	0
6864	1
6865	2
6866	0
6867	0
6868	0
6869	1
6870	1
6871	0
6872	0
6873	1
6874	0
6875	0
6876	0
6877	0
6878	0
6879	0
6880	1
6881	0
6882	2
6883	0
6884	2
6885	0
6886	0
6887	0
6888	0
6889	0
6890	1
6891	0
6892	1
6893	0
6894	1
6895	0
6896	0
6897	0
6898	0
6899	0
6900	1
6901	0
6902	3
6903	2
6904	2
6905	0
6906	0
6907	0
6908	1
6909	0
6910	0
6911	3
6912	0
6913	1
6914	0
6915	0
6916	0
6917	1
6918	1
6919	1
6920	0
6921	0
6922	0
6923	0
6924	0
6925	0
6926	2
6927	1
6928	1
6929	0
6930	0
6931	2
6932	0
6933	0
6934	0
6935	0
6936	1
6937	0
6938	0
6939	0
6940	0
6941	0
6942	0
6943	1
6944	0
6945	0
6946	0
6947	0
6948	1
6949	0
6950	0
6951	0
6952	0
6953	0
6954	2
6955	2
6956	1
6957	0
6958	0
6959	0
6960	0
6961	1
6962	0
6963	0
6964	0
6965	0
6966	0
6967	0
6968	1
6969	1
6970	0
6971	0
6972	1
6973	0
6974	1
6975	0
6976	0
6977	1
6978	2
6979	0
6980	1
6981	0
6982	1
6983	0
6984	0
6985	0
6986	1
6987	0
6988	0
6989	0
6990	0
6991	0
6992	1
6993	1
6994	0
6995	0
6996	0
6997	0
6998	1
6999	2
7000	0
7001	0
7002	0
7003	1
7004	0
7005	1
7006	0
7007	1
7008	0
7009	0
7010	0
7011	0
7012	1
7013	1
7014	0
7015	1
7016	0
7017	1
7018	0
7019	1
7020	0
7021	0
7022	1
7023	0
7024	0
7025	0
7026	0
7027	0
7028	1
7029	1
7030	0
7031	0
7032	0
7033	1
7034	0
7035	1
7036	1
7037	0
7038	0
7039	1
7040	0
7041	1
7042	1
7043	1
7044	0
7045	0
7046	0
7047	1
7048	0
7049	0
7050	0
7051	0
7052	0
7053	0
7054	0
7055	0
7056	1
7057	0
7058	0
7059	1
7060	2
7061	0
7062	0
7063	1
7064	2
7065	0
7066	1
7067	1
7068	0
7069	0
7070	0
7071	0
7072	2
7073	0
7074	0
7075	0
7076	0
7077	0
7078	0
7079	0
7080	0
7081	1
7082	0
7083	1
7084	1
7085	0
7086	1
7087	0
7088	0
7089	0
7090	0
7091	0
7092	1
7093	0
7094	1
7095	1
7096	2
7097	0
7098	0
7099	0
7100	1
7101	0
7102	0
7103	0
7104	0
7105	1
7106	0
7107	1
7108	0
7109	1
7110	0
7111	0
7112	0
7113	0
7114	1
7115	0
7116	1
7117	1
7118	0
7119	0
7120	0
7121	0
7122	0
7123	0
7124	0
7125	0
7126	1
7127	0
7128	0
7129	0
7130	0
7131	0
7132	0
7133	1
7134	1
7135	0
7136	1
7137	1
7138	0
7139	0
7140	1
7141	0
7142	0
7143	0
7144	0
7145	0
7146	1
7147	0
7148	0
7149	0
7150	0
7151	1
7152	0
7153	0
7154	0
7155	0
7156	0
7157	0
7158	1
7159	0
7160	2
7161	0
7162	0
7163	0
7164	1
7165	0
7166	0
7167	0
7168	0
7169	0
7170	0
7171	0
7172	0
7173	0
7174	0
7175	0
7176	0
7177	0
7178	0
7179	0
7180	0
7181	1
7182	0
7183	0
7184	0
7185	0
7186	1
7187	0
7188	1
7189	0
7190	1
7191	0
7192	0
7193	0
7194	0
7195	0
7196	2
7197	0
7198	0
7199	0
7200	1
7201	2
7202	1
7203	0
7204	1
7205	1
7206	1
7207	2
7208	0
7209	0
7210	0
7211	0
7212	0
7213	0
7214	1
7215	2
7216	0
7217	0
7218	0
7219	0
7220	0
7221	0
7222	0
7223	0
7224	1
7225	0
7226	1
7227	0
7228	0
7229	0
7230	0
7231	1
7232	0
7233	1
7234	0
7235	2
7236	1
7237	0
7238	0
7239	0
7240	0
7241	0
7242	1
7243	1
7244	0
7245	0
7246	1
7247	0
7248	0
7249	0
7250	0
7251	0
7252	1
7253	0
7254	0
7255	0
7256	0
7257	0
7258	0
7259	1
7260	0
7261	0
7262	1
7263	0
7264	0
7265	0
7266	1
7267	1
7268	0
7269	0
7270	1
7271	0
7272	0
7273	0
7274	0
7275	0
7276	0
7277	0
7278	1
7279	0
7280	0
7281	0
7282	0
7283	0
7284	0
7285	0
7286	1
7287	0
7288	0
7289	0
7290	0
7291	0
7292	0
7293	0
7294	0
7295	0
7296	0
7297	1
7298	0
7299	0
7300	0
7301	1
7302	0
7303	0
7304	0
7305	0
7306	0
7307	1
7308	0
7309	2
7310	0
7311	2
7312	0
7313	0
7314	0
7315	1
7316	0
7317	0
7318	0
7319	1
7320	0
7321	1
7322	2
7323	0
7324	2
7325	1
7326	0
7327	0
7328	0
7329	1
7330	1
7331	0
7332	1
7333	0
7334	0
7335	1
7336	0
7337	0
7338	0
7339	0
7340	0
7341	1
7342	1
7343	0
7344	1
7345	0
7346	2
7347	0
7348	0
7349	1
7350	1
7351	0
7352	0
7353	0
7354	0
7355	0
7356	0
7357	1
7358	0
7359	1
7360	0
7361	0
7362	0
7363	1
7364	1
7365	0
7366	1
7367	0
7368	0
7369	0
7370	0
7371	0
7372	0
7373	0
7374	0
7375	0
7376	1
7377	0
7378	0
7379	1
7380	1
7381	0
7382	0
7383	0
7384	1
7385	1
7386	0
7387	1
7388	0
7389	0
7390	0
7391	0
7392	0
7393	1
7394	0
7395	0
7396	0
7397	0
7398	0
7399	0
7400	0
7401	0
7402	0
7403	0
7404	1
7405	0
7406	1
7407	0
7408	0
7409	1
7410	0
7411	1
7412	0
7413	0
7414	0
7415	0
7416	1
7417	0
7418	0
7419	1
7420	0
7421	0
7422	1
7423	1
7424	1
7425	1
7426	0
7427	1
7428	0
7429	0
7430	0
7431	0
7432	0
7433	0
7434	1
7435	1
7436	1
7437	1
7438	0
7439	0
7440	0
7441	0
7442	0
7443	1
7444	1
7445	0
7446	0
7447	1
7448	0
7449	0
7450	0
7451	0
7452	1
7453	2
7454	2
7455	0
7456	0
7457	0
7458	0
7459	0
7460	0
7461	1
7462	0
7463	0
7464	2
7465	1
7466	0
7467	0
7468	1
7469	1
7470	1
7471	0
7472	0
7473	0
7474	1
7475	0
7476	0
7477	0
7478	0
7479	0
7480	0
7481	0
7482	1
7483	0
7484	0
7485	2
7486	1
7487	0
7488	0
7489	0
7490	0
7491	1
7492	0
7493	1
7494	0
7495	0
7496	0
7497	0
7498	1
7499	1
7500	0
7501	0
7502	1
7503	0
7504	0
7505	0
7506	1
7507	0
7508	2
7509	0
7510	0
7511	0
7512	3
7513	1
7514	1
7515	0
7516	2
7517	0
7518	0
7519	1
7520	0
7521	3
7522	0
7523	0
7524	1
7525	0
7526	0
7527	1
7528	0
7529	0
7530	0
7531	1
7532	0
7533	0
7534	1
7535	0
7536	0
7537	0
7538	1
7539	0
7540	2
7541	0
7542	1
7543	1
7544	0
7545	0
7546	0
7547	0
7548	0
7549	0
7550	0
7551	1
7552	1
7553	0
7554	0
7555	0
7556	0
7557	0
7558	2
7559	0
7560	0
7561	1
7562	0
7563	2
7564	1
7565	0
7566	1
7567	0
7568	1
7569	0
7570	0
7571	1
7572	0
7573	0
7574	1
7575	0
7576	0
7577	0
7578	0
7579	0
7580	0
7581	0
7582	0
7583	1
7584	0
7585	0
7586	1
7587	1
7588	1
7589	0
7590	0
7591	0
7592	0
7593	0
7594	0
7595	0
7596	0
7597	1
7598	0
7599	0
7600	0
7601	1
7602	1
7603	0
7604	1
7605	0
7606	0
7607	1
7608	0
7609	0
7610	0
7611	0
7612	0
7613	1
7614	0
7615	1
7616	0
7617	1
7618	0
7619	1
7620	0
7621	1
7622	0
7623	0
7624	1
7625	1
7626	0
7627	0
7628	0
7629	0
7630	0
7631	0
7632	0
7633	0
7634	0
7635	0
7636	0
7637	0
7638	0
7639	0
7640	0
7641	1
7642	0
7643	0
7644	0
7645	1
7646	1
7647	0
7648	0
7649	0
7650	0
7651	1
7652	0
7653	0
7654	0
7655	1
7656	1
7657	2
7658	0
7659	0
7660	0
7661	0
7662	1
7663	0
7664	1
7665	2
7666	1
7667	1
7668	0
7669	0
7670	1
7671	0
7672	2
7673	0
7674	0
7675	1
7676	0
7677	0
7678	1
7679	0
7680	1
7681	0
7682	0
7683	0
7684	1
7685	0
7686	0
7687	0
7688	1
7689	0
7690	0
7691	2
7692	0
7693	0
7694	2
7695	0
7696	0
7697	0
7698	0
7699	0
7700	0
7701	0
7702	0
7703	1
7704	0
7705	0
7706	0
7707	0
7708	0
7709	0
7710	0
7711	1
7712	1
7713	0
7714	0
7715	0
7716	0
7717	0
7718	1
7719	0
7720	0
7721	0
7722	0
7723	0
7724	1
7725	0
7726	0
7727	0
7728	0
7729	0
7730	0
7731	0
7732	0
7733	0
7734	1
7735	0
7736	0
7737	1
7738	0
7739	1
7740	0
7741	0
7742	2
7743	0
7744	0
7745	0
7746	0
7747	2
7748	0
7749	2
7750	0
7751	1
7752	0
7753	0
7754	0
7755	0
7756	1
7757	0
7758	0
7759	0
7760	0
7761	1
7762	0
7763	0
7764	0
7765	1
7766	0
7767	0
7768	1
7769	1
7770	0
7771	2
7772	1
7773	1
7774	0
7775	0
7776	0
7777	0
7778	0
7779	0
7780	0
7781	0
7782	1
7783	0
7784	0
7785	1
7786	0
7787	0
7788	0
7789	0
7790	3
7791	0
7792	1
7793	0
7794	0
7795	0
7796	0
7797	0
7798	0
7799	0
7800	1
7801	1
7802	0
7803	1
7804	0
7805	0
7806	0
7807	0
7808	0
7809	0
7810	0
7811	2
7812	0
7813	0
7814	1
7815	1
7816	0
7817	0
7818	2
7819	1
7820	0
7821	1
7822	0
7823	2
7824	0
7825	0
7826	0
7827	0
7828	0
7829	0
7830	1
7831	0
7832	0
7833	1
7834	1
7835	0
7836	0
7837	0
7838	0
7839	2
7840	1
7841	1
7842	1
7843	0
7844	1
7845	0
7846	1
7847	0
7848	1
7849	0
7850	0
7851	0
7852	0
7853	1
7854	1
7855	0
7856	0
7857	1
7858	0
7859	0
7860	0
7861	0
7862	0
7863	1
7864	1
7865	0
7866	0
7867	0
7868	0
7869	0
7870	0
7871	1
7872	0
7873	0
7874	0
7875	0
7876	0
7877	0
7878	0
7879	0
7880	1
7881	0
7882	0
7883	0
7884	0
7885	1
7886	0
7887	0
7888	0
7889	0
7890	1
7891	0
7892	0
7893	0
7894	1
7895	1
7896	0
7897	2
7898	0
7899	2
7900	1
7901	0
7902	0
7903	0
7904	1
7905	0
7906	0
7907	0
7908	0
7909	0
7910	0
7911	0
7912	0
7913	1
7914	1
7915	1
7916	1
7917	0
7918	0
7919	0
7920	0
7921	0
7922	0
7923	0
7924	0
7925	0
7926	0
7927	0
7928	0
7929	1
7930	0
7931	0
7932	0
7933	1
7934	0
7935	1
7936	1
7937	0
7938	0
7939	0
7940	0
7941	0
7942	0
7943	0
7944	0
7945	1
7946	0
7947	0
7948	1
7949	0
7950	0
7951	0
7952	0
7953	0
7954	1
7955	0
7956	0
7957	0
7958	1
7959	0
7960	0
7961	0
7962	0
7963	0
7964	0
7965	0
7966	0
7967	2
7968	0
7969	0
7970	0
7971	0
7972	0
7973	0
7974	0
7975	0
7976	0
7977	0
7978	1
7979	0
7980	0
7981	0
7982	0
7983	1
7984	0
7985	0
7986	1
7987	0
7988	0
7989	1
7990	0
7991	0
7992	0
7993	2
7994	1
7995	0
7996	0
7997	0
7998	2
7999	0
8000	0
8001	1
8002	0
8003	0
8004	0
8005	1
8006	0
8007	0
8008	0
8009	0
8010	0
8011	0
8012	1
8013	0
8014	0
8015	0
8016	1
8017	0
8018	0
8019	1
8020	0
8021	0
8022	1
8023	0
8024	0
8025	0
8026	0
8027	0
8028	0
8029	0
8030	0
8031	0
8032	1
8033	1
8034	0
8035	0
8036	1
8037	0
8038	0
8039	0
8040	0
8041	2
8042	1
8043	0
8044	0
8045	1
8046	0
8047	1
8048	1
8049	0
8050	0
8051	0
8052	0
8053	0
8054	2
8055	0
8056	1
8057	0
8058	1
8059	0
8060	2
8061	0
8062	0
8063	0
8064	0
8065	0
8066	0
8067	0
8068	0
8069	0
8070	1
8071	1
8072	0
8073	0
8074	0
8075	1
8076	0
8077	1
8078	0
8079	0
8080	0
8081	1
8082	0
8083	0
8084	0
8085	0
8086	0
8087	0
8088	0
8089	0
8090	0
8091	0
8092	0
8093	0
8094	0
8095	0
8096	0
8097	0
8098	0
8099	0
8100	0
8101	0
8102	0
8103	0
8104	0
8105	0
8106	0
8107	0
8108	0
8109	0
8110	0
8111	0
8112	0
8113	0
8114	0
8115	0
8116	0
8117	0
8118	0
8119	0
8120	0
8121	0
8122	0
8123	0
8124	0
8125	0
8126	0
8127	0
8128	0
8129	0
8130	0
8131	0
8132	0
8133	0
8134	0
8135	0
8136	0
8137	0
8138	0
8139	0
8140	0
8141	0
8142	0
8143	0
8144	0
8145	0
8146	0
8147	0
8148	0
8149	0
8150	0
8151	0
8152	0
8153	0
8154	0
8155	0
8156	0
8157	0
8158	0
8159	0
8160	0
8161	0
8162	0
8163	0
8164	0
8165	0
8166	0
8167	0
8168	0
8169	0
8170	0
8171	0
8172	0
8173	0
8174	0
8175	0
8176	0
8177	0
8178	0
8179	0
8180	0
8181	0
8182	0
8183	0
8184	0
8185	0
8186	0
8187	0
8188	0
8189	0
8190	0
8191	0
