0	0
1	0
2	0
3	0
4	0
5	0
6	0
7	0
8	0
9	0
10	0
11	0
12	0
13	0
14	0
15	0
16	0
17	0
18	0
19	0
20	0
21	0
22	0
23	0
24	0
25	0
26	0
27	0
28	0
29	0
30	0
31	0
32	0
33	0
34	0
35	0
36	0
37	0
38	0
39	0
40	0
41	0
42	0
43	0
44	0
45	0
46	0
47	0
48	0
49	0
50	0
51	0
52	0
53	0
54	0
55	0
56	0
57	0
58	0
59	0
60	0
61	0
62	0
63	0
64	0
65	0
66	0
67	0
68	0
69	0
70	0
71	0
72	0
73	0
74	0
75	0
76	0
77	0
78	0
79	0
80	0
81	0
82	0
83	0
84	0
85	1
86	4
87	5
88	7
89	5
90	2
91	10
92	6
93	5
94	8
95	9
96	9
97	5
98	7
99	4
100	6
101	9
102	5
103	7
104	2
105	3
106	5
107	6
108	17
109	4
110	10
111	7
112	7
113	8
114	9
115	5
116	5
117	5
118	8
119	4
120	9
121	6
122	5
123	8
124	5
125	9
126	5
127	8
128	8
129	4
130	5
131	8
132	5
133	4
134	5
135	3
136	7
137	5
138	4
139	11
140	7
141	4
142	6
143	7
144	5
145	5
146	4
147	4
148	8
149	10
150	3
151	7
152	7
153	13
154	9
155	6
156	3
157	6
158	8
159	9
160	6
161	10
162	8
163	8
164	10
165	11
166	7
167	13
168	7
169	9
170	9
171	6
172	9
173	4
174	7
175	8
176	7
177	11
178	4
179	8
180	8
181	8
182	7
183	7
184	9
185	5
186	4
187	12
188	4
189	8
190	2
191	10
192	5
193	10
194	8
195	12
196	10
197	7
198	8
199	6
200	6
201	6
202	8
203	7
204	7
205	6
206	9
207	7
208	4
209	9
210	14
211	6
212	11
213	8
214	7
215	7
216	15
217	11
218	7
219	10
220	6
221	7
222	9
223	4
224	11
225	5
226	9
227	7
228	9
229	4
230	7
231	4
232	12
233	4
234	11
235	11
236	2
237	11
238	8
239	5
240	8
241	8
242	5
243	6
244	15
245	9
246	6
247	6
248	11
249	10
250	7
251	9
252	9
253	5
254	7
255	3
256	6
257	8
258	11
259	11
260	5
261	4
262	10
263	11
264	7
265	9
266	3
267	9
268	12
269	11
270	11
271	12
272	8
273	12
274	7
275	7
276	8
277	8
278	10
279	7
280	7
281	5
282	4
283	8
284	9
285	10
286	12
287	12
288	8
289	3
290	3
291	8
292	9
293	14
294	9
295	4
296	9
297	11
298	10
299	5
300	9
301	5
302	16
303	8
304	11
305	11
306	3
307	7
308	5
309	9
310	7
311	6
312	10
313	14
314	13
315	6
316	12
317	9
318	15
319	9
320	7
321	8
322	5
323	10
324	9
325	7
326	8
327	7
328	6
329	11
330	9
331	12
332	8
333	5
334	8
335	7
336	9
337	10
338	16
339	8
340	7
341	8
342	8
343	18
344	8
345	7
346	7
347	7
348	6
349	6
350	3
351	10
352	12
353	10
354	9
355	10
356	14
357	6
358	13
359	11
360	6
361	3
362	8
363	12
364	9
365	11
366	14
367	11
368	10
369	9
370	15
371	8
372	7
373	8
374	4
375	6
376	15
377	13
378	12
379	5
380	6
381	11
382	10
383	8
384	14
385	9
386	12
387	7
388	14
389	4
390	5
391	9
392	5
393	6
394	10
395	10
396	6
397	9
398	12
399	12
400	6
401	9
402	1
403	7
404	9
405	6
406	7
407	12
408	8
409	8
410	11
411	12
412	7
413	8
414	10
415	10
416	8
417	8
418	6
419	12
420	8
421	4
422	7
423	10
424	8
425	12
426	2
427	5
428	7
429	9
430	10
431	13
432	13
433	7
434	6
435	4
436	10
437	10
438	12
439	12
440	13
441	11
442	9
443	11
444	11
445	5
446	10
447	7
448	10
449	6
450	9
451	16
452	9
453	8
454	8
455	8
456	8
457	13
458	6
459	6
460	5
461	9
462	13
463	7
464	9
465	8
466	8
467	7
468	13
469	14
470	8
471	12
472	7
473	9
474	10
475	13
476	8
477	11
478	11
479	8
480	11
481	12
482	8
483	15
484	9
485	12
486	15
487	17
488	11
489	4
490	16
491	12
492	8
493	6
494	11
495	17
496	9
497	7
498	7
499	3
500	13
501	7
502	15
503	8
504	10
505	6
506	18
507	11
508	9
509	14
510	19
511	15
512	15
513	11
514	11
515	10
516	9
517	9
518	11
519	7
520	10
521	11
522	14
523	16
524	10
525	10
526	15
527	12
528	9
529	11
530	10
531	16
532	12
533	10
534	11
535	11
536	9
537	13
538	5
539	18
540	15
541	8
542	8
543	13
544	9
545	12
546	19
547	15
548	16
549	11
550	12
551	16
552	10
553	12
554	16
555	15
556	12
557	15
558	19
559	13
560	20
561	13
562	18
563	19
564	22
565	20
566	15
567	11
568	29
569	15
570	17
571	25
572	21
573	12
574	17
575	32
576	13
577	21
578	24
579	11
580	18
581	12
582	22
583	20
584	24
585	18
586	22
587	25
588	16
589	20
590	17
591	20
592	14
593	15
594	17
595	25
596	15
597	23
598	17
599	26
600	19
601	13
602	19
603	20
604	20
605	19
606	20
607	24
608	22
609	22
610	26
611	29
612	16
613	19
614	18
615	20
616	18
617	18
618	14
619	22
620	22
621	13
622	22
623	26
624	16
625	19
626	16
627	15
628	24
629	20
630	23
631	19
632	21
633	24
634	18
635	15
636	9
637	20
638	14
639	20
640	20
641	13
642	14
643	14
644	20
645	13
646	21
647	20
648	21
649	22
650	18
651	14
652	17
653	19
654	15
655	11
656	14
657	19
658	21
659	25
660	11
661	24
662	21
663	15
664	16
665	19
666	24
667	14
668	13
669	17
670	23
671	18
672	16
673	19
674	21
675	14
676	14
677	16
678	19
679	15
680	16
681	13
682	19
683	17
684	21
685	17
686	16
687	25
688	12
689	14
690	13
691	16
692	19
693	11
694	10
695	18
696	11
697	18
698	15
699	19
700	14
701	12
702	16
703	22
704	24
705	16
706	11
707	14
708	24
709	16
710	18
711	19
712	13
713	12
714	14
715	7
716	19
717	16
718	10
719	11
720	18
721	15
722	16
723	19
724	13
725	15
726	14
727	17
728	12
729	16
730	15
731	11
732	12
733	11
734	11
735	18
736	15
737	14
738	21
739	11
740	14
741	10
742	19
743	13
744	12
745	16
746	21
747	13
748	15
749	16
750	12
751	20
752	7
753	10
754	12
755	25
756	14
757	15
758	12
759	14
760	15
761	16
762	12
763	17
764	14
765	17
766	11
767	12
768	13
769	19
770	18
771	15
772	16
773	16
774	12
775	10
776	12
777	11
778	17
779	16
780	13
781	14
782	16
783	15
784	14
785	16
786	20
787	18
788	15
789	11
790	14
791	15
792	13
793	13
794	16
795	16
796	14
797	17
798	15
799	12
800	10
801	23
802	18
803	15
804	16
805	22
806	15
807	22
808	21
809	8
810	13
811	18
812	10
813	15
814	22
815	14
816	18
817	12
818	12
819	12
820	16
821	7
822	14
823	18
824	13
825	15
826	12
827	18
828	14
829	12
830	17
831	7
832	19
833	12
834	15
835	11
836	13
837	9
838	16
839	11
840	22
841	25
842	14
843	22
844	13
845	8
846	18
847	15
848	12
849	9
850	14
851	17
852	10
853	17
854	12
855	21
856	27
857	10
858	21
859	11
860	7
861	16
862	11
863	20
864	11
865	9
866	17
867	14
868	19
869	14
870	20
871	9
872	15
873	14
874	20
875	16
876	13
877	12
878	23
879	23
880	14
881	22
882	20
883	14
884	21
885	15
886	13
887	12
888	10
889	17
890	18
891	15
892	15
893	16
894	19
895	14
896	19
897	18
898	10
899	24
900	12
901	17
902	20
903	14
904	16
905	20
906	24
907	22
908	11
909	14
910	19
911	11
912	15
913	21
914	23
915	13
916	21
917	16
918	20
919	21
920	29
921	26
922	12
923	17
924	18
925	17
926	20
927	24
928	20
929	15
930	17
931	16
932	17
933	21
934	20
935	23
936	12
937	24
938	17
939	19
940	21
941	18
942	21
943	17
944	17
945	24
946	16
947	15
948	21
949	23
950	20
951	20
952	13
953	15
954	20
955	24
956	14
957	23
958	16
959	16
960	17
961	13
962	11
963	15
964	20
965	21
966	22
967	19
968	19
969	20
970	23
971	19
972	21
973	17
974	20
975	17
976	17
977	18
978	16
979	18
980	14
981	15
982	19
983	32
984	21
985	19
986	19
987	21
988	16
989	14
990	21
991	24
992	19
993	15
994	20
995	14
996	21
997	24
998	22
999	15
1000	22
1001	27
1002	24
1003	13
1004	19
1005	18
1006	20
1007	24
1008	17
1009	14
1010	22
1011	22
1012	19
1013	23
1014	21
1015	26
1016	16
1017	18
1018	17
1019	26
1020	17
1021	21
1022	23
1023	12
1024	24
1025	15
1026	21
1027	15
1028	23
1029	11
1030	18
1031	20
1032	19
1033	17
1034	20
1035	20
1036	18
1037	30
1038	21
1039	21
1040	28
1041	16
1042	28
1043	25
1044	20
1045	21
1046	29
1047	19
1048	16
1049	30
1050	18
1051	18
1052	22
1053	29
1054	24
1055	21
1056	16
1057	15
1058	16
1059	19
1060	23
1061	23
1062	23
1063	19
1064	16
1065	23
1066	26
1067	20
1068	21
1069	29
1070	20
1071	24
1072	26
1073	22
1074	24
1075	21
1076	24
1077	19
1078	33
1079	19
1080	24
1081	27
1082	14
1083	19
1084	26
1085	21
1086	14
1087	21
1088	18
1089	23
1090	20
1091	15
1092	25
1093	21
1094	19
1095	19
1096	22
1097	20
1098	28
1099	30
1100	20
1101	13
1102	18
1103	33
1104	23
1105	24
1106	24
1107	13
1108	17
1109	32
1110	19
1111	17
1112	21
1113	15
1114	24
1115	27
1116	15
1117	14
1118	23
1119	22
1120	25
1121	21
1122	25
1123	21
1124	21
1125	22
1126	19
1127	23
1128	21
1129	19
1130	29
1131	22
1132	26
1133	17
1134	25
1135	23
1136	20
1137	22
1138	20
1139	24
1140	20
1141	25
1142	20
1143	18
1144	18
1145	18
1146	27
1147	20
1148	13
1149	20
1150	18
1151	19
1152	23
1153	17
1154	26
1155	26
1156	21
1157	26
1158	18
1159	37
1160	29
1161	19
1162	22
1163	31
1164	14
1165	21
1166	18
1167	20
1168	22
1169	14
1170	18
1171	28
1172	17
1173	14
1174	21
1175	28
1176	22
1177	25
1178	23
1179	34
1180	30
1181	20
1182	20
1183	29
1184	20
1185	24
1186	19
1187	26
1188	24
1189	34
1190	26
1191	26
1192	21
1193	20
1194	21
1195	20
1196	15
1197	24
1198	24
1199	24
1200	22
1201	20
1202	19
1203	26
1204	26
1205	20
1206	27
1207	19
1208	20
1209	25
1210	30
1211	23
1212	29
1213	26
1214	27
1215	20
1216	16
1217	23
1218	22
1219	27
1220	25
1221	19
1222	23
1223	23
1224	31
1225	15
1226	23
1227	30
1228	32
1229	23
1230	27
1231	30
1232	28
1233	18
1234	19
1235	26
1236	21
1237	25
1238	18
1239	22
1240	24
1241	20
1242	21
1243	37
1244	26
1245	25
1246	26
1247	23
1248	20
1249	29
1250	29
1251	24
1252	24
1253	23
1254	16
1255	20
1256	18
1257	27
1258	27
1259	30
1260	23
1261	26
1262	15
1263	19
1264	28
1265	25
1266	21
1267	28
1268	19
1269	33
1270	26
1271	22
1272	16
1273	18
1274	25
1275	29
1276	25
1277	25
1278	26
1279	19
1280	30
1281	24
1282	28
1283	22
1284	16
1285	22
1286	27
1287	27
1288	31
1289	32
1290	30
1291	27
1292	21
1293	29
1294	34
1295	25
1296	23
1297	21
1298	21
1299	20
1300	27
1301	32
1302	31
1303	31
1304	21
1305	26
1306	22
1307	25
1308	24
1309	25
1310	21
1311	25
1312	36
1313	19
1314	29
1315	25
1316	30
1317	23
1318	23
1319	31
1320	33
1321	23
1322	37
1323	24
1324	38
1325	19
1326	21
1327	22
1328	23
1329	26
1330	30
1331	26
1332	31
1333	27
1334	28
1335	22
1336	30
1337	20
1338	25
1339	26
1340	29
1341	28
1342	23
1343	34
1344	37
1345	29
1346	30
1347	24
1348	35
1349	25
1350	17
1351	33
1352	32
1353	30
1354	20
1355	36
1356	24
1357	26
1358	32
1359	24
1360	26
1361	34
1362	34
1363	30
1364	24
1365	26
1366	24
1367	26
1368	30
1369	34
1370	36
1371	32
1372	32
1373	32
1374	38
1375	29
1376	14
1377	26
1378	28
1379	24
1380	32
1381	24
1382	25
1383	29
1384	34
1385	28
1386	39
1387	24
1388	19
1389	33
1390	24
1391	22
1392	25
1393	28
1394	27
1395	21
1396	25
1397	30
1398	15
1399	30
1400	26
1401	23
1402	31
1403	34
1404	35
1405	28
1406	29
1407	33
1408	28
1409	26
1410	36
1411	32
1412	28
1413	20
1414	37
1415	26
1416	26
1417	35
1418	30
1419	23
1420	28
1421	28
1422	44
1423	28
1424	26
1425	30
1426	30
1427	32
1428	32
1429	32
1430	25
1431	33
1432	35
1433	33
1434	21
1435	26
1436	32
1437	23
1438	30
1439	32
1440	24
1441	25
1442	40
1443	32
1444	22
1445	34
1446	25
1447	33
1448	33
1449	29
1450	33
1451	35
1452	35
1453	34
1454	24
1455	34
1456	30
1457	30
1458	27
1459	32
1460	33
1461	27
1462	35
1463	28
1464	27
1465	33
1466	26
1467	27
1468	27
1469	28
1470	31
1471	35
1472	30
1473	25
1474	33
1475	42
1476	26
1477	25
1478	24
1479	25
1480	31
1481	36
1482	26
1483	34
1484	24
1485	32
1486	35
1487	35
1488	20
1489	42
1490	29
1491	40
1492	34
1493	30
1494	36
1495	35
1496	34
1497	29
1498	38
1499	31
1500	32
1501	24
1502	35
1503	36
1504	38
1505	43
1506	27
1507	26
1508	36
1509	36
1510	35
1511	30
1512	26
1513	42
1514	24
1515	30
1516	26
1517	33
1518	24
1519	31
1520	35
1521	33
1522	30
1523	45
1524	39
1525	34
1526	37
1527	41
1528	31
1529	34
1530	36
1531	24
1532	39
1533	28
1534	33
1535	37
1536	33
1537	41
1538	35
1539	32
1540	39
1541	36
1542	29
1543	36
1544	32
1545	27
1546	32
1547	43
1548	31
1549	34
1550	31
1551	27
1552	30
1553	30
1554	36
1555	34
1556	46
1557	29
1558	35
1559	34
1560	36
1561	38
1562	31
1563	32
1564	35
1565	48
1566	40
1567	38
1568	37
1569	54
1570	36
1571	30
1572	36
1573	44
1574	40
1575	37
1576	35
1577	41
1578	47
1579	52
1580	44
1581	23
1582	38
1583	43
1584	46
1585	36
1586	39
1587	29
1588	46
1589	46
1590	40
1591	49
1592	43
1593	37
1594	31
1595	46
1596	40
1597	39
1598	45
1599	44
1600	53
1601	55
1602	32
1603	39
1604	43
1605	42
1606	46
1607	46
1608	39
1609	41
1610	35
1611	36
1612	40
1613	49
1614	42
1615	42
1616	40
1617	32
1618	48
1619	50
1620	55
1621	51
1622	41
1623	55
1624	50
1625	56
1626	40
1627	46
1628	41
1629	40
1630	39
1631	59
1632	49
1633	50
1634	50
1635	48
1636	57
1637	42
1638	60
1639	48
1640	53
1641	69
1642	53
1643	50
1644	55
1645	49
1646	50
1647	64
1648	46
1649	28
1650	44
1651	46
1652	55
1653	47
1654	58
1655	52
1656	61
1657	52
1658	49
1659	56
1660	54
1661	57
1662	55
1663	60
1664	47
1665	42
1666	53
1667	61
1668	44
1669	38
1670	51
1671	45
1672	46
1673	47
1674	53
1675	44
1676	35
1677	66
1678	58
1679	53
1680	44
1681	54
1682	49
1683	55
1684	49
1685	56
1686	45
1687	47
1688	51
1689	69
1690	61
1691	57
1692	51
1693	47
1694	56
1695	57
1696	61
1697	59
1698	48
1699	47
1700	69
1701	48
1702	70
1703	58
1704	52
1705	58
1706	59
1707	57
1708	58
1709	58
1710	61
1711	50
1712	46
1713	47
1714	55
1715	54
1716	58
1717	51
1718	60
1719	68
1720	58
1721	57
1722	54
1723	42
1724	53
1725	50
1726	52
1727	50
1728	51
1729	55
1730	51
1731	53
1732	50
1733	55
1734	56
1735	53
1736	58
1737	52
1738	25
1739	45
1740	52
1741	49
1742	49
1743	55
1744	47
1745	44
1746	47
1747	56
1748	54
1749	55
1750	53
1751	46
1752	40
1753	54
1754	56
1755	52
1756	53
1757	59
1758	48
1759	59
1760	49
1761	54
1762	44
1763	54
1764	45
1765	44
1766	48
1767	45
1768	53
1769	55
1770	48
1771	50
1772	49
1773	45
1774	45
1775	33
1776	47
1777	32
1778	45
1779	41
1780	44
1781	52
1782	60
1783	46
1784	58
1785	41
1786	53
1787	50
1788	37
1789	35
1790	52
1791	44
1792	38
1793	40
1794	35
1795	43
1796	35
1797	32
1798	49
1799	34
1800	49
1801	34
1802	46
1803	41
1804	35
1805	43
1806	36
1807	45
1808	44
1809	34
1810	46
1811	41
1812	30
1813	44
1814	38
1815	45
1816	39
1817	45
1818	32
1819	47
1820	39
1821	45
1822	36
1823	36
1824	37
1825	41
1826	43
1827	34
1828	45
1829	39
1830	37
1831	38
1832	32
1833	28
1834	53
1835	39
1836	39
1837	27
1838	43
1839	33
1840	39
1841	31
1842	36
1843	45
1844	45
1845	43
1846	39
1847	33
1848	30
1849	38
1850	30
1851	31
1852	27
1853	33
1854	35
1855	28
1856	37
1857	31
1858	32
1859	36
1860	45
1861	31
1862	24
1863	21
1864	27
1865	27
1866	40
1867	37
1868	28
1869	29
1870	24
1871	30
1872	39
1873	32
1874	35
1875	29
1876	28
1877	31
1878	33
1879	38
1880	24
1881	32
1882	33
1883	35
1884	35
1885	25
1886	35
1887	31
1888	29
1889	24
1890	21
1891	31
1892	32
1893	25
1894	21
1895	23
1896	25
1897	28
1898	35
1899	34
1900	23
1901	27
1902	20
1903	43
1904	20
1905	24
1906	25
1907	33
1908	28
1909	24
1910	27
1911	16
1912	25
1913	19
1914	30
1915	27
1916	29
1917	29
1918	37
1919	25
1920	23
1921	30
1922	24
1923	30
1924	18
1925	27
1926	22
1927	30
1928	25
1929	19
1930	34
1931	37
1932	22
1933	29
1934	30
1935	24
1936	23
1937	21
1938	26
1939	23
1940	19
1941	14
1942	21
1943	20
1944	15
1945	14
1946	26
1947	20
1948	33
1949	15
1950	25
1951	24
1952	40
1953	21
1954	16
1955	16
1956	27
1957	22
1958	23
1959	18
1960	25
1961	19
1962	15
1963	21
1964	14
1965	26
1966	26
1967	24
1968	20
1969	24
1970	24
1971	20
1972	17
1973	21
1974	19
1975	25
1976	14
1977	14
1978	21
1979	19
1980	20
1981	32
1982	22
1983	22
1984	20
1985	21
1986	13
1987	24
1988	16
1989	18
1990	17
1991	23
1992	24
1993	13
1994	11
1995	19
1996	15
1997	16
1998	17
1999	22
2000	19
2001	20
2002	18
2003	21
2004	13
2005	16
2006	19
2007	16
2008	17
2009	19
2010	16
2011	19
2012	16
2013	13
2014	19
2015	18
2016	16
2017	18
2018	23
2019	25
2020	6
2021	14
2022	18
2023	23
2024	20
2025	19
2026	18
2027	19
2028	9
2029	13
2030	15
2031	12
2032	19
2033	14
2034	15
2035	18
2036	21
2037	20
2038	19
2039	23
2040	11
2041	20
2042	23
2043	17
2044	15
2045	15
2046	13
2047	22
2048	13
2049	21
2050	20
2051	10
2052	14
2053	16
2054	14
2055	21
2056	12
2057	16
2058	28
2059	14
2060	15
2061	17
2062	19
2063	12
2064	15
2065	14
2066	27
2067	11
2068	19
2069	15
2070	24
2071	11
2072	21
2073	11
2074	14
2075	7
2076	10
2077	16
2078	13
2079	14
2080	18
2081	14
2082	19
2083	16
2084	14
2085	20
2086	19
2087	18
2088	14
2089	15
2090	15
2091	12
2092	16
2093	16
2094	13
2095	8
2096	17
2097	19
2098	15
2099	20
2100	16
2101	9
2102	11
2103	14
2104	17
2105	14
2106	13
2107	22
2108	15
2109	15
2110	15
2111	15
2112	16
2113	16
2114	10
2115	15
2116	17
2117	9
2118	16
2119	14
2120	14
2121	19
2122	10
2123	13
2124	14
2125	15
2126	16
2127	14
2128	15
2129	21
2130	14
2131	11
2132	16
2133	15
2134	6
2135	17
2136	5
2137	11
2138	11
2139	12
2140	12
2141	19
2142	15
2143	19
2144	24
2145	16
2146	15
2147	13
2148	12
2149	10
2150	20
2151	13
2152	17
2153	14
2154	11
2155	12
2156	17
2157	13
2158	12
2159	11
2160	11
2161	14
2162	15
2163	17
2164	12
2165	15
2166	16
2167	10
2168	16
2169	17
2170	13
2171	15
2172	11
2173	17
2174	11
2175	15
2176	12
2177	9
2178	16
2179	13
2180	16
2181	7
2182	14
2183	7
2184	17
2185	14
2186	14
2187	18
2188	13
2189	11
2190	13
2191	11
2192	14
2193	10
2194	7
2195	15
2196	11
2197	19
2198	12
2199	15
2200	12
2201	8
2202	9
2203	5
2204	14
2205	15
2206	12
2207	19
2208	15
2209	9
2210	14
2211	13
2212	15
2213	8
2214	6
2215	13
2216	10
2217	15
2218	13
2219	10
2220	13
2221	14
2222	12
2223	14
2224	14
2225	12
2226	13
2227	13
2228	14
2229	20
2230	19
2231	10
2232	14
2233	11
2234	8
2235	14
2236	15
2237	10
2238	14
2239	9
2240	12
2241	15
2242	11
2243	15
2244	15
2245	11
2246	8
2247	13
2248	11
2249	12
2250	20
2251	18
2252	10
2253	14
2254	12
2255	16
2256	10
2257	13
2258	12
2259	8
2260	8
2261	10
2262	6
2263	16
2264	9
2265	12
2266	11
2267	9
2268	8
2269	11
2270	13
2271	10
2272	13
2273	13
2274	8
2275	10
2276	16
2277	10
2278	17
2279	9
2280	13
2281	11
2282	13
2283	10
2284	14
2285	14
2286	10
2287	9
2288	8
2289	8
2290	13
2291	8
2292	11
2293	16
2294	8
2295	17
2296	18
2297	8
2298	16
2299	18
2300	14
2301	8
2302	11
2303	14
2304	14
2305	5
2306	11
2307	8
2308	6
2309	17
2310	13
2311	6
2312	12
2313	13
2314	8
2315	11
2316	8
2317	10
2318	11
2319	8
2320	10
2321	7
2322	10
2323	9
2324	12
2325	14
2326	16
2327	12
2328	12
2329	12
2330	9
2331	13
2332	11
2333	10
2334	7
2335	15
2336	6
2337	14
2338	10
2339	11
2340	13
2341	3
2342	10
2343	6
2344	8
2345	11
2346	16
2347	8
2348	11
2349	9
2350	10
2351	10
2352	9
2353	11
2354	13
2355	12
2356	11
2357	18
2358	14
2359	13
2360	13
2361	11
2362	8
2363	10
2364	13
2365	15
2366	14
2367	12
2368	8
2369	11
2370	13
2371	10
2372	9
2373	6
2374	9
2375	16
2376	7
2377	14
2378	8
2379	13
2380	11
2381	8
2382	14
2383	13
2384	8
2385	13
2386	10
2387	15
2388	8
2389	11
2390	8
2391	10
2392	9
2393	10
2394	9
2395	16
2396	12
2397	7
2398	10
2399	10
2400	10
2401	8
2402	7
2403	12
2404	12
2405	9
2406	9
2407	8
2408	6
2409	6
2410	13
2411	6
2412	6
2413	10
2414	10
2415	11
2416	9
2417	10
2418	10
2419	12
2420	12
2421	12
2422	8
2423	10
2424	11
2425	12
2426	12
2427	11
2428	9
2429	9
2430	9
2431	9
2432	9
2433	17
2434	3
2435	12
2436	2
2437	6
2438	19
2439	11
2440	7
2441	12
2442	7
2443	10
2444	10
2445	11
2446	6
2447	8
2448	11
2449	8
2450	5
2451	11
2452	8
2453	11
2454	11
2455	18
2456	9
2457	14
2458	11
2459	8
2460	12
2461	8
2462	6
2463	10
2464	9
2465	9
2466	11
2467	10
2468	17
2469	11
2470	6
2471	12
2472	13
2473	6
2474	9
2475	10
2476	6
2477	14
2478	8
2479	7
2480	11
2481	10
2482	12
2483	5
2484	4
2485	16
2486	13
2487	12
2488	12
2489	12
2490	10
2491	13
2492	8
2493	6
2494	10
2495	9
2496	10
2497	11
2498	9
2499	13
2500	14
2501	7
2502	12
2503	12
2504	6
2505	9
2506	10
2507	5
2508	9
2509	5
2510	14
2511	9
2512	8
2513	4
2514	9
2515	8
2516	8
2517	10
2518	6
2519	9
2520	9
2521	3
2522	13
2523	13
2524	6
2525	10
2526	7
2527	4
2528	9
2529	12
2530	9
2531	9
2532	3
2533	10
2534	12
2535	14
2536	12
2537	11
2538	8
2539	9
2540	7
2541	12
2542	16
2543	11
2544	5
2545	13
2546	6
2547	5
2548	11
2549	6
2550	11
2551	5
2552	8
2553	9
2554	7
2555	11
2556	9
2557	11
2558	12
2559	8
2560	10
2561	8
2562	5
2563	8
2564	5
2565	11
2566	11
2567	7
2568	7
2569	7
2570	12
2571	7
2572	7
2573	6
2574	11
2575	9
2576	10
2577	10
2578	5
2579	9
2580	8
2581	8
2582	8
2583	11
2584	9
2585	6
2586	10
2587	13
2588	7
2589	5
2590	7
2591	8
2592	11
2593	11
2594	5
2595	2
2596	8
2597	9
2598	9
2599	14
2600	11
2601	11
2602	7
2603	11
2604	10
2605	7
2606	9
2607	2
2608	6
2609	4
2610	12
2611	6
2612	7
2613	4
2614	15
2615	9
2616	9
2617	6
2618	8
2619	13
2620	7
2621	9
2622	7
2623	10
2624	11
2625	4
2626	7
2627	9
2628	10
2629	11
2630	12
2631	6
2632	10
2633	8
2634	8
2635	7
2636	6
2637	9
2638	11
2639	6
2640	10
2641	12
2642	7
2643	11
2644	11
2645	8
2646	10
2647	6
2648	5
2649	7
2650	5
2651	6
2652	12
2653	3
2654	7
2655	6
2656	6
2657	12
2658	11
2659	7
2660	12
2661	9
2662	8
2663	9
2664	5
2665	10
2666	3
2667	8
2668	8
2669	9
2670	10
2671	12
2672	8
2673	4
2674	10
2675	3
2676	3
2677	10
2678	8
2679	13
2680	6
2681	3
2682	5
2683	5
2684	2
2685	7
2686	3
2687	9
2688	10
2689	10
2690	11
2691	6
2692	7
2693	6
2694	15
2695	5
2696	11
2697	6
2698	5
2699	10
2700	6
2701	7
2702	6
2703	6
2704	9
2705	6
2706	4
2707	4
2708	3
2709	8
2710	9
2711	4
2712	7
2713	7
2714	9
2715	12
2716	10
2717	11
2718	11
2719	5
2720	9
2721	7
2722	11
2723	6
2724	6
2725	6
2726	12
2727	4
2728	7
2729	6
2730	11
2731	4
2732	5
2733	11
2734	8
2735	7
2736	7
2737	9
2738	5
2739	6
2740	4
2741	11
2742	10
2743	9
2744	2
2745	7
2746	6
2747	5
2748	10
2749	7
2750	1
2751	7
2752	7
2753	10
2754	8
2755	8
2756	9
2757	9
2758	5
2759	7
2760	9
2761	10
2762	5
2763	6
2764	7
2765	6
2766	11
2767	7
2768	9
2769	4
2770	7
2771	9
2772	9
2773	4
2774	7
2775	5
2776	8
2777	8
2778	4
2779	7
2780	12
2781	9
2782	6
2783	9
2784	11
2785	6
2786	9
2787	8
2788	7
2789	2
2790	6
2791	6
2792	3
2793	11
2794	7
2795	6
2796	7
2797	3
2798	4
2799	7
2800	17
2801	15
2802	5
2803	8
2804	3
2805	5
2806	11
2807	11
2808	8
2809	7
2810	11
2811	4
2812	4
2813	9
2814	7
2815	7
2816	6
2817	5
2818	6
2819	8
2820	7
2821	4
2822	10
2823	5
2824	9
2825	7
2826	6
2827	7
2828	6
2829	7
2830	10
2831	4
2832	7
2833	2
2834	3
2835	11
2836	16
2837	1
2838	5
2839	4
2840	4
2841	5
2842	6
2843	5
2844	5
2845	8
2846	6
2847	7
2848	7
2849	8
2850	2
2851	11
2852	10
2853	7
2854	8
2855	3
2856	4
2857	12
2858	11
2859	4
2860	9
2861	7
2862	6
2863	8
2864	5
2865	12
2866	11
2867	6
2868	6
2869	8
2870	8
2871	5
2872	7
2873	4
2874	10
2875	6
2876	4
2877	1
2878	5
2879	3
2880	7
2881	7
2882	7
2883	11
2884	6
2885	6
2886	7
2887	11
2888	7
2889	3
2890	8
2891	4
2892	8
2893	7
2894	3
2895	6
2896	4
2897	6
2898	15
2899	9
2900	7
2901	8
2902	10
2903	5
2904	9
2905	6
2906	10
2907	1
2908	4
2909	9
2910	6
2911	5
2912	8
2913	6
2914	3
2915	7
2916	10
2917	6
2918	4
2919	7
2920	7
2921	5
2922	7
2923	8
2924	11
2925	8
2926	6
2927	8
2928	11
2929	10
2930	6
2931	7
2932	2
2933	6
2934	17
2935	12
2936	5
2937	10
2938	9
2939	10
2940	3
2941	6
2942	9
2943	9
2944	6
2945	7
2946	5
2947	9
2948	6
2949	7
2950	6
2951	9
2952	5
2953	4
2954	6
2955	3
2956	6
2957	4
2958	7
2959	10
2960	9
2961	6
2962	5
2963	7
2964	8
2965	8
2966	5
2967	6
2968	7
2969	5
2970	6
2971	7
2972	13
2973	8
2974	8
2975	7
2976	3
2977	6
2978	5
2979	11
2980	4
2981	4
2982	6
2983	7
2984	4
2985	8
2986	6
2987	7
2988	8
2989	9
2990	7
2991	3
2992	6
2993	8
2994	7
2995	3
2996	3
2997	8
2998	7
2999	10
3000	5
3001	12
3002	5
3003	3
3004	4
3005	6
3006	8
3007	6
3008	6
3009	9
3010	9
3011	8
3012	10
3013	4
3014	5
3015	4
3016	5
3017	6
3018	8
3019	9
3020	8
3021	10
3022	10
3023	5
3024	2
3025	5
3026	5
3027	6
3028	7
3029	6
3030	1
3031	5
3032	7
3033	3
3034	9
3035	4
3036	8
3037	6
3038	4
3039	5
3040	9
3041	7
3042	4
3043	6
3044	4
3045	1
3046	6
3047	3
3048	7
3049	6
3050	5
3051	6
3052	9
3053	7
3054	12
3055	10
3056	4
3057	6
3058	3
3059	2
3060	8
3061	6
3062	6
3063	5
3064	9
3065	9
3066	6
3067	2
3068	2
3069	2
3070	5
3071	3
3072	6
3073	6
3074	6
3075	5
3076	4
3077	10
3078	7
3079	6
3080	7
3081	11
3082	5
3083	12
3084	3
3085	4
3086	12
3087	10
3088	3
3089	8
3090	7
3091	4
3092	6
3093	6
3094	10
3095	8
3096	1
3097	4
3098	6
3099	8
3100	6
3101	11
3102	6
3103	10
3104	3
3105	9
3106	5
3107	5
3108	4
3109	7
3110	5
3111	5
3112	6
3113	5
3114	12
3115	8
3116	4
3117	10
3118	9
3119	7
3120	5
3121	5
3122	10
3123	9
3124	4
3125	4
3126	7
3127	2
3128	6
3129	6
3130	3
3131	7
3132	4
3133	7
3134	7
3135	10
3136	7
3137	6
3138	2
3139	5
3140	8
3141	5
3142	8
3143	4
3144	3
3145	9
3146	3
3147	7
3148	6
3149	8
3150	1
3151	6
3152	8
3153	15
3154	11
3155	7
3156	4
3157	1
3158	10
3159	6
3160	4
3161	5
3162	7
3163	8
3164	4
3165	6
3166	6
3167	4
3168	9
3169	6
3170	4
3171	6
3172	8
3173	5
3174	7
3175	4
3176	8
3177	5
3178	13
3179	5
3180	6
3181	2
3182	8
3183	5
3184	6
3185	2
3186	6
3187	3
3188	5
3189	6
3190	7
3191	9
3192	5
3193	9
3194	5
3195	4
3196	4
3197	5
3198	3
3199	4
3200	5
3201	8
3202	2
3203	2
3204	6
3205	6
3206	7
3207	5
3208	8
3209	3
3210	2
3211	3
3212	6
3213	5
3214	4
3215	3
3216	6
3217	6
3218	13
3219	2
3220	6
3221	4
3222	6
3223	6
3224	10
3225	6
3226	8
3227	5
3228	3
3229	1
3230	7
3231	2
3232	9
3233	2
3234	8
3235	5
3236	5
3237	9
3238	7
3239	7
3240	6
3241	2
3242	8
3243	3
3244	5
3245	4
3246	7
3247	7
3248	9
3249	7
3250	2
3251	1
3252	3
3253	5
3254	5
3255	4
3256	11
3257	8
3258	1
3259	3
3260	7
3261	5
3262	6
3263	8
3264	7
3265	6
3266	9
3267	4
3268	1
3269	1
3270	6
3271	2
3272	6
3273	7
3274	8
3275	8
3276	6
3277	4
3278	6
3279	7
3280	3
3281	7
3282	4
3283	4
3284	6
3285	10
3286	1
3287	6
3288	6
3289	6
3290	12
3291	1
3292	5
3293	4
3294	6
3295	4
3296	5
3297	2
3298	5
3299	4
3300	1
3301	11
3302	5
3303	2
3304	6
3305	7
3306	3
3307	8
3308	4
3309	10
3310	6
3311	7
3312	7
3313	8
3314	4
3315	5
3316	6
3317	8
3318	3
3319	5
3320	6
3321	4
3322	7
3323	3
3324	5
3325	1
3326	7
3327	5
3328	7
3329	4
3330	3
3331	4
3332	7
3333	10
3334	12
3335	9
3336	3
3337	9
3338	5
3339	7
3340	3
3341	7
3342	9
3343	4
3344	9
3345	5
3346	3
3347	3
3348	3
3349	4
3350	4
3351	5
3352	7
3353	2
3354	2
3355	8
3356	0
3357	8
3358	10
3359	6
3360	5
3361	4
3362	3
3363	2
3364	7
3365	8
3366	10
3367	3
3368	4
3369	9
3370	7
3371	7
3372	1
3373	2
3374	3
3375	8
3376	8
3377	8
3378	3
3379	5
3380	3
3381	6
3382	5
3383	2
3384	1
3385	5
3386	4
3387	10
3388	10
3389	5
3390	7
3391	6
3392	8
3393	5
3394	6
3395	7
3396	6
3397	2
3398	4
3399	4
3400	6
3401	8
3402	5
3403	2
3404	2
3405	6
3406	6
3407	5
3408	4
3409	3
3410	6
3411	8
3412	6
3413	7
3414	8
3415	5
3416	6
3417	11
3418	5
3419	4
3420	8
3421	5
3422	6
3423	7
3424	5
3425	10
3426	3
3427	4
3428	8
3429	6
3430	6
3431	4
3432	6
3433	6
3434	2
3435	6
3436	4
3437	7
3438	4
3439	3
3440	2
3441	6
3442	2
3443	6
3444	5
3445	6
3446	8
3447	2
3448	2
3449	4
3450	7
3451	4
3452	8
3453	6
3454	7
3455	6
3456	3
3457	2
3458	8
3459	4
3460	4
3461	6
3462	7
3463	1
3464	5
3465	4
3466	8
3467	11
3468	1
3469	2
3470	6
3471	10
3472	8
3473	8
3474	1
3475	5
3476	5
3477	8
3478	8
3479	3
3480	1
3481	3
3482	5
3483	6
3484	5
3485	17
3486	5
3487	10
3488	10
3489	8
3490	10
3491	2
3492	5
3493	3
3494	7
3495	5
3496	6
3497	6
3498	7
3499	5
3500	8
3501	1
3502	4
3503	2
3504	5
3505	8
3506	5
3507	7
3508	5
3509	2
3510	9
3511	6
3512	3
3513	7
3514	4
3515	6
3516	4
3517	4
3518	5
3519	8
3520	10
3521	3
3522	6
3523	5
3524	5
3525	5
3526	5
3527	7
3528	4
3529	4
3530	5
3531	7
3532	3
3533	6
3534	5
3535	4
3536	7
3537	7
3538	4
3539	4
3540	4
3541	4
3542	5
3543	3
3544	7
3545	5
3546	5
3547	10
3548	2
3549	1
3550	5
3551	9
3552	8
3553	7
3554	6
3555	6
3556	5
3557	3
3558	9
3559	5
3560	5
3561	2
3562	10
3563	7
3564	2
3565	3
3566	5
3567	6
3568	8
3569	4
3570	3
3571	6
3572	8
3573	3
3574	6
3575	6
3576	4
3577	8
3578	4
3579	5
3580	5
3581	6
3582	3
3583	4
3584	4
3585	5
3586	2
3587	4
3588	7
3589	9
3590	9
3591	2
3592	4
3593	4
3594	3
3595	2
3596	5
3597	5
3598	4
3599	7
3600	5
3601	4
3602	5
3603	8
3604	6
3605	2
3606	10
3607	5
3608	5
3609	7
3610	2
3611	6
3612	4
3613	8
3614	5
3615	4
3616	5
3617	3
3618	3
3619	7
3620	9
3621	4
3622	7
3623	1
3624	5
3625	4
3626	4
3627	7
3628	6
3629	6
3630	5
3631	5
3632	7
3633	4
3634	7
3635	4
3636	4
3637	10
3638	10
3639	5
3640	6
3641	4
3642	4
3643	5
3644	7
3645	2
3646	2
3647	3
3648	7
3649	7
3650	3
3651	3
3652	3
3653	4
3654	6
3655	8
3656	6
3657	4
3658	6
3659	4
3660	6
3661	8
3662	5
3663	3
3664	7
3665	8
3666	4
3667	7
3668	3
3669	7
3670	7
3671	3
3672	6
3673	2
3674	6
3675	3
3676	5
3677	6
3678	5
3679	5
3680	10
3681	8
3682	2
3683	3
3684	3
3685	3
3686	5
3687	9
3688	6
3689	4
3690	5
3691	3
3692	8
3693	1
3694	5
3695	7
3696	1
3697	8
3698	3
3699	1
3700	2
3701	5
3702	1
3703	5
3704	6
3705	4
3706	7
3707	4
3708	5
3709	4
3710	5
3711	3
3712	2
3713	11
3714	5
3715	5
3716	3
3717	3
3718	0
3719	8
3720	4
3721	4
3722	5
3723	3
3724	3
3725	6
3726	7
3727	7
3728	6
3729	5
3730	6
3731	10
3732	7
3733	5
3734	6
3735	4
3736	2
3737	8
3738	4
3739	4
3740	8
3741	5
3742	7
3743	8
3744	4
3745	5
3746	5
3747	6
3748	7
3749	6
3750	2
3751	4
3752	3
3753	9
3754	4
3755	5
3756	3
3757	4
3758	4
3759	3
3760	8
3761	6
3762	3
3763	5
3764	8
3765	3
3766	5
3767	7
3768	7
3769	7
3770	3
3771	8
3772	5
3773	2
3774	1
3775	3
3776	4
3777	3
3778	4
3779	4
3780	7
3781	4
3782	4
3783	1
3784	5
3785	4
3786	5
3787	10
3788	12
3789	3
3790	5
3791	4
3792	6
3793	8
3794	0
3795	6
3796	3
3797	7
3798	3
3799	4
3800	5
3801	6
3802	4
3803	5
3804	5
3805	3
3806	4
3807	3
3808	6
3809	5
3810	3
3811	2
3812	3
3813	8
3814	3
3815	1
3816	1
3817	5
3818	3
3819	3
3820	7
3821	6
3822	4
3823	3
3824	8
3825	4
3826	1
3827	4
3828	5
3829	6
3830	7
3831	10
3832	6
3833	5
3834	1
3835	4
3836	4
3837	5
3838	1
3839	7
3840	6
3841	5
3842	4
3843	1
3844	6
3845	1
3846	8
3847	4
3848	2
3849	7
3850	4
3851	5
3852	8
3853	3
3854	8
3855	8
3856	9
3857	10
3858	2
3859	2
3860	6
3861	6
3862	6
3863	3
3864	5
3865	8
3866	3
3867	3
3868	3
3869	6
3870	3
3871	4
3872	8
3873	3
3874	7
3875	2
3876	3
3877	6
3878	9
3879	6
3880	5
3881	2
3882	6
3883	7
3884	9
3885	7
3886	9
3887	2
3888	6
3889	4
3890	6
3891	5
3892	4
3893	8
3894	6
3895	2
3896	5
3897	4
3898	4
3899	2
3900	5
3901	10
3902	1
3903	6
3904	3
3905	8
3906	8
3907	8
3908	1
3909	6
3910	4
3911	3
3912	4
3913	5
3914	6
3915	1
3916	4
3917	4
3918	1
3919	6
3920	8
3921	4
3922	2
3923	2
3924	7
3925	1
3926	5
3927	5
3928	3
3929	8
3930	5
3931	6
3932	4
3933	10
3934	4
3935	7
3936	3
3937	2
3938	10
3939	6
3940	4
3941	9
3942	5
3943	2
3944	6
3945	3
3946	7
3947	3
3948	5
3949	0
3950	4
3951	1
3952	2
3953	2
3954	2
3955	4
3956	5
3957	6
3958	3
3959	4
3960	4
3961	5
3962	7
3963	3
3964	4
3965	2
3966	3
3967	0
3968	4
3969	1
3970	6
3971	5
3972	4
3973	2
3974	5
3975	5
3976	2
3977	3
3978	5
3979	6
3980	8
3981	5
3982	4
3983	6
3984	7
3985	10
3986	5
3987	3
3988	2
3989	1
3990	6
3991	5
3992	6
3993	3
3994	4
3995	2
3996	2
3997	6
3998	6
3999	2
4000	6
4001	5
4002	5
4003	3
4004	7
4005	4
4006	3
4007	4
4008	7
4009	5
4010	5
4011	3
4012	1
4013	3
4014	5
4015	0
4016	5
4017	7
4018	2
4019	5
4020	8
4021	7
4022	3
4023	3
4024	4
4025	6
4026	7
4027	1
4028	2
4029	3
4030	7
4031	6
4032	5
4033	7
4034	8
4035	4
4036	5
4037	9
4038	3
4039	2
4040	3
4041	1
4042	5
4043	2
4044	4
4045	6
4046	5
4047	4
4048	2
4049	2
4050	5
4051	3
4052	3
4053	3
4054	4
4055	4
4056	6
4057	5
4058	4
4059	5
4060	4
4061	10
4062	6
4063	7
4064	4
4065	10
4066	4
4067	7
4068	4
4069	4
4070	4
4071	1
4072	5
4073	7
4074	3
4075	2
4076	1
4077	9
4078	6
4079	3
4080	6
4081	5
4082	6
4083	1
4084	6
4085	1
4086	2
4087	4
4088	4
4089	4
4090	4
4091	4
4092	8
4093	3
4094	5
4095	5
4096	5
4097	6
4098	7
4099	3
4100	2
4101	8
4102	4
4103	2
4104	3
4105	6
4106	3
4107	4
4108	4
4109	8
4110	9
4111	3
4112	5
4113	4
4114	8
4115	7
4116	8
4117	4
4118	3
4119	10
4120	7
4121	2
4122	1
4123	7
4124	8
4125	5
4126	2
4127	5
4128	10
4129	5
4130	5
4131	5
4132	3
4133	6
4134	8
4135	6
4136	1
4137	6
4138	7
4139	6
4140	7
4141	2
4142	6
4143	3
4144	5
4145	6
4146	5
4147	7
4148	6
4149	6
4150	1
4151	2
4152	2
4153	7
4154	3
4155	3
4156	5
4157	4
4158	6
4159	7
4160	6
4161	8
4162	8
4163	5
4164	8
4165	9
4166	5
4167	6
4168	6
4169	4
4170	1
4171	6
4172	6
4173	9
4174	4
4175	3
4176	8
4177	5
4178	6
4179	3
4180	3
4181	7
4182	6
4183	7
4184	8
4185	6
4186	6
4187	5
4188	1
4189	4
4190	5
4191	4
4192	5
4193	3
4194	6
4195	5
4196	3
4197	3
4198	5
4199	5
4200	3
4201	2
4202	5
4203	1
4204	2
4205	14
4206	4
4207	2
4208	0
4209	3
4210	8
4211	3
4212	2
4213	7
4214	5
4215	2
4216	6
4217	6
4218	7
4219	6
4220	1
4221	7
4222	4
4223	4
4224	5
4225	4
4226	5
4227	2
4228	8
4229	9
4230	7
4231	3
4232	4
4233	1
4234	4
4235	1
4236	4
4237	6
4238	5
4239	6
4240	4
4241	5
4242	6
4243	2
4244	2
4245	8
4246	2
4247	3
4248	3
4249	2
4250	2
4251	5
4252	7
4253	4
4254	4
4255	6
4256	5
4257	1
4258	3
4259	2
4260	4
4261	6
4262	7
4263	6
4264	3
4265	7
4266	3
4267	5
4268	4
4269	5
4270	5
4271	8
4272	10
4273	2
4274	5
4275	0
4276	5
4277	3
4278	5
4279	9
4280	5
4281	6
4282	2
4283	0
4284	7
4285	5
4286	3
4287	3
4288	3
4289	5
4290	5
4291	6
4292	7
4293	3
4294	2
4295	1
4296	3
4297	5
4298	2
4299	4
4300	7
4301	5
4302	7
4303	8
4304	3
4305	7
4306	4
4307	5
4308	6
4309	4
4310	4
4311	2
4312	2
4313	7
4314	4
4315	4
4316	4
4317	1
4318	3
4319	2
4320	7
4321	5
4322	2
4323	2
4324	7
4325	3
4326	4
4327	4
4328	4
4329	9
4330	7
4331	6
4332	1
4333	3
4334	8
4335	8
4336	2
4337	5
4338	5
4339	4
4340	6
4341	2
4342	3
4343	3
4344	5
4345	3
4346	2
4347	2
4348	0
4349	3
4350	3
4351	2
4352	6
4353	2
4354	5
4355	5
4356	0
4357	2
4358	3
4359	7
4360	3
4361	1
4362	3
4363	7
4364	3
4365	4
4366	1
4367	4
4368	7
4369	5
4370	1
4371	2
4372	0
4373	0
4374	3
4375	4
4376	6
4377	3
4378	1
4379	2
4380	3
4381	4
4382	4
4383	2
4384	1
4385	1
4386	5
4387	3
4388	1
4389	3
4390	2
4391	3
4392	1
4393	2
4394	1
4395	1
4396	0
4397	2
4398	3
4399	4
4400	2
4401	4
4402	4
4403	3
4404	2
4405	3
4406	1
4407	2
4408	1
4409	4
4410	4
4411	2
4412	2
4413	8
4414	3
4415	2
4416	1
4417	7
4418	5
4419	1
4420	4
4421	2
4422	7
4423	3
4424	3
4425	3
4426	3
4427	0
4428	2
4429	0
4430	3
4431	1
4432	1
4433	3
4434	2
4435	1
4436	2
4437	2
4438	7
4439	5
4440	0
4441	3
4442	4
4443	3
4444	5
4445	2
4446	0
4447	2
4448	2
4449	6
4450	4
4451	3
4452	1
4453	1
4454	2
4455	0
4456	2
4457	1
4458	2
4459	3
4460	1
4461	1
4462	4
4463	2
4464	2
4465	0
4466	0
4467	7
4468	2
4469	0
4470	2
4471	1
4472	3
4473	3
4474	5
4475	4
4476	1
4477	5
4478	2
4479	5
4480	2
4481	1
4482	3
4483	6
4484	3
4485	0
4486	5
4487	4
4488	4
4489	5
4490	1
4491	4
4492	5
4493	5
4494	5
4495	2
4496	4
4497	3
4498	0
4499	3
4500	3
4501	4
4502	1
4503	4
4504	4
4505	4
4506	3
4507	3
4508	1
4509	1
4510	11
4511	1
4512	4
4513	3
4514	4
4515	3
4516	3
4517	5
4518	7
4519	2
4520	1
4521	1
4522	2
4523	5
4524	3
4525	3
4526	6
4527	4
4528	3
4529	4
4530	1
4531	4
4532	2
4533	1
4534	3
4535	1
4536	2
4537	9
4538	2
4539	4
4540	2
4541	4
4542	0
4543	2
4544	4
4545	4
4546	2
4547	3
4548	1
4549	2
4550	0
4551	4
4552	1
4553	5
4554	3
4555	6
4556	1
4557	2
4558	1
4559	8
4560	2
4561	1
4562	3
4563	1
4564	7
4565	6
4566	6
4567	4
4568	2
4569	3
4570	2
4571	3
4572	4
4573	4
4574	0
4575	6
4576	2
4577	1
4578	0
4579	6
4580	4
4581	1
4582	2
4583	2
4584	5
4585	2
4586	1
4587	7
4588	3
4589	3
4590	2
4591	6
4592	0
4593	2
4594	2
4595	2
4596	0
4597	3
4598	2
4599	2
4600	1
4601	2
4602	2
4603	1
4604	2
4605	1
4606	2
4607	3
4608	2
4609	3
4610	1
4611	2
4612	2
4613	3
4614	2
4615	2
4616	2
4617	4
4618	4
4619	3
4620	5
4621	2
4622	4
4623	0
4624	2
4625	5
4626	4
4627	3
4628	5
4629	0
4630	2
4631	4
4632	2
4633	1
4634	2
4635	5
4636	2
4637	1
4638	2
4639	5
4640	0
4641	2
4642	5
4643	3
4644	3
4645	2
4646	2
4647	2
4648	4
4649	1
4650	5
4651	1
4652	2
4653	5
4654	2
4655	2
4656	1
4657	1
4658	4
4659	4
4660	2
4661	1
4662	2
4663	5
4664	2
4665	2
4666	3
4667	2
4668	2
4669	1
4670	1
4671	3
4672	3
4673	2
4674	2
4675	1
4676	1
4677	1
4678	2
4679	3
4680	7
4681	2
4682	0
4683	2
4684	1
4685	2
4686	3
4687	3
4688	2
4689	4
4690	0
4691	3
4692	5
4693	1
4694	1
4695	2
4696	3
4697	3
4698	2
4699	1
4700	4
4701	5
4702	2
4703	3
4704	4
4705	1
4706	0
4707	2
4708	2
4709	0
4710	1
4711	2
4712	2
4713	0
4714	2
4715	3
4716	1
4717	0
4718	1
4719	0
4720	5
4721	2
4722	0
4723	1
4724	0
4725	1
4726	2
4727	4
4728	6
4729	4
4730	2
4731	2
4732	0
4733	2
4734	2
4735	5
4736	2
4737	1
4738	2
4739	2
4740	1
4741	3
4742	4
4743	1
4744	2
4745	5
4746	3
4747	3
4748	3
4749	1
4750	1
4751	3
4752	2
4753	2
4754	3
4755	1
4756	5
4757	3
4758	3
4759	1
4760	2
4761	3
4762	3
4763	2
4764	3
4765	1
4766	1
4767	2
4768	2
4769	2
4770	1
4771	1
4772	2
4773	3
4774	3
4775	0
4776	3
4777	1
4778	5
4779	1
4780	2
4781	3
4782	1
4783	1
4784	3
4785	2
4786	1
4787	3
4788	2
4789	1
4790	3
4791	1
4792	3
4793	3
4794	1
4795	1
4796	3
4797	1
4798	2
4799	1
4800	1
4801	1
4802	1
4803	1
4804	0
4805	1
4806	2
4807	3
4808	4
4809	1
4810	3
4811	2
4812	1
4813	0
4814	2
4815	3
4816	1
4817	1
4818	1
4819	3
4820	1
4821	2
4822	1
4823	5
4824	1
4825	2
4826	1
4827	2
4828	5
4829	4
4830	4
4831	2
4832	2
4833	0
4834	0
4835	4
4836	1
4837	1
4838	2
4839	1
4840	3
4841	2
4842	1
4843	2
4844	0
4845	0
4846	0
4847	1
4848	0
4849	0
4850	3
4851	1
4852	1
4853	1
4854	0
4855	3
4856	0
4857	3
4858	1
4859	2
4860	1
4861	0
4862	3
4863	2
4864	3
4865	1
4866	2
4867	1
4868	4
4869	1
4870	1
4871	1
4872	0
4873	0
4874	1
4875	1
4876	3
4877	0
4878	2
4879	1
4880	4
4881	3
4882	2
4883	2
4884	1
4885	0
4886	1
4887	4
4888	2
4889	1
4890	0
4891	1
4892	1
4893	1
4894	3
4895	1
4896	1
4897	2
4898	0
4899	0
4900	1
4901	1
4902	1
4903	0
4904	2
4905	3
4906	0
4907	0
4908	1
4909	0
4910	0
4911	0
4912	1
4913	1
4914	1
4915	0
4916	0
4917	0
4918	5
4919	0
4920	1
4921	1
4922	2
4923	0
4924	1
4925	1
4926	0
4927	3
4928	4
4929	4
4930	1
4931	0
4932	1
4933	1
4934	1
4935	0
4936	1
4937	1
4938	1
4939	2
4940	1
4941	0
4942	1
4943	0
4944	3
4945	0
4946	0
4947	0
4948	1
4949	2
4950	2
4951	1
4952	2
4953	2
4954	1
4955	2
4956	1
4957	1
4958	1
4959	1
4960	0
4961	0
4962	0
4963	2
4964	0
4965	0
4966	1
4967	0
4968	1
4969	0
4970	0
4971	0
4972	0
4973	2
4974	0
4975	2
4976	0
4977	2
4978	1
4979	0
4980	0
4981	0
4982	2
4983	2
4984	1
4985	2
4986	1
4987	1
4988	2
4989	1
4990	0
4991	1
4992	0
4993	1
4994	0
4995	2
4996	2
4997	0
4998	0
4999	0
5000	1
5001	0
5002	0
5003	2
5004	1
5005	1
5006	1
5007	0
5008	0
5009	1
5010	1
5011	4
5012	1
5013	3
5014	1
5015	0
5016	1
5017	0
5018	1
5019	0
5020	1
5021	1
5022	0
5023	0
5024	0
5025	2
5026	0
5027	1
5028	1
5029	0
5030	2
5031	2
5032	0
5033	2
5034	0
5035	0
5036	3
5037	1
5038	0
5039	0
5040	0
5041	0
5042	0
5043	1
5044	1
5045	1
5046	1
5047	1
5048	0
5049	1
5050	0
5051	0
5052	0
5053	1
5054	1
5055	1
5056	2
5057	0
5058	0
5059	0
5060	2
5061	0
5062	0
5063	0
5064	0
5065	1
5066	0
5067	0
5068	1
5069	1
5070	0
5071	0
5072	1
5073	1
5074	1
5075	1
5076	1
5077	0
5078	1
5079	1
5080	2
5081	1
5082	0
5083	1
5084	0
5085	0
5086	0
5087	2
5088	0
5089	0
5090	0
5091	1
5092	0
5093	0
5094	0
5095	1
5096	1
5097	1
5098	0
5099	1
5100	0
5101	1
5102	1
5103	0
5104	1
5105	0
5106	1
5107	0
5108	0
5109	1
5110	0
5111	1
5112	0
5113	1
5114	1
5115	0
5116	1
5117	0
5118	0
5119	1
5120	0
5121	0
5122	1
5123	0
5124	2
5125	1
5126	1
5127	0
5128	0
5129	1
5130	0
5131	0
5132	0
5133	1
5134	0
5135	1
5136	0
5137	1
5138	0
5139	0
5140	0
5141	0
5142	0
5143	4
5144	1
5145	0
5146	1
5147	1
5148	0
5149	0
5150	0
5151	1
5152	0
5153	0
5154	0
5155	0
5156	0
5157	0
5158	0
5159	1
5160	1
5161	1
5162	0
5163	1
5164	0
5165	0
5166	0
5167	0
5168	0
5169	0
5170	0
5171	0
5172	0
5173	0
5174	0
5175	1
5176	1
5177	0
5178	0
5179	1
5180	2
5181	2
5182	2
5183	0
5184	0
5185	0
5186	1
5187	0
5188	0
5189	2
5190	1
5191	0
5192	0
5193	1
5194	0
5195	1
5196	0
5197	0
5198	0
5199	2
5200	1
5201	1
5202	1
5203	2
5204	2
5205	0
5206	1
5207	1
5208	1
5209	0
5210	1
5211	0
5212	1
5213	0
5214	1
5215	0
5216	0
5217	0
5218	1
5219	1
5220	1
5221	0
5222	0
5223	1
5224	0
5225	0
5226	0
5227	1
5228	0
5229	1
5230	0
5231	0
5232	1
5233	0
5234	1
5235	1
5236	0
5237	0
5238	0
5239	1
5240	2
5241	0
5242	1
5243	0
5244	1
5245	1
5246	1
5247	1
5248	1
5249	0
5250	0
5251	0
5252	0
5253	1
5254	1
5255	1
5256	0
5257	1
5258	2
5259	0
5260	1
5261	0
5262	0
5263	0
5264	0
5265	0
5266	1
5267	2
5268	0
5269	1
5270	1
5271	0
5272	0
5273	0
5274	0
5275	1
5276	0
5277	1
5278	0
5279	0
5280	1
5281	1
5282	0
5283	1
5284	1
5285	1
5286	1
5287	0
5288	0
5289	2
5290	1
5291	1
5292	0
5293	1
5294	1
5295	0
5296	1
5297	1
5298	2
5299	1
5300	1
5301	0
5302	1
5303	2
5304	0
5305	0
5306	0
5307	0
5308	0
5309	2
5310	0
5311	0
5312	0
5313	0
5314	2
5315	0
5316	1
5317	0
5318	1
5319	0
5320	1
5321	0
5322	0
5323	0
5324	0
5325	2
5326	1
5327	1
5328	0
5329	1
5330	0
5331	1
5332	0
5333	1
5334	1
5335	0
5336	2
5337	0
5338	0
5339	0
5340	0
5341	0
5342	0
5343	1
5344	1
5345	0
5346	1
5347	1
5348	0
5349	1
5350	0
5351	0
5352	0
5353	1
5354	0
5355	0
5356	1
5357	0
5358	0
5359	4
5360	0
5361	2
5362	0
5363	2
5364	0
5365	0
5366	1
5367	1
5368	1
5369	1
5370	0
5371	2
5372	1
5373	1
5374	0
5375	0
5376	1
5377	0
5378	0
5379	1
5380	3
5381	1
5382	1
5383	0
5384	0
5385	0
5386	1
5387	0
5388	0
5389	1
5390	1
5391	1
5392	1
5393	0
5394	2
5395	0
5396	1
5397	1
5398	0
5399	0
5400	1
5401	0
5402	1
5403	2
5404	1
5405	1
5406	0
5407	0
5408	0
5409	0
5410	0
5411	1
5412	0
5413	0
5414	2
5415	1
5416	0
5417	1
5418	0
5419	0
5420	2
5421	0
5422	1
5423	1
5424	0
5425	0
5426	1
5427	1
5428	1
5429	0
5430	0
5431	1
5432	1
5433	0
5434	0
5435	2
5436	1
5437	0
5438	0
5439	0
5440	0
5441	0
5442	1
5443	1
5444	1
5445	0
5446	1
5447	0
5448	0
5449	0
5450	2
5451	0
5452	0
5453	0
5454	1
5455	1
5456	1
5457	1
5458	0
5459	1
5460	1
5461	0
5462	1
5463	0
5464	0
5465	0
5466	0
5467	0
5468	0
5469	1
5470	2
5471	0
5472	1
5473	1
5474	1
5475	0
5476	1
5477	1
5478	0
5479	0
5480	0
5481	0
5482	0
5483	0
5484	0
5485	1
5486	0
5487	0
5488	1
5489	1
5490	0
5491	0
5492	1
5493	1
5494	0
5495	1
5496	0
5497	1
5498	0
5499	0
5500	1
5501	0
5502	1
5503	0
5504	1
5505	2
5506	0
5507	2
5508	0
5509	0
5510	0
5511	0
5512	0
5513	1
5514	1
5515	1
5516	0
5517	1
5518	0
5519	0
5520	0
5521	1
5522	0
5523	0
5524	0
5525	0
5526	0
5527	0
5528	0
5529	0
5530	0
5531	0
5532	0
5533	3
5534	1
5535	0
5536	1
5537	0
5538	1
5539	2
5540	0
5541	0
5542	0
5543	1
5544	0
5545	0
5546	0
5547	0
5548	0
5549	1
5550	4
5551	0
5552	0
5553	0
5554	0
5555	1
5556	2
5557	0
5558	1
5559	1
5560	1
5561	1
5562	0
5563	0
5564	0
5565	2
5566	1
5567	1
5568	0
5569	0
5570	1
5571	3
5572	0
5573	1
5574	0
5575	2
5576	0
5577	0
5578	0
5579	1
5580	0
5581	0
5582	0
5583	0
5584	1
5585	0
5586	0
5587	0
5588	0
5589	0
5590	0
5591	0
5592	0
5593	0
5594	1
5595	1
5596	0
5597	1
5598	0
5599	0
5600	1
5601	0
5602	0
5603	0
5604	0
5605	2
5606	0
5607	0
5608	0
5609	0
5610	0
5611	0
5612	1
5613	1
5614	1
5615	0
5616	1
5617	0
5618	0
5619	2
5620	1
5621	1
5622	1
5623	1
5624	0
5625	1
5626	0
5627	1
5628	0
5629	0
5630	0
5631	1
5632	1
5633	0
5634	0
5635	0
5636	1
5637	0
5638	1
5639	0
5640	0
5641	1
5642	0
5643	0
5644	0
5645	1
5646	1
5647	0
5648	1
5649	2
5650	0
5651	0
5652	0
5653	0
5654	0
5655	0
5656	0
5657	1
5658	1
5659	1
5660	0
5661	0
5662	0
5663	0
5664	1
5665	2
5666	0
5667	0
5668	1
5669	2
5670	1
5671	0
5672	0
5673	0
5674	0
5675	1
5676	0
5677	0
5678	0
5679	0
5680	2
5681	0
5682	0
5683	0
5684	0
5685	0
5686	1
5687	0
5688	0
5689	0
5690	0
5691	1
5692	0
5693	1
5694	0
5695	3
5696	0
5697	0
5698	0
5699	1
5700	0
5701	0
5702	0
5703	0
5704	0
5705	0
5706	0
5707	0
5708	1
5709	1
5710	0
5711	2
5712	0
5713	0
5714	2
5715	0
5716	2
5717	1
5718	0
5719	2
5720	3
5721	0
5722	1
5723	0
5724	0
5725	0
5726	0
5727	0
5728	0
5729	0
5730	1
5731	0
5732	0
5733	0
5734	0
5735	2
5736	1
5737	0
5738	0
5739	0
5740	1
5741	0
5742	1
5743	0
5744	1
5745	2
5746	0
5747	1
5748	1
5749	0
5750	1
5751	0
5752	1
5753	0
5754	1
5755	1
5756	1
5757	1
5758	0
5759	0
5760	1
5761	0
5762	1
5763	1
5764	0
5765	0
5766	0
5767	1
5768	0
5769	0
5770	0
5771	1
5772	1
5773	1
5774	0
5775	0
5776	1
5777	2
5778	0
5779	0
5780	1
5781	0
5782	0
5783	0
5784	0
5785	0
5786	0
5787	0
5788	1
5789	0
5790	1
5791	0
5792	1
5793	2
5794	0
5795	0
5796	0
5797	1
5798	0
5799	1
5800	1
5801	0
5802	2
5803	0
5804	0
5805	1
5806	0
5807	0
5808	0
5809	0
5810	0
5811	0
5812	0
5813	0
5814	0
5815	1
5816	1
5817	0
5818	0
5819	0
5820	0
5821	0
5822	0
5823	1
5824	0
5825	0
5826	0
5827	2
5828	1
5829	0
5830	0
5831	0
5832	1
5833	0
5834	1
5835	2
5836	1
5837	1
5838	0
5839	0
5840	0
5841	1
5842	1
5843	1
5844	2
5845	0
5846	1
5847	0
5848	0
5849	0
5850	0
5851	0
5852	0
5853	0
5854	1
5855	3
5856	0
5857	0
5858	3
5859	0
5860	0
5861	0
5862	2
5863	0
5864	0
5865	2
5866	1
5867	1
5868	0
5869	1
5870	1
5871	0
5872	0
5873	2
5874	2
5875	0
5876	1
5877	0
5878	0
5879	0
5880	1
5881	1
5882	0
5883	0
5884	1
5885	1
5886	0
5887	0
5888	0
5889	0
5890	1
5891	0
5892	0
5893	0
5894	0
5895	0
5896	1
5897	0
5898	0
5899	2
5900	0
5901	0
5902	1
5903	0
5904	1
5905	0
5906	0
5907	1
5908	0
5909	0
5910	0
5911	0
5912	0
5913	1
5914	0
5915	0
5916	0
5917	0
5918	0
5919	1
5920	0
5921	0
5922	0
5923	0
5924	1
5925	0
5926	3
5927	0
5928	0
5929	0
5930	0
5931	0
5932	0
5933	1
5934	0
5935	1
5936	0
5937	0
5938	0
5939	0
5940	2
5941	0
5942	1
5943	0
5944	0
5945	2
5946	0
5947	0
5948	1
5949	1
5950	0
5951	0
5952	0
5953	0
5954	0
5955	0
5956	0
5957	1
5958	0
5959	0
5960	1
5961	0
5962	0
5963	1
5964	1
5965	1
5966	0
5967	0
5968	0
5969	1
5970	0
5971	0
5972	0
5973	1
5974	0
5975	0
5976	1
5977	1
5978	0
5979	0
5980	0
5981	1
5982	0
5983	1
5984	1
5985	0
5986	0
5987	1
5988	1
5989	0
5990	0
5991	0
5992	1
5993	0
5994	0
5995	1
5996	0
5997	3
5998	0
5999	0
6000	0
6001	1
6002	0
6003	1
6004	0
6005	0
6006	2
6007	1
6008	1
6009	0
6010	1
6011	1
6012	0
6013	0
6014	1
6015	0
6016	0
6017	0
6018	0
6019	1
6020	1
6021	0
6022	0
6023	0
6024	0
6025	1
6026	0
6027	0
6028	1
6029	1
6030	0
6031	0
6032	0
6033	0
6034	0
6035	2
6036	0
6037	1
6038	0
6039	3
6040	1
6041	0
6042	1
6043	0
6044	0
6045	0
6046	0
6047	0
6048	1
6049	0
6050	1
6051	0
6052	0
6053	1
6054	0
6055	0
6056	1
6057	1
6058	0
6059	0
6060	0
6061	1
6062	0
6063	1
6064	1
6065	1
6066	1
6067	0
6068	0
6069	0
6070	0
6071	0
6072	0
6073	0
6074	0
6075	0
6076	1
6077	1
6078	0
6079	2
6080	1
6081	3
6082	1
6083	0
6084	0
6085	0
6086	0
6087	0
6088	0
6089	0
6090	0
6091	0
6092	0
6093	1
6094	1
6095	0
6096	0
6097	0
6098	0
6099	0
6100	3
6101	0
6102	0
6103	2
6104	0
6105	1
6106	0
6107	0
6108	1
6109	0
6110	1
6111	0
6112	0
6113	0
6114	1
6115	0
6116	0
6117	1
6118	0
6119	0
6120	1
6121	0
6122	0
6123	0
6124	0
6125	2
6126	1
6127	1
6128	1
6129	0
6130	2
6131	0
6132	0
6133	0
6134	0
6135	0
6136	0
6137	0
6138	1
6139	0
6140	0
6141	0
6142	0
6143	0
6144	0
6145	2
6146	0
6147	1
6148	0
6149	0
6150	3
6151	0
6152	0
6153	0
6154	0
6155	2
6156	0
6157	1
6158	1
6159	2
6160	0
6161	0
6162	1
6163	1
6164	1
6165	0
6166	0
6167	0
6168	1
6169	0
6170	0
6171	0
6172	0
6173	0
6174	0
6175	0
6176	0
6177	1
6178	0
6179	0
6180	0
6181	1
6182	0
6183	1
6184	1
6185	0
6186	0
6187	0
6188	0
6189	1
6190	0
6191	1
6192	0
6193	0
6194	1
6195	0
6196	1
6197	1
6198	0
6199	0
6200	1
6201	2
6202	0
6203	1
6204	0
6205	0
6206	2
6207	0
6208	0
6209	0
6210	0
6211	1
6212	0
6213	0
6214	1
6215	0
6216	1
6217	0
6218	0
6219	1
6220	1
6221	0
6222	0
6223	0
6224	0
6225	1
6226	0
6227	0
6228	1
6229	1
6230	0
6231	1
6232	2
6233	0
6234	2
6235	0
6236	0
6237	0
6238	0
6239	0
6240	2
6241	0
6242	2
6243	0
6244	1
6245	0
6246	1
6247	1
6248	0
6249	0
6250	1
6251	0
6252	0
6253	1
6254	0
6255	0
6256	0
6257	0
6258	0
6259	0
6260	0
6261	0
6262	0
6263	1
6264	1
6265	1
6266	0
6267	0
6268	0
6269	1
6270	0
6271	0
6272	1
6273	3
6274	0
6275	0
6276	0
6277	1
6278	1
6279	1
6280	1
6281	0
6282	1
6283	0
6284	0
6285	0
6286	0
6287	0
6288	1
6289	1
6290	0
6291	0
6292	0
6293	2
6294	1
6295	1
6296	1
6297	3
6298	1
6299	0
6300	0
6301	0
6302	0
6303	0
6304	0
6305	2
6306	1
6307	1
6308	1
6309	0
6310	0
6311	0
6312	0
6313	1
6314	0
6315	1
6316	0
6317	0
6318	0
6319	0
6320	1
6321	0
6322	0
6323	0
6324	0
6325	2
6326	0
6327	1
6328	0
6329	1
6330	0
6331	0
6332	2
6333	2
6334	0
6335	0
6336	0
6337	1
6338	1
6339	1
6340	1
6341	1
6342	1
6343	0
6344	0
6345	0
6346	0
6347	1
6348	0
6349	0
6350	1
6351	0
6352	1
6353	0
6354	0
6355	0
6356	0
6357	0
6358	2
6359	0
6360	0
6361	1
6362	0
6363	1
6364	0
6365	1
6366	1
6367	0
6368	0
6369	2
6370	1
6371	0
6372	1
6373	0
6374	1
6375	1
6376	1
6377	0
6378	0
6379	0
6380	0
6381	0
6382	0
6383	2
6384	0
6385	0
6386	0
6387	1
6388	1
6389	0
6390	0
6391	0
6392	0
6393	1
6394	0
6395	0
6396	1
6397	1
6398	0
6399	0
6400	0
6401	1
6402	0
6403	0
6404	0
6405	1
6406	0
6407	0
6408	0
6409	1
6410	1
6411	0
6412	1
6413	0
6414	0
6415	0
6416	0
6417	1
6418	1
6419	0
6420	1
6421	0
6422	1
6423	0
6424	0
6425	1
6426	0
6427	0
6428	0
6429	0
6430	0
6431	0
6432	1
6433	0
6434	0
6435	0
6436	1
6437	2
6438	0
6439	0
6440	0
6441	1
6442	1
6443	1
6444	2
6445	0
6446	0
6447	1
6448	0
6449	0
6450	1
6451	0
6452	0
6453	0
6454	0
6455	0
6456	1
6457	2
6458	0
6459	1
6460	1
6461	2
6462	0
6463	0
6464	1
6465	0
6466	0
6467	0
6468	1
6469	0
6470	2
6471	1
6472	0
6473	0
6474	0
6475	1
6476	1
6477	0
6478	1
6479	0
6480	1
6481	0
6482	0
6483	1
6484	1
6485	0
6486	0
6487	1
6488	0
6489	0
6490	1
6491	0
6492	0
6493	0
6494	5
6495	0
6496	0
6497	0
6498	1
6499	0
6500	1
6501	0
6502	1
6503	1
6504	0
6505	0
6506	0
6507	0
6508	0
6509	1
6510	1
6511	1
6512	1
6513	1
6514	2
6515	3
6516	0
6517	1
6518	0
6519	1
6520	2
6521	0
6522	1
6523	1
6524	2
6525	0
6526	0
6527	1
6528	0
6529	1
6530	0
6531	0
6532	1
6533	1
6534	2
6535	0
6536	0
6537	0
6538	0
6539	1
6540	0
6541	0
6542	0
6543	0
6544	1
6545	2
6546	1
6547	1
6548	0
6549	0
6550	0
6551	0
6552	0
6553	0
6554	0
6555	2
6556	0
6557	0
6558	0
6559	1
6560	3
6561	2
6562	1
6563	0
6564	1
6565	1
6566	1
6567	1
6568	0
6569	0
6570	0
6571	0
6572	1
6573	0
6574	0
6575	1
6576	1
6577	0
6578	0
6579	0
6580	0
6581	0
6582	0
6583	0
6584	1
6585	1
6586	1
6587	1
6588	1
6589	0
6590	0
6591	0
6592	1
6593	1
6594	0
6595	0
6596	1
6597	0
6598	1
6599	0
6600	1
6601	0
6602	0
6603	1
6604	1
6605	0
6606	0
6607	0
6608	0
6609	0
6610	1
6611	1
6612	1
6613	1
6614	1
6615	0
6616	0
6617	0
6618	0
6619	1
6620	1
6621	2
6622	2
6623	0
6624	1
6625	0
6626	0
6627	0
6628	0
6629	2
6630	0
6631	1
6632	0
6633	0
6634	0
6635	0
6636	0
6637	0
6638	0
6639	1
6640	0
6641	0
6642	1
6643	0
6644	0
6645	0
6646	0
6647	3
6648	1
6649	0
6650	0
6651	0
6652	0
6653	2
6654	0
6655	0
6656	0
6657	1
6658	0
6659	1
6660	2
6661	0
6662	1
6663	0
6664	1
6665	0
6666	0
6667	1
6668	0
6669	0
6670	0
6671	0
6672	1
6673	2
6674	1
6675	1
6676	0
6677	1
6678	0
6679	1
6680	0
6681	0
6682	0
6683	0
6684	0
6685	1
6686	0
6687	0
6688	0
6689	0
6690	2
6691	0
6692	0
6693	0
6694	1
6695	1
6696	0
6697	1
6698	0
6699	0
6700	0
6701	0
6702	2
6703	0
6704	0
6705	0
6706	0
6707	1
6708	1
6709	0
6710	0
6711	0
6712	0
6713	1
6714	0
6715	1
6716	2
6717	0
6718	0
6719	1
6720	0
6721	0
6722	0
6723	0
6724	0
6725	0
6726	1
6727	2
6728	1
6729	0
6730	0
6731	0
6732	0
6733	1
6734	1
6735	1
6736	0
6737	0
6738	0
6739	0
6740	1
6741	1
6742	1
6743	0
6744	0
6745	0
6746	0
6747	0
6748	0
6749	1
6750	0
6751	2
6752	0
6753	0
6754	1
6755	0
6756	0
6757	0
6758	0
6759	1
6760	0
6761	0
6762	1
6763	0
6764	0
6765	1
6766	0
6767	0
6768	0
6769	0
6770	0
6771	0
6772	0
6773	0
6774	0
6775	0
6776	1
6777	0
6778	1
6779	0
6780	0
6781	0
6782	0
6783	0
6784	1
6785	0
6786	0
6787	0
6788	0
6789	0
6790	2
6791	1
6792	0
6793	1
6794	0
6795	2
6796	0
6797	0
6798	0
6799	1
6800	0
6801	1
6802	0
6803	0
6804	1
6805	0
6806	0
6807	0
6808	0
6809	1
6810	2
6811	0
6812	0
6813	0
6814	0
6815	1
6816	1
6817	0
6818	0
6819	0
6820	0
6821	0
6822	1
6823	0
6824	0
6825	0
6826	0
6827	1
6828	0
6829	1
6830	0
6831	1
6832	0
6833	0
6834	0
6835	0
6836	1
6837	0
6838	0
6839	2
6840	0
6841	0
6842	0
6843	0
6844	1
6845	0
6846	0
6847	0
6848	0
6849	0
6850	0
6851	0
6852	1
6853	0
6854	0
6855	0
6856	0
6857	0
6858	1
6859	0
6860	0
6861	0
6862	0
6863	0
6864	0
6865	0
6866	1
6867	3
6868	0
6869	0
6870	0
6871	0
6872	1
6873	0
6874	2
6875	0
6876	3
6877	1
6878	0
6879	1
6880	0
6881	1
6882	0
6883	0
6884	0
6885	0
6886	0
6887	1
6888	1
6889	0
6890	0
6891	1
6892	0
6893	3
6894	0
6895	1
6896	1
6897	0
6898	1
6899	0
6900	0
6901	0
6902	0
6903	2
6904	0
6905	1
6906	0
6907	0
6908	1
6909	0
6910	0
6911	0
6912	0
6913	0
6914	0
6915	1
6916	0
6917	0
6918	0
6919	0
6920	1
6921	0
6922	0
6923	0
6924	0
6925	2
6926	0
6927	0
6928	1
6929	0
6930	1
6931	0
6932	1
6933	0
6934	0
6935	0
6936	0
6937	1
6938	0
6939	0
6940	0
6941	0
6942	1
6943	0
6944	1
6945	0
6946	0
6947	1
6948	0
6949	1
6950	0
6951	0
6952	2
6953	0
6954	1
6955	0
6956	0
6957	0
6958	0
6959	0
6960	0
6961	1
6962	0
6963	1
6964	0
6965	0
6966	0
6967	0
6968	0
6969	0
6970	0
6971	1
6972	1
6973	0
6974	0
6975	1
6976	0
6977	0
6978	0
6979	0
6980	0
6981	0
6982	1
6983	0
6984	0
6985	0
6986	0
6987	0
6988	0
6989	0
6990	2
6991	0
6992	1
6993	0
6994	0
6995	1
6996	1
6997	0
6998	0
6999	0
7000	1
7001	0
7002	0
7003	0
7004	1
7005	2
7006	0
7007	0
7008	0
7009	1
7010	0
7011	0
7012	0
7013	0
7014	0
7015	2
7016	0
7017	0
7018	0
7019	0
7020	1
7021	0
7022	0
7023	0
7024	0
7025	0
7026	0
7027	0
7028	0
7029	1
7030	0
7031	1
7032	0
7033	0
7034	3
7035	1
7036	1
7037	2
7038	0
7039	0
7040	2
7041	0
7042	1
7043	0
7044	1
7045	1
7046	0
7047	0
7048	0
7049	0
7050	2
7051	1
7052	1
7053	1
7054	0
7055	0
7056	1
7057	1
7058	0
7059	1
7060	0
7061	0
7062	2
7063	0
7064	1
7065	0
7066	0
7067	0
7068	1
7069	0
7070	0
7071	0
7072	0
7073	1
7074	0
7075	1
7076	0
7077	0
7078	0
7079	0
7080	0
7081	0
7082	2
7083	0
7084	0
7085	0
7086	0
7087	0
7088	0
7089	0
7090	0
7091	0
7092	0
7093	0
7094	0
7095	0
7096	1
7097	0
7098	0
7099	0
7100	0
7101	1
7102	0
7103	0
7104	0
7105	0
7106	0
7107	0
7108	0
7109	1
7110	1
7111	0
7112	1
7113	0
7114	1
7115	2
7116	0
7117	1
7118	0
7119	0
7120	0
7121	2
7122	1
7123	0
7124	0
7125	1
7126	0
7127	1
7128	0
7129	0
7130	0
7131	1
7132	0
7133	0
7134	0
7135	0
7136	0
7137	0
7138	0
7139	1
7140	0
7141	0
7142	0
7143	0
7144	0
7145	0
7146	0
7147	0
7148	0
7149	2
7150	0
7151	1
7152	1
7153	0
7154	0
7155	0
7156	0
7157	0
7158	0
7159	0
7160	1
7161	1
7162	0
7163	0
7164	0
7165	1
7166	0
7167	1
7168	1
7169	0
7170	0
7171	0
7172	0
7173	0
7174	1
7175	0
7176	0
7177	0
7178	0
7179	0
7180	0
7181	0
7182	1
7183	0
7184	0
7185	0
7186	0
7187	0
7188	0
7189	0
7190	0
7191	0
7192	0
7193	0
7194	1
7195	0
7196	0
7197	0
7198	0
7199	0
7200	0
7201	0
7202	0
7203	1
7204	0
7205	0
7206	0
7207	0
7208	0
7209	0
7210	0
7211	0
7212	0
7213	0
7214	0
7215	0
7216	0
7217	1
7218	0
7219	0
7220	0
7221	0
7222	0
7223	2
7224	0
7225	1
7226	1
7227	1
7228	1
7229	0
7230	0
7231	0
7232	0
7233	1
7234	1
7235	0
7236	0
7237	1
7238	1
7239	0
7240	0
7241	1
7242	0
7243	1
7244	0
7245	1
7246	0
7247	0
7248	0
7249	1
7250	1
7251	0
7252	1
7253	2
7254	0
7255	0
7256	0
7257	0
7258	0
7259	0
7260	0
7261	1
7262	0
7263	0
7264	0
7265	0
7266	0
7267	1
7268	0
7269	0
7270	1
7271	0
7272	0
7273	0
7274	0
7275	1
7276	0
7277	0
7278	1
7279	0
7280	0
7281	0
7282	1
7283	0
7284	0
7285	1
7286	0
7287	0
7288	0
7289	0
7290	0
7291	0
7292	1
7293	1
7294	0
7295	0
7296	0
7297	0
7298	0
7299	0
7300	0
7301	0
7302	0
7303	0
7304	0
7305	1
7306	0
7307	0
7308	0
7309	1
7310	0
7311	0
7312	0
7313	0
7314	0
7315	1
7316	0
7317	0
7318	0
7319	2
7320	0
7321	0
7322	0
7323	1
7324	0
7325	1
7326	0
7327	1
7328	0
7329	0
7330	0
7331	1
7332	0
7333	0
7334	1
7335	1
7336	0
7337	1
7338	0
7339	0
7340	0
7341	1
7342	1
7343	0
7344	0
7345	0
7346	1
7347	0
7348	0
7349	0
7350	0
7351	0
7352	0
7353	0
7354	0
7355	0
7356	0
7357	0
7358	0
7359	0
7360	0
7361	0
7362	0
7363	0
7364	0
7365	0
7366	0
7367	0
7368	1
7369	0
7370	0
7371	0
7372	0
7373	0
7374	0
7375	0
7376	1
7377	0
7378	0
7379	1
7380	1
7381	0
7382	1
7383	0
7384	1
7385	0
7386	0
7387	0
7388	2
7389	0
7390	1
7391	1
7392	0
7393	2
7394	1
7395	0
7396	0
7397	0
7398	0
7399	0
7400	1
7401	0
7402	0
7403	0
7404	1
7405	0
7406	0
7407	0
7408	1
7409	0
7410	0
7411	1
7412	0
7413	1
7414	1
7415	0
7416	1
7417	0
7418	0
7419	1
7420	0
7421	0
7422	1
7423	0
7424	1
7425	0
7426	1
7427	2
7428	0
7429	0
7430	0
7431	0
7432	0
7433	0
7434	0
7435	0
7436	0
7437	0
7438	0
7439	1
7440	0
7441	0
7442	0
7443	1
7444	0
7445	1
7446	0
7447	1
7448	0
7449	0
7450	0
7451	0
7452	0
7453	1
7454	0
7455	0
7456	0
7457	1
7458	0
7459	1
7460	1
7461	1
7462	0
7463	0
7464	0
7465	0
7466	0
7467	0
7468	0
7469	0
7470	1
7471	1
7472	0
7473	0
7474	0
7475	0
7476	2
7477	0
7478	0
7479	0
7480	0
7481	0
7482	1
7483	1
7484	0
7485	1
7486	1
7487	0
7488	1
7489	0
7490	0
7491	1
7492	0
7493	0
7494	0
7495	0
7496	0
7497	2
7498	0
7499	0
7500	1
7501	0
7502	0
7503	0
7504	0
7505	0
7506	1
7507	0
7508	0
7509	1
7510	0
7511	0
7512	0
7513	0
7514	0
7515	0
7516	0
7517	0
7518	0
7519	0
7520	1
7521	1
7522	0
7523	1
7524	0
7525	0
7526	1
7527	0
7528	1
7529	0
7530	1
7531	1
7532	1
7533	0
7534	0
7535	0
7536	0
7537	1
7538	0
7539	0
7540	0
7541	0
7542	0
7543	0
7544	0
7545	1
7546	0
7547	1
7548	2
7549	0
7550	1
7551	1
7552	0
7553	1
7554	1
7555	0
7556	1
7557	1
7558	0
7559	1
7560	0
7561	0
7562	0
7563	0
7564	0
7565	0
7566	0
7567	0
7568	0
7569	1
7570	0
7571	0
7572	0
7573	0
7574	0
7575	1
7576	0
7577	0
7578	0
7579	0
7580	0
7581	0
7582	0
7583	2
7584	1
7585	0
7586	0
7587	0
7588	1
7589	1
7590	0
7591	1
7592	0
7593	0
7594	0
7595	1
7596	0
7597	0
7598	0
7599	1
7600	0
7601	0
7602	0
7603	0
7604	0
7605	0
7606	0
7607	0
7608	0
7609	2
7610	2
7611	0
7612	0
7613	1
7614	1
7615	0
7616	0
7617	0
7618	1
7619	0
7620	1
7621	0
7622	0
7623	1
7624	0
7625	0
7626	1
7627	0
7628	2
7629	0
7630	1
7631	1
7632	0
7633	1
7634	0
7635	0
7636	3
7637	1
7638	0
7639	0
7640	0
7641	0
7642	0
7643	0
7644	0
7645	0
7646	0
7647	0
7648	1
7649	1
7650	0
7651	0
7652	0
7653	0
7654	0
7655	2
7656	0
7657	1
7658	2
7659	0
7660	0
7661	0
7662	1
7663	1
7664	0
7665	0
7666	2
7667	0
7668	1
7669	1
7670	0
7671	0
7672	1
7673	0
7674	0
7675	0
7676	0
7677	0
7678	0
7679	1
7680	0
7681	0
7682	0
7683	0
7684	1
7685	0
7686	0
7687	1
7688	0
7689	0
7690	1
7691	0
7692	0
7693	0
7694	0
7695	0
7696	0
7697	0
7698	0
7699	0
7700	1
7701	0
7702	0
7703	0
7704	0
7705	0
7706	0
7707	1
7708	1
7709	0
7710	0
7711	0
7712	1
7713	0
7714	0
7715	0
7716	0
7717	0
7718	1
7719	0
7720	0
7721	0
7722	0
7723	0
7724	1
7725	0
7726	1
7727	0
7728	0
7729	0
7730	0
7731	0
7732	0
7733	0
7734	1
7735	0
7736	0
7737	1
7738	0
7739	0
7740	0
7741	1
7742	0
7743	0
7744	0
7745	1
7746	1
7747	0
7748	0
7749	0
7750	0
7751	1
7752	1
7753	0
7754	1
7755	1
7756	0
7757	0
7758	0
7759	0
7760	0
7761	1
7762	1
7763	1
7764	0
7765	1
7766	0
7767	0
7768	0
7769	0
7770	0
7771	0
7772	0
7773	0
7774	1
7775	0
7776	3
7777	0
7778	0
7779	0
7780	0
7781	2
7782	0
7783	1
7784	0
7785	1
7786	0
7787	0
7788	0
7789	0
7790	0
7791	1
7792	1
7793	0
7794	0
7795	0
7796	0
7797	0
7798	0
7799	1
7800	0
7801	1
7802	0
7803	0
7804	1
7805	0
7806	1
7807	2
7808	0
7809	1
7810	0
7811	0
7812	1
7813	0
7814	1
7815	0
7816	0
7817	0
7818	1
7819	0
7820	0
7821	1
7822	0
7823	0
7824	1
7825	1
7826	0
7827	2
7828	0
7829	6
7830	0
7831	0
7832	0
7833	0
7834	0
7835	0
7836	0
7837	0
7838	0
7839	0
7840	0
7841	1
7842	1
7843	0
7844	0
7845	2
7846	0
7847	0
7848	0
7849	1
7850	1
7851	0
7852	0
7853	1
7854	0
7855	0
7856	0
7857	0
7858	0
7859	0
7860	1
7861	0
7862	0
7863	0
7864	1
7865	0
7866	1
7867	1
7868	0
7869	1
7870	0
7871	0
7872	0
7873	0
7874	0
7875	0
7876	0
7877	0
7878	0
7879	0
7880	0
7881	0
7882	0
7883	0
7884	0
7885	0
7886	1
7887	1
7888	1
7889	1
7890	1
7891	0
7892	1
7893	0
7894	0
7895	0
7896	1
7897	1
7898	0
7899	1
7900	0
7901	0
7902	0
7903	1
7904	0
7905	1
7906	0
7907	1
7908	0
7909	0
7910	0
7911	1
7912	1
7913	0
7914	0
7915	0
7916	0
7917	0
7918	0
7919	0
7920	0
7921	0
7922	1
7923	0
7924	0
7925	0
7926	1
7927	1
7928	1
7929	0
7930	0
7931	0
7932	0
7933	0
7934	0
7935	0
7936	0
7937	0
7938	1
7939	1
7940	0
7941	1
7942	0
7943	0
7944	0
7945	0
7946	0
7947	0
7948	0
7949	0
7950	1
7951	0
7952	0
7953	0
7954	0
7955	0
7956	0
7957	0
7958	1
7959	0
7960	0
7961	1
7962	0
7963	3
7964	0
7965	0
7966	0
7967	1
7968	0
7969	0
7970	0
7971	0
7972	0
7973	2
7974	0
7975	1
7976	0
7977	0
7978	0
7979	1
7980	0
7981	0
7982	0
7983	1
7984	0
7985	0
7986	0
7987	0
7988	1
7989	0
7990	1
7991	0
7992	0
7993	0
7994	0
7995	0
7996	0
7997	0
7998	0
7999	1
8000	1
8001	0
8002	1
8003	0
8004	0
8005	0
8006	0
8007	0
8008	0
8009	0
8010	0
8011	0
8012	1
8013	0
8014	1
8015	0
8016	1
8017	0
8018	0
8019	0
8020	0
8021	1
8022	0
8023	1
8024	0
8025	0
8026	0
8027	0
8028	0
8029	0
8030	0
8031	1
8032	0
8033	0
8034	0
8035	0
8036	0
8037	1
8038	0
8039	0
8040	0
8041	0
8042	0
8043	0
8044	0
8045	0
8046	0
8047	0
8048	0
8049	0
8050	0
8051	2
8052	0
8053	1
8054	0
8055	0
8056	0
8057	0
8058	0
8059	0
8060	0
8061	0
8062	0
8063	1
8064	0
8065	1
8066	1
8067	1
8068	0
8069	0
8070	2
8071	1
8072	0
8073	0
8074	0
8075	2
8076	1
8077	1
8078	0
8079	0
8080	1
8081	0
8082	0
8083	0
8084	0
8085	0
8086	0
8087	0
8088	0
8089	0
8090	0
8091	0
8092	0
8093	0
8094	0
8095	0
8096	0
8097	0
8098	0
8099	0
8100	0
8101	0
8102	0
8103	0
8104	0
8105	0
8106	0
8107	0
8108	0
8109	0
8110	0
8111	0
8112	0
8113	0
8114	0
8115	0
8116	0
8117	0
8118	0
8119	0
8120	0
8121	0
8122	0
8123	0
8124	0
8125	0
8126	0
8127	0
8128	0
8129	0
8130	0
8131	0
8132	0
8133	0
8134	0
8135	0
8136	0
8137	0
8138	0
8139	0
8140	0
8141	0
8142	0
8143	0
8144	0
8145	0
8146	0
8147	0
8148	0
8149	0
8150	0
8151	0
8152	0
8153	0
8154	0
8155	0
8156	0
8157	0
8158	0
8159	0
8160	0
8161	0
8162	0
8163	0
8164	0
8165	0
8166	0
8167	0
8168	0
8169	0
8170	0
8171	0
8172	0
8173	0
8174	0
8175	0
8176	0
8177	0
8178	0
8179	0
8180	0
8181	0
8182	0
8183	0
8184	0
8185	0
8186	0
8187	0
8188	0
8189	0
8190	0
8191	0
