0	0
1	0
2	0
3	0
4	0
5	0
6	0
7	0
8	0
9	0
10	0
11	0
12	0
13	0
14	0
15	0
16	0
17	0
18	0
19	0
20	0
21	0
22	0
23	0
24	0
25	0
26	0
27	0
28	0
29	0
30	0
31	0
32	0
33	0
34	0
35	0
36	0
37	0
38	0
39	0
40	0
41	0
42	0
43	0
44	0
45	0
46	0
47	0
48	0
49	0
50	0
51	0
52	0
53	0
54	0
55	0
56	0
57	0
58	0
59	0
60	0
61	0
62	0
63	0
64	0
65	0
66	0
67	0
68	0
69	0
70	0
71	0
72	0
73	0
74	0
75	0
76	0
77	0
78	0
79	0
80	0
81	0
82	0
83	0
84	0
85	0
86	6
87	5
88	6
89	4
90	9
91	15
92	10
93	11
94	6
95	12
96	5
97	9
98	13
99	12
100	8
101	10
102	7
103	7
104	8
105	9
106	8
107	7
108	8
109	10
110	12
111	11
112	12
113	8
114	6
115	15
116	7
117	4
118	12
119	13
120	8
121	11
122	10
123	11
124	10
125	7
126	8
127	6
128	9
129	9
130	3
131	13
132	3
133	8
134	4
135	15
136	9
137	7
138	10
139	8
140	4
141	11
142	11
143	13
144	11
145	6
146	8
147	5
148	7
149	10
150	7
151	7
152	13
153	11
154	9
155	13
156	14
157	8
158	8
159	8
160	14
161	9
162	7
163	6
164	11
165	6
166	16
167	11
168	5
169	18
170	7
171	9
172	6
173	6
174	8
175	6
176	14
177	12
178	8
179	8
180	8
181	11
182	11
183	7
184	11
185	5
186	7
187	11
188	3
189	5
190	8
191	8
192	8
193	8
194	5
195	9
196	12
197	9
198	17
199	12
200	9
201	4
202	14
203	12
204	13
205	6
206	9
207	17
208	9
209	12
210	8
211	14
212	7
213	9
214	12
215	13
216	13
217	9
218	11
219	5
220	16
221	12
222	7
223	14
224	11
225	8
226	15
227	8
228	6
229	9
230	11
231	15
232	10
233	17
234	3
235	7
236	9
237	10
238	9
239	11
240	13
241	6
242	15
243	7
244	14
245	12
246	10
247	11
248	14
249	12
250	6
251	14
252	16
253	15
254	11
255	7
256	11
257	14
258	9
259	13
260	15
261	12
262	11
263	10
264	13
265	13
266	5
267	6
268	14
269	6
270	9
271	10
272	11
273	16
274	15
275	13
276	6
277	9
278	6
279	14
280	8
281	10
282	18
283	10
284	8
285	2
286	10
287	7
288	12
289	8
290	10
291	4
292	5
293	8
294	16
295	7
296	6
297	10
298	11
299	9
300	10
301	5
302	10
303	8
304	16
305	6
306	15
307	12
308	9
309	7
310	9
311	8
312	13
313	15
314	11
315	7
316	12
317	10
318	10
319	8
320	20
321	13
322	6
323	8
324	8
325	10
326	9
327	7
328	9
329	12
330	12
331	8
332	9
333	10
334	13
335	13
336	14
337	23
338	10
339	14
340	13
341	11
342	5
343	6
344	12
345	11
346	9
347	16
348	14
349	12
350	11
351	12
352	10
353	15
354	11
355	11
356	8
357	19
358	12
359	9
360	11
361	6
362	21
363	12
364	9
365	12
366	10
367	6
368	10
369	17
370	13
371	11
372	13
373	19
374	11
375	12
376	7
377	13
378	14
379	11
380	14
381	12
382	15
383	11
384	7
385	12
386	15
387	11
388	8
389	11
390	8
391	18
392	12
393	9
394	9
395	6
396	12
397	8
398	13
399	11
400	14
401	10
402	13
403	17
404	11
405	19
406	13
407	10
408	10
409	6
410	6
411	10
412	5
413	9
414	17
415	8
416	13
417	17
418	9
419	10
420	11
421	9
422	7
423	6
424	14
425	21
426	15
427	12
428	12
429	11
430	11
431	13
432	12
433	12
434	12
435	7
436	9
437	14
438	8
439	13
440	13
441	13
442	11
443	16
444	21
445	16
446	15
447	10
448	11
449	16
450	14
451	9
452	12
453	16
454	15
455	17
456	14
457	15
458	15
459	8
460	11
461	12
462	7
463	9
464	11
465	9
466	12
467	7
468	12
469	21
470	11
471	13
472	12
473	10
474	11
475	16
476	14
477	15
478	15
479	14
480	8
481	10
482	10
483	8
484	10
485	20
486	10
487	12
488	11
489	13
490	10
491	10
492	13
493	13
494	10
495	15
496	16
497	8
498	15
499	17
500	14
501	13
502	12
503	16
504	12
505	13
506	9
507	14
508	15
509	7
510	6
511	14
512	10
513	22
514	11
515	17
516	18
517	19
518	12
519	12
520	14
521	15
522	13
523	13
524	15
525	16
526	15
527	19
528	12
529	20
530	17
531	17
532	11
533	17
534	19
535	14
536	18
537	17
538	18
539	17
540	10
541	15
542	17
543	11
544	19
545	20
546	16
547	18
548	13
549	16
550	20
551	13
552	18
553	14
554	13
555	20
556	15
557	16
558	21
559	21
560	19
561	12
562	14
563	30
564	24
565	30
566	26
567	18
568	18
569	23
570	27
571	18
572	28
573	25
574	27
575	22
576	13
577	28
578	23
579	21
580	22
581	19
582	22
583	22
584	16
585	19
586	35
587	27
588	20
589	33
590	23
591	19
592	29
593	26
594	22
595	25
596	24
597	25
598	28
599	23
600	23
601	28
602	23
603	26
604	23
605	22
606	31
607	22
608	14
609	16
610	26
611	27
612	30
613	26
614	18
615	25
616	20
617	30
618	23
619	17
620	25
621	24
622	18
623	30
624	24
625	21
626	26
627	32
628	25
629	26
630	23
631	26
632	25
633	24
634	21
635	14
636	19
637	20
638	22
639	26
640	17
641	19
642	15
643	13
644	19
645	20
646	18
647	24
648	24
649	28
650	17
651	23
652	16
653	27
654	25
655	23
656	21
657	17
658	19
659	16
660	19
661	15
662	22
663	17
664	26
665	23
666	20
667	21
668	15
669	11
670	14
671	20
672	19
673	15
674	18
675	15
676	15
677	18
678	16
679	25
680	18
681	14
682	16
683	21
684	22
685	17
686	18
687	19
688	24
689	22
690	25
691	29
692	17
693	15
694	24
695	17
696	16
697	17
698	16
699	22
700	9
701	18
702	21
703	11
704	24
705	19
706	10
707	12
708	14
709	23
710	22
711	18
712	23
713	11
714	26
715	13
716	21
717	15
718	14
719	17
720	17
721	23
722	20
723	14
724	14
725	7
726	15
727	14
728	21
729	19
730	11
731	17
732	14
733	14
734	22
735	23
736	21
737	14
738	14
739	24
740	11
741	16
742	16
743	21
744	23
745	18
746	13
747	17
748	14
749	16
750	24
751	21
752	17
753	11
754	14
755	26
756	16
757	28
758	13
759	17
760	14
761	23
762	20
763	15
764	19
765	22
766	19
767	17
768	20
769	18
770	20
771	14
772	19
773	10
774	18
775	21
776	18
777	14
778	24
779	15
780	13
781	19
782	14
783	28
784	19
785	16
786	18
787	22
788	19
789	14
790	16
791	13
792	18
793	18
794	15
795	19
796	24
797	17
798	10
799	14
800	23
801	18
802	15
803	20
804	18
805	19
806	19
807	22
808	14
809	22
810	11
811	15
812	17
813	15
814	14
815	22
816	14
817	15
818	18
819	10
820	20
821	19
822	14
823	20
824	21
825	16
826	17
827	15
828	20
829	23
830	16
831	16
832	13
833	12
834	16
835	21
836	14
837	16
838	19
839	20
840	16
841	19
842	22
843	21
844	18
845	16
846	23
847	22
848	10
849	21
850	12
851	21
852	26
853	16
854	21
855	24
856	17
857	19
858	16
859	14
860	18
861	23
862	16
863	22
864	24
865	14
866	17
867	18
868	21
869	19
870	20
871	17
872	16
873	22
874	18
875	20
876	12
877	22
878	23
879	22
880	23
881	20
882	18
883	17
884	22
885	17
886	16
887	18
888	13
889	21
890	23
891	26
892	21
893	15
894	13
895	14
896	23
897	22
898	23
899	21
900	25
901	15
902	17
903	22
904	21
905	15
906	15
907	14
908	20
909	18
910	18
911	28
912	19
913	20
914	21
915	11
916	18
917	26
918	19
919	14
920	15
921	17
922	24
923	32
924	19
925	21
926	20
927	26
928	17
929	37
930	12
931	21
932	17
933	13
934	15
935	20
936	23
937	27
938	18
939	25
940	18
941	21
942	16
943	20
944	19
945	23
946	22
947	21
948	23
949	20
950	30
951	21
952	23
953	25
954	27
955	25
956	18
957	32
958	17
959	17
960	27
961	23
962	17
963	28
964	21
965	17
966	24
967	24
968	26
969	17
970	32
971	21
972	19
973	20
974	20
975	16
976	28
977	21
978	23
979	29
980	26
981	14
982	26
983	14
984	27
985	18
986	25
987	17
988	15
989	17
990	18
991	26
992	12
993	17
994	18
995	20
996	31
997	25
998	27
999	20
1000	26
1001	23
1002	24
1003	17
1004	18
1005	31
1006	21
1007	31
1008	22
1009	20
1010	23
1011	24
1012	21
1013	15
1014	16
1015	23
1016	29
1017	24
1018	22
1019	22
1020	33
1021	22
1022	24
1023	20
1024	19
1025	19
1026	29
1027	15
1028	31
1029	29
1030	21
1031	24
1032	24
1033	24
1034	17
1035	18
1036	22
1037	18
1038	22
1039	20
1040	29
1041	22
1042	25
1043	17
1044	19
1045	33
1046	24
1047	30
1048	20
1049	29
1050	22
1051	24
1052	26
1053	19
1054	27
1055	23
1056	26
1057	16
1058	31
1059	31
1060	25
1061	24
1062	24
1063	27
1064	35
1065	21
1066	30
1067	31
1068	22
1069	16
1070	27
1071	26
1072	29
1073	23
1074	27
1075	22
1076	30
1077	21
1078	15
1079	23
1080	27
1081	27
1082	22
1083	32
1084	22
1085	24
1086	27
1087	20
1088	21
1089	17
1090	20
1091	26
1092	20
1093	22
1094	31
1095	21
1096	27
1097	23
1098	23
1099	28
1100	16
1101	28
1102	26
1103	21
1104	18
1105	23
1106	22
1107	24
1108	18
1109	15
1110	28
1111	24
1112	28
1113	24
1114	30
1115	13
1116	25
1117	23
1118	33
1119	21
1120	22
1121	19
1122	25
1123	22
1124	25
1125	24
1126	26
1127	19
1128	22
1129	29
1130	29
1131	23
1132	21
1133	23
1134	25
1135	24
1136	26
1137	33
1138	15
1139	27
1140	20
1141	23
1142	29
1143	21
1144	33
1145	19
1146	15
1147	26
1148	19
1149	28
1150	32
1151	36
1152	24
1153	25
1154	25
1155	28
1156	35
1157	29
1158	23
1159	28
1160	33
1161	26
1162	20
1163	32
1164	24
1165	33
1166	17
1167	23
1168	28
1169	27
1170	27
1171	29
1172	23
1173	25
1174	26
1175	31
1176	29
1177	29
1178	25
1179	27
1180	34
1181	26
1182	19
1183	33
1184	26
1185	24
1186	25
1187	25
1188	23
1189	18
1190	26
1191	18
1192	32
1193	31
1194	29
1195	14
1196	31
1197	31
1198	23
1199	20
1200	22
1201	21
1202	37
1203	19
1204	26
1205	27
1206	28
1207	23
1208	29
1209	22
1210	27
1211	18
1212	28
1213	25
1214	16
1215	23
1216	25
1217	27
1218	25
1219	22
1220	19
1221	30
1222	19
1223	30
1224	31
1225	30
1226	31
1227	15
1228	26
1229	24
1230	29
1231	28
1232	38
1233	25
1234	27
1235	38
1236	28
1237	20
1238	37
1239	24
1240	19
1241	25
1242	19
1243	22
1244	26
1245	21
1246	21
1247	32
1248	34
1249	30
1250	21
1251	28
1252	31
1253	26
1254	28
1255	31
1256	22
1257	28
1258	28
1259	25
1260	29
1261	25
1262	41
1263	21
1264	29
1265	27
1266	35
1267	26
1268	31
1269	23
1270	32
1271	17
1272	33
1273	27
1274	42
1275	35
1276	32
1277	35
1278	28
1279	29
1280	27
1281	18
1282	17
1283	26
1284	18
1285	24
1286	26
1287	26
1288	28
1289	33
1290	30
1291	26
1292	37
1293	39
1294	23
1295	30
1296	21
1297	37
1298	20
1299	30
1300	43
1301	29
1302	26
1303	33
1304	31
1305	27
1306	26
1307	22
1308	42
1309	30
1310	39
1311	38
1312	25
1313	42
1314	26
1315	31
1316	32
1317	34
1318	33
1319	26
1320	29
1321	28
1322	32
1323	25
1324	26
1325	27
1326	19
1327	28
1328	25
1329	45
1330	28
1331	44
1332	29
1333	30
1334	29
1335	35
1336	33
1337	32
1338	31
1339	24
1340	26
1341	26
1342	28
1343	33
1344	36
1345	35
1346	35
1347	30
1348	21
1349	30
1350	32
1351	31
1352	35
1353	34
1354	27
1355	30
1356	31
1357	33
1358	30
1359	30
1360	44
1361	30
1362	25
1363	36
1364	33
1365	20
1366	31
1367	25
1368	33
1369	23
1370	28
1371	43
1372	25
1373	28
1374	31
1375	27
1376	42
1377	33
1378	38
1379	32
1380	30
1381	28
1382	32
1383	26
1384	23
1385	29
1386	37
1387	41
1388	28
1389	25
1390	24
1391	26
1392	30
1393	29
1394	29
1395	34
1396	24
1397	42
1398	26
1399	22
1400	33
1401	29
1402	28
1403	31
1404	25
1405	26
1406	33
1407	29
1408	24
1409	37
1410	28
1411	26
1412	34
1413	19
1414	35
1415	26
1416	35
1417	22
1418	27
1419	27
1420	29
1421	29
1422	39
1423	37
1424	40
1425	38
1426	28
1427	28
1428	35
1429	38
1430	33
1431	25
1432	36
1433	39
1434	34
1435	33
1436	24
1437	26
1438	31
1439	31
1440	31
1441	25
1442	34
1443	28
1444	23
1445	44
1446	44
1447	32
1448	28
1449	30
1450	40
1451	29
1452	30
1453	31
1454	27
1455	37
1456	28
1457	48
1458	43
1459	34
1460	45
1461	34
1462	34
1463	36
1464	29
1465	28
1466	31
1467	32
1468	40
1469	45
1470	28
1471	35
1472	38
1473	36
1474	29
1475	28
1476	28
1477	27
1478	38
1479	30
1480	36
1481	39
1482	31
1483	35
1484	41
1485	43
1486	32
1487	36
1488	29
1489	41
1490	31
1491	26
1492	32
1493	29
1494	35
1495	31
1496	42
1497	28
1498	40
1499	24
1500	32
1501	29
1502	32
1503	30
1504	44
1505	32
1506	37
1507	27
1508	34
1509	35
1510	39
1511	42
1512	28
1513	35
1514	34
1515	46
1516	33
1517	29
1518	38
1519	35
1520	29
1521	32
1522	34
1523	37
1524	30
1525	44
1526	36
1527	39
1528	33
1529	34
1530	52
1531	45
1532	33
1533	31
1534	31
1535	37
1536	49
1537	40
1538	46
1539	40
1540	40
1541	44
1542	32
1543	35
1544	37
1545	45
1546	38
1547	47
1548	34
1549	36
1550	42
1551	39
1552	27
1553	43
1554	36
1555	33
1556	30
1557	29
1558	42
1559	32
1560	39
1561	39
1562	44
1563	38
1564	42
1565	31
1566	49
1567	30
1568	40
1569	33
1570	31
1571	46
1572	43
1573	36
1574	48
1575	47
1576	43
1577	41
1578	38
1579	39
1580	47
1581	36
1582	38
1583	44
1584	43
1585	30
1586	43
1587	50
1588	49
1589	43
1590	36
1591	38
1592	48
1593	45
1594	43
1595	61
1596	37
1597	42
1598	45
1599	44
1600	40
1601	46
1602	45
1603	33
1604	42
1605	42
1606	38
1607	42
1608	35
1609	40
1610	60
1611	62
1612	40
1613	50
1614	54
1615	57
1616	42
1617	34
1618	43
1619	42
1620	50
1621	59
1622	50
1623	40
1624	48
1625	50
1626	45
1627	46
1628	41
1629	62
1630	43
1631	40
1632	50
1633	44
1634	52
1635	56
1636	34
1637	46
1638	44
1639	56
1640	50
1641	39
1642	51
1643	65
1644	45
1645	46
1646	49
1647	52
1648	59
1649	48
1650	55
1651	45
1652	52
1653	46
1654	46
1655	41
1656	46
1657	51
1658	49
1659	43
1660	47
1661	45
1662	47
1663	36
1664	56
1665	49
1666	53
1667	54
1668	46
1669	32
1670	52
1671	43
1672	49
1673	52
1674	41
1675	44
1676	45
1677	47
1678	51
1679	55
1680	53
1681	43
1682	52
1683	49
1684	46
1685	45
1686	51
1687	48
1688	47
1689	46
1690	44
1691	41
1692	50
1693	46
1694	65
1695	37
1696	51
1697	47
1698	47
1699	43
1700	51
1701	52
1702	44
1703	44
1704	45
1705	49
1706	43
1707	32
1708	47
1709	52
1710	52
1711	39
1712	57
1713	50
1714	35
1715	36
1716	56
1717	47
1718	43
1719	44
1720	43
1721	49
1722	33
1723	34
1724	48
1725	56
1726	56
1727	53
1728	34
1729	55
1730	47
1731	43
1732	44
1733	42
1734	47
1735	47
1736	38
1737	49
1738	53
1739	39
1740	41
1741	35
1742	42
1743	36
1744	38
1745	54
1746	53
1747	49
1748	33
1749	50
1750	50
1751	53
1752	35
1753	44
1754	37
1755	43
1756	44
1757	37
1758	36
1759	41
1760	42
1761	37
1762	45
1763	39
1764	34
1765	42
1766	43
1767	66
1768	50
1769	37
1770	26
1771	50
1772	31
1773	43
1774	26
1775	39
1776	40
1777	50
1778	33
1779	36
1780	36
1781	36
1782	39
1783	42
1784	46
1785	46
1786	33
1787	38
1788	35
1789	40
1790	36
1791	37
1792	26
1793	28
1794	37
1795	26
1796	39
1797	38
1798	36
1799	30
1800	44
1801	40
1802	41
1803	28
1804	39
1805	37
1806	31
1807	24
1808	28
1809	29
1810	30
1811	34
1812	32
1813	28
1814	35
1815	27
1816	35
1817	32
1818	27
1819	32
1820	35
1821	35
1822	39
1823	30
1824	35
1825	24
1826	32
1827	30
1828	35
1829	33
1830	35
1831	30
1832	31
1833	35
1834	38
1835	31
1836	26
1837	35
1838	23
1839	23
1840	31
1841	25
1842	17
1843	37
1844	39
1845	30
1846	42
1847	37
1848	26
1849	36
1850	25
1851	28
1852	37
1853	26
1854	29
1855	29
1856	29
1857	38
1858	36
1859	29
1860	20
1861	28
1862	30
1863	23
1864	30
1865	26
1866	30
1867	31
1868	36
1869	27
1870	38
1871	25
1872	27
1873	21
1874	25
1875	32
1876	24
1877	25
1878	26
1879	23
1880	20
1881	23
1882	27
1883	26
1884	22
1885	20
1886	25
1887	19
1888	22
1889	32
1890	35
1891	27
1892	23
1893	23
1894	14
1895	25
1896	25
1897	21
1898	30
1899	25
1900	23
1901	32
1902	18
1903	26
1904	26
1905	20
1906	18
1907	24
1908	19
1909	28
1910	19
1911	17
1912	16
1913	29
1914	28
1915	17
1916	24
1917	26
1918	25
1919	17
1920	20
1921	24
1922	27
1923	27
1924	22
1925	18
1926	25
1927	19
1928	21
1929	28
1930	25
1931	26
1932	16
1933	24
1934	22
1935	16
1936	21
1937	18
1938	17
1939	23
1940	24
1941	23
1942	24
1943	20
1944	20
1945	15
1946	22
1947	24
1948	23
1949	24
1950	22
1951	21
1952	12
1953	13
1954	17
1955	18
1956	17
1957	14
1958	29
1959	20
1960	19
1961	23
1962	19
1963	23
1964	18
1965	29
1966	20
1967	26
1968	17
1969	19
1970	18
1971	12
1972	28
1973	15
1974	24
1975	19
1976	15
1977	17
1978	12
1979	22
1980	23
1981	23
1982	11
1983	11
1984	20
1985	18
1986	24
1987	19
1988	23
1989	18
1990	20
1991	15
1992	18
1993	17
1994	16
1995	18
1996	14
1997	12
1998	22
1999	16
2000	11
2001	19
2002	16
2003	21
2004	14
2005	20
2006	11
2007	24
2008	23
2009	18
2010	19
2011	22
2012	22
2013	11
2014	22
2015	12
2016	18
2017	20
2018	9
2019	12
2020	14
2021	17
2022	8
2023	22
2024	23
2025	19
2026	22
2027	21
2028	16
2029	18
2030	11
2031	25
2032	17
2033	12
2034	15
2035	17
2036	15
2037	11
2038	20
2039	20
2040	20
2041	14
2042	18
2043	15
2044	14
2045	22
2046	12
2047	16
2048	13
2049	19
2050	21
2051	16
2052	10
2053	8
2054	16
2055	17
2056	16
2057	13
2058	17
2059	20
2060	14
2061	12
2062	18
2063	17
2064	19
2065	20
2066	23
2067	10
2068	19
2069	14
2070	11
2071	24
2072	15
2073	23
2074	15
2075	17
2076	21
2077	24
2078	19
2079	15
2080	15
2081	25
2082	16
2083	11
2084	21
2085	16
2086	16
2087	14
2088	19
2089	9
2090	16
2091	9
2092	19
2093	12
2094	21
2095	16
2096	13
2097	19
2098	19
2099	12
2100	15
2101	16
2102	13
2103	11
2104	10
2105	20
2106	13
2107	13
2108	18
2109	13
2110	18
2111	21
2112	13
2113	16
2114	14
2115	10
2116	13
2117	13
2118	11
2119	18
2120	17
2121	5
2122	6
2123	17
2124	14
2125	17
2126	15
2127	11
2128	12
2129	11
2130	12
2131	18
2132	16
2133	15
2134	13
2135	17
2136	16
2137	12
2138	13
2139	11
2140	18
2141	17
2142	15
2143	21
2144	16
2145	16
2146	12
2147	14
2148	13
2149	12
2150	11
2151	8
2152	12
2153	19
2154	14
2155	10
2156	14
2157	16
2158	16
2159	12
2160	22
2161	20
2162	15
2163	15
2164	15
2165	16
2166	10
2167	10
2168	16
2169	11
2170	9
2171	10
2172	9
2173	14
2174	15
2175	10
2176	8
2177	15
2178	15
2179	16
2180	14
2181	16
2182	11
2183	13
2184	15
2185	7
2186	13
2187	12
2188	13
2189	11
2190	11
2191	10
2192	13
2193	12
2194	18
2195	3
2196	16
2197	11
2198	13
2199	8
2200	13
2201	14
2202	17
2203	14
2204	8
2205	10
2206	8
2207	9
2208	6
2209	6
2210	14
2211	13
2212	13
2213	15
2214	19
2215	7
2216	10
2217	7
2218	13
2219	12
2220	12
2221	15
2222	12
2223	11
2224	15
2225	10
2226	6
2227	12
2228	13
2229	16
2230	11
2231	11
2232	14
2233	20
2234	10
2235	8
2236	10
2237	9
2238	8
2239	15
2240	11
2241	22
2242	14
2243	10
2244	17
2245	13
2246	12
2247	13
2248	18
2249	17
2250	13
2251	13
2252	12
2253	12
2254	13
2255	17
2256	11
2257	18
2258	16
2259	13
2260	14
2261	19
2262	12
2263	12
2264	13
2265	16
2266	13
2267	9
2268	11
2269	10
2270	15
2271	7
2272	8
2273	17
2274	11
2275	11
2276	17
2277	12
2278	8
2279	18
2280	10
2281	13
2282	8
2283	13
2284	9
2285	17
2286	13
2287	16
2288	16
2289	12
2290	8
2291	10
2292	15
2293	14
2294	16
2295	17
2296	14
2297	11
2298	10
2299	11
2300	14
2301	16
2302	10
2303	8
2304	11
2305	13
2306	18
2307	10
2308	13
2309	17
2310	16
2311	10
2312	9
2313	10
2314	16
2315	16
2316	10
2317	12
2318	21
2319	11
2320	17
2321	14
2322	12
2323	6
2324	9
2325	10
2326	14
2327	10
2328	12
2329	6
2330	7
2331	11
2332	10
2333	8
2334	21
2335	9
2336	6
2337	5
2338	16
2339	8
2340	14
2341	18
2342	16
2343	10
2344	10
2345	9
2346	14
2347	8
2348	14
2349	14
2350	16
2351	11
2352	12
2353	14
2354	10
2355	8
2356	9
2357	8
2358	15
2359	8
2360	9
2361	11
2362	9
2363	10
2364	11
2365	9
2366	13
2367	20
2368	16
2369	7
2370	15
2371	10
2372	14
2373	6
2374	17
2375	10
2376	15
2377	9
2378	13
2379	8
2380	14
2381	9
2382	12
2383	12
2384	9
2385	19
2386	15
2387	10
2388	10
2389	11
2390	13
2391	5
2392	15
2393	7
2394	15
2395	13
2396	11
2397	8
2398	10
2399	11
2400	10
2401	6
2402	8
2403	15
2404	11
2405	13
2406	8
2407	6
2408	8
2409	7
2410	10
2411	9
2412	10
2413	15
2414	17
2415	11
2416	10
2417	11
2418	8
2419	5
2420	6
2421	9
2422	9
2423	13
2424	13
2425	10
2426	12
2427	9
2428	10
2429	9
2430	12
2431	17
2432	15
2433	13
2434	12
2435	15
2436	8
2437	8
2438	6
2439	9
2440	16
2441	14
2442	5
2443	15
2444	5
2445	9
2446	15
2447	14
2448	14
2449	16
2450	4
2451	18
2452	14
2453	11
2454	12
2455	13
2456	7
2457	19
2458	16
2459	13
2460	5
2461	9
2462	12
2463	11
2464	9
2465	12
2466	11
2467	8
2468	10
2469	9
2470	14
2471	11
2472	7
2473	13
2474	8
2475	15
2476	9
2477	8
2478	8
2479	6
2480	9
2481	15
2482	9
2483	10
2484	13
2485	10
2486	9
2487	9
2488	8
2489	12
2490	11
2491	14
2492	8
2493	19
2494	10
2495	12
2496	9
2497	15
2498	10
2499	11
2500	8
2501	15
2502	9
2503	8
2504	7
2505	8
2506	11
2507	19
2508	15
2509	12
2510	15
2511	15
2512	12
2513	17
2514	11
2515	10
2516	12
2517	14
2518	9
2519	11
2520	7
2521	6
2522	10
2523	10
2524	17
2525	11
2526	15
2527	10
2528	13
2529	18
2530	7
2531	12
2532	11
2533	20
2534	9
2535	12
2536	12
2537	10
2538	10
2539	15
2540	10
2541	8
2542	8
2543	13
2544	13
2545	12
2546	17
2547	15
2548	8
2549	12
2550	6
2551	13
2552	14
2553	10
2554	13
2555	11
2556	13
2557	10
2558	14
2559	12
2560	12
2561	14
2562	9
2563	9
2564	10
2565	13
2566	17
2567	11
2568	9
2569	11
2570	10
2571	11
2572	9
2573	7
2574	14
2575	12
2576	13
2577	12
2578	7
2579	13
2580	9
2581	5
2582	12
2583	15
2584	15
2585	15
2586	7
2587	8
2588	16
2589	10
2590	17
2591	11
2592	8
2593	10
2594	15
2595	13
2596	11
2597	12
2598	11
2599	10
2600	10
2601	7
2602	9
2603	12
2604	12
2605	19
2606	15
2607	10
2608	9
2609	15
2610	12
2611	8
2612	12
2613	11
2614	9
2615	14
2616	12
2617	14
2618	13
2619	12
2620	17
2621	12
2622	15
2623	8
2624	16
2625	8
2626	4
2627	11
2628	15
2629	17
2630	18
2631	11
2632	9
2633	12
2634	9
2635	9
2636	10
2637	10
2638	11
2639	13
2640	6
2641	12
2642	11
2643	14
2644	4
2645	11
2646	10
2647	7
2648	10
2649	8
2650	11
2651	8
2652	14
2653	13
2654	15
2655	10
2656	10
2657	12
2658	16
2659	8
2660	9
2661	18
2662	9
2663	12
2664	7
2665	11
2666	16
2667	14
2668	17
2669	9
2670	14
2671	14
2672	12
2673	12
2674	10
2675	9
2676	17
2677	16
2678	12
2679	11
2680	8
2681	5
2682	5
2683	12
2684	15
2685	8
2686	11
2687	16
2688	16
2689	10
2690	11
2691	13
2692	13
2693	8
2694	13
2695	17
2696	10
2697	10
2698	6
2699	9
2700	11
2701	10
2702	12
2703	13
2704	13
2705	8
2706	10
2707	10
2708	6
2709	9
2710	15
2711	8
2712	14
2713	10
2714	15
2715	12
2716	15
2717	18
2718	10
2719	12
2720	16
2721	18
2722	9
2723	17
2724	9
2725	9
2726	12
2727	8
2728	11
2729	12
2730	15
2731	17
2732	14
2733	16
2734	12
2735	9
2736	8
2737	7
2738	15
2739	11
2740	13
2741	4
2742	8
2743	10
2744	10
2745	16
2746	9
2747	10
2748	11
2749	11
2750	11
2751	14
2752	10
2753	11
2754	15
2755	15
2756	10
2757	10
2758	20
2759	13
2760	12
2761	13
2762	10
2763	19
2764	10
2765	15
2766	21
2767	6
2768	12
2769	17
2770	10
2771	19
2772	9
2773	14
2774	16
2775	12
2776	6
2777	15
2778	16
2779	6
2780	16
2781	15
2782	15
2783	16
2784	18
2785	16
2786	16
2787	17
2788	20
2789	12
2790	20
2791	16
2792	12
2793	13
2794	12
2795	13
2796	13
2797	12
2798	14
2799	11
2800	19
2801	18
2802	16
2803	15
2804	15
2805	18
2806	9
2807	11
2808	19
2809	13
2810	15
2811	14
2812	16
2813	20
2814	12
2815	9
2816	14
2817	11
2818	19
2819	24
2820	13
2821	12
2822	14
2823	14
2824	25
2825	5
2826	13
2827	11
2828	21
2829	11
2830	18
2831	22
2832	13
2833	15
2834	20
2835	20
2836	18
2837	14
2838	15
2839	18
2840	11
2841	21
2842	26
2843	18
2844	8
2845	16
2846	17
2847	10
2848	24
2849	31
2850	19
2851	13
2852	21
2853	11
2854	21
2855	15
2856	20
2857	19
2858	16
2859	21
2860	13
2861	15
2862	15
2863	14
2864	19
2865	17
2866	16
2867	15
2868	11
2869	16
2870	20
2871	21
2872	14
2873	25
2874	16
2875	15
2876	20
2877	15
2878	19
2879	12
2880	13
2881	23
2882	18
2883	22
2884	23
2885	15
2886	12
2887	18
2888	22
2889	26
2890	19
2891	15
2892	27
2893	18
2894	18
2895	17
2896	14
2897	16
2898	14
2899	15
2900	16
2901	18
2902	11
2903	25
2904	19
2905	25
2906	15
2907	20
2908	21
2909	13
2910	23
2911	19
2912	27
2913	20
2914	22
2915	17
2916	18
2917	18
2918	16
2919	24
2920	17
2921	18
2922	15
2923	17
2924	20
2925	21
2926	16
2927	21
2928	18
2929	15
2930	29
2931	19
2932	23
2933	20
2934	18
2935	24
2936	25
2937	16
2938	22
2939	23
2940	18
2941	23
2942	22
2943	25
2944	20
2945	25
2946	28
2947	24
2948	21
2949	21
2950	23
2951	19
2952	21
2953	17
2954	17
2955	17
2956	23
2957	14
2958	21
2959	22
2960	35
2961	24
2962	18
2963	19
2964	12
2965	24
2966	19
2967	20
2968	19
2969	21
2970	25
2971	24
2972	18
2973	27
2974	33
2975	15
2976	18
2977	21
2978	18
2979	17
2980	24
2981	17
2982	12
2983	25
2984	23
2985	20
2986	18
2987	19
2988	32
2989	28
2990	20
2991	17
2992	22
2993	31
2994	20
2995	19
2996	16
2997	21
2998	21
2999	18
3000	17
3001	18
3002	23
3003	22
3004	20
3005	31
3006	14
3007	17
3008	28
3009	19
3010	26
3011	29
3012	24
3013	21
3014	28
3015	30
3016	18
3017	24
3018	26
3019	23
3020	18
3021	19
3022	21
3023	18
3024	20
3025	15
3026	16
3027	27
3028	21
3029	26
3030	24
3031	28
3032	15
3033	20
3034	25
3035	27
3036	22
3037	22
3038	28
3039	20
3040	17
3041	25
3042	32
3043	24
3044	22
3045	28
3046	32
3047	24
3048	23
3049	21
3050	22
3051	21
3052	19
3053	18
3054	23
3055	21
3056	25
3057	26
3058	21
3059	30
3060	32
3061	24
3062	21
3063	24
3064	38
3065	25
3066	16
3067	24
3068	21
3069	28
3070	18
3071	21
3072	34
3073	26
3074	27
3075	26
3076	21
3077	26
3078	19
3079	27
3080	20
3081	17
3082	28
3083	31
3084	28
3085	28
3086	23
3087	28
3088	27
3089	21
3090	29
3091	22
3092	24
3093	26
3094	23
3095	21
3096	19
3097	30
3098	29
3099	29
3100	26
3101	34
3102	23
3103	21
3104	33
3105	22
3106	27
3107	18
3108	22
3109	23
3110	16
3111	20
3112	26
3113	19
3114	29
3115	23
3116	22
3117	22
3118	12
3119	27
3120	22
3121	19
3122	17
3123	29
3124	32
3125	29
3126	18
3127	20
3128	25
3129	21
3130	24
3131	19
3132	23
3133	20
3134	23
3135	35
3136	31
3137	23
3138	29
3139	23
3140	20
3141	24
3142	18
3143	19
3144	32
3145	24
3146	20
3147	26
3148	21
3149	25
3150	17
3151	21
3152	18
3153	18
3154	33
3155	19
3156	26
3157	24
3158	20
3159	20
3160	22
3161	17
3162	28
3163	25
3164	26
3165	21
3166	25
3167	18
3168	27
3169	22
3170	26
3171	22
3172	18
3173	20
3174	26
3175	22
3176	22
3177	23
3178	17
3179	18
3180	16
3181	18
3182	30
3183	30
3184	26
3185	18
3186	21
3187	22
3188	22
3189	29
3190	32
3191	17
3192	24
3193	23
3194	24
3195	26
3196	23
3197	28
3198	22
3199	16
3200	14
3201	29
3202	16
3203	24
3204	21
3205	24
3206	18
3207	21
3208	21
3209	24
3210	19
3211	16
3212	20
3213	16
3214	18
3215	19
3216	22
3217	13
3218	22
3219	17
3220	23
3221	20
3222	18
3223	16
3224	21
3225	16
3226	23
3227	24
3228	19
3229	20
3230	20
3231	12
3232	18
3233	27
3234	19
3235	21
3236	16
3237	21
3238	19
3239	15
3240	21
3241	28
3242	21
3243	14
3244	26
3245	13
3246	18
3247	19
3248	17
3249	15
3250	15
3251	14
3252	11
3253	14
3254	10
3255	11
3256	15
3257	15
3258	9
3259	17
3260	19
3261	19
3262	18
3263	19
3264	23
3265	18
3266	29
3267	21
3268	26
3269	19
3270	12
3271	22
3272	16
3273	19
3274	20
3275	15
3276	20
3277	20
3278	14
3279	11
3280	12
3281	15
3282	16
3283	19
3284	21
3285	14
3286	20
3287	17
3288	20
3289	9
3290	15
3291	15
3292	13
3293	14
3294	11
3295	10
3296	25
3297	19
3298	19
3299	19
3300	10
3301	19
3302	16
3303	11
3304	17
3305	10
3306	20
3307	15
3308	15
3309	21
3310	11
3311	13
3312	17
3313	14
3314	16
3315	12
3316	18
3317	13
3318	18
3319	16
3320	16
3321	18
3322	11
3323	15
3324	9
3325	18
3326	10
3327	14
3328	9
3329	14
3330	19
3331	17
3332	9
3333	20
3334	11
3335	18
3336	19
3337	12
3338	13
3339	17
3340	18
3341	24
3342	19
3343	13
3344	8
3345	10
3346	11
3347	12
3348	12
3349	12
3350	12
3351	17
3352	4
3353	9
3354	8
3355	18
3356	9
3357	14
3358	10
3359	18
3360	10
3361	17
3362	13
3363	9
3364	9
3365	14
3366	8
3367	10
3368	14
3369	10
3370	13
3371	5
3372	13
3373	12
3374	15
3375	8
3376	9
3377	15
3378	13
3379	14
3380	12
3381	15
3382	7
3383	12
3384	6
3385	12
3386	16
3387	9
3388	11
3389	11
3390	9
3391	8
3392	7
3393	10
3394	12
3395	12
3396	11
3397	6
3398	12
3399	9
3400	11
3401	11
3402	8
3403	12
3404	11
3405	6
3406	8
3407	12
3408	6
3409	11
3410	10
3411	8
3412	16
3413	10
3414	15
3415	10
3416	7
3417	13
3418	6
3419	6
3420	7
3421	10
3422	11
3423	12
3424	10
3425	7
3426	8
3427	11
3428	8
3429	11
3430	8
3431	8
3432	11
3433	8
3434	7
3435	9
3436	4
3437	12
3438	8
3439	6
3440	7
3441	11
3442	4
3443	4
3444	11
3445	2
3446	6
3447	8
3448	2
3449	5
3450	10
3451	9
3452	14
3453	5
3454	6
3455	5
3456	7
3457	8
3458	7
3459	7
3460	8
3461	7
3462	3
3463	5
3464	6
3465	10
3466	6
3467	6
3468	10
3469	10
3470	3
3471	5
3472	7
3473	10
3474	6
3475	8
3476	9
3477	9
3478	4
3479	2
3480	7
3481	11
3482	4
3483	5
3484	9
3485	9
3486	4
3487	12
3488	10
3489	9
3490	6
3491	11
3492	10
3493	7
3494	8
3495	5
3496	1
3497	11
3498	9
3499	12
3500	4
3501	8
3502	4
3503	8
3504	8
3505	3
3506	5
3507	3
3508	10
3509	5
3510	5
3511	5
3512	6
3513	6
3514	8
3515	10
3516	2
3517	5
3518	3
3519	3
3520	8
3521	7
3522	7
3523	1
3524	9
3525	5
3526	6
3527	10
3528	8
3529	2
3530	2
3531	8
3532	7
3533	8
3534	10
3535	8
3536	8
3537	8
3538	3
3539	9
3540	8
3541	5
3542	12
3543	4
3544	2
3545	10
3546	5
3547	6
3548	10
3549	4
3550	7
3551	6
3552	6
3553	2
3554	4
3555	4
3556	2
3557	3
3558	10
3559	7
3560	7
3561	6
3562	14
3563	4
3564	3
3565	6
3566	7
3567	5
3568	6
3569	4
3570	6
3571	9
3572	3
3573	5
3574	5
3575	8
3576	6
3577	7
3578	6
3579	3
3580	6
3581	9
3582	9
3583	6
3584	5
3585	6
3586	5
3587	1
3588	8
3589	5
3590	8
3591	6
3592	4
3593	5
3594	8
3595	6
3596	10
3597	5
3598	3
3599	10
3600	3
3601	5
3602	9
3603	6
3604	5
3605	5
3606	10
3607	9
3608	5
3609	9
3610	2
3611	5
3612	6
3613	5
3614	9
3615	5
3616	8
3617	2
3618	9
3619	5
3620	8
3621	7
3622	8
3623	7
3624	6
3625	6
3626	6
3627	9
3628	8
3629	3
3630	6
3631	1
3632	4
3633	5
3634	4
3635	8
3636	7
3637	4
3638	5
3639	10
3640	6
3641	8
3642	6
3643	2
3644	9
3645	4
3646	6
3647	8
3648	5
3649	7
3650	4
3651	4
3652	4
3653	4
3654	4
3655	8
3656	5
3657	8
3658	8
3659	3
3660	8
3661	8
3662	3
3663	11
3664	4
3665	3
3666	4
3667	4
3668	10
3669	5
3670	8
3671	5
3672	5
3673	7
3674	3
3675	4
3676	4
3677	5
3678	6
3679	4
3680	4
3681	5
3682	7
3683	9
3684	7
3685	7
3686	7
3687	3
3688	6
3689	8
3690	9
3691	4
3692	5
3693	5
3694	3
3695	5
3696	6
3697	6
3698	7
3699	2
3700	2
3701	4
3702	3
3703	5
3704	4
3705	4
3706	5
3707	8
3708	1
3709	8
3710	6
3711	4
3712	0
3713	2
3714	7
3715	5
3716	4
3717	2
3718	6
3719	3
3720	8
3721	7
3722	5
3723	4
3724	10
3725	5
3726	7
3727	6
3728	5
3729	5
3730	3
3731	2
3732	1
3733	9
3734	4
3735	2
3736	5
3737	3
3738	13
3739	7
3740	4
3741	6
3742	7
3743	3
3744	6
3745	5
3746	7
3747	3
3748	6
3749	8
3750	8
3751	3
3752	4
3753	5
3754	2
3755	4
3756	2
3757	5
3758	0
3759	2
3760	0
3761	7
3762	7
3763	6
3764	4
3765	4
3766	7
3767	4
3768	2
3769	6
3770	4
3771	4
3772	4
3773	7
3774	3
3775	7
3776	3
3777	2
3778	4
3779	4
3780	2
3781	3
3782	3
3783	1
3784	9
3785	4
3786	4
3787	10
3788	3
3789	5
3790	6
3791	9
3792	7
3793	3
3794	8
3795	11
3796	6
3797	4
3798	8
3799	3
3800	5
3801	8
3802	5
3803	7
3804	11
3805	2
3806	4
3807	2
3808	4
3809	4
3810	7
3811	4
3812	2
3813	5
3814	4
3815	5
3816	6
3817	6
3818	6
3819	8
3820	6
3821	5
3822	1
3823	5
3824	6
3825	9
3826	2
3827	5
3828	5
3829	1
3830	9
3831	3
3832	2
3833	8
3834	3
3835	8
3836	8
3837	6
3838	3
3839	4
3840	5
3841	1
3842	4
3843	2
3844	6
3845	1
3846	5
3847	0
3848	3
3849	8
3850	2
3851	5
3852	4
3853	1
3854	4
3855	8
3856	2
3857	2
3858	4
3859	4
3860	5
3861	2
3862	8
3863	7
3864	2
3865	8
3866	4
3867	4
3868	6
3869	3
3870	8
3871	5
3872	3
3873	8
3874	6
3875	7
3876	6
3877	3
3878	5
3879	6
3880	5
3881	4
3882	3
3883	6
3884	3
3885	5
3886	9
3887	4
3888	4
3889	2
3890	2
3891	5
3892	4
3893	7
3894	4
3895	8
3896	7
3897	6
3898	8
3899	5
3900	5
3901	13
3902	4
3903	8
3904	3
3905	7
3906	6
3907	2
3908	3
3909	5
3910	5
3911	6
3912	5
3913	4
3914	1
3915	6
3916	4
3917	3
3918	5
3919	3
3920	5
3921	4
3922	3
3923	3
3924	6
3925	5
3926	4
3927	4
3928	5
3929	2
3930	3
3931	4
3932	0
3933	1
3934	5
3935	2
3936	3
3937	5
3938	5
3939	1
3940	3
3941	6
3942	5
3943	3
3944	7
3945	5
3946	2
3947	3
3948	5
3949	6
3950	4
3951	4
3952	3
3953	4
3954	5
3955	3
3956	3
3957	2
3958	6
3959	4
3960	4
3961	5
3962	1
3963	4
3964	3
3965	4
3966	5
3967	5
3968	5
3969	3
3970	2
3971	8
3972	4
3973	2
3974	5
3975	7
3976	2
3977	7
3978	5
3979	5
3980	3
3981	2
3982	2
3983	3
3984	7
3985	4
3986	3
3987	6
3988	3
3989	3
3990	8
3991	3
3992	5
3993	5
3994	2
3995	8
3996	8
3997	1
3998	7
3999	3
4000	6
4001	4
4002	7
4003	6
4004	5
4005	2
4006	6
4007	8
4008	5
4009	5
4010	4
4011	3
4012	1
4013	2
4014	5
4015	6
4016	6
4017	5
4018	7
4019	6
4020	4
4021	5
4022	1
4023	4
4024	3
4025	2
4026	4
4027	2
4028	3
4029	4
4030	3
4031	8
4032	3
4033	5
4034	3
4035	1
4036	7
4037	2
4038	3
4039	10
4040	6
4041	6
4042	6
4043	8
4044	6
4045	7
4046	4
4047	1
4048	6
4049	3
4050	2
4051	5
4052	8
4053	7
4054	3
4055	6
4056	4
4057	0
4058	4
4059	6
4060	6
4061	2
4062	0
4063	5
4064	5
4065	3
4066	7
4067	4
4068	5
4069	6
4070	5
4071	5
4072	1
4073	5
4074	5
4075	6
4076	3
4077	6
4078	8
4079	2
4080	3
4081	8
4082	7
4083	6
4084	3
4085	2
4086	5
4087	4
4088	3
4089	4
4090	6
4091	5
4092	4
4093	3
4094	4
4095	2
4096	3
4097	5
4098	0
4099	4
4100	5
4101	2
4102	4
4103	5
4104	4
4105	4
4106	4
4107	4
4108	4
4109	3
4110	3
4111	6
4112	2
4113	3
4114	3
4115	6
4116	7
4117	2
4118	3
4119	4
4120	3
4121	3
4122	7
4123	2
4124	5
4125	3
4126	0
4127	3
4128	2
4129	5
4130	7
4131	4
4132	8
4133	4
4134	4
4135	5
4136	10
4137	4
4138	1
4139	2
4140	5
4141	6
4142	4
4143	3
4144	1
4145	3
4146	7
4147	4
4148	8
4149	3
4150	6
4151	4
4152	3
4153	5
4154	2
4155	3
4156	1
4157	5
4158	2
4159	3
4160	7
4161	3
4162	3
4163	4
4164	1
4165	3
4166	3
4167	2
4168	4
4169	3
4170	1
4171	9
4172	6
4173	4
4174	8
4175	0
4176	2
4177	5
4178	6
4179	7
4180	8
4181	2
4182	2
4183	5
4184	5
4185	3
4186	2
4187	6
4188	6
4189	6
4190	2
4191	2
4192	6
4193	11
4194	2
4195	1
4196	5
4197	2
4198	3
4199	6
4200	4
4201	4
4202	7
4203	2
4204	3
4205	6
4206	5
4207	1
4208	6
4209	8
4210	2
4211	6
4212	5
4213	1
4214	4
4215	5
4216	2
4217	1
4218	5
4219	6
4220	6
4221	2
4222	6
4223	7
4224	4
4225	5
4226	8
4227	3
4228	4
4229	5
4230	9
4231	5
4232	4
4233	9
4234	7
4235	2
4236	5
4237	7
4238	1
4239	5
4240	4
4241	5
4242	4
4243	0
4244	3
4245	6
4246	4
4247	5
4248	1
4249	6
4250	6
4251	4
4252	6
4253	4
4254	8
4255	3
4256	6
4257	5
4258	4
4259	4
4260	8
4261	6
4262	4
4263	3
4264	3
4265	2
4266	1
4267	6
4268	6
4269	1
4270	2
4271	7
4272	3
4273	1
4274	8
4275	4
4276	2
4277	4
4278	2
4279	5
4280	4
4281	3
4282	5
4283	2
4284	4
4285	4
4286	6
4287	0
4288	1
4289	4
4290	4
4291	1
4292	3
4293	2
4294	2
4295	5
4296	4
4297	4
4298	4
4299	2
4300	1
4301	2
4302	2
4303	2
4304	2
4305	0
4306	4
4307	7
4308	2
4309	3
4310	6
4311	4
4312	2
4313	4
4314	3
4315	2
4316	2
4317	4
4318	2
4319	12
4320	5
4321	1
4322	3
4323	8
4324	6
4325	11
4326	4
4327	2
4328	7
4329	4
4330	9
4331	6
4332	3
4333	6
4334	5
4335	6
4336	7
4337	0
4338	3
4339	8
4340	2
4341	3
4342	5
4343	4
4344	3
4345	2
4346	4
4347	4
4348	3
4349	2
4350	8
4351	3
4352	4
4353	3
4354	1
4355	3
4356	8
4357	3
4358	5
4359	3
4360	3
4361	1
4362	3
4363	3
4364	2
4365	1
4366	5
4367	2
4368	8
4369	3
4370	5
4371	8
4372	4
4373	1
4374	5
4375	7
4376	3
4377	4
4378	1
4379	5
4380	3
4381	1
4382	3
4383	6
4384	4
4385	5
4386	3
4387	3
4388	2
4389	1
4390	6
4391	1
4392	3
4393	2
4394	4
4395	2
4396	9
4397	4
4398	2
4399	4
4400	6
4401	4
4402	6
4403	4
4404	4
4405	2
4406	3
4407	1
4408	4
4409	2
4410	2
4411	1
4412	3
4413	1
4414	5
4415	1
4416	0
4417	3
4418	8
4419	6
4420	1
4421	3
4422	5
4423	4
4424	2
4425	3
4426	6
4427	2
4428	3
4429	6
4430	2
4431	2
4432	6
4433	1
4434	1
4435	3
4436	2
4437	3
4438	2
4439	3
4440	2
4441	4
4442	3
4443	4
4444	3
4445	4
4446	3
4447	3
4448	4
4449	2
4450	3
4451	3
4452	5
4453	4
4454	6
4455	2
4456	4
4457	2
4458	4
4459	4
4460	2
4461	5
4462	4
4463	5
4464	2
4465	3
4466	2
4467	2
4468	3
4469	2
4470	2
4471	2
4472	4
4473	3
4474	2
4475	5
4476	5
4477	2
4478	2
4479	5
4480	5
4481	6
4482	6
4483	7
4484	1
4485	1
4486	4
4487	3
4488	3
4489	1
4490	3
4491	3
4492	4
4493	1
4494	4
4495	5
4496	6
4497	5
4498	1
4499	3
4500	2
4501	3
4502	2
4503	3
4504	3
4505	4
4506	2
4507	3
4508	5
4509	5
4510	3
4511	2
4512	5
4513	2
4514	5
4515	6
4516	6
4517	1
4518	1
4519	4
4520	3
4521	5
4522	5
4523	1
4524	5
4525	3
4526	6
4527	2
4528	5
4529	1
4530	4
4531	2
4532	2
4533	3
4534	4
4535	9
4536	4
4537	6
4538	4
4539	1
4540	2
4541	2
4542	1
4543	3
4544	3
4545	5
4546	1
4547	2
4548	6
4549	4
4550	2
4551	4
4552	3
4553	8
4554	2
4555	4
4556	5
4557	4
4558	2
4559	6
4560	4
4561	6
4562	10
4563	1
4564	8
4565	6
4566	5
4567	0
4568	3
4569	1
4570	3
4571	2
4572	3
4573	3
4574	4
4575	3
4576	3
4577	7
4578	5
4579	3
4580	3
4581	3
4582	3
4583	4
4584	3
4585	6
4586	3
4587	5
4588	1
4589	2
4590	2
4591	1
4592	2
4593	5
4594	5
4595	4
4596	2
4597	1
4598	2
4599	3
4600	1
4601	1
4602	5
4603	2
4604	10
4605	5
4606	2
4607	4
4608	3
4609	7
4610	5
4611	3
4612	7
4613	1
4614	5
4615	4
4616	5
4617	1
4618	5
4619	5
4620	3
4621	4
4622	3
4623	2
4624	1
4625	6
4626	5
4627	2
4628	6
4629	6
4630	3
4631	7
4632	2
4633	5
4634	1
4635	8
4636	0
4637	4
4638	2
4639	1
4640	6
4641	1
4642	4
4643	2
4644	5
4645	3
4646	4
4647	9
4648	7
4649	3
4650	3
4651	4
4652	4
4653	3
4654	5
4655	3
4656	3
4657	4
4658	5
4659	7
4660	3
4661	3
4662	6
4663	6
4664	4
4665	4
4666	6
4667	6
4668	4
4669	2
4670	4
4671	3
4672	2
4673	6
4674	6
4675	3
4676	3
4677	7
4678	3
4679	3
4680	7
4681	1
4682	2
4683	5
4684	7
4685	4
4686	3
4687	6
4688	2
4689	7
4690	7
4691	4
4692	4
4693	2
4694	2
4695	5
4696	4
4697	6
4698	6
4699	3
4700	7
4701	7
4702	1
4703	4
4704	2
4705	5
4706	3
4707	2
4708	6
4709	3
4710	3
4711	2
4712	3
4713	0
4714	2
4715	6
4716	3
4717	1
4718	3
4719	3
4720	6
4721	11
4722	8
4723	2
4724	6
4725	5
4726	3
4727	3
4728	3
4729	2
4730	3
4731	4
4732	3
4733	3
4734	7
4735	3
4736	3
4737	5
4738	1
4739	2
4740	1
4741	2
4742	3
4743	4
4744	2
4745	6
4746	1
4747	5
4748	1
4749	1
4750	6
4751	1
4752	4
4753	5
4754	7
4755	4
4756	5
4757	5
4758	5
4759	4
4760	4
4761	1
4762	5
4763	1
4764	1
4765	3
4766	5
4767	2
4768	4
4769	1
4770	2
4771	1
4772	1
4773	5
4774	6
4775	5
4776	4
4777	3
4778	3
4779	4
4780	4
4781	2
4782	9
4783	2
4784	3
4785	1
4786	6
4787	2
4788	5
4789	3
4790	3
4791	0
4792	2
4793	4
4794	4
4795	3
4796	4
4797	5
4798	2
4799	4
4800	3
4801	3
4802	6
4803	1
4804	1
4805	1
4806	4
4807	5
4808	1
4809	1
4810	3
4811	2
4812	3
4813	7
4814	4
4815	2
4816	5
4817	3
4818	4
4819	5
4820	4
4821	2
4822	5
4823	2
4824	3
4825	3
4826	2
4827	3
4828	3
4829	3
4830	1
4831	4
4832	4
4833	1
4834	1
4835	3
4836	4
4837	1
4838	2
4839	3
4840	5
4841	2
4842	3
4843	2
4844	0
4845	1
4846	3
4847	3
4848	2
4849	3
4850	1
4851	1
4852	0
4853	5
4854	4
4855	0
4856	4
4857	4
4858	1
4859	3
4860	0
4861	2
4862	2
4863	2
4864	3
4865	2
4866	3
4867	1
4868	1
4869	2
4870	5
4871	2
4872	0
4873	2
4874	1
4875	3
4876	2
4877	1
4878	2
4879	1
4880	3
4881	1
4882	1
4883	2
4884	1
4885	5
4886	5
4887	3
4888	0
4889	1
4890	2
4891	4
4892	2
4893	1
4894	3
4895	3
4896	4
4897	3
4898	0
4899	1
4900	1
4901	4
4902	2
4903	1
4904	6
4905	2
4906	3
4907	3
4908	1
4909	1
4910	0
4911	1
4912	1
4913	0
4914	0
4915	2
4916	4
4917	2
4918	3
4919	1
4920	1
4921	2
4922	1
4923	0
4924	2
4925	1
4926	1
4927	2
4928	2
4929	1
4930	2
4931	3
4932	3
4933	1
4934	0
4935	0
4936	0
4937	3
4938	1
4939	1
4940	2
4941	1
4942	1
4943	3
4944	0
4945	0
4946	1
4947	2
4948	2
4949	3
4950	2
4951	3
4952	0
4953	0
4954	1
4955	3
4956	1
4957	1
4958	1
4959	0
4960	1
4961	2
4962	1
4963	0
4964	0
4965	1
4966	2
4967	1
4968	2
4969	0
4970	4
4971	0
4972	1
4973	0
4974	0
4975	0
4976	0
4977	0
4978	2
4979	1
4980	1
4981	2
4982	0
4983	2
4984	0
4985	0
4986	1
4987	1
4988	1
4989	0
4990	1
4991	1
4992	1
4993	1
4994	0
4995	1
4996	1
4997	0
4998	1
4999	0
5000	0
5001	0
5002	1
5003	0
5004	0
5005	1
5006	0
5007	2
5008	0
5009	1
5010	2
5011	1
5012	2
5013	1
5014	1
5015	1
5016	0
5017	0
5018	1
5019	1
5020	2
5021	2
5022	0
5023	2
5024	0
5025	0
5026	1
5027	1
5028	0
5029	0
5030	0
5031	1
5032	0
5033	1
5034	2
5035	0
5036	0
5037	1
5038	1
5039	0
5040	2
5041	0
5042	0
5043	0
5044	0
5045	0
5046	2
5047	1
5048	1
5049	0
5050	1
5051	0
5052	1
5053	0
5054	0
5055	0
5056	0
5057	1
5058	1
5059	1
5060	1
5061	2
5062	0
5063	0
5064	1
5065	1
5066	1
5067	0
5068	2
5069	0
5070	0
5071	1
5072	0
5073	0
5074	0
5075	0
5076	0
5077	0
5078	1
5079	1
5080	0
5081	0
5082	1
5083	0
5084	0
5085	1
5086	2
5087	0
5088	2
5089	1
5090	0
5091	1
5092	0
5093	0
5094	0
5095	0
5096	1
5097	1
5098	0
5099	1
5100	1
5101	0
5102	0
5103	0
5104	1
5105	1
5106	0
5107	2
5108	0
5109	1
5110	5
5111	1
5112	0
5113	0
5114	0
5115	1
5116	0
5117	1
5118	1
5119	0
5120	0
5121	1
5122	0
5123	1
5124	0
5125	1
5126	1
5127	2
5128	0
5129	0
5130	1
5131	1
5132	0
5133	0
5134	1
5135	1
5136	1
5137	1
5138	0
5139	0
5140	0
5141	0
5142	1
5143	0
5144	0
5145	1
5146	1
5147	0
5148	0
5149	0
5150	2
5151	0
5152	1
5153	0
5154	0
5155	0
5156	1
5157	1
5158	0
5159	1
5160	0
5161	0
5162	1
5163	1
5164	0
5165	1
5166	0
5167	1
5168	0
5169	0
5170	0
5171	0
5172	1
5173	2
5174	1
5175	0
5176	1
5177	1
5178	1
5179	1
5180	0
5181	1
5182	1
5183	2
5184	1
5185	0
5186	1
5187	1
5188	0
5189	1
5190	1
5191	0
5192	1
5193	1
5194	0
5195	0
5196	0
5197	1
5198	0
5199	2
5200	1
5201	0
5202	0
5203	0
5204	1
5205	2
5206	2
5207	1
5208	1
5209	0
5210	0
5211	0
5212	1
5213	0
5214	0
5215	0
5216	0
5217	0
5218	1
5219	2
5220	1
5221	0
5222	0
5223	0
5224	0
5225	1
5226	0
5227	0
5228	0
5229	1
5230	0
5231	1
5232	0
5233	0
5234	1
5235	0
5236	2
5237	1
5238	1
5239	1
5240	2
5241	1
5242	1
5243	0
5244	0
5245	1
5246	2
5247	1
5248	0
5249	0
5250	1
5251	1
5252	0
5253	1
5254	0
5255	0
5256	0
5257	0
5258	0
5259	0
5260	1
5261	0
5262	0
5263	2
5264	0
5265	1
5266	2
5267	1
5268	1
5269	1
5270	0
5271	0
5272	0
5273	0
5274	0
5275	0
5276	0
5277	0
5278	0
5279	0
5280	0
5281	1
5282	2
5283	1
5284	1
5285	0
5286	1
5287	0
5288	0
5289	1
5290	0
5291	0
5292	0
5293	0
5294	0
5295	0
5296	0
5297	0
5298	1
5299	1
5300	0
5301	0
5302	1
5303	1
5304	0
5305	0
5306	0
5307	0
5308	1
5309	0
5310	0
5311	2
5312	1
5313	1
5314	1
5315	1
5316	0
5317	1
5318	0
5319	0
5320	0
5321	1
5322	0
5323	3
5324	1
5325	0
5326	0
5327	1
5328	0
5329	0
5330	2
5331	0
5332	2
5333	0
5334	0
5335	1
5336	0
5337	0
5338	1
5339	0
5340	1
5341	1
5342	0
5343	0
5344	1
5345	1
5346	1
5347	0
5348	1
5349	1
5350	1
5351	0
5352	2
5353	0
5354	1
5355	0
5356	0
5357	1
5358	0
5359	0
5360	0
5361	0
5362	1
5363	0
5364	0
5365	0
5366	0
5367	1
5368	0
5369	1
5370	0
5371	1
5372	0
5373	0
5374	1
5375	1
5376	0
5377	1
5378	0
5379	0
5380	1
5381	0
5382	1
5383	0
5384	3
5385	1
5386	1
5387	3
5388	0
5389	0
5390	0
5391	0
5392	0
5393	0
5394	0
5395	0
5396	1
5397	0
5398	1
5399	2
5400	0
5401	0
5402	1
5403	1
5404	1
5405	0
5406	1
5407	0
5408	0
5409	1
5410	1
5411	0
5412	0
5413	0
5414	0
5415	0
5416	0
5417	0
5418	1
5419	0
5420	0
5421	1
5422	0
5423	0
5424	1
5425	0
5426	0
5427	0
5428	0
5429	0
5430	2
5431	3
5432	0
5433	0
5434	0
5435	1
5436	0
5437	0
5438	2
5439	0
5440	3
5441	1
5442	0
5443	0
5444	0
5445	0
5446	1
5447	1
5448	2
5449	0
5450	0
5451	0
5452	0
5453	0
5454	1
5455	0
5456	0
5457	1
5458	0
5459	0
5460	3
5461	0
5462	1
5463	1
5464	0
5465	0
5466	0
5467	0
5468	0
5469	0
5470	1
5471	0
5472	2
5473	0
5474	0
5475	0
5476	1
5477	0
5478	1
5479	1
5480	1
5481	0
5482	0
5483	0
5484	0
5485	0
5486	0
5487	1
5488	0
5489	0
5490	0
5491	3
5492	0
5493	2
5494	1
5495	0
5496	0
5497	0
5498	0
5499	0
5500	1
5501	0
5502	0
5503	1
5504	0
5505	0
5506	0
5507	0
5508	3
5509	0
5510	2
5511	1
5512	0
5513	0
5514	0
5515	0
5516	0
5517	0
5518	0
5519	1
5520	0
5521	2
5522	2
5523	1
5524	1
5525	0
5526	0
5527	1
5528	1
5529	0
5530	1
5531	1
5532	1
5533	0
5534	0
5535	0
5536	0
5537	0
5538	2
5539	0
5540	0
5541	1
5542	0
5543	2
5544	0
5545	1
5546	0
5547	1
5548	0
5549	0
5550	1
5551	1
5552	1
5553	0
5554	1
5555	0
5556	1
5557	1
5558	0
5559	1
5560	0
5561	0
5562	0
5563	0
5564	1
5565	1
5566	0
5567	0
5568	0
5569	0
5570	1
5571	3
5572	0
5573	0
5574	1
5575	0
5576	1
5577	0
5578	0
5579	0
5580	1
5581	0
5582	1
5583	0
5584	1
5585	0
5586	0
5587	1
5588	1
5589	0
5590	0
5591	1
5592	1
5593	0
5594	0
5595	0
5596	0
5597	0
5598	1
5599	1
5600	0
5601	0
5602	1
5603	0
5604	0
5605	0
5606	0
5607	0
5608	1
5609	0
5610	1
5611	0
5612	1
5613	0
5614	0
5615	1
5616	2
5617	0
5618	1
5619	0
5620	0
5621	1
5622	0
5623	0
5624	2
5625	0
5626	1
5627	0
5628	0
5629	0
5630	0
5631	1
5632	1
5633	1
5634	0
5635	0
5636	1
5637	0
5638	1
5639	1
5640	2
5641	0
5642	0
5643	0
5644	1
5645	1
5646	0
5647	0
5648	0
5649	0
5650	0
5651	0
5652	1
5653	0
5654	0
5655	1
5656	0
5657	1
5658	0
5659	0
5660	1
5661	0
5662	0
5663	0
5664	0
5665	0
5666	0
5667	0
5668	0
5669	0
5670	0
5671	1
5672	1
5673	0
5674	0
5675	0
5676	0
5677	0
5678	1
5679	0
5680	0
5681	2
5682	1
5683	0
5684	1
5685	0
5686	1
5687	0
5688	1
5689	0
5690	1
5691	0
5692	0
5693	0
5694	0
5695	0
5696	1
5697	0
5698	1
5699	0
5700	0
5701	1
5702	0
5703	1
5704	0
5705	3
5706	2
5707	0
5708	0
5709	0
5710	1
5711	0
5712	0
5713	0
5714	0
5715	0
5716	1
5717	0
5718	0
5719	2
5720	1
5721	1
5722	0
5723	0
5724	0
5725	0
5726	0
5727	0
5728	2
5729	0
5730	0
5731	1
5732	1
5733	0
5734	0
5735	0
5736	1
5737	0
5738	0
5739	2
5740	0
5741	0
5742	0
5743	0
5744	0
5745	0
5746	1
5747	1
5748	0
5749	0
5750	0
5751	0
5752	0
5753	0
5754	0
5755	0
5756	1
5757	0
5758	1
5759	0
5760	1
5761	1
5762	0
5763	1
5764	0
5765	0
5766	1
5767	1
5768	0
5769	0
5770	0
5771	3
5772	1
5773	0
5774	0
5775	0
5776	1
5777	0
5778	0
5779	0
5780	1
5781	0
5782	0
5783	0
5784	0
5785	0
5786	0
5787	1
5788	0
5789	1
5790	1
5791	1
5792	0
5793	1
5794	0
5795	0
5796	0
5797	2
5798	0
5799	0
5800	0
5801	0
5802	1
5803	0
5804	3
5805	0
5806	0
5807	0
5808	2
5809	0
5810	0
5811	0
5812	0
5813	0
5814	0
5815	1
5816	1
5817	0
5818	0
5819	0
5820	1
5821	1
5822	1
5823	0
5824	0
5825	0
5826	0
5827	1
5828	0
5829	0
5830	0
5831	1
5832	0
5833	2
5834	1
5835	0
5836	2
5837	1
5838	2
5839	0
5840	0
5841	3
5842	1
5843	0
5844	1
5845	1
5846	0
5847	0
5848	0
5849	0
5850	1
5851	0
5852	0
5853	0
5854	1
5855	0
5856	1
5857	1
5858	0
5859	2
5860	0
5861	0
5862	0
5863	0
5864	0
5865	0
5866	1
5867	0
5868	1
5869	1
5870	1
5871	1
5872	1
5873	0
5874	2
5875	1
5876	0
5877	0
5878	0
5879	0
5880	0
5881	0
5882	1
5883	0
5884	2
5885	0
5886	1
5887	0
5888	0
5889	1
5890	0
5891	1
5892	0
5893	2
5894	0
5895	2
5896	0
5897	1
5898	1
5899	0
5900	1
5901	0
5902	0
5903	1
5904	0
5905	0
5906	1
5907	2
5908	1
5909	0
5910	0
5911	0
5912	0
5913	0
5914	1
5915	0
5916	0
5917	0
5918	0
5919	0
5920	0
5921	1
5922	0
5923	0
5924	0
5925	0
5926	0
5927	1
5928	0
5929	0
5930	0
5931	0
5932	0
5933	0
5934	0
5935	0
5936	1
5937	0
5938	0
5939	0
5940	0
5941	1
5942	0
5943	1
5944	1
5945	1
5946	1
5947	1
5948	0
5949	0
5950	0
5951	0
5952	0
5953	0
5954	0
5955	0
5956	1
5957	1
5958	1
5959	0
5960	0
5961	0
5962	1
5963	0
5964	0
5965	1
5966	0
5967	0
5968	0
5969	0
5970	0
5971	1
5972	1
5973	1
5974	1
5975	1
5976	0
5977	2
5978	0
5979	0
5980	0
5981	0
5982	1
5983	0
5984	1
5985	1
5986	1
5987	0
5988	2
5989	0
5990	0
5991	0
5992	1
5993	0
5994	0
5995	3
5996	1
5997	1
5998	0
5999	0
6000	0
6001	0
6002	0
6003	1
6004	0
6005	0
6006	1
6007	1
6008	1
6009	0
6010	0
6011	0
6012	1
6013	0
6014	2
6015	1
6016	2
6017	0
6018	1
6019	0
6020	1
6021	1
6022	1
6023	0
6024	1
6025	0
6026	0
6027	0
6028	0
6029	0
6030	1
6031	1
6032	1
6033	1
6034	2
6035	0
6036	1
6037	0
6038	0
6039	0
6040	0
6041	1
6042	1
6043	1
6044	0
6045	0
6046	0
6047	0
6048	0
6049	1
6050	1
6051	0
6052	1
6053	0
6054	0
6055	0
6056	0
6057	0
6058	0
6059	0
6060	1
6061	0
6062	0
6063	1
6064	1
6065	1
6066	2
6067	0
6068	0
6069	1
6070	0
6071	0
6072	3
6073	3
6074	0
6075	1
6076	0
6077	1
6078	0
6079	1
6080	0
6081	1
6082	1
6083	0
6084	0
6085	2
6086	0
6087	1
6088	0
6089	1
6090	0
6091	2
6092	2
6093	0
6094	0
6095	1
6096	0
6097	0
6098	1
6099	1
6100	1
6101	1
6102	1
6103	2
6104	0
6105	1
6106	0
6107	1
6108	1
6109	1
6110	2
6111	1
6112	1
6113	0
6114	1
6115	0
6116	0
6117	0
6118	1
6119	1
6120	0
6121	1
6122	0
6123	0
6124	0
6125	0
6126	2
6127	0
6128	0
6129	0
6130	0
6131	0
6132	0
6133	0
6134	0
6135	0
6136	1
6137	0
6138	1
6139	0
6140	0
6141	1
6142	1
6143	0
6144	1
6145	0
6146	0
6147	0
6148	0
6149	2
6150	0
6151	1
6152	1
6153	0
6154	1
6155	0
6156	1
6157	0
6158	0
6159	0
6160	1
6161	0
6162	0
6163	0
6164	0
6165	0
6166	2
6167	0
6168	0
6169	0
6170	0
6171	0
6172	1
6173	0
6174	0
6175	1
6176	0
6177	0
6178	0
6179	0
6180	2
6181	1
6182	0
6183	0
6184	1
6185	0
6186	0
6187	0
6188	1
6189	2
6190	0
6191	1
6192	1
6193	1
6194	0
6195	0
6196	0
6197	2
6198	2
6199	0
6200	2
6201	0
6202	0
6203	1
6204	0
6205	0
6206	0
6207	1
6208	0
6209	2
6210	1
6211	1
6212	0
6213	1
6214	1
6215	1
6216	0
6217	0
6218	1
6219	2
6220	0
6221	1
6222	1
6223	0
6224	1
6225	0
6226	0
6227	0
6228	0
6229	0
6230	1
6231	0
6232	0
6233	1
6234	2
6235	1
6236	0
6237	1
6238	0
6239	0
6240	0
6241	1
6242	0
6243	1
6244	1
6245	0
6246	1
6247	0
6248	1
6249	0
6250	0
6251	0
6252	1
6253	1
6254	1
6255	1
6256	0
6257	0
6258	0
6259	0
6260	0
6261	1
6262	0
6263	0
6264	0
6265	0
6266	0
6267	2
6268	0
6269	1
6270	0
6271	0
6272	0
6273	0
6274	1
6275	0
6276	0
6277	0
6278	1
6279	1
6280	0
6281	0
6282	0
6283	0
6284	1
6285	0
6286	1
6287	0
6288	0
6289	1
6290	0
6291	2
6292	1
6293	0
6294	1
6295	1
6296	1
6297	2
6298	0
6299	0
6300	0
6301	1
6302	0
6303	0
6304	2
6305	0
6306	1
6307	1
6308	2
6309	1
6310	0
6311	1
6312	0
6313	1
6314	0
6315	0
6316	0
6317	1
6318	0
6319	0
6320	0
6321	0
6322	1
6323	0
6324	1
6325	0
6326	1
6327	0
6328	0
6329	1
6330	1
6331	1
6332	0
6333	2
6334	0
6335	0
6336	0
6337	0
6338	0
6339	0
6340	0
6341	0
6342	0
6343	0
6344	0
6345	2
6346	1
6347	0
6348	0
6349	0
6350	0
6351	0
6352	2
6353	1
6354	0
6355	0
6356	0
6357	0
6358	1
6359	1
6360	1
6361	0
6362	0
6363	2
6364	0
6365	0
6366	1
6367	0
6368	0
6369	0
6370	2
6371	0
6372	1
6373	2
6374	0
6375	0
6376	0
6377	1
6378	0
6379	1
6380	0
6381	0
6382	1
6383	0
6384	1
6385	0
6386	0
6387	0
6388	0
6389	0
6390	0
6391	0
6392	2
6393	0
6394	3
6395	2
6396	0
6397	0
6398	0
6399	0
6400	1
6401	0
6402	0
6403	0
6404	0
6405	0
6406	1
6407	1
6408	1
6409	0
6410	2
6411	0
6412	2
6413	0
6414	0
6415	0
6416	1
6417	0
6418	0
6419	0
6420	0
6421	0
6422	0
6423	0
6424	1
6425	0
6426	0
6427	0
6428	0
6429	0
6430	0
6431	0
6432	1
6433	0
6434	0
6435	0
6436	3
6437	1
6438	0
6439	1
6440	1
6441	2
6442	0
6443	0
6444	0
6445	0
6446	0
6447	0
6448	1
6449	1
6450	0
6451	0
6452	1
6453	1
6454	0
6455	0
6456	1
6457	0
6458	0
6459	1
6460	0
6461	1
6462	0
6463	0
6464	0
6465	1
6466	1
6467	0
6468	0
6469	0
6470	0
6471	0
6472	1
6473	1
6474	1
6475	0
6476	0
6477	1
6478	2
6479	0
6480	1
6481	0
6482	1
6483	1
6484	1
6485	1
6486	0
6487	0
6488	0
6489	1
6490	1
6491	0
6492	1
6493	0
6494	0
6495	1
6496	0
6497	0
6498	0
6499	1
6500	1
6501	0
6502	0
6503	0
6504	0
6505	1
6506	0
6507	0
6508	0
6509	0
6510	0
6511	0
6512	0
6513	1
6514	1
6515	0
6516	1
6517	2
6518	2
6519	0
6520	1
6521	0
6522	0
6523	1
6524	0
6525	0
6526	0
6527	1
6528	1
6529	0
6530	1
6531	1
6532	1
6533	0
6534	0
6535	0
6536	0
6537	1
6538	0
6539	1
6540	0
6541	0
6542	0
6543	0
6544	0
6545	0
6546	0
6547	0
6548	0
6549	0
6550	0
6551	1
6552	1
6553	0
6554	0
6555	1
6556	0
6557	1
6558	1
6559	0
6560	0
6561	0
6562	1
6563	0
6564	1
6565	0
6566	1
6567	0
6568	0
6569	0
6570	1
6571	0
6572	1
6573	0
6574	1
6575	0
6576	0
6577	0
6578	0
6579	0
6580	0
6581	1
6582	1
6583	1
6584	1
6585	1
6586	0
6587	0
6588	1
6589	0
6590	1
6591	0
6592	1
6593	0
6594	0
6595	0
6596	0
6597	1
6598	0
6599	0
6600	1
6601	1
6602	1
6603	1
6604	0
6605	0
6606	0
6607	0
6608	0
6609	2
6610	2
6611	0
6612	0
6613	2
6614	1
6615	0
6616	0
6617	2
6618	2
6619	0
6620	1
6621	0
6622	1
6623	0
6624	0
6625	1
6626	1
6627	0
6628	0
6629	1
6630	1
6631	0
6632	1
6633	0
6634	1
6635	1
6636	1
6637	0
6638	0
6639	0
6640	0
6641	0
6642	0
6643	0
6644	0
6645	0
6646	3
6647	0
6648	0
6649	1
6650	1
6651	0
6652	2
6653	0
6654	0
6655	0
6656	0
6657	0
6658	0
6659	0
6660	0
6661	0
6662	0
6663	0
6664	0
6665	0
6666	1
6667	0
6668	1
6669	0
6670	0
6671	0
6672	0
6673	0
6674	0
6675	2
6676	0
6677	1
6678	1
6679	1
6680	0
6681	0
6682	1
6683	1
6684	1
6685	0
6686	0
6687	0
6688	0
6689	1
6690	0
6691	0
6692	0
6693	0
6694	1
6695	0
6696	1
6697	1
6698	1
6699	0
6700	0
6701	1
6702	0
6703	0
6704	0
6705	1
6706	0
6707	0
6708	1
6709	0
6710	0
6711	0
6712	0
6713	0
6714	0
6715	1
6716	0
6717	0
6718	0
6719	1
6720	1
6721	1
6722	1
6723	0
6724	0
6725	1
6726	0
6727	0
6728	0
6729	1
6730	0
6731	1
6732	0
6733	1
6734	0
6735	0
6736	0
6737	0
6738	0
6739	0
6740	1
6741	1
6742	0
6743	0
6744	1
6745	0
6746	0
6747	1
6748	0
6749	0
6750	1
6751	0
6752	1
6753	0
6754	1
6755	0
6756	0
6757	2
6758	1
6759	0
6760	0
6761	1
6762	0
6763	1
6764	1
6765	0
6766	0
6767	0
6768	0
6769	0
6770	0
6771	0
6772	1
6773	0
6774	0
6775	0
6776	0
6777	1
6778	1
6779	0
6780	0
6781	0
6782	0
6783	1
6784	1
6785	1
6786	0
6787	0
6788	0
6789	0
6790	0
6791	0
6792	0
6793	0
6794	0
6795	0
6796	0
6797	0
6798	0
6799	0
6800	0
6801	0
6802	0
6803	1
6804	0
6805	0
6806	0
6807	0
6808	2
6809	0
6810	0
6811	0
6812	1
6813	0
6814	1
6815	0
6816	1
6817	1
6818	0
6819	0
6820	1
6821	0
6822	0
6823	0
6824	1
6825	0
6826	1
6827	0
6828	3
6829	0
6830	0
6831	1
6832	3
6833	0
6834	1
6835	1
6836	0
6837	0
6838	0
6839	1
6840	0
6841	0
6842	1
6843	0
6844	0
6845	0
6846	0
6847	0
6848	0
6849	0
6850	0
6851	0
6852	0
6853	0
6854	0
6855	0
6856	1
6857	0
6858	0
6859	1
6860	0
6861	0
6862	0
6863	1
6864	0
6865	0
6866	0
6867	0
6868	0
6869	0
6870	0
6871	0
6872	0
6873	0
6874	0
6875	0
6876	0
6877	0
6878	1
6879	2
6880	0
6881	0
6882	0
6883	0
6884	0
6885	1
6886	1
6887	0
6888	3
6889	0
6890	1
6891	1
6892	0
6893	0
6894	0
6895	0
6896	2
6897	0
6898	0
6899	0
6900	1
6901	2
6902	0
6903	0
6904	1
6905	0
6906	0
6907	1
6908	1
6909	0
6910	0
6911	1
6912	1
6913	0
6914	0
6915	2
6916	0
6917	1
6918	0
6919	0
6920	0
6921	1
6922	0
6923	0
6924	0
6925	0
6926	1
6927	0
6928	0
6929	2
6930	0
6931	0
6932	0
6933	0
6934	0
6935	0
6936	0
6937	0
6938	0
6939	0
6940	0
6941	0
6942	0
6943	1
6944	0
6945	0
6946	0
6947	1
6948	0
6949	1
6950	1
6951	0
6952	0
6953	0
6954	0
6955	0
6956	0
6957	0
6958	0
6959	0
6960	0
6961	1
6962	0
6963	0
6964	0
6965	0
6966	1
6967	0
6968	1
6969	0
6970	1
6971	0
6972	0
6973	0
6974	0
6975	2
6976	0
6977	0
6978	1
6979	0
6980	0
6981	0
6982	0
6983	0
6984	1
6985	1
6986	0
6987	0
6988	0
6989	0
6990	1
6991	0
6992	0
6993	0
6994	0
6995	0
6996	0
6997	0
6998	0
6999	1
7000	1
7001	0
7002	1
7003	1
7004	1
7005	0
7006	0
7007	1
7008	0
7009	0
7010	0
7011	0
7012	1
7013	0
7014	0
7015	0
7016	0
7017	0
7018	1
7019	0
7020	1
7021	0
7022	0
7023	1
7024	0
7025	0
7026	1
7027	0
7028	0
7029	0
7030	0
7031	0
7032	0
7033	0
7034	0
7035	0
7036	0
7037	0
7038	0
7039	2
7040	0
7041	0
7042	1
7043	0
7044	0
7045	0
7046	0
7047	0
7048	0
7049	0
7050	2
7051	1
7052	2
7053	0
7054	0
7055	1
7056	1
7057	1
7058	1
7059	0
7060	0
7061	1
7062	0
7063	0
7064	2
7065	0
7066	1
7067	2
7068	0
7069	0
7070	0
7071	0
7072	0
7073	0
7074	0
7075	1
7076	1
7077	1
7078	0
7079	0
7080	0
7081	0
7082	0
7083	0
7084	0
7085	1
7086	0
7087	0
7088	1
7089	0
7090	0
7091	0
7092	0
7093	0
7094	1
7095	0
7096	0
7097	1
7098	1
7099	0
7100	1
7101	0
7102	0
7103	0
7104	0
7105	0
7106	1
7107	0
7108	0
7109	0
7110	0
7111	0
7112	0
7113	0
7114	1
7115	1
7116	0
7117	0
7118	1
7119	0
7120	0
7121	0
7122	1
7123	0
7124	0
7125	0
7126	0
7127	0
7128	0
7129	1
7130	0
7131	2
7132	0
7133	0
7134	0
7135	0
7136	0
7137	0
7138	1
7139	1
7140	0
7141	0
7142	0
7143	0
7144	0
7145	0
7146	0
7147	0
7148	1
7149	0
7150	1
7151	0
7152	0
7153	0
7154	1
7155	0
7156	0
7157	0
7158	0
7159	0
7160	0
7161	0
7162	0
7163	0
7164	0
7165	0
7166	0
7167	0
7168	0
7169	0
7170	0
7171	0
7172	0
7173	0
7174	0
7175	0
7176	1
7177	0
7178	0
7179	3
7180	0
7181	0
7182	0
7183	0
7184	1
7185	0
7186	1
7187	0
7188	0
7189	2
7190	0
7191	0
7192	1
7193	2
7194	0
7195	1
7196	1
7197	1
7198	2
7199	0
7200	0
7201	0
7202	0
7203	0
7204	0
7205	0
7206	1
7207	0
7208	0
7209	0
7210	1
7211	0
7212	0
7213	1
7214	0
7215	0
7216	0
7217	1
7218	1
7219	1
7220	0
7221	0
7222	0
7223	0
7224	0
7225	0
7226	1
7227	0
7228	0
7229	0
7230	1
7231	0
7232	1
7233	0
7234	1
7235	0
7236	0
7237	1
7238	0
7239	0
7240	0
7241	0
7242	0
7243	0
7244	1
7245	0
7246	0
7247	0
7248	1
7249	0
7250	1
7251	1
7252	0
7253	0
7254	0
7255	0
7256	2
7257	1
7258	0
7259	0
7260	0
7261	0
7262	0
7263	2
7264	0
7265	0
7266	1
7267	0
7268	0
7269	1
7270	0
7271	0
7272	0
7273	0
7274	0
7275	1
7276	1
7277	2
7278	2
7279	0
7280	1
7281	0
7282	1
7283	0
7284	0
7285	2
7286	0
7287	0
7288	1
7289	2
7290	1
7291	0
7292	1
7293	0
7294	1
7295	0
7296	0
7297	0
7298	0
7299	0
7300	0
7301	0
7302	0
7303	0
7304	1
7305	0
7306	1
7307	0
7308	0
7309	1
7310	0
7311	0
7312	1
7313	0
7314	0
7315	0
7316	0
7317	1
7318	1
7319	0
7320	0
7321	1
7322	3
7323	0
7324	1
7325	1
7326	0
7327	0
7328	0
7329	1
7330	0
7331	0
7332	1
7333	1
7334	0
7335	1
7336	0
7337	1
7338	1
7339	0
7340	0
7341	0
7342	1
7343	0
7344	0
7345	0
7346	1
7347	1
7348	0
7349	1
7350	0
7351	0
7352	0
7353	0
7354	0
7355	0
7356	0
7357	0
7358	0
7359	0
7360	0
7361	0
7362	0
7363	0
7364	0
7365	0
7366	1
7367	0
7368	0
7369	0
7370	1
7371	0
7372	0
7373	1
7374	1
7375	0
7376	0
7377	0
7378	0
7379	0
7380	0
7381	0
7382	0
7383	0
7384	1
7385	0
7386	0
7387	0
7388	0
7389	0
7390	1
7391	1
7392	0
7393	0
7394	1
7395	0
7396	0
7397	0
7398	1
7399	0
7400	1
7401	0
7402	0
7403	0
7404	0
7405	0
7406	1
7407	0
7408	0
7409	0
7410	0
7411	0
7412	0
7413	0
7414	0
7415	0
7416	2
7417	0
7418	0
7419	0
7420	0
7421	0
7422	0
7423	0
7424	0
7425	0
7426	1
7427	0
7428	0
7429	0
7430	0
7431	1
7432	0
7433	0
7434	0
7435	2
7436	0
7437	0
7438	0
7439	0
7440	0
7441	0
7442	0
7443	1
7444	0
7445	0
7446	0
7447	0
7448	0
7449	0
7450	0
7451	0
7452	1
7453	0
7454	0
7455	2
7456	0
7457	0
7458	3
7459	0
7460	0
7461	2
7462	1
7463	0
7464	0
7465	0
7466	0
7467	0
7468	0
7469	0
7470	0
7471	0
7472	0
7473	0
7474	0
7475	0
7476	0
7477	0
7478	1
7479	2
7480	0
7481	1
7482	0
7483	0
7484	1
7485	1
7486	1
7487	1
7488	0
7489	0
7490	0
7491	0
7492	0
7493	0
7494	0
7495	0
7496	0
7497	0
7498	0
7499	0
7500	4
7501	0
7502	0
7503	1
7504	0
7505	0
7506	0
7507	0
7508	0
7509	0
7510	1
7511	0
7512	0
7513	0
7514	1
7515	0
7516	0
7517	0
7518	1
7519	1
7520	0
7521	0
7522	0
7523	2
7524	1
7525	0
7526	0
7527	1
7528	1
7529	0
7530	1
7531	0
7532	0
7533	1
7534	0
7535	0
7536	1
7537	0
7538	0
7539	0
7540	0
7541	0
7542	0
7543	1
7544	0
7545	1
7546	0
7547	0
7548	0
7549	0
7550	0
7551	0
7552	0
7553	1
7554	0
7555	0
7556	1
7557	0
7558	0
7559	0
7560	0
7561	0
7562	0
7563	0
7564	1
7565	0
7566	1
7567	0
7568	1
7569	0
7570	1
7571	0
7572	1
7573	0
7574	1
7575	1
7576	0
7577	2
7578	1
7579	2
7580	0
7581	0
7582	0
7583	1
7584	1
7585	0
7586	1
7587	0
7588	0
7589	0
7590	0
7591	0
7592	0
7593	0
7594	1
7595	0
7596	0
7597	0
7598	0
7599	2
7600	1
7601	0
7602	0
7603	0
7604	0
7605	0
7606	0
7607	0
7608	1
7609	0
7610	0
7611	3
7612	0
7613	2
7614	1
7615	1
7616	1
7617	2
7618	0
7619	0
7620	0
7621	0
7622	0
7623	0
7624	0
7625	0
7626	1
7627	0
7628	0
7629	0
7630	0
7631	0
7632	0
7633	1
7634	0
7635	0
7636	0
7637	0
7638	0
7639	0
7640	0
7641	0
7642	0
7643	1
7644	0
7645	1
7646	0
7647	0
7648	1
7649	0
7650	0
7651	0
7652	0
7653	0
7654	1
7655	0
7656	0
7657	2
7658	1
7659	0
7660	0
7661	0
7662	0
7663	0
7664	0
7665	1
7666	0
7667	0
7668	0
7669	0
7670	0
7671	0
7672	0
7673	0
7674	0
7675	0
7676	1
7677	0
7678	0
7679	0
7680	1
7681	0
7682	0
7683	0
7684	0
7685	1
7686	1
7687	0
7688	2
7689	0
7690	0
7691	0
7692	1
7693	1
7694	1
7695	0
7696	1
7697	0
7698	1
7699	0
7700	0
7701	1
7702	0
7703	1
7704	0
7705	0
7706	1
7707	0
7708	0
7709	0
7710	0
7711	0
7712	0
7713	1
7714	0
7715	0
7716	0
7717	1
7718	0
7719	0
7720	0
7721	0
7722	0
7723	1
7724	1
7725	1
7726	0
7727	0
7728	0
7729	0
7730	1
7731	1
7732	1
7733	0
7734	1
7735	0
7736	0
7737	0
7738	1
7739	1
7740	0
7741	0
7742	0
7743	1
7744	0
7745	0
7746	0
7747	0
7748	0
7749	0
7750	0
7751	0
7752	0
7753	0
7754	1
7755	0
7756	0
7757	0
7758	0
7759	0
7760	0
7761	0
7762	1
7763	0
7764	1
7765	0
7766	1
7767	1
7768	0
7769	0
7770	0
7771	0
7772	0
7773	1
7774	0
7775	0
7776	1
7777	1
7778	0
7779	1
7780	0
7781	1
7782	1
7783	0
7784	0
7785	0
7786	0
7787	0
7788	0
7789	0
7790	2
7791	0
7792	0
7793	1
7794	0
7795	0
7796	1
7797	0
7798	0
7799	0
7800	0
7801	0
7802	1
7803	0
7804	0
7805	1
7806	0
7807	0
7808	0
7809	1
7810	0
7811	0
7812	0
7813	0
7814	0
7815	0
7816	0
7817	0
7818	0
7819	0
7820	0
7821	1
7822	0
7823	0
7824	0
7825	1
7826	1
7827	0
7828	1
7829	0
7830	0
7831	0
7832	3
7833	1
7834	0
7835	0
7836	0
7837	0
7838	1
7839	0
7840	0
7841	0
7842	2
7843	2
7844	2
7845	1
7846	1
7847	0
7848	0
7849	0
7850	1
7851	0
7852	1
7853	0
7854	1
7855	0
7856	1
7857	0
7858	1
7859	0
7860	0
7861	0
7862	0
7863	0
7864	1
7865	0
7866	0
7867	0
7868	0
7869	0
7870	0
7871	1
7872	0
7873	0
7874	0
7875	0
7876	0
7877	0
7878	0
7879	2
7880	0
7881	0
7882	0
7883	0
7884	0
7885	2
7886	0
7887	0
7888	0
7889	2
7890	1
7891	0
7892	0
7893	0
7894	0
7895	0
7896	0
7897	0
7898	0
7899	1
7900	1
7901	0
7902	2
7903	0
7904	0
7905	0
7906	1
7907	0
7908	0
7909	0
7910	0
7911	0
7912	0
7913	0
7914	0
7915	0
7916	2
7917	0
7918	0
7919	0
7920	0
7921	0
7922	1
7923	0
7924	1
7925	0
7926	0
7927	0
7928	2
7929	0
7930	1
7931	0
7932	0
7933	0
7934	0
7935	2
7936	0
7937	1
7938	1
7939	1
7940	1
7941	1
7942	0
7943	0
7944	0
7945	1
7946	1
7947	2
7948	0
7949	0
7950	0
7951	0
7952	0
7953	0
7954	0
7955	2
7956	0
7957	1
7958	0
7959	1
7960	0
7961	0
7962	1
7963	1
7964	0
7965	0
7966	0
7967	0
7968	0
7969	0
7970	1
7971	0
7972	0
7973	1
7974	0
7975	0
7976	0
7977	0
7978	1
7979	0
7980	0
7981	1
7982	2
7983	0
7984	0
7985	0
7986	0
7987	0
7988	0
7989	0
7990	2
7991	0
7992	0
7993	1
7994	0
7995	0
7996	1
7997	0
7998	1
7999	0
8000	0
8001	0
8002	0
8003	0
8004	0
8005	0
8006	0
8007	0
8008	1
8009	0
8010	0
8011	1
8012	0
8013	0
8014	0
8015	0
8016	1
8017	1
8018	0
8019	1
8020	0
8021	0
8022	0
8023	0
8024	0
8025	0
8026	0
8027	1
8028	0
8029	0
8030	0
8031	0
8032	0
8033	0
8034	0
8035	0
8036	0
8037	1
8038	0
8039	0
8040	0
8041	0
8042	0
8043	0
8044	1
8045	0
8046	1
8047	0
8048	0
8049	0
8050	0
8051	1
8052	0
8053	0
8054	0
8055	0
8056	0
8057	0
8058	0
8059	0
8060	0
8061	0
8062	0
8063	1
8064	0
8065	0
8066	0
8067	1
8068	0
8069	0
8070	0
8071	1
8072	0
8073	0
8074	0
8075	1
8076	0
8077	0
8078	0
8079	0
8080	0
8081	0
8082	0
8083	0
8084	0
8085	0
8086	0
8087	0
8088	0
8089	0
8090	0
8091	0
8092	0
8093	0
8094	0
8095	0
8096	0
8097	0
8098	0
8099	0
8100	0
8101	0
8102	0
8103	0
8104	0
8105	0
8106	0
8107	0
8108	0
8109	0
8110	0
8111	0
8112	0
8113	0
8114	0
8115	0
8116	0
8117	0
8118	0
8119	0
8120	0
8121	0
8122	0
8123	0
8124	0
8125	0
8126	0
8127	0
8128	0
8129	0
8130	0
8131	0
8132	0
8133	0
8134	0
8135	0
8136	0
8137	0
8138	0
8139	0
8140	0
8141	0
8142	0
8143	0
8144	0
8145	0
8146	0
8147	0
8148	0
8149	0
8150	0
8151	0
8152	0
8153	0
8154	0
8155	0
8156	0
8157	0
8158	0
8159	0
8160	0
8161	0
8162	0
8163	0
8164	0
8165	0
8166	0
8167	0
8168	0
8169	0
8170	0
8171	0
8172	0
8173	0
8174	0
8175	0
8176	0
8177	0
8178	0
8179	0
8180	0
8181	0
8182	0
8183	0
8184	0
8185	0
8186	0
8187	0
8188	0
8189	0
8190	0
8191	0
