0	0
1	0
2	0
3	0
4	0
5	0
6	0
7	0
8	0
9	0
10	0
11	0
12	0
13	0
14	0
15	0
16	0
17	0
18	0
19	0
20	0
21	0
22	0
23	0
24	0
25	0
26	0
27	0
28	0
29	0
30	0
31	0
32	0
33	0
34	0
35	0
36	0
37	0
38	0
39	0
40	0
41	0
42	0
43	0
44	0
45	0
46	0
47	0
48	0
49	0
50	0
51	0
52	0
53	0
54	0
55	0
56	0
57	0
58	0
59	0
60	0
61	0
62	0
63	0
64	0
65	0
66	0
67	0
68	0
69	0
70	0
71	0
72	0
73	0
74	0
75	0
76	0
77	0
78	0
79	0
80	0
81	0
82	0
83	0
84	0
85	0
86	6
87	5
88	12
89	6
90	4
91	6
92	5
93	5
94	4
95	6
96	9
97	8
98	8
99	7
100	5
101	10
102	6
103	5
104	7
105	10
106	8
107	8
108	6
109	9
110	4
111	8
112	8
113	7
114	8
115	5
116	4
117	8
118	5
119	12
120	6
121	7
122	4
123	7
124	5
125	5
126	6
127	3
128	6
129	9
130	5
131	2
132	5
133	7
134	7
135	6
136	8
137	10
138	6
139	6
140	9
141	7
142	10
143	5
144	5
145	8
146	10
147	3
148	10
149	6
150	4
151	6
152	2
153	9
154	8
155	6
156	8
157	7
158	8
159	5
160	3
161	7
162	10
163	3
164	7
165	4
166	9
167	7
168	8
169	7
170	8
171	3
172	5
173	7
174	3
175	4
176	6
177	7
178	5
179	9
180	5
181	6
182	9
183	7
184	9
185	8
186	3
187	5
188	9
189	6
190	7
191	8
192	7
193	7
194	14
195	6
196	7
197	11
198	6
199	10
200	11
201	4
202	12
203	4
204	5
205	9
206	6
207	5
208	11
209	13
210	6
211	7
212	13
213	4
214	7
215	9
216	5
217	4
218	8
219	7
220	12
221	12
222	9
223	5
224	8
225	6
226	6
227	8
228	12
229	12
230	8
231	9
232	11
233	11
234	9
235	13
236	6
237	6
238	13
239	8
240	7
241	11
242	6
243	7
244	11
245	5
246	13
247	7
248	6
249	3
250	4
251	8
252	13
253	8
254	6
255	10
256	7
257	9
258	10
259	11
260	6
261	7
262	8
263	8
264	3
265	6
266	7
267	12
268	6
269	5
270	7
271	6
272	10
273	8
274	7
275	9
276	9
277	6
278	12
279	7
280	9
281	13
282	12
283	8
284	6
285	9
286	7
287	11
288	8
289	1
290	10
291	12
292	12
293	10
294	6
295	8
296	10
297	4
298	8
299	12
300	4
301	5
302	12
303	9
304	5
305	8
306	6
307	4
308	9
309	7
310	13
311	6
312	5
313	9
314	8
315	11
316	7
317	5
318	4
319	9
320	4
321	10
322	10
323	12
324	9
325	14
326	9
327	7
328	5
329	7
330	13
331	14
332	4
333	5
334	5
335	5
336	6
337	8
338	5
339	9
340	9
341	9
342	8
343	9
344	6
345	6
346	10
347	10
348	7
349	5
350	15
351	10
352	6
353	9
354	4
355	9
356	9
357	5
358	11
359	14
360	14
361	9
362	3
363	8
364	13
365	7
366	8
367	6
368	4
369	7
370	9
371	8
372	8
373	10
374	10
375	6
376	14
377	2
378	13
379	5
380	5
381	7
382	3
383	5
384	8
385	7
386	7
387	8
388	10
389	11
390	9
391	5
392	9
393	10
394	7
395	12
396	10
397	9
398	11
399	7
400	9
401	10
402	13
403	8
404	8
405	8
406	5
407	13
408	14
409	12
410	9
411	9
412	14
413	5
414	9
415	11
416	10
417	8
418	9
419	3
420	5
421	3
422	8
423	10
424	12
425	6
426	8
427	4
428	6
429	10
430	10
431	7
432	10
433	7
434	8
435	6
436	9
437	11
438	7
439	7
440	3
441	8
442	5
443	13
444	10
445	8
446	10
447	8
448	9
449	7
450	10
451	10
452	14
453	12
454	12
455	5
456	8
457	12
458	8
459	4
460	10
461	10
462	11
463	9
464	10
465	6
466	9
467	8
468	10
469	11
470	5
471	12
472	10
473	11
474	9
475	9
476	9
477	11
478	15
479	6
480	11
481	9
482	12
483	11
484	12
485	11
486	9
487	12
488	8
489	9
490	9
491	7
492	6
493	8
494	11
495	7
496	9
497	10
498	8
499	11
500	10
501	13
502	12
503	10
504	11
505	12
506	9
507	10
508	13
509	17
510	13
511	7
512	16
513	11
514	17
515	11
516	11
517	10
518	11
519	14
520	7
521	12
522	12
523	16
524	10
525	12
526	7
527	8
528	11
529	11
530	12
531	14
532	12
533	13
534	14
535	7
536	15
537	14
538	18
539	17
540	18
541	12
542	15
543	12
544	10
545	20
546	10
547	11
548	11
549	15
550	18
551	20
552	9
553	16
554	14
555	9
556	17
557	14
558	20
559	16
560	19
561	12
562	19
563	11
564	24
565	18
566	14
567	19
568	11
569	26
570	19
571	17
572	13
573	12
574	11
575	22
576	18
577	12
578	14
579	18
580	12
581	13
582	16
583	16
584	18
585	18
586	20
587	21
588	18
589	16
590	23
591	29
592	21
593	10
594	18
595	20
596	21
597	20
598	14
599	18
600	24
601	22
602	17
603	22
604	32
605	11
606	23
607	23
608	22
609	15
610	21
611	20
612	19
613	22
614	21
615	28
616	24
617	19
618	18
619	17
620	25
621	18
622	22
623	14
624	11
625	14
626	21
627	15
628	11
629	15
630	26
631	28
632	13
633	13
634	15
635	11
636	20
637	13
638	8
639	19
640	17
641	20
642	18
643	29
644	19
645	12
646	15
647	11
648	15
649	24
650	17
651	15
652	17
653	13
654	11
655	9
656	17
657	19
658	12
659	15
660	23
661	20
662	21
663	13
664	15
665	19
666	18
667	21
668	19
669	15
670	20
671	13
672	12
673	12
674	17
675	16
676	11
677	15
678	17
679	14
680	11
681	21
682	13
683	24
684	12
685	16
686	12
687	11
688	16
689	10
690	10
691	12
692	18
693	20
694	18
695	14
696	22
697	14
698	20
699	17
700	18
701	17
702	17
703	19
704	14
705	12
706	14
707	16
708	21
709	20
710	14
711	14
712	13
713	12
714	11
715	19
716	12
717	14
718	14
719	9
720	15
721	12
722	15
723	18
724	19
725	15
726	13
727	11
728	16
729	11
730	18
731	15
732	13
733	11
734	13
735	22
736	15
737	18
738	13
739	19
740	17
741	18
742	15
743	14
744	12
745	11
746	16
747	19
748	17
749	13
750	14
751	14
752	11
753	11
754	7
755	9
756	12
757	19
758	8
759	11
760	14
761	14
762	7
763	14
764	14
765	11
766	14
767	17
768	7
769	10
770	14
771	10
772	17
773	18
774	11
775	14
776	14
777	12
778	13
779	16
780	15
781	13
782	14
783	15
784	16
785	17
786	17
787	7
788	14
789	12
790	10
791	12
792	17
793	13
794	10
795	11
796	18
797	19
798	11
799	18
800	20
801	14
802	14
803	13
804	16
805	14
806	7
807	21
808	20
809	16
810	18
811	12
812	14
813	18
814	18
815	18
816	11
817	6
818	19
819	12
820	7
821	16
822	10
823	13
824	15
825	18
826	10
827	11
828	13
829	16
830	14
831	17
832	8
833	15
834	10
835	16
836	15
837	22
838	11
839	11
840	18
841	13
842	16
843	17
844	18
845	8
846	17
847	15
848	16
849	19
850	13
851	13
852	10
853	16
854	14
855	18
856	14
857	22
858	11
859	13
860	21
861	12
862	11
863	19
864	6
865	15
866	19
867	18
868	25
869	11
870	12
871	12
872	13
873	15
874	13
875	15
876	11
877	18
878	10
879	14
880	12
881	15
882	15
883	11
884	15
885	18
886	12
887	13
888	19
889	16
890	18
891	10
892	11
893	18
894	14
895	11
896	18
897	18
898	14
899	20
900	19
901	13
902	20
903	12
904	15
905	13
906	14
907	15
908	17
909	16
910	13
911	11
912	13
913	15
914	21
915	16
916	18
917	9
918	11
919	19
920	14
921	16
922	21
923	15
924	5
925	15
926	18
927	17
928	17
929	12
930	14
931	13
932	14
933	23
934	17
935	18
936	21
937	21
938	15
939	21
940	22
941	16
942	18
943	16
944	17
945	10
946	21
947	15
948	19
949	15
950	20
951	18
952	15
953	18
954	13
955	17
956	16
957	21
958	22
959	19
960	17
961	16
962	20
963	23
964	20
965	20
966	23
967	20
968	14
969	16
970	16
971	18
972	14
973	21
974	26
975	16
976	12
977	14
978	18
979	11
980	21
981	22
982	16
983	20
984	17
985	16
986	18
987	16
988	21
989	17
990	23
991	22
992	19
993	24
994	11
995	21
996	18
997	16
998	11
999	20
1000	22
1001	19
1002	16
1003	19
1004	23
1005	19
1006	25
1007	18
1008	19
1009	20
1010	19
1011	22
1012	21
1013	18
1014	24
1015	13
1016	19
1017	20
1018	24
1019	29
1020	21
1021	14
1022	14
1023	14
1024	18
1025	16
1026	19
1027	14
1028	16
1029	28
1030	12
1031	16
1032	14
1033	20
1034	18
1035	19
1036	17
1037	31
1038	27
1039	19
1040	23
1041	19
1042	24
1043	13
1044	13
1045	19
1046	14
1047	17
1048	17
1049	25
1050	20
1051	15
1052	12
1053	20
1054	22
1055	27
1056	17
1057	22
1058	17
1059	21
1060	22
1061	17
1062	20
1063	24
1064	25
1065	18
1066	23
1067	20
1068	14
1069	13
1070	15
1071	25
1072	16
1073	24
1074	28
1075	21
1076	26
1077	20
1078	32
1079	13
1080	23
1081	17
1082	17
1083	25
1084	17
1085	22
1086	18
1087	15
1088	18
1089	14
1090	20
1091	23
1092	29
1093	26
1094	29
1095	23
1096	29
1097	21
1098	18
1099	15
1100	18
1101	18
1102	19
1103	23
1104	21
1105	19
1106	24
1107	14
1108	29
1109	19
1110	25
1111	16
1112	23
1113	29
1114	17
1115	32
1116	26
1117	30
1118	19
1119	19
1120	24
1121	25
1122	25
1123	24
1124	27
1125	26
1126	19
1127	16
1128	24
1129	15
1130	18
1131	29
1132	25
1133	22
1134	16
1135	20
1136	25
1137	14
1138	17
1139	15
1140	13
1141	24
1142	21
1143	21
1144	16
1145	18
1146	38
1147	26
1148	27
1149	20
1150	12
1151	17
1152	22
1153	20
1154	27
1155	18
1156	33
1157	24
1158	21
1159	23
1160	17
1161	19
1162	19
1163	16
1164	20
1165	21
1166	14
1167	30
1168	28
1169	27
1170	29
1171	18
1172	23
1173	16
1174	21
1175	25
1176	22
1177	23
1178	23
1179	22
1180	21
1181	35
1182	32
1183	16
1184	19
1185	20
1186	24
1187	20
1188	21
1189	14
1190	20
1191	23
1192	32
1193	25
1194	22
1195	14
1196	22
1197	16
1198	24
1199	22
1200	15
1201	18
1202	30
1203	17
1204	30
1205	30
1206	25
1207	20
1208	16
1209	34
1210	32
1211	23
1212	15
1213	19
1214	22
1215	24
1216	15
1217	33
1218	25
1219	28
1220	29
1221	26
1222	21
1223	23
1224	28
1225	29
1226	16
1227	23
1228	27
1229	22
1230	18
1231	27
1232	18
1233	26
1234	17
1235	25
1236	13
1237	25
1238	28
1239	19
1240	17
1241	22
1242	28
1243	24
1244	18
1245	28
1246	26
1247	23
1248	18
1249	24
1250	22
1251	20
1252	22
1253	30
1254	23
1255	25
1256	30
1257	22
1258	28
1259	27
1260	25
1261	25
1262	24
1263	24
1264	23
1265	21
1266	20
1267	29
1268	17
1269	23
1270	28
1271	17
1272	23
1273	26
1274	26
1275	26
1276	25
1277	26
1278	27
1279	23
1280	18
1281	29
1282	24
1283	24
1284	34
1285	17
1286	18
1287	26
1288	22
1289	21
1290	24
1291	41
1292	30
1293	26
1294	31
1295	15
1296	29
1297	33
1298	15
1299	26
1300	17
1301	28
1302	21
1303	25
1304	27
1305	20
1306	24
1307	21
1308	32
1309	26
1310	22
1311	23
1312	28
1313	20
1314	26
1315	27
1316	27
1317	22
1318	32
1319	21
1320	20
1321	26
1322	18
1323	26
1324	20
1325	27
1326	29
1327	26
1328	28
1329	21
1330	27
1331	34
1332	23
1333	14
1334	27
1335	22
1336	21
1337	35
1338	20
1339	29
1340	34
1341	26
1342	28
1343	27
1344	28
1345	24
1346	22
1347	26
1348	23
1349	34
1350	26
1351	26
1352	29
1353	23
1354	25
1355	30
1356	35
1357	23
1358	24
1359	27
1360	31
1361	30
1362	28
1363	29
1364	34
1365	32
1366	22
1367	24
1368	27
1369	31
1370	27
1371	24
1372	30
1373	38
1374	28
1375	26
1376	28
1377	23
1378	15
1379	18
1380	27
1381	23
1382	23
1383	25
1384	29
1385	23
1386	28
1387	35
1388	24
1389	21
1390	16
1391	27
1392	32
1393	24
1394	27
1395	34
1396	30
1397	34
1398	33
1399	22
1400	35
1401	24
1402	26
1403	27
1404	32
1405	27
1406	29
1407	40
1408	26
1409	29
1410	26
1411	25
1412	40
1413	36
1414	32
1415	21
1416	26
1417	29
1418	33
1419	28
1420	26
1421	36
1422	29
1423	19
1424	24
1425	27
1426	27
1427	31
1428	24
1429	30
1430	31
1431	34
1432	29
1433	23
1434	24
1435	30
1436	42
1437	32
1438	23
1439	32
1440	40
1441	34
1442	26
1443	24
1444	31
1445	30
1446	33
1447	31
1448	34
1449	24
1450	34
1451	21
1452	32
1453	33
1454	35
1455	32
1456	31
1457	32
1458	33
1459	27
1460	26
1461	31
1462	30
1463	33
1464	36
1465	24
1466	30
1467	29
1468	19
1469	33
1470	32
1471	35
1472	29
1473	38
1474	25
1475	36
1476	41
1477	39
1478	26
1479	29
1480	31
1481	32
1482	31
1483	26
1484	24
1485	29
1486	41
1487	26
1488	26
1489	33
1490	30
1491	30
1492	38
1493	30
1494	26
1495	43
1496	41
1497	29
1498	32
1499	32
1500	27
1501	29
1502	34
1503	30
1504	41
1505	36
1506	24
1507	35
1508	35
1509	23
1510	23
1511	31
1512	36
1513	39
1514	28
1515	29
1516	37
1517	30
1518	33
1519	26
1520	37
1521	24
1522	42
1523	29
1524	34
1525	33
1526	34
1527	40
1528	36
1529	39
1530	22
1531	30
1532	48
1533	31
1534	29
1535	26
1536	34
1537	33
1538	36
1539	30
1540	26
1541	30
1542	33
1543	34
1544	33
1545	25
1546	39
1547	49
1548	35
1549	33
1550	35
1551	26
1552	26
1553	41
1554	33
1555	29
1556	28
1557	39
1558	30
1559	44
1560	48
1561	45
1562	27
1563	39
1564	28
1565	38
1566	27
1567	28
1568	49
1569	30
1570	42
1571	39
1572	35
1573	32
1574	40
1575	34
1576	38
1577	44
1578	32
1579	42
1580	40
1581	42
1582	38
1583	48
1584	30
1585	41
1586	33
1587	46
1588	39
1589	35
1590	42
1591	37
1592	37
1593	36
1594	34
1595	33
1596	37
1597	36
1598	53
1599	31
1600	44
1601	44
1602	36
1603	48
1604	47
1605	37
1606	35
1607	54
1608	63
1609	42
1610	33
1611	43
1612	42
1613	38
1614	60
1615	40
1616	49
1617	42
1618	45
1619	34
1620	36
1621	44
1622	38
1623	44
1624	52
1625	42
1626	39
1627	54
1628	42
1629	33
1630	44
1631	35
1632	48
1633	30
1634	47
1635	52
1636	33
1637	44
1638	48
1639	55
1640	34
1641	47
1642	44
1643	45
1644	56
1645	38
1646	51
1647	53
1648	55
1649	59
1650	55
1651	54
1652	53
1653	52
1654	38
1655	42
1656	45
1657	45
1658	55
1659	61
1660	54
1661	52
1662	53
1663	52
1664	31
1665	51
1666	46
1667	48
1668	46
1669	46
1670	39
1671	51
1672	42
1673	54
1674	48
1675	44
1676	50
1677	54
1678	45
1679	49
1680	40
1681	49
1682	49
1683	54
1684	36
1685	56
1686	59
1687	51
1688	53
1689	58
1690	41
1691	58
1692	48
1693	44
1694	48
1695	49
1696	41
1697	42
1698	47
1699	55
1700	52
1701	45
1702	43
1703	42
1704	55
1705	59
1706	51
1707	36
1708	50
1709	54
1710	54
1711	52
1712	45
1713	50
1714	49
1715	51
1716	40
1717	48
1718	56
1719	40
1720	35
1721	46
1722	47
1723	48
1724	47
1725	49
1726	37
1727	57
1728	58
1729	34
1730	47
1731	47
1732	47
1733	65
1734	36
1735	52
1736	38
1737	46
1738	40
1739	46
1740	33
1741	36
1742	40
1743	36
1744	48
1745	32
1746	47
1747	32
1748	37
1749	31
1750	30
1751	43
1752	40
1753	33
1754	39
1755	43
1756	29
1757	40
1758	38
1759	37
1760	36
1761	31
1762	39
1763	35
1764	38
1765	48
1766	35
1767	48
1768	39
1769	40
1770	48
1771	41
1772	33
1773	41
1774	40
1775	36
1776	35
1777	35
1778	35
1779	39
1780	28
1781	43
1782	41
1783	41
1784	28
1785	34
1786	42
1787	35
1788	36
1789	36
1790	29
1791	32
1792	44
1793	29
1794	43
1795	29
1796	27
1797	29
1798	28
1799	29
1800	37
1801	42
1802	34
1803	32
1804	22
1805	35
1806	33
1807	30
1808	27
1809	20
1810	31
1811	35
1812	22
1813	33
1814	28
1815	34
1816	23
1817	28
1818	25
1819	33
1820	29
1821	37
1822	36
1823	31
1824	25
1825	24
1826	36
1827	38
1828	36
1829	33
1830	23
1831	37
1832	27
1833	37
1834	26
1835	27
1836	25
1837	24
1838	29
1839	31
1840	18
1841	24
1842	27
1843	23
1844	26
1845	23
1846	34
1847	28
1848	35
1849	20
1850	22
1851	28
1852	27
1853	31
1854	26
1855	32
1856	22
1857	30
1858	19
1859	32
1860	26
1861	26
1862	16
1863	35
1864	18
1865	30
1866	28
1867	32
1868	27
1869	18
1870	21
1871	21
1872	25
1873	25
1874	23
1875	25
1876	19
1877	19
1878	20
1879	12
1880	24
1881	28
1882	14
1883	30
1884	23
1885	27
1886	22
1887	30
1888	24
1889	19
1890	23
1891	23
1892	17
1893	20
1894	27
1895	20
1896	20
1897	16
1898	27
1899	18
1900	16
1901	16
1902	22
1903	22
1904	21
1905	14
1906	17
1907	21
1908	31
1909	26
1910	15
1911	16
1912	17
1913	19
1914	17
1915	15
1916	22
1917	16
1918	27
1919	30
1920	15
1921	14
1922	22
1923	19
1924	20
1925	15
1926	28
1927	19
1928	17
1929	18
1930	18
1931	16
1932	13
1933	21
1934	20
1935	21
1936	8
1937	15
1938	18
1939	24
1940	15
1941	13
1942	15
1943	18
1944	23
1945	18
1946	18
1947	26
1948	22
1949	16
1950	16
1951	20
1952	15
1953	25
1954	11
1955	20
1956	18
1957	27
1958	17
1959	11
1960	18
1961	16
1962	19
1963	21
1964	11
1965	22
1966	14
1967	13
1968	13
1969	12
1970	18
1971	12
1972	12
1973	19
1974	13
1975	16
1976	13
1977	18
1978	18
1979	19
1980	24
1981	20
1982	18
1983	11
1984	12
1985	20
1986	16
1987	17
1988	16
1989	19
1990	16
1991	19
1992	15
1993	13
1994	15
1995	15
1996	22
1997	16
1998	20
1999	19
2000	16
2001	18
2002	24
2003	13
2004	11
2005	23
2006	24
2007	22
2008	16
2009	17
2010	12
2011	22
2012	17
2013	19
2014	16
2015	13
2016	14
2017	16
2018	12
2019	16
2020	13
2021	21
2022	21
2023	11
2024	15
2025	9
2026	14
2027	18
2028	12
2029	21
2030	11
2031	13
2032	16
2033	15
2034	13
2035	16
2036	19
2037	16
2038	12
2039	20
2040	13
2041	10
2042	22
2043	12
2044	9
2045	14
2046	22
2047	11
2048	12
2049	14
2050	17
2051	15
2052	15
2053	14
2054	17
2055	12
2056	12
2057	15
2058	18
2059	18
2060	17
2061	17
2062	13
2063	15
2064	16
2065	6
2066	17
2067	15
2068	13
2069	5
2070	12
2071	15
2072	13
2073	15
2074	15
2075	7
2076	14
2077	15
2078	18
2079	11
2080	10
2081	19
2082	16
2083	12
2084	16
2085	12
2086	20
2087	11
2088	12
2089	12
2090	23
2091	16
2092	14
2093	14
2094	16
2095	13
2096	15
2097	16
2098	13
2099	22
2100	4
2101	11
2102	18
2103	10
2104	18
2105	13
2106	22
2107	15
2108	13
2109	15
2110	19
2111	17
2112	10
2113	15
2114	15
2115	13
2116	16
2117	22
2118	11
2119	9
2120	21
2121	17
2122	18
2123	8
2124	15
2125	13
2126	11
2127	12
2128	11
2129	8
2130	18
2131	12
2132	18
2133	16
2134	9
2135	7
2136	11
2137	13
2138	12
2139	9
2140	16
2141	14
2142	8
2143	23
2144	14
2145	16
2146	12
2147	14
2148	16
2149	6
2150	10
2151	13
2152	11
2153	15
2154	10
2155	10
2156	13
2157	12
2158	11
2159	11
2160	9
2161	14
2162	16
2163	18
2164	8
2165	14
2166	14
2167	17
2168	14
2169	14
2170	11
2171	17
2172	14
2173	13
2174	12
2175	12
2176	6
2177	14
2178	13
2179	16
2180	12
2181	17
2182	12
2183	10
2184	8
2185	15
2186	19
2187	12
2188	18
2189	12
2190	12
2191	16
2192	14
2193	12
2194	8
2195	10
2196	13
2197	13
2198	13
2199	13
2200	16
2201	10
2202	13
2203	12
2204	8
2205	7
2206	11
2207	13
2208	12
2209	19
2210	6
2211	6
2212	8
2213	9
2214	13
2215	7
2216	14
2217	14
2218	16
2219	10
2220	14
2221	10
2222	16
2223	7
2224	11
2225	10
2226	7
2227	8
2228	15
2229	9
2230	6
2231	14
2232	15
2233	13
2234	12
2235	10
2236	14
2237	12
2238	12
2239	14
2240	14
2241	13
2242	7
2243	15
2244	12
2245	13
2246	11
2247	9
2248	13
2249	14
2250	17
2251	10
2252	16
2253	9
2254	11
2255	6
2256	8
2257	8
2258	18
2259	14
2260	11
2261	13
2262	15
2263	14
2264	9
2265	7
2266	9
2267	7
2268	10
2269	13
2270	6
2271	13
2272	19
2273	13
2274	12
2275	14
2276	10
2277	12
2278	16
2279	10
2280	15
2281	10
2282	5
2283	12
2284	8
2285	15
2286	11
2287	16
2288	12
2289	9
2290	11
2291	12
2292	7
2293	15
2294	12
2295	9
2296	7
2297	13
2298	8
2299	20
2300	7
2301	10
2302	6
2303	8
2304	10
2305	11
2306	16
2307	6
2308	9
2309	6
2310	11
2311	12
2312	13
2313	11
2314	10
2315	11
2316	17
2317	14
2318	18
2319	13
2320	13
2321	9
2322	9
2323	10
2324	8
2325	3
2326	12
2327	8
2328	7
2329	15
2330	7
2331	11
2332	10
2333	12
2334	8
2335	9
2336	9
2337	11
2338	9
2339	9
2340	16
2341	13
2342	7
2343	17
2344	14
2345	17
2346	17
2347	10
2348	10
2349	12
2350	10
2351	7
2352	10
2353	11
2354	6
2355	15
2356	7
2357	14
2358	8
2359	5
2360	12
2361	5
2362	10
2363	12
2364	6
2365	11
2366	14
2367	12
2368	11
2369	11
2370	8
2371	10
2372	13
2373	14
2374	7
2375	10
2376	10
2377	11
2378	3
2379	10
2380	4
2381	10
2382	5
2383	11
2384	5
2385	11
2386	6
2387	9
2388	12
2389	4
2390	11
2391	7
2392	11
2393	11
2394	11
2395	5
2396	12
2397	4
2398	5
2399	6
2400	8
2401	10
2402	10
2403	16
2404	11
2405	8
2406	11
2407	10
2408	11
2409	17
2410	12
2411	4
2412	9
2413	4
2414	8
2415	8
2416	9
2417	10
2418	10
2419	8
2420	5
2421	13
2422	12
2423	8
2424	3
2425	9
2426	13
2427	11
2428	13
2429	10
2430	12
2431	11
2432	12
2433	16
2434	14
2435	11
2436	8
2437	10
2438	14
2439	12
2440	13
2441	7
2442	5
2443	5
2444	11
2445	10
2446	13
2447	11
2448	10
2449	7
2450	11
2451	14
2452	13
2453	14
2454	10
2455	10
2456	18
2457	11
2458	9
2459	11
2460	8
2461	8
2462	12
2463	9
2464	7
2465	9
2466	10
2467	10
2468	11
2469	5
2470	7
2471	10
2472	11
2473	13
2474	15
2475	10
2476	12
2477	7
2478	3
2479	6
2480	14
2481	7
2482	7
2483	9
2484	7
2485	14
2486	8
2487	7
2488	6
2489	14
2490	11
2491	10
2492	15
2493	6
2494	7
2495	8
2496	11
2497	7
2498	12
2499	9
2500	10
2501	4
2502	6
2503	13
2504	8
2505	11
2506	9
2507	7
2508	10
2509	10
2510	10
2511	8
2512	13
2513	9
2514	10
2515	11
2516	4
2517	9
2518	10
2519	16
2520	9
2521	8
2522	9
2523	6
2524	10
2525	10
2526	14
2527	10
2528	5
2529	8
2530	9
2531	5
2532	10
2533	9
2534	8
2535	8
2536	13
2537	6
2538	14
2539	10
2540	7
2541	10
2542	11
2543	10
2544	7
2545	9
2546	10
2547	6
2548	7
2549	13
2550	11
2551	8
2552	13
2553	11
2554	8
2555	11
2556	10
2557	10
2558	8
2559	13
2560	6
2561	11
2562	11
2563	5
2564	6
2565	6
2566	10
2567	7
2568	1
2569	8
2570	15
2571	6
2572	9
2573	9
2574	6
2575	4
2576	5
2577	12
2578	5
2579	7
2580	9
2581	8
2582	9
2583	3
2584	8
2585	8
2586	8
2587	14
2588	11
2589	7
2590	9
2591	15
2592	8
2593	5
2594	10
2595	8
2596	6
2597	6
2598	13
2599	4
2600	8
2601	12
2602	10
2603	11
2604	11
2605	9
2606	10
2607	7
2608	11
2609	8
2610	7
2611	4
2612	9
2613	10
2614	8
2615	8
2616	3
2617	9
2618	5
2619	3
2620	7
2621	8
2622	12
2623	9
2624	6
2625	12
2626	5
2627	11
2628	9
2629	13
2630	6
2631	3
2632	8
2633	5
2634	7
2635	11
2636	14
2637	13
2638	5
2639	8
2640	6
2641	7
2642	12
2643	10
2644	10
2645	6
2646	9
2647	10
2648	6
2649	7
2650	13
2651	9
2652	8
2653	7
2654	8
2655	5
2656	7
2657	5
2658	7
2659	9
2660	10
2661	5
2662	5
2663	6
2664	9
2665	5
2666	5
2667	12
2668	6
2669	4
2670	3
2671	12
2672	4
2673	3
2674	2
2675	7
2676	11
2677	13
2678	11
2679	5
2680	8
2681	10
2682	10
2683	8
2684	8
2685	6
2686	8
2687	13
2688	9
2689	7
2690	8
2691	8
2692	5
2693	11
2694	9
2695	5
2696	5
2697	5
2698	12
2699	8
2700	4
2701	4
2702	5
2703	10
2704	8
2705	8
2706	7
2707	5
2708	8
2709	6
2710	9
2711	8
2712	6
2713	10
2714	9
2715	10
2716	6
2717	11
2718	9
2719	3
2720	9
2721	9
2722	11
2723	7
2724	6
2725	7
2726	9
2727	11
2728	10
2729	7
2730	8
2731	4
2732	7
2733	10
2734	12
2735	5
2736	3
2737	14
2738	6
2739	5
2740	13
2741	5
2742	11
2743	7
2744	13
2745	4
2746	8
2747	3
2748	6
2749	8
2750	9
2751	8
2752	6
2753	6
2754	17
2755	7
2756	6
2757	7
2758	5
2759	8
2760	4
2761	4
2762	11
2763	11
2764	11
2765	4
2766	8
2767	7
2768	8
2769	9
2770	7
2771	3
2772	7
2773	6
2774	5
2775	3
2776	8
2777	6
2778	7
2779	5
2780	8
2781	12
2782	10
2783	11
2784	14
2785	7
2786	9
2787	8
2788	15
2789	8
2790	5
2791	11
2792	5
2793	8
2794	14
2795	11
2796	6
2797	6
2798	12
2799	6
2800	8
2801	11
2802	6
2803	5
2804	4
2805	6
2806	7
2807	4
2808	7
2809	8
2810	6
2811	8
2812	5
2813	14
2814	14
2815	8
2816	5
2817	9
2818	7
2819	10
2820	6
2821	5
2822	9
2823	7
2824	7
2825	3
2826	9
2827	3
2828	13
2829	8
2830	8
2831	12
2832	9
2833	3
2834	4
2835	5
2836	9
2837	8
2838	8
2839	8
2840	5
2841	8
2842	1
2843	7
2844	8
2845	9
2846	8
2847	8
2848	10
2849	6
2850	12
2851	2
2852	0
2853	3
2854	8
2855	7
2856	7
2857	11
2858	3
2859	13
2860	10
2861	7
2862	7
2863	7
2864	12
2865	11
2866	12
2867	7
2868	5
2869	12
2870	8
2871	9
2872	6
2873	13
2874	10
2875	11
2876	5
2877	4
2878	5
2879	5
2880	4
2881	12
2882	12
2883	11
2884	2
2885	7
2886	7
2887	9
2888	6
2889	10
2890	7
2891	8
2892	7
2893	10
2894	10
2895	6
2896	7
2897	5
2898	7
2899	6
2900	14
2901	7
2902	4
2903	8
2904	5
2905	7
2906	4
2907	5
2908	8
2909	7
2910	7
2911	6
2912	9
2913	4
2914	10
2915	5
2916	3
2917	4
2918	8
2919	13
2920	5
2921	10
2922	7
2923	5
2924	3
2925	6
2926	7
2927	7
2928	2
2929	10
2930	6
2931	7
2932	7
2933	8
2934	3
2935	6
2936	7
2937	5
2938	11
2939	6
2940	4
2941	7
2942	13
2943	5
2944	5
2945	5
2946	8
2947	6
2948	8
2949	8
2950	10
2951	3
2952	10
2953	4
2954	5
2955	7
2956	6
2957	3
2958	6
2959	5
2960	5
2961	7
2962	9
2963	6
2964	5
2965	8
2966	6
2967	4
2968	6
2969	5
2970	7
2971	2
2972	7
2973	4
2974	8
2975	2
2976	2
2977	2
2978	7
2979	5
2980	6
2981	5
2982	7
2983	9
2984	6
2985	8
2986	8
2987	5
2988	8
2989	5
2990	13
2991	8
2992	10
2993	8
2994	6
2995	3
2996	8
2997	6
2998	5
2999	5
3000	7
3001	8
3002	5
3003	6
3004	8
3005	7
3006	5
3007	14
3008	8
3009	4
3010	4
3011	4
3012	8
3013	11
3014	7
3015	4
3016	9
3017	11
3018	10
3019	5
3020	3
3021	8
3022	6
3023	8
3024	6
3025	9
3026	5
3027	6
3028	9
3029	4
3030	5
3031	4
3032	4
3033	10
3034	12
3035	6
3036	5
3037	6
3038	8
3039	5
3040	7
3041	8
3042	5
3043	5
3044	6
3045	3
3046	5
3047	3
3048	6
3049	4
3050	9
3051	12
3052	8
3053	5
3054	3
3055	4
3056	6
3057	8
3058	5
3059	5
3060	7
3061	4
3062	10
3063	8
3064	6
3065	3
3066	4
3067	5
3068	6
3069	6
3070	7
3071	4
3072	5
3073	9
3074	6
3075	6
3076	4
3077	9
3078	8
3079	5
3080	9
3081	8
3082	8
3083	9
3084	4
3085	11
3086	10
3087	9
3088	5
3089	5
3090	2
3091	1
3092	6
3093	4
3094	2
3095	7
3096	9
3097	8
3098	4
3099	5
3100	7
3101	7
3102	7
3103	1
3104	8
3105	7
3106	7
3107	6
3108	6
3109	4
3110	5
3111	9
3112	7
3113	6
3114	6
3115	6
3116	8
3117	5
3118	11
3119	9
3120	12
3121	7
3122	5
3123	5
3124	8
3125	3
3126	5
3127	6
3128	12
3129	4
3130	5
3131	5
3132	4
3133	6
3134	7
3135	6
3136	4
3137	5
3138	6
3139	4
3140	7
3141	6
3142	4
3143	3
3144	9
3145	9
3146	5
3147	5
3148	2
3149	4
3150	8
3151	6
3152	5
3153	12
3154	5
3155	8
3156	5
3157	9
3158	6
3159	9
3160	5
3161	8
3162	9
3163	6
3164	7
3165	4
3166	5
3167	6
3168	3
3169	8
3170	4
3171	5
3172	4
3173	5
3174	8
3175	3
3176	4
3177	6
3178	8
3179	6
3180	9
3181	7
3182	6
3183	6
3184	8
3185	7
3186	6
3187	5
3188	4
3189	4
3190	4
3191	10
3192	8
3193	6
3194	5
3195	1
3196	10
3197	5
3198	5
3199	10
3200	15
3201	7
3202	7
3203	6
3204	7
3205	6
3206	3
3207	5
3208	3
3209	11
3210	8
3211	6
3212	2
3213	7
3214	8
3215	5
3216	6
3217	8
3218	5
3219	11
3220	5
3221	2
3222	5
3223	8
3224	4
3225	5
3226	10
3227	6
3228	10
3229	11
3230	9
3231	8
3232	6
3233	2
3234	5
3235	4
3236	3
3237	8
3238	4
3239	1
3240	5
3241	9
3242	6
3243	7
3244	6
3245	7
3246	6
3247	5
3248	5
3249	6
3250	8
3251	10
3252	5
3253	8
3254	3
3255	2
3256	5
3257	6
3258	3
3259	3
3260	10
3261	3
3262	8
3263	11
3264	4
3265	2
3266	2
3267	13
3268	7
3269	3
3270	6
3271	9
3272	4
3273	6
3274	6
3275	5
3276	8
3277	3
3278	3
3279	5
3280	3
3281	5
3282	7
3283	4
3284	7
3285	6
3286	6
3287	3
3288	6
3289	7
3290	5
3291	6
3292	7
3293	9
3294	6
3295	6
3296	4
3297	3
3298	7
3299	3
3300	2
3301	13
3302	6
3303	10
3304	8
3305	4
3306	5
3307	8
3308	4
3309	9
3310	6
3311	5
3312	6
3313	6
3314	7
3315	9
3316	4
3317	3
3318	2
3319	2
3320	5
3321	6
3322	5
3323	7
3324	5
3325	6
3326	3
3327	7
3328	7
3329	6
3330	4
3331	9
3332	8
3333	9
3334	8
3335	3
3336	4
3337	3
3338	6
3339	11
3340	7
3341	8
3342	6
3343	6
3344	5
3345	5
3346	0
3347	4
3348	2
3349	6
3350	11
3351	3
3352	6
3353	5
3354	4
3355	9
3356	4
3357	4
3358	9
3359	6
3360	3
3361	8
3362	2
3363	6
3364	1
3365	6
3366	6
3367	4
3368	5
3369	6
3370	5
3371	5
3372	7
3373	4
3374	7
3375	6
3376	5
3377	8
3378	4
3379	11
3380	3
3381	1
3382	4
3383	6
3384	7
3385	6
3386	4
3387	3
3388	7
3389	1
3390	6
3391	6
3392	4
3393	5
3394	5
3395	2
3396	7
3397	9
3398	3
3399	5
3400	6
3401	5
3402	5
3403	8
3404	1
3405	6
3406	7
3407	6
3408	1
3409	9
3410	8
3411	5
3412	4
3413	3
3414	6
3415	5
3416	2
3417	8
3418	6
3419	7
3420	6
3421	4
3422	2
3423	7
3424	9
3425	2
3426	8
3427	7
3428	3
3429	6
3430	4
3431	3
3432	6
3433	5
3434	5
3435	8
3436	5
3437	8
3438	7
3439	5
3440	4
3441	3
3442	6
3443	4
3444	6
3445	6
3446	5
3447	7
3448	2
3449	7
3450	4
3451	9
3452	6
3453	4
3454	3
3455	9
3456	8
3457	4
3458	5
3459	7
3460	6
3461	6
3462	3
3463	8
3464	7
3465	14
3466	7
3467	8
3468	3
3469	3
3470	6
3471	5
3472	5
3473	8
3474	4
3475	2
3476	4
3477	7
3478	6
3479	4
3480	6
3481	2
3482	2
3483	8
3484	6
3485	9
3486	5
3487	5
3488	5
3489	6
3490	4
3491	10
3492	6
3493	6
3494	6
3495	4
3496	6
3497	4
3498	3
3499	6
3500	6
3501	3
3502	4
3503	4
3504	6
3505	7
3506	5
3507	9
3508	4
3509	6
3510	4
3511	7
3512	7
3513	10
3514	8
3515	7
3516	4
3517	3
3518	4
3519	2
3520	7
3521	6
3522	9
3523	6
3524	6
3525	4
3526	1
3527	3
3528	4
3529	5
3530	5
3531	4
3532	4
3533	4
3534	11
3535	4
3536	3
3537	9
3538	8
3539	7
3540	11
3541	7
3542	3
3543	4
3544	4
3545	1
3546	2
3547	5
3548	8
3549	7
3550	8
3551	7
3552	6
3553	3
3554	8
3555	7
3556	3
3557	4
3558	7
3559	5
3560	4
3561	5
3562	2
3563	6
3564	4
3565	5
3566	7
3567	7
3568	6
3569	2
3570	3
3571	5
3572	10
3573	4
3574	2
3575	7
3576	3
3577	5
3578	8
3579	1
3580	8
3581	8
3582	4
3583	3
3584	9
3585	5
3586	4
3587	5
3588	4
3589	5
3590	1
3591	5
3592	13
3593	7
3594	4
3595	5
3596	9
3597	4
3598	6
3599	9
3600	7
3601	5
3602	4
3603	6
3604	8
3605	3
3606	8
3607	2
3608	7
3609	4
3610	7
3611	5
3612	5
3613	6
3614	6
3615	7
3616	6
3617	6
3618	6
3619	3
3620	13
3621	6
3622	9
3623	6
3624	7
3625	4
3626	6
3627	5
3628	4
3629	9
3630	6
3631	4
3632	3
3633	4
3634	3
3635	1
3636	2
3637	8
3638	5
3639	1
3640	2
3641	8
3642	5
3643	8
3644	6
3645	4
3646	4
3647	3
3648	6
3649	1
3650	6
3651	3
3652	3
3653	8
3654	7
3655	4
3656	1
3657	4
3658	5
3659	7
3660	3
3661	6
3662	7
3663	3
3664	4
3665	3
3666	8
3667	5
3668	3
3669	4
3670	8
3671	2
3672	3
3673	3
3674	2
3675	4
3676	9
3677	4
3678	4
3679	6
3680	4
3681	7
3682	7
3683	5
3684	4
3685	5
3686	5
3687	10
3688	8
3689	5
3690	4
3691	9
3692	7
3693	7
3694	8
3695	4
3696	10
3697	3
3698	6
3699	2
3700	4
3701	5
3702	10
3703	2
3704	6
3705	5
3706	2
3707	5
3708	7
3709	5
3710	4
3711	3
3712	5
3713	5
3714	6
3715	3
3716	7
3717	2
3718	0
3719	2
3720	3
3721	6
3722	1
3723	3
3724	6
3725	7
3726	2
3727	5
3728	1
3729	6
3730	5
3731	5
3732	2
3733	10
3734	5
3735	6
3736	2
3737	2
3738	5
3739	5
3740	3
3741	4
3742	4
3743	7
3744	4
3745	9
3746	9
3747	7
3748	4
3749	6
3750	4
3751	4
3752	4
3753	2
3754	9
3755	7
3756	5
3757	4
3758	7
3759	7
3760	8
3761	4
3762	5
3763	7
3764	2
3765	3
3766	5
3767	4
3768	5
3769	3
3770	4
3771	3
3772	0
3773	4
3774	4
3775	5
3776	5
3777	2
3778	5
3779	5
3780	7
3781	3
3782	4
3783	3
3784	9
3785	1
3786	1
3787	3
3788	4
3789	4
3790	7
3791	5
3792	6
3793	5
3794	7
3795	7
3796	7
3797	5
3798	4
3799	4
3800	7
3801	4
3802	5
3803	5
3804	5
3805	4
3806	7
3807	8
3808	4
3809	2
3810	8
3811	6
3812	3
3813	4
3814	6
3815	2
3816	6
3817	0
3818	2
3819	9
3820	5
3821	3
3822	2
3823	8
3824	6
3825	6
3826	4
3827	5
3828	5
3829	8
3830	6
3831	3
3832	3
3833	4
3834	3
3835	6
3836	5
3837	4
3838	6
3839	3
3840	4
3841	7
3842	4
3843	1
3844	5
3845	3
3846	4
3847	6
3848	8
3849	2
3850	3
3851	2
3852	5
3853	3
3854	6
3855	2
3856	3
3857	5
3858	4
3859	4
3860	10
3861	3
3862	5
3863	4
3864	6
3865	3
3866	8
3867	3
3868	7
3869	5
3870	10
3871	6
3872	2
3873	5
3874	6
3875	7
3876	8
3877	3
3878	3
3879	1
3880	6
3881	12
3882	6
3883	6
3884	5
3885	5
3886	4
3887	5
3888	8
3889	7
3890	4
3891	3
3892	3
3893	7
3894	1
3895	5
3896	1
3897	3
3898	11
3899	6
3900	3
3901	4
3902	1
3903	7
3904	2
3905	5
3906	3
3907	2
3908	6
3909	8
3910	4
3911	5
3912	2
3913	9
3914	6
3915	8
3916	7
3917	6
3918	4
3919	5
3920	3
3921	4
3922	7
3923	2
3924	4
3925	2
3926	3
3927	6
3928	7
3929	6
3930	5
3931	2
3932	6
3933	7
3934	7
3935	7
3936	6
3937	5
3938	1
3939	3
3940	5
3941	1
3942	6
3943	4
3944	4
3945	4
3946	4
3947	5
3948	3
3949	1
3950	4
3951	6
3952	3
3953	3
3954	5
3955	7
3956	9
3957	4
3958	6
3959	6
3960	5
3961	4
3962	2
3963	6
3964	10
3965	4
3966	6
3967	3
3968	5
3969	4
3970	2
3971	1
3972	1
3973	8
3974	5
3975	7
3976	6
3977	2
3978	4
3979	8
3980	6
3981	6
3982	8
3983	5
3984	3
3985	3
3986	2
3987	6
3988	3
3989	3
3990	5
3991	3
3992	7
3993	2
3994	6
3995	4
3996	11
3997	4
3998	4
3999	5
4000	2
4001	6
4002	4
4003	6
4004	7
4005	6
4006	3
4007	2
4008	5
4009	3
4010	4
4011	5
4012	1
4013	7
4014	3
4015	7
4016	4
4017	6
4018	2
4019	10
4020	4
4021	2
4022	3
4023	4
4024	2
4025	3
4026	1
4027	5
4028	7
4029	6
4030	4
4031	5
4032	2
4033	3
4034	5
4035	1
4036	2
4037	5
4038	5
4039	4
4040	5
4041	3
4042	4
4043	3
4044	5
4045	5
4046	2
4047	6
4048	4
4049	4
4050	4
4051	5
4052	6
4053	5
4054	6
4055	6
4056	5
4057	1
4058	7
4059	4
4060	3
4061	3
4062	0
4063	2
4064	7
4065	4
4066	3
4067	4
4068	2
4069	7
4070	7
4071	1
4072	5
4073	1
4074	5
4075	8
4076	0
4077	3
4078	1
4079	3
4080	5
4081	6
4082	3
4083	4
4084	10
4085	1
4086	6
4087	8
4088	5
4089	2
4090	5
4091	4
4092	10
4093	6
4094	2
4095	9
4096	3
4097	3
4098	3
4099	3
4100	4
4101	5
4102	6
4103	2
4104	5
4105	5
4106	4
4107	6
4108	5
4109	8
4110	3
4111	6
4112	4
4113	4
4114	3
4115	2
4116	1
4117	5
4118	1
4119	7
4120	5
4121	6
4122	5
4123	3
4124	1
4125	3
4126	2
4127	4
4128	2
4129	1
4130	2
4131	8
4132	8
4133	3
4134	5
4135	6
4136	3
4137	4
4138	4
4139	4
4140	2
4141	4
4142	5
4143	4
4144	9
4145	3
4146	4
4147	2
4148	4
4149	3
4150	2
4151	5
4152	4
4153	4
4154	7
4155	2
4156	4
4157	5
4158	3
4159	6
4160	4
4161	9
4162	8
4163	3
4164	7
4165	2
4166	5
4167	7
4168	4
4169	3
4170	8
4171	4
4172	4
4173	1
4174	7
4175	1
4176	6
4177	1
4178	3
4179	8
4180	0
4181	6
4182	4
4183	5
4184	3
4185	4
4186	2
4187	4
4188	1
4189	2
4190	4
4191	6
4192	4
4193	6
4194	6
4195	5
4196	4
4197	2
4198	2
4199	5
4200	3
4201	4
4202	3
4203	6
4204	2
4205	2
4206	1
4207	5
4208	3
4209	3
4210	7
4211	3
4212	4
4213	5
4214	4
4215	4
4216	5
4217	3
4218	8
4219	8
4220	2
4221	3
4222	3
4223	3
4224	4
4225	4
4226	3
4227	1
4228	3
4229	3
4230	11
4231	1
4232	5
4233	3
4234	6
4235	0
4236	2
4237	6
4238	4
4239	2
4240	3
4241	7
4242	2
4243	4
4244	4
4245	3
4246	6
4247	2
4248	6
4249	6
4250	6
4251	3
4252	4
4253	3
4254	5
4255	5
4256	2
4257	6
4258	5
4259	2
4260	2
4261	2
4262	3
4263	4
4264	6
4265	0
4266	2
4267	1
4268	4
4269	0
4270	5
4271	6
4272	5
4273	3
4274	4
4275	5
4276	9
4277	4
4278	2
4279	5
4280	5
4281	3
4282	1
4283	3
4284	4
4285	3
4286	3
4287	5
4288	7
4289	4
4290	4
4291	3
4292	3
4293	2
4294	4
4295	2
4296	4
4297	5
4298	3
4299	5
4300	2
4301	6
4302	2
4303	4
4304	1
4305	6
4306	8
4307	4
4308	3
4309	2
4310	3
4311	3
4312	4
4313	6
4314	5
4315	1
4316	3
4317	6
4318	2
4319	2
4320	0
4321	5
4322	2
4323	8
4324	3
4325	1
4326	4
4327	4
4328	5
4329	4
4330	2
4331	7
4332	1
4333	6
4334	5
4335	1
4336	6
4337	2
4338	8
4339	5
4340	7
4341	3
4342	3
4343	5
4344	2
4345	2
4346	2
4347	3
4348	4
4349	2
4350	6
4351	4
4352	8
4353	6
4354	2
4355	4
4356	0
4357	6
4358	1
4359	3
4360	2
4361	3
4362	3
4363	4
4364	5
4365	0
4366	8
4367	3
4368	6
4369	5
4370	2
4371	5
4372	4
4373	4
4374	4
4375	5
4376	3
4377	4
4378	7
4379	7
4380	4
4381	7
4382	4
4383	1
4384	3
4385	1
4386	4
4387	8
4388	1
4389	6
4390	4
4391	1
4392	3
4393	3
4394	5
4395	3
4396	1
4397	4
4398	4
4399	4
4400	3
4401	2
4402	4
4403	1
4404	3
4405	2
4406	8
4407	2
4408	2
4409	3
4410	3
4411	4
4412	9
4413	3
4414	4
4415	5
4416	3
4417	1
4418	3
4419	7
4420	4
4421	3
4422	6
4423	4
4424	3
4425	0
4426	2
4427	2
4428	0
4429	2
4430	5
4431	7
4432	3
4433	6
4434	5
4435	5
4436	6
4437	7
4438	4
4439	2
4440	3
4441	5
4442	1
4443	4
4444	5
4445	4
4446	2
4447	6
4448	1
4449	3
4450	7
4451	3
4452	5
4453	4
4454	3
4455	4
4456	4
4457	3
4458	2
4459	6
4460	6
4461	4
4462	3
4463	5
4464	2
4465	4
4466	7
4467	2
4468	3
4469	5
4470	3
4471	3
4472	6
4473	3
4474	5
4475	6
4476	2
4477	2
4478	7
4479	5
4480	3
4481	4
4482	5
4483	6
4484	4
4485	4
4486	5
4487	1
4488	4
4489	3
4490	5
4491	3
4492	2
4493	3
4494	1
4495	2
4496	4
4497	4
4498	3
4499	5
4500	3
4501	6
4502	2
4503	2
4504	3
4505	6
4506	2
4507	2
4508	5
4509	6
4510	6
4511	3
4512	4
4513	3
4514	4
4515	6
4516	5
4517	2
4518	5
4519	5
4520	5
4521	4
4522	3
4523	4
4524	5
4525	5
4526	7
4527	1
4528	3
4529	3
4530	3
4531	7
4532	4
4533	2
4534	5
4535	2
4536	3
4537	3
4538	4
4539	0
4540	2
4541	6
4542	0
4543	6
4544	5
4545	2
4546	4
4547	6
4548	7
4549	2
4550	5
4551	3
4552	1
4553	6
4554	3
4555	2
4556	2
4557	1
4558	0
4559	3
4560	0
4561	4
4562	3
4563	7
4564	5
4565	1
4566	3
4567	3
4568	4
4569	2
4570	1
4571	3
4572	3
4573	2
4574	4
4575	5
4576	5
4577	4
4578	5
4579	4
4580	4
4581	1
4582	1
4583	5
4584	3
4585	2
4586	4
4587	3
4588	3
4589	1
4590	2
4591	0
4592	3
4593	7
4594	5
4595	5
4596	1
4597	3
4598	2
4599	3
4600	4
4601	2
4602	1
4603	4
4604	6
4605	6
4606	3
4607	5
4608	5
4609	3
4610	4
4611	6
4612	5
4613	3
4614	2
4615	8
4616	5
4617	5
4618	6
4619	9
4620	1
4621	3
4622	2
4623	5
4624	2
4625	5
4626	3
4627	3
4628	4
4629	3
4630	6
4631	4
4632	6
4633	5
4634	3
4635	5
4636	3
4637	3
4638	2
4639	3
4640	3
4641	4
4642	3
4643	2
4644	6
4645	4
4646	2
4647	5
4648	5
4649	5
4650	3
4651	1
4652	4
4653	6
4654	2
4655	6
4656	5
4657	3
4658	5
4659	6
4660	3
4661	3
4662	4
4663	3
4664	3
4665	5
4666	6
4667	2
4668	7
4669	3
4670	3
4671	5
4672	3
4673	2
4674	5
4675	3
4676	2
4677	4
4678	5
4679	5
4680	11
4681	4
4682	4
4683	5
4684	1
4685	5
4686	5
4687	2
4688	5
4689	1
4690	6
4691	1
4692	9
4693	4
4694	5
4695	1
4696	7
4697	6
4698	7
4699	7
4700	2
4701	5
4702	5
4703	1
4704	3
4705	7
4706	3
4707	5
4708	3
4709	6
4710	6
4711	5
4712	5
4713	2
4714	13
4715	6
4716	3
4717	2
4718	4
4719	5
4720	4
4721	7
4722	6
4723	5
4724	3
4725	4
4726	2
4727	6
4728	4
4729	5
4730	5
4731	5
4732	2
4733	5
4734	3
4735	6
4736	4
4737	1
4738	2
4739	1
4740	3
4741	4
4742	3
4743	3
4744	2
4745	4
4746	3
4747	4
4748	2
4749	5
4750	2
4751	0
4752	5
4753	1
4754	1
4755	5
4756	5
4757	2
4758	3
4759	3
4760	3
4761	3
4762	3
4763	8
4764	6
4765	0
4766	6
4767	2
4768	1
4769	2
4770	1
4771	3
4772	2
4773	5
4774	1
4775	4
4776	4
4777	3
4778	3
4779	4
4780	2
4781	3
4782	2
4783	3
4784	6
4785	2
4786	7
4787	2
4788	1
4789	4
4790	3
4791	4
4792	2
4793	1
4794	3
4795	3
4796	5
4797	4
4798	4
4799	2
4800	3
4801	4
4802	2
4803	3
4804	7
4805	2
4806	0
4807	4
4808	2
4809	1
4810	1
4811	3
4812	3
4813	1
4814	1
4815	1
4816	4
4817	4
4818	4
4819	4
4820	5
4821	2
4822	4
4823	5
4824	2
4825	2
4826	3
4827	3
4828	1
4829	2
4830	3
4831	5
4832	2
4833	2
4834	4
4835	1
4836	4
4837	1
4838	0
4839	3
4840	4
4841	5
4842	3
4843	3
4844	1
4845	3
4846	3
4847	2
4848	2
4849	3
4850	0
4851	1
4852	0
4853	5
4854	2
4855	3
4856	4
4857	2
4858	3
4859	2
4860	3
4861	2
4862	1
4863	3
4864	2
4865	0
4866	0
4867	7
4868	1
4869	3
4870	1
4871	1
4872	1
4873	2
4874	4
4875	1
4876	0
4877	3
4878	1
4879	1
4880	0
4881	4
4882	0
4883	1
4884	6
4885	2
4886	2
4887	5
4888	2
4889	1
4890	2
4891	3
4892	3
4893	4
4894	4
4895	2
4896	1
4897	1
4898	0
4899	0
4900	1
4901	0
4902	3
4903	4
4904	1
4905	2
4906	1
4907	2
4908	3
4909	1
4910	1
4911	0
4912	0
4913	0
4914	0
4915	1
4916	0
4917	3
4918	1
4919	2
4920	0
4921	1
4922	0
4923	0
4924	2
4925	4
4926	1
4927	0
4928	0
4929	1
4930	0
4931	2
4932	3
4933	1
4934	1
4935	3
4936	2
4937	1
4938	2
4939	1
4940	2
4941	1
4942	1
4943	0
4944	4
4945	0
4946	2
4947	3
4948	1
4949	2
4950	2
4951	2
4952	0
4953	0
4954	1
4955	3
4956	2
4957	1
4958	2
4959	1
4960	0
4961	3
4962	1
4963	2
4964	0
4965	2
4966	1
4967	1
4968	1
4969	1
4970	2
4971	1
4972	1
4973	0
4974	0
4975	0
4976	2
4977	2
4978	0
4979	2
4980	0
4981	2
4982	2
4983	1
4984	1
4985	1
4986	2
4987	1
4988	0
4989	1
4990	1
4991	1
4992	0
4993	0
4994	1
4995	2
4996	2
4997	0
4998	3
4999	0
5000	1
5001	2
5002	2
5003	0
5004	0
5005	3
5006	2
5007	0
5008	3
5009	3
5010	0
5011	2
5012	0
5013	0
5014	2
5015	1
5016	0
5017	0
5018	0
5019	1
5020	1
5021	0
5022	1
5023	1
5024	0
5025	1
5026	0
5027	0
5028	1
5029	2
5030	0
5031	0
5032	1
5033	0
5034	2
5035	0
5036	0
5037	1
5038	1
5039	1
5040	1
5041	1
5042	1
5043	1
5044	1
5045	2
5046	1
5047	1
5048	1
5049	1
5050	0
5051	1
5052	0
5053	0
5054	0
5055	2
5056	1
5057	3
5058	0
5059	0
5060	0
5061	2
5062	1
5063	0
5064	1
5065	0
5066	0
5067	0
5068	1
5069	0
5070	0
5071	0
5072	0
5073	0
5074	0
5075	0
5076	0
5077	1
5078	1
5079	0
5080	0
5081	2
5082	0
5083	2
5084	0
5085	0
5086	0
5087	2
5088	0
5089	0
5090	1
5091	0
5092	1
5093	1
5094	1
5095	1
5096	1
5097	1
5098	2
5099	2
5100	1
5101	0
5102	3
5103	1
5104	0
5105	1
5106	0
5107	1
5108	0
5109	0
5110	0
5111	0
5112	3
5113	0
5114	0
5115	0
5116	1
5117	0
5118	0
5119	2
5120	1
5121	1
5122	0
5123	0
5124	0
5125	0
5126	0
5127	0
5128	1
5129	0
5130	0
5131	1
5132	1
5133	1
5134	0
5135	1
5136	0
5137	0
5138	0
5139	0
5140	2
5141	0
5142	1
5143	1
5144	2
5145	0
5146	1
5147	1
5148	0
5149	0
5150	0
5151	1
5152	0
5153	0
5154	0
5155	1
5156	1
5157	1
5158	0
5159	0
5160	0
5161	0
5162	1
5163	1
5164	0
5165	1
5166	3
5167	0
5168	2
5169	0
5170	0
5171	1
5172	0
5173	1
5174	0
5175	1
5176	0
5177	0
5178	0
5179	0
5180	0
5181	0
5182	1
5183	0
5184	1
5185	0
5186	2
5187	1
5188	0
5189	0
5190	1
5191	1
5192	0
5193	0
5194	0
5195	0
5196	0
5197	2
5198	0
5199	0
5200	0
5201	0
5202	1
5203	0
5204	0
5205	1
5206	0
5207	0
5208	0
5209	0
5210	0
5211	0
5212	0
5213	0
5214	1
5215	0
5216	0
5217	0
5218	0
5219	2
5220	1
5221	0
5222	0
5223	1
5224	0
5225	1
5226	0
5227	0
5228	0
5229	0
5230	0
5231	0
5232	1
5233	2
5234	1
5235	0
5236	1
5237	0
5238	0
5239	0
5240	0
5241	2
5242	1
5243	0
5244	2
5245	0
5246	0
5247	0
5248	3
5249	0
5250	2
5251	0
5252	0
5253	2
5254	0
5255	1
5256	0
5257	0
5258	0
5259	2
5260	0
5261	1
5262	0
5263	0
5264	0
5265	0
5266	0
5267	0
5268	0
5269	0
5270	0
5271	0
5272	0
5273	0
5274	0
5275	1
5276	0
5277	0
5278	2
5279	0
5280	0
5281	1
5282	0
5283	0
5284	1
5285	0
5286	0
5287	1
5288	0
5289	0
5290	0
5291	1
5292	0
5293	2
5294	1
5295	0
5296	0
5297	0
5298	0
5299	0
5300	0
5301	1
5302	0
5303	0
5304	0
5305	0
5306	0
5307	0
5308	0
5309	0
5310	2
5311	0
5312	0
5313	0
5314	1
5315	1
5316	0
5317	0
5318	0
5319	0
5320	1
5321	2
5322	0
5323	3
5324	1
5325	0
5326	0
5327	1
5328	0
5329	2
5330	1
5331	2
5332	0
5333	2
5334	1
5335	1
5336	0
5337	0
5338	1
5339	0
5340	0
5341	2
5342	0
5343	0
5344	0
5345	1
5346	1
5347	2
5348	0
5349	0
5350	1
5351	0
5352	0
5353	0
5354	2
5355	1
5356	1
5357	0
5358	1
5359	0
5360	0
5361	2
5362	1
5363	0
5364	0
5365	0
5366	0
5367	0
5368	2
5369	1
5370	1
5371	0
5372	1
5373	0
5374	2
5375	0
5376	2
5377	1
5378	0
5379	0
5380	1
5381	1
5382	1
5383	0
5384	0
5385	0
5386	0
5387	1
5388	1
5389	0
5390	2
5391	1
5392	0
5393	0
5394	0
5395	0
5396	0
5397	0
5398	0
5399	0
5400	2
5401	0
5402	0
5403	0
5404	1
5405	1
5406	0
5407	0
5408	0
5409	2
5410	1
5411	1
5412	0
5413	0
5414	0
5415	2
5416	2
5417	0
5418	1
5419	0
5420	1
5421	0
5422	1
5423	1
5424	1
5425	3
5426	3
5427	1
5428	1
5429	0
5430	0
5431	0
5432	0
5433	0
5434	1
5435	0
5436	1
5437	2
5438	1
5439	0
5440	0
5441	0
5442	1
5443	0
5444	0
5445	1
5446	0
5447	0
5448	0
5449	0
5450	0
5451	1
5452	0
5453	0
5454	0
5455	0
5456	0
5457	0
5458	0
5459	0
5460	0
5461	0
5462	0
5463	0
5464	1
5465	0
5466	1
5467	0
5468	0
5469	0
5470	0
5471	0
5472	0
5473	0
5474	1
5475	0
5476	0
5477	0
5478	0
5479	1
5480	0
5481	0
5482	1
5483	0
5484	0
5485	0
5486	0
5487	0
5488	0
5489	1
5490	3
5491	3
5492	0
5493	0
5494	0
5495	1
5496	0
5497	1
5498	1
5499	1
5500	0
5501	1
5502	1
5503	1
5504	1
5505	0
5506	0
5507	0
5508	0
5509	0
5510	0
5511	1
5512	0
5513	0
5514	0
5515	1
5516	0
5517	1
5518	1
5519	1
5520	1
5521	0
5522	0
5523	0
5524	1
5525	1
5526	1
5527	0
5528	0
5529	0
5530	0
5531	1
5532	0
5533	1
5534	0
5535	0
5536	0
5537	2
5538	0
5539	1
5540	1
5541	2
5542	2
5543	2
5544	0
5545	0
5546	1
5547	1
5548	0
5549	1
5550	1
5551	1
5552	1
5553	0
5554	1
5555	0
5556	0
5557	0
5558	0
5559	0
5560	1
5561	1
5562	0
5563	0
5564	2
5565	0
5566	0
5567	0
5568	1
5569	0
5570	0
5571	1
5572	0
5573	0
5574	1
5575	1
5576	0
5577	0
5578	0
5579	0
5580	3
5581	0
5582	1
5583	1
5584	1
5585	0
5586	2
5587	0
5588	1
5589	0
5590	2
5591	1
5592	0
5593	1
5594	0
5595	0
5596	0
5597	0
5598	0
5599	2
5600	0
5601	0
5602	0
5603	0
5604	0
5605	1
5606	0
5607	2
5608	0
5609	1
5610	0
5611	1
5612	0
5613	0
5614	0
5615	0
5616	0
5617	0
5618	1
5619	0
5620	1
5621	0
5622	0
5623	1
5624	2
5625	0
5626	0
5627	1
5628	0
5629	0
5630	1
5631	0
5632	0
5633	1
5634	1
5635	0
5636	0
5637	0
5638	0
5639	1
5640	0
5641	0
5642	1
5643	1
5644	0
5645	2
5646	0
5647	1
5648	0
5649	0
5650	0
5651	1
5652	1
5653	0
5654	0
5655	1
5656	0
5657	1
5658	1
5659	0
5660	0
5661	2
5662	2
5663	1
5664	0
5665	0
5666	0
5667	0
5668	2
5669	3
5670	2
5671	1
5672	0
5673	0
5674	0
5675	0
5676	0
5677	0
5678	1
5679	0
5680	0
5681	1
5682	0
5683	0
5684	1
5685	2
5686	1
5687	0
5688	2
5689	0
5690	1
5691	0
5692	0
5693	1
5694	0
5695	2
5696	0
5697	1
5698	1
5699	0
5700	0
5701	0
5702	0
5703	2
5704	1
5705	0
5706	0
5707	0
5708	0
5709	0
5710	1
5711	0
5712	0
5713	0
5714	0
5715	0
5716	0
5717	0
5718	0
5719	1
5720	0
5721	1
5722	1
5723	0
5724	3
5725	1
5726	0
5727	1
5728	1
5729	0
5730	1
5731	2
5732	1
5733	0
5734	0
5735	1
5736	2
5737	1
5738	2
5739	0
5740	0
5741	0
5742	1
5743	1
5744	2
5745	1
5746	1
5747	2
5748	0
5749	1
5750	0
5751	1
5752	0
5753	0
5754	0
5755	0
5756	0
5757	1
5758	0
5759	0
5760	0
5761	0
5762	0
5763	0
5764	0
5765	0
5766	0
5767	1
5768	1
5769	0
5770	0
5771	0
5772	0
5773	0
5774	2
5775	0
5776	0
5777	1
5778	0
5779	1
5780	0
5781	0
5782	1
5783	0
5784	0
5785	0
5786	0
5787	1
5788	0
5789	0
5790	1
5791	0
5792	0
5793	1
5794	2
5795	0
5796	0
5797	0
5798	1
5799	1
5800	0
5801	0
5802	2
5803	0
5804	1
5805	1
5806	0
5807	1
5808	0
5809	1
5810	0
5811	3
5812	0
5813	0
5814	0
5815	0
5816	0
5817	0
5818	1
5819	1
5820	0
5821	0
5822	0
5823	0
5824	0
5825	0
5826	1
5827	0
5828	0
5829	1
5830	2
5831	1
5832	1
5833	1
5834	0
5835	0
5836	1
5837	1
5838	1
5839	0
5840	1
5841	0
5842	0
5843	0
5844	0
5845	0
5846	0
5847	1
5848	0
5849	3
5850	0
5851	0
5852	0
5853	1
5854	1
5855	0
5856	0
5857	0
5858	0
5859	0
5860	0
5861	0
5862	0
5863	0
5864	0
5865	0
5866	0
5867	0
5868	0
5869	0
5870	2
5871	1
5872	0
5873	1
5874	1
5875	0
5876	0
5877	0
5878	1
5879	0
5880	0
5881	0
5882	0
5883	0
5884	0
5885	0
5886	2
5887	0
5888	0
5889	1
5890	0
5891	0
5892	0
5893	1
5894	0
5895	0
5896	1
5897	0
5898	1
5899	1
5900	0
5901	0
5902	1
5903	0
5904	0
5905	0
5906	0
5907	0
5908	1
5909	0
5910	1
5911	1
5912	0
5913	0
5914	1
5915	0
5916	0
5917	0
5918	1
5919	0
5920	1
5921	0
5922	0
5923	1
5924	0
5925	1
5926	1
5927	0
5928	1
5929	1
5930	0
5931	1
5932	1
5933	1
5934	1
5935	1
5936	0
5937	1
5938	1
5939	1
5940	0
5941	0
5942	0
5943	0
5944	0
5945	2
5946	3
5947	1
5948	1
5949	0
5950	0
5951	0
5952	1
5953	1
5954	0
5955	0
5956	0
5957	0
5958	1
5959	0
5960	2
5961	0
5962	1
5963	3
5964	0
5965	1
5966	1
5967	0
5968	1
5969	0
5970	1
5971	0
5972	1
5973	0
5974	0
5975	0
5976	1
5977	0
5978	0
5979	0
5980	1
5981	0
5982	0
5983	0
5984	2
5985	0
5986	0
5987	0
5988	0
5989	0
5990	1
5991	0
5992	0
5993	2
5994	0
5995	0
5996	2
5997	0
5998	0
5999	0
6000	0
6001	0
6002	2
6003	0
6004	0
6005	0
6006	2
6007	1
6008	0
6009	0
6010	0
6011	0
6012	1
6013	0
6014	0
6015	1
6016	0
6017	0
6018	1
6019	0
6020	0
6021	0
6022	1
6023	1
6024	1
6025	0
6026	1
6027	0
6028	1
6029	0
6030	1
6031	0
6032	0
6033	0
6034	1
6035	0
6036	1
6037	1
6038	0
6039	0
6040	0
6041	0
6042	0
6043	0
6044	1
6045	1
6046	1
6047	1
6048	0
6049	1
6050	0
6051	0
6052	0
6053	0
6054	0
6055	0
6056	0
6057	0
6058	0
6059	1
6060	1
6061	2
6062	0
6063	0
6064	1
6065	2
6066	0
6067	0
6068	0
6069	0
6070	0
6071	0
6072	0
6073	0
6074	0
6075	0
6076	1
6077	0
6078	0
6079	1
6080	2
6081	0
6082	0
6083	0
6084	0
6085	0
6086	1
6087	1
6088	0
6089	1
6090	0
6091	0
6092	2
6093	0
6094	2
6095	0
6096	1
6097	1
6098	0
6099	0
6100	0
6101	0
6102	2
6103	1
6104	0
6105	2
6106	1
6107	0
6108	0
6109	0
6110	2
6111	0
6112	0
6113	0
6114	0
6115	0
6116	0
6117	2
6118	1
6119	0
6120	1
6121	0
6122	0
6123	0
6124	0
6125	0
6126	1
6127	0
6128	1
6129	0
6130	1
6131	0
6132	0
6133	0
6134	1
6135	0
6136	0
6137	2
6138	1
6139	0
6140	2
6141	1
6142	0
6143	0
6144	0
6145	1
6146	0
6147	0
6148	0
6149	0
6150	0
6151	0
6152	0
6153	1
6154	0
6155	1
6156	1
6157	1
6158	1
6159	0
6160	2
6161	1
6162	1
6163	0
6164	0
6165	0
6166	0
6167	0
6168	0
6169	0
6170	0
6171	1
6172	1
6173	0
6174	1
6175	0
6176	0
6177	1
6178	0
6179	1
6180	1
6181	0
6182	0
6183	1
6184	0
6185	1
6186	0
6187	1
6188	0
6189	0
6190	1
6191	0
6192	0
6193	0
6194	1
6195	0
6196	0
6197	1
6198	0
6199	1
6200	0
6201	0
6202	1
6203	1
6204	0
6205	0
6206	0
6207	0
6208	0
6209	0
6210	0
6211	0
6212	0
6213	0
6214	1
6215	0
6216	0
6217	3
6218	1
6219	0
6220	0
6221	1
6222	1
6223	0
6224	0
6225	1
6226	1
6227	0
6228	1
6229	1
6230	0
6231	0
6232	0
6233	0
6234	0
6235	0
6236	1
6237	1
6238	0
6239	0
6240	0
6241	1
6242	1
6243	1
6244	1
6245	1
6246	0
6247	0
6248	0
6249	0
6250	3
6251	0
6252	0
6253	2
6254	0
6255	0
6256	0
6257	0
6258	0
6259	0
6260	1
6261	0
6262	0
6263	1
6264	0
6265	0
6266	1
6267	0
6268	0
6269	0
6270	0
6271	0
6272	0
6273	1
6274	0
6275	0
6276	1
6277	0
6278	1
6279	0
6280	0
6281	0
6282	1
6283	1
6284	2
6285	0
6286	1
6287	0
6288	0
6289	1
6290	1
6291	1
6292	0
6293	1
6294	1
6295	1
6296	0
6297	0
6298	1
6299	0
6300	0
6301	0
6302	1
6303	0
6304	0
6305	1
6306	1
6307	0
6308	0
6309	0
6310	0
6311	2
6312	1
6313	0
6314	0
6315	1
6316	0
6317	1
6318	2
6319	0
6320	0
6321	1
6322	2
6323	0
6324	0
6325	2
6326	0
6327	0
6328	1
6329	0
6330	0
6331	0
6332	0
6333	0
6334	1
6335	2
6336	0
6337	0
6338	0
6339	0
6340	1
6341	2
6342	1
6343	1
6344	0
6345	0
6346	0
6347	1
6348	1
6349	1
6350	0
6351	2
6352	1
6353	0
6354	1
6355	0
6356	0
6357	0
6358	1
6359	1
6360	0
6361	0
6362	0
6363	0
6364	1
6365	0
6366	0
6367	0
6368	0
6369	0
6370	2
6371	2
6372	0
6373	0
6374	0
6375	0
6376	1
6377	1
6378	0
6379	1
6380	1
6381	1
6382	0
6383	0
6384	0
6385	0
6386	1
6387	0
6388	0
6389	1
6390	1
6391	0
6392	0
6393	0
6394	0
6395	0
6396	1
6397	1
6398	0
6399	0
6400	0
6401	0
6402	2
6403	1
6404	3
6405	1
6406	1
6407	0
6408	0
6409	0
6410	0
6411	1
6412	0
6413	0
6414	1
6415	0
6416	0
6417	0
6418	0
6419	0
6420	0
6421	0
6422	0
6423	1
6424	1
6425	1
6426	0
6427	1
6428	4
6429	1
6430	0
6431	0
6432	0
6433	2
6434	0
6435	0
6436	1
6437	0
6438	1
6439	2
6440	2
6441	0
6442	2
6443	0
6444	0
6445	0
6446	2
6447	0
6448	0
6449	0
6450	0
6451	1
6452	0
6453	0
6454	1
6455	0
6456	0
6457	1
6458	0
6459	1
6460	2
6461	0
6462	0
6463	0
6464	0
6465	0
6466	1
6467	0
6468	1
6469	1
6470	1
6471	2
6472	1
6473	1
6474	0
6475	1
6476	2
6477	0
6478	0
6479	0
6480	0
6481	0
6482	0
6483	0
6484	0
6485	0
6486	0
6487	0
6488	0
6489	0
6490	0
6491	0
6492	1
6493	0
6494	0
6495	0
6496	1
6497	0
6498	0
6499	1
6500	0
6501	0
6502	0
6503	0
6504	0
6505	1
6506	3
6507	0
6508	0
6509	2
6510	0
6511	0
6512	1
6513	2
6514	0
6515	0
6516	1
6517	0
6518	1
6519	2
6520	1
6521	1
6522	1
6523	0
6524	0
6525	0
6526	1
6527	1
6528	0
6529	0
6530	0
6531	0
6532	0
6533	0
6534	0
6535	0
6536	0
6537	0
6538	2
6539	1
6540	0
6541	0
6542	0
6543	2
6544	0
6545	1
6546	1
6547	0
6548	0
6549	0
6550	0
6551	1
6552	1
6553	1
6554	0
6555	1
6556	0
6557	1
6558	0
6559	1
6560	1
6561	0
6562	0
6563	0
6564	2
6565	0
6566	1
6567	0
6568	0
6569	1
6570	1
6571	4
6572	1
6573	0
6574	0
6575	0
6576	0
6577	1
6578	1
6579	0
6580	2
6581	0
6582	0
6583	1
6584	0
6585	0
6586	0
6587	1
6588	0
6589	0
6590	2
6591	0
6592	0
6593	0
6594	0
6595	0
6596	1
6597	0
6598	0
6599	0
6600	1
6601	1
6602	2
6603	0
6604	2
6605	0
6606	1
6607	0
6608	0
6609	0
6610	1
6611	0
6612	1
6613	1
6614	0
6615	2
6616	0
6617	0
6618	0
6619	0
6620	0
6621	0
6622	0
6623	0
6624	0
6625	0
6626	1
6627	0
6628	2
6629	1
6630	0
6631	1
6632	0
6633	0
6634	0
6635	0
6636	1
6637	0
6638	1
6639	0
6640	1
6641	0
6642	0
6643	0
6644	2
6645	0
6646	0
6647	0
6648	0
6649	1
6650	1
6651	1
6652	0
6653	1
6654	1
6655	0
6656	1
6657	0
6658	0
6659	0
6660	0
6661	0
6662	0
6663	0
6664	0
6665	1
6666	0
6667	0
6668	0
6669	0
6670	0
6671	0
6672	0
6673	0
6674	0
6675	0
6676	1
6677	1
6678	0
6679	0
6680	1
6681	0
6682	2
6683	0
6684	0
6685	1
6686	0
6687	0
6688	0
6689	0
6690	0
6691	1
6692	0
6693	0
6694	1
6695	0
6696	0
6697	0
6698	2
6699	1
6700	0
6701	0
6702	1
6703	1
6704	0
6705	0
6706	0
6707	1
6708	0
6709	0
6710	2
6711	0
6712	1
6713	0
6714	0
6715	0
6716	1
6717	0
6718	0
6719	0
6720	3
6721	2
6722	0
6723	1
6724	0
6725	1
6726	1
6727	3
6728	0
6729	0
6730	2
6731	0
6732	0
6733	1
6734	0
6735	1
6736	0
6737	1
6738	0
6739	0
6740	1
6741	1
6742	0
6743	0
6744	0
6745	0
6746	1
6747	0
6748	0
6749	0
6750	0
6751	0
6752	0
6753	0
6754	1
6755	0
6756	0
6757	0
6758	2
6759	0
6760	0
6761	0
6762	2
6763	0
6764	1
6765	0
6766	1
6767	1
6768	1
6769	1
6770	0
6771	1
6772	0
6773	1
6774	0
6775	0
6776	0
6777	0
6778	1
6779	0
6780	0
6781	1
6782	1
6783	0
6784	0
6785	0
6786	0
6787	0
6788	1
6789	0
6790	1
6791	0
6792	1
6793	0
6794	1
6795	1
6796	0
6797	0
6798	0
6799	1
6800	0
6801	0
6802	0
6803	0
6804	1
6805	0
6806	0
6807	0
6808	1
6809	0
6810	0
6811	1
6812	0
6813	0
6814	1
6815	1
6816	0
6817	1
6818	0
6819	0
6820	2
6821	0
6822	2
6823	1
6824	0
6825	0
6826	0
6827	0
6828	0
6829	0
6830	0
6831	0
6832	0
6833	0
6834	0
6835	0
6836	1
6837	0
6838	0
6839	0
6840	1
6841	1
6842	1
6843	0
6844	1
6845	2
6846	1
6847	0
6848	0
6849	0
6850	0
6851	0
6852	0
6853	0
6854	0
6855	0
6856	0
6857	0
6858	0
6859	0
6860	0
6861	1
6862	2
6863	0
6864	1
6865	1
6866	0
6867	0
6868	1
6869	0
6870	1
6871	1
6872	0
6873	1
6874	1
6875	0
6876	1
6877	0
6878	1
6879	0
6880	0
6881	0
6882	1
6883	0
6884	0
6885	0
6886	1
6887	0
6888	1
6889	0
6890	1
6891	1
6892	0
6893	1
6894	1
6895	0
6896	0
6897	3
6898	0
6899	0
6900	1
6901	0
6902	0
6903	0
6904	1
6905	1
6906	3
6907	0
6908	0
6909	0
6910	0
6911	1
6912	0
6913	0
6914	2
6915	0
6916	0
6917	0
6918	1
6919	0
6920	0
6921	0
6922	0
6923	0
6924	1
6925	1
6926	1
6927	1
6928	2
6929	0
6930	0
6931	0
6932	0
6933	0
6934	0
6935	0
6936	0
6937	0
6938	0
6939	0
6940	0
6941	0
6942	0
6943	0
6944	0
6945	0
6946	2
6947	2
6948	1
6949	1
6950	0
6951	0
6952	0
6953	0
6954	0
6955	0
6956	1
6957	1
6958	1
6959	0
6960	0
6961	0
6962	0
6963	1
6964	0
6965	0
6966	1
6967	0
6968	0
6969	1
6970	0
6971	0
6972	1
6973	0
6974	0
6975	0
6976	1
6977	0
6978	0
6979	1
6980	0
6981	0
6982	1
6983	0
6984	1
6985	0
6986	0
6987	1
6988	0
6989	0
6990	1
6991	0
6992	0
6993	0
6994	1
6995	0
6996	0
6997	0
6998	0
6999	0
7000	3
7001	0
7002	0
7003	0
7004	1
7005	0
7006	0
7007	0
7008	1
7009	0
7010	0
7011	1
7012	0
7013	0
7014	0
7015	0
7016	0
7017	2
7018	0
7019	3
7020	1
7021	1
7022	0
7023	0
7024	0
7025	0
7026	0
7027	0
7028	1
7029	0
7030	0
7031	0
7032	0
7033	0
7034	0
7035	0
7036	1
7037	0
7038	0
7039	0
7040	0
7041	0
7042	0
7043	0
7044	1
7045	0
7046	0
7047	0
7048	1
7049	0
7050	0
7051	0
7052	0
7053	0
7054	1
7055	0
7056	1
7057	0
7058	0
7059	0
7060	1
7061	0
7062	1
7063	0
7064	1
7065	0
7066	1
7067	0
7068	1
7069	0
7070	1
7071	0
7072	0
7073	0
7074	0
7075	0
7076	0
7077	0
7078	2
7079	1
7080	0
7081	1
7082	0
7083	0
7084	1
7085	0
7086	0
7087	1
7088	0
7089	1
7090	1
7091	3
7092	0
7093	0
7094	0
7095	0
7096	1
7097	0
7098	0
7099	0
7100	0
7101	0
7102	0
7103	1
7104	0
7105	0
7106	0
7107	1
7108	1
7109	0
7110	0
7111	0
7112	1
7113	0
7114	0
7115	0
7116	0
7117	0
7118	1
7119	0
7120	1
7121	2
7122	0
7123	0
7124	0
7125	0
7126	0
7127	0
7128	0
7129	1
7130	0
7131	1
7132	0
7133	0
7134	1
7135	0
7136	0
7137	0
7138	0
7139	0
7140	0
7141	0
7142	2
7143	0
7144	0
7145	0
7146	0
7147	0
7148	0
7149	0
7150	1
7151	0
7152	1
7153	0
7154	0
7155	1
7156	0
7157	0
7158	0
7159	0
7160	0
7161	0
7162	1
7163	0
7164	0
7165	0
7166	1
7167	0
7168	0
7169	0
7170	0
7171	0
7172	0
7173	0
7174	0
7175	0
7176	0
7177	0
7178	0
7179	0
7180	0
7181	0
7182	2
7183	1
7184	0
7185	1
7186	0
7187	1
7188	0
7189	1
7190	0
7191	0
7192	0
7193	0
7194	0
7195	0
7196	0
7197	0
7198	0
7199	0
7200	0
7201	0
7202	0
7203	0
7204	1
7205	1
7206	1
7207	0
7208	0
7209	0
7210	0
7211	0
7212	2
7213	0
7214	0
7215	0
7216	0
7217	0
7218	0
7219	1
7220	0
7221	0
7222	1
7223	0
7224	0
7225	0
7226	0
7227	0
7228	0
7229	0
7230	0
7231	0
7232	0
7233	0
7234	0
7235	0
7236	1
7237	1
7238	0
7239	0
7240	0
7241	0
7242	1
7243	1
7244	1
7245	1
7246	0
7247	0
7248	1
7249	0
7250	0
7251	1
7252	0
7253	0
7254	0
7255	0
7256	1
7257	0
7258	0
7259	0
7260	0
7261	0
7262	1
7263	0
7264	0
7265	1
7266	1
7267	1
7268	0
7269	0
7270	1
7271	2
7272	1
7273	2
7274	1
7275	2
7276	0
7277	0
7278	1
7279	0
7280	1
7281	0
7282	1
7283	0
7284	0
7285	0
7286	0
7287	0
7288	0
7289	0
7290	0
7291	2
7292	1
7293	0
7294	0
7295	0
7296	0
7297	0
7298	0
7299	1
7300	0
7301	0
7302	0
7303	1
7304	1
7305	0
7306	0
7307	0
7308	1
7309	1
7310	0
7311	1
7312	0
7313	0
7314	0
7315	0
7316	2
7317	0
7318	0
7319	0
7320	0
7321	1
7322	2
7323	2
7324	0
7325	0
7326	0
7327	0
7328	0
7329	0
7330	0
7331	0
7332	0
7333	0
7334	2
7335	0
7336	0
7337	0
7338	1
7339	0
7340	0
7341	0
7342	0
7343	0
7344	0
7345	1
7346	0
7347	2
7348	2
7349	1
7350	0
7351	0
7352	0
7353	0
7354	0
7355	1
7356	1
7357	1
7358	1
7359	0
7360	0
7361	0
7362	0
7363	0
7364	0
7365	0
7366	1
7367	0
7368	0
7369	0
7370	0
7371	0
7372	1
7373	0
7374	0
7375	0
7376	0
7377	0
7378	0
7379	0
7380	0
7381	2
7382	0
7383	0
7384	1
7385	0
7386	0
7387	1
7388	0
7389	0
7390	0
7391	1
7392	0
7393	0
7394	0
7395	0
7396	0
7397	0
7398	0
7399	2
7400	0
7401	0
7402	0
7403	0
7404	0
7405	0
7406	1
7407	0
7408	0
7409	0
7410	0
7411	0
7412	0
7413	1
7414	0
7415	0
7416	0
7417	0
7418	0
7419	0
7420	0
7421	0
7422	0
7423	0
7424	0
7425	0
7426	0
7427	0
7428	0
7429	0
7430	0
7431	0
7432	0
7433	0
7434	0
7435	0
7436	0
7437	0
7438	0
7439	0
7440	1
7441	0
7442	0
7443	0
7444	1
7445	0
7446	0
7447	1
7448	0
7449	0
7450	1
7451	0
7452	0
7453	0
7454	0
7455	0
7456	1
7457	0
7458	0
7459	1
7460	0
7461	0
7462	0
7463	0
7464	0
7465	0
7466	0
7467	0
7468	0
7469	0
7470	0
7471	0
7472	0
7473	1
7474	0
7475	0
7476	0
7477	0
7478	0
7479	0
7480	0
7481	0
7482	1
7483	0
7484	1
7485	0
7486	1
7487	1
7488	0
7489	0
7490	0
7491	0
7492	1
7493	0
7494	0
7495	0
7496	0
7497	0
7498	0
7499	0
7500	0
7501	0
7502	0
7503	0
7504	1
7505	1
7506	0
7507	0
7508	0
7509	0
7510	0
7511	0
7512	0
7513	0
7514	0
7515	0
7516	1
7517	0
7518	0
7519	0
7520	1
7521	0
7522	0
7523	0
7524	0
7525	1
7526	0
7527	1
7528	0
7529	0
7530	0
7531	0
7532	0
7533	1
7534	0
7535	1
7536	0
7537	2
7538	0
7539	0
7540	0
7541	0
7542	1
7543	0
7544	0
7545	0
7546	0
7547	1
7548	0
7549	1
7550	1
7551	1
7552	0
7553	0
7554	0
7555	1
7556	1
7557	0
7558	0
7559	0
7560	1
7561	1
7562	0
7563	0
7564	0
7565	0
7566	1
7567	1
7568	1
7569	0
7570	0
7571	1
7572	0
7573	0
7574	0
7575	1
7576	0
7577	0
7578	0
7579	0
7580	0
7581	1
7582	0
7583	0
7584	0
7585	1
7586	0
7587	0
7588	0
7589	0
7590	0
7591	0
7592	0
7593	1
7594	2
7595	0
7596	0
7597	0
7598	0
7599	0
7600	0
7601	1
7602	0
7603	0
7604	2
7605	1
7606	0
7607	0
7608	0
7609	1
7610	1
7611	0
7612	0
7613	2
7614	0
7615	0
7616	0
7617	0
7618	0
7619	1
7620	1
7621	1
7622	2
7623	1
7624	1
7625	0
7626	0
7627	2
7628	0
7629	0
7630	0
7631	1
7632	0
7633	1
7634	1
7635	0
7636	1
7637	0
7638	1
7639	1
7640	1
7641	0
7642	0
7643	0
7644	1
7645	0
7646	1
7647	1
7648	0
7649	0
7650	0
7651	0
7652	0
7653	0
7654	0
7655	0
7656	0
7657	0
7658	1
7659	0
7660	0
7661	0
7662	1
7663	1
7664	0
7665	0
7666	0
7667	0
7668	1
7669	0
7670	1
7671	0
7672	0
7673	0
7674	1
7675	1
7676	0
7677	1
7678	0
7679	1
7680	0
7681	0
7682	0
7683	0
7684	0
7685	0
7686	0
7687	0
7688	0
7689	0
7690	0
7691	0
7692	1
7693	0
7694	1
7695	0
7696	3
7697	0
7698	0
7699	2
7700	0
7701	0
7702	2
7703	0
7704	0
7705	0
7706	0
7707	0
7708	0
7709	0
7710	0
7711	0
7712	0
7713	1
7714	1
7715	1
7716	0
7717	0
7718	0
7719	0
7720	1
7721	0
7722	0
7723	0
7724	0
7725	0
7726	0
7727	0
7728	0
7729	1
7730	0
7731	0
7732	0
7733	0
7734	0
7735	0
7736	0
7737	0
7738	0
7739	1
7740	0
7741	0
7742	0
7743	0
7744	1
7745	1
7746	0
7747	0
7748	0
7749	0
7750	0
7751	0
7752	1
7753	1
7754	0
7755	0
7756	0
7757	0
7758	0
7759	1
7760	1
7761	1
7762	1
7763	2
7764	1
7765	1
7766	3
7767	1
7768	0
7769	1
7770	0
7771	0
7772	0
7773	0
7774	0
7775	0
7776	1
7777	0
7778	0
7779	0
7780	0
7781	0
7782	0
7783	0
7784	0
7785	0
7786	0
7787	0
7788	1
7789	0
7790	0
7791	0
7792	0
7793	0
7794	1
7795	1
7796	0
7797	0
7798	0
7799	0
7800	0
7801	1
7802	1
7803	0
7804	0
7805	0
7806	0
7807	0
7808	1
7809	0
7810	0
7811	0
7812	1
7813	1
7814	0
7815	0
7816	0
7817	0
7818	0
7819	0
7820	0
7821	0
7822	1
7823	0
7824	2
7825	0
7826	1
7827	0
7828	1
7829	0
7830	0
7831	0
7832	0
7833	0
7834	0
7835	1
7836	1
7837	0
7838	0
7839	0
7840	0
7841	0
7842	1
7843	0
7844	1
7845	0
7846	0
7847	0
7848	1
7849	1
7850	0
7851	0
7852	1
7853	1
7854	0
7855	0
7856	0
7857	1
7858	0
7859	0
7860	0
7861	1
7862	0
7863	0
7864	0
7865	0
7866	1
7867	2
7868	0
7869	0
7870	1
7871	1
7872	0
7873	0
7874	0
7875	0
7876	0
7877	0
7878	0
7879	0
7880	0
7881	1
7882	0
7883	0
7884	0
7885	0
7886	0
7887	1
7888	0
7889	0
7890	0
7891	0
7892	1
7893	0
7894	1
7895	0
7896	0
7897	0
7898	0
7899	0
7900	0
7901	0
7902	0
7903	0
7904	0
7905	0
7906	0
7907	1
7908	0
7909	0
7910	0
7911	1
7912	1
7913	0
7914	0
7915	0
7916	0
7917	0
7918	0
7919	0
7920	2
7921	2
7922	0
7923	1
7924	1
7925	1
7926	0
7927	0
7928	0
7929	0
7930	0
7931	0
7932	0
7933	0
7934	0
7935	1
7936	1
7937	2
7938	0
7939	0
7940	1
7941	0
7942	1
7943	0
7944	0
7945	1
7946	0
7947	0
7948	0
7949	0
7950	1
7951	0
7952	0
7953	0
7954	0
7955	0
7956	0
7957	0
7958	0
7959	1
7960	0
7961	2
7962	0
7963	0
7964	0
7965	0
7966	0
7967	0
7968	1
7969	0
7970	0
7971	0
7972	0
7973	0
7974	0
7975	0
7976	0
7977	1
7978	1
7979	0
7980	0
7981	0
7982	1
7983	0
7984	0
7985	2
7986	1
7987	1
7988	0
7989	0
7990	3
7991	1
7992	1
7993	1
7994	0
7995	0
7996	0
7997	0
7998	0
7999	0
8000	1
8001	0
8002	0
8003	1
8004	0
8005	0
8006	0
8007	2
8008	0
8009	0
8010	0
8011	0
8012	0
8013	1
8014	0
8015	0
8016	0
8017	0
8018	0
8019	0
8020	0
8021	0
8022	0
8023	0
8024	0
8025	0
8026	1
8027	1
8028	2
8029	0
8030	0
8031	0
8032	0
8033	0
8034	0
8035	0
8036	0
8037	1
8038	0
8039	0
8040	0
8041	0
8042	0
8043	1
8044	0
8045	0
8046	1
8047	0
8048	1
8049	0
8050	0
8051	0
8052	0
8053	1
8054	0
8055	0
8056	0
8057	0
8058	1
8059	1
8060	0
8061	0
8062	0
8063	0
8064	0
8065	0
8066	0
8067	0
8068	1
8069	0
8070	0
8071	0
8072	0
8073	0
8074	1
8075	0
8076	1
8077	0
8078	0
8079	0
8080	0
8081	2
8082	0
8083	0
8084	0
8085	0
8086	0
8087	0
8088	0
8089	0
8090	0
8091	0
8092	0
8093	0
8094	0
8095	0
8096	0
8097	0
8098	0
8099	0
8100	0
8101	0
8102	0
8103	0
8104	0
8105	0
8106	0
8107	0
8108	0
8109	0
8110	0
8111	0
8112	0
8113	0
8114	0
8115	0
8116	0
8117	0
8118	0
8119	0
8120	0
8121	0
8122	0
8123	0
8124	0
8125	0
8126	0
8127	0
8128	0
8129	0
8130	0
8131	0
8132	0
8133	0
8134	0
8135	0
8136	0
8137	0
8138	0
8139	0
8140	0
8141	0
8142	0
8143	0
8144	0
8145	0
8146	0
8147	0
8148	0
8149	0
8150	0
8151	0
8152	0
8153	0
8154	0
8155	0
8156	0
8157	0
8158	0
8159	0
8160	0
8161	0
8162	0
8163	0
8164	0
8165	0
8166	0
8167	0
8168	0
8169	0
8170	0
8171	0
8172	0
8173	0
8174	0
8175	0
8176	0
8177	0
8178	0
8179	0
8180	0
8181	0
8182	0
8183	0
8184	0
8185	0
8186	0
8187	0
8188	0
8189	0
8190	0
8191	0
