0	0
1	0
2	0
3	0
4	0
5	0
6	0
7	0
8	0
9	0
10	0
11	0
12	0
13	0
14	0
15	0
16	0
17	0
18	0
19	0
20	0
21	0
22	0
23	0
24	0
25	0
26	0
27	0
28	0
29	0
30	0
31	0
32	0
33	0
34	0
35	0
36	0
37	0
38	0
39	0
40	0
41	0
42	0
43	0
44	0
45	0
46	0
47	0
48	0
49	0
50	0
51	0
52	0
53	0
54	0
55	0
56	0
57	0
58	0
59	0
60	0
61	0
62	0
63	0
64	0
65	0
66	0
67	0
68	0
69	0
70	0
71	0
72	0
73	0
74	0
75	0
76	0
77	0
78	0
79	0
80	0
81	0
82	0
83	0
84	0
85	4
86	4
87	8
88	7
89	7
90	12
91	13
92	11
93	5
94	7
95	9
96	7
97	14
98	7
99	6
100	10
101	10
102	12
103	15
104	9
105	14
106	14
107	8
108	7
109	8
110	9
111	9
112	11
113	14
114	12
115	9
116	7
117	8
118	11
119	17
120	5
121	13
122	5
123	11
124	9
125	14
126	13
127	11
128	6
129	9
130	5
131	14
132	11
133	8
134	11
135	10
136	12
137	7
138	6
139	9
140	5
141	7
142	9
143	6
144	5
145	10
146	6
147	8
148	9
149	11
150	8
151	9
152	6
153	9
154	13
155	9
156	11
157	5
158	10
159	7
160	5
161	9
162	13
163	13
164	11
165	6
166	7
167	16
168	6
169	13
170	9
171	16
172	13
173	7
174	9
175	7
176	7
177	12
178	9
179	10
180	10
181	10
182	15
183	7
184	9
185	10
186	13
187	11
188	6
189	18
190	12
191	7
192	10
193	11
194	9
195	11
196	13
197	6
198	14
199	7
200	13
201	10
202	12
203	10
204	13
205	9
206	8
207	20
208	12
209	17
210	13
211	8
212	13
213	15
214	5
215	10
216	10
217	7
218	5
219	14
220	12
221	8
222	14
223	8
224	16
225	7
226	10
227	10
228	12
229	14
230	7
231	11
232	11
233	11
234	6
235	9
236	13
237	11
238	13
239	9
240	11
241	11
242	9
243	12
244	14
245	15
246	13
247	14
248	7
249	13
250	10
251	8
252	5
253	10
254	7
255	9
256	12
257	12
258	6
259	8
260	10
261	6
262	10
263	11
264	18
265	14
266	10
267	8
268	11
269	16
270	9
271	10
272	12
273	9
274	15
275	13
276	8
277	8
278	11
279	16
280	10
281	5
282	4
283	14
284	10
285	13
286	10
287	9
288	9
289	12
290	9
291	12
292	10
293	6
294	14
295	12
296	9
297	7
298	13
299	13
300	13
301	8
302	14
303	9
304	10
305	6
306	14
307	16
308	7
309	9
310	14
311	7
312	10
313	7
314	7
315	11
316	13
317	9
318	10
319	7
320	15
321	18
322	15
323	17
324	12
325	17
326	16
327	10
328	12
329	17
330	10
331	11
332	17
333	14
334	13
335	9
336	13
337	16
338	14
339	15
340	11
341	11
342	14
343	19
344	16
345	15
346	12
347	14
348	14
349	10
350	14
351	14
352	12
353	10
354	9
355	11
356	14
357	11
358	8
359	10
360	17
361	20
362	16
363	14
364	10
365	14
366	11
367	11
368	16
369	10
370	12
371	7
372	7
373	5
374	7
375	6
376	8
377	12
378	10
379	15
380	6
381	12
382	12
383	10
384	12
385	9
386	10
387	11
388	12
389	16
390	12
391	13
392	13
393	16
394	11
395	14
396	6
397	13
398	9
399	6
400	7
401	12
402	10
403	16
404	13
405	11
406	16
407	11
408	7
409	6
410	7
411	9
412	19
413	14
414	8
415	8
416	15
417	13
418	11
419	14
420	15
421	13
422	18
423	11
424	8
425	14
426	8
427	15
428	15
429	12
430	10
431	8
432	12
433	20
434	10
435	12
436	9
437	9
438	12
439	16
440	12
441	7
442	14
443	13
444	8
445	14
446	13
447	10
448	15
449	12
450	15
451	12
452	13
453	18
454	11
455	8
456	19
457	18
458	9
459	11
460	12
461	15
462	13
463	12
464	9
465	11
466	14
467	14
468	8
469	15
470	11
471	14
472	13
473	13
474	16
475	15
476	13
477	13
478	16
479	9
480	16
481	11
482	11
483	15
484	15
485	14
486	11
487	17
488	15
489	12
490	16
491	11
492	9
493	12
494	15
495	16
496	14
497	16
498	15
499	17
500	23
501	16
502	12
503	13
504	15
505	11
506	12
507	15
508	11
509	12
510	12
511	12
512	15
513	7
514	16
515	14
516	15
517	12
518	13
519	19
520	12
521	18
522	9
523	14
524	17
525	14
526	18
527	18
528	15
529	7
530	14
531	17
532	18
533	18
534	11
535	18
536	14
537	11
538	12
539	17
540	16
541	18
542	20
543	20
544	21
545	16
546	18
547	14
548	14
549	16
550	21
551	24
552	25
553	18
554	23
555	19
556	22
557	12
558	12
559	26
560	26
561	21
562	16
563	26
564	19
565	31
566	21
567	22
568	28
569	31
570	22
571	29
572	23
573	25
574	27
575	25
576	20
577	21
578	29
579	22
580	19
581	27
582	28
583	23
584	18
585	34
586	20
587	26
588	32
589	29
590	26
591	32
592	26
593	25
594	27
595	27
596	40
597	22
598	20
599	27
600	24
601	33
602	19
603	22
604	29
605	32
606	29
607	16
608	20
609	23
610	22
611	23
612	20
613	32
614	27
615	32
616	20
617	19
618	20
619	13
620	27
621	28
622	27
623	27
624	28
625	20
626	25
627	23
628	20
629	27
630	15
631	19
632	27
633	32
634	28
635	27
636	18
637	14
638	22
639	18
640	18
641	20
642	25
643	25
644	29
645	35
646	17
647	19
648	27
649	25
650	19
651	22
652	18
653	19
654	20
655	22
656	26
657	22
658	27
659	20
660	23
661	17
662	27
663	14
664	24
665	18
666	30
667	14
668	13
669	20
670	12
671	23
672	11
673	15
674	20
675	26
676	19
677	19
678	15
679	15
680	17
681	19
682	22
683	24
684	18
685	23
686	15
687	16
688	25
689	21
690	21
691	13
692	12
693	23
694	20
695	23
696	19
697	19
698	17
699	21
700	20
701	15
702	14
703	18
704	6
705	23
706	18
707	23
708	33
709	18
710	22
711	15
712	17
713	14
714	18
715	23
716	18
717	20
718	15
719	18
720	16
721	14
722	19
723	21
724	24
725	16
726	17
727	11
728	17
729	18
730	18
731	18
732	16
733	16
734	18
735	19
736	28
737	19
738	14
739	16
740	19
741	18
742	14
743	19
744	17
745	20
746	23
747	16
748	18
749	22
750	18
751	13
752	20
753	12
754	14
755	21
756	10
757	19
758	15
759	23
760	21
761	19
762	22
763	14
764	15
765	20
766	15
767	15
768	22
769	17
770	17
771	23
772	20
773	14
774	12
775	22
776	15
777	11
778	8
779	19
780	16
781	23
782	11
783	19
784	20
785	17
786	17
787	16
788	18
789	14
790	16
791	19
792	17
793	14
794	20
795	16
796	12
797	12
798	15
799	22
800	16
801	16
802	17
803	13
804	19
805	15
806	11
807	12
808	18
809	20
810	21
811	23
812	16
813	15
814	20
815	25
816	16
817	23
818	18
819	13
820	20
821	15
822	26
823	21
824	14
825	26
826	13
827	15
828	12
829	17
830	17
831	21
832	17
833	21
834	15
835	20
836	23
837	15
838	17
839	20
840	21
841	16
842	13
843	25
844	31
845	28
846	14
847	19
848	22
849	25
850	21
851	19
852	19
853	13
854	21
855	14
856	18
857	17
858	22
859	19
860	21
861	23
862	15
863	10
864	14
865	16
866	17
867	16
868	15
869	20
870	27
871	20
872	11
873	23
874	19
875	18
876	15
877	13
878	19
879	16
880	20
881	21
882	18
883	16
884	17
885	18
886	24
887	21
888	17
889	24
890	25
891	25
892	25
893	25
894	14
895	20
896	33
897	23
898	18
899	25
900	23
901	18
902	26
903	25
904	23
905	29
906	21
907	18
908	26
909	13
910	21
911	20
912	22
913	18
914	24
915	25
916	16
917	21
918	18
919	30
920	20
921	25
922	13
923	20
924	27
925	20
926	23
927	15
928	16
929	21
930	27
931	25
932	21
933	13
934	25
935	32
936	24
937	26
938	21
939	25
940	18
941	19
942	23
943	17
944	24
945	15
946	18
947	29
948	22
949	27
950	30
951	15
952	30
953	26
954	16
955	23
956	24
957	15
958	22
959	21
960	22
961	24
962	12
963	13
964	28
965	24
966	15
967	16
968	18
969	27
970	16
971	28
972	35
973	25
974	21
975	24
976	21
977	27
978	24
979	27
980	23
981	24
982	26
983	26
984	22
985	24
986	21
987	28
988	17
989	33
990	31
991	31
992	28
993	23
994	30
995	25
996	26
997	26
998	19
999	17
1000	20
1001	27
1002	21
1003	24
1004	20
1005	33
1006	19
1007	22
1008	21
1009	22
1010	22
1011	22
1012	26
1013	20
1014	28
1015	22
1016	23
1017	25
1018	20
1019	24
1020	20
1021	26
1022	31
1023	32
1024	28
1025	29
1026	28
1027	24
1028	17
1029	18
1030	23
1031	20
1032	13
1033	21
1034	27
1035	25
1036	26
1037	19
1038	26
1039	26
1040	35
1041	22
1042	21
1043	27
1044	25
1045	27
1046	22
1047	23
1048	28
1049	15
1050	30
1051	28
1052	22
1053	23
1054	26
1055	20
1056	27
1057	17
1058	27
1059	22
1060	23
1061	32
1062	26
1063	17
1064	23
1065	30
1066	24
1067	29
1068	23
1069	19
1070	20
1071	28
1072	29
1073	21
1074	21
1075	33
1076	29
1077	12
1078	23
1079	25
1080	34
1081	20
1082	24
1083	27
1084	26
1085	32
1086	34
1087	24
1088	31
1089	29
1090	21
1091	20
1092	23
1093	23
1094	28
1095	21
1096	31
1097	30
1098	32
1099	33
1100	27
1101	29
1102	21
1103	24
1104	26
1105	24
1106	26
1107	32
1108	33
1109	25
1110	30
1111	21
1112	30
1113	29
1114	30
1115	26
1116	34
1117	23
1118	24
1119	34
1120	33
1121	28
1122	31
1123	34
1124	37
1125	34
1126	24
1127	23
1128	24
1129	21
1130	32
1131	25
1132	24
1133	25
1134	43
1135	26
1136	38
1137	37
1138	31
1139	26
1140	24
1141	34
1142	22
1143	28
1144	27
1145	35
1146	21
1147	18
1148	24
1149	28
1150	29
1151	33
1152	18
1153	20
1154	33
1155	37
1156	24
1157	30
1158	23
1159	34
1160	23
1161	27
1162	27
1163	28
1164	24
1165	27
1166	26
1167	23
1168	40
1169	35
1170	30
1171	33
1172	19
1173	21
1174	29
1175	26
1176	30
1177	30
1178	29
1179	28
1180	29
1181	26
1182	33
1183	26
1184	26
1185	21
1186	20
1187	32
1188	22
1189	30
1190	19
1191	32
1192	21
1193	27
1194	31
1195	29
1196	23
1197	31
1198	31
1199	26
1200	33
1201	30
1202	28
1203	37
1204	32
1205	18
1206	26
1207	24
1208	28
1209	31
1210	26
1211	36
1212	35
1213	34
1214	25
1215	27
1216	31
1217	31
1218	22
1219	22
1220	33
1221	19
1222	35
1223	23
1224	34
1225	27
1226	28
1227	38
1228	36
1229	30
1230	29
1231	26
1232	26
1233	24
1234	34
1235	28
1236	26
1237	35
1238	27
1239	34
1240	33
1241	24
1242	29
1243	40
1244	30
1245	37
1246	19
1247	34
1248	33
1249	29
1250	23
1251	27
1252	35
1253	32
1254	33
1255	26
1256	30
1257	24
1258	30
1259	26
1260	27
1261	33
1262	32
1263	30
1264	30
1265	27
1266	27
1267	34
1268	32
1269	25
1270	26
1271	35
1272	23
1273	32
1274	28
1275	31
1276	30
1277	25
1278	31
1279	28
1280	34
1281	34
1282	39
1283	32
1284	37
1285	32
1286	28
1287	26
1288	33
1289	26
1290	35
1291	28
1292	33
1293	22
1294	26
1295	19
1296	27
1297	33
1298	30
1299	27
1300	32
1301	25
1302	31
1303	22
1304	30
1305	31
1306	28
1307	26
1308	28
1309	32
1310	22
1311	32
1312	32
1313	38
1314	35
1315	29
1316	34
1317	31
1318	29
1319	32
1320	35
1321	18
1322	36
1323	35
1324	37
1325	31
1326	32
1327	27
1328	28
1329	34
1330	25
1331	27
1332	29
1333	37
1334	36
1335	29
1336	41
1337	38
1338	34
1339	41
1340	31
1341	30
1342	25
1343	32
1344	33
1345	31
1346	39
1347	31
1348	36
1349	32
1350	35
1351	35
1352	24
1353	34
1354	30
1355	32
1356	31
1357	27
1358	30
1359	36
1360	28
1361	29
1362	27
1363	37
1364	41
1365	34
1366	25
1367	46
1368	20
1369	26
1370	26
1371	35
1372	42
1373	25
1374	34
1375	35
1376	41
1377	31
1378	30
1379	23
1380	32
1381	26
1382	35
1383	32
1384	26
1385	34
1386	28
1387	24
1388	36
1389	36
1390	32
1391	45
1392	36
1393	30
1394	38
1395	32
1396	29
1397	39
1398	35
1399	28
1400	26
1401	31
1402	25
1403	32
1404	29
1405	42
1406	37
1407	43
1408	35
1409	30
1410	35
1411	30
1412	34
1413	39
1414	28
1415	38
1416	28
1417	28
1418	33
1419	30
1420	33
1421	25
1422	31
1423	20
1424	35
1425	29
1426	36
1427	28
1428	27
1429	46
1430	33
1431	25
1432	29
1433	48
1434	25
1435	31
1436	33
1437	30
1438	37
1439	22
1440	35
1441	46
1442	30
1443	19
1444	38
1445	32
1446	30
1447	38
1448	40
1449	32
1450	38
1451	39
1452	36
1453	23
1454	43
1455	33
1456	29
1457	35
1458	32
1459	36
1460	31
1461	32
1462	33
1463	38
1464	29
1465	29
1466	29
1467	35
1468	33
1469	31
1470	36
1471	38
1472	31
1473	25
1474	41
1475	37
1476	35
1477	21
1478	44
1479	33
1480	32
1481	39
1482	40
1483	41
1484	42
1485	35
1486	24
1487	31
1488	41
1489	33
1490	36
1491	34
1492	35
1493	35
1494	34
1495	41
1496	32
1497	46
1498	38
1499	34
1500	45
1501	33
1502	47
1503	36
1504	40
1505	32
1506	29
1507	31
1508	45
1509	40
1510	42
1511	39
1512	34
1513	45
1514	35
1515	38
1516	35
1517	36
1518	33
1519	34
1520	33
1521	40
1522	55
1523	39
1524	30
1525	39
1526	46
1527	33
1528	33
1529	42
1530	44
1531	40
1532	43
1533	42
1534	46
1535	31
1536	34
1537	36
1538	39
1539	32
1540	45
1541	41
1542	40
1543	44
1544	35
1545	31
1546	34
1547	39
1548	35
1549	23
1550	36
1551	35
1552	42
1553	45
1554	33
1555	42
1556	39
1557	46
1558	48
1559	44
1560	33
1561	45
1562	35
1563	41
1564	33
1565	52
1566	53
1567	37
1568	38
1569	36
1570	48
1571	49
1572	44
1573	46
1574	50
1575	33
1576	42
1577	53
1578	42
1579	56
1580	50
1581	49
1582	54
1583	39
1584	37
1585	38
1586	58
1587	52
1588	54
1589	38
1590	49
1591	43
1592	42
1593	52
1594	55
1595	39
1596	43
1597	50
1598	39
1599	65
1600	39
1601	39
1602	51
1603	52
1604	49
1605	39
1606	40
1607	42
1608	47
1609	48
1610	43
1611	47
1612	52
1613	45
1614	50
1615	44
1616	37
1617	51
1618	50
1619	49
1620	49
1621	54
1622	47
1623	37
1624	44
1625	42
1626	38
1627	46
1628	48
1629	39
1630	45
1631	48
1632	47
1633	61
1634	52
1635	42
1636	53
1637	42
1638	45
1639	57
1640	50
1641	41
1642	62
1643	56
1644	43
1645	43
1646	57
1647	44
1648	48
1649	39
1650	44
1651	39
1652	60
1653	51
1654	59
1655	46
1656	47
1657	46
1658	33
1659	37
1660	58
1661	53
1662	47
1663	43
1664	50
1665	49
1666	47
1667	37
1668	53
1669	50
1670	52
1671	43
1672	45
1673	37
1674	52
1675	37
1676	53
1677	55
1678	52
1679	43
1680	50
1681	56
1682	46
1683	47
1684	46
1685	57
1686	46
1687	51
1688	48
1689	34
1690	46
1691	35
1692	54
1693	46
1694	38
1695	51
1696	41
1697	32
1698	51
1699	50
1700	38
1701	45
1702	51
1703	47
1704	43
1705	44
1706	61
1707	51
1708	42
1709	45
1710	42
1711	37
1712	44
1713	55
1714	39
1715	46
1716	50
1717	34
1718	46
1719	39
1720	43
1721	42
1722	43
1723	46
1724	51
1725	35
1726	38
1727	36
1728	41
1729	44
1730	50
1731	33
1732	34
1733	34
1734	50
1735	55
1736	34
1737	47
1738	48
1739	40
1740	43
1741	40
1742	26
1743	41
1744	42
1745	37
1746	41
1747	44
1748	37
1749	33
1750	37
1751	33
1752	34
1753	36
1754	32
1755	40
1756	46
1757	39
1758	35
1759	48
1760	37
1761	42
1762	39
1763	31
1764	48
1765	38
1766	37
1767	38
1768	37
1769	23
1770	40
1771	45
1772	39
1773	24
1774	44
1775	41
1776	41
1777	40
1778	38
1779	30
1780	37
1781	40
1782	34
1783	38
1784	31
1785	33
1786	38
1787	29
1788	36
1789	33
1790	31
1791	26
1792	36
1793	44
1794	26
1795	51
1796	27
1797	28
1798	30
1799	35
1800	31
1801	40
1802	26
1803	44
1804	31
1805	29
1806	29
1807	25
1808	36
1809	37
1810	27
1811	26
1812	35
1813	23
1814	31
1815	28
1816	29
1817	36
1818	34
1819	24
1820	33
1821	24
1822	26
1823	34
1824	33
1825	26
1826	30
1827	26
1828	26
1829	21
1830	33
1831	25
1832	28
1833	22
1834	29
1835	33
1836	20
1837	23
1838	35
1839	24
1840	23
1841	34
1842	24
1843	25
1844	32
1845	19
1846	21
1847	29
1848	23
1849	24
1850	26
1851	22
1852	29
1853	23
1854	19
1855	33
1856	18
1857	29
1858	22
1859	19
1860	25
1861	32
1862	13
1863	30
1864	30
1865	22
1866	33
1867	16
1868	22
1869	20
1870	20
1871	35
1872	33
1873	25
1874	29
1875	21
1876	20
1877	18
1878	26
1879	29
1880	22
1881	23
1882	17
1883	30
1884	25
1885	24
1886	23
1887	23
1888	28
1889	34
1890	20
1891	25
1892	26
1893	24
1894	19
1895	17
1896	25
1897	26
1898	26
1899	22
1900	33
1901	23
1902	29
1903	29
1904	22
1905	23
1906	27
1907	22
1908	17
1909	29
1910	26
1911	27
1912	16
1913	24
1914	30
1915	28
1916	12
1917	21
1918	22
1919	23
1920	14
1921	24
1922	29
1923	21
1924	25
1925	18
1926	26
1927	17
1928	14
1929	22
1930	18
1931	19
1932	14
1933	19
1934	20
1935	22
1936	21
1937	26
1938	15
1939	15
1940	24
1941	13
1942	23
1943	19
1944	17
1945	23
1946	20
1947	16
1948	25
1949	24
1950	16
1951	27
1952	21
1953	18
1954	15
1955	21
1956	21
1957	15
1958	21
1959	18
1960	15
1961	21
1962	13
1963	12
1964	22
1965	19
1966	21
1967	13
1968	24
1969	26
1970	21
1971	17
1972	18
1973	15
1974	20
1975	28
1976	17
1977	17
1978	18
1979	24
1980	22
1981	23
1982	22
1983	22
1984	20
1985	20
1986	23
1987	15
1988	22
1989	16
1990	20
1991	19
1992	21
1993	15
1994	23
1995	19
1996	14
1997	22
1998	22
1999	21
2000	18
2001	15
2002	17
2003	19
2004	17
2005	16
2006	21
2007	21
2008	18
2009	20
2010	26
2011	18
2012	18
2013	22
2014	22
2015	22
2016	26
2017	14
2018	21
2019	17
2020	16
2021	18
2022	21
2023	16
2024	17
2025	20
2026	13
2027	18
2028	11
2029	20
2030	15
2031	13
2032	28
2033	24
2034	18
2035	17
2036	15
2037	18
2038	25
2039	20
2040	23
2041	15
2042	21
2043	14
2044	17
2045	22
2046	18
2047	12
2048	16
2049	19
2050	18
2051	16
2052	18
2053	26
2054	26
2055	14
2056	19
2057	13
2058	19
2059	16
2060	13
2061	15
2062	19
2063	19
2064	18
2065	18
2066	18
2067	19
2068	15
2069	18
2070	19
2071	18
2072	16
2073	22
2074	16
2075	14
2076	18
2077	11
2078	17
2079	17
2080	26
2081	20
2082	8
2083	19
2084	15
2085	16
2086	16
2087	22
2088	18
2089	11
2090	14
2091	13
2092	20
2093	19
2094	17
2095	18
2096	19
2097	11
2098	14
2099	16
2100	18
2101	13
2102	12
2103	11
2104	11
2105	14
2106	14
2107	20
2108	11
2109	19
2110	14
2111	14
2112	14
2113	21
2114	14
2115	25
2116	20
2117	18
2118	11
2119	15
2120	24
2121	17
2122	20
2123	14
2124	13
2125	17
2126	16
2127	5
2128	16
2129	17
2130	14
2131	13
2132	16
2133	10
2134	20
2135	12
2136	25
2137	11
2138	10
2139	19
2140	24
2141	14
2142	20
2143	11
2144	12
2145	13
2146	14
2147	18
2148	12
2149	15
2150	19
2151	13
2152	15
2153	20
2154	20
2155	17
2156	17
2157	16
2158	14
2159	20
2160	20
2161	20
2162	10
2163	15
2164	9
2165	11
2166	17
2167	11
2168	25
2169	14
2170	21
2171	19
2172	12
2173	13
2174	25
2175	20
2176	16
2177	11
2178	23
2179	15
2180	17
2181	22
2182	14
2183	15
2184	20
2185	12
2186	10
2187	11
2188	25
2189	19
2190	19
2191	11
2192	14
2193	11
2194	21
2195	12
2196	15
2197	16
2198	12
2199	14
2200	19
2201	18
2202	11
2203	15
2204	14
2205	16
2206	13
2207	14
2208	16
2209	10
2210	12
2211	10
2212	11
2213	18
2214	17
2215	12
2216	14
2217	10
2218	11
2219	21
2220	15
2221	17
2222	15
2223	19
2224	21
2225	17
2226	11
2227	17
2228	19
2229	17
2230	8
2231	16
2232	7
2233	24
2234	15
2235	20
2236	20
2237	13
2238	12
2239	16
2240	14
2241	13
2242	17
2243	11
2244	10
2245	26
2246	18
2247	14
2248	18
2249	17
2250	19
2251	16
2252	12
2253	14
2254	7
2255	8
2256	18
2257	11
2258	19
2259	14
2260	13
2261	15
2262	16
2263	19
2264	14
2265	17
2266	21
2267	14
2268	18
2269	20
2270	10
2271	17
2272	12
2273	11
2274	15
2275	12
2276	16
2277	16
2278	11
2279	16
2280	9
2281	11
2282	12
2283	12
2284	11
2285	11
2286	12
2287	15
2288	9
2289	14
2290	14
2291	16
2292	14
2293	14
2294	23
2295	10
2296	17
2297	11
2298	10
2299	20
2300	18
2301	8
2302	7
2303	17
2304	16
2305	16
2306	11
2307	14
2308	11
2309	19
2310	12
2311	11
2312	13
2313	14
2314	17
2315	16
2316	17
2317	15
2318	14
2319	17
2320	9
2321	15
2322	15
2323	15
2324	16
2325	9
2326	15
2327	8
2328	13
2329	14
2330	13
2331	8
2332	11
2333	15
2334	6
2335	11
2336	13
2337	14
2338	11
2339	13
2340	14
2341	7
2342	15
2343	16
2344	14
2345	11
2346	11
2347	10
2348	10
2349	21
2350	10
2351	9
2352	16
2353	13
2354	13
2355	11
2356	15
2357	13
2358	17
2359	9
2360	14
2361	11
2362	17
2363	13
2364	11
2365	13
2366	10
2367	21
2368	7
2369	12
2370	12
2371	16
2372	14
2373	10
2374	14
2375	20
2376	10
2377	15
2378	15
2379	11
2380	12
2381	13
2382	11
2383	8
2384	10
2385	15
2386	13
2387	15
2388	13
2389	11
2390	10
2391	11
2392	18
2393	9
2394	13
2395	12
2396	9
2397	10
2398	15
2399	20
2400	13
2401	6
2402	18
2403	17
2404	12
2405	9
2406	8
2407	7
2408	12
2409	9
2410	11
2411	9
2412	10
2413	15
2414	10
2415	11
2416	18
2417	14
2418	20
2419	11
2420	10
2421	12
2422	14
2423	11
2424	17
2425	9
2426	12
2427	12
2428	9
2429	15
2430	15
2431	13
2432	14
2433	7
2434	12
2435	6
2436	14
2437	14
2438	15
2439	15
2440	6
2441	12
2442	18
2443	15
2444	15
2445	13
2446	10
2447	15
2448	14
2449	12
2450	11
2451	14
2452	7
2453	13
2454	14
2455	12
2456	13
2457	26
2458	11
2459	13
2460	11
2461	15
2462	15
2463	19
2464	10
2465	13
2466	14
2467	19
2468	10
2469	11
2470	25
2471	11
2472	8
2473	9
2474	9
2475	14
2476	11
2477	16
2478	19
2479	14
2480	11
2481	12
2482	13
2483	20
2484	9
2485	9
2486	15
2487	20
2488	12
2489	17
2490	13
2491	15
2492	16
2493	15
2494	15
2495	22
2496	6
2497	10
2498	10
2499	15
2500	12
2501	19
2502	14
2503	8
2504	16
2505	20
2506	9
2507	13
2508	11
2509	13
2510	10
2511	20
2512	15
2513	15
2514	15
2515	13
2516	10
2517	10
2518	13
2519	11
2520	12
2521	7
2522	16
2523	14
2524	14
2525	15
2526	11
2527	17
2528	12
2529	11
2530	17
2531	16
2532	5
2533	30
2534	11
2535	14
2536	12
2537	13
2538	12
2539	11
2540	10
2541	6
2542	10
2543	16
2544	17
2545	14
2546	12
2547	17
2548	15
2549	13
2550	15
2551	9
2552	14
2553	13
2554	11
2555	21
2556	15
2557	17
2558	12
2559	14
2560	19
2561	14
2562	25
2563	15
2564	13
2565	11
2566	18
2567	13
2568	18
2569	14
2570	16
2571	14
2572	17
2573	19
2574	16
2575	12
2576	10
2577	20
2578	18
2579	12
2580	11
2581	16
2582	10
2583	15
2584	19
2585	20
2586	9
2587	10
2588	15
2589	14
2590	15
2591	18
2592	16
2593	9
2594	12
2595	4
2596	15
2597	12
2598	11
2599	17
2600	15
2601	18
2602	16
2603	14
2604	19
2605	23
2606	20
2607	14
2608	20
2609	14
2610	21
2611	15
2612	23
2613	13
2614	15
2615	18
2616	14
2617	17
2618	18
2619	19
2620	22
2621	17
2622	19
2623	15
2624	10
2625	19
2626	13
2627	22
2628	20
2629	17
2630	11
2631	25
2632	12
2633	10
2634	18
2635	18
2636	15
2637	11
2638	22
2639	19
2640	15
2641	23
2642	15
2643	17
2644	15
2645	19
2646	13
2647	14
2648	18
2649	19
2650	27
2651	26
2652	20
2653	19
2654	23
2655	16
2656	14
2657	22
2658	18
2659	16
2660	16
2661	9
2662	15
2663	13
2664	14
2665	12
2666	20
2667	19
2668	16
2669	20
2670	22
2671	20
2672	19
2673	17
2674	8
2675	17
2676	16
2677	21
2678	19
2679	17
2680	15
2681	27
2682	25
2683	19
2684	14
2685	28
2686	22
2687	24
2688	20
2689	18
2690	23
2691	20
2692	15
2693	21
2694	20
2695	24
2696	22
2697	26
2698	23
2699	19
2700	18
2701	20
2702	20
2703	22
2704	15
2705	21
2706	22
2707	18
2708	26
2709	25
2710	8
2711	24
2712	21
2713	20
2714	18
2715	28
2716	18
2717	10
2718	31
2719	29
2720	23
2721	22
2722	23
2723	25
2724	25
2725	17
2726	25
2727	22
2728	27
2729	23
2730	25
2731	27
2732	30
2733	21
2734	26
2735	22
2736	20
2737	25
2738	23
2739	21
2740	23
2741	20
2742	32
2743	21
2744	21
2745	24
2746	28
2747	29
2748	24
2749	22
2750	13
2751	22
2752	14
2753	19
2754	27
2755	28
2756	28
2757	14
2758	25
2759	21
2760	19
2761	19
2762	27
2763	25
2764	18
2765	27
2766	27
2767	16
2768	11
2769	26
2770	20
2771	19
2772	23
2773	21
2774	18
2775	29
2776	20
2777	27
2778	21
2779	20
2780	22
2781	24
2782	21
2783	17
2784	26
2785	32
2786	36
2787	26
2788	24
2789	23
2790	24
2791	16
2792	20
2793	33
2794	24
2795	20
2796	25
2797	27
2798	24
2799	27
2800	23
2801	26
2802	17
2803	21
2804	32
2805	13
2806	23
2807	18
2808	17
2809	30
2810	19
2811	24
2812	18
2813	32
2814	27
2815	25
2816	24
2817	17
2818	23
2819	29
2820	23
2821	27
2822	25
2823	25
2824	29
2825	18
2826	27
2827	26
2828	35
2829	26
2830	25
2831	26
2832	19
2833	19
2834	24
2835	26
2836	26
2837	29
2838	24
2839	31
2840	28
2841	24
2842	27
2843	32
2844	22
2845	20
2846	20
2847	29
2848	31
2849	27
2850	15
2851	20
2852	33
2853	31
2854	23
2855	28
2856	20
2857	31
2858	24
2859	27
2860	23
2861	21
2862	33
2863	22
2864	22
2865	33
2866	26
2867	25
2868	31
2869	26
2870	34
2871	31
2872	24
2873	32
2874	24
2875	27
2876	26
2877	32
2878	26
2879	34
2880	27
2881	29
2882	27
2883	20
2884	26
2885	18
2886	22
2887	27
2888	29
2889	28
2890	23
2891	26
2892	30
2893	38
2894	34
2895	25
2896	27
2897	20
2898	18
2899	27
2900	26
2901	25
2902	33
2903	37
2904	23
2905	29
2906	26
2907	18
2908	25
2909	29
2910	26
2911	36
2912	29
2913	27
2914	33
2915	29
2916	30
2917	21
2918	31
2919	26
2920	28
2921	28
2922	25
2923	32
2924	32
2925	24
2926	21
2927	29
2928	24
2929	31
2930	22
2931	32
2932	30
2933	24
2934	25
2935	26
2936	26
2937	25
2938	26
2939	20
2940	34
2941	29
2942	25
2943	29
2944	24
2945	32
2946	24
2947	26
2948	36
2949	29
2950	23
2951	21
2952	21
2953	22
2954	26
2955	30
2956	28
2957	26
2958	24
2959	29
2960	27
2961	21
2962	31
2963	24
2964	25
2965	25
2966	25
2967	17
2968	25
2969	30
2970	20
2971	32
2972	25
2973	41
2974	33
2975	18
2976	28
2977	18
2978	24
2979	27
2980	21
2981	25
2982	34
2983	19
2984	25
2985	22
2986	28
2987	18
2988	22
2989	20
2990	31
2991	20
2992	34
2993	26
2994	17
2995	31
2996	26
2997	25
2998	23
2999	26
3000	26
3001	23
3002	20
3003	23
3004	32
3005	26
3006	18
3007	22
3008	27
3009	16
3010	19
3011	26
3012	16
3013	31
3014	17
3015	28
3016	18
3017	27
3018	28
3019	27
3020	23
3021	23
3022	22
3023	20
3024	30
3025	30
3026	19
3027	21
3028	24
3029	23
3030	19
3031	25
3032	21
3033	26
3034	18
3035	19
3036	28
3037	32
3038	25
3039	25
3040	25
3041	12
3042	25
3043	13
3044	19
3045	19
3046	25
3047	26
3048	14
3049	17
3050	24
3051	23
3052	29
3053	19
3054	12
3055	28
3056	17
3057	27
3058	20
3059	24
3060	20
3061	24
3062	15
3063	23
3064	19
3065	28
3066	21
3067	23
3068	29
3069	18
3070	22
3071	24
3072	17
3073	24
3074	21
3075	31
3076	17
3077	12
3078	21
3079	13
3080	23
3081	22
3082	33
3083	18
3084	24
3085	24
3086	21
3087	19
3088	30
3089	22
3090	20
3091	20
3092	22
3093	20
3094	20
3095	18
3096	24
3097	17
3098	18
3099	20
3100	13
3101	18
3102	20
3103	16
3104	16
3105	18
3106	19
3107	21
3108	18
3109	10
3110	12
3111	20
3112	17
3113	14
3114	22
3115	19
3116	20
3117	14
3118	10
3119	12
3120	17
3121	18
3122	23
3123	14
3124	15
3125	10
3126	12
3127	22
3128	21
3129	16
3130	20
3131	15
3132	30
3133	26
3134	12
3135	18
3136	18
3137	16
3138	14
3139	21
3140	12
3141	12
3142	22
3143	12
3144	14
3145	14
3146	17
3147	11
3148	17
3149	16
3150	15
3151	12
3152	16
3153	16
3154	18
3155	18
3156	13
3157	11
3158	15
3159	11
3160	21
3161	9
3162	9
3163	10
3164	14
3165	20
3166	10
3167	12
3168	17
3169	11
3170	19
3171	17
3172	10
3173	17
3174	9
3175	8
3176	11
3177	12
3178	14
3179	11
3180	13
3181	14
3182	13
3183	14
3184	16
3185	11
3186	11
3187	13
3188	13
3189	9
3190	17
3191	10
3192	16
3193	9
3194	16
3195	17
3196	12
3197	14
3198	14
3199	12
3200	13
3201	12
3202	18
3203	10
3204	13
3205	13
3206	10
3207	18
3208	10
3209	16
3210	18
3211	10
3212	9
3213	6
3214	7
3215	12
3216	10
3217	14
3218	13
3219	13
3220	12
3221	10
3222	11
3223	9
3224	12
3225	14
3226	16
3227	9
3228	8
3229	8
3230	10
3231	9
3232	7
3233	10
3234	15
3235	10
3236	9
3237	15
3238	10
3239	5
3240	5
3241	15
3242	6
3243	10
3244	11
3245	7
3246	11
3247	7
3248	8
3249	9
3250	15
3251	12
3252	12
3253	10
3254	10
3255	9
3256	13
3257	17
3258	4
3259	12
3260	10
3261	6
3262	5
3263	11
3264	13
3265	7
3266	9
3267	6
3268	15
3269	13
3270	15
3271	6
3272	11
3273	6
3274	7
3275	7
3276	6
3277	7
3278	8
3279	4
3280	9
3281	12
3282	11
3283	10
3284	14
3285	6
3286	7
3287	9
3288	4
3289	11
3290	3
3291	11
3292	5
3293	7
3294	5
3295	9
3296	9
3297	7
3298	7
3299	12
3300	8
3301	7
3302	6
3303	10
3304	7
3305	8
3306	11
3307	6
3308	9
3309	5
3310	12
3311	7
3312	11
3313	4
3314	9
3315	5
3316	8
3317	9
3318	3
3319	10
3320	8
3321	10
3322	8
3323	7
3324	10
3325	11
3326	7
3327	12
3328	12
3329	8
3330	5
3331	8
3332	10
3333	10
3334	8
3335	11
3336	6
3337	5
3338	4
3339	4
3340	4
3341	9
3342	4
3343	8
3344	7
3345	9
3346	1
3347	9
3348	8
3349	9
3350	3
3351	5
3352	6
3353	4
3354	14
3355	8
3356	10
3357	10
3358	6
3359	11
3360	3
3361	3
3362	9
3363	6
3364	4
3365	14
3366	15
3367	6
3368	4
3369	6
3370	6
3371	5
3372	7
3373	5
3374	8
3375	10
3376	3
3377	6
3378	9
3379	5
3380	8
3381	5
3382	9
3383	6
3384	9
3385	3
3386	6
3387	8
3388	9
3389	6
3390	10
3391	6
3392	2
3393	6
3394	7
3395	5
3396	7
3397	7
3398	7
3399	5
3400	10
3401	6
3402	6
3403	10
3404	7
3405	10
3406	9
3407	6
3408	10
3409	5
3410	11
3411	5
3412	4
3413	9
3414	7
3415	2
3416	7
3417	8
3418	6
3419	4
3420	5
3421	4
3422	6
3423	11
3424	7
3425	3
3426	6
3427	4
3428	6
3429	9
3430	6
3431	6
3432	8
3433	5
3434	1
3435	5
3436	12
3437	4
3438	6
3439	8
3440	5
3441	3
3442	12
3443	6
3444	4
3445	10
3446	5
3447	8
3448	4
3449	5
3450	11
3451	9
3452	10
3453	6
3454	4
3455	2
3456	3
3457	3
3458	6
3459	8
3460	3
3461	9
3462	6
3463	9
3464	6
3465	4
3466	7
3467	6
3468	9
3469	8
3470	5
3471	10
3472	7
3473	7
3474	6
3475	7
3476	9
3477	7
3478	6
3479	6
3480	2
3481	4
3482	7
3483	10
3484	6
3485	8
3486	6
3487	4
3488	5
3489	9
3490	6
3491	3
3492	7
3493	6
3494	4
3495	3
3496	6
3497	6
3498	4
3499	6
3500	3
3501	7
3502	7
3503	5
3504	8
3505	4
3506	7
3507	6
3508	2
3509	4
3510	5
3511	1
3512	9
3513	5
3514	3
3515	4
3516	4
3517	5
3518	11
3519	8
3520	3
3521	12
3522	6
3523	6
3524	14
3525	7
3526	5
3527	5
3528	7
3529	3
3530	4
3531	4
3532	2
3533	7
3534	3
3535	11
3536	11
3537	5
3538	8
3539	4
3540	8
3541	6
3542	2
3543	6
3544	8
3545	14
3546	4
3547	4
3548	2
3549	3
3550	6
3551	3
3552	6
3553	4
3554	5
3555	6
3556	5
3557	6
3558	7
3559	6
3560	3
3561	10
3562	3
3563	4
3564	7
3565	13
3566	8
3567	4
3568	8
3569	9
3570	5
3571	3
3572	5
3573	6
3574	4
3575	3
3576	4
3577	6
3578	7
3579	5
3580	4
3581	5
3582	6
3583	4
3584	7
3585	4
3586	6
3587	4
3588	7
3589	6
3590	5
3591	5
3592	9
3593	5
3594	7
3595	7
3596	3
3597	5
3598	7
3599	6
3600	12
3601	6
3602	4
3603	6
3604	5
3605	3
3606	6
3607	3
3608	5
3609	4
3610	11
3611	8
3612	7
3613	4
3614	5
3615	1
3616	5
3617	9
3618	9
3619	10
3620	8
3621	3
3622	7
3623	2
3624	7
3625	4
3626	8
3627	10
3628	5
3629	7
3630	6
3631	4
3632	8
3633	6
3634	5
3635	7
3636	6
3637	4
3638	5
3639	5
3640	5
3641	6
3642	5
3643	2
3644	7
3645	2
3646	4
3647	5
3648	9
3649	9
3650	5
3651	8
3652	3
3653	9
3654	8
3655	5
3656	2
3657	6
3658	6
3659	5
3660	6
3661	4
3662	7
3663	8
3664	7
3665	6
3666	8
3667	2
3668	6
3669	8
3670	8
3671	3
3672	9
3673	9
3674	4
3675	7
3676	6
3677	6
3678	8
3679	7
3680	7
3681	1
3682	4
3683	5
3684	2
3685	3
3686	3
3687	5
3688	10
3689	6
3690	6
3691	4
3692	3
3693	4
3694	2
3695	5
3696	7
3697	4
3698	7
3699	1
3700	10
3701	4
3702	4
3703	6
3704	4
3705	6
3706	6
3707	3
3708	5
3709	5
3710	5
3711	4
3712	5
3713	6
3714	3
3715	9
3716	6
3717	4
3718	9
3719	5
3720	3
3721	3
3722	9
3723	10
3724	11
3725	4
3726	6
3727	3
3728	4
3729	2
3730	5
3731	13
3732	2
3733	4
3734	4
3735	5
3736	8
3737	2
3738	8
3739	7
3740	5
3741	9
3742	4
3743	3
3744	3
3745	5
3746	1
3747	7
3748	4
3749	3
3750	5
3751	6
3752	12
3753	6
3754	7
3755	8
3756	9
3757	13
3758	2
3759	3
3760	5
3761	5
3762	3
3763	5
3764	7
3765	6
3766	8
3767	6
3768	6
3769	3
3770	7
3771	3
3772	5
3773	1
3774	6
3775	6
3776	6
3777	5
3778	6
3779	7
3780	7
3781	4
3782	2
3783	12
3784	10
3785	5
3786	11
3787	6
3788	7
3789	1
3790	4
3791	2
3792	1
3793	6
3794	3
3795	4
3796	10
3797	5
3798	4
3799	10
3800	7
3801	5
3802	4
3803	5
3804	4
3805	7
3806	3
3807	8
3808	5
3809	6
3810	8
3811	4
3812	2
3813	5
3814	5
3815	5
3816	6
3817	9
3818	4
3819	5
3820	7
3821	5
3822	5
3823	3
3824	6
3825	4
3826	7
3827	3
3828	9
3829	0
3830	6
3831	4
3832	7
3833	8
3834	9
3835	2
3836	6
3837	2
3838	7
3839	2
3840	5
3841	6
3842	6
3843	8
3844	3
3845	6
3846	4
3847	5
3848	2
3849	4
3850	6
3851	7
3852	4
3853	3
3854	7
3855	2
3856	4
3857	4
3858	7
3859	0
3860	7
3861	4
3862	4
3863	9
3864	4
3865	8
3866	5
3867	7
3868	7
3869	6
3870	3
3871	6
3872	5
3873	5
3874	3
3875	5
3876	4
3877	7
3878	4
3879	8
3880	6
3881	2
3882	5
3883	4
3884	3
3885	5
3886	5
3887	6
3888	3
3889	3
3890	8
3891	7
3892	2
3893	5
3894	5
3895	1
3896	3
3897	7
3898	8
3899	6
3900	9
3901	3
3902	3
3903	8
3904	7
3905	3
3906	4
3907	5
3908	5
3909	4
3910	4
3911	6
3912	5
3913	5
3914	4
3915	8
3916	2
3917	6
3918	3
3919	6
3920	5
3921	7
3922	6
3923	5
3924	3
3925	2
3926	1
3927	5
3928	6
3929	3
3930	8
3931	6
3932	2
3933	7
3934	3
3935	11
3936	9
3937	3
3938	6
3939	3
3940	6
3941	6
3942	8
3943	4
3944	8
3945	4
3946	4
3947	4
3948	5
3949	7
3950	8
3951	4
3952	5
3953	4
3954	5
3955	5
3956	5
3957	6
3958	5
3959	8
3960	1
3961	7
3962	6
3963	6
3964	7
3965	7
3966	3
3967	6
3968	5
3969	3
3970	3
3971	9
3972	6
3973	7
3974	2
3975	4
3976	6
3977	3
3978	9
3979	2
3980	5
3981	4
3982	9
3983	4
3984	4
3985	4
3986	2
3987	4
3988	3
3989	5
3990	4
3991	1
3992	3
3993	6
3994	8
3995	5
3996	2
3997	6
3998	3
3999	3
4000	5
4001	6
4002	2
4003	4
4004	5
4005	12
4006	3
4007	8
4008	6
4009	6
4010	6
4011	8
4012	5
4013	2
4014	4
4015	5
4016	3
4017	5
4018	5
4019	4
4020	8
4021	4
4022	8
4023	4
4024	9
4025	6
4026	3
4027	5
4028	4
4029	8
4030	1
4031	4
4032	3
4033	4
4034	7
4035	7
4036	5
4037	4
4038	8
4039	3
4040	3
4041	6
4042	5
4043	3
4044	6
4045	3
4046	4
4047	10
4048	3
4049	5
4050	2
4051	2
4052	3
4053	3
4054	4
4055	9
4056	3
4057	6
4058	4
4059	5
4060	6
4061	5
4062	5
4063	3
4064	4
4065	4
4066	3
4067	8
4068	7
4069	7
4070	4
4071	4
4072	4
4073	4
4074	6
4075	5
4076	9
4077	3
4078	4
4079	8
4080	5
4081	5
4082	5
4083	3
4084	4
4085	4
4086	0
4087	6
4088	2
4089	4
4090	7
4091	9
4092	7
4093	6
4094	5
4095	6
4096	1
4097	4
4098	8
4099	6
4100	2
4101	3
4102	7
4103	3
4104	4
4105	7
4106	4
4107	5
4108	7
4109	5
4110	6
4111	6
4112	5
4113	3
4114	6
4115	6
4116	1
4117	5
4118	5
4119	8
4120	6
4121	7
4122	3
4123	8
4124	8
4125	3
4126	6
4127	5
4128	8
4129	4
4130	5
4131	9
4132	4
4133	6
4134	8
4135	3
4136	4
4137	6
4138	4
4139	7
4140	9
4141	7
4142	3
4143	5
4144	4
4145	4
4146	6
4147	7
4148	3
4149	4
4150	6
4151	4
4152	2
4153	4
4154	2
4155	3
4156	8
4157	3
4158	9
4159	7
4160	7
4161	6
4162	6
4163	5
4164	2
4165	8
4166	9
4167	8
4168	2
4169	7
4170	9
4171	3
4172	6
4173	1
4174	4
4175	7
4176	6
4177	5
4178	9
4179	9
4180	2
4181	2
4182	6
4183	2
4184	6
4185	2
4186	3
4187	4
4188	3
4189	5
4190	9
4191	6
4192	6
4193	3
4194	1
4195	1
4196	4
4197	6
4198	10
4199	5
4200	5
4201	6
4202	5
4203	3
4204	4
4205	9
4206	4
4207	2
4208	5
4209	4
4210	5
4211	5
4212	6
4213	6
4214	7
4215	5
4216	5
4217	7
4218	6
4219	2
4220	4
4221	2
4222	5
4223	3
4224	10
4225	1
4226	8
4227	4
4228	3
4229	3
4230	8
4231	6
4232	8
4233	1
4234	2
4235	2
4236	5
4237	4
4238	3
4239	5
4240	4
4241	3
4242	6
4243	7
4244	8
4245	5
4246	9
4247	5
4248	5
4249	7
4250	5
4251	7
4252	6
4253	3
4254	5
4255	2
4256	2
4257	5
4258	5
4259	5
4260	5
4261	8
4262	9
4263	5
4264	4
4265	6
4266	3
4267	6
4268	6
4269	7
4270	6
4271	7
4272	3
4273	2
4274	4
4275	7
4276	3
4277	7
4278	5
4279	4
4280	1
4281	5
4282	3
4283	3
4284	5
4285	2
4286	4
4287	5
4288	2
4289	3
4290	2
4291	2
4292	5
4293	4
4294	3
4295	2
4296	2
4297	3
4298	6
4299	3
4300	4
4301	6
4302	5
4303	7
4304	2
4305	5
4306	4
4307	5
4308	4
4309	11
4310	2
4311	3
4312	8
4313	4
4314	3
4315	4
4316	4
4317	3
4318	2
4319	7
4320	5
4321	3
4322	2
4323	6
4324	3
4325	6
4326	8
4327	4
4328	3
4329	5
4330	4
4331	5
4332	5
4333	6
4334	1
4335	7
4336	6
4337	4
4338	5
4339	4
4340	5
4341	7
4342	6
4343	7
4344	2
4345	8
4346	3
4347	3
4348	5
4349	5
4350	8
4351	3
4352	3
4353	8
4354	4
4355	5
4356	7
4357	5
4358	5
4359	7
4360	3
4361	3
4362	3
4363	8
4364	4
4365	4
4366	4
4367	5
4368	2
4369	8
4370	6
4371	7
4372	5
4373	7
4374	3
4375	4
4376	3
4377	6
4378	3
4379	7
4380	7
4381	4
4382	5
4383	1
4384	8
4385	8
4386	4
4387	10
4388	5
4389	6
4390	5
4391	4
4392	5
4393	8
4394	4
4395	4
4396	2
4397	7
4398	6
4399	6
4400	5
4401	5
4402	1
4403	4
4404	2
4405	6
4406	4
4407	3
4408	5
4409	3
4410	3
4411	6
4412	4
4413	4
4414	2
4415	4
4416	4
4417	7
4418	8
4419	5
4420	4
4421	4
4422	4
4423	2
4424	7
4425	2
4426	6
4427	9
4428	3
4429	5
4430	11
4431	3
4432	4
4433	7
4434	1
4435	6
4436	4
4437	2
4438	4
4439	6
4440	6
4441	2
4442	2
4443	6
4444	8
4445	3
4446	4
4447	3
4448	6
4449	7
4450	6
4451	3
4452	4
4453	6
4454	5
4455	2
4456	1
4457	7
4458	7
4459	6
4460	6
4461	4
4462	3
4463	6
4464	3
4465	5
4466	3
4467	7
4468	6
4469	6
4470	2
4471	7
4472	5
4473	6
4474	4
4475	4
4476	6
4477	6
4478	2
4479	6
4480	3
4481	7
4482	5
4483	7
4484	3
4485	7
4486	6
4487	3
4488	3
4489	10
4490	5
4491	8
4492	6
4493	3
4494	3
4495	9
4496	5
4497	6
4498	6
4499	6
4500	5
4501	6
4502	5
4503	6
4504	7
4505	5
4506	4
4507	5
4508	3
4509	7
4510	4
4511	1
4512	8
4513	3
4514	7
4515	2
4516	10
4517	0
4518	2
4519	7
4520	1
4521	5
4522	6
4523	3
4524	5
4525	3
4526	8
4527	8
4528	5
4529	5
4530	5
4531	10
4532	4
4533	5
4534	4
4535	7
4536	9
4537	7
4538	6
4539	6
4540	4
4541	9
4542	6
4543	6
4544	4
4545	1
4546	5
4547	6
4548	7
4549	0
4550	5
4551	7
4552	3
4553	4
4554	6
4555	9
4556	5
4557	10
4558	7
4559	3
4560	7
4561	6
4562	6
4563	4
4564	6
4565	9
4566	4
4567	3
4568	4
4569	7
4570	4
4571	2
4572	4
4573	4
4574	6
4575	5
4576	4
4577	5
4578	3
4579	4
4580	8
4581	7
4582	9
4583	5
4584	6
4585	5
4586	5
4587	4
4588	8
4589	5
4590	5
4591	4
4592	6
4593	3
4594	5
4595	4
4596	7
4597	10
4598	3
4599	7
4600	7
4601	5
4602	7
4603	8
4604	3
4605	7
4606	7
4607	5
4608	7
4609	3
4610	2
4611	9
4612	8
4613	8
4614	8
4615	4
4616	2
4617	8
4618	6
4619	7
4620	6
4621	7
4622	3
4623	4
4624	6
4625	6
4626	4
4627	9
4628	10
4629	9
4630	5
4631	8
4632	7
4633	1
4634	6
4635	7
4636	7
4637	9
4638	5
4639	8
4640	4
4641	5
4642	4
4643	8
4644	3
4645	10
4646	4
4647	9
4648	0
4649	6
4650	3
4651	4
4652	3
4653	8
4654	6
4655	4
4656	4
4657	5
4658	11
4659	4
4660	6
4661	8
4662	3
4663	6
4664	4
4665	7
4666	4
4667	9
4668	3
4669	7
4670	4
4671	5
4672	2
4673	4
4674	7
4675	6
4676	7
4677	4
4678	9
4679	1
4680	4
4681	7
4682	2
4683	2
4684	5
4685	4
4686	6
4687	5
4688	2
4689	6
4690	4
4691	10
4692	10
4693	5
4694	7
4695	5
4696	3
4697	2
4698	10
4699	2
4700	4
4701	4
4702	6
4703	10
4704	6
4705	8
4706	2
4707	3
4708	9
4709	6
4710	3
4711	4
4712	6
4713	3
4714	4
4715	3
4716	4
4717	8
4718	9
4719	6
4720	8
4721	3
4722	2
4723	8
4724	3
4725	5
4726	4
4727	4
4728	5
4729	5
4730	8
4731	4
4732	7
4733	5
4734	9
4735	2
4736	4
4737	4
4738	4
4739	10
4740	4
4741	4
4742	10
4743	6
4744	7
4745	4
4746	2
4747	7
4748	6
4749	7
4750	6
4751	6
4752	2
4753	7
4754	7
4755	5
4756	8
4757	4
4758	4
4759	9
4760	5
4761	9
4762	4
4763	5
4764	4
4765	5
4766	2
4767	4
4768	4
4769	5
4770	10
4771	6
4772	4
4773	4
4774	4
4775	6
4776	5
4777	7
4778	8
4779	6
4780	6
4781	6
4782	2
4783	4
4784	8
4785	4
4786	5
4787	4
4788	4
4789	7
4790	9
4791	5
4792	6
4793	6
4794	4
4795	4
4796	7
4797	7
4798	3
4799	4
4800	2
4801	8
4802	3
4803	8
4804	8
4805	1
4806	4
4807	5
4808	3
4809	3
4810	3
4811	5
4812	6
4813	2
4814	2
4815	3
4816	9
4817	7
4818	5
4819	4
4820	5
4821	8
4822	3
4823	5
4824	4
4825	10
4826	7
4827	4
4828	9
4829	7
4830	4
4831	3
4832	0
4833	4
4834	2
4835	2
4836	4
4837	8
4838	3
4839	3
4840	4
4841	2
4842	6
4843	2
4844	3
4845	1
4846	2
4847	1
4848	5
4849	7
4850	4
4851	5
4852	2
4853	5
4854	2
4855	4
4856	5
4857	1
4858	2
4859	4
4860	7
4861	2
4862	3
4863	3
4864	2
4865	6
4866	1
4867	6
4868	1
4869	5
4870	3
4871	1
4872	5
4873	2
4874	4
4875	2
4876	4
4877	4
4878	2
4879	4
4880	0
4881	1
4882	3
4883	2
4884	2
4885	1
4886	1
4887	2
4888	10
4889	0
4890	4
4891	2
4892	5
4893	5
4894	4
4895	1
4896	4
4897	4
4898	2
4899	0
4900	3
4901	1
4902	6
4903	3
4904	3
4905	2
4906	3
4907	4
4908	1
4909	2
4910	2
4911	3
4912	4
4913	9
4914	1
4915	1
4916	1
4917	2
4918	1
4919	3
4920	1
4921	5
4922	2
4923	1
4924	4
4925	2
4926	4
4927	4
4928	0
4929	3
4930	0
4931	3
4932	2
4933	3
4934	2
4935	2
4936	0
4937	3
4938	1
4939	2
4940	1
4941	0
4942	1
4943	3
4944	0
4945	0
4946	2
4947	2
4948	2
4949	3
4950	3
4951	3
4952	3
4953	2
4954	2
4955	0
4956	1
4957	4
4958	3
4959	1
4960	1
4961	3
4962	1
4963	1
4964	2
4965	0
4966	0
4967	1
4968	0
4969	3
4970	4
4971	2
4972	0
4973	3
4974	2
4975	1
4976	1
4977	2
4978	4
4979	0
4980	3
4981	3
4982	0
4983	1
4984	1
4985	0
4986	1
4987	1
4988	3
4989	1
4990	1
4991	1
4992	2
4993	2
4994	0
4995	1
4996	1
4997	1
4998	2
4999	2
5000	2
5001	2
5002	0
5003	2
5004	2
5005	1
5006	0
5007	0
5008	1
5009	1
5010	3
5011	1
5012	1
5013	0
5014	2
5015	1
5016	4
5017	0
5018	1
5019	1
5020	1
5021	2
5022	2
5023	0
5024	0
5025	1
5026	0
5027	0
5028	0
5029	0
5030	0
5031	0
5032	0
5033	1
5034	2
5035	1
5036	2
5037	1
5038	0
5039	1
5040	2
5041	0
5042	0
5043	1
5044	0
5045	0
5046	0
5047	1
5048	1
5049	1
5050	0
5051	1
5052	4
5053	0
5054	2
5055	1
5056	0
5057	2
5058	0
5059	1
5060	0
5061	0
5062	0
5063	3
5064	0
5065	0
5066	2
5067	3
5068	1
5069	2
5070	0
5071	0
5072	0
5073	0
5074	1
5075	1
5076	0
5077	2
5078	1
5079	0
5080	2
5081	0
5082	0
5083	0
5084	0
5085	0
5086	0
5087	0
5088	0
5089	1
5090	0
5091	1
5092	0
5093	0
5094	1
5095	0
5096	0
5097	1
5098	0
5099	0
5100	1
5101	0
5102	0
5103	0
5104	1
5105	2
5106	1
5107	1
5108	1
5109	1
5110	2
5111	1
5112	0
5113	0
5114	1
5115	0
5116	2
5117	1
5118	0
5119	0
5120	2
5121	0
5122	2
5123	1
5124	1
5125	0
5126	0
5127	0
5128	1
5129	2
5130	0
5131	2
5132	1
5133	1
5134	0
5135	0
5136	0
5137	0
5138	0
5139	1
5140	1
5141	1
5142	0
5143	1
5144	1
5145	1
5146	1
5147	0
5148	1
5149	0
5150	1
5151	0
5152	0
5153	0
5154	0
5155	0
5156	0
5157	0
5158	0
5159	0
5160	1
5161	1
5162	1
5163	2
5164	0
5165	1
5166	0
5167	0
5168	1
5169	0
5170	0
5171	2
5172	0
5173	0
5174	1
5175	1
5176	0
5177	0
5178	1
5179	0
5180	1
5181	0
5182	0
5183	0
5184	0
5185	2
5186	0
5187	2
5188	1
5189	0
5190	0
5191	0
5192	1
5193	1
5194	0
5195	1
5196	1
5197	0
5198	1
5199	0
5200	0
5201	1
5202	0
5203	2
5204	2
5205	1
5206	1
5207	0
5208	0
5209	1
5210	1
5211	1
5212	2
5213	1
5214	0
5215	0
5216	0
5217	1
5218	4
5219	0
5220	1
5221	0
5222	0
5223	0
5224	0
5225	0
5226	2
5227	0
5228	0
5229	1
5230	0
5231	0
5232	0
5233	1
5234	1
5235	0
5236	0
5237	0
5238	1
5239	1
5240	0
5241	2
5242	0
5243	1
5244	0
5245	0
5246	0
5247	1
5248	0
5249	0
5250	1
5251	1
5252	2
5253	0
5254	1
5255	1
5256	2
5257	1
5258	0
5259	1
5260	0
5261	1
5262	0
5263	1
5264	1
5265	0
5266	1
5267	1
5268	0
5269	3
5270	1
5271	1
5272	0
5273	1
5274	3
5275	0
5276	0
5277	1
5278	2
5279	0
5280	0
5281	2
5282	0
5283	0
5284	1
5285	0
5286	2
5287	1
5288	1
5289	1
5290	0
5291	1
5292	1
5293	1
5294	1
5295	0
5296	0
5297	1
5298	0
5299	0
5300	1
5301	1
5302	1
5303	1
5304	0
5305	0
5306	0
5307	1
5308	1
5309	0
5310	4
5311	1
5312	0
5313	1
5314	0
5315	1
5316	0
5317	2
5318	0
5319	1
5320	0
5321	1
5322	0
5323	2
5324	1
5325	0
5326	1
5327	0
5328	0
5329	3
5330	0
5331	0
5332	1
5333	0
5334	1
5335	1
5336	0
5337	4
5338	0
5339	1
5340	1
5341	0
5342	2
5343	2
5344	2
5345	0
5346	0
5347	0
5348	0
5349	0
5350	2
5351	0
5352	2
5353	3
5354	1
5355	3
5356	0
5357	0
5358	0
5359	2
5360	1
5361	0
5362	1
5363	1
5364	1
5365	1
5366	0
5367	0
5368	1
5369	1
5370	1
5371	1
5372	0
5373	3
5374	0
5375	0
5376	0
5377	0
5378	1
5379	0
5380	0
5381	2
5382	0
5383	0
5384	1
5385	2
5386	1
5387	0
5388	0
5389	0
5390	1
5391	0
5392	1
5393	1
5394	1
5395	0
5396	1
5397	1
5398	1
5399	2
5400	0
5401	0
5402	2
5403	1
5404	1
5405	0
5406	0
5407	0
5408	1
5409	1
5410	0
5411	1
5412	0
5413	2
5414	0
5415	0
5416	0
5417	0
5418	0
5419	0
5420	0
5421	1
5422	1
5423	0
5424	0
5425	1
5426	2
5427	0
5428	2
5429	1
5430	0
5431	0
5432	0
5433	0
5434	1
5435	2
5436	1
5437	0
5438	2
5439	1
5440	0
5441	0
5442	0
5443	1
5444	1
5445	1
5446	0
5447	1
5448	1
5449	0
5450	0
5451	0
5452	0
5453	2
5454	0
5455	2
5456	0
5457	1
5458	1
5459	2
5460	1
5461	1
5462	1
5463	1
5464	1
5465	0
5466	1
5467	1
5468	0
5469	1
5470	0
5471	0
5472	0
5473	0
5474	2
5475	1
5476	1
5477	1
5478	0
5479	0
5480	0
5481	0
5482	1
5483	2
5484	0
5485	1
5486	1
5487	0
5488	0
5489	1
5490	1
5491	0
5492	1
5493	1
5494	1
5495	0
5496	0
5497	1
5498	0
5499	1
5500	1
5501	1
5502	0
5503	0
5504	1
5505	1
5506	2
5507	1
5508	0
5509	0
5510	2
5511	0
5512	0
5513	1
5514	2
5515	1
5516	0
5517	0
5518	1
5519	1
5520	0
5521	0
5522	1
5523	2
5524	1
5525	0
5526	1
5527	0
5528	3
5529	0
5530	0
5531	1
5532	0
5533	0
5534	0
5535	0
5536	0
5537	2
5538	0
5539	0
5540	0
5541	0
5542	0
5543	2
5544	0
5545	1
5546	0
5547	1
5548	0
5549	2
5550	0
5551	0
5552	0
5553	2
5554	0
5555	1
5556	0
5557	0
5558	1
5559	0
5560	2
5561	2
5562	1
5563	0
5564	1
5565	2
5566	0
5567	0
5568	0
5569	4
5570	3
5571	0
5572	0
5573	0
5574	0
5575	1
5576	0
5577	1
5578	0
5579	0
5580	0
5581	0
5582	1
5583	1
5584	0
5585	2
5586	0
5587	1
5588	1
5589	1
5590	0
5591	0
5592	1
5593	2
5594	1
5595	1
5596	0
5597	0
5598	0
5599	1
5600	1
5601	1
5602	0
5603	0
5604	0
5605	1
5606	2
5607	0
5608	2
5609	0
5610	0
5611	1
5612	0
5613	2
5614	2
5615	0
5616	2
5617	0
5618	1
5619	0
5620	2
5621	0
5622	0
5623	2
5624	0
5625	0
5626	0
5627	0
5628	1
5629	1
5630	1
5631	1
5632	1
5633	1
5634	0
5635	0
5636	0
5637	1
5638	1
5639	1
5640	0
5641	0
5642	1
5643	1
5644	1
5645	0
5646	1
5647	1
5648	0
5649	0
5650	2
5651	0
5652	2
5653	0
5654	1
5655	1
5656	1
5657	0
5658	2
5659	0
5660	0
5661	0
5662	0
5663	0
5664	0
5665	1
5666	1
5667	2
5668	0
5669	0
5670	1
5671	0
5672	0
5673	0
5674	0
5675	2
5676	0
5677	0
5678	0
5679	0
5680	0
5681	0
5682	2
5683	0
5684	1
5685	1
5686	1
5687	1
5688	0
5689	2
5690	0
5691	0
5692	0
5693	0
5694	0
5695	0
5696	0
5697	0
5698	1
5699	1
5700	0
5701	0
5702	0
5703	1
5704	1
5705	0
5706	2
5707	0
5708	0
5709	0
5710	1
5711	0
5712	1
5713	3
5714	1
5715	2
5716	0
5717	0
5718	0
5719	1
5720	1
5721	0
5722	2
5723	0
5724	0
5725	0
5726	1
5727	0
5728	0
5729	0
5730	0
5731	0
5732	0
5733	1
5734	1
5735	0
5736	0
5737	0
5738	0
5739	1
5740	0
5741	0
5742	0
5743	0
5744	0
5745	1
5746	1
5747	0
5748	0
5749	2
5750	0
5751	1
5752	0
5753	0
5754	0
5755	1
5756	0
5757	1
5758	0
5759	1
5760	0
5761	0
5762	0
5763	1
5764	0
5765	1
5766	0
5767	1
5768	0
5769	1
5770	0
5771	0
5772	1
5773	0
5774	0
5775	1
5776	1
5777	0
5778	1
5779	1
5780	0
5781	1
5782	0
5783	0
5784	0
5785	0
5786	0
5787	0
5788	0
5789	2
5790	0
5791	0
5792	1
5793	0
5794	0
5795	0
5796	0
5797	1
5798	0
5799	0
5800	2
5801	0
5802	0
5803	1
5804	0
5805	1
5806	2
5807	0
5808	1
5809	0
5810	0
5811	2
5812	1
5813	1
5814	2
5815	1
5816	1
5817	0
5818	1
5819	0
5820	1
5821	1
5822	0
5823	1
5824	0
5825	0
5826	0
5827	2
5828	1
5829	0
5830	0
5831	0
5832	1
5833	1
5834	2
5835	1
5836	0
5837	0
5838	0
5839	0
5840	1
5841	0
5842	0
5843	1
5844	0
5845	1
5846	0
5847	0
5848	1
5849	0
5850	0
5851	1
5852	0
5853	0
5854	0
5855	1
5856	0
5857	0
5858	0
5859	0
5860	1
5861	0
5862	0
5863	1
5864	0
5865	0
5866	1
5867	0
5868	0
5869	0
5870	0
5871	0
5872	0
5873	0
5874	0
5875	0
5876	0
5877	1
5878	1
5879	1
5880	0
5881	0
5882	1
5883	0
5884	0
5885	0
5886	0
5887	0
5888	1
5889	0
5890	1
5891	0
5892	0
5893	0
5894	0
5895	0
5896	1
5897	2
5898	0
5899	3
5900	0
5901	1
5902	0
5903	1
5904	0
5905	0
5906	0
5907	0
5908	0
5909	1
5910	1
5911	0
5912	1
5913	2
5914	0
5915	0
5916	1
5917	0
5918	0
5919	1
5920	1
5921	2
5922	0
5923	2
5924	0
5925	0
5926	0
5927	2
5928	1
5929	0
5930	0
5931	0
5932	0
5933	0
5934	0
5935	0
5936	1
5937	0
5938	1
5939	0
5940	0
5941	0
5942	0
5943	0
5944	0
5945	0
5946	1
5947	0
5948	0
5949	0
5950	0
5951	0
5952	0
5953	0
5954	1
5955	2
5956	1
5957	1
5958	1
5959	1
5960	1
5961	0
5962	0
5963	1
5964	0
5965	0
5966	0
5967	0
5968	1
5969	0
5970	0
5971	0
5972	0
5973	2
5974	0
5975	0
5976	0
5977	0
5978	1
5979	2
5980	0
5981	0
5982	1
5983	0
5984	0
5985	0
5986	1
5987	0
5988	0
5989	1
5990	0
5991	0
5992	0
5993	0
5994	0
5995	0
5996	1
5997	2
5998	1
5999	1
6000	0
6001	0
6002	0
6003	0
6004	0
6005	1
6006	0
6007	0
6008	0
6009	1
6010	0
6011	0
6012	0
6013	0
6014	0
6015	2
6016	1
6017	0
6018	0
6019	2
6020	0
6021	0
6022	0
6023	0
6024	1
6025	0
6026	0
6027	1
6028	0
6029	0
6030	0
6031	0
6032	0
6033	0
6034	0
6035	0
6036	1
6037	0
6038	0
6039	0
6040	0
6041	1
6042	1
6043	0
6044	1
6045	1
6046	0
6047	0
6048	0
6049	2
6050	1
6051	1
6052	0
6053	1
6054	1
6055	1
6056	0
6057	0
6058	0
6059	0
6060	2
6061	0
6062	1
6063	0
6064	0
6065	3
6066	0
6067	1
6068	0
6069	0
6070	0
6071	0
6072	0
6073	0
6074	1
6075	0
6076	0
6077	1
6078	0
6079	0
6080	0
6081	0
6082	1
6083	0
6084	3
6085	0
6086	1
6087	0
6088	1
6089	1
6090	1
6091	1
6092	0
6093	0
6094	0
6095	0
6096	0
6097	0
6098	1
6099	0
6100	2
6101	0
6102	2
6103	1
6104	1
6105	0
6106	0
6107	0
6108	0
6109	1
6110	1
6111	0
6112	0
6113	0
6114	0
6115	1
6116	1
6117	1
6118	2
6119	0
6120	2
6121	1
6122	0
6123	2
6124	0
6125	0
6126	0
6127	1
6128	0
6129	2
6130	1
6131	3
6132	1
6133	0
6134	1
6135	1
6136	0
6137	1
6138	0
6139	0
6140	0
6141	0
6142	0
6143	0
6144	2
6145	0
6146	0
6147	1
6148	0
6149	1
6150	0
6151	1
6152	0
6153	0
6154	1
6155	0
6156	3
6157	0
6158	0
6159	0
6160	1
6161	0
6162	0
6163	1
6164	0
6165	1
6166	2
6167	1
6168	0
6169	1
6170	0
6171	0
6172	1
6173	1
6174	0
6175	1
6176	0
6177	0
6178	1
6179	0
6180	1
6181	1
6182	0
6183	1
6184	2
6185	1
6186	0
6187	0
6188	1
6189	1
6190	1
6191	1
6192	0
6193	0
6194	0
6195	1
6196	0
6197	0
6198	0
6199	0
6200	0
6201	0
6202	1
6203	0
6204	1
6205	0
6206	2
6207	1
6208	0
6209	0
6210	0
6211	0
6212	0
6213	1
6214	1
6215	0
6216	0
6217	0
6218	0
6219	0
6220	0
6221	0
6222	0
6223	0
6224	0
6225	0
6226	0
6227	0
6228	0
6229	0
6230	0
6231	0
6232	0
6233	1
6234	0
6235	0
6236	0
6237	0
6238	0
6239	1
6240	0
6241	1
6242	2
6243	0
6244	0
6245	0
6246	0
6247	0
6248	0
6249	0
6250	1
6251	2
6252	0
6253	0
6254	0
6255	0
6256	1
6257	0
6258	0
6259	0
6260	2
6261	0
6262	0
6263	0
6264	1
6265	1
6266	0
6267	0
6268	2
6269	3
6270	2
6271	0
6272	1
6273	0
6274	0
6275	0
6276	0
6277	1
6278	0
6279	0
6280	1
6281	1
6282	0
6283	0
6284	1
6285	0
6286	0
6287	3
6288	1
6289	0
6290	1
6291	0
6292	0
6293	0
6294	0
6295	1
6296	0
6297	1
6298	0
6299	1
6300	0
6301	0
6302	0
6303	1
6304	0
6305	0
6306	0
6307	0
6308	1
6309	1
6310	0
6311	1
6312	0
6313	0
6314	2
6315	0
6316	0
6317	1
6318	0
6319	1
6320	0
6321	0
6322	0
6323	1
6324	1
6325	1
6326	1
6327	1
6328	0
6329	0
6330	0
6331	0
6332	0
6333	0
6334	0
6335	0
6336	0
6337	0
6338	0
6339	0
6340	0
6341	1
6342	0
6343	0
6344	3
6345	0
6346	0
6347	1
6348	1
6349	1
6350	0
6351	1
6352	1
6353	1
6354	0
6355	2
6356	1
6357	0
6358	0
6359	1
6360	1
6361	0
6362	1
6363	0
6364	0
6365	0
6366	0
6367	0
6368	0
6369	1
6370	0
6371	0
6372	1
6373	2
6374	1
6375	0
6376	2
6377	1
6378	2
6379	1
6380	1
6381	1
6382	0
6383	1
6384	0
6385	0
6386	0
6387	1
6388	0
6389	0
6390	0
6391	0
6392	0
6393	1
6394	1
6395	0
6396	0
6397	1
6398	2
6399	1
6400	0
6401	0
6402	1
6403	0
6404	1
6405	1
6406	0
6407	0
6408	0
6409	1
6410	0
6411	2
6412	0
6413	1
6414	1
6415	0
6416	0
6417	1
6418	0
6419	1
6420	0
6421	1
6422	0
6423	0
6424	0
6425	0
6426	0
6427	0
6428	0
6429	0
6430	0
6431	1
6432	0
6433	0
6434	1
6435	0
6436	4
6437	1
6438	2
6439	0
6440	1
6441	1
6442	1
6443	1
6444	0
6445	0
6446	0
6447	1
6448	0
6449	2
6450	0
6451	1
6452	0
6453	0
6454	0
6455	0
6456	0
6457	0
6458	0
6459	1
6460	0
6461	0
6462	1
6463	1
6464	0
6465	1
6466	1
6467	1
6468	0
6469	0
6470	1
6471	1
6472	1
6473	0
6474	0
6475	0
6476	0
6477	0
6478	1
6479	0
6480	0
6481	0
6482	0
6483	0
6484	0
6485	2
6486	0
6487	1
6488	0
6489	0
6490	0
6491	0
6492	1
6493	0
6494	1
6495	0
6496	1
6497	0
6498	1
6499	0
6500	0
6501	0
6502	1
6503	1
6504	1
6505	0
6506	0
6507	0
6508	1
6509	2
6510	0
6511	2
6512	1
6513	0
6514	1
6515	0
6516	1
6517	1
6518	0
6519	0
6520	1
6521	1
6522	0
6523	1
6524	0
6525	2
6526	0
6527	0
6528	0
6529	1
6530	0
6531	0
6532	0
6533	1
6534	0
6535	1
6536	0
6537	0
6538	1
6539	0
6540	2
6541	1
6542	0
6543	0
6544	1
6545	0
6546	0
6547	0
6548	0
6549	2
6550	1
6551	1
6552	0
6553	0
6554	0
6555	0
6556	2
6557	1
6558	0
6559	1
6560	3
6561	2
6562	1
6563	0
6564	0
6565	1
6566	0
6567	1
6568	1
6569	0
6570	0
6571	0
6572	1
6573	1
6574	0
6575	0
6576	1
6577	0
6578	0
6579	0
6580	0
6581	0
6582	0
6583	0
6584	1
6585	0
6586	0
6587	1
6588	1
6589	0
6590	1
6591	0
6592	0
6593	0
6594	1
6595	0
6596	1
6597	0
6598	2
6599	0
6600	1
6601	1
6602	0
6603	0
6604	0
6605	0
6606	0
6607	0
6608	0
6609	0
6610	0
6611	2
6612	0
6613	1
6614	0
6615	0
6616	0
6617	0
6618	2
6619	1
6620	1
6621	1
6622	0
6623	0
6624	1
6625	1
6626	0
6627	0
6628	0
6629	0
6630	0
6631	0
6632	1
6633	0
6634	0
6635	0
6636	0
6637	1
6638	1
6639	0
6640	0
6641	0
6642	2
6643	1
6644	0
6645	0
6646	1
6647	0
6648	1
6649	0
6650	0
6651	1
6652	0
6653	1
6654	1
6655	0
6656	0
6657	0
6658	1
6659	0
6660	1
6661	1
6662	0
6663	0
6664	0
6665	1
6666	1
6667	0
6668	1
6669	0
6670	0
6671	0
6672	0
6673	0
6674	1
6675	1
6676	0
6677	0
6678	0
6679	2
6680	1
6681	1
6682	1
6683	2
6684	1
6685	0
6686	1
6687	0
6688	0
6689	1
6690	0
6691	0
6692	1
6693	0
6694	2
6695	0
6696	0
6697	1
6698	0
6699	0
6700	0
6701	1
6702	1
6703	0
6704	0
6705	2
6706	1
6707	0
6708	0
6709	1
6710	0
6711	1
6712	0
6713	2
6714	1
6715	2
6716	1
6717	1
6718	0
6719	1
6720	1
6721	2
6722	1
6723	1
6724	1
6725	1
6726	0
6727	0
6728	1
6729	4
6730	2
6731	0
6732	1
6733	0
6734	0
6735	1
6736	0
6737	1
6738	0
6739	2
6740	1
6741	0
6742	1
6743	0
6744	0
6745	0
6746	1
6747	0
6748	1
6749	0
6750	0
6751	0
6752	0
6753	0
6754	0
6755	0
6756	0
6757	1
6758	1
6759	1
6760	0
6761	1
6762	1
6763	1
6764	0
6765	2
6766	1
6767	0
6768	1
6769	1
6770	1
6771	2
6772	2
6773	0
6774	1
6775	0
6776	1
6777	1
6778	0
6779	0
6780	1
6781	0
6782	0
6783	0
6784	1
6785	2
6786	0
6787	0
6788	1
6789	1
6790	0
6791	0
6792	1
6793	3
6794	0
6795	0
6796	0
6797	1
6798	0
6799	1
6800	1
6801	0
6802	2
6803	0
6804	0
6805	1
6806	0
6807	0
6808	1
6809	1
6810	0
6811	0
6812	1
6813	0
6814	1
6815	0
6816	0
6817	1
6818	0
6819	3
6820	1
6821	0
6822	0
6823	0
6824	0
6825	1
6826	1
6827	1
6828	0
6829	0
6830	1
6831	1
6832	4
6833	0
6834	1
6835	0
6836	1
6837	0
6838	0
6839	0
6840	2
6841	0
6842	0
6843	0
6844	0
6845	1
6846	1
6847	0
6848	1
6849	1
6850	2
6851	0
6852	0
6853	0
6854	0
6855	0
6856	0
6857	1
6858	1
6859	0
6860	0
6861	0
6862	1
6863	0
6864	3
6865	0
6866	1
6867	1
6868	2
6869	0
6870	1
6871	0
6872	0
6873	0
6874	1
6875	0
6876	0
6877	0
6878	0
6879	1
6880	0
6881	0
6882	0
6883	1
6884	0
6885	0
6886	1
6887	0
6888	1
6889	0
6890	1
6891	1
6892	1
6893	1
6894	1
6895	0
6896	2
6897	2
6898	1
6899	1
6900	1
6901	0
6902	0
6903	0
6904	0
6905	1
6906	0
6907	0
6908	1
6909	0
6910	0
6911	1
6912	0
6913	0
6914	0
6915	0
6916	0
6917	0
6918	0
6919	0
6920	1
6921	0
6922	0
6923	0
6924	0
6925	1
6926	0
6927	0
6928	0
6929	1
6930	0
6931	0
6932	0
6933	0
6934	0
6935	0
6936	0
6937	1
6938	1
6939	0
6940	0
6941	0
6942	0
6943	1
6944	0
6945	1
6946	0
6947	0
6948	1
6949	0
6950	0
6951	1
6952	0
6953	1
6954	0
6955	0
6956	0
6957	0
6958	0
6959	0
6960	0
6961	0
6962	0
6963	0
6964	1
6965	1
6966	1
6967	0
6968	1
6969	0
6970	0
6971	0
6972	0
6973	1
6974	1
6975	0
6976	0
6977	0
6978	2
6979	2
6980	0
6981	1
6982	2
6983	0
6984	0
6985	0
6986	1
6987	1
6988	2
6989	0
6990	0
6991	0
6992	0
6993	2
6994	1
6995	0
6996	0
6997	0
6998	0
6999	1
7000	0
7001	0
7002	0
7003	1
7004	0
7005	2
7006	2
7007	0
7008	0
7009	1
7010	1
7011	0
7012	0
7013	0
7014	0
7015	0
7016	1
7017	0
7018	1
7019	0
7020	0
7021	0
7022	0
7023	0
7024	0
7025	3
7026	0
7027	0
7028	0
7029	1
7030	0
7031	1
7032	1
7033	0
7034	0
7035	1
7036	0
7037	0
7038	0
7039	0
7040	0
7041	1
7042	0
7043	1
7044	0
7045	0
7046	1
7047	0
7048	0
7049	0
7050	2
7051	0
7052	0
7053	0
7054	1
7055	0
7056	0
7057	1
7058	1
7059	0
7060	1
7061	0
7062	0
7063	0
7064	0
7065	2
7066	0
7067	0
7068	1
7069	0
7070	0
7071	0
7072	0
7073	1
7074	1
7075	0
7076	0
7077	0
7078	0
7079	0
7080	0
7081	0
7082	2
7083	1
7084	2
7085	2
7086	1
7087	0
7088	0
7089	2
7090	0
7091	0
7092	0
7093	0
7094	0
7095	0
7096	0
7097	2
7098	0
7099	1
7100	2
7101	1
7102	1
7103	2
7104	0
7105	1
7106	0
7107	2
7108	0
7109	0
7110	0
7111	1
7112	0
7113	0
7114	0
7115	0
7116	0
7117	1
7118	1
7119	1
7120	0
7121	0
7122	0
7123	0
7124	0
7125	0
7126	0
7127	0
7128	1
7129	0
7130	0
7131	1
7132	0
7133	0
7134	0
7135	0
7136	0
7137	2
7138	0
7139	0
7140	0
7141	0
7142	0
7143	0
7144	0
7145	0
7146	1
7147	0
7148	1
7149	1
7150	1
7151	0
7152	1
7153	0
7154	0
7155	0
7156	0
7157	0
7158	0
7159	0
7160	1
7161	0
7162	0
7163	1
7164	0
7165	0
7166	1
7167	1
7168	0
7169	0
7170	0
7171	0
7172	0
7173	0
7174	0
7175	2
7176	0
7177	0
7178	0
7179	2
7180	0
7181	0
7182	0
7183	0
7184	0
7185	0
7186	0
7187	0
7188	0
7189	0
7190	1
7191	0
7192	1
7193	0
7194	2
7195	0
7196	0
7197	0
7198	0
7199	0
7200	1
7201	0
7202	0
7203	0
7204	0
7205	1
7206	1
7207	0
7208	0
7209	0
7210	0
7211	1
7212	0
7213	0
7214	0
7215	0
7216	1
7217	0
7218	1
7219	0
7220	0
7221	0
7222	1
7223	0
7224	0
7225	1
7226	0
7227	1
7228	0
7229	2
7230	1
7231	0
7232	2
7233	1
7234	0
7235	1
7236	1
7237	1
7238	1
7239	0
7240	0
7241	0
7242	0
7243	0
7244	0
7245	0
7246	0
7247	0
7248	0
7249	2
7250	0
7251	0
7252	0
7253	0
7254	0
7255	0
7256	0
7257	0
7258	0
7259	0
7260	0
7261	2
7262	1
7263	0
7264	3
7265	0
7266	1
7267	2
7268	0
7269	0
7270	1
7271	0
7272	0
7273	0
7274	0
7275	2
7276	0
7277	0
7278	0
7279	0
7280	0
7281	0
7282	1
7283	0
7284	1
7285	1
7286	0
7287	1
7288	0
7289	3
7290	0
7291	0
7292	1
7293	2
7294	0
7295	0
7296	0
7297	0
7298	0
7299	0
7300	1
7301	0
7302	0
7303	0
7304	0
7305	0
7306	0
7307	0
7308	1
7309	0
7310	0
7311	0
7312	0
7313	0
7314	0
7315	0
7316	0
7317	0
7318	0
7319	0
7320	1
7321	0
7322	0
7323	0
7324	1
7325	0
7326	0
7327	0
7328	0
7329	0
7330	1
7331	0
7332	0
7333	0
7334	0
7335	0
7336	1
7337	0
7338	0
7339	1
7340	0
7341	1
7342	0
7343	0
7344	1
7345	0
7346	0
7347	0
7348	1
7349	0
7350	0
7351	1
7352	0
7353	0
7354	0
7355	0
7356	0
7357	3
7358	0
7359	0
7360	0
7361	0
7362	1
7363	0
7364	0
7365	0
7366	0
7367	0
7368	1
7369	0
7370	0
7371	0
7372	2
7373	0
7374	0
7375	2
7376	0
7377	0
7378	0
7379	0
7380	1
7381	0
7382	2
7383	0
7384	0
7385	0
7386	0
7387	0
7388	0
7389	0
7390	0
7391	1
7392	0
7393	0
7394	1
7395	2
7396	0
7397	1
7398	0
7399	0
7400	0
7401	0
7402	1
7403	1
7404	1
7405	0
7406	0
7407	0
7408	0
7409	0
7410	0
7411	1
7412	0
7413	1
7414	1
7415	1
7416	0
7417	0
7418	0
7419	0
7420	0
7421	0
7422	0
7423	0
7424	0
7425	2
7426	0
7427	0
7428	0
7429	1
7430	0
7431	0
7432	0
7433	0
7434	0
7435	0
7436	0
7437	0
7438	0
7439	0
7440	0
7441	1
7442	0
7443	0
7444	1
7445	1
7446	0
7447	1
7448	0
7449	0
7450	0
7451	0
7452	0
7453	1
7454	0
7455	0
7456	1
7457	1
7458	0
7459	0
7460	0
7461	0
7462	0
7463	1
7464	1
7465	0
7466	0
7467	0
7468	0
7469	0
7470	0
7471	0
7472	2
7473	0
7474	0
7475	0
7476	0
7477	0
7478	0
7479	0
7480	0
7481	0
7482	0
7483	0
7484	0
7485	0
7486	0
7487	0
7488	0
7489	0
7490	0
7491	2
7492	0
7493	0
7494	0
7495	0
7496	0
7497	0
7498	0
7499	0
7500	0
7501	0
7502	0
7503	0
7504	0
7505	0
7506	0
7507	0
7508	2
7509	0
7510	0
7511	0
7512	0
7513	0
7514	1
7515	0
7516	0
7517	0
7518	0
7519	0
7520	0
7521	0
7522	1
7523	0
7524	0
7525	2
7526	0
7527	1
7528	1
7529	0
7530	0
7531	0
7532	0
7533	0
7534	0
7535	1
7536	1
7537	0
7538	0
7539	0
7540	1
7541	0
7542	1
7543	3
7544	1
7545	0
7546	0
7547	0
7548	1
7549	0
7550	0
7551	0
7552	0
7553	0
7554	1
7555	0
7556	0
7557	0
7558	2
7559	0
7560	0
7561	0
7562	0
7563	0
7564	1
7565	0
7566	0
7567	0
7568	0
7569	1
7570	0
7571	0
7572	0
7573	1
7574	0
7575	0
7576	1
7577	1
7578	0
7579	0
7580	0
7581	1
7582	0
7583	0
7584	0
7585	2
7586	0
7587	2
7588	1
7589	0
7590	2
7591	0
7592	0
7593	0
7594	0
7595	1
7596	0
7597	1
7598	0
7599	0
7600	0
7601	0
7602	0
7603	0
7604	0
7605	1
7606	0
7607	1
7608	0
7609	0
7610	0
7611	0
7612	1
7613	0
7614	1
7615	1
7616	0
7617	0
7618	0
7619	0
7620	0
7621	0
7622	0
7623	1
7624	0
7625	1
7626	0
7627	0
7628	0
7629	0
7630	1
7631	0
7632	0
7633	0
7634	0
7635	1
7636	0
7637	0
7638	0
7639	0
7640	0
7641	0
7642	0
7643	0
7644	1
7645	1
7646	0
7647	0
7648	0
7649	1
7650	0
7651	1
7652	0
7653	0
7654	0
7655	0
7656	0
7657	0
7658	0
7659	1
7660	0
7661	0
7662	1
7663	0
7664	0
7665	1
7666	0
7667	0
7668	1
7669	1
7670	0
7671	0
7672	0
7673	0
7674	0
7675	2
7676	2
7677	0
7678	0
7679	1
7680	0
7681	0
7682	0
7683	0
7684	0
7685	0
7686	0
7687	1
7688	0
7689	0
7690	0
7691	0
7692	0
7693	0
7694	0
7695	1
7696	0
7697	0
7698	0
7699	0
7700	1
7701	0
7702	1
7703	0
7704	0
7705	1
7706	0
7707	0
7708	0
7709	0
7710	1
7711	1
7712	0
7713	1
7714	0
7715	1
7716	0
7717	0
7718	1
7719	0
7720	2
7721	0
7722	1
7723	0
7724	1
7725	0
7726	0
7727	1
7728	0
7729	0
7730	1
7731	0
7732	2
7733	0
7734	0
7735	2
7736	0
7737	0
7738	0
7739	0
7740	0
7741	0
7742	0
7743	0
7744	0
7745	1
7746	0
7747	0
7748	1
7749	0
7750	0
7751	1
7752	0
7753	0
7754	1
7755	0
7756	0
7757	0
7758	1
7759	0
7760	2
7761	1
7762	1
7763	0
7764	0
7765	0
7766	0
7767	2
7768	0
7769	1
7770	0
7771	0
7772	0
7773	0
7774	0
7775	2
7776	1
7777	0
7778	0
7779	0
7780	1
7781	0
7782	0
7783	0
7784	0
7785	0
7786	1
7787	0
7788	0
7789	0
7790	0
7791	0
7792	0
7793	0
7794	0
7795	0
7796	2
7797	0
7798	0
7799	1
7800	0
7801	0
7802	0
7803	0
7804	1
7805	1
7806	0
7807	0
7808	0
7809	0
7810	0
7811	0
7812	0
7813	0
7814	0
7815	0
7816	0
7817	1
7818	0
7819	0
7820	1
7821	1
7822	0
7823	1
7824	0
7825	1
7826	0
7827	0
7828	0
7829	0
7830	1
7831	0
7832	1
7833	0
7834	0
7835	0
7836	2
7837	0
7838	0
7839	1
7840	0
7841	0
7842	1
7843	0
7844	1
7845	1
7846	2
7847	0
7848	1
7849	1
7850	2
7851	0
7852	0
7853	0
7854	0
7855	0
7856	2
7857	0
7858	0
7859	0
7860	0
7861	0
7862	0
7863	0
7864	0
7865	0
7866	0
7867	0
7868	0
7869	0
7870	0
7871	0
7872	0
7873	2
7874	0
7875	0
7876	2
7877	0
7878	0
7879	1
7880	1
7881	0
7882	1
7883	1
7884	1
7885	2
7886	1
7887	0
7888	1
7889	2
7890	1
7891	0
7892	1
7893	0
7894	0
7895	0
7896	1
7897	0
7898	1
7899	0
7900	0
7901	1
7902	0
7903	1
7904	0
7905	0
7906	0
7907	0
7908	0
7909	1
7910	0
7911	1
7912	1
7913	1
7914	0
7915	0
7916	0
7917	0
7918	1
7919	1
7920	0
7921	0
7922	0
7923	0
7924	2
7925	0
7926	0
7927	0
7928	0
7929	0
7930	2
7931	0
7932	1
7933	0
7934	1
7935	0
7936	0
7937	1
7938	0
7939	2
7940	0
7941	0
7942	0
7943	1
7944	0
7945	0
7946	0
7947	0
7948	0
7949	0
7950	0
7951	1
7952	0
7953	0
7954	0
7955	1
7956	0
7957	2
7958	0
7959	0
7960	0
7961	0
7962	0
7963	0
7964	2
7965	0
7966	0
7967	0
7968	2
7969	1
7970	0
7971	0
7972	0
7973	1
7974	0
7975	1
7976	0
7977	0
7978	1
7979	1
7980	0
7981	0
7982	1
7983	0
7984	1
7985	0
7986	0
7987	0
7988	0
7989	1
7990	0
7991	1
7992	2
7993	0
7994	2
7995	0
7996	0
7997	0
7998	0
7999	1
8000	1
8001	0
8002	0
8003	0
8004	0
8005	0
8006	1
8007	1
8008	0
8009	0
8010	0
8011	0
8012	0
8013	1
8014	0
8015	1
8016	0
8017	0
8018	0
8019	0
8020	0
8021	1
8022	2
8023	0
8024	0
8025	1
8026	1
8027	0
8028	1
8029	1
8030	0
8031	0
8032	0
8033	1
8034	0
8035	0
8036	0
8037	0
8038	0
8039	0
8040	0
8041	0
8042	1
8043	0
8044	0
8045	1
8046	2
8047	0
8048	0
8049	0
8050	0
8051	0
8052	0
8053	1
8054	0
8055	0
8056	0
8057	0
8058	0
8059	0
8060	1
8061	0
8062	0
8063	0
8064	0
8065	0
8066	0
8067	0
8068	1
8069	1
8070	1
8071	0
8072	0
8073	0
8074	2
8075	0
8076	1
8077	1
8078	0
8079	0
8080	0
8081	0
8082	0
8083	0
8084	0
8085	0
8086	0
8087	0
8088	0
8089	0
8090	0
8091	0
8092	0
8093	0
8094	0
8095	0
8096	0
8097	0
8098	0
8099	0
8100	0
8101	0
8102	0
8103	0
8104	0
8105	0
8106	0
8107	0
8108	0
8109	0
8110	0
8111	0
8112	0
8113	0
8114	0
8115	0
8116	0
8117	0
8118	0
8119	0
8120	0
8121	0
8122	0
8123	0
8124	0
8125	0
8126	0
8127	0
8128	0
8129	0
8130	0
8131	0
8132	0
8133	0
8134	0
8135	0
8136	0
8137	0
8138	0
8139	0
8140	0
8141	0
8142	0
8143	0
8144	0
8145	0
8146	0
8147	0
8148	0
8149	0
8150	0
8151	0
8152	0
8153	0
8154	0
8155	0
8156	0
8157	0
8158	0
8159	0
8160	0
8161	0
8162	0
8163	0
8164	0
8165	0
8166	0
8167	0
8168	0
8169	0
8170	0
8171	0
8172	0
8173	0
8174	0
8175	0
8176	0
8177	0
8178	0
8179	0
8180	0
8181	0
8182	0
8183	0
8184	0
8185	0
8186	0
8187	0
8188	0
8189	0
8190	0
8191	0
