0	0
1	0
2	0
3	0
4	0
5	0
6	0
7	0
8	0
9	0
10	0
11	0
12	0
13	0
14	0
15	0
16	0
17	0
18	0
19	0
20	0
21	0
22	0
23	0
24	0
25	0
26	0
27	0
28	0
29	0
30	0
31	0
32	0
33	0
34	0
35	0
36	0
37	0
38	0
39	0
40	0
41	0
42	0
43	0
44	0
45	0
46	0
47	0
48	0
49	0
50	0
51	0
52	0
53	0
54	0
55	0
56	0
57	0
58	0
59	0
60	0
61	0
62	0
63	0
64	0
65	0
66	0
67	0
68	0
69	0
70	0
71	0
72	0
73	0
74	0
75	0
76	0
77	0
78	0
79	0
80	0
81	0
82	0
83	0
84	0
85	0
86	4
87	7
88	10
89	6
90	11
91	12
92	8
93	3
94	5
95	8
96	6
97	7
98	8
99	10
100	8
101	6
102	10
103	8
104	8
105	9
106	4
107	4
108	9
109	7
110	1
111	4
112	10
113	8
114	8
115	9
116	8
117	9
118	11
119	5
120	3
121	8
122	5
123	4
124	5
125	6
126	6
127	4
128	4
129	7
130	7
131	8
132	2
133	7
134	9
135	4
136	8
137	4
138	8
139	7
140	7
141	6
142	9
143	9
144	1
145	5
146	4
147	6
148	7
149	4
150	4
151	3
152	6
153	10
154	11
155	8
156	8
157	8
158	5
159	3
160	6
161	8
162	7
163	11
164	7
165	8
166	10
167	4
168	6
169	7
170	7
171	8
172	3
173	9
174	9
175	5
176	4
177	15
178	9
179	2
180	5
181	5
182	8
183	6
184	7
185	7
186	6
187	10
188	6
189	7
190	12
191	7
192	8
193	6
194	9
195	8
196	9
197	4
198	14
199	10
200	9
201	6
202	6
203	11
204	10
205	7
206	8
207	4
208	8
209	5
210	6
211	7
212	5
213	7
214	4
215	5
216	8
217	5
218	6
219	8
220	4
221	7
222	6
223	7
224	12
225	13
226	7
227	6
228	5
229	8
230	7
231	5
232	7
233	12
234	6
235	8
236	8
237	10
238	7
239	4
240	10
241	6
242	9
243	9
244	6
245	8
246	8
247	14
248	6
249	7
250	5
251	4
252	12
253	6
254	5
255	6
256	10
257	3
258	10
259	11
260	10
261	4
262	4
263	5
264	10
265	7
266	7
267	9
268	8
269	3
270	5
271	14
272	7
273	5
274	8
275	5
276	8
277	11
278	12
279	11
280	6
281	11
282	7
283	13
284	5
285	12
286	10
287	8
288	8
289	8
290	12
291	9
292	7
293	10
294	5
295	7
296	8
297	4
298	9
299	11
300	10
301	11
302	12
303	7
304	3
305	16
306	9
307	9
308	8
309	6
310	9
311	6
312	7
313	6
314	9
315	2
316	11
317	9
318	10
319	8
320	6
321	7
322	4
323	13
324	10
325	10
326	10
327	11
328	7
329	10
330	9
331	7
332	4
333	4
334	9
335	10
336	13
337	10
338	11
339	10
340	6
341	5
342	9
343	8
344	11
345	4
346	11
347	10
348	10
349	10
350	13
351	4
352	11
353	4
354	12
355	7
356	5
357	2
358	11
359	7
360	6
361	8
362	6
363	7
364	11
365	10
366	11
367	2
368	9
369	17
370	11
371	10
372	12
373	6
374	5
375	12
376	9
377	8
378	8
379	6
380	8
381	6
382	8
383	13
384	10
385	7
386	11
387	5
388	12
389	12
390	11
391	14
392	11
393	13
394	9
395	6
396	13
397	5
398	10
399	12
400	10
401	11
402	8
403	7
404	7
405	13
406	15
407	12
408	6
409	8
410	8
411	11
412	16
413	8
414	9
415	13
416	9
417	9
418	8
419	9
420	12
421	10
422	7
423	7
424	10
425	12
426	8
427	3
428	6
429	8
430	7
431	7
432	4
433	11
434	7
435	16
436	6
437	12
438	7
439	8
440	4
441	11
442	6
443	4
444	8
445	8
446	6
447	8
448	5
449	13
450	12
451	5
452	8
453	10
454	8
455	10
456	8
457	13
458	6
459	5
460	5
461	12
462	4
463	14
464	13
465	9
466	5
467	18
468	7
469	10
470	5
471	12
472	11
473	5
474	8
475	8
476	10
477	9
478	3
479	12
480	5
481	14
482	9
483	17
484	5
485	7
486	8
487	7
488	6
489	5
490	8
491	10
492	13
493	10
494	10
495	6
496	11
497	10
498	10
499	4
500	15
501	12
502	7
503	15
504	12
505	11
506	11
507	10
508	7
509	13
510	13
511	11
512	12
513	16
514	11
515	13
516	10
517	9
518	11
519	8
520	7
521	18
522	10
523	7
524	13
525	13
526	15
527	15
528	10
529	15
530	15
531	10
532	16
533	13
534	13
535	16
536	20
537	14
538	17
539	12
540	9
541	9
542	18
543	11
544	14
545	16
546	16
547	13
548	13
549	10
550	11
551	14
552	20
553	18
554	19
555	16
556	12
557	12
558	7
559	17
560	9
561	15
562	12
563	17
564	15
565	21
566	12
567	11
568	20
569	20
570	19
571	25
572	13
573	17
574	13
575	23
576	29
577	13
578	19
579	17
580	17
581	16
582	15
583	18
584	10
585	26
586	19
587	27
588	18
589	24
590	20
591	15
592	23
593	25
594	14
595	21
596	20
597	22
598	17
599	24
600	26
601	20
602	27
603	18
604	12
605	26
606	22
607	13
608	19
609	21
610	15
611	13
612	16
613	21
614	15
615	13
616	28
617	18
618	20
619	20
620	18
621	14
622	20
623	22
624	18
625	24
626	21
627	19
628	16
629	13
630	18
631	20
632	13
633	13
634	14
635	16
636	17
637	14
638	10
639	20
640	21
641	16
642	12
643	18
644	21
645	17
646	15
647	13
648	27
649	15
650	19
651	16
652	12
653	15
654	18
655	17
656	18
657	16
658	13
659	15
660	11
661	16
662	12
663	18
664	21
665	9
666	13
667	21
668	16
669	25
670	15
671	19
672	15
673	17
674	20
675	19
676	18
677	12
678	19
679	22
680	17
681	16
682	13
683	25
684	26
685	17
686	18
687	21
688	16
689	14
690	21
691	18
692	18
693	14
694	9
695	22
696	17
697	19
698	16
699	17
700	18
701	14
702	10
703	14
704	21
705	16
706	23
707	10
708	16
709	16
710	9
711	15
712	11
713	20
714	5
715	16
716	11
717	12
718	14
719	16
720	15
721	10
722	12
723	17
724	10
725	8
726	13
727	13
728	9
729	12
730	14
731	15
732	21
733	10
734	18
735	14
736	9
737	9
738	12
739	16
740	14
741	11
742	13
743	27
744	15
745	9
746	13
747	14
748	12
749	9
750	15
751	17
752	22
753	11
754	15
755	15
756	19
757	16
758	14
759	15
760	12
761	11
762	9
763	10
764	13
765	11
766	19
767	11
768	17
769	10
770	13
771	16
772	14
773	10
774	17
775	12
776	9
777	13
778	9
779	9
780	19
781	16
782	20
783	12
784	19
785	13
786	18
787	13
788	22
789	14
790	12
791	18
792	17
793	14
794	16
795	21
796	14
797	16
798	8
799	8
800	21
801	17
802	12
803	28
804	6
805	17
806	14
807	12
808	17
809	10
810	15
811	14
812	14
813	16
814	19
815	22
816	13
817	14
818	19
819	24
820	15
821	19
822	15
823	7
824	15
825	17
826	20
827	16
828	17
829	11
830	7
831	17
832	14
833	18
834	10
835	12
836	18
837	16
838	26
839	16
840	19
841	17
842	20
843	14
844	12
845	17
846	19
847	13
848	16
849	15
850	15
851	17
852	14
853	16
854	15
855	12
856	13
857	14
858	22
859	17
860	20
861	20
862	14
863	12
864	17
865	12
866	22
867	16
868	20
869	24
870	19
871	17
872	14
873	14
874	23
875	15
876	16
877	19
878	13
879	19
880	14
881	12
882	19
883	14
884	21
885	22
886	24
887	18
888	17
889	17
890	8
891	15
892	15
893	18
894	10
895	11
896	13
897	18
898	18
899	18
900	26
901	24
902	16
903	11
904	24
905	10
906	18
907	16
908	17
909	15
910	21
911	10
912	20
913	18
914	15
915	23
916	14
917	14
918	13
919	12
920	15
921	8
922	13
923	21
924	9
925	16
926	24
927	16
928	19
929	8
930	13
931	17
932	15
933	20
934	21
935	15
936	15
937	21
938	25
939	20
940	16
941	16
942	18
943	21
944	17
945	20
946	19
947	14
948	15
949	12
950	15
951	18
952	19
953	23
954	11
955	18
956	9
957	17
958	21
959	23
960	21
961	17
962	21
963	17
964	20
965	21
966	18
967	22
968	17
969	13
970	19
971	20
972	17
973	21
974	17
975	16
976	17
977	23
978	14
979	18
980	19
981	23
982	16
983	17
984	19
985	13
986	18
987	7
988	25
989	24
990	23
991	20
992	15
993	23
994	11
995	16
996	21
997	20
998	12
999	25
1000	25
1001	27
1002	8
1003	21
1004	19
1005	29
1006	14
1007	15
1008	28
1009	27
1010	25
1011	12
1012	13
1013	17
1014	18
1015	20
1016	19
1017	18
1018	17
1019	20
1020	20
1021	22
1022	20
1023	16
1024	21
1025	23
1026	13
1027	13
1028	19
1029	16
1030	21
1031	18
1032	25
1033	26
1034	23
1035	21
1036	18
1037	24
1038	18
1039	28
1040	17
1041	21
1042	21
1043	23
1044	11
1045	22
1046	21
1047	13
1048	26
1049	21
1050	23
1051	12
1052	19
1053	22
1054	19
1055	18
1056	15
1057	30
1058	15
1059	25
1060	20
1061	27
1062	15
1063	22
1064	22
1065	23
1066	25
1067	22
1068	16
1069	24
1070	28
1071	27
1072	23
1073	22
1074	27
1075	21
1076	16
1077	14
1078	14
1079	23
1080	23
1081	15
1082	20
1083	24
1084	19
1085	14
1086	21
1087	18
1088	24
1089	22
1090	11
1091	23
1092	15
1093	18
1094	21
1095	22
1096	27
1097	18
1098	15
1099	29
1100	17
1101	28
1102	20
1103	16
1104	24
1105	23
1106	27
1107	22
1108	23
1109	14
1110	19
1111	24
1112	27
1113	16
1114	15
1115	21
1116	24
1117	20
1118	22
1119	18
1120	23
1121	16
1122	16
1123	26
1124	26
1125	26
1126	21
1127	20
1128	22
1129	21
1130	24
1131	26
1132	23
1133	14
1134	24
1135	23
1136	22
1137	22
1138	21
1139	16
1140	27
1141	23
1142	24
1143	18
1144	25
1145	21
1146	24
1147	29
1148	23
1149	23
1150	18
1151	16
1152	24
1153	26
1154	22
1155	28
1156	24
1157	29
1158	35
1159	30
1160	18
1161	20
1162	19
1163	21
1164	20
1165	22
1166	20
1167	19
1168	19
1169	27
1170	22
1171	23
1172	22
1173	20
1174	19
1175	21
1176	20
1177	22
1178	23
1179	24
1180	21
1181	22
1182	32
1183	18
1184	26
1185	19
1186	20
1187	23
1188	26
1189	27
1190	29
1191	22
1192	19
1193	26
1194	24
1195	34
1196	22
1197	15
1198	25
1199	26
1200	28
1201	24
1202	18
1203	19
1204	18
1205	18
1206	25
1207	25
1208	21
1209	16
1210	19
1211	29
1212	28
1213	31
1214	25
1215	26
1216	30
1217	27
1218	22
1219	25
1220	31
1221	28
1222	16
1223	19
1224	18
1225	14
1226	26
1227	21
1228	24
1229	21
1230	24
1231	16
1232	21
1233	23
1234	17
1235	23
1236	30
1237	25
1238	18
1239	15
1240	13
1241	30
1242	23
1243	26
1244	24
1245	28
1246	24
1247	21
1248	22
1249	29
1250	28
1251	20
1252	23
1253	31
1254	21
1255	18
1256	23
1257	23
1258	23
1259	23
1260	29
1261	31
1262	18
1263	20
1264	25
1265	25
1266	28
1267	17
1268	18
1269	24
1270	17
1271	29
1272	29
1273	22
1274	30
1275	22
1276	26
1277	26
1278	33
1279	26
1280	30
1281	29
1282	29
1283	31
1284	24
1285	20
1286	24
1287	29
1288	24
1289	19
1290	21
1291	27
1292	27
1293	22
1294	27
1295	21
1296	27
1297	23
1298	26
1299	31
1300	30
1301	15
1302	24
1303	28
1304	29
1305	25
1306	27
1307	32
1308	32
1309	23
1310	24
1311	23
1312	18
1313	21
1314	18
1315	31
1316	31
1317	38
1318	27
1319	23
1320	24
1321	22
1322	21
1323	26
1324	33
1325	28
1326	28
1327	15
1328	21
1329	22
1330	25
1331	23
1332	28
1333	30
1334	28
1335	24
1336	25
1337	19
1338	27
1339	22
1340	25
1341	28
1342	39
1343	23
1344	30
1345	29
1346	23
1347	32
1348	28
1349	29
1350	30
1351	23
1352	20
1353	35
1354	32
1355	26
1356	31
1357	33
1358	34
1359	20
1360	27
1361	27
1362	23
1363	21
1364	15
1365	21
1366	31
1367	25
1368	34
1369	37
1370	24
1371	33
1372	27
1373	32
1374	32
1375	24
1376	29
1377	28
1378	27
1379	37
1380	26
1381	35
1382	20
1383	28
1384	20
1385	25
1386	29
1387	31
1388	30
1389	34
1390	30
1391	21
1392	34
1393	29
1394	26
1395	29
1396	29
1397	25
1398	26
1399	28
1400	26
1401	32
1402	35
1403	27
1404	24
1405	29
1406	23
1407	34
1408	24
1409	21
1410	39
1411	27
1412	23
1413	28
1414	39
1415	23
1416	33
1417	26
1418	32
1419	20
1420	27
1421	38
1422	28
1423	38
1424	28
1425	25
1426	32
1427	27
1428	17
1429	22
1430	32
1431	32
1432	29
1433	26
1434	42
1435	33
1436	31
1437	36
1438	37
1439	27
1440	35
1441	25
1442	25
1443	31
1444	35
1445	25
1446	23
1447	29
1448	35
1449	21
1450	39
1451	27
1452	22
1453	28
1454	32
1455	31
1456	23
1457	29
1458	26
1459	27
1460	19
1461	24
1462	33
1463	29
1464	27
1465	33
1466	30
1467	36
1468	34
1469	33
1470	25
1471	35
1472	27
1473	36
1474	42
1475	27
1476	23
1477	22
1478	33
1479	18
1480	22
1481	38
1482	31
1483	20
1484	23
1485	22
1486	27
1487	29
1488	25
1489	45
1490	34
1491	35
1492	31
1493	39
1494	25
1495	26
1496	25
1497	35
1498	30
1499	30
1500	26
1501	28
1502	29
1503	28
1504	33
1505	40
1506	32
1507	28
1508	35
1509	30
1510	33
1511	26
1512	22
1513	37
1514	32
1515	41
1516	24
1517	41
1518	37
1519	28
1520	38
1521	38
1522	35
1523	25
1524	29
1525	21
1526	34
1527	36
1528	32
1529	45
1530	38
1531	31
1532	41
1533	27
1534	35
1535	25
1536	35
1537	29
1538	39
1539	41
1540	32
1541	36
1542	37
1543	29
1544	28
1545	29
1546	29
1547	35
1548	32
1549	43
1550	31
1551	39
1552	32
1553	23
1554	29
1555	29
1556	36
1557	30
1558	36
1559	43
1560	41
1561	37
1562	34
1563	25
1564	37
1565	27
1566	38
1567	39
1568	34
1569	34
1570	44
1571	42
1572	27
1573	36
1574	34
1575	39
1576	39
1577	33
1578	32
1579	37
1580	38
1581	46
1582	43
1583	43
1584	28
1585	32
1586	39
1587	39
1588	37
1589	42
1590	41
1591	46
1592	35
1593	34
1594	41
1595	29
1596	39
1597	29
1598	40
1599	36
1600	35
1601	33
1602	41
1603	51
1604	48
1605	35
1606	36
1607	32
1608	35
1609	33
1610	42
1611	22
1612	32
1613	39
1614	31
1615	33
1616	45
1617	52
1618	39
1619	53
1620	44
1621	54
1622	57
1623	48
1624	45
1625	59
1626	57
1627	35
1628	44
1629	47
1630	54
1631	40
1632	48
1633	34
1634	38
1635	38
1636	54
1637	41
1638	43
1639	55
1640	33
1641	34
1642	45
1643	49
1644	45
1645	42
1646	43
1647	42
1648	56
1649	34
1650	47
1651	36
1652	41
1653	37
1654	30
1655	52
1656	54
1657	35
1658	42
1659	40
1660	61
1661	36
1662	51
1663	34
1664	52
1665	43
1666	50
1667	39
1668	46
1669	49
1670	35
1671	41
1672	23
1673	56
1674	39
1675	47
1676	60
1677	37
1678	40
1679	49
1680	31
1681	35
1682	42
1683	43
1684	45
1685	47
1686	48
1687	52
1688	44
1689	42
1690	41
1691	36
1692	36
1693	49
1694	44
1695	55
1696	47
1697	38
1698	49
1699	38
1700	46
1701	30
1702	41
1703	45
1704	41
1705	44
1706	53
1707	48
1708	40
1709	47
1710	31
1711	43
1712	25
1713	38
1714	38
1715	36
1716	45
1717	40
1718	50
1719	43
1720	44
1721	40
1722	46
1723	39
1724	32
1725	42
1726	34
1727	34
1728	43
1729	45
1730	41
1731	41
1732	34
1733	35
1734	35
1735	43
1736	40
1737	36
1738	40
1739	36
1740	23
1741	36
1742	22
1743	33
1744	32
1745	28
1746	33
1747	24
1748	39
1749	43
1750	38
1751	32
1752	36
1753	30
1754	20
1755	38
1756	40
1757	31
1758	30
1759	35
1760	31
1761	26
1762	42
1763	38
1764	34
1765	45
1766	49
1767	18
1768	44
1769	29
1770	30
1771	29
1772	24
1773	36
1774	37
1775	26
1776	29
1777	33
1778	30
1779	23
1780	30
1781	37
1782	24
1783	38
1784	33
1785	33
1786	32
1787	32
1788	27
1789	27
1790	29
1791	22
1792	19
1793	16
1794	26
1795	36
1796	22
1797	34
1798	31
1799	26
1800	29
1801	28
1802	23
1803	38
1804	26
1805	24
1806	32
1807	23
1808	37
1809	23
1810	25
1811	25
1812	20
1813	19
1814	23
1815	19
1816	26
1817	24
1818	27
1819	24
1820	19
1821	26
1822	22
1823	18
1824	26
1825	27
1826	29
1827	28
1828	24
1829	20
1830	29
1831	37
1832	30
1833	25
1834	30
1835	20
1836	22
1837	33
1838	21
1839	28
1840	23
1841	17
1842	25
1843	20
1844	36
1845	27
1846	23
1847	17
1848	22
1849	21
1850	28
1851	26
1852	32
1853	18
1854	20
1855	25
1856	20
1857	21
1858	24
1859	29
1860	23
1861	21
1862	22
1863	24
1864	26
1865	20
1866	26
1867	27
1868	16
1869	18
1870	22
1871	20
1872	17
1873	17
1874	28
1875	15
1876	17
1877	20
1878	26
1879	19
1880	19
1881	25
1882	23
1883	18
1884	18
1885	28
1886	19
1887	28
1888	25
1889	21
1890	21
1891	12
1892	15
1893	16
1894	18
1895	23
1896	18
1897	12
1898	24
1899	15
1900	26
1901	19
1902	17
1903	23
1904	17
1905	21
1906	21
1907	19
1908	25
1909	22
1910	19
1911	18
1912	25
1913	24
1914	17
1915	20
1916	23
1917	14
1918	20
1919	14
1920	14
1921	27
1922	16
1923	20
1924	21
1925	19
1926	14
1927	13
1928	22
1929	22
1930	18
1931	18
1932	23
1933	18
1934	18
1935	24
1936	17
1937	13
1938	12
1939	13
1940	30
1941	18
1942	19
1943	18
1944	14
1945	16
1946	20
1947	10
1948	14
1949	14
1950	12
1951	16
1952	18
1953	22
1954	22
1955	17
1956	25
1957	28
1958	23
1959	14
1960	14
1961	13
1962	14
1963	16
1964	17
1965	15
1966	15
1967	26
1968	17
1969	12
1970	15
1971	16
1972	15
1973	12
1974	13
1975	11
1976	20
1977	17
1978	13
1979	19
1980	19
1981	17
1982	15
1983	22
1984	13
1985	24
1986	21
1987	12
1988	26
1989	16
1990	11
1991	18
1992	13
1993	13
1994	11
1995	21
1996	20
1997	19
1998	23
1999	22
2000	15
2001	12
2002	12
2003	23
2004	17
2005	17
2006	15
2007	16
2008	16
2009	11
2010	17
2011	17
2012	13
2013	15
2014	13
2015	22
2016	20
2017	9
2018	14
2019	24
2020	10
2021	12
2022	14
2023	22
2024	12
2025	17
2026	20
2027	16
2028	21
2029	16
2030	17
2031	12
2032	12
2033	15
2034	16
2035	16
2036	15
2037	16
2038	19
2039	7
2040	14
2041	16
2042	14
2043	18
2044	19
2045	18
2046	11
2047	12
2048	14
2049	14
2050	22
2051	23
2052	15
2053	11
2054	12
2055	19
2056	18
2057	19
2058	15
2059	16
2060	15
2061	22
2062	16
2063	19
2064	16
2065	11
2066	16
2067	25
2068	15
2069	16
2070	10
2071	12
2072	18
2073	9
2074	19
2075	11
2076	21
2077	12
2078	12
2079	16
2080	14
2081	17
2082	16
2083	8
2084	15
2085	13
2086	18
2087	10
2088	18
2089	15
2090	14
2091	11
2092	23
2093	14
2094	14
2095	15
2096	14
2097	17
2098	17
2099	10
2100	20
2101	8
2102	12
2103	12
2104	21
2105	14
2106	12
2107	10
2108	15
2109	12
2110	14
2111	12
2112	20
2113	9
2114	13
2115	22
2116	16
2117	11
2118	17
2119	9
2120	14
2121	10
2122	13
2123	14
2124	13
2125	13
2126	14
2127	15
2128	11
2129	15
2130	19
2131	19
2132	13
2133	14
2134	12
2135	11
2136	17
2137	17
2138	9
2139	20
2140	4
2141	14
2142	12
2143	9
2144	9
2145	10
2146	14
2147	14
2148	13
2149	9
2150	20
2151	10
2152	12
2153	14
2154	15
2155	14
2156	10
2157	9
2158	9
2159	12
2160	14
2161	9
2162	15
2163	7
2164	11
2165	13
2166	13
2167	14
2168	14
2169	9
2170	11
2171	10
2172	15
2173	8
2174	15
2175	8
2176	16
2177	8
2178	14
2179	8
2180	18
2181	19
2182	11
2183	7
2184	9
2185	11
2186	5
2187	11
2188	16
2189	12
2190	14
2191	10
2192	5
2193	15
2194	13
2195	14
2196	12
2197	8
2198	14
2199	18
2200	16
2201	6
2202	12
2203	11
2204	13
2205	14
2206	20
2207	9
2208	12
2209	11
2210	11
2211	9
2212	7
2213	14
2214	12
2215	9
2216	15
2217	12
2218	10
2219	14
2220	8
2221	19
2222	12
2223	11
2224	13
2225	17
2226	14
2227	17
2228	12
2229	6
2230	6
2231	10
2232	17
2233	10
2234	8
2235	20
2236	16
2237	6
2238	13
2239	15
2240	8
2241	9
2242	11
2243	9
2244	16
2245	15
2246	13
2247	16
2248	19
2249	15
2250	11
2251	11
2252	12
2253	16
2254	12
2255	14
2256	9
2257	15
2258	11
2259	12
2260	14
2261	10
2262	8
2263	15
2264	14
2265	13
2266	9
2267	9
2268	10
2269	14
2270	12
2271	6
2272	8
2273	9
2274	14
2275	12
2276	5
2277	6
2278	13
2279	9
2280	11
2281	9
2282	11
2283	9
2284	12
2285	11
2286	8
2287	13
2288	9
2289	13
2290	16
2291	10
2292	10
2293	8
2294	11
2295	10
2296	15
2297	12
2298	16
2299	10
2300	18
2301	17
2302	13
2303	13
2304	10
2305	12
2306	12
2307	7
2308	13
2309	13
2310	9
2311	6
2312	8
2313	13
2314	9
2315	13
2316	7
2317	6
2318	15
2319	5
2320	7
2321	10
2322	9
2323	10
2324	8
2325	6
2326	8
2327	13
2328	11
2329	15
2330	10
2331	8
2332	10
2333	11
2334	13
2335	13
2336	10
2337	11
2338	15
2339	7
2340	6
2341	10
2342	11
2343	4
2344	14
2345	8
2346	18
2347	12
2348	19
2349	7
2350	8
2351	14
2352	13
2353	12
2354	6
2355	21
2356	6
2357	9
2358	3
2359	7
2360	13
2361	18
2362	12
2363	11
2364	17
2365	10
2366	7
2367	14
2368	5
2369	16
2370	9
2371	11
2372	10
2373	11
2374	9
2375	20
2376	9
2377	12
2378	6
2379	10
2380	16
2381	11
2382	17
2383	10
2384	12
2385	13
2386	11
2387	13
2388	14
2389	9
2390	9
2391	10
2392	12
2393	12
2394	8
2395	12
2396	11
2397	14
2398	5
2399	10
2400	4
2401	10
2402	10
2403	8
2404	4
2405	10
2406	7
2407	12
2408	10
2409	6
2410	10
2411	11
2412	10
2413	13
2414	9
2415	8
2416	6
2417	14
2418	10
2419	10
2420	8
2421	8
2422	11
2423	9
2424	9
2425	8
2426	13
2427	9
2428	6
2429	9
2430	6
2431	8
2432	4
2433	11
2434	16
2435	6
2436	13
2437	11
2438	10
2439	10
2440	6
2441	4
2442	11
2443	14
2444	13
2445	12
2446	11
2447	10
2448	10
2449	9
2450	9
2451	13
2452	8
2453	14
2454	13
2455	6
2456	9
2457	13
2458	2
2459	12
2460	16
2461	14
2462	3
2463	7
2464	11
2465	8
2466	7
2467	5
2468	14
2469	13
2470	10
2471	7
2472	6
2473	7
2474	13
2475	14
2476	13
2477	12
2478	10
2479	6
2480	15
2481	11
2482	12
2483	11
2484	10
2485	11
2486	7
2487	6
2488	9
2489	17
2490	10
2491	10
2492	11
2493	9
2494	9
2495	8
2496	10
2497	9
2498	10
2499	10
2500	10
2501	10
2502	11
2503	11
2504	10
2505	5
2506	5
2507	7
2508	12
2509	7
2510	6
2511	12
2512	11
2513	10
2514	10
2515	5
2516	12
2517	5
2518	12
2519	7
2520	9
2521	13
2522	12
2523	10
2524	7
2525	10
2526	10
2527	6
2528	9
2529	11
2530	8
2531	9
2532	9
2533	11
2534	7
2535	6
2536	11
2537	7
2538	5
2539	11
2540	10
2541	10
2542	5
2543	12
2544	5
2545	10
2546	5
2547	8
2548	11
2549	10
2550	11
2551	8
2552	12
2553	12
2554	7
2555	11
2556	8
2557	10
2558	9
2559	14
2560	11
2561	17
2562	13
2563	14
2564	10
2565	8
2566	7
2567	7
2568	8
2569	9
2570	4
2571	11
2572	8
2573	6
2574	9
2575	12
2576	5
2577	10
2578	9
2579	7
2580	6
2581	14
2582	11
2583	9
2584	8
2585	7
2586	13
2587	9
2588	12
2589	12
2590	6
2591	14
2592	8
2593	6
2594	7
2595	5
2596	9
2597	6
2598	10
2599	14
2600	13
2601	5
2602	9
2603	7
2604	12
2605	8
2606	8
2607	16
2608	6
2609	7
2610	7
2611	5
2612	4
2613	8
2614	4
2615	9
2616	17
2617	9
2618	12
2619	5
2620	10
2621	8
2622	9
2623	12
2624	9
2625	13
2626	8
2627	7
2628	3
2629	8
2630	8
2631	11
2632	7
2633	9
2634	3
2635	11
2636	8
2637	6
2638	11
2639	4
2640	12
2641	8
2642	6
2643	7
2644	5
2645	8
2646	11
2647	7
2648	11
2649	13
2650	8
2651	7
2652	8
2653	9
2654	8
2655	8
2656	4
2657	8
2658	7
2659	12
2660	8
2661	7
2662	7
2663	8
2664	11
2665	9
2666	6
2667	4
2668	11
2669	15
2670	8
2671	15
2672	7
2673	7
2674	9
2675	14
2676	5
2677	14
2678	8
2679	4
2680	8
2681	12
2682	12
2683	4
2684	15
2685	7
2686	8
2687	6
2688	7
2689	9
2690	9
2691	7
2692	10
2693	9
2694	10
2695	9
2696	11
2697	12
2698	10
2699	12
2700	7
2701	8
2702	8
2703	10
2704	11
2705	7
2706	7
2707	5
2708	3
2709	7
2710	10
2711	8
2712	4
2713	3
2714	9
2715	5
2716	9
2717	14
2718	8
2719	4
2720	10
2721	7
2722	5
2723	5
2724	14
2725	9
2726	9
2727	3
2728	5
2729	11
2730	11
2731	10
2732	7
2733	5
2734	14
2735	11
2736	9
2737	11
2738	9
2739	2
2740	8
2741	8
2742	8
2743	6
2744	5
2745	9
2746	4
2747	12
2748	12
2749	13
2750	5
2751	7
2752	6
2753	12
2754	9
2755	8
2756	4
2757	11
2758	10
2759	10
2760	4
2761	9
2762	8
2763	11
2764	9
2765	6
2766	7
2767	5
2768	13
2769	7
2770	9
2771	7
2772	11
2773	9
2774	8
2775	9
2776	12
2777	9
2778	11
2779	15
2780	5
2781	6
2782	9
2783	7
2784	9
2785	13
2786	5
2787	11
2788	10
2789	6
2790	8
2791	10
2792	10
2793	5
2794	6
2795	6
2796	13
2797	5
2798	8
2799	6
2800	10
2801	6
2802	3
2803	12
2804	8
2805	11
2806	8
2807	12
2808	9
2809	6
2810	8
2811	4
2812	5
2813	9
2814	8
2815	9
2816	13
2817	8
2818	7
2819	13
2820	8
2821	2
2822	3
2823	6
2824	5
2825	4
2826	5
2827	6
2828	8
2829	7
2830	9
2831	6
2832	7
2833	8
2834	4
2835	10
2836	9
2837	4
2838	9
2839	4
2840	9
2841	9
2842	13
2843	11
2844	11
2845	4
2846	11
2847	6
2848	9
2849	14
2850	12
2851	9
2852	11
2853	5
2854	7
2855	7
2856	5
2857	12
2858	8
2859	10
2860	9
2861	5
2862	5
2863	6
2864	6
2865	12
2866	11
2867	5
2868	10
2869	9
2870	15
2871	8
2872	12
2873	9
2874	3
2875	7
2876	4
2877	7
2878	7
2879	11
2880	6
2881	9
2882	8
2883	6
2884	3
2885	9
2886	12
2887	10
2888	6
2889	10
2890	10
2891	7
2892	5
2893	5
2894	5
2895	13
2896	13
2897	6
2898	6
2899	5
2900	6
2901	9
2902	5
2903	11
2904	6
2905	6
2906	8
2907	3
2908	2
2909	7
2910	10
2911	4
2912	6
2913	5
2914	6
2915	4
2916	7
2917	6
2918	6
2919	10
2920	3
2921	0
2922	10
2923	2
2924	7
2925	6
2926	7
2927	5
2928	5
2929	2
2930	6
2931	7
2932	5
2933	4
2934	6
2935	6
2936	4
2937	6
2938	8
2939	12
2940	13
2941	12
2942	4
2943	4
2944	7
2945	4
2946	6
2947	5
2948	4
2949	6
2950	6
2951	8
2952	8
2953	11
2954	10
2955	8
2956	9
2957	5
2958	9
2959	7
2960	7
2961	9
2962	9
2963	6
2964	4
2965	3
2966	11
2967	10
2968	7
2969	8
2970	7
2971	6
2972	7
2973	4
2974	12
2975	6
2976	8
2977	3
2978	11
2979	6
2980	10
2981	9
2982	4
2983	9
2984	8
2985	8
2986	12
2987	11
2988	9
2989	8
2990	4
2991	5
2992	8
2993	4
2994	13
2995	9
2996	2
2997	11
2998	17
2999	6
3000	11
3001	5
3002	5
3003	10
3004	8
3005	5
3006	5
3007	9
3008	6
3009	8
3010	5
3011	4
3012	3
3013	7
3014	2
3015	5
3016	7
3017	7
3018	7
3019	1
3020	5
3021	6
3022	3
3023	9
3024	13
3025	10
3026	11
3027	2
3028	8
3029	6
3030	7
3031	7
3032	6
3033	9
3034	9
3035	10
3036	4
3037	10
3038	4
3039	5
3040	7
3041	8
3042	7
3043	5
3044	7
3045	7
3046	13
3047	4
3048	6
3049	6
3050	6
3051	10
3052	7
3053	8
3054	12
3055	8
3056	8
3057	11
3058	8
3059	5
3060	6
3061	6
3062	7
3063	7
3064	7
3065	6
3066	10
3067	6
3068	8
3069	7
3070	2
3071	11
3072	8
3073	4
3074	5
3075	3
3076	5
3077	3
3078	9
3079	6
3080	8
3081	9
3082	7
3083	8
3084	7
3085	6
3086	7
3087	6
3088	7
3089	11
3090	8
3091	6
3092	6
3093	13
3094	2
3095	6
3096	8
3097	4
3098	6
3099	7
3100	5
3101	9
3102	8
3103	5
3104	2
3105	5
3106	12
3107	6
3108	7
3109	9
3110	8
3111	6
3112	5
3113	6
3114	11
3115	4
3116	8
3117	5
3118	7
3119	10
3120	9
3121	6
3122	7
3123	8
3124	9
3125	13
3126	8
3127	7
3128	5
3129	3
3130	4
3131	9
3132	8
3133	6
3134	5
3135	8
3136	5
3137	8
3138	7
3139	3
3140	7
3141	7
3142	7
3143	9
3144	4
3145	7
3146	9
3147	8
3148	4
3149	9
3150	4
3151	4
3152	5
3153	9
3154	8
3155	8
3156	8
3157	4
3158	6
3159	4
3160	8
3161	7
3162	13
3163	7
3164	8
3165	7
3166	7
3167	6
3168	6
3169	7
3170	6
3171	4
3172	12
3173	6
3174	2
3175	7
3176	8
3177	11
3178	7
3179	5
3180	10
3181	7
3182	11
3183	7
3184	3
3185	8
3186	2
3187	8
3188	8
3189	5
3190	9
3191	3
3192	9
3193	6
3194	6
3195	7
3196	8
3197	6
3198	6
3199	5
3200	6
3201	6
3202	3
3203	4
3204	8
3205	6
3206	10
3207	5
3208	8
3209	9
3210	6
3211	10
3212	7
3213	8
3214	8
3215	5
3216	6
3217	8
3218	6
3219	7
3220	7
3221	4
3222	8
3223	4
3224	4
3225	6
3226	5
3227	3
3228	3
3229	7
3230	8
3231	11
3232	8
3233	6
3234	7
3235	5
3236	4
3237	7
3238	4
3239	9
3240	2
3241	7
3242	2
3243	4
3244	3
3245	10
3246	1
3247	7
3248	3
3249	9
3250	11
3251	5
3252	2
3253	7
3254	7
3255	10
3256	8
3257	5
3258	4
3259	3
3260	7
3261	6
3262	9
3263	6
3264	9
3265	9
3266	6
3267	7
3268	7
3269	6
3270	8
3271	8
3272	4
3273	8
3274	5
3275	3
3276	4
3277	8
3278	4
3279	7
3280	9
3281	8
3282	1
3283	5
3284	7
3285	6
3286	4
3287	2
3288	2
3289	3
3290	6
3291	7
3292	2
3293	9
3294	6
3295	4
3296	6
3297	8
3298	6
3299	6
3300	5
3301	6
3302	4
3303	4
3304	10
3305	3
3306	4
3307	6
3308	8
3309	4
3310	5
3311	5
3312	6
3313	7
3314	7
3315	6
3316	6
3317	6
3318	4
3319	4
3320	4
3321	5
3322	4
3323	7
3324	2
3325	6
3326	5
3327	9
3328	4
3329	6
3330	8
3331	8
3332	5
3333	5
3334	8
3335	6
3336	9
3337	3
3338	4
3339	4
3340	5
3341	9
3342	8
3343	9
3344	4
3345	11
3346	11
3347	7
3348	6
3349	6
3350	8
3351	7
3352	3
3353	3
3354	7
3355	2
3356	5
3357	5
3358	7
3359	8
3360	6
3361	4
3362	9
3363	4
3364	7
3365	7
3366	9
3367	6
3368	6
3369	3
3370	6
3371	6
3372	3
3373	5
3374	3
3375	8
3376	3
3377	5
3378	5
3379	8
3380	8
3381	5
3382	2
3383	6
3384	6
3385	2
3386	6
3387	8
3388	5
3389	6
3390	6
3391	4
3392	9
3393	10
3394	4
3395	9
3396	6
3397	5
3398	6
3399	4
3400	4
3401	5
3402	3
3403	5
3404	5
3405	6
3406	7
3407	5
3408	4
3409	5
3410	6
3411	5
3412	8
3413	5
3414	5
3415	3
3416	4
3417	7
3418	4
3419	7
3420	7
3421	5
3422	5
3423	5
3424	7
3425	7
3426	5
3427	2
3428	5
3429	4
3430	5
3431	2
3432	4
3433	7
3434	4
3435	3
3436	7
3437	4
3438	3
3439	10
3440	2
3441	3
3442	2
3443	7
3444	6
3445	7
3446	4
3447	3
3448	4
3449	4
3450	6
3451	5
3452	6
3453	9
3454	7
3455	2
3456	4
3457	7
3458	10
3459	4
3460	7
3461	5
3462	5
3463	6
3464	7
3465	8
3466	6
3467	5
3468	7
3469	8
3470	5
3471	4
3472	5
3473	2
3474	6
3475	8
3476	4
3477	5
3478	4
3479	5
3480	8
3481	3
3482	7
3483	4
3484	6
3485	10
3486	6
3487	3
3488	2
3489	5
3490	6
3491	10
3492	4
3493	8
3494	3
3495	5
3496	6
3497	5
3498	13
3499	4
3500	6
3501	6
3502	3
3503	7
3504	7
3505	3
3506	6
3507	5
3508	4
3509	6
3510	1
3511	4
3512	8
3513	2
3514	5
3515	5
3516	8
3517	6
3518	3
3519	1
3520	5
3521	3
3522	3
3523	1
3524	10
3525	7
3526	6
3527	12
3528	4
3529	8
3530	5
3531	2
3532	9
3533	3
3534	7
3535	6
3536	10
3537	5
3538	1
3539	6
3540	4
3541	5
3542	9
3543	6
3544	7
3545	0
3546	9
3547	6
3548	3
3549	3
3550	6
3551	5
3552	4
3553	3
3554	7
3555	5
3556	7
3557	7
3558	7
3559	3
3560	7
3561	4
3562	3
3563	4
3564	6
3565	6
3566	7
3567	4
3568	6
3569	1
3570	7
3571	4
3572	2
3573	3
3574	2
3575	5
3576	11
3577	4
3578	9
3579	1
3580	5
3581	5
3582	3
3583	7
3584	6
3585	4
3586	3
3587	5
3588	6
3589	2
3590	5
3591	2
3592	8
3593	5
3594	4
3595	5
3596	6
3597	7
3598	5
3599	4
3600	7
3601	10
3602	6
3603	7
3604	1
3605	5
3606	2
3607	2
3608	5
3609	4
3610	1
3611	8
3612	9
3613	10
3614	7
3615	2
3616	5
3617	3
3618	2
3619	8
3620	11
3621	5
3622	4
3623	5
3624	5
3625	1
3626	6
3627	4
3628	10
3629	4
3630	6
3631	4
3632	4
3633	5
3634	7
3635	7
3636	0
3637	7
3638	8
3639	9
3640	7
3641	9
3642	5
3643	4
3644	3
3645	3
3646	6
3647	6
3648	6
3649	4
3650	6
3651	3
3652	7
3653	5
3654	4
3655	4
3656	2
3657	5
3658	6
3659	4
3660	6
3661	7
3662	7
3663	7
3664	9
3665	5
3666	6
3667	8
3668	4
3669	7
3670	3
3671	1
3672	11
3673	7
3674	5
3675	3
3676	8
3677	7
3678	3
3679	5
3680	5
3681	1
3682	1
3683	4
3684	7
3685	1
3686	6
3687	2
3688	8
3689	6
3690	10
3691	11
3692	5
3693	2
3694	5
3695	5
3696	9
3697	4
3698	6
3699	4
3700	4
3701	4
3702	4
3703	3
3704	3
3705	6
3706	4
3707	4
3708	8
3709	6
3710	4
3711	1
3712	5
3713	4
3714	2
3715	7
3716	7
3717	6
3718	5
3719	5
3720	3
3721	2
3722	6
3723	5
3724	7
3725	4
3726	2
3727	3
3728	1
3729	2
3730	6
3731	4
3732	5
3733	5
3734	9
3735	5
3736	1
3737	6
3738	4
3739	6
3740	2
3741	4
3742	4
3743	6
3744	4
3745	6
3746	4
3747	5
3748	4
3749	4
3750	4
3751	4
3752	6
3753	2
3754	6
3755	5
3756	5
3757	4
3758	4
3759	9
3760	7
3761	5
3762	8
3763	6
3764	2
3765	8
3766	6
3767	6
3768	8
3769	7
3770	2
3771	4
3772	3
3773	3
3774	6
3775	7
3776	6
3777	9
3778	4
3779	6
3780	8
3781	8
3782	5
3783	4
3784	2
3785	7
3786	6
3787	6
3788	6
3789	8
3790	5
3791	3
3792	5
3793	5
3794	6
3795	6
3796	3
3797	3
3798	5
3799	1
3800	7
3801	5
3802	3
3803	3
3804	3
3805	6
3806	4
3807	6
3808	5
3809	8
3810	7
3811	2
3812	4
3813	5
3814	6
3815	3
3816	7
3817	7
3818	3
3819	6
3820	4
3821	5
3822	5
3823	4
3824	5
3825	12
3826	4
3827	2
3828	3
3829	6
3830	5
3831	10
3832	2
3833	5
3834	0
3835	6
3836	4
3837	6
3838	4
3839	2
3840	5
3841	4
3842	3
3843	8
3844	5
3845	5
3846	6
3847	8
3848	4
3849	3
3850	3
3851	2
3852	3
3853	2
3854	3
3855	5
3856	6
3857	10
3858	5
3859	5
3860	5
3861	6
3862	8
3863	2
3864	2
3865	4
3866	2
3867	3
3868	2
3869	4
3870	1
3871	6
3872	7
3873	6
3874	4
3875	6
3876	3
3877	5
3878	2
3879	2
3880	1
3881	0
3882	7
3883	8
3884	7
3885	4
3886	5
3887	3
3888	10
3889	5
3890	8
3891	2
3892	3
3893	6
3894	7
3895	2
3896	6
3897	5
3898	10
3899	9
3900	3
3901	3
3902	8
3903	6
3904	7
3905	5
3906	7
3907	5
3908	4
3909	2
3910	9
3911	5
3912	8
3913	9
3914	6
3915	7
3916	2
3917	8
3918	5
3919	0
3920	5
3921	9
3922	8
3923	6
3924	5
3925	10
3926	3
3927	4
3928	4
3929	7
3930	3
3931	3
3932	4
3933	3
3934	3
3935	2
3936	6
3937	3
3938	4
3939	9
3940	6
3941	8
3942	6
3943	4
3944	5
3945	5
3946	3
3947	3
3948	1
3949	5
3950	4
3951	10
3952	6
3953	2
3954	5
3955	3
3956	4
3957	5
3958	2
3959	3
3960	4
3961	5
3962	0
3963	2
3964	6
3965	7
3966	4
3967	6
3968	4
3969	3
3970	6
3971	3
3972	4
3973	5
3974	3
3975	6
3976	7
3977	5
3978	3
3979	9
3980	9
3981	5
3982	9
3983	3
3984	8
3985	5
3986	9
3987	5
3988	3
3989	2
3990	7
3991	5
3992	4
3993	6
3994	7
3995	0
3996	5
3997	5
3998	7
3999	5
4000	5
4001	6
4002	2
4003	2
4004	6
4005	4
4006	3
4007	4
4008	3
4009	6
4010	3
4011	4
4012	3
4013	4
4014	5
4015	3
4016	2
4017	3
4018	5
4019	11
4020	2
4021	4
4022	5
4023	4
4024	3
4025	6
4026	5
4027	6
4028	6
4029	7
4030	5
4031	5
4032	4
4033	9
4034	7
4035	2
4036	6
4037	4
4038	5
4039	6
4040	6
4041	3
4042	4
4043	5
4044	7
4045	5
4046	2
4047	4
4048	2
4049	3
4050	9
4051	4
4052	3
4053	1
4054	6
4055	3
4056	3
4057	4
4058	4
4059	4
4060	4
4061	5
4062	2
4063	6
4064	5
4065	5
4066	5
4067	8
4068	5
4069	4
4070	9
4071	3
4072	8
4073	5
4074	6
4075	4
4076	6
4077	3
4078	7
4079	8
4080	4
4081	4
4082	4
4083	5
4084	3
4085	9
4086	3
4087	6
4088	1
4089	10
4090	7
4091	6
4092	2
4093	5
4094	1
4095	6
4096	6
4097	2
4098	1
4099	2
4100	3
4101	4
4102	1
4103	2
4104	6
4105	3
4106	4
4107	3
4108	7
4109	4
4110	8
4111	0
4112	4
4113	6
4114	7
4115	3
4116	4
4117	2
4118	5
4119	2
4120	5
4121	6
4122	3
4123	5
4124	0
4125	1
4126	3
4127	3
4128	2
4129	7
4130	4
4131	4
4132	4
4133	6
4134	5
4135	1
4136	4
4137	1
4138	7
4139	11
4140	2
4141	3
4142	9
4143	4
4144	6
4145	4
4146	5
4147	7
4148	2
4149	5
4150	5
4151	4
4152	4
4153	2
4154	1
4155	3
4156	7
4157	5
4158	2
4159	6
4160	1
4161	3
4162	4
4163	4
4164	7
4165	4
4166	3
4167	4
4168	8
4169	5
4170	4
4171	5
4172	5
4173	4
4174	2
4175	5
4176	5
4177	5
4178	4
4179	2
4180	4
4181	1
4182	4
4183	7
4184	6
4185	1
4186	7
4187	5
4188	6
4189	2
4190	8
4191	2
4192	4
4193	2
4194	4
4195	6
4196	4
4197	7
4198	10
4199	1
4200	6
4201	5
4202	5
4203	4
4204	3
4205	6
4206	5
4207	1
4208	9
4209	6
4210	6
4211	2
4212	3
4213	7
4214	1
4215	5
4216	1
4217	6
4218	1
4219	4
4220	4
4221	8
4222	5
4223	4
4224	3
4225	6
4226	3
4227	1
4228	4
4229	3
4230	3
4231	2
4232	6
4233	0
4234	4
4235	4
4236	7
4237	2
4238	2
4239	6
4240	4
4241	4
4242	4
4243	5
4244	5
4245	5
4246	3
4247	2
4248	4
4249	2
4250	3
4251	5
4252	7
4253	4
4254	5
4255	5
4256	3
4257	4
4258	7
4259	3
4260	4
4261	2
4262	4
4263	4
4264	4
4265	8
4266	3
4267	1
4268	4
4269	2
4270	3
4271	6
4272	2
4273	7
4274	3
4275	10
4276	6
4277	2
4278	6
4279	5
4280	1
4281	8
4282	3
4283	4
4284	4
4285	4
4286	5
4287	3
4288	2
4289	4
4290	6
4291	2
4292	4
4293	5
4294	4
4295	3
4296	2
4297	4
4298	5
4299	4
4300	8
4301	4
4302	0
4303	2
4304	5
4305	10
4306	5
4307	4
4308	8
4309	0
4310	8
4311	4
4312	6
4313	4
4314	6
4315	5
4316	3
4317	6
4318	8
4319	5
4320	3
4321	2
4322	6
4323	7
4324	5
4325	4
4326	8
4327	3
4328	10
4329	5
4330	6
4331	5
4332	7
4333	9
4334	5
4335	1
4336	4
4337	4
4338	5
4339	3
4340	3
4341	2
4342	3
4343	5
4344	1
4345	1
4346	5
4347	4
4348	5
4349	5
4350	4
4351	3
4352	4
4353	1
4354	1
4355	3
4356	4
4357	7
4358	3
4359	3
4360	2
4361	3
4362	4
4363	1
4364	5
4365	4
4366	5
4367	6
4368	5
4369	2
4370	3
4371	6
4372	7
4373	6
4374	3
4375	9
4376	3
4377	6
4378	2
4379	2
4380	2
4381	5
4382	3
4383	4
4384	7
4385	5
4386	7
4387	5
4388	4
4389	3
4390	7
4391	3
4392	6
4393	2
4394	5
4395	4
4396	2
4397	3
4398	5
4399	6
4400	8
4401	4
4402	1
4403	4
4404	2
4405	5
4406	5
4407	4
4408	3
4409	5
4410	10
4411	2
4412	5
4413	2
4414	3
4415	1
4416	2
4417	5
4418	1
4419	10
4420	4
4421	1
4422	6
4423	7
4424	4
4425	6
4426	5
4427	7
4428	6
4429	2
4430	6
4431	7
4432	5
4433	4
4434	7
4435	2
4436	3
4437	4
4438	1
4439	3
4440	3
4441	5
4442	2
4443	5
4444	4
4445	6
4446	5
4447	6
4448	2
4449	4
4450	2
4451	5
4452	3
4453	6
4454	7
4455	4
4456	5
4457	4
4458	1
4459	5
4460	6
4461	6
4462	5
4463	4
4464	8
4465	2
4466	6
4467	6
4468	0
4469	5
4470	8
4471	5
4472	5
4473	5
4474	11
4475	0
4476	3
4477	4
4478	4
4479	6
4480	5
4481	5
4482	6
4483	9
4484	4
4485	6
4486	7
4487	1
4488	3
4489	4
4490	5
4491	3
4492	3
4493	4
4494	9
4495	4
4496	5
4497	4
4498	4
4499	6
4500	9
4501	5
4502	4
4503	5
4504	2
4505	2
4506	4
4507	4
4508	3
4509	2
4510	6
4511	10
4512	4
4513	6
4514	3
4515	3
4516	4
4517	2
4518	3
4519	5
4520	3
4521	4
4522	3
4523	6
4524	7
4525	2
4526	8
4527	4
4528	2
4529	3
4530	5
4531	7
4532	8
4533	3
4534	4
4535	5
4536	5
4537	5
4538	5
4539	8
4540	3
4541	5
4542	6
4543	5
4544	4
4545	4
4546	6
4547	2
4548	6
4549	1
4550	3
4551	2
4552	2
4553	10
4554	2
4555	7
4556	3
4557	4
4558	9
4559	6
4560	0
4561	2
4562	2
4563	6
4564	9
4565	4
4566	8
4567	3
4568	7
4569	6
4570	5
4571	4
4572	3
4573	4
4574	5
4575	9
4576	9
4577	3
4578	4
4579	3
4580	8
4581	6
4582	6
4583	6
4584	3
4585	7
4586	10
4587	4
4588	2
4589	7
4590	6
4591	6
4592	6
4593	8
4594	5
4595	2
4596	6
4597	9
4598	7
4599	3
4600	5
4601	5
4602	3
4603	2
4604	9
4605	1
4606	3
4607	4
4608	5
4609	7
4610	3
4611	7
4612	1
4613	6
4614	6
4615	6
4616	4
4617	6
4618	2
4619	3
4620	6
4621	7
4622	4
4623	3
4624	6
4625	9
4626	3
4627	5
4628	7
4629	4
4630	4
4631	4
4632	3
4633	3
4634	5
4635	2
4636	7
4637	6
4638	3
4639	5
4640	2
4641	8
4642	7
4643	4
4644	4
4645	3
4646	5
4647	7
4648	5
4649	5
4650	6
4651	8
4652	5
4653	8
4654	4
4655	8
4656	3
4657	7
4658	3
4659	8
4660	6
4661	7
4662	3
4663	3
4664	6
4665	3
4666	5
4667	7
4668	6
4669	10
4670	6
4671	6
4672	6
4673	8
4674	12
4675	3
4676	8
4677	1
4678	3
4679	7
4680	5
4681	6
4682	0
4683	4
4684	7
4685	5
4686	5
4687	6
4688	6
4689	7
4690	10
4691	7
4692	6
4693	5
4694	5
4695	2
4696	3
4697	8
4698	4
4699	8
4700	1
4701	8
4702	3
4703	6
4704	10
4705	1
4706	2
4707	8
4708	6
4709	7
4710	4
4711	3
4712	9
4713	5
4714	7
4715	6
4716	11
4717	7
4718	5
4719	7
4720	8
4721	7
4722	7
4723	7
4724	4
4725	5
4726	2
4727	8
4728	3
4729	2
4730	3
4731	6
4732	3
4733	5
4734	5
4735	3
4736	5
4737	4
4738	3
4739	6
4740	6
4741	5
4742	4
4743	11
4744	6
4745	9
4746	6
4747	5
4748	9
4749	4
4750	3
4751	11
4752	5
4753	9
4754	6
4755	4
4756	4
4757	9
4758	4
4759	7
4760	4
4761	8
4762	4
4763	4
4764	7
4765	5
4766	3
4767	1
4768	1
4769	9
4770	2
4771	5
4772	6
4773	4
4774	6
4775	2
4776	4
4777	12
4778	7
4779	2
4780	1
4781	7
4782	6
4783	2
4784	8
4785	1
4786	6
4787	7
4788	4
4789	3
4790	3
4791	6
4792	7
4793	6
4794	5
4795	2
4796	4
4797	4
4798	5
4799	3
4800	0
4801	6
4802	2
4803	3
4804	3
4805	5
4806	3
4807	5
4808	0
4809	1
4810	2
4811	5
4812	2
4813	10
4814	10
4815	2
4816	5
4817	5
4818	2
4819	3
4820	3
4821	3
4822	3
4823	2
4824	4
4825	3
4826	3
4827	6
4828	5
4829	2
4830	2
4831	3
4832	1
4833	1
4834	3
4835	2
4836	3
4837	4
4838	4
4839	3
4840	2
4841	2
4842	6
4843	3
4844	2
4845	4
4846	4
4847	1
4848	3
4849	8
4850	6
4851	6
4852	4
4853	5
4854	1
4855	2
4856	2
4857	3
4858	0
4859	3
4860	3
4861	4
4862	2
4863	3
4864	9
4865	4
4866	2
4867	4
4868	1
4869	1
4870	1
4871	3
4872	7
4873	6
4874	5
4875	5
4876	2
4877	4
4878	6
4879	5
4880	2
4881	2
4882	4
4883	3
4884	2
4885	3
4886	4
4887	6
4888	2
4889	3
4890	1
4891	3
4892	2
4893	4
4894	2
4895	1
4896	2
4897	2
4898	1
4899	0
4900	4
4901	2
4902	3
4903	4
4904	3
4905	1
4906	3
4907	5
4908	1
4909	1
4910	3
4911	3
4912	3
4913	3
4914	4
4915	2
4916	2
4917	2
4918	2
4919	2
4920	5
4921	1
4922	1
4923	5
4924	3
4925	1
4926	3
4927	1
4928	4
4929	3
4930	1
4931	2
4932	2
4933	4
4934	1
4935	1
4936	3
4937	1
4938	0
4939	1
4940	2
4941	2
4942	4
4943	1
4944	3
4945	1
4946	2
4947	0
4948	0
4949	4
4950	3
4951	2
4952	2
4953	1
4954	1
4955	1
4956	1
4957	3
4958	1
4959	0
4960	4
4961	2
4962	1
4963	0
4964	0
4965	3
4966	2
4967	0
4968	3
4969	0
4970	0
4971	0
4972	2
4973	1
4974	0
4975	0
4976	3
4977	1
4978	0
4979	3
4980	0
4981	1
4982	1
4983	0
4984	1
4985	2
4986	0
4987	0
4988	3
4989	1
4990	1
4991	2
4992	1
4993	1
4994	2
4995	1
4996	0
4997	1
4998	0
4999	2
5000	1
5001	2
5002	0
5003	2
5004	1
5005	0
5006	2
5007	2
5008	3
5009	2
5010	0
5011	2
5012	0
5013	1
5014	1
5015	2
5016	1
5017	0
5018	0
5019	1
5020	0
5021	1
5022	0
5023	0
5024	0
5025	0
5026	0
5027	1
5028	2
5029	0
5030	1
5031	0
5032	3
5033	1
5034	1
5035	1
5036	0
5037	0
5038	2
5039	1
5040	2
5041	0
5042	0
5043	1
5044	1
5045	0
5046	0
5047	2
5048	0
5049	1
5050	0
5051	0
5052	1
5053	1
5054	1
5055	2
5056	0
5057	0
5058	0
5059	0
5060	0
5061	0
5062	1
5063	0
5064	0
5065	2
5066	0
5067	1
5068	0
5069	1
5070	1
5071	0
5072	1
5073	3
5074	0
5075	0
5076	0
5077	0
5078	1
5079	0
5080	0
5081	1
5082	0
5083	0
5084	2
5085	0
5086	0
5087	0
5088	3
5089	1
5090	1
5091	1
5092	1
5093	0
5094	1
5095	0
5096	0
5097	1
5098	1
5099	2
5100	1
5101	0
5102	0
5103	2
5104	0
5105	0
5106	0
5107	1
5108	1
5109	1
5110	2
5111	0
5112	2
5113	0
5114	0
5115	2
5116	1
5117	1
5118	1
5119	1
5120	2
5121	0
5122	1
5123	1
5124	0
5125	0
5126	1
5127	0
5128	0
5129	1
5130	0
5131	0
5132	1
5133	0
5134	0
5135	0
5136	0
5137	1
5138	2
5139	0
5140	1
5141	0
5142	0
5143	0
5144	0
5145	0
5146	1
5147	1
5148	0
5149	0
5150	1
5151	0
5152	0
5153	0
5154	2
5155	0
5156	1
5157	1
5158	0
5159	0
5160	1
5161	1
5162	0
5163	1
5164	2
5165	0
5166	1
5167	0
5168	0
5169	1
5170	2
5171	2
5172	0
5173	1
5174	0
5175	0
5176	1
5177	0
5178	1
5179	0
5180	0
5181	0
5182	0
5183	0
5184	1
5185	0
5186	1
5187	1
5188	0
5189	1
5190	0
5191	3
5192	0
5193	0
5194	1
5195	1
5196	1
5197	2
5198	0
5199	0
5200	0
5201	1
5202	0
5203	1
5204	0
5205	1
5206	1
5207	0
5208	1
5209	1
5210	0
5211	0
5212	0
5213	3
5214	0
5215	0
5216	0
5217	0
5218	0
5219	1
5220	1
5221	0
5222	0
5223	2
5224	1
5225	0
5226	1
5227	1
5228	1
5229	0
5230	1
5231	0
5232	1
5233	0
5234	0
5235	0
5236	0
5237	0
5238	1
5239	0
5240	1
5241	2
5242	0
5243	1
5244	1
5245	1
5246	0
5247	1
5248	0
5249	1
5250	0
5251	0
5252	2
5253	0
5254	0
5255	0
5256	1
5257	0
5258	1
5259	1
5260	0
5261	1
5262	0
5263	0
5264	0
5265	0
5266	0
5267	1
5268	0
5269	1
5270	1
5271	2
5272	1
5273	0
5274	0
5275	0
5276	0
5277	1
5278	0
5279	0
5280	1
5281	1
5282	2
5283	0
5284	0
5285	1
5286	0
5287	0
5288	0
5289	0
5290	3
5291	1
5292	0
5293	1
5294	1
5295	0
5296	0
5297	1
5298	0
5299	0
5300	0
5301	0
5302	0
5303	3
5304	0
5305	1
5306	1
5307	0
5308	0
5309	1
5310	2
5311	0
5312	0
5313	1
5314	0
5315	1
5316	0
5317	0
5318	0
5319	0
5320	3
5321	0
5322	0
5323	0
5324	2
5325	0
5326	0
5327	0
5328	1
5329	0
5330	0
5331	0
5332	0
5333	2
5334	0
5335	0
5336	0
5337	0
5338	0
5339	1
5340	1
5341	0
5342	0
5343	1
5344	0
5345	0
5346	1
5347	0
5348	0
5349	0
5350	0
5351	0
5352	0
5353	1
5354	2
5355	0
5356	0
5357	0
5358	0
5359	0
5360	0
5361	0
5362	1
5363	0
5364	1
5365	0
5366	0
5367	1
5368	1
5369	1
5370	0
5371	0
5372	0
5373	1
5374	1
5375	1
5376	1
5377	0
5378	0
5379	0
5380	0
5381	1
5382	0
5383	0
5384	1
5385	0
5386	1
5387	2
5388	0
5389	0
5390	4
5391	1
5392	0
5393	0
5394	2
5395	0
5396	1
5397	0
5398	1
5399	0
5400	1
5401	0
5402	2
5403	1
5404	1
5405	0
5406	1
5407	1
5408	1
5409	0
5410	0
5411	1
5412	3
5413	0
5414	0
5415	0
5416	2
5417	1
5418	1
5419	1
5420	0
5421	1
5422	1
5423	0
5424	0
5425	0
5426	0
5427	1
5428	1
5429	0
5430	1
5431	1
5432	2
5433	0
5434	0
5435	1
5436	0
5437	0
5438	0
5439	0
5440	1
5441	1
5442	1
5443	1
5444	0
5445	1
5446	1
5447	0
5448	0
5449	0
5450	1
5451	1
5452	0
5453	0
5454	0
5455	0
5456	1
5457	1
5458	1
5459	0
5460	2
5461	1
5462	0
5463	0
5464	0
5465	1
5466	1
5467	1
5468	1
5469	1
5470	0
5471	1
5472	0
5473	1
5474	0
5475	0
5476	0
5477	1
5478	1
5479	0
5480	0
5481	0
5482	0
5483	1
5484	2
5485	0
5486	0
5487	0
5488	0
5489	0
5490	1
5491	0
5492	0
5493	2
5494	0
5495	0
5496	2
5497	0
5498	0
5499	1
5500	0
5501	0
5502	0
5503	0
5504	2
5505	0
5506	0
5507	1
5508	0
5509	1
5510	0
5511	2
5512	0
5513	1
5514	1
5515	0
5516	0
5517	0
5518	0
5519	0
5520	1
5521	1
5522	0
5523	0
5524	1
5525	0
5526	1
5527	1
5528	2
5529	1
5530	0
5531	2
5532	1
5533	1
5534	1
5535	1
5536	1
5537	1
5538	3
5539	2
5540	1
5541	0
5542	0
5543	1
5544	0
5545	0
5546	0
5547	0
5548	1
5549	0
5550	0
5551	1
5552	1
5553	0
5554	1
5555	0
5556	1
5557	0
5558	0
5559	0
5560	0
5561	0
5562	0
5563	0
5564	2
5565	0
5566	0
5567	1
5568	3
5569	0
5570	0
5571	0
5572	1
5573	1
5574	0
5575	1
5576	1
5577	0
5578	1
5579	0
5580	1
5581	1
5582	0
5583	0
5584	0
5585	0
5586	0
5587	0
5588	1
5589	0
5590	1
5591	0
5592	0
5593	0
5594	1
5595	1
5596	0
5597	1
5598	1
5599	0
5600	1
5601	1
5602	0
5603	1
5604	1
5605	1
5606	1
5607	1
5608	0
5609	0
5610	1
5611	0
5612	0
5613	3
5614	0
5615	0
5616	0
5617	0
5618	0
5619	1
5620	0
5621	0
5622	0
5623	1
5624	0
5625	1
5626	1
5627	0
5628	1
5629	1
5630	0
5631	1
5632	0
5633	0
5634	0
5635	0
5636	1
5637	0
5638	1
5639	0
5640	0
5641	0
5642	0
5643	0
5644	2
5645	1
5646	1
5647	0
5648	0
5649	0
5650	0
5651	1
5652	2
5653	0
5654	1
5655	0
5656	1
5657	0
5658	0
5659	1
5660	0
5661	1
5662	0
5663	0
5664	1
5665	0
5666	0
5667	0
5668	0
5669	0
5670	0
5671	1
5672	0
5673	0
5674	0
5675	0
5676	0
5677	0
5678	1
5679	1
5680	0
5681	0
5682	0
5683	1
5684	0
5685	2
5686	0
5687	0
5688	0
5689	0
5690	0
5691	0
5692	0
5693	1
5694	0
5695	0
5696	1
5697	2
5698	0
5699	0
5700	0
5701	0
5702	2
5703	2
5704	1
5705	3
5706	1
5707	2
5708	0
5709	0
5710	2
5711	1
5712	1
5713	1
5714	0
5715	0
5716	2
5717	1
5718	1
5719	0
5720	1
5721	2
5722	2
5723	0
5724	1
5725	0
5726	1
5727	0
5728	2
5729	1
5730	1
5731	0
5732	0
5733	0
5734	0
5735	2
5736	0
5737	0
5738	0
5739	1
5740	0
5741	2
5742	0
5743	0
5744	0
5745	1
5746	1
5747	1
5748	0
5749	1
5750	0
5751	1
5752	0
5753	0
5754	2
5755	0
5756	0
5757	0
5758	1
5759	0
5760	0
5761	0
5762	0
5763	1
5764	2
5765	0
5766	0
5767	0
5768	2
5769	0
5770	0
5771	0
5772	1
5773	0
5774	0
5775	0
5776	1
5777	0
5778	0
5779	0
5780	0
5781	0
5782	1
5783	0
5784	0
5785	1
5786	0
5787	0
5788	0
5789	0
5790	0
5791	0
5792	1
5793	0
5794	0
5795	0
5796	0
5797	0
5798	0
5799	1
5800	0
5801	0
5802	0
5803	1
5804	0
5805	0
5806	0
5807	0
5808	0
5809	1
5810	2
5811	0
5812	0
5813	0
5814	2
5815	1
5816	0
5817	0
5818	1
5819	2
5820	0
5821	0
5822	1
5823	0
5824	0
5825	0
5826	1
5827	0
5828	2
5829	3
5830	0
5831	0
5832	0
5833	0
5834	0
5835	0
5836	0
5837	0
5838	0
5839	0
5840	0
5841	1
5842	0
5843	1
5844	0
5845	0
5846	1
5847	0
5848	0
5849	0
5850	0
5851	2
5852	0
5853	0
5854	1
5855	1
5856	1
5857	1
5858	0
5859	0
5860	2
5861	0
5862	0
5863	2
5864	0
5865	0
5866	0
5867	1
5868	1
5869	0
5870	1
5871	0
5872	0
5873	0
5874	1
5875	0
5876	1
5877	0
5878	0
5879	0
5880	1
5881	0
5882	0
5883	0
5884	1
5885	0
5886	0
5887	0
5888	0
5889	0
5890	0
5891	1
5892	0
5893	1
5894	0
5895	0
5896	0
5897	2
5898	2
5899	2
5900	1
5901	0
5902	0
5903	1
5904	0
5905	0
5906	0
5907	1
5908	0
5909	0
5910	1
5911	0
5912	0
5913	2
5914	0
5915	0
5916	0
5917	0
5918	0
5919	1
5920	0
5921	0
5922	1
5923	1
5924	1
5925	0
5926	2
5927	0
5928	0
5929	0
5930	1
5931	1
5932	1
5933	1
5934	0
5935	0
5936	0
5937	0
5938	0
5939	0
5940	1
5941	1
5942	0
5943	1
5944	0
5945	2
5946	0
5947	0
5948	0
5949	0
5950	0
5951	0
5952	0
5953	0
5954	1
5955	1
5956	1
5957	0
5958	1
5959	0
5960	1
5961	0
5962	1
5963	0
5964	0
5965	0
5966	0
5967	1
5968	1
5969	0
5970	0
5971	0
5972	1
5973	0
5974	0
5975	1
5976	0
5977	1
5978	0
5979	1
5980	0
5981	0
5982	0
5983	3
5984	1
5985	0
5986	0
5987	1
5988	0
5989	1
5990	0
5991	0
5992	3
5993	0
5994	0
5995	0
5996	0
5997	0
5998	3
5999	0
6000	1
6001	2
6002	1
6003	0
6004	0
6005	1
6006	1
6007	0
6008	1
6009	1
6010	0
6011	0
6012	0
6013	1
6014	1
6015	1
6016	1
6017	0
6018	1
6019	1
6020	0
6021	0
6022	0
6023	0
6024	1
6025	0
6026	0
6027	0
6028	0
6029	0
6030	0
6031	1
6032	1
6033	0
6034	1
6035	0
6036	1
6037	1
6038	0
6039	0
6040	0
6041	1
6042	1
6043	1
6044	0
6045	1
6046	0
6047	0
6048	0
6049	1
6050	0
6051	0
6052	1
6053	0
6054	1
6055	0
6056	0
6057	0
6058	1
6059	0
6060	0
6061	0
6062	1
6063	0
6064	0
6065	0
6066	0
6067	0
6068	0
6069	0
6070	0
6071	0
6072	1
6073	1
6074	0
6075	0
6076	0
6077	0
6078	0
6079	0
6080	1
6081	0
6082	0
6083	0
6084	0
6085	0
6086	0
6087	0
6088	0
6089	0
6090	0
6091	1
6092	0
6093	0
6094	0
6095	1
6096	1
6097	0
6098	0
6099	0
6100	0
6101	1
6102	0
6103	0
6104	0
6105	0
6106	1
6107	0
6108	0
6109	1
6110	0
6111	0
6112	0
6113	0
6114	0
6115	0
6116	0
6117	0
6118	0
6119	0
6120	1
6121	0
6122	1
6123	0
6124	2
6125	1
6126	0
6127	0
6128	0
6129	0
6130	0
6131	1
6132	0
6133	1
6134	0
6135	0
6136	1
6137	0
6138	1
6139	0
6140	1
6141	1
6142	0
6143	0
6144	2
6145	0
6146	0
6147	0
6148	0
6149	0
6150	2
6151	0
6152	0
6153	1
6154	0
6155	1
6156	1
6157	0
6158	0
6159	0
6160	0
6161	2
6162	0
6163	0
6164	0
6165	0
6166	2
6167	0
6168	0
6169	0
6170	0
6171	0
6172	1
6173	1
6174	0
6175	0
6176	1
6177	0
6178	1
6179	2
6180	0
6181	0
6182	0
6183	4
6184	0
6185	0
6186	1
6187	0
6188	0
6189	1
6190	2
6191	0
6192	1
6193	0
6194	0
6195	0
6196	1
6197	0
6198	1
6199	3
6200	0
6201	0
6202	0
6203	1
6204	1
6205	1
6206	0
6207	0
6208	1
6209	0
6210	1
6211	0
6212	0
6213	1
6214	1
6215	1
6216	0
6217	1
6218	0
6219	2
6220	1
6221	0
6222	0
6223	0
6224	2
6225	0
6226	0
6227	1
6228	0
6229	2
6230	0
6231	0
6232	0
6233	1
6234	0
6235	0
6236	0
6237	0
6238	0
6239	0
6240	0
6241	0
6242	0
6243	0
6244	0
6245	0
6246	0
6247	1
6248	0
6249	0
6250	0
6251	0
6252	0
6253	0
6254	1
6255	0
6256	1
6257	3
6258	1
6259	0
6260	1
6261	0
6262	0
6263	1
6264	1
6265	0
6266	0
6267	0
6268	2
6269	1
6270	0
6271	0
6272	1
6273	0
6274	0
6275	1
6276	0
6277	1
6278	0
6279	0
6280	1
6281	0
6282	0
6283	0
6284	1
6285	0
6286	0
6287	0
6288	0
6289	0
6290	1
6291	1
6292	0
6293	0
6294	0
6295	0
6296	0
6297	0
6298	0
6299	0
6300	1
6301	0
6302	2
6303	0
6304	0
6305	0
6306	0
6307	2
6308	1
6309	2
6310	0
6311	0
6312	0
6313	1
6314	0
6315	0
6316	1
6317	1
6318	1
6319	0
6320	0
6321	0
6322	0
6323	0
6324	0
6325	0
6326	0
6327	0
6328	2
6329	0
6330	0
6331	0
6332	0
6333	2
6334	2
6335	0
6336	0
6337	0
6338	0
6339	3
6340	1
6341	1
6342	1
6343	1
6344	0
6345	0
6346	0
6347	1
6348	0
6349	0
6350	0
6351	0
6352	0
6353	0
6354	0
6355	0
6356	1
6357	0
6358	2
6359	1
6360	0
6361	0
6362	0
6363	0
6364	0
6365	0
6366	1
6367	1
6368	0
6369	1
6370	0
6371	1
6372	0
6373	1
6374	0
6375	2
6376	0
6377	1
6378	0
6379	0
6380	0
6381	2
6382	1
6383	0
6384	1
6385	2
6386	2
6387	0
6388	0
6389	1
6390	1
6391	0
6392	0
6393	0
6394	0
6395	0
6396	0
6397	0
6398	1
6399	0
6400	1
6401	0
6402	0
6403	1
6404	1
6405	1
6406	0
6407	2
6408	0
6409	1
6410	2
6411	0
6412	0
6413	0
6414	0
6415	1
6416	1
6417	0
6418	0
6419	1
6420	1
6421	0
6422	1
6423	3
6424	2
6425	0
6426	0
6427	1
6428	1
6429	0
6430	1
6431	0
6432	0
6433	1
6434	1
6435	1
6436	1
6437	1
6438	0
6439	2
6440	1
6441	0
6442	0
6443	0
6444	0
6445	1
6446	0
6447	0
6448	2
6449	0
6450	0
6451	1
6452	0
6453	0
6454	0
6455	0
6456	0
6457	0
6458	0
6459	0
6460	0
6461	1
6462	1
6463	1
6464	0
6465	0
6466	0
6467	0
6468	2
6469	1
6470	1
6471	0
6472	0
6473	0
6474	1
6475	0
6476	0
6477	0
6478	0
6479	0
6480	0
6481	2
6482	0
6483	2
6484	0
6485	0
6486	2
6487	1
6488	0
6489	0
6490	1
6491	1
6492	0
6493	0
6494	1
6495	0
6496	0
6497	1
6498	0
6499	1
6500	0
6501	1
6502	2
6503	0
6504	0
6505	0
6506	0
6507	0
6508	2
6509	0
6510	0
6511	2
6512	1
6513	0
6514	1
6515	0
6516	0
6517	2
6518	0
6519	0
6520	0
6521	1
6522	0
6523	1
6524	0
6525	0
6526	1
6527	0
6528	1
6529	0
6530	2
6531	0
6532	0
6533	0
6534	1
6535	2
6536	0
6537	0
6538	1
6539	1
6540	0
6541	1
6542	0
6543	0
6544	0
6545	0
6546	0
6547	1
6548	0
6549	0
6550	0
6551	0
6552	0
6553	0
6554	0
6555	1
6556	1
6557	0
6558	1
6559	0
6560	2
6561	0
6562	0
6563	0
6564	0
6565	1
6566	0
6567	1
6568	0
6569	1
6570	1
6571	0
6572	0
6573	1
6574	0
6575	0
6576	1
6577	0
6578	0
6579	1
6580	1
6581	0
6582	0
6583	0
6584	2
6585	1
6586	2
6587	1
6588	0
6589	1
6590	0
6591	1
6592	1
6593	2
6594	0
6595	0
6596	0
6597	0
6598	0
6599	1
6600	0
6601	1
6602	0
6603	1
6604	1
6605	2
6606	1
6607	1
6608	1
6609	0
6610	0
6611	0
6612	1
6613	2
6614	0
6615	0
6616	1
6617	0
6618	0
6619	0
6620	0
6621	0
6622	0
6623	0
6624	0
6625	0
6626	0
6627	0
6628	1
6629	0
6630	0
6631	0
6632	0
6633	1
6634	2
6635	1
6636	3
6637	1
6638	0
6639	0
6640	1
6641	0
6642	0
6643	2
6644	1
6645	0
6646	1
6647	0
6648	1
6649	0
6650	0
6651	0
6652	0
6653	0
6654	1
6655	0
6656	0
6657	1
6658	2
6659	0
6660	0
6661	1
6662	1
6663	1
6664	0
6665	0
6666	1
6667	0
6668	0
6669	0
6670	0
6671	0
6672	0
6673	0
6674	0
6675	0
6676	1
6677	1
6678	0
6679	1
6680	0
6681	0
6682	0
6683	1
6684	0
6685	0
6686	0
6687	2
6688	0
6689	1
6690	1
6691	1
6692	0
6693	1
6694	3
6695	1
6696	0
6697	0
6698	0
6699	0
6700	0
6701	0
6702	0
6703	1
6704	1
6705	0
6706	2
6707	0
6708	1
6709	0
6710	0
6711	0
6712	0
6713	2
6714	2
6715	0
6716	0
6717	1
6718	0
6719	2
6720	0
6721	0
6722	1
6723	0
6724	1
6725	0
6726	1
6727	0
6728	0
6729	1
6730	3
6731	0
6732	0
6733	0
6734	0
6735	0
6736	0
6737	0
6738	0
6739	0
6740	0
6741	2
6742	0
6743	0
6744	0
6745	1
6746	1
6747	0
6748	0
6749	0
6750	1
6751	2
6752	2
6753	1
6754	1
6755	0
6756	1
6757	1
6758	1
6759	0
6760	1
6761	0
6762	1
6763	0
6764	0
6765	0
6766	0
6767	0
6768	1
6769	0
6770	1
6771	0
6772	1
6773	0
6774	1
6775	0
6776	0
6777	0
6778	0
6779	1
6780	1
6781	0
6782	0
6783	0
6784	1
6785	1
6786	1
6787	2
6788	0
6789	1
6790	0
6791	1
6792	1
6793	0
6794	0
6795	0
6796	0
6797	0
6798	1
6799	0
6800	0
6801	1
6802	0
6803	1
6804	0
6805	2
6806	1
6807	0
6808	0
6809	0
6810	0
6811	1
6812	0
6813	0
6814	1
6815	1
6816	2
6817	0
6818	1
6819	0
6820	1
6821	0
6822	0
6823	0
6824	0
6825	0
6826	0
6827	1
6828	0
6829	0
6830	1
6831	0
6832	1
6833	1
6834	1
6835	0
6836	0
6837	0
6838	1
6839	0
6840	0
6841	1
6842	0
6843	2
6844	0
6845	0
6846	0
6847	1
6848	1
6849	0
6850	1
6851	0
6852	0
6853	0
6854	0
6855	1
6856	0
6857	1
6858	2
6859	1
6860	0
6861	0
6862	1
6863	2
6864	0
6865	0
6866	1
6867	2
6868	0
6869	0
6870	0
6871	0
6872	1
6873	0
6874	0
6875	0
6876	0
6877	1
6878	0
6879	1
6880	1
6881	1
6882	0
6883	1
6884	0
6885	2
6886	2
6887	0
6888	0
6889	1
6890	1
6891	0
6892	0
6893	0
6894	0
6895	1
6896	1
6897	0
6898	1
6899	0
6900	0
6901	0
6902	0
6903	1
6904	0
6905	0
6906	0
6907	0
6908	0
6909	0
6910	1
6911	0
6912	1
6913	0
6914	0
6915	0
6916	0
6917	0
6918	1
6919	0
6920	1
6921	0
6922	0
6923	4
6924	0
6925	0
6926	0
6927	2
6928	1
6929	0
6930	0
6931	0
6932	1
6933	0
6934	0
6935	0
6936	0
6937	0
6938	1
6939	0
6940	0
6941	1
6942	2
6943	2
6944	0
6945	0
6946	0
6947	1
6948	0
6949	1
6950	0
6951	0
6952	0
6953	0
6954	2
6955	0
6956	1
6957	1
6958	0
6959	1
6960	0
6961	0
6962	0
6963	0
6964	0
6965	0
6966	0
6967	0
6968	0
6969	0
6970	1
6971	0
6972	0
6973	1
6974	0
6975	0
6976	0
6977	0
6978	3
6979	1
6980	0
6981	1
6982	2
6983	0
6984	0
6985	0
6986	1
6987	0
6988	0
6989	1
6990	1
6991	1
6992	0
6993	0
6994	0
6995	1
6996	1
6997	1
6998	1
6999	0
7000	0
7001	1
7002	1
7003	1
7004	1
7005	0
7006	0
7007	0
7008	0
7009	0
7010	1
7011	0
7012	0
7013	0
7014	1
7015	0
7016	0
7017	1
7018	1
7019	0
7020	0
7021	0
7022	0
7023	0
7024	0
7025	0
7026	0
7027	2
7028	0
7029	0
7030	0
7031	0
7032	0
7033	0
7034	0
7035	1
7036	0
7037	0
7038	0
7039	0
7040	0
7041	0
7042	0
7043	0
7044	1
7045	1
7046	0
7047	0
7048	0
7049	0
7050	0
7051	0
7052	0
7053	0
7054	1
7055	0
7056	0
7057	2
7058	0
7059	0
7060	0
7061	0
7062	0
7063	0
7064	0
7065	0
7066	0
7067	0
7068	0
7069	2
7070	1
7071	0
7072	1
7073	0
7074	0
7075	0
7076	2
7077	0
7078	0
7079	0
7080	1
7081	0
7082	0
7083	0
7084	0
7085	0
7086	0
7087	0
7088	0
7089	2
7090	0
7091	0
7092	0
7093	0
7094	0
7095	1
7096	1
7097	0
7098	0
7099	0
7100	0
7101	1
7102	1
7103	0
7104	1
7105	0
7106	0
7107	1
7108	0
7109	0
7110	2
7111	0
7112	0
7113	0
7114	0
7115	0
7116	0
7117	0
7118	0
7119	0
7120	1
7121	0
7122	3
7123	0
7124	1
7125	1
7126	0
7127	0
7128	0
7129	1
7130	0
7131	0
7132	0
7133	0
7134	0
7135	0
7136	0
7137	0
7138	0
7139	1
7140	0
7141	1
7142	0
7143	0
7144	0
7145	2
7146	0
7147	0
7148	0
7149	0
7150	0
7151	0
7152	0
7153	0
7154	0
7155	1
7156	1
7157	0
7158	0
7159	0
7160	1
7161	0
7162	0
7163	0
7164	0
7165	0
7166	0
7167	1
7168	0
7169	0
7170	0
7171	1
7172	0
7173	1
7174	0
7175	1
7176	1
7177	0
7178	1
7179	0
7180	0
7181	1
7182	0
7183	0
7184	1
7185	0
7186	0
7187	0
7188	1
7189	0
7190	0
7191	0
7192	0
7193	0
7194	0
7195	0
7196	2
7197	0
7198	0
7199	0
7200	0
7201	1
7202	1
7203	0
7204	0
7205	0
7206	0
7207	1
7208	0
7209	0
7210	1
7211	0
7212	0
7213	0
7214	0
7215	1
7216	1
7217	0
7218	2
7219	1
7220	0
7221	0
7222	0
7223	0
7224	0
7225	0
7226	0
7227	0
7228	1
7229	0
7230	1
7231	0
7232	1
7233	0
7234	0
7235	1
7236	0
7237	1
7238	1
7239	0
7240	0
7241	0
7242	0
7243	1
7244	0
7245	1
7246	1
7247	0
7248	2
7249	0
7250	0
7251	0
7252	0
7253	0
7254	0
7255	0
7256	1
7257	0
7258	0
7259	0
7260	0
7261	0
7262	1
7263	0
7264	0
7265	2
7266	0
7267	0
7268	0
7269	0
7270	0
7271	0
7272	0
7273	1
7274	0
7275	1
7276	0
7277	2
7278	1
7279	0
7280	0
7281	0
7282	1
7283	0
7284	0
7285	0
7286	0
7287	0
7288	0
7289	0
7290	0
7291	0
7292	0
7293	2
7294	2
7295	0
7296	2
7297	0
7298	0
7299	0
7300	0
7301	1
7302	0
7303	0
7304	0
7305	1
7306	0
7307	0
7308	2
7309	0
7310	0
7311	0
7312	0
7313	0
7314	2
7315	0
7316	0
7317	0
7318	0
7319	0
7320	1
7321	1
7322	0
7323	0
7324	0
7325	1
7326	0
7327	0
7328	0
7329	0
7330	0
7331	1
7332	1
7333	1
7334	0
7335	0
7336	0
7337	0
7338	0
7339	0
7340	0
7341	0
7342	0
7343	1
7344	1
7345	1
7346	0
7347	1
7348	0
7349	0
7350	0
7351	1
7352	0
7353	0
7354	0
7355	0
7356	0
7357	2
7358	1
7359	1
7360	0
7361	0
7362	0
7363	1
7364	0
7365	0
7366	0
7367	0
7368	1
7369	0
7370	0
7371	1
7372	0
7373	0
7374	0
7375	0
7376	0
7377	0
7378	0
7379	1
7380	0
7381	0
7382	0
7383	0
7384	0
7385	0
7386	0
7387	0
7388	0
7389	0
7390	0
7391	0
7392	0
7393	0
7394	0
7395	0
7396	0
7397	0
7398	0
7399	0
7400	0
7401	0
7402	1
7403	0
7404	1
7405	0
7406	1
7407	0
7408	1
7409	0
7410	0
7411	0
7412	0
7413	0
7414	1
7415	0
7416	1
7417	0
7418	0
7419	0
7420	0
7421	0
7422	0
7423	0
7424	0
7425	0
7426	1
7427	1
7428	0
7429	0
7430	0
7431	0
7432	0
7433	0
7434	1
7435	0
7436	0
7437	0
7438	0
7439	0
7440	0
7441	0
7442	2
7443	1
7444	0
7445	0
7446	0
7447	0
7448	0
7449	0
7450	0
7451	0
7452	0
7453	1
7454	1
7455	0
7456	0
7457	0
7458	0
7459	0
7460	0
7461	1
7462	0
7463	0
7464	0
7465	0
7466	0
7467	0
7468	2
7469	0
7470	1
7471	1
7472	0
7473	1
7474	0
7475	0
7476	0
7477	0
7478	0
7479	0
7480	2
7481	0
7482	2
7483	0
7484	0
7485	0
7486	1
7487	0
7488	0
7489	0
7490	2
7491	0
7492	0
7493	0
7494	0
7495	0
7496	1
7497	2
7498	1
7499	0
7500	1
7501	0
7502	0
7503	0
7504	1
7505	1
7506	1
7507	0
7508	1
7509	0
7510	1
7511	0
7512	2
7513	0
7514	0
7515	1
7516	0
7517	0
7518	1
7519	0
7520	1
7521	0
7522	0
7523	0
7524	1
7525	0
7526	1
7527	0
7528	0
7529	0
7530	0
7531	2
7532	0
7533	0
7534	0
7535	1
7536	0
7537	0
7538	0
7539	1
7540	0
7541	0
7542	0
7543	0
7544	0
7545	0
7546	1
7547	0
7548	0
7549	0
7550	0
7551	0
7552	1
7553	0
7554	1
7555	1
7556	1
7557	1
7558	0
7559	0
7560	1
7561	0
7562	0
7563	1
7564	0
7565	0
7566	0
7567	2
7568	0
7569	0
7570	0
7571	0
7572	0
7573	0
7574	0
7575	1
7576	0
7577	0
7578	0
7579	0
7580	1
7581	2
7582	0
7583	0
7584	0
7585	0
7586	0
7587	0
7588	0
7589	0
7590	0
7591	1
7592	0
7593	1
7594	0
7595	0
7596	2
7597	2
7598	0
7599	0
7600	0
7601	0
7602	0
7603	2
7604	1
7605	0
7606	1
7607	0
7608	0
7609	0
7610	0
7611	0
7612	0
7613	1
7614	1
7615	1
7616	1
7617	0
7618	1
7619	0
7620	0
7621	0
7622	0
7623	0
7624	0
7625	0
7626	0
7627	0
7628	0
7629	0
7630	0
7631	0
7632	1
7633	1
7634	0
7635	0
7636	0
7637	0
7638	2
7639	0
7640	1
7641	1
7642	1
7643	1
7644	0
7645	0
7646	1
7647	0
7648	0
7649	0
7650	0
7651	0
7652	1
7653	0
7654	0
7655	0
7656	1
7657	0
7658	1
7659	0
7660	0
7661	0
7662	0
7663	0
7664	0
7665	0
7666	0
7667	1
7668	0
7669	0
7670	0
7671	0
7672	0
7673	0
7674	0
7675	0
7676	0
7677	0
7678	1
7679	0
7680	0
7681	0
7682	1
7683	0
7684	0
7685	0
7686	0
7687	0
7688	0
7689	0
7690	0
7691	0
7692	0
7693	0
7694	0
7695	0
7696	1
7697	1
7698	0
7699	0
7700	1
7701	0
7702	0
7703	0
7704	0
7705	0
7706	1
7707	1
7708	0
7709	0
7710	0
7711	0
7712	0
7713	0
7714	0
7715	0
7716	1
7717	0
7718	0
7719	1
7720	0
7721	0
7722	1
7723	0
7724	0
7725	0
7726	0
7727	1
7728	1
7729	0
7730	0
7731	0
7732	0
7733	1
7734	0
7735	0
7736	0
7737	0
7738	0
7739	0
7740	0
7741	1
7742	0
7743	0
7744	1
7745	1
7746	0
7747	0
7748	1
7749	0
7750	0
7751	0
7752	0
7753	0
7754	1
7755	0
7756	0
7757	0
7758	0
7759	1
7760	2
7761	1
7762	0
7763	0
7764	0
7765	0
7766	0
7767	1
7768	0
7769	1
7770	0
7771	0
7772	1
7773	2
7774	0
7775	0
7776	0
7777	0
7778	0
7779	0
7780	2
7781	0
7782	0
7783	1
7784	0
7785	0
7786	0
7787	0
7788	1
7789	0
7790	2
7791	1
7792	1
7793	0
7794	0
7795	1
7796	0
7797	0
7798	2
7799	0
7800	0
7801	0
7802	0
7803	0
7804	0
7805	1
7806	0
7807	0
7808	1
7809	0
7810	0
7811	1
7812	0
7813	0
7814	1
7815	1
7816	1
7817	1
7818	1
7819	1
7820	1
7821	0
7822	0
7823	0
7824	0
7825	0
7826	1
7827	0
7828	0
7829	0
7830	0
7831	1
7832	0
7833	0
7834	0
7835	0
7836	0
7837	0
7838	0
7839	1
7840	1
7841	0
7842	0
7843	0
7844	0
7845	0
7846	0
7847	0
7848	0
7849	0
7850	2
7851	1
7852	1
7853	0
7854	1
7855	1
7856	0
7857	0
7858	1
7859	0
7860	0
7861	1
7862	0
7863	0
7864	1
7865	0
7866	0
7867	2
7868	0
7869	0
7870	0
7871	0
7872	0
7873	0
7874	0
7875	0
7876	0
7877	1
7878	0
7879	0
7880	1
7881	2
7882	0
7883	0
7884	1
7885	1
7886	2
7887	0
7888	0
7889	0
7890	0
7891	0
7892	1
7893	1
7894	0
7895	1
7896	1
7897	1
7898	0
7899	0
7900	1
7901	0
7902	0
7903	1
7904	0
7905	1
7906	0
7907	0
7908	0
7909	2
7910	1
7911	0
7912	1
7913	0
7914	0
7915	1
7916	0
7917	1
7918	0
7919	1
7920	0
7921	1
7922	1
7923	0
7924	0
7925	0
7926	0
7927	0
7928	1
7929	0
7930	0
7931	0
7932	0
7933	1
7934	0
7935	0
7936	0
7937	0
7938	2
7939	0
7940	0
7941	0
7942	1
7943	0
7944	1
7945	0
7946	1
7947	2
7948	0
7949	1
7950	0
7951	0
7952	1
7953	0
7954	0
7955	0
7956	1
7957	0
7958	1
7959	1
7960	1
7961	1
7962	1
7963	0
7964	0
7965	0
7966	0
7967	0
7968	0
7969	0
7970	0
7971	1
7972	0
7973	0
7974	0
7975	0
7976	0
7977	1
7978	2
7979	0
7980	0
7981	0
7982	1
7983	0
7984	0
7985	0
7986	0
7987	0
7988	0
7989	0
7990	0
7991	0
7992	0
7993	0
7994	2
7995	1
7996	1
7997	1
7998	1
7999	0
8000	0
8001	2
8002	1
8003	0
8004	0
8005	1
8006	0
8007	0
8008	1
8009	0
8010	0
8011	0
8012	0
8013	0
8014	0
8015	0
8016	0
8017	0
8018	0
8019	1
8020	1
8021	1
8022	0
8023	0
8024	0
8025	1
8026	1
8027	0
8028	0
8029	0
8030	2
8031	0
8032	0
8033	0
8034	1
8035	0
8036	0
8037	0
8038	0
8039	1
8040	2
8041	0
8042	0
8043	0
8044	1
8045	0
8046	0
8047	0
8048	2
8049	0
8050	1
8051	1
8052	0
8053	0
8054	0
8055	0
8056	0
8057	1
8058	0
8059	1
8060	0
8061	1
8062	0
8063	1
8064	1
8065	1
8066	0
8067	1
8068	0
8069	1
8070	1
8071	0
8072	0
8073	0
8074	1
8075	0
8076	0
8077	2
8078	0
8079	0
8080	1
8081	0
8082	0
8083	0
8084	0
8085	0
8086	0
8087	0
8088	0
8089	0
8090	0
8091	0
8092	0
8093	0
8094	0
8095	0
8096	0
8097	0
8098	0
8099	0
8100	0
8101	0
8102	0
8103	0
8104	0
8105	0
8106	0
8107	0
8108	0
8109	0
8110	0
8111	0
8112	0
8113	0
8114	0
8115	0
8116	0
8117	0
8118	0
8119	0
8120	0
8121	0
8122	0
8123	0
8124	0
8125	0
8126	0
8127	0
8128	0
8129	0
8130	0
8131	0
8132	0
8133	0
8134	0
8135	0
8136	0
8137	0
8138	0
8139	0
8140	0
8141	0
8142	0
8143	0
8144	0
8145	0
8146	0
8147	0
8148	0
8149	0
8150	0
8151	0
8152	0
8153	0
8154	0
8155	0
8156	0
8157	0
8158	0
8159	0
8160	0
8161	0
8162	0
8163	0
8164	0
8165	0
8166	0
8167	0
8168	0
8169	0
8170	0
8171	0
8172	0
8173	0
8174	0
8175	0
8176	0
8177	0
8178	0
8179	0
8180	0
8181	0
8182	0
8183	0
8184	0
8185	0
8186	0
8187	0
8188	0
8189	0
8190	0
8191	0
