0	0
1	0
2	0
3	0
4	0
5	0
6	0
7	0
8	0
9	0
10	0
11	0
12	0
13	0
14	0
15	0
16	0
17	0
18	0
19	0
20	0
21	0
22	0
23	0
24	0
25	0
26	0
27	0
28	0
29	0
30	0
31	0
32	0
33	0
34	0
35	0
36	0
37	0
38	0
39	0
40	0
41	0
42	0
43	0
44	0
45	0
46	0
47	0
48	0
49	0
50	0
51	0
52	0
53	0
54	0
55	0
56	0
57	0
58	0
59	0
60	0
61	0
62	0
63	0
64	0
65	0
66	0
67	0
68	0
69	0
70	0
71	0
72	0
73	0
74	0
75	0
76	0
77	0
78	0
79	0
80	0
81	0
82	0
83	0
84	1
85	0
86	3
87	6
88	10
89	8
90	15
91	11
92	10
93	9
94	8
95	12
96	13
97	3
98	11
99	3
100	7
101	6
102	13
103	4
104	11
105	2
106	7
107	12
108	6
109	6
110	7
111	4
112	10
113	11
114	7
115	11
116	7
117	4
118	6
119	11
120	12
121	6
122	9
123	17
124	4
125	10
126	10
127	9
128	4
129	7
130	6
131	6
132	10
133	6
134	9
135	11
136	6
137	8
138	9
139	10
140	9
141	5
142	5
143	8
144	10
145	6
146	9
147	9
148	10
149	10
150	9
151	12
152	7
153	13
154	9
155	10
156	5
157	7
158	6
159	9
160	14
161	6
162	11
163	7
164	9
165	5
166	6
167	11
168	10
169	7
170	10
171	14
172	9
173	8
174	7
175	10
176	12
177	11
178	7
179	7
180	7
181	9
182	11
183	12
184	5
185	2
186	9
187	11
188	10
189	7
190	9
191	12
192	9
193	12
194	13
195	6
196	4
197	10
198	2
199	10
200	8
201	12
202	5
203	6
204	12
205	9
206	13
207	7
208	6
209	5
210	3
211	4
212	10
213	8
214	8
215	13
216	6
217	8
218	9
219	11
220	9
221	13
222	7
223	5
224	11
225	8
226	7
227	12
228	5
229	13
230	15
231	10
232	6
233	16
234	8
235	9
236	9
237	9
238	8
239	7
240	9
241	13
242	7
243	4
244	6
245	12
246	5
247	7
248	8
249	10
250	12
251	5
252	7
253	8
254	16
255	9
256	7
257	8
258	10
259	14
260	15
261	14
262	10
263	7
264	11
265	9
266	3
267	9
268	14
269	9
270	9
271	9
272	8
273	10
274	10
275	11
276	10
277	12
278	8
279	10
280	8
281	10
282	6
283	9
284	8
285	15
286	9
287	8
288	12
289	9
290	9
291	10
292	12
293	12
294	12
295	9
296	9
297	10
298	13
299	6
300	11
301	7
302	9
303	13
304	12
305	10
306	6
307	15
308	12
309	9
310	13
311	10
312	10
313	13
314	14
315	12
316	1
317	17
318	16
319	8
320	5
321	7
322	7
323	12
324	9
325	10
326	6
327	8
328	6
329	5
330	10
331	18
332	10
333	11
334	16
335	12
336	8
337	11
338	16
339	7
340	13
341	10
342	9
343	9
344	18
345	10
346	10
347	9
348	6
349	16
350	9
351	8
352	7
353	12
354	18
355	9
356	15
357	10
358	14
359	12
360	11
361	13
362	13
363	7
364	11
365	11
366	11
367	13
368	12
369	7
370	13
371	13
372	13
373	16
374	7
375	12
376	12
377	11
378	11
379	11
380	10
381	9
382	10
383	18
384	5
385	9
386	12
387	10
388	13
389	8
390	18
391	15
392	9
393	11
394	10
395	9
396	15
397	10
398	8
399	9
400	9
401	10
402	4
403	13
404	12
405	13
406	10
407	17
408	9
409	9
410	11
411	8
412	13
413	13
414	10
415	12
416	16
417	9
418	8
419	6
420	13
421	8
422	9
423	17
424	8
425	11
426	8
427	10
428	14
429	13
430	13
431	9
432	13
433	13
434	13
435	5
436	10
437	17
438	14
439	8
440	7
441	14
442	7
443	17
444	20
445	12
446	10
447	12
448	14
449	9
450	7
451	20
452	11
453	9
454	12
455	14
456	14
457	11
458	11
459	16
460	14
461	8
462	11
463	9
464	10
465	11
466	15
467	12
468	12
469	8
470	10
471	9
472	9
473	9
474	10
475	9
476	7
477	14
478	15
479	19
480	9
481	12
482	9
483	13
484	16
485	13
486	8
487	19
488	11
489	12
490	13
491	16
492	14
493	13
494	17
495	13
496	16
497	9
498	19
499	12
500	24
501	21
502	11
503	12
504	16
505	8
506	11
507	17
508	10
509	5
510	12
511	14
512	12
513	10
514	15
515	17
516	20
517	12
518	17
519	16
520	12
521	16
522	7
523	7
524	10
525	11
526	17
527	19
528	10
529	14
530	13
531	18
532	18
533	18
534	21
535	14
536	20
537	18
538	13
539	23
540	16
541	19
542	14
543	18
544	23
545	21
546	11
547	15
548	14
549	12
550	20
551	15
552	14
553	24
554	19
555	18
556	15
557	14
558	25
559	20
560	17
561	19
562	22
563	22
564	19
565	30
566	15
567	24
568	16
569	21
570	23
571	24
572	22
573	22
574	24
575	27
576	17
577	20
578	15
579	23
580	16
581	16
582	23
583	27
584	25
585	16
586	23
587	20
588	17
589	16
590	17
591	26
592	25
593	20
594	24
595	21
596	17
597	26
598	21
599	21
600	31
601	25
602	25
603	22
604	22
605	24
606	25
607	28
608	20
609	33
610	20
611	24
612	21
613	11
614	21
615	22
616	25
617	13
618	19
619	24
620	15
621	24
622	16
623	23
624	15
625	18
626	24
627	19
628	27
629	22
630	17
631	22
632	26
633	14
634	17
635	18
636	17
637	18
638	19
639	18
640	19
641	19
642	22
643	20
644	22
645	16
646	23
647	16
648	30
649	14
650	16
651	20
652	23
653	22
654	24
655	26
656	24
657	17
658	13
659	23
660	20
661	12
662	19
663	14
664	19
665	18
666	17
667	26
668	19
669	16
670	16
671	21
672	23
673	17
674	12
675	15
676	19
677	18
678	17
679	15
680	11
681	15
682	25
683	17
684	21
685	17
686	19
687	15
688	27
689	17
690	9
691	17
692	13
693	28
694	18
695	22
696	18
697	13
698	18
699	21
700	25
701	18
702	22
703	19
704	17
705	18
706	12
707	12
708	29
709	20
710	16
711	16
712	15
713	16
714	16
715	12
716	15
717	15
718	17
719	17
720	17
721	17
722	13
723	22
724	15
725	19
726	21
727	7
728	15
729	16
730	18
731	20
732	19
733	12
734	22
735	17
736	19
737	14
738	16
739	20
740	16
741	14
742	13
743	21
744	7
745	16
746	13
747	17
748	14
749	24
750	21
751	17
752	20
753	19
754	17
755	11
756	11
757	17
758	11
759	21
760	12
761	13
762	20
763	10
764	15
765	11
766	13
767	15
768	18
769	18
770	14
771	18
772	14
773	20
774	15
775	20
776	15
777	16
778	15
779	19
780	11
781	17
782	11
783	12
784	16
785	13
786	18
787	15
788	17
789	10
790	16
791	18
792	12
793	15
794	23
795	21
796	12
797	26
798	13
799	25
800	7
801	14
802	18
803	18
804	18
805	19
806	10
807	27
808	11
809	14
810	21
811	22
812	18
813	25
814	15
815	18
816	15
817	21
818	20
819	16
820	22
821	19
822	23
823	11
824	18
825	26
826	13
827	13
828	17
829	17
830	18
831	23
832	20
833	17
834	23
835	22
836	16
837	19
838	21
839	12
840	19
841	21
842	19
843	19
844	20
845	11
846	26
847	10
848	21
849	10
850	17
851	20
852	15
853	17
854	11
855	20
856	11
857	29
858	22
859	18
860	20
861	20
862	14
863	22
864	18
865	16
866	29
867	22
868	29
869	13
870	18
871	21
872	18
873	14
874	22
875	16
876	19
877	12
878	22
879	14
880	15
881	27
882	25
883	14
884	21
885	20
886	15
887	24
888	21
889	27
890	18
891	14
892	22
893	20
894	16
895	26
896	16
897	17
898	18
899	20
900	22
901	25
902	20
903	22
904	22
905	12
906	27
907	16
908	17
909	19
910	18
911	13
912	23
913	29
914	23
915	18
916	20
917	23
918	20
919	22
920	21
921	16
922	13
923	17
924	15
925	14
926	22
927	26
928	23
929	21
930	22
931	17
932	14
933	16
934	16
935	21
936	17
937	18
938	21
939	19
940	16
941	20
942	21
943	19
944	20
945	25
946	19
947	20
948	20
949	20
950	19
951	17
952	23
953	22
954	15
955	23
956	17
957	20
958	25
959	35
960	27
961	19
962	22
963	18
964	19
965	17
966	21
967	26
968	12
969	26
970	18
971	24
972	21
973	18
974	18
975	22
976	16
977	23
978	17
979	23
980	22
981	23
982	16
983	19
984	22
985	28
986	25
987	23
988	28
989	21
990	24
991	18
992	22
993	24
994	24
995	24
996	23
997	23
998	22
999	19
1000	17
1001	21
1002	26
1003	22
1004	27
1005	22
1006	20
1007	25
1008	19
1009	33
1010	29
1011	25
1012	26
1013	16
1014	29
1015	29
1016	21
1017	21
1018	22
1019	25
1020	20
1021	24
1022	19
1023	21
1024	18
1025	18
1026	33
1027	15
1028	31
1029	22
1030	32
1031	23
1032	20
1033	24
1034	16
1035	21
1036	19
1037	24
1038	25
1039	19
1040	29
1041	18
1042	34
1043	22
1044	20
1045	19
1046	25
1047	23
1048	25
1049	24
1050	31
1051	32
1052	18
1053	32
1054	23
1055	25
1056	23
1057	21
1058	20
1059	23
1060	20
1061	23
1062	23
1063	20
1064	22
1065	21
1066	30
1067	24
1068	20
1069	27
1070	24
1071	27
1072	18
1073	25
1074	20
1075	31
1076	22
1077	23
1078	22
1079	15
1080	25
1081	19
1082	24
1083	22
1084	32
1085	24
1086	24
1087	18
1088	19
1089	28
1090	38
1091	21
1092	19
1093	22
1094	23
1095	29
1096	27
1097	21
1098	33
1099	21
1100	20
1101	23
1102	24
1103	24
1104	29
1105	30
1106	25
1107	25
1108	28
1109	24
1110	23
1111	41
1112	29
1113	22
1114	25
1115	24
1116	19
1117	26
1118	25
1119	32
1120	24
1121	21
1122	19
1123	28
1124	26
1125	32
1126	26
1127	26
1128	33
1129	28
1130	17
1131	28
1132	27
1133	16
1134	24
1135	34
1136	24
1137	29
1138	21
1139	31
1140	20
1141	31
1142	20
1143	21
1144	28
1145	33
1146	25
1147	22
1148	21
1149	22
1150	29
1151	33
1152	22
1153	31
1154	27
1155	35
1156	24
1157	23
1158	33
1159	28
1160	28
1161	16
1162	29
1163	29
1164	24
1165	24
1166	28
1167	22
1168	27
1169	29
1170	23
1171	31
1172	30
1173	41
1174	28
1175	33
1176	28
1177	25
1178	21
1179	22
1180	25
1181	26
1182	26
1183	21
1184	31
1185	25
1186	27
1187	19
1188	26
1189	32
1190	24
1191	32
1192	21
1193	32
1194	21
1195	19
1196	24
1197	38
1198	16
1199	22
1200	27
1201	25
1202	29
1203	25
1204	26
1205	20
1206	32
1207	22
1208	36
1209	23
1210	25
1211	12
1212	32
1213	28
1214	37
1215	25
1216	23
1217	21
1218	32
1219	31
1220	26
1221	29
1222	23
1223	38
1224	26
1225	22
1226	33
1227	22
1228	30
1229	25
1230	35
1231	29
1232	20
1233	33
1234	28
1235	24
1236	24
1237	29
1238	23
1239	29
1240	32
1241	22
1242	14
1243	23
1244	44
1245	34
1246	26
1247	26
1248	23
1249	26
1250	25
1251	29
1252	30
1253	30
1254	24
1255	24
1256	32
1257	29
1258	26
1259	39
1260	25
1261	22
1262	29
1263	31
1264	22
1265	22
1266	26
1267	27
1268	25
1269	25
1270	32
1271	24
1272	33
1273	29
1274	32
1275	28
1276	28
1277	25
1278	43
1279	28
1280	27
1281	31
1282	30
1283	29
1284	26
1285	33
1286	21
1287	33
1288	24
1289	29
1290	21
1291	26
1292	21
1293	25
1294	19
1295	29
1296	28
1297	22
1298	36
1299	25
1300	29
1301	35
1302	24
1303	29
1304	20
1305	32
1306	39
1307	23
1308	36
1309	21
1310	36
1311	24
1312	38
1313	30
1314	26
1315	17
1316	21
1317	35
1318	34
1319	27
1320	32
1321	29
1322	23
1323	26
1324	24
1325	32
1326	27
1327	18
1328	25
1329	23
1330	26
1331	21
1332	26
1333	33
1334	32
1335	24
1336	36
1337	23
1338	30
1339	34
1340	35
1341	24
1342	30
1343	27
1344	25
1345	34
1346	30
1347	36
1348	40
1349	26
1350	38
1351	29
1352	23
1353	36
1354	30
1355	29
1356	27
1357	27
1358	34
1359	31
1360	29
1361	37
1362	30
1363	32
1364	23
1365	26
1366	24
1367	38
1368	24
1369	17
1370	33
1371	29
1372	25
1373	36
1374	31
1375	25
1376	30
1377	26
1378	38
1379	27
1380	38
1381	28
1382	34
1383	25
1384	39
1385	21
1386	24
1387	25
1388	37
1389	39
1390	43
1391	32
1392	31
1393	27
1394	27
1395	24
1396	32
1397	33
1398	37
1399	37
1400	26
1401	38
1402	32
1403	27
1404	32
1405	34
1406	36
1407	42
1408	28
1409	39
1410	32
1411	37
1412	32
1413	27
1414	29
1415	24
1416	29
1417	28
1418	25
1419	33
1420	23
1421	32
1422	25
1423	24
1424	24
1425	44
1426	37
1427	22
1428	28
1429	32
1430	37
1431	24
1432	29
1433	41
1434	25
1435	37
1436	32
1437	32
1438	43
1439	39
1440	29
1441	31
1442	33
1443	34
1444	24
1445	33
1446	33
1447	33
1448	34
1449	33
1450	32
1451	22
1452	27
1453	28
1454	40
1455	41
1456	36
1457	30
1458	37
1459	32
1460	28
1461	29
1462	32
1463	20
1464	44
1465	32
1466	33
1467	34
1468	27
1469	33
1470	39
1471	41
1472	33
1473	26
1474	32
1475	26
1476	39
1477	22
1478	35
1479	40
1480	33
1481	33
1482	27
1483	38
1484	32
1485	29
1486	32
1487	30
1488	36
1489	32
1490	40
1491	35
1492	28
1493	26
1494	37
1495	29
1496	35
1497	33
1498	41
1499	29
1500	27
1501	38
1502	38
1503	37
1504	33
1505	42
1506	36
1507	38
1508	38
1509	42
1510	32
1511	37
1512	37
1513	30
1514	39
1515	25
1516	26
1517	24
1518	31
1519	27
1520	36
1521	32
1522	32
1523	36
1524	36
1525	21
1526	38
1527	32
1528	46
1529	41
1530	29
1531	32
1532	48
1533	34
1534	41
1535	34
1536	30
1537	38
1538	33
1539	39
1540	45
1541	38
1542	39
1543	37
1544	39
1545	34
1546	44
1547	27
1548	35
1549	45
1550	33
1551	37
1552	30
1553	30
1554	38
1555	42
1556	32
1557	38
1558	30
1559	35
1560	39
1561	40
1562	38
1563	44
1564	33
1565	49
1566	33
1567	35
1568	42
1569	48
1570	34
1571	39
1572	26
1573	43
1574	41
1575	39
1576	46
1577	48
1578	30
1579	37
1580	39
1581	41
1582	45
1583	43
1584	35
1585	45
1586	28
1587	35
1588	36
1589	42
1590	31
1591	51
1592	38
1593	29
1594	38
1595	26
1596	34
1597	39
1598	35
1599	35
1600	27
1601	51
1602	43
1603	38
1604	33
1605	47
1606	40
1607	38
1608	35
1609	48
1610	39
1611	56
1612	44
1613	36
1614	49
1615	45
1616	33
1617	34
1618	50
1619	35
1620	27
1621	45
1622	37
1623	29
1624	32
1625	44
1626	37
1627	50
1628	34
1629	44
1630	33
1631	39
1632	44
1633	41
1634	42
1635	52
1636	47
1637	37
1638	36
1639	46
1640	32
1641	40
1642	37
1643	45
1644	41
1645	51
1646	41
1647	35
1648	48
1649	44
1650	39
1651	38
1652	44
1653	45
1654	31
1655	36
1656	38
1657	36
1658	36
1659	33
1660	37
1661	45
1662	39
1663	45
1664	36
1665	33
1666	28
1667	40
1668	41
1669	40
1670	37
1671	31
1672	34
1673	42
1674	52
1675	42
1676	37
1677	35
1678	37
1679	39
1680	43
1681	44
1682	41
1683	36
1684	42
1685	49
1686	48
1687	39
1688	35
1689	45
1690	39
1691	55
1692	29
1693	36
1694	43
1695	33
1696	35
1697	33
1698	50
1699	36
1700	39
1701	46
1702	33
1703	39
1704	44
1705	40
1706	37
1707	41
1708	32
1709	28
1710	42
1711	28
1712	39
1713	30
1714	37
1715	30
1716	20
1717	44
1718	35
1719	28
1720	40
1721	32
1722	31
1723	35
1724	31
1725	27
1726	42
1727	30
1728	39
1729	25
1730	36
1731	30
1732	28
1733	28
1734	31
1735	33
1736	32
1737	26
1738	28
1739	39
1740	37
1741	34
1742	27
1743	33
1744	37
1745	25
1746	33
1747	36
1748	29
1749	21
1750	28
1751	33
1752	28
1753	27
1754	36
1755	23
1756	27
1757	27
1758	37
1759	30
1760	30
1761	25
1762	49
1763	26
1764	37
1765	32
1766	31
1767	23
1768	34
1769	27
1770	35
1771	29
1772	38
1773	28
1774	26
1775	23
1776	20
1777	25
1778	34
1779	26
1780	30
1781	30
1782	28
1783	21
1784	24
1785	27
1786	29
1787	26
1788	30
1789	30
1790	28
1791	31
1792	34
1793	24
1794	22
1795	31
1796	28
1797	23
1798	33
1799	32
1800	26
1801	23
1802	18
1803	36
1804	33
1805	35
1806	30
1807	28
1808	21
1809	26
1810	31
1811	18
1812	25
1813	17
1814	20
1815	26
1816	33
1817	20
1818	22
1819	19
1820	24
1821	25
1822	19
1823	23
1824	24
1825	29
1826	22
1827	27
1828	21
1829	28
1830	15
1831	26
1832	26
1833	24
1834	28
1835	23
1836	30
1837	24
1838	26
1839	21
1840	26
1841	25
1842	30
1843	21
1844	19
1845	21
1846	15
1847	19
1848	20
1849	19
1850	30
1851	27
1852	22
1853	24
1854	21
1855	27
1856	20
1857	20
1858	24
1859	21
1860	25
1861	14
1862	30
1863	21
1864	19
1865	19
1866	17
1867	24
1868	21
1869	24
1870	28
1871	17
1872	23
1873	18
1874	15
1875	29
1876	16
1877	13
1878	12
1879	24
1880	16
1881	24
1882	19
1883	24
1884	20
1885	26
1886	19
1887	22
1888	21
1889	23
1890	19
1891	23
1892	20
1893	25
1894	12
1895	16
1896	32
1897	13
1898	26
1899	20
1900	16
1901	18
1902	25
1903	31
1904	14
1905	11
1906	20
1907	25
1908	22
1909	10
1910	15
1911	18
1912	21
1913	21
1914	17
1915	17
1916	24
1917	19
1918	18
1919	15
1920	20
1921	14
1922	21
1923	19
1924	23
1925	17
1926	27
1927	12
1928	17
1929	16
1930	18
1931	13
1932	14
1933	17
1934	19
1935	16
1936	11
1937	15
1938	15
1939	18
1940	21
1941	14
1942	19
1943	13
1944	11
1945	21
1946	18
1947	18
1948	21
1949	15
1950	11
1951	12
1952	16
1953	21
1954	18
1955	13
1956	17
1957	19
1958	17
1959	21
1960	18
1961	20
1962	16
1963	14
1964	21
1965	19
1966	18
1967	16
1968	13
1969	18
1970	12
1971	13
1972	13
1973	18
1974	27
1975	18
1976	16
1977	25
1978	12
1979	25
1980	21
1981	12
1982	23
1983	21
1984	19
1985	15
1986	19
1987	16
1988	12
1989	9
1990	13
1991	22
1992	21
1993	15
1994	10
1995	15
1996	14
1997	15
1998	17
1999	21
2000	20
2001	16
2002	18
2003	22
2004	16
2005	11
2006	17
2007	17
2008	14
2009	10
2010	8
2011	23
2012	17
2013	12
2014	19
2015	15
2016	13
2017	15
2018	13
2019	10
2020	16
2021	19
2022	21
2023	20
2024	16
2025	18
2026	20
2027	13
2028	11
2029	14
2030	18
2031	13
2032	8
2033	16
2034	18
2035	16
2036	22
2037	17
2038	23
2039	20
2040	12
2041	14
2042	19
2043	16
2044	18
2045	15
2046	13
2047	16
2048	19
2049	13
2050	16
2051	16
2052	15
2053	5
2054	14
2055	14
2056	15
2057	19
2058	25
2059	16
2060	20
2061	18
2062	12
2063	16
2064	13
2065	20
2066	18
2067	17
2068	22
2069	13
2070	16
2071	24
2072	18
2073	19
2074	19
2075	20
2076	16
2077	20
2078	14
2079	18
2080	13
2081	23
2082	14
2083	12
2084	11
2085	23
2086	20
2087	11
2088	10
2089	16
2090	15
2091	11
2092	13
2093	19
2094	17
2095	14
2096	19
2097	13
2098	21
2099	13
2100	14
2101	14
2102	12
2103	15
2104	12
2105	21
2106	13
2107	16
2108	13
2109	13
2110	20
2111	13
2112	26
2113	13
2114	11
2115	9
2116	18
2117	17
2118	14
2119	21
2120	13
2121	22
2122	11
2123	16
2124	13
2125	11
2126	14
2127	13
2128	16
2129	11
2130	17
2131	14
2132	14
2133	20
2134	15
2135	23
2136	21
2137	13
2138	9
2139	15
2140	14
2141	11
2142	10
2143	18
2144	13
2145	11
2146	17
2147	12
2148	12
2149	13
2150	13
2151	12
2152	12
2153	21
2154	16
2155	10
2156	17
2157	12
2158	11
2159	13
2160	15
2161	12
2162	20
2163	12
2164	16
2165	11
2166	21
2167	13
2168	18
2169	15
2170	11
2171	14
2172	19
2173	11
2174	20
2175	10
2176	13
2177	10
2178	16
2179	16
2180	18
2181	7
2182	17
2183	15
2184	16
2185	14
2186	16
2187	9
2188	13
2189	25
2190	14
2191	20
2192	12
2193	12
2194	18
2195	12
2196	21
2197	13
2198	18
2199	14
2200	20
2201	21
2202	15
2203	5
2204	9
2205	12
2206	13
2207	11
2208	12
2209	21
2210	5
2211	10
2212	12
2213	10
2214	19
2215	13
2216	7
2217	18
2218	10
2219	12
2220	12
2221	15
2222	19
2223	10
2224	11
2225	6
2226	9
2227	7
2228	14
2229	14
2230	12
2231	11
2232	16
2233	11
2234	14
2235	16
2236	13
2237	16
2238	21
2239	11
2240	14
2241	19
2242	12
2243	10
2244	18
2245	14
2246	14
2247	7
2248	13
2249	12
2250	12
2251	10
2252	18
2253	16
2254	17
2255	8
2256	11
2257	16
2258	10
2259	12
2260	12
2261	14
2262	15
2263	8
2264	14
2265	11
2266	8
2267	15
2268	6
2269	11
2270	13
2271	13
2272	18
2273	16
2274	20
2275	15
2276	16
2277	9
2278	15
2279	23
2280	10
2281	15
2282	23
2283	11
2284	17
2285	10
2286	8
2287	9
2288	11
2289	15
2290	9
2291	12
2292	11
2293	12
2294	14
2295	15
2296	12
2297	11
2298	13
2299	8
2300	7
2301	19
2302	21
2303	18
2304	20
2305	13
2306	16
2307	13
2308	21
2309	19
2310	11
2311	11
2312	10
2313	7
2314	17
2315	16
2316	11
2317	15
2318	12
2319	14
2320	17
2321	15
2322	14
2323	9
2324	10
2325	13
2326	15
2327	16
2328	17
2329	11
2330	10
2331	11
2332	12
2333	14
2334	13
2335	14
2336	13
2337	11
2338	18
2339	13
2340	17
2341	11
2342	10
2343	14
2344	13
2345	16
2346	19
2347	29
2348	12
2349	9
2350	11
2351	13
2352	15
2353	7
2354	22
2355	18
2356	16
2357	14
2358	11
2359	16
2360	14
2361	12
2362	10
2363	16
2364	12
2365	15
2366	12
2367	4
2368	15
2369	10
2370	19
2371	18
2372	13
2373	8
2374	11
2375	15
2376	12
2377	15
2378	13
2379	16
2380	10
2381	12
2382	19
2383	16
2384	10
2385	17
2386	12
2387	11
2388	17
2389	10
2390	16
2391	21
2392	12
2393	10
2394	9
2395	8
2396	14
2397	8
2398	12
2399	13
2400	11
2401	10
2402	11
2403	16
2404	20
2405	16
2406	13
2407	17
2408	13
2409	9
2410	16
2411	18
2412	16
2413	15
2414	13
2415	12
2416	17
2417	15
2418	9
2419	20
2420	12
2421	11
2422	13
2423	10
2424	5
2425	7
2426	17
2427	12
2428	18
2429	17
2430	16
2431	20
2432	20
2433	12
2434	17
2435	10
2436	15
2437	13
2438	14
2439	14
2440	21
2441	20
2442	9
2443	20
2444	8
2445	16
2446	16
2447	20
2448	15
2449	9
2450	15
2451	17
2452	16
2453	15
2454	14
2455	16
2456	18
2457	14
2458	14
2459	16
2460	21
2461	17
2462	16
2463	7
2464	18
2465	16
2466	13
2467	14
2468	17
2469	17
2470	11
2471	16
2472	17
2473	11
2474	15
2475	14
2476	18
2477	18
2478	14
2479	15
2480	13
2481	13
2482	18
2483	17
2484	11
2485	18
2486	21
2487	16
2488	19
2489	19
2490	20
2491	16
2492	14
2493	26
2494	16
2495	13
2496	17
2497	19
2498	14
2499	18
2500	16
2501	19
2502	15
2503	20
2504	16
2505	23
2506	20
2507	12
2508	15
2509	20
2510	9
2511	17
2512	13
2513	17
2514	17
2515	15
2516	25
2517	22
2518	22
2519	22
2520	14
2521	17
2522	13
2523	21
2524	25
2525	19
2526	18
2527	18
2528	17
2529	25
2530	24
2531	18
2532	21
2533	28
2534	22
2535	19
2536	17
2537	17
2538	18
2539	16
2540	14
2541	17
2542	17
2543	20
2544	21
2545	19
2546	22
2547	19
2548	23
2549	17
2550	18
2551	20
2552	17
2553	16
2554	19
2555	15
2556	27
2557	11
2558	20
2559	14
2560	18
2561	15
2562	16
2563	19
2564	20
2565	20
2566	21
2567	12
2568	24
2569	18
2570	26
2571	26
2572	19
2573	19
2574	17
2575	26
2576	16
2577	22
2578	20
2579	19
2580	20
2581	21
2582	22
2583	22
2584	15
2585	21
2586	23
2587	17
2588	22
2589	14
2590	18
2591	17
2592	19
2593	24
2594	30
2595	18
2596	19
2597	26
2598	25
2599	29
2600	18
2601	18
2602	19
2603	25
2604	26
2605	21
2606	25
2607	23
2608	21
2609	30
2610	24
2611	18
2612	13
2613	32
2614	21
2615	23
2616	19
2617	21
2618	28
2619	28
2620	19
2621	35
2622	12
2623	23
2624	23
2625	20
2626	21
2627	14
2628	26
2629	27
2630	22
2631	22
2632	24
2633	35
2634	19
2635	27
2636	22
2637	12
2638	24
2639	31
2640	26
2641	21
2642	16
2643	25
2644	26
2645	18
2646	22
2647	25
2648	23
2649	36
2650	25
2651	24
2652	20
2653	22
2654	15
2655	28
2656	17
2657	31
2658	22
2659	29
2660	13
2661	14
2662	19
2663	27
2664	25
2665	17
2666	21
2667	23
2668	24
2669	28
2670	23
2671	29
2672	24
2673	30
2674	26
2675	24
2676	30
2677	21
2678	28
2679	20
2680	19
2681	26
2682	22
2683	25
2684	22
2685	20
2686	17
2687	27
2688	26
2689	19
2690	23
2691	23
2692	20
2693	19
2694	27
2695	23
2696	32
2697	26
2698	29
2699	25
2700	16
2701	21
2702	21
2703	24
2704	20
2705	23
2706	33
2707	34
2708	23
2709	17
2710	16
2711	23
2712	27
2713	22
2714	21
2715	25
2716	23
2717	19
2718	29
2719	21
2720	34
2721	28
2722	32
2723	23
2724	24
2725	12
2726	25
2727	29
2728	27
2729	36
2730	20
2731	26
2732	18
2733	20
2734	25
2735	30
2736	27
2737	20
2738	23
2739	25
2740	30
2741	24
2742	25
2743	33
2744	23
2745	25
2746	33
2747	26
2748	26
2749	23
2750	31
2751	31
2752	29
2753	26
2754	22
2755	28
2756	22
2757	31
2758	30
2759	27
2760	20
2761	27
2762	23
2763	23
2764	20
2765	18
2766	27
2767	28
2768	27
2769	28
2770	22
2771	25
2772	27
2773	28
2774	26
2775	35
2776	21
2777	27
2778	26
2779	27
2780	26
2781	23
2782	38
2783	29
2784	31
2785	32
2786	25
2787	31
2788	21
2789	28
2790	31
2791	22
2792	28
2793	25
2794	28
2795	24
2796	32
2797	23
2798	16
2799	13
2800	19
2801	27
2802	34
2803	30
2804	24
2805	29
2806	19
2807	24
2808	15
2809	29
2810	21
2811	26
2812	23
2813	20
2814	25
2815	24
2816	21
2817	32
2818	21
2819	28
2820	18
2821	27
2822	26
2823	25
2824	17
2825	25
2826	25
2827	20
2828	26
2829	18
2830	30
2831	19
2832	23
2833	26
2834	30
2835	20
2836	11
2837	20
2838	28
2839	20
2840	23
2841	25
2842	26
2843	23
2844	21
2845	21
2846	22
2847	27
2848	34
2849	18
2850	21
2851	24
2852	22
2853	21
2854	21
2855	17
2856	26
2857	32
2858	31
2859	24
2860	22
2861	23
2862	28
2863	26
2864	15
2865	29
2866	21
2867	23
2868	16
2869	25
2870	20
2871	23
2872	28
2873	13
2874	17
2875	21
2876	17
2877	22
2878	23
2879	25
2880	20
2881	20
2882	22
2883	25
2884	24
2885	16
2886	22
2887	12
2888	19
2889	19
2890	14
2891	18
2892	24
2893	22
2894	26
2895	27
2896	30
2897	18
2898	20
2899	22
2900	23
2901	16
2902	18
2903	13
2904	14
2905	18
2906	17
2907	19
2908	20
2909	27
2910	24
2911	31
2912	27
2913	17
2914	17
2915	24
2916	20
2917	9
2918	22
2919	15
2920	13
2921	21
2922	22
2923	23
2924	16
2925	19
2926	18
2927	18
2928	36
2929	18
2930	20
2931	16
2932	17
2933	15
2934	20
2935	16
2936	16
2937	24
2938	17
2939	23
2940	15
2941	25
2942	15
2943	13
2944	18
2945	18
2946	11
2947	20
2948	18
2949	18
2950	14
2951	7
2952	15
2953	17
2954	11
2955	16
2956	17
2957	18
2958	27
2959	17
2960	20
2961	16
2962	22
2963	19
2964	12
2965	10
2966	30
2967	15
2968	16
2969	14
2970	21
2971	21
2972	17
2973	13
2974	23
2975	16
2976	16
2977	14
2978	12
2979	18
2980	13
2981	11
2982	12
2983	17
2984	17
2985	14
2986	15
2987	19
2988	19
2989	16
2990	20
2991	19
2992	18
2993	9
2994	14
2995	15
2996	17
2997	8
2998	13
2999	19
3000	5
3001	10
3002	16
3003	13
3004	17
3005	17
3006	19
3007	11
3008	10
3009	9
3010	19
3011	16
3012	12
3013	17
3014	13
3015	11
3016	11
3017	8
3018	12
3019	18
3020	12
3021	21
3022	12
3023	14
3024	23
3025	15
3026	13
3027	15
3028	8
3029	9
3030	13
3031	16
3032	11
3033	17
3034	5
3035	6
3036	11
3037	17
3038	10
3039	13
3040	12
3041	10
3042	14
3043	19
3044	14
3045	6
3046	11
3047	18
3048	10
3049	16
3050	7
3051	7
3052	8
3053	9
3054	13
3055	8
3056	12
3057	16
3058	7
3059	13
3060	11
3061	7
3062	11
3063	13
3064	14
3065	7
3066	8
3067	9
3068	8
3069	14
3070	11
3071	6
3072	8
3073	7
3074	13
3075	11
3076	12
3077	13
3078	14
3079	14
3080	11
3081	7
3082	9
3083	9
3084	17
3085	14
3086	20
3087	11
3088	12
3089	10
3090	8
3091	7
3092	13
3093	7
3094	15
3095	18
3096	9
3097	7
3098	9
3099	5
3100	8
3101	15
3102	11
3103	9
3104	13
3105	12
3106	12
3107	8
3108	12
3109	13
3110	9
3111	11
3112	10
3113	9
3114	8
3115	10
3116	10
3117	13
3118	10
3119	15
3120	13
3121	11
3122	9
3123	8
3124	8
3125	12
3126	6
3127	9
3128	7
3129	9
3130	8
3131	4
3132	18
3133	9
3134	6
3135	8
3136	10
3137	6
3138	3
3139	2
3140	6
3141	13
3142	7
3143	11
3144	13
3145	10
3146	10
3147	6
3148	10
3149	8
3150	6
3151	9
3152	9
3153	4
3154	14
3155	11
3156	10
3157	16
3158	9
3159	6
3160	7
3161	11
3162	5
3163	6
3164	15
3165	8
3166	4
3167	9
3168	2
3169	5
3170	9
3171	9
3172	10
3173	3
3174	8
3175	11
3176	8
3177	6
3178	7
3179	16
3180	11
3181	8
3182	11
3183	8
3184	8
3185	9
3186	10
3187	5
3188	5
3189	7
3190	9
3191	5
3192	12
3193	7
3194	9
3195	5
3196	2
3197	8
3198	9
3199	11
3200	8
3201	7
3202	7
3203	7
3204	9
3205	9
3206	8
3207	9
3208	9
3209	10
3210	12
3211	4
3212	4
3213	6
3214	10
3215	6
3216	5
3217	6
3218	6
3219	11
3220	7
3221	5
3222	4
3223	3
3224	5
3225	6
3226	14
3227	5
3228	6
3229	8
3230	6
3231	7
3232	9
3233	10
3234	5
3235	6
3236	5
3237	7
3238	7
3239	2
3240	6
3241	11
3242	7
3243	5
3244	8
3245	4
3246	6
3247	5
3248	6
3249	7
3250	8
3251	12
3252	6
3253	4
3254	8
3255	4
3256	5
3257	5
3258	7
3259	10
3260	11
3261	6
3262	12
3263	8
3264	10
3265	7
3266	2
3267	8
3268	6
3269	6
3270	10
3271	1
3272	11
3273	12
3274	3
3275	12
3276	4
3277	5
3278	8
3279	5
3280	8
3281	3
3282	5
3283	7
3284	6
3285	6
3286	8
3287	11
3288	7
3289	5
3290	10
3291	5
3292	6
3293	4
3294	9
3295	10
3296	7
3297	8
3298	7
3299	6
3300	5
3301	6
3302	7
3303	4
3304	2
3305	4
3306	8
3307	12
3308	6
3309	11
3310	6
3311	8
3312	8
3313	12
3314	6
3315	5
3316	8
3317	6
3318	12
3319	6
3320	7
3321	5
3322	10
3323	5
3324	3
3325	6
3326	6
3327	9
3328	6
3329	5
3330	6
3331	15
3332	8
3333	5
3334	6
3335	5
3336	9
3337	3
3338	7
3339	5
3340	5
3341	7
3342	6
3343	9
3344	3
3345	5
3346	4
3347	9
3348	4
3349	7
3350	2
3351	3
3352	10
3353	7
3354	9
3355	3
3356	6
3357	6
3358	4
3359	9
3360	3
3361	3
3362	5
3363	13
3364	5
3365	7
3366	7
3367	7
3368	7
3369	7
3370	1
3371	3
3372	5
3373	12
3374	4
3375	8
3376	10
3377	6
3378	5
3379	5
3380	10
3381	5
3382	6
3383	2
3384	9
3385	7
3386	4
3387	8
3388	5
3389	12
3390	4
3391	5
3392	6
3393	7
3394	6
3395	6
3396	6
3397	4
3398	9
3399	7
3400	7
3401	3
3402	5
3403	2
3404	7
3405	6
3406	1
3407	5
3408	4
3409	5
3410	2
3411	7
3412	7
3413	3
3414	5
3415	7
3416	5
3417	8
3418	4
3419	7
3420	3
3421	5
3422	3
3423	4
3424	2
3425	8
3426	1
3427	9
3428	4
3429	4
3430	5
3431	6
3432	7
3433	4
3434	1
3435	4
3436	7
3437	4
3438	7
3439	9
3440	2
3441	1
3442	11
3443	4
3444	13
3445	2
3446	11
3447	5
3448	7
3449	5
3450	5
3451	5
3452	8
3453	8
3454	4
3455	4
3456	12
3457	3
3458	7
3459	5
3460	5
3461	8
3462	6
3463	5
3464	9
3465	5
3466	4
3467	7
3468	7
3469	3
3470	9
3471	7
3472	10
3473	0
3474	4
3475	4
3476	4
3477	6
3478	7
3479	6
3480	7
3481	6
3482	6
3483	11
3484	8
3485	7
3486	7
3487	3
3488	8
3489	9
3490	7
3491	8
3492	12
3493	9
3494	5
3495	6
3496	4
3497	0
3498	11
3499	6
3500	4
3501	6
3502	5
3503	3
3504	2
3505	4
3506	3
3507	4
3508	12
3509	6
3510	2
3511	8
3512	7
3513	5
3514	1
3515	8
3516	3
3517	7
3518	6
3519	5
3520	5
3521	4
3522	4
3523	7
3524	1
3525	2
3526	4
3527	5
3528	6
3529	2
3530	5
3531	4
3532	6
3533	8
3534	4
3535	6
3536	2
3537	9
3538	2
3539	8
3540	6
3541	4
3542	6
3543	9
3544	4
3545	2
3546	6
3547	10
3548	2
3549	6
3550	7
3551	6
3552	4
3553	5
3554	8
3555	5
3556	11
3557	5
3558	8
3559	10
3560	2
3561	6
3562	5
3563	3
3564	4
3565	11
3566	5
3567	2
3568	10
3569	4
3570	5
3571	4
3572	4
3573	5
3574	10
3575	6
3576	5
3577	4
3578	1
3579	6
3580	0
3581	3
3582	6
3583	8
3584	6
3585	6
3586	8
3587	5
3588	4
3589	2
3590	6
3591	8
3592	4
3593	5
3594	1
3595	8
3596	4
3597	5
3598	9
3599	3
3600	1
3601	3
3602	5
3603	8
3604	7
3605	4
3606	3
3607	6
3608	10
3609	7
3610	4
3611	5
3612	6
3613	5
3614	8
3615	3
3616	7
3617	5
3618	5
3619	2
3620	7
3621	1
3622	2
3623	3
3624	5
3625	4
3626	5
3627	6
3628	13
3629	7
3630	5
3631	5
3632	2
3633	6
3634	4
3635	3
3636	4
3637	8
3638	8
3639	4
3640	4
3641	13
3642	8
3643	6
3644	5
3645	6
3646	4
3647	9
3648	8
3649	8
3650	4
3651	2
3652	3
3653	3
3654	6
3655	4
3656	3
3657	5
3658	2
3659	4
3660	8
3661	9
3662	6
3663	3
3664	5
3665	2
3666	7
3667	4
3668	4
3669	9
3670	4
3671	5
3672	6
3673	6
3674	6
3675	6
3676	6
3677	5
3678	8
3679	5
3680	4
3681	6
3682	7
3683	9
3684	6
3685	6
3686	5
3687	10
3688	4
3689	1
3690	7
3691	9
3692	1
3693	5
3694	3
3695	6
3696	7
3697	11
3698	5
3699	9
3700	6
3701	3
3702	3
3703	8
3704	6
3705	4
3706	4
3707	8
3708	5
3709	3
3710	7
3711	5
3712	6
3713	8
3714	3
3715	5
3716	3
3717	3
3718	7
3719	5
3720	10
3721	7
3722	2
3723	4
3724	6
3725	6
3726	2
3727	13
3728	7
3729	5
3730	7
3731	6
3732	10
3733	2
3734	7
3735	6
3736	6
3737	1
3738	5
3739	4
3740	4
3741	7
3742	8
3743	7
3744	5
3745	10
3746	2
3747	7
3748	4
3749	7
3750	6
3751	4
3752	9
3753	6
3754	5
3755	3
3756	4
3757	5
3758	6
3759	7
3760	3
3761	5
3762	3
3763	3
3764	6
3765	5
3766	4
3767	5
3768	7
3769	4
3770	3
3771	4
3772	3
3773	9
3774	8
3775	7
3776	3
3777	5
3778	6
3779	2
3780	8
3781	4
3782	6
3783	4
3784	7
3785	8
3786	0
3787	4
3788	10
3789	8
3790	4
3791	3
3792	5
3793	3
3794	6
3795	2
3796	8
3797	4
3798	5
3799	2
3800	9
3801	1
3802	7
3803	10
3804	1
3805	3
3806	3
3807	2
3808	5
3809	9
3810	3
3811	7
3812	2
3813	4
3814	3
3815	7
3816	8
3817	6
3818	3
3819	2
3820	8
3821	5
3822	7
3823	9
3824	1
3825	3
3826	2
3827	6
3828	4
3829	6
3830	6
3831	6
3832	5
3833	2
3834	5
3835	6
3836	6
3837	3
3838	4
3839	2
3840	4
3841	5
3842	8
3843	3
3844	5
3845	4
3846	3
3847	4
3848	5
3849	11
3850	5
3851	3
3852	5
3853	4
3854	1
3855	5
3856	10
3857	5
3858	7
3859	8
3860	3
3861	5
3862	6
3863	3
3864	6
3865	6
3866	2
3867	8
3868	5
3869	7
3870	3
3871	8
3872	5
3873	5
3874	5
3875	5
3876	8
3877	4
3878	5
3879	6
3880	7
3881	7
3882	8
3883	7
3884	4
3885	3
3886	7
3887	4
3888	5
3889	6
3890	3
3891	5
3892	3
3893	4
3894	7
3895	9
3896	5
3897	8
3898	6
3899	4
3900	7
3901	3
3902	5
3903	6
3904	3
3905	8
3906	9
3907	4
3908	5
3909	3
3910	6
3911	10
3912	8
3913	7
3914	5
3915	6
3916	4
3917	6
3918	6
3919	6
3920	3
3921	4
3922	4
3923	9
3924	4
3925	8
3926	0
3927	1
3928	6
3929	4
3930	5
3931	6
3932	7
3933	3
3934	8
3935	3
3936	3
3937	6
3938	6
3939	9
3940	8
3941	2
3942	7
3943	6
3944	7
3945	7
3946	2
3947	5
3948	3
3949	5
3950	6
3951	6
3952	8
3953	6
3954	6
3955	5
3956	6
3957	4
3958	4
3959	4
3960	3
3961	6
3962	6
3963	6
3964	3
3965	4
3966	3
3967	5
3968	4
3969	3
3970	8
3971	1
3972	6
3973	4
3974	3
3975	7
3976	7
3977	3
3978	4
3979	6
3980	4
3981	4
3982	2
3983	4
3984	2
3985	6
3986	6
3987	6
3988	3
3989	6
3990	4
3991	7
3992	2
3993	5
3994	4
3995	4
3996	7
3997	7
3998	7
3999	6
4000	7
4001	6
4002	10
4003	3
4004	7
4005	3
4006	5
4007	4
4008	1
4009	7
4010	7
4011	11
4012	4
4013	1
4014	6
4015	2
4016	8
4017	5
4018	5
4019	3
4020	6
4021	2
4022	4
4023	4
4024	5
4025	6
4026	6
4027	5
4028	10
4029	6
4030	4
4031	3
4032	4
4033	4
4034	7
4035	5
4036	3
4037	5
4038	2
4039	6
4040	3
4041	7
4042	3
4043	4
4044	6
4045	7
4046	1
4047	4
4048	6
4049	2
4050	4
4051	4
4052	3
4053	6
4054	5
4055	10
4056	0
4057	2
4058	1
4059	5
4060	3
4061	3
4062	7
4063	4
4064	7
4065	4
4066	5
4067	2
4068	6
4069	4
4070	3
4071	5
4072	6
4073	5
4074	7
4075	4
4076	9
4077	3
4078	2
4079	5
4080	6
4081	3
4082	4
4083	4
4084	4
4085	3
4086	4
4087	10
4088	6
4089	3
4090	6
4091	1
4092	5
4093	6
4094	6
4095	10
4096	5
4097	2
4098	6
4099	5
4100	4
4101	6
4102	3
4103	4
4104	7
4105	6
4106	2
4107	5
4108	5
4109	8
4110	2
4111	3
4112	4
4113	4
4114	5
4115	7
4116	3
4117	4
4118	7
4119	10
4120	8
4121	4
4122	5
4123	6
4124	8
4125	2
4126	13
4127	7
4128	8
4129	8
4130	2
4131	5
4132	9
4133	6
4134	6
4135	5
4136	6
4137	6
4138	3
4139	8
4140	7
4141	3
4142	5
4143	6
4144	4
4145	8
4146	9
4147	16
4148	3
4149	5
4150	5
4151	5
4152	5
4153	2
4154	10
4155	8
4156	6
4157	5
4158	4
4159	3
4160	5
4161	4
4162	1
4163	3
4164	6
4165	6
4166	6
4167	5
4168	8
4169	3
4170	5
4171	7
4172	6
4173	5
4174	5
4175	2
4176	4
4177	3
4178	1
4179	10
4180	3
4181	4
4182	3
4183	6
4184	4
4185	6
4186	4
4187	3
4188	2
4189	8
4190	5
4191	6
4192	4
4193	5
4194	6
4195	3
4196	4
4197	4
4198	6
4199	3
4200	6
4201	5
4202	4
4203	4
4204	4
4205	6
4206	8
4207	5
4208	6
4209	5
4210	3
4211	4
4212	2
4213	6
4214	4
4215	2
4216	3
4217	5
4218	4
4219	1
4220	2
4221	3
4222	7
4223	5
4224	4
4225	3
4226	6
4227	4
4228	6
4229	2
4230	3
4231	6
4232	10
4233	6
4234	3
4235	4
4236	4
4237	3
4238	4
4239	2
4240	7
4241	4
4242	7
4243	4
4244	7
4245	2
4246	6
4247	5
4248	2
4249	5
4250	4
4251	7
4252	3
4253	6
4254	3
4255	9
4256	6
4257	9
4258	4
4259	5
4260	1
4261	7
4262	2
4263	6
4264	0
4265	4
4266	4
4267	6
4268	4
4269	5
4270	6
4271	6
4272	2
4273	7
4274	5
4275	4
4276	4
4277	5
4278	8
4279	2
4280	8
4281	3
4282	7
4283	7
4284	4
4285	5
4286	5
4287	2
4288	7
4289	3
4290	5
4291	7
4292	8
4293	5
4294	6
4295	9
4296	5
4297	5
4298	5
4299	3
4300	7
4301	7
4302	5
4303	4
4304	4
4305	1
4306	16
4307	5
4308	5
4309	6
4310	5
4311	6
4312	8
4313	5
4314	3
4315	3
4316	6
4317	3
4318	6
4319	2
4320	6
4321	8
4322	4
4323	3
4324	0
4325	5
4326	5
4327	5
4328	8
4329	5
4330	6
4331	2
4332	4
4333	3
4334	4
4335	7
4336	5
4337	3
4338	1
4339	8
4340	2
4341	9
4342	3
4343	2
4344	5
4345	7
4346	3
4347	2
4348	5
4349	2
4350	3
4351	4
4352	5
4353	8
4354	5
4355	5
4356	1
4357	1
4358	5
4359	4
4360	4
4361	4
4362	8
4363	3
4364	7
4365	2
4366	7
4367	1
4368	7
4369	7
4370	7
4371	5
4372	5
4373	3
4374	5
4375	5
4376	3
4377	2
4378	8
4379	7
4380	10
4381	4
4382	3
4383	8
4384	7
4385	4
4386	6
4387	1
4388	11
4389	4
4390	8
4391	6
4392	2
4393	4
4394	7
4395	3
4396	7
4397	6
4398	9
4399	3
4400	2
4401	1
4402	3
4403	7
4404	7
4405	1
4406	7
4407	1
4408	10
4409	6
4410	5
4411	5
4412	2
4413	6
4414	3
4415	6
4416	2
4417	9
4418	7
4419	12
4420	3
4421	4
4422	2
4423	3
4424	5
4425	7
4426	5
4427	3
4428	7
4429	6
4430	7
4431	10
4432	8
4433	4
4434	6
4435	4
4436	7
4437	3
4438	6
4439	4
4440	7
4441	3
4442	2
4443	8
4444	3
4445	2
4446	4
4447	3
4448	9
4449	5
4450	5
4451	6
4452	6
4453	5
4454	8
4455	5
4456	6
4457	4
4458	5
4459	6
4460	4
4461	5
4462	5
4463	1
4464	6
4465	3
4466	9
4467	7
4468	9
4469	4
4470	8
4471	3
4472	8
4473	6
4474	4
4475	4
4476	6
4477	6
4478	6
4479	15
4480	9
4481	6
4482	1
4483	7
4484	5
4485	8
4486	8
4487	6
4488	3
4489	3
4490	3
4491	9
4492	3
4493	5
4494	7
4495	2
4496	7
4497	7
4498	5
4499	6
4500	4
4501	4
4502	5
4503	5
4504	2
4505	2
4506	5
4507	5
4508	5
4509	10
4510	12
4511	6
4512	2
4513	6
4514	5
4515	4
4516	8
4517	7
4518	5
4519	3
4520	5
4521	4
4522	11
4523	8
4524	8
4525	7
4526	10
4527	4
4528	5
4529	6
4530	6
4531	6
4532	5
4533	7
4534	4
4535	11
4536	4
4537	7
4538	5
4539	13
4540	3
4541	6
4542	5
4543	3
4544	7
4545	3
4546	7
4547	7
4548	4
4549	9
4550	5
4551	7
4552	2
4553	8
4554	3
4555	10
4556	2
4557	11
4558	4
4559	7
4560	7
4561	6
4562	7
4563	7
4564	8
4565	5
4566	5
4567	8
4568	6
4569	2
4570	3
4571	7
4572	3
4573	5
4574	9
4575	6
4576	9
4577	8
4578	7
4579	6
4580	9
4581	5
4582	7
4583	7
4584	9
4585	7
4586	8
4587	3
4588	8
4589	14
4590	7
4591	8
4592	5
4593	8
4594	6
4595	9
4596	5
4597	8
4598	6
4599	6
4600	5
4601	8
4602	10
4603	12
4604	6
4605	6
4606	6
4607	8
4608	9
4609	9
4610	6
4611	7
4612	6
4613	7
4614	14
4615	8
4616	10
4617	12
4618	16
4619	4
4620	9
4621	5
4622	8
4623	14
4624	6
4625	3
4626	8
4627	7
4628	7
4629	8
4630	9
4631	6
4632	6
4633	5
4634	8
4635	5
4636	7
4637	9
4638	2
4639	12
4640	9
4641	10
4642	6
4643	4
4644	9
4645	8
4646	11
4647	6
4648	8
4649	1
4650	7
4651	6
4652	7
4653	7
4654	2
4655	6
4656	10
4657	3
4658	4
4659	3
4660	4
4661	9
4662	10
4663	4
4664	5
4665	6
4666	9
4667	9
4668	3
4669	10
4670	2
4671	5
4672	11
4673	8
4674	6
4675	6
4676	5
4677	11
4678	8
4679	11
4680	17
4681	8
4682	9
4683	2
4684	6
4685	10
4686	8
4687	8
4688	4
4689	5
4690	13
4691	7
4692	8
4693	6
4694	13
4695	8
4696	5
4697	7
4698	5
4699	4
4700	11
4701	4
4702	7
4703	4
4704	4
4705	10
4706	7
4707	7
4708	9
4709	6
4710	7
4711	8
4712	8
4713	4
4714	7
4715	4
4716	5
4717	2
4718	7
4719	5
4720	1
4721	9
4722	11
4723	4
4724	9
4725	4
4726	12
4727	6
4728	15
4729	6
4730	6
4731	9
4732	10
4733	12
4734	4
4735	6
4736	4
4737	5
4738	11
4739	5
4740	7
4741	9
4742	6
4743	9
4744	9
4745	5
4746	4
4747	2
4748	8
4749	7
4750	3
4751	2
4752	6
4753	6
4754	4
4755	4
4756	8
4757	5
4758	4
4759	2
4760	6
4761	7
4762	9
4763	8
4764	4
4765	4
4766	6
4767	8
4768	5
4769	6
4770	3
4771	12
4772	7
4773	3
4774	13
4775	5
4776	5
4777	8
4778	4
4779	6
4780	3
4781	8
4782	4
4783	6
4784	6
4785	8
4786	3
4787	4
4788	7
4789	9
4790	5
4791	5
4792	8
4793	7
4794	5
4795	9
4796	6
4797	5
4798	3
4799	3
4800	8
4801	8
4802	7
4803	2
4804	2
4805	7
4806	6
4807	5
4808	10
4809	6
4810	2
4811	3
4812	6
4813	6
4814	4
4815	5
4816	5
4817	7
4818	6
4819	6
4820	5
4821	5
4822	2
4823	8
4824	5
4825	4
4826	3
4827	5
4828	4
4829	4
4830	4
4831	5
4832	6
4833	5
4834	5
4835	8
4836	6
4837	6
4838	0
4839	5
4840	4
4841	7
4842	4
4843	8
4844	3
4845	4
4846	3
4847	2
4848	1
4849	3
4850	2
4851	7
4852	9
4853	6
4854	6
4855	1
4856	3
4857	4
4858	4
4859	1
4860	5
4861	5
4862	4
4863	3
4864	0
4865	5
4866	3
4867	2
4868	4
4869	2
4870	4
4871	3
4872	2
4873	5
4874	2
4875	4
4876	4
4877	2
4878	3
4879	5
4880	7
4881	2
4882	2
4883	1
4884	4
4885	8
4886	3
4887	6
4888	5
4889	3
4890	1
4891	3
4892	3
4893	7
4894	3
4895	2
4896	2
4897	1
4898	4
4899	3
4900	1
4901	3
4902	3
4903	3
4904	2
4905	4
4906	3
4907	1
4908	6
4909	4
4910	3
4911	4
4912	7
4913	3
4914	1
4915	1
4916	1
4917	0
4918	2
4919	5
4920	1
4921	7
4922	1
4923	2
4924	1
4925	2
4926	7
4927	3
4928	0
4929	2
4930	4
4931	3
4932	4
4933	3
4934	4
4935	0
4936	3
4937	2
4938	2
4939	3
4940	1
4941	1
4942	2
4943	1
4944	3
4945	1
4946	0
4947	0
4948	0
4949	4
4950	3
4951	0
4952	1
4953	1
4954	0
4955	0
4956	1
4957	1
4958	3
4959	2
4960	4
4961	2
4962	2
4963	1
4964	2
4965	4
4966	4
4967	0
4968	2
4969	4
4970	1
4971	4
4972	3
4973	2
4974	1
4975	3
4976	1
4977	0
4978	0
4979	1
4980	3
4981	3
4982	1
4983	1
4984	2
4985	3
4986	0
4987	3
4988	1
4989	2
4990	1
4991	2
4992	1
4993	0
4994	2
4995	0
4996	2
4997	1
4998	1
4999	1
5000	2
5001	0
5002	2
5003	2
5004	1
5005	0
5006	3
5007	0
5008	3
5009	1
5010	0
5011	0
5012	3
5013	1
5014	0
5015	2
5016	1
5017	4
5018	0
5019	1
5020	0
5021	0
5022	3
5023	2
5024	1
5025	1
5026	0
5027	2
5028	4
5029	1
5030	2
5031	0
5032	1
5033	0
5034	2
5035	3
5036	3
5037	1
5038	1
5039	1
5040	0
5041	0
5042	1
5043	1
5044	0
5045	1
5046	2
5047	1
5048	1
5049	0
5050	2
5051	0
5052	1
5053	2
5054	1
5055	2
5056	0
5057	0
5058	1
5059	2
5060	1
5061	1
5062	2
5063	0
5064	0
5065	3
5066	1
5067	1
5068	0
5069	1
5070	0
5071	1
5072	0
5073	0
5074	0
5075	0
5076	1
5077	0
5078	2
5079	1
5080	2
5081	0
5082	0
5083	0
5084	1
5085	0
5086	1
5087	1
5088	0
5089	0
5090	0
5091	1
5092	0
5093	1
5094	2
5095	1
5096	0
5097	2
5098	1
5099	0
5100	0
5101	1
5102	2
5103	1
5104	1
5105	1
5106	0
5107	2
5108	2
5109	0
5110	1
5111	0
5112	1
5113	0
5114	0
5115	0
5116	0
5117	0
5118	1
5119	0
5120	3
5121	1
5122	0
5123	0
5124	2
5125	0
5126	0
5127	4
5128	0
5129	0
5130	1
5131	0
5132	2
5133	0
5134	0
5135	1
5136	0
5137	0
5138	0
5139	0
5140	0
5141	0
5142	1
5143	1
5144	0
5145	2
5146	0
5147	1
5148	0
5149	2
5150	0
5151	0
5152	0
5153	0
5154	0
5155	0
5156	0
5157	0
5158	0
5159	2
5160	0
5161	1
5162	0
5163	0
5164	3
5165	1
5166	2
5167	1
5168	0
5169	0
5170	0
5171	1
5172	1
5173	0
5174	2
5175	1
5176	0
5177	0
5178	2
5179	1
5180	1
5181	2
5182	0
5183	0
5184	1
5185	1
5186	1
5187	0
5188	2
5189	0
5190	0
5191	0
5192	1
5193	0
5194	0
5195	1
5196	0
5197	1
5198	1
5199	1
5200	0
5201	0
5202	0
5203	0
5204	1
5205	0
5206	0
5207	0
5208	0
5209	0
5210	1
5211	0
5212	0
5213	1
5214	1
5215	0
5216	1
5217	1
5218	1
5219	2
5220	1
5221	0
5222	0
5223	0
5224	0
5225	0
5226	1
5227	1
5228	0
5229	2
5230	1
5231	0
5232	2
5233	2
5234	2
5235	0
5236	0
5237	2
5238	2
5239	1
5240	0
5241	1
5242	0
5243	0
5244	1
5245	1
5246	0
5247	1
5248	0
5249	1
5250	0
5251	0
5252	0
5253	0
5254	2
5255	1
5256	0
5257	0
5258	0
5259	0
5260	0
5261	1
5262	1
5263	0
5264	1
5265	1
5266	1
5267	1
5268	0
5269	1
5270	0
5271	2
5272	1
5273	0
5274	0
5275	0
5276	0
5277	0
5278	0
5279	0
5280	1
5281	1
5282	0
5283	0
5284	0
5285	1
5286	1
5287	0
5288	0
5289	3
5290	0
5291	2
5292	1
5293	0
5294	1
5295	2
5296	2
5297	1
5298	1
5299	1
5300	1
5301	0
5302	0
5303	0
5304	1
5305	1
5306	3
5307	0
5308	1
5309	0
5310	0
5311	0
5312	0
5313	2
5314	0
5315	0
5316	0
5317	1
5318	1
5319	2
5320	0
5321	1
5322	0
5323	0
5324	1
5325	1
5326	1
5327	1
5328	1
5329	0
5330	0
5331	0
5332	1
5333	0
5334	0
5335	2
5336	1
5337	0
5338	0
5339	1
5340	1
5341	1
5342	0
5343	0
5344	1
5345	0
5346	0
5347	0
5348	1
5349	0
5350	1
5351	1
5352	0
5353	3
5354	2
5355	1
5356	0
5357	0
5358	0
5359	0
5360	1
5361	0
5362	0
5363	0
5364	0
5365	1
5366	2
5367	0
5368	0
5369	0
5370	0
5371	1
5372	0
5373	2
5374	0
5375	1
5376	0
5377	0
5378	0
5379	0
5380	1
5381	0
5382	0
5383	0
5384	0
5385	0
5386	2
5387	1
5388	0
5389	0
5390	0
5391	2
5392	1
5393	1
5394	0
5395	1
5396	0
5397	0
5398	0
5399	0
5400	0
5401	2
5402	0
5403	1
5404	0
5405	1
5406	1
5407	0
5408	1
5409	1
5410	3
5411	0
5412	2
5413	0
5414	1
5415	0
5416	0
5417	1
5418	1
5419	1
5420	0
5421	1
5422	0
5423	0
5424	1
5425	0
5426	0
5427	0
5428	0
5429	0
5430	0
5431	0
5432	0
5433	1
5434	0
5435	0
5436	1
5437	1
5438	0
5439	1
5440	0
5441	0
5442	0
5443	1
5444	0
5445	0
5446	1
5447	0
5448	0
5449	0
5450	1
5451	0
5452	1
5453	0
5454	2
5455	0
5456	1
5457	0
5458	1
5459	1
5460	0
5461	0
5462	0
5463	1
5464	0
5465	0
5466	1
5467	0
5468	0
5469	0
5470	0
5471	0
5472	0
5473	1
5474	0
5475	0
5476	0
5477	0
5478	0
5479	1
5480	1
5481	0
5482	0
5483	0
5484	1
5485	1
5486	0
5487	2
5488	0
5489	1
5490	0
5491	1
5492	1
5493	0
5494	1
5495	0
5496	1
5497	0
5498	0
5499	1
5500	2
5501	0
5502	0
5503	1
5504	1
5505	1
5506	1
5507	0
5508	1
5509	0
5510	0
5511	1
5512	2
5513	1
5514	0
5515	0
5516	1
5517	0
5518	0
5519	3
5520	1
5521	2
5522	2
5523	0
5524	0
5525	1
5526	0
5527	0
5528	0
5529	1
5530	1
5531	1
5532	1
5533	1
5534	0
5535	0
5536	1
5537	1
5538	0
5539	1
5540	0
5541	1
5542	1
5543	0
5544	3
5545	0
5546	0
5547	0
5548	1
5549	0
5550	0
5551	0
5552	0
5553	0
5554	1
5555	1
5556	0
5557	0
5558	0
5559	0
5560	1
5561	0
5562	1
5563	1
5564	0
5565	0
5566	1
5567	1
5568	1
5569	0
5570	1
5571	3
5572	1
5573	1
5574	1
5575	1
5576	1
5577	2
5578	2
5579	0
5580	0
5581	0
5582	0
5583	2
5584	1
5585	0
5586	1
5587	0
5588	0
5589	1
5590	1
5591	1
5592	1
5593	0
5594	0
5595	0
5596	0
5597	0
5598	0
5599	2
5600	0
5601	0
5602	0
5603	1
5604	0
5605	1
5606	0
5607	1
5608	0
5609	0
5610	0
5611	0
5612	0
5613	0
5614	0
5615	0
5616	0
5617	0
5618	0
5619	0
5620	0
5621	0
5622	1
5623	1
5624	0
5625	0
5626	1
5627	1
5628	2
5629	0
5630	1
5631	0
5632	1
5633	0
5634	0
5635	1
5636	0
5637	0
5638	1
5639	1
5640	1
5641	1
5642	0
5643	1
5644	0
5645	0
5646	0
5647	2
5648	0
5649	0
5650	0
5651	0
5652	2
5653	0
5654	0
5655	0
5656	0
5657	0
5658	0
5659	1
5660	2
5661	0
5662	0
5663	1
5664	1
5665	0
5666	1
5667	1
5668	0
5669	0
5670	0
5671	0
5672	0
5673	0
5674	0
5675	0
5676	0
5677	0
5678	1
5679	2
5680	1
5681	0
5682	0
5683	0
5684	1
5685	0
5686	0
5687	0
5688	0
5689	1
5690	0
5691	0
5692	1
5693	0
5694	1
5695	0
5696	0
5697	1
5698	0
5699	0
5700	0
5701	0
5702	1
5703	0
5704	0
5705	3
5706	1
5707	0
5708	0
5709	0
5710	0
5711	1
5712	1
5713	0
5714	0
5715	0
5716	0
5717	1
5718	0
5719	1
5720	0
5721	0
5722	0
5723	1
5724	1
5725	0
5726	2
5727	0
5728	0
5729	0
5730	0
5731	0
5732	0
5733	0
5734	0
5735	0
5736	0
5737	0
5738	2
5739	0
5740	2
5741	0
5742	0
5743	1
5744	0
5745	0
5746	0
5747	1
5748	0
5749	0
5750	0
5751	0
5752	1
5753	0
5754	0
5755	0
5756	0
5757	1
5758	0
5759	2
5760	0
5761	0
5762	0
5763	1
5764	0
5765	0
5766	0
5767	0
5768	0
5769	0
5770	0
5771	1
5772	1
5773	0
5774	0
5775	0
5776	1
5777	0
5778	0
5779	0
5780	1
5781	0
5782	0
5783	0
5784	0
5785	1
5786	1
5787	1
5788	0
5789	1
5790	0
5791	0
5792	0
5793	0
5794	0
5795	0
5796	0
5797	0
5798	0
5799	0
5800	0
5801	0
5802	0
5803	0
5804	0
5805	0
5806	0
5807	0
5808	1
5809	0
5810	0
5811	0
5812	0
5813	1
5814	0
5815	0
5816	1
5817	0
5818	1
5819	0
5820	0
5821	0
5822	0
5823	0
5824	0
5825	1
5826	1
5827	0
5828	0
5829	0
5830	1
5831	1
5832	0
5833	0
5834	0
5835	2
5836	0
5837	0
5838	0
5839	0
5840	0
5841	0
5842	0
5843	0
5844	0
5845	0
5846	0
5847	0
5848	1
5849	0
5850	0
5851	1
5852	0
5853	0
5854	1
5855	0
5856	2
5857	0
5858	1
5859	0
5860	0
5861	1
5862	0
5863	2
5864	1
5865	1
5866	0
5867	0
5868	0
5869	0
5870	1
5871	0
5872	0
5873	0
5874	0
5875	0
5876	1
5877	0
5878	0
5879	0
5880	0
5881	0
5882	2
5883	0
5884	0
5885	1
5886	0
5887	1
5888	0
5889	0
5890	1
5891	1
5892	0
5893	0
5894	0
5895	1
5896	0
5897	0
5898	0
5899	1
5900	0
5901	1
5902	0
5903	0
5904	0
5905	0
5906	0
5907	1
5908	1
5909	0
5910	0
5911	0
5912	0
5913	2
5914	0
5915	1
5916	0
5917	1
5918	0
5919	0
5920	1
5921	1
5922	1
5923	0
5924	0
5925	1
5926	1
5927	0
5928	0
5929	0
5930	1
5931	0
5932	1
5933	0
5934	0
5935	0
5936	1
5937	0
5938	1
5939	0
5940	1
5941	1
5942	0
5943	1
5944	0
5945	0
5946	0
5947	0
5948	0
5949	0
5950	0
5951	0
5952	1
5953	0
5954	1
5955	1
5956	0
5957	1
5958	1
5959	0
5960	1
5961	1
5962	0
5963	1
5964	0
5965	0
5966	0
5967	0
5968	0
5969	0
5970	1
5971	0
5972	2
5973	0
5974	0
5975	0
5976	0
5977	0
5978	1
5979	0
5980	0
5981	0
5982	2
5983	0
5984	2
5985	0
5986	0
5987	0
5988	0
5989	0
5990	0
5991	1
5992	0
5993	0
5994	1
5995	1
5996	0
5997	0
5998	0
5999	1
6000	1
6001	0
6002	0
6003	1
6004	1
6005	0
6006	1
6007	1
6008	0
6009	0
6010	0
6011	1
6012	2
6013	2
6014	0
6015	2
6016	0
6017	0
6018	0
6019	1
6020	0
6021	0
6022	1
6023	0
6024	1
6025	0
6026	0
6027	0
6028	0
6029	0
6030	1
6031	0
6032	1
6033	0
6034	0
6035	0
6036	0
6037	1
6038	0
6039	1
6040	1
6041	1
6042	0
6043	0
6044	1
6045	0
6046	0
6047	0
6048	2
6049	2
6050	0
6051	0
6052	0
6053	1
6054	0
6055	0
6056	0
6057	0
6058	0
6059	1
6060	0
6061	0
6062	0
6063	0
6064	0
6065	0
6066	0
6067	0
6068	0
6069	1
6070	0
6071	0
6072	2
6073	0
6074	1
6075	1
6076	1
6077	1
6078	0
6079	1
6080	0
6081	0
6082	0
6083	0
6084	1
6085	0
6086	0
6087	2
6088	1
6089	0
6090	0
6091	1
6092	0
6093	1
6094	2
6095	1
6096	0
6097	1
6098	0
6099	1
6100	1
6101	0
6102	0
6103	0
6104	0
6105	0
6106	0
6107	0
6108	0
6109	1
6110	0
6111	0
6112	1
6113	0
6114	1
6115	0
6116	0
6117	1
6118	1
6119	0
6120	0
6121	1
6122	0
6123	0
6124	0
6125	0
6126	0
6127	2
6128	0
6129	0
6130	0
6131	0
6132	0
6133	1
6134	1
6135	1
6136	1
6137	1
6138	0
6139	0
6140	1
6141	0
6142	1
6143	0
6144	1
6145	3
6146	0
6147	0
6148	0
6149	0
6150	0
6151	0
6152	0
6153	0
6154	0
6155	0
6156	0
6157	0
6158	0
6159	0
6160	0
6161	0
6162	1
6163	1
6164	1
6165	0
6166	0
6167	2
6168	0
6169	0
6170	0
6171	0
6172	1
6173	0
6174	0
6175	0
6176	1
6177	0
6178	0
6179	2
6180	0
6181	1
6182	0
6183	0
6184	1
6185	1
6186	0
6187	0
6188	0
6189	0
6190	0
6191	1
6192	0
6193	0
6194	0
6195	1
6196	0
6197	1
6198	0
6199	0
6200	0
6201	0
6202	0
6203	1
6204	2
6205	1
6206	0
6207	0
6208	1
6209	0
6210	0
6211	0
6212	0
6213	1
6214	0
6215	0
6216	1
6217	1
6218	1
6219	0
6220	0
6221	0
6222	0
6223	1
6224	0
6225	0
6226	0
6227	0
6228	0
6229	0
6230	1
6231	0
6232	0
6233	0
6234	0
6235	0
6236	0
6237	0
6238	1
6239	0
6240	2
6241	0
6242	0
6243	1
6244	0
6245	0
6246	0
6247	0
6248	0
6249	0
6250	0
6251	1
6252	0
6253	1
6254	1
6255	1
6256	1
6257	2
6258	0
6259	0
6260	0
6261	0
6262	0
6263	1
6264	1
6265	0
6266	0
6267	1
6268	0
6269	0
6270	1
6271	1
6272	0
6273	1
6274	2
6275	0
6276	1
6277	0
6278	0
6279	0
6280	0
6281	0
6282	0
6283	0
6284	0
6285	0
6286	2
6287	0
6288	0
6289	0
6290	0
6291	0
6292	0
6293	0
6294	1
6295	1
6296	0
6297	0
6298	0
6299	0
6300	1
6301	0
6302	1
6303	1
6304	0
6305	0
6306	2
6307	0
6308	0
6309	1
6310	0
6311	0
6312	1
6313	0
6314	0
6315	0
6316	1
6317	0
6318	0
6319	0
6320	3
6321	1
6322	0
6323	0
6324	0
6325	1
6326	0
6327	0
6328	0
6329	0
6330	0
6331	2
6332	0
6333	0
6334	0
6335	0
6336	1
6337	0
6338	1
6339	2
6340	0
6341	1
6342	0
6343	0
6344	0
6345	0
6346	1
6347	1
6348	0
6349	1
6350	0
6351	2
6352	0
6353	0
6354	0
6355	1
6356	0
6357	0
6358	0
6359	0
6360	2
6361	1
6362	0
6363	0
6364	0
6365	1
6366	1
6367	2
6368	0
6369	2
6370	0
6371	2
6372	3
6373	1
6374	0
6375	0
6376	0
6377	0
6378	0
6379	0
6380	0
6381	0
6382	0
6383	1
6384	2
6385	1
6386	0
6387	1
6388	0
6389	0
6390	0
6391	0
6392	1
6393	0
6394	0
6395	0
6396	0
6397	0
6398	0
6399	2
6400	1
6401	0
6402	0
6403	1
6404	0
6405	0
6406	1
6407	0
6408	0
6409	0
6410	0
6411	1
6412	0
6413	0
6414	0
6415	3
6416	0
6417	0
6418	1
6419	0
6420	0
6421	0
6422	0
6423	0
6424	0
6425	1
6426	1
6427	0
6428	0
6429	1
6430	0
6431	0
6432	0
6433	0
6434	0
6435	0
6436	0
6437	0
6438	0
6439	1
6440	1
6441	2
6442	1
6443	1
6444	0
6445	1
6446	0
6447	0
6448	1
6449	0
6450	1
6451	0
6452	0
6453	0
6454	1
6455	1
6456	0
6457	0
6458	0
6459	1
6460	0
6461	1
6462	0
6463	1
6464	1
6465	1
6466	0
6467	0
6468	3
6469	1
6470	0
6471	1
6472	0
6473	1
6474	0
6475	0
6476	0
6477	0
6478	0
6479	0
6480	0
6481	0
6482	2
6483	0
6484	0
6485	0
6486	0
6487	1
6488	0
6489	2
6490	1
6491	0
6492	1
6493	0
6494	1
6495	2
6496	1
6497	0
6498	2
6499	1
6500	0
6501	1
6502	0
6503	0
6504	1
6505	0
6506	0
6507	1
6508	0
6509	1
6510	0
6511	1
6512	0
6513	0
6514	2
6515	0
6516	2
6517	0
6518	0
6519	1
6520	0
6521	2
6522	0
6523	0
6524	0
6525	0
6526	0
6527	1
6528	0
6529	2
6530	0
6531	0
6532	0
6533	0
6534	1
6535	0
6536	2
6537	1
6538	0
6539	0
6540	0
6541	1
6542	3
6543	1
6544	1
6545	1
6546	0
6547	1
6548	2
6549	0
6550	0
6551	0
6552	0
6553	0
6554	0
6555	0
6556	1
6557	1
6558	0
6559	3
6560	2
6561	0
6562	1
6563	0
6564	0
6565	0
6566	0
6567	1
6568	1
6569	0
6570	0
6571	0
6572	0
6573	1
6574	0
6575	0
6576	0
6577	0
6578	0
6579	0
6580	0
6581	2
6582	0
6583	0
6584	3
6585	1
6586	0
6587	0
6588	0
6589	0
6590	1
6591	0
6592	1
6593	0
6594	0
6595	2
6596	0
6597	0
6598	1
6599	0
6600	0
6601	1
6602	0
6603	1
6604	0
6605	0
6606	0
6607	2
6608	2
6609	0
6610	0
6611	0
6612	0
6613	0
6614	0
6615	0
6616	0
6617	2
6618	0
6619	1
6620	1
6621	1
6622	1
6623	0
6624	2
6625	1
6626	0
6627	0
6628	0
6629	1
6630	0
6631	1
6632	1
6633	0
6634	1
6635	0
6636	1
6637	0
6638	2
6639	1
6640	1
6641	0
6642	1
6643	0
6644	0
6645	0
6646	0
6647	3
6648	0
6649	2
6650	0
6651	0
6652	0
6653	1
6654	1
6655	0
6656	0
6657	1
6658	0
6659	1
6660	0
6661	1
6662	1
6663	1
6664	1
6665	0
6666	0
6667	1
6668	0
6669	0
6670	1
6671	0
6672	1
6673	1
6674	0
6675	0
6676	0
6677	0
6678	0
6679	0
6680	0
6681	0
6682	1
6683	0
6684	0
6685	0
6686	1
6687	1
6688	0
6689	0
6690	0
6691	0
6692	0
6693	0
6694	0
6695	0
6696	2
6697	1
6698	1
6699	0
6700	0
6701	1
6702	1
6703	0
6704	0
6705	1
6706	0
6707	0
6708	1
6709	0
6710	0
6711	0
6712	0
6713	1
6714	2
6715	1
6716	1
6717	0
6718	1
6719	0
6720	0
6721	1
6722	0
6723	0
6724	0
6725	0
6726	0
6727	0
6728	0
6729	1
6730	0
6731	0
6732	1
6733	1
6734	0
6735	0
6736	1
6737	0
6738	1
6739	0
6740	0
6741	0
6742	1
6743	0
6744	0
6745	0
6746	0
6747	0
6748	1
6749	0
6750	2
6751	0
6752	1
6753	0
6754	1
6755	1
6756	1
6757	0
6758	3
6759	0
6760	0
6761	1
6762	0
6763	0
6764	0
6765	0
6766	1
6767	0
6768	0
6769	1
6770	1
6771	0
6772	0
6773	2
6774	0
6775	0
6776	2
6777	0
6778	2
6779	1
6780	1
6781	1
6782	0
6783	0
6784	0
6785	1
6786	0
6787	0
6788	0
6789	0
6790	1
6791	1
6792	2
6793	1
6794	0
6795	0
6796	1
6797	0
6798	1
6799	0
6800	0
6801	0
6802	0
6803	0
6804	0
6805	0
6806	1
6807	0
6808	0
6809	1
6810	1
6811	1
6812	1
6813	1
6814	0
6815	0
6816	1
6817	1
6818	0
6819	0
6820	1
6821	1
6822	0
6823	1
6824	0
6825	2
6826	0
6827	0
6828	1
6829	0
6830	0
6831	0
6832	0
6833	0
6834	0
6835	1
6836	0
6837	0
6838	0
6839	1
6840	1
6841	2
6842	0
6843	0
6844	1
6845	2
6846	1
6847	0
6848	0
6849	1
6850	0
6851	0
6852	1
6853	0
6854	0
6855	0
6856	0
6857	0
6858	1
6859	1
6860	0
6861	0
6862	0
6863	1
6864	1
6865	1
6866	0
6867	0
6868	0
6869	0
6870	0
6871	0
6872	1
6873	0
6874	1
6875	0
6876	0
6877	1
6878	0
6879	2
6880	0
6881	0
6882	0
6883	0
6884	0
6885	0
6886	0
6887	0
6888	0
6889	0
6890	0
6891	0
6892	1
6893	0
6894	0
6895	0
6896	0
6897	0
6898	0
6899	1
6900	1
6901	1
6902	0
6903	0
6904	2
6905	0
6906	0
6907	1
6908	0
6909	1
6910	0
6911	1
6912	0
6913	0
6914	0
6915	0
6916	0
6917	0
6918	0
6919	0
6920	0
6921	0
6922	1
6923	2
6924	0
6925	0
6926	1
6927	0
6928	0
6929	0
6930	0
6931	0
6932	0
6933	1
6934	0
6935	0
6936	0
6937	0
6938	1
6939	0
6940	0
6941	0
6942	0
6943	0
6944	0
6945	1
6946	1
6947	0
6948	0
6949	1
6950	1
6951	1
6952	1
6953	0
6954	2
6955	0
6956	1
6957	0
6958	0
6959	0
6960	0
6961	0
6962	0
6963	0
6964	0
6965	1
6966	0
6967	0
6968	0
6969	0
6970	0
6971	0
6972	0
6973	1
6974	1
6975	0
6976	0
6977	0
6978	1
6979	2
6980	0
6981	1
6982	0
6983	0
6984	0
6985	0
6986	0
6987	0
6988	0
6989	0
6990	0
6991	0
6992	0
6993	2
6994	2
6995	1
6996	1
6997	1
6998	0
6999	0
7000	0
7001	1
7002	0
7003	0
7004	1
7005	0
7006	0
7007	0
7008	2
7009	2
7010	0
7011	0
7012	0
7013	0
7014	0
7015	0
7016	1
7017	1
7018	0
7019	0
7020	0
7021	0
7022	2
7023	0
7024	0
7025	0
7026	1
7027	0
7028	0
7029	2
7030	0
7031	0
7032	0
7033	0
7034	0
7035	0
7036	0
7037	0
7038	0
7039	0
7040	1
7041	0
7042	0
7043	1
7044	0
7045	0
7046	0
7047	1
7048	1
7049	0
7050	0
7051	1
7052	0
7053	0
7054	0
7055	0
7056	2
7057	0
7058	0
7059	0
7060	1
7061	1
7062	0
7063	1
7064	0
7065	0
7066	1
7067	0
7068	0
7069	2
7070	0
7071	1
7072	0
7073	0
7074	0
7075	0
7076	0
7077	0
7078	0
7079	0
7080	0
7081	0
7082	0
7083	0
7084	1
7085	0
7086	0
7087	1
7088	0
7089	0
7090	0
7091	0
7092	0
7093	0
7094	0
7095	0
7096	0
7097	0
7098	0
7099	1
7100	0
7101	1
7102	0
7103	2
7104	0
7105	1
7106	0
7107	0
7108	0
7109	2
7110	0
7111	1
7112	0
7113	3
7114	0
7115	1
7116	0
7117	1
7118	0
7119	1
7120	0
7121	0
7122	0
7123	1
7124	0
7125	1
7126	0
7127	0
7128	0
7129	0
7130	1
7131	0
7132	0
7133	0
7134	0
7135	0
7136	1
7137	0
7138	0
7139	0
7140	0
7141	1
7142	0
7143	0
7144	0
7145	0
7146	1
7147	0
7148	2
7149	1
7150	0
7151	0
7152	2
7153	0
7154	0
7155	1
7156	0
7157	0
7158	0
7159	1
7160	0
7161	0
7162	0
7163	0
7164	0
7165	1
7166	0
7167	0
7168	0
7169	0
7170	0
7171	0
7172	1
7173	0
7174	1
7175	0
7176	0
7177	1
7178	0
7179	1
7180	0
7181	1
7182	0
7183	0
7184	0
7185	0
7186	0
7187	1
7188	0
7189	0
7190	0
7191	0
7192	0
7193	0
7194	0
7195	0
7196	0
7197	0
7198	0
7199	0
7200	1
7201	0
7202	0
7203	0
7204	0
7205	1
7206	0
7207	1
7208	0
7209	0
7210	1
7211	0
7212	1
7213	0
7214	0
7215	0
7216	1
7217	0
7218	0
7219	0
7220	0
7221	0
7222	0
7223	0
7224	0
7225	0
7226	0
7227	0
7228	1
7229	0
7230	0
7231	0
7232	0
7233	1
7234	0
7235	1
7236	0
7237	0
7238	2
7239	1
7240	0
7241	1
7242	0
7243	1
7244	0
7245	0
7246	1
7247	0
7248	0
7249	0
7250	0
7251	0
7252	0
7253	0
7254	0
7255	0
7256	1
7257	0
7258	1
7259	0
7260	1
7261	0
7262	1
7263	0
7264	0
7265	1
7266	0
7267	1
7268	0
7269	0
7270	1
7271	0
7272	0
7273	0
7274	0
7275	1
7276	0
7277	0
7278	0
7279	0
7280	0
7281	1
7282	0
7283	2
7284	0
7285	0
7286	1
7287	0
7288	0
7289	1
7290	0
7291	0
7292	0
7293	0
7294	1
7295	0
7296	0
7297	0
7298	0
7299	0
7300	0
7301	0
7302	1
7303	0
7304	0
7305	0
7306	0
7307	0
7308	1
7309	0
7310	1
7311	0
7312	2
7313	0
7314	0
7315	0
7316	0
7317	0
7318	1
7319	0
7320	0
7321	0
7322	0
7323	0
7324	0
7325	0
7326	0
7327	0
7328	0
7329	0
7330	1
7331	0
7332	0
7333	0
7334	0
7335	0
7336	0
7337	1
7338	0
7339	0
7340	0
7341	1
7342	1
7343	0
7344	0
7345	0
7346	1
7347	0
7348	0
7349	0
7350	0
7351	0
7352	0
7353	0
7354	0
7355	0
7356	2
7357	0
7358	0
7359	0
7360	0
7361	0
7362	1
7363	0
7364	0
7365	0
7366	0
7367	1
7368	0
7369	0
7370	0
7371	0
7372	2
7373	1
7374	0
7375	0
7376	0
7377	0
7378	1
7379	0
7380	1
7381	0
7382	0
7383	0
7384	0
7385	0
7386	0
7387	0
7388	0
7389	0
7390	1
7391	0
7392	1
7393	0
7394	0
7395	0
7396	1
7397	0
7398	0
7399	3
7400	0
7401	0
7402	0
7403	0
7404	0
7405	0
7406	2
7407	0
7408	1
7409	1
7410	1
7411	0
7412	0
7413	1
7414	0
7415	1
7416	0
7417	0
7418	0
7419	0
7420	1
7421	0
7422	1
7423	1
7424	1
7425	0
7426	0
7427	0
7428	0
7429	0
7430	0
7431	0
7432	0
7433	1
7434	0
7435	0
7436	0
7437	0
7438	0
7439	0
7440	0
7441	0
7442	0
7443	0
7444	1
7445	0
7446	0
7447	0
7448	0
7449	0
7450	0
7451	1
7452	0
7453	0
7454	0
7455	0
7456	1
7457	0
7458	0
7459	0
7460	0
7461	0
7462	0
7463	0
7464	1
7465	0
7466	0
7467	0
7468	0
7469	0
7470	0
7471	0
7472	0
7473	0
7474	0
7475	0
7476	0
7477	0
7478	0
7479	0
7480	0
7481	1
7482	0
7483	1
7484	1
7485	0
7486	0
7487	0
7488	0
7489	0
7490	0
7491	0
7492	0
7493	0
7494	0
7495	0
7496	0
7497	0
7498	0
7499	0
7500	0
7501	0
7502	1
7503	0
7504	0
7505	0
7506	0
7507	0
7508	0
7509	1
7510	0
7511	0
7512	0
7513	0
7514	0
7515	0
7516	1
7517	1
7518	0
7519	0
7520	0
7521	0
7522	0
7523	1
7524	0
7525	0
7526	0
7527	1
7528	0
7529	0
7530	0
7531	0
7532	0
7533	0
7534	0
7535	0
7536	0
7537	0
7538	0
7539	0
7540	0
7541	0
7542	0
7543	0
7544	0
7545	0
7546	0
7547	0
7548	0
7549	0
7550	0
7551	1
7552	0
7553	0
7554	0
7555	1
7556	0
7557	1
7558	0
7559	1
7560	0
7561	0
7562	1
7563	0
7564	0
7565	0
7566	0
7567	0
7568	0
7569	0
7570	0
7571	1
7572	1
7573	0
7574	0
7575	0
7576	0
7577	0
7578	1
7579	1
7580	0
7581	0
7582	0
7583	0
7584	1
7585	0
7586	0
7587	0
7588	0
7589	2
7590	0
7591	0
7592	1
7593	1
7594	0
7595	0
7596	0
7597	0
7598	0
7599	1
7600	0
7601	0
7602	0
7603	2
7604	0
7605	0
7606	0
7607	1
7608	0
7609	0
7610	0
7611	0
7612	0
7613	0
7614	0
7615	0
7616	0
7617	1
7618	1
7619	0
7620	1
7621	0
7622	0
7623	0
7624	0
7625	0
7626	2
7627	0
7628	1
7629	0
7630	0
7631	0
7632	0
7633	2
7634	1
7635	0
7636	0
7637	0
7638	0
7639	0
7640	0
7641	1
7642	0
7643	0
7644	0
7645	0
7646	0
7647	1
7648	0
7649	0
7650	0
7651	0
7652	0
7653	0
7654	1
7655	0
7656	0
7657	0
7658	0
7659	0
7660	0
7661	1
7662	0
7663	0
7664	0
7665	0
7666	1
7667	0
7668	1
7669	1
7670	0
7671	0
7672	0
7673	1
7674	0
7675	1
7676	2
7677	0
7678	0
7679	0
7680	0
7681	1
7682	0
7683	2
7684	0
7685	0
7686	0
7687	1
7688	0
7689	1
7690	0
7691	0
7692	0
7693	0
7694	1
7695	0
7696	0
7697	3
7698	0
7699	0
7700	0
7701	1
7702	0
7703	0
7704	0
7705	0
7706	1
7707	1
7708	0
7709	0
7710	0
7711	0
7712	0
7713	0
7714	0
7715	0
7716	0
7717	0
7718	1
7719	0
7720	1
7721	0
7722	0
7723	1
7724	0
7725	0
7726	0
7727	0
7728	0
7729	0
7730	1
7731	0
7732	0
7733	0
7734	1
7735	1
7736	0
7737	0
7738	0
7739	0
7740	0
7741	1
7742	0
7743	0
7744	0
7745	2
7746	0
7747	0
7748	0
7749	0
7750	1
7751	0
7752	0
7753	0
7754	0
7755	0
7756	0
7757	2
7758	0
7759	3
7760	1
7761	0
7762	1
7763	0
7764	1
7765	1
7766	1
7767	0
7768	0
7769	0
7770	1
7771	1
7772	0
7773	0
7774	0
7775	0
7776	0
7777	0
7778	1
7779	0
7780	1
7781	0
7782	1
7783	1
7784	0
7785	1
7786	0
7787	1
7788	0
7789	1
7790	0
7791	0
7792	0
7793	0
7794	1
7795	0
7796	1
7797	0
7798	0
7799	1
7800	0
7801	1
7802	0
7803	0
7804	0
7805	0
7806	0
7807	0
7808	1
7809	0
7810	0
7811	0
7812	1
7813	0
7814	1
7815	0
7816	0
7817	1
7818	0
7819	0
7820	1
7821	0
7822	0
7823	0
7824	0
7825	0
7826	0
7827	1
7828	1
7829	0
7830	1
7831	0
7832	1
7833	0
7834	0
7835	0
7836	0
7837	0
7838	0
7839	0
7840	0
7841	0
7842	0
7843	0
7844	0
7845	1
7846	1
7847	2
7848	0
7849	1
7850	1
7851	0
7852	1
7853	1
7854	0
7855	0
7856	0
7857	0
7858	1
7859	0
7860	1
7861	0
7862	1
7863	0
7864	0
7865	0
7866	0
7867	1
7868	1
7869	2
7870	0
7871	0
7872	1
7873	0
7874	0
7875	0
7876	0
7877	0
7878	1
7879	0
7880	0
7881	0
7882	1
7883	0
7884	0
7885	1
7886	0
7887	0
7888	0
7889	0
7890	1
7891	0
7892	1
7893	0
7894	1
7895	1
7896	0
7897	1
7898	1
7899	0
7900	0
7901	0
7902	0
7903	0
7904	0
7905	0
7906	1
7907	0
7908	1
7909	0
7910	1
7911	2
7912	1
7913	0
7914	0
7915	1
7916	1
7917	0
7918	0
7919	0
7920	0
7921	0
7922	2
7923	0
7924	0
7925	0
7926	1
7927	1
7928	0
7929	0
7930	0
7931	0
7932	2
7933	0
7934	1
7935	0
7936	1
7937	1
7938	1
7939	1
7940	0
7941	0
7942	0
7943	0
7944	0
7945	1
7946	0
7947	1
7948	1
7949	0
7950	0
7951	0
7952	0
7953	0
7954	0
7955	0
7956	1
7957	0
7958	0
7959	1
7960	0
7961	0
7962	0
7963	1
7964	0
7965	1
7966	0
7967	0
7968	0
7969	0
7970	1
7971	0
7972	0
7973	0
7974	0
7975	0
7976	0
7977	1
7978	0
7979	0
7980	1
7981	0
7982	0
7983	0
7984	0
7985	0
7986	1
7987	0
7988	1
7989	1
7990	1
7991	1
7992	0
7993	0
7994	0
7995	0
7996	0
7997	0
7998	0
7999	0
8000	0
8001	0
8002	0
8003	0
8004	1
8005	0
8006	0
8007	1
8008	1
8009	1
8010	0
8011	1
8012	0
8013	1
8014	0
8015	0
8016	1
8017	0
8018	0
8019	0
8020	1
8021	0
8022	1
8023	1
8024	0
8025	0
8026	0
8027	0
8028	0
8029	0
8030	0
8031	0
8032	0
8033	1
8034	1
8035	0
8036	0
8037	0
8038	1
8039	0
8040	0
8041	0
8042	0
8043	0
8044	0
8045	0
8046	0
8047	0
8048	0
8049	0
8050	0
8051	0
8052	0
8053	1
8054	0
8055	0
8056	0
8057	0
8058	0
8059	0
8060	0
8061	0
8062	0
8063	0
8064	0
8065	0
8066	0
8067	0
8068	1
8069	0
8070	0
8071	0
8072	0
8073	0
8074	0
8075	0
8076	0
8077	1
8078	1
8079	0
8080	0
8081	0
8082	0
8083	0
8084	0
8085	0
8086	0
8087	0
8088	0
8089	0
8090	0
8091	0
8092	0
8093	0
8094	0
8095	0
8096	0
8097	0
8098	0
8099	0
8100	0
8101	0
8102	0
8103	0
8104	0
8105	0
8106	0
8107	0
8108	0
8109	0
8110	0
8111	0
8112	0
8113	0
8114	0
8115	0
8116	0
8117	0
8118	0
8119	0
8120	0
8121	0
8122	0
8123	0
8124	0
8125	0
8126	0
8127	0
8128	0
8129	0
8130	0
8131	0
8132	0
8133	0
8134	0
8135	0
8136	0
8137	0
8138	0
8139	0
8140	0
8141	0
8142	0
8143	0
8144	0
8145	0
8146	0
8147	0
8148	0
8149	0
8150	0
8151	0
8152	0
8153	0
8154	0
8155	0
8156	0
8157	0
8158	0
8159	0
8160	0
8161	0
8162	0
8163	0
8164	0
8165	0
8166	0
8167	0
8168	0
8169	0
8170	0
8171	0
8172	0
8173	0
8174	0
8175	0
8176	0
8177	0
8178	0
8179	0
8180	0
8181	0
8182	0
8183	0
8184	0
8185	0
8186	0
8187	0
8188	0
8189	0
8190	0
8191	0
