0	0
1	0
2	0
3	0
4	0
5	0
6	0
7	0
8	0
9	0
10	0
11	0
12	0
13	0
14	0
15	0
16	0
17	0
18	0
19	0
20	0
21	0
22	0
23	0
24	0
25	0
26	0
27	0
28	0
29	0
30	0
31	0
32	0
33	0
34	0
35	0
36	0
37	0
38	0
39	0
40	0
41	0
42	0
43	0
44	0
45	0
46	0
47	0
48	0
49	0
50	0
51	0
52	0
53	0
54	0
55	0
56	0
57	0
58	0
59	0
60	0
61	0
62	0
63	0
64	0
65	0
66	0
67	0
68	0
69	0
70	0
71	0
72	0
73	0
74	0
75	0
76	0
77	0
78	0
79	0
80	0
81	0
82	0
83	0
84	0
85	0
86	2
87	4
88	6
89	6
90	6
91	5
92	8
93	10
94	11
95	6
96	2
97	11
98	3
99	5
100	8
101	6
102	9
103	6
104	12
105	9
106	8
107	9
108	4
109	8
110	6
111	6
112	9
113	7
114	9
115	10
116	9
117	6
118	8
119	5
120	8
121	7
122	9
123	3
124	15
125	4
126	7
127	7
128	3
129	6
130	1
131	5
132	8
133	8
134	8
135	5
136	9
137	7
138	7
139	8
140	10
141	6
142	7
143	5
144	9
145	7
146	5
147	5
148	5
149	12
150	8
151	12
152	11
153	7
154	7
155	6
156	10
157	13
158	4
159	10
160	9
161	3
162	6
163	10
164	9
165	6
166	5
167	7
168	8
169	7
170	11
171	10
172	9
173	7
174	12
175	13
176	8
177	6
178	11
179	8
180	4
181	10
182	5
183	5
184	6
185	5
186	11
187	15
188	7
189	14
190	6
191	5
192	12
193	10
194	5
195	10
196	11
197	10
198	7
199	10
200	9
201	9
202	8
203	5
204	12
205	10
206	9
207	4
208	7
209	12
210	5
211	6
212	6
213	9
214	4
215	11
216	7
217	5
218	8
219	11
220	11
221	7
222	11
223	9
224	13
225	8
226	5
227	4
228	5
229	11
230	6
231	6
232	7
233	8
234	6
235	3
236	11
237	10
238	0
239	6
240	4
241	11
242	9
243	7
244	12
245	12
246	8
247	7
248	9
249	5
250	11
251	7
252	15
253	7
254	8
255	8
256	10
257	5
258	13
259	11
260	10
261	5
262	14
263	11
264	6
265	8
266	8
267	6
268	8
269	8
270	10
271	11
272	5
273	7
274	10
275	12
276	7
277	13
278	4
279	9
280	12
281	5
282	6
283	10
284	11
285	9
286	9
287	8
288	10
289	6
290	6
291	12
292	6
293	9
294	14
295	13
296	6
297	15
298	5
299	7
300	11
301	8
302	9
303	13
304	9
305	8
306	7
307	10
308	6
309	7
310	9
311	5
312	9
313	15
314	7
315	8
316	10
317	4
318	3
319	15
320	7
321	8
322	9
323	10
324	6
325	9
326	12
327	15
328	7
329	9
330	15
331	6
332	10
333	6
334	11
335	12
336	5
337	11
338	8
339	8
340	9
341	15
342	13
343	7
344	11
345	10
346	8
347	11
348	11
349	3
350	14
351	5
352	7
353	7
354	9
355	10
356	8
357	12
358	8
359	8
360	7
361	9
362	10
363	13
364	10
365	10
366	10
367	11
368	6
369	10
370	8
371	5
372	6
373	9
374	9
375	8
376	10
377	10
378	9
379	9
380	15
381	11
382	10
383	11
384	9
385	10
386	9
387	7
388	8
389	9
390	5
391	11
392	8
393	7
394	7
395	7
396	8
397	9
398	13
399	5
400	13
401	6
402	7
403	11
404	9
405	13
406	6
407	13
408	6
409	7
410	8
411	11
412	10
413	7
414	8
415	8
416	11
417	7
418	13
419	4
420	11
421	8
422	10
423	6
424	6
425	13
426	8
427	8
428	11
429	11
430	7
431	9
432	11
433	6
434	11
435	10
436	12
437	10
438	9
439	14
440	15
441	14
442	4
443	12
444	11
445	12
446	4
447	10
448	15
449	7
450	10
451	8
452	4
453	7
454	8
455	9
456	10
457	7
458	14
459	17
460	8
461	15
462	10
463	14
464	10
465	6
466	16
467	11
468	15
469	17
470	10
471	13
472	15
473	16
474	11
475	15
476	12
477	8
478	8
479	17
480	10
481	9
482	14
483	16
484	13
485	19
486	8
487	8
488	10
489	6
490	15
491	14
492	9
493	12
494	10
495	9
496	4
497	9
498	6
499	12
500	11
501	8
502	12
503	8
504	11
505	14
506	14
507	11
508	16
509	9
510	13
511	18
512	10
513	12
514	8
515	12
516	10
517	10
518	12
519	10
520	13
521	13
522	22
523	15
524	14
525	9
526	9
527	9
528	10
529	16
530	15
531	17
532	10
533	15
534	13
535	11
536	13
537	23
538	12
539	13
540	9
541	14
542	14
543	10
544	13
545	18
546	13
547	13
548	18
549	14
550	17
551	10
552	19
553	16
554	16
555	17
556	7
557	14
558	11
559	12
560	16
561	10
562	13
563	12
564	17
565	23
566	18
567	21
568	14
569	20
570	22
571	17
572	15
573	13
574	13
575	21
576	20
577	18
578	22
579	21
580	9
581	22
582	11
583	25
584	16
585	17
586	19
587	15
588	18
589	19
590	22
591	19
592	21
593	17
594	23
595	17
596	20
597	24
598	24
599	13
600	20
601	25
602	19
603	13
604	14
605	26
606	21
607	17
608	22
609	15
610	15
611	28
612	19
613	29
614	16
615	22
616	28
617	17
618	22
619	17
620	16
621	18
622	14
623	17
624	17
625	19
626	19
627	20
628	11
629	14
630	23
631	22
632	13
633	20
634	15
635	20
636	14
637	18
638	15
639	16
640	16
641	19
642	17
643	21
644	20
645	14
646	11
647	27
648	12
649	9
650	18
651	13
652	14
653	17
654	12
655	15
656	25
657	19
658	21
659	12
660	11
661	20
662	17
663	16
664	18
665	18
666	21
667	11
668	15
669	19
670	20
671	17
672	11
673	18
674	14
675	23
676	22
677	14
678	12
679	16
680	10
681	15
682	20
683	9
684	17
685	18
686	14
687	17
688	17
689	15
690	15
691	16
692	12
693	15
694	12
695	15
696	9
697	23
698	19
699	14
700	18
701	18
702	12
703	16
704	21
705	16
706	12
707	18
708	21
709	12
710	21
711	15
712	17
713	13
714	19
715	11
716	17
717	16
718	12
719	11
720	10
721	11
722	11
723	14
724	10
725	13
726	15
727	12
728	11
729	17
730	18
731	11
732	17
733	16
734	9
735	18
736	14
737	12
738	12
739	14
740	19
741	10
742	18
743	10
744	14
745	10
746	15
747	14
748	18
749	20
750	10
751	8
752	13
753	6
754	19
755	13
756	16
757	14
758	11
759	16
760	10
761	12
762	13
763	14
764	16
765	17
766	20
767	15
768	12
769	11
770	18
771	18
772	13
773	14
774	10
775	11
776	17
777	17
778	13
779	16
780	11
781	16
782	11
783	4
784	21
785	22
786	7
787	18
788	16
789	15
790	15
791	15
792	13
793	8
794	11
795	16
796	18
797	21
798	16
799	13
800	16
801	15
802	12
803	13
804	14
805	17
806	13
807	12
808	19
809	18
810	15
811	18
812	17
813	13
814	15
815	15
816	21
817	19
818	18
819	14
820	16
821	20
822	21
823	11
824	11
825	11
826	12
827	22
828	14
829	15
830	20
831	15
832	5
833	16
834	20
835	16
836	14
837	17
838	13
839	19
840	11
841	15
842	19
843	21
844	17
845	14
846	17
847	23
848	21
849	26
850	11
851	19
852	17
853	19
854	17
855	20
856	19
857	17
858	20
859	15
860	20
861	16
862	22
863	18
864	18
865	19
866	23
867	16
868	14
869	16
870	10
871	23
872	17
873	16
874	19
875	14
876	20
877	14
878	12
879	13
880	20
881	16
882	15
883	14
884	18
885	15
886	5
887	21
888	16
889	21
890	16
891	21
892	14
893	14
894	16
895	11
896	20
897	20
898	22
899	18
900	22
901	19
902	20
903	16
904	14
905	21
906	12
907	15
908	21
909	18
910	23
911	18
912	15
913	24
914	22
915	19
916	22
917	18
918	23
919	15
920	20
921	23
922	20
923	18
924	13
925	16
926	20
927	24
928	14
929	12
930	22
931	19
932	12
933	15
934	24
935	22
936	15
937	18
938	15
939	19
940	17
941	21
942	15
943	14
944	10
945	12
946	20
947	20
948	21
949	18
950	23
951	19
952	21
953	23
954	12
955	17
956	17
957	15
958	26
959	22
960	25
961	20
962	19
963	16
964	35
965	23
966	17
967	20
968	16
969	22
970	20
971	18
972	16
973	21
974	21
975	27
976	22
977	18
978	14
979	16
980	23
981	13
982	18
983	20
984	26
985	21
986	20
987	14
988	25
989	22
990	17
991	18
992	21
993	27
994	15
995	23
996	20
997	15
998	22
999	22
1000	21
1001	22
1002	18
1003	28
1004	25
1005	23
1006	23
1007	18
1008	20
1009	13
1010	20
1011	24
1012	19
1013	21
1014	25
1015	26
1016	24
1017	21
1018	24
1019	26
1020	15
1021	21
1022	19
1023	19
1024	15
1025	23
1026	21
1027	20
1028	21
1029	21
1030	18
1031	25
1032	32
1033	27
1034	20
1035	22
1036	25
1037	26
1038	21
1039	23
1040	20
1041	23
1042	17
1043	19
1044	21
1045	24
1046	19
1047	21
1048	29
1049	28
1050	25
1051	24
1052	17
1053	19
1054	22
1055	21
1056	25
1057	17
1058	20
1059	19
1060	22
1061	16
1062	17
1063	21
1064	21
1065	21
1066	32
1067	17
1068	14
1069	21
1070	25
1071	30
1072	12
1073	21
1074	28
1075	20
1076	20
1077	18
1078	20
1079	22
1080	19
1081	25
1082	18
1083	19
1084	26
1085	21
1086	22
1087	18
1088	17
1089	17
1090	29
1091	14
1092	21
1093	24
1094	24
1095	20
1096	23
1097	22
1098	17
1099	23
1100	17
1101	23
1102	24
1103	22
1104	23
1105	22
1106	31
1107	27
1108	29
1109	24
1110	18
1111	22
1112	21
1113	16
1114	30
1115	21
1116	22
1117	16
1118	15
1119	23
1120	20
1121	19
1122	27
1123	23
1124	31
1125	24
1126	26
1127	29
1128	20
1129	24
1130	26
1131	21
1132	22
1133	22
1134	22
1135	17
1136	25
1137	25
1138	21
1139	24
1140	21
1141	28
1142	31
1143	23
1144	24
1145	21
1146	21
1147	18
1148	22
1149	17
1150	31
1151	23
1152	20
1153	16
1154	13
1155	24
1156	24
1157	26
1158	27
1159	19
1160	17
1161	15
1162	22
1163	33
1164	17
1165	20
1166	16
1167	27
1168	28
1169	30
1170	28
1171	24
1172	16
1173	29
1174	22
1175	19
1176	22
1177	33
1178	31
1179	24
1180	28
1181	30
1182	28
1183	29
1184	27
1185	17
1186	25
1187	23
1188	30
1189	27
1190	30
1191	18
1192	36
1193	21
1194	32
1195	21
1196	30
1197	19
1198	22
1199	20
1200	22
1201	31
1202	22
1203	25
1204	23
1205	18
1206	32
1207	24
1208	28
1209	24
1210	32
1211	23
1212	23
1213	23
1214	33
1215	29
1216	25
1217	22
1218	15
1219	30
1220	20
1221	23
1222	24
1223	23
1224	20
1225	25
1226	18
1227	24
1228	33
1229	25
1230	14
1231	25
1232	27
1233	25
1234	29
1235	17
1236	18
1237	24
1238	26
1239	19
1240	31
1241	16
1242	26
1243	19
1244	19
1245	28
1246	24
1247	19
1248	22
1249	27
1250	23
1251	26
1252	27
1253	21
1254	30
1255	30
1256	21
1257	19
1258	21
1259	23
1260	22
1261	29
1262	24
1263	28
1264	22
1265	19
1266	27
1267	29
1268	25
1269	24
1270	31
1271	27
1272	22
1273	20
1274	30
1275	24
1276	26
1277	28
1278	25
1279	21
1280	21
1281	29
1282	28
1283	28
1284	20
1285	28
1286	30
1287	32
1288	29
1289	27
1290	28
1291	23
1292	28
1293	33
1294	25
1295	24
1296	23
1297	24
1298	25
1299	22
1300	29
1301	34
1302	31
1303	27
1304	23
1305	18
1306	19
1307	39
1308	24
1309	30
1310	18
1311	20
1312	26
1313	18
1314	32
1315	17
1316	22
1317	24
1318	18
1319	19
1320	28
1321	34
1322	24
1323	28
1324	19
1325	30
1326	26
1327	22
1328	25
1329	20
1330	20
1331	23
1332	26
1333	25
1334	22
1335	28
1336	29
1337	20
1338	23
1339	23
1340	31
1341	24
1342	28
1343	26
1344	18
1345	30
1346	25
1347	30
1348	26
1349	23
1350	32
1351	28
1352	23
1353	22
1354	24
1355	24
1356	35
1357	25
1358	34
1359	31
1360	27
1361	27
1362	19
1363	29
1364	22
1365	19
1366	29
1367	22
1368	26
1369	27
1370	30
1371	26
1372	29
1373	19
1374	28
1375	18
1376	26
1377	32
1378	28
1379	35
1380	19
1381	36
1382	21
1383	29
1384	27
1385	28
1386	33
1387	22
1388	28
1389	23
1390	20
1391	33
1392	31
1393	26
1394	37
1395	22
1396	22
1397	29
1398	28
1399	36
1400	32
1401	21
1402	23
1403	35
1404	23
1405	31
1406	25
1407	23
1408	34
1409	27
1410	25
1411	27
1412	27
1413	21
1414	25
1415	31
1416	30
1417	36
1418	22
1419	43
1420	23
1421	25
1422	30
1423	28
1424	30
1425	23
1426	25
1427	37
1428	23
1429	36
1430	31
1431	21
1432	31
1433	31
1434	27
1435	23
1436	27
1437	25
1438	33
1439	27
1440	22
1441	39
1442	26
1443	31
1444	22
1445	36
1446	27
1447	31
1448	32
1449	28
1450	29
1451	31
1452	35
1453	25
1454	22
1455	41
1456	36
1457	34
1458	22
1459	28
1460	28
1461	32
1462	27
1463	28
1464	16
1465	29
1466	27
1467	30
1468	25
1469	28
1470	24
1471	25
1472	26
1473	29
1474	25
1475	31
1476	25
1477	29
1478	34
1479	22
1480	26
1481	36
1482	39
1483	37
1484	25
1485	28
1486	27
1487	32
1488	34
1489	25
1490	26
1491	29
1492	27
1493	28
1494	25
1495	27
1496	29
1497	22
1498	29
1499	37
1500	45
1501	29
1502	32
1503	30
1504	30
1505	28
1506	23
1507	31
1508	32
1509	26
1510	24
1511	32
1512	27
1513	31
1514	37
1515	17
1516	31
1517	21
1518	23
1519	28
1520	27
1521	26
1522	30
1523	34
1524	28
1525	30
1526	32
1527	23
1528	37
1529	31
1530	33
1531	34
1532	33
1533	41
1534	30
1535	33
1536	30
1537	30
1538	40
1539	36
1540	31
1541	26
1542	38
1543	28
1544	33
1545	36
1546	25
1547	35
1548	31
1549	32
1550	44
1551	31
1552	38
1553	40
1554	47
1555	31
1556	40
1557	41
1558	30
1559	38
1560	28
1561	36
1562	30
1563	36
1564	31
1565	33
1566	35
1567	33
1568	30
1569	40
1570	34
1571	37
1572	47
1573	27
1574	38
1575	42
1576	32
1577	35
1578	38
1579	33
1580	41
1581	38
1582	27
1583	39
1584	42
1585	33
1586	36
1587	36
1588	36
1589	35
1590	32
1591	39
1592	46
1593	31
1594	40
1595	43
1596	37
1597	33
1598	36
1599	35
1600	44
1601	36
1602	37
1603	39
1604	42
1605	26
1606	43
1607	27
1608	38
1609	35
1610	42
1611	37
1612	43
1613	35
1614	46
1615	44
1616	35
1617	49
1618	35
1619	37
1620	44
1621	42
1622	43
1623	34
1624	40
1625	39
1626	34
1627	38
1628	43
1629	30
1630	31
1631	47
1632	41
1633	36
1634	43
1635	36
1636	45
1637	40
1638	48
1639	49
1640	37
1641	36
1642	40
1643	33
1644	52
1645	48
1646	34
1647	41
1648	52
1649	44
1650	35
1651	52
1652	33
1653	42
1654	34
1655	46
1656	51
1657	41
1658	50
1659	24
1660	33
1661	41
1662	39
1663	32
1664	36
1665	39
1666	38
1667	35
1668	27
1669	32
1670	39
1671	39
1672	41
1673	30
1674	42
1675	30
1676	32
1677	36
1678	36
1679	44
1680	35
1681	49
1682	30
1683	36
1684	39
1685	49
1686	42
1687	45
1688	50
1689	30
1690	24
1691	30
1692	46
1693	36
1694	31
1695	41
1696	28
1697	29
1698	35
1699	35
1700	34
1701	37
1702	19
1703	39
1704	45
1705	39
1706	39
1707	29
1708	32
1709	31
1710	25
1711	32
1712	34
1713	27
1714	30
1715	37
1716	32
1717	29
1718	33
1719	40
1720	34
1721	30
1722	31
1723	37
1724	24
1725	35
1726	33
1727	30
1728	38
1729	22
1730	29
1731	42
1732	35
1733	33
1734	29
1735	21
1736	28
1737	31
1738	20
1739	39
1740	28
1741	30
1742	22
1743	28
1744	26
1745	33
1746	23
1747	28
1748	38
1749	37
1750	25
1751	31
1752	40
1753	25
1754	33
1755	29
1756	21
1757	25
1758	33
1759	29
1760	22
1761	22
1762	18
1763	33
1764	38
1765	24
1766	28
1767	39
1768	15
1769	21
1770	31
1771	25
1772	25
1773	30
1774	35
1775	29
1776	29
1777	26
1778	33
1779	29
1780	22
1781	14
1782	19
1783	23
1784	25
1785	28
1786	26
1787	28
1788	21
1789	23
1790	18
1791	30
1792	32
1793	27
1794	24
1795	24
1796	23
1797	29
1798	22
1799	24
1800	28
1801	30
1802	20
1803	26
1804	24
1805	20
1806	28
1807	23
1808	21
1809	17
1810	21
1811	23
1812	26
1813	16
1814	24
1815	30
1816	35
1817	22
1818	20
1819	19
1820	19
1821	20
1822	24
1823	27
1824	29
1825	14
1826	24
1827	24
1828	27
1829	17
1830	26
1831	17
1832	17
1833	23
1834	18
1835	27
1836	14
1837	24
1838	12
1839	27
1840	20
1841	17
1842	26
1843	18
1844	20
1845	23
1846	19
1847	23
1848	21
1849	18
1850	24
1851	22
1852	18
1853	22
1854	21
1855	19
1856	24
1857	25
1858	19
1859	26
1860	22
1861	20
1862	15
1863	26
1864	24
1865	19
1866	20
1867	23
1868	21
1869	18
1870	19
1871	20
1872	16
1873	10
1874	19
1875	25
1876	30
1877	22
1878	20
1879	14
1880	21
1881	14
1882	16
1883	9
1884	16
1885	15
1886	29
1887	29
1888	22
1889	13
1890	19
1891	15
1892	20
1893	24
1894	15
1895	19
1896	15
1897	11
1898	13
1899	20
1900	21
1901	24
1902	19
1903	25
1904	21
1905	16
1906	20
1907	26
1908	21
1909	21
1910	13
1911	9
1912	21
1913	16
1914	15
1915	16
1916	9
1917	14
1918	22
1919	22
1920	26
1921	19
1922	26
1923	21
1924	22
1925	17
1926	12
1927	24
1928	14
1929	8
1930	20
1931	15
1932	13
1933	18
1934	25
1935	14
1936	14
1937	19
1938	17
1939	17
1940	12
1941	21
1942	18
1943	17
1944	13
1945	16
1946	14
1947	18
1948	17
1949	20
1950	17
1951	13
1952	21
1953	10
1954	20
1955	16
1956	14
1957	10
1958	17
1959	15
1960	14
1961	15
1962	19
1963	13
1964	18
1965	14
1966	19
1967	12
1968	18
1969	22
1970	17
1971	16
1972	15
1973	14
1974	15
1975	12
1976	14
1977	21
1978	15
1979	16
1980	15
1981	14
1982	12
1983	21
1984	26
1985	11
1986	14
1987	17
1988	10
1989	17
1990	14
1991	10
1992	11
1993	14
1994	13
1995	20
1996	20
1997	17
1998	17
1999	14
2000	22
2001	26
2002	16
2003	6
2004	18
2005	20
2006	20
2007	10
2008	17
2009	15
2010	12
2011	19
2012	14
2013	20
2014	11
2015	15
2016	19
2017	16
2018	16
2019	22
2020	10
2021	19
2022	14
2023	11
2024	15
2025	19
2026	15
2027	13
2028	8
2029	14
2030	17
2031	16
2032	13
2033	10
2034	16
2035	17
2036	17
2037	18
2038	17
2039	12
2040	7
2041	15
2042	11
2043	14
2044	12
2045	16
2046	18
2047	21
2048	20
2049	16
2050	15
2051	17
2052	16
2053	13
2054	9
2055	17
2056	20
2057	18
2058	14
2059	14
2060	18
2061	12
2062	8
2063	13
2064	15
2065	13
2066	11
2067	13
2068	20
2069	18
2070	14
2071	15
2072	15
2073	12
2074	16
2075	12
2076	20
2077	19
2078	10
2079	14
2080	13
2081	18
2082	7
2083	17
2084	18
2085	12
2086	14
2087	13
2088	16
2089	15
2090	28
2091	16
2092	9
2093	12
2094	17
2095	19
2096	19
2097	23
2098	15
2099	9
2100	14
2101	18
2102	13
2103	12
2104	15
2105	13
2106	14
2107	15
2108	16
2109	13
2110	17
2111	13
2112	14
2113	19
2114	17
2115	11
2116	14
2117	22
2118	14
2119	20
2120	11
2121	9
2122	17
2123	8
2124	10
2125	13
2126	11
2127	14
2128	17
2129	13
2130	11
2131	15
2132	14
2133	17
2134	15
2135	15
2136	16
2137	11
2138	23
2139	16
2140	12
2141	14
2142	15
2143	17
2144	9
2145	19
2146	13
2147	20
2148	8
2149	12
2150	20
2151	10
2152	12
2153	12
2154	15
2155	8
2156	14
2157	20
2158	6
2159	13
2160	15
2161	13
2162	14
2163	10
2164	17
2165	12
2166	14
2167	11
2168	10
2169	11
2170	19
2171	13
2172	10
2173	13
2174	12
2175	14
2176	13
2177	14
2178	11
2179	15
2180	17
2181	11
2182	14
2183	10
2184	14
2185	11
2186	20
2187	18
2188	18
2189	18
2190	11
2191	13
2192	16
2193	11
2194	14
2195	10
2196	18
2197	12
2198	14
2199	9
2200	19
2201	14
2202	15
2203	17
2204	16
2205	18
2206	8
2207	11
2208	7
2209	7
2210	13
2211	10
2212	8
2213	13
2214	11
2215	7
2216	6
2217	13
2218	15
2219	20
2220	14
2221	13
2222	12
2223	15
2224	10
2225	21
2226	8
2227	12
2228	13
2229	15
2230	6
2231	14
2232	12
2233	19
2234	13
2235	12
2236	9
2237	9
2238	14
2239	14
2240	21
2241	16
2242	11
2243	11
2244	14
2245	11
2246	7
2247	13
2248	10
2249	13
2250	10
2251	13
2252	16
2253	20
2254	9
2255	14
2256	13
2257	8
2258	11
2259	13
2260	11
2261	7
2262	8
2263	10
2264	15
2265	10
2266	7
2267	14
2268	15
2269	15
2270	11
2271	16
2272	7
2273	10
2274	10
2275	12
2276	14
2277	9
2278	13
2279	12
2280	8
2281	15
2282	9
2283	11
2284	7
2285	16
2286	9
2287	12
2288	12
2289	17
2290	11
2291	11
2292	8
2293	6
2294	12
2295	10
2296	9
2297	7
2298	14
2299	10
2300	20
2301	16
2302	8
2303	9
2304	10
2305	9
2306	4
2307	15
2308	10
2309	14
2310	16
2311	13
2312	13
2313	19
2314	6
2315	7
2316	13
2317	9
2318	17
2319	11
2320	19
2321	7
2322	10
2323	18
2324	7
2325	8
2326	9
2327	11
2328	9
2329	18
2330	13
2331	9
2332	12
2333	9
2334	14
2335	10
2336	9
2337	10
2338	12
2339	10
2340	8
2341	15
2342	10
2343	10
2344	13
2345	7
2346	8
2347	12
2348	6
2349	16
2350	12
2351	7
2352	8
2353	14
2354	12
2355	7
2356	12
2357	13
2358	10
2359	13
2360	9
2361	12
2362	4
2363	6
2364	9
2365	18
2366	12
2367	6
2368	11
2369	14
2370	11
2371	5
2372	13
2373	4
2374	14
2375	9
2376	11
2377	11
2378	10
2379	7
2380	7
2381	9
2382	17
2383	8
2384	13
2385	15
2386	12
2387	6
2388	13
2389	10
2390	13
2391	11
2392	9
2393	9
2394	9
2395	5
2396	8
2397	16
2398	10
2399	15
2400	11
2401	5
2402	11
2403	12
2404	9
2405	4
2406	15
2407	15
2408	14
2409	9
2410	7
2411	13
2412	11
2413	12
2414	11
2415	15
2416	12
2417	12
2418	10
2419	6
2420	16
2421	12
2422	15
2423	13
2424	12
2425	10
2426	17
2427	11
2428	13
2429	12
2430	17
2431	9
2432	12
2433	9
2434	13
2435	15
2436	8
2437	11
2438	11
2439	9
2440	9
2441	9
2442	7
2443	12
2444	10
2445	9
2446	16
2447	15
2448	8
2449	4
2450	8
2451	16
2452	4
2453	13
2454	9
2455	10
2456	19
2457	11
2458	12
2459	5
2460	13
2461	10
2462	18
2463	14
2464	11
2465	15
2466	7
2467	7
2468	11
2469	13
2470	10
2471	12
2472	10
2473	10
2474	9
2475	14
2476	12
2477	11
2478	10
2479	17
2480	12
2481	11
2482	17
2483	7
2484	15
2485	7
2486	12
2487	8
2488	14
2489	13
2490	10
2491	9
2492	6
2493	10
2494	16
2495	9
2496	14
2497	9
2498	12
2499	11
2500	14
2501	7
2502	10
2503	13
2504	10
2505	9
2506	10
2507	11
2508	7
2509	18
2510	13
2511	8
2512	19
2513	4
2514	10
2515	9
2516	7
2517	5
2518	17
2519	9
2520	6
2521	10
2522	13
2523	7
2524	11
2525	8
2526	11
2527	10
2528	7
2529	9
2530	5
2531	11
2532	12
2533	17
2534	5
2535	8
2536	10
2537	7
2538	7
2539	13
2540	11
2541	8
2542	15
2543	11
2544	8
2545	14
2546	13
2547	10
2548	10
2549	10
2550	17
2551	10
2552	18
2553	10
2554	14
2555	12
2556	10
2557	10
2558	8
2559	14
2560	11
2561	11
2562	6
2563	14
2564	13
2565	6
2566	8
2567	9
2568	12
2569	10
2570	6
2571	9
2572	8
2573	13
2574	9
2575	10
2576	9
2577	8
2578	11
2579	11
2580	14
2581	11
2582	24
2583	10
2584	13
2585	8
2586	8
2587	7
2588	9
2589	7
2590	6
2591	7
2592	14
2593	5
2594	9
2595	9
2596	13
2597	14
2598	11
2599	4
2600	7
2601	12
2602	8
2603	10
2604	5
2605	5
2606	4
2607	15
2608	10
2609	13
2610	12
2611	13
2612	7
2613	9
2614	10
2615	11
2616	8
2617	13
2618	13
2619	8
2620	5
2621	9
2622	7
2623	9
2624	11
2625	6
2626	12
2627	7
2628	10
2629	6
2630	10
2631	11
2632	9
2633	13
2634	8
2635	11
2636	8
2637	3
2638	9
2639	7
2640	6
2641	9
2642	9
2643	9
2644	7
2645	8
2646	9
2647	11
2648	13
2649	13
2650	6
2651	14
2652	8
2653	8
2654	8
2655	10
2656	9
2657	11
2658	7
2659	11
2660	8
2661	12
2662	12
2663	10
2664	13
2665	8
2666	7
2667	1
2668	15
2669	15
2670	8
2671	10
2672	10
2673	6
2674	12
2675	13
2676	10
2677	11
2678	12
2679	10
2680	11
2681	9
2682	6
2683	4
2684	6
2685	8
2686	10
2687	9
2688	11
2689	8
2690	5
2691	12
2692	14
2693	8
2694	8
2695	5
2696	5
2697	11
2698	13
2699	10
2700	7
2701	9
2702	8
2703	5
2704	6
2705	14
2706	4
2707	8
2708	8
2709	7
2710	9
2711	12
2712	6
2713	14
2714	7
2715	11
2716	11
2717	10
2718	8
2719	10
2720	9
2721	8
2722	8
2723	13
2724	4
2725	7
2726	11
2727	5
2728	11
2729	6
2730	11
2731	14
2732	11
2733	15
2734	8
2735	5
2736	4
2737	12
2738	5
2739	8
2740	5
2741	7
2742	8
2743	8
2744	8
2745	8
2746	17
2747	11
2748	7
2749	14
2750	11
2751	8
2752	8
2753	7
2754	11
2755	11
2756	8
2757	8
2758	8
2759	10
2760	14
2761	13
2762	10
2763	4
2764	6
2765	9
2766	10
2767	9
2768	9
2769	8
2770	8
2771	12
2772	11
2773	5
2774	10
2775	9
2776	9
2777	9
2778	9
2779	4
2780	7
2781	5
2782	6
2783	7
2784	9
2785	7
2786	10
2787	7
2788	7
2789	10
2790	7
2791	9
2792	7
2793	7
2794	8
2795	11
2796	15
2797	9
2798	11
2799	7
2800	7
2801	9
2802	5
2803	5
2804	5
2805	10
2806	10
2807	11
2808	7
2809	7
2810	12
2811	7
2812	11
2813	11
2814	11
2815	11
2816	8
2817	11
2818	9
2819	8
2820	7
2821	11
2822	10
2823	11
2824	11
2825	9
2826	10
2827	4
2828	4
2829	10
2830	6
2831	5
2832	14
2833	9
2834	11
2835	8
2836	4
2837	2
2838	7
2839	8
2840	5
2841	5
2842	10
2843	10
2844	12
2845	7
2846	4
2847	10
2848	7
2849	11
2850	6
2851	5
2852	4
2853	9
2854	10
2855	9
2856	11
2857	6
2858	8
2859	6
2860	10
2861	10
2862	4
2863	14
2864	7
2865	13
2866	10
2867	9
2868	8
2869	8
2870	7
2871	6
2872	4
2873	8
2874	6
2875	9
2876	7
2877	11
2878	5
2879	5
2880	9
2881	10
2882	14
2883	8
2884	4
2885	6
2886	3
2887	11
2888	8
2889	8
2890	13
2891	5
2892	5
2893	5
2894	7
2895	9
2896	10
2897	9
2898	8
2899	6
2900	4
2901	6
2902	9
2903	7
2904	7
2905	8
2906	10
2907	6
2908	11
2909	7
2910	4
2911	6
2912	3
2913	10
2914	10
2915	12
2916	5
2917	8
2918	9
2919	4
2920	6
2921	11
2922	5
2923	9
2924	7
2925	7
2926	11
2927	8
2928	9
2929	3
2930	11
2931	13
2932	9
2933	9
2934	5
2935	14
2936	7
2937	13
2938	8
2939	8
2940	7
2941	6
2942	11
2943	10
2944	4
2945	6
2946	8
2947	9
2948	8
2949	8
2950	9
2951	9
2952	8
2953	12
2954	7
2955	4
2956	8
2957	7
2958	9
2959	8
2960	5
2961	11
2962	10
2963	5
2964	5
2965	10
2966	6
2967	10
2968	3
2969	6
2970	10
2971	8
2972	7
2973	14
2974	8
2975	10
2976	11
2977	8
2978	5
2979	5
2980	11
2981	6
2982	8
2983	8
2984	7
2985	8
2986	10
2987	7
2988	6
2989	9
2990	8
2991	8
2992	6
2993	12
2994	11
2995	6
2996	7
2997	11
2998	7
2999	18
3000	8
3001	7
3002	7
3003	10
3004	4
3005	9
3006	3
3007	8
3008	7
3009	5
3010	5
3011	11
3012	10
3013	7
3014	10
3015	8
3016	5
3017	6
3018	6
3019	6
3020	10
3021	3
3022	5
3023	4
3024	6
3025	8
3026	5
3027	7
3028	7
3029	5
3030	5
3031	2
3032	3
3033	9
3034	5
3035	7
3036	7
3037	6
3038	8
3039	9
3040	7
3041	1
3042	6
3043	14
3044	8
3045	12
3046	6
3047	6
3048	8
3049	4
3050	6
3051	5
3052	11
3053	9
3054	7
3055	11
3056	7
3057	5
3058	12
3059	5
3060	9
3061	7
3062	7
3063	8
3064	6
3065	9
3066	10
3067	10
3068	5
3069	9
3070	7
3071	4
3072	4
3073	11
3074	5
3075	7
3076	11
3077	9
3078	10
3079	6
3080	5
3081	8
3082	10
3083	7
3084	15
3085	12
3086	2
3087	9
3088	6
3089	4
3090	8
3091	4
3092	6
3093	8
3094	10
3095	8
3096	13
3097	7
3098	10
3099	9
3100	7
3101	8
3102	12
3103	6
3104	4
3105	3
3106	13
3107	5
3108	3
3109	8
3110	10
3111	2
3112	10
3113	6
3114	5
3115	3
3116	14
3117	7
3118	12
3119	8
3120	6
3121	5
3122	6
3123	8
3124	10
3125	12
3126	6
3127	8
3128	10
3129	13
3130	7
3131	1
3132	7
3133	7
3134	10
3135	12
3136	9
3137	10
3138	2
3139	2
3140	7
3141	10
3142	4
3143	5
3144	5
3145	5
3146	5
3147	5
3148	4
3149	8
3150	8
3151	7
3152	10
3153	5
3154	8
3155	8
3156	3
3157	4
3158	3
3159	10
3160	6
3161	10
3162	7
3163	10
3164	8
3165	6
3166	15
3167	8
3168	8
3169	4
3170	4
3171	7
3172	5
3173	8
3174	9
3175	6
3176	2
3177	11
3178	4
3179	7
3180	11
3181	5
3182	6
3183	7
3184	4
3185	6
3186	9
3187	12
3188	5
3189	1
3190	4
3191	6
3192	3
3193	11
3194	9
3195	4
3196	6
3197	11
3198	5
3199	10
3200	12
3201	9
3202	9
3203	7
3204	7
3205	10
3206	8
3207	6
3208	7
3209	3
3210	8
3211	4
3212	8
3213	8
3214	12
3215	4
3216	6
3217	9
3218	8
3219	7
3220	8
3221	8
3222	10
3223	9
3224	7
3225	9
3226	6
3227	3
3228	8
3229	3
3230	9
3231	6
3232	5
3233	6
3234	6
3235	5
3236	10
3237	4
3238	5
3239	5
3240	7
3241	8
3242	7
3243	7
3244	4
3245	8
3246	8
3247	5
3248	3
3249	8
3250	3
3251	10
3252	8
3253	7
3254	2
3255	4
3256	8
3257	8
3258	7
3259	11
3260	4
3261	10
3262	7
3263	2
3264	7
3265	8
3266	7
3267	7
3268	10
3269	9
3270	13
3271	10
3272	7
3273	10
3274	5
3275	11
3276	8
3277	13
3278	4
3279	13
3280	6
3281	8
3282	3
3283	3
3284	7
3285	7
3286	5
3287	6
3288	11
3289	3
3290	5
3291	10
3292	10
3293	4
3294	8
3295	5
3296	7
3297	9
3298	6
3299	9
3300	7
3301	6
3302	7
3303	6
3304	8
3305	4
3306	9
3307	3
3308	4
3309	3
3310	3
3311	8
3312	6
3313	6
3314	8
3315	7
3316	6
3317	8
3318	3
3319	7
3320	4
3321	7
3322	5
3323	7
3324	5
3325	3
3326	11
3327	12
3328	8
3329	9
3330	6
3331	10
3332	6
3333	2
3334	5
3335	5
3336	8
3337	5
3338	6
3339	4
3340	6
3341	3
3342	8
3343	10
3344	9
3345	3
3346	7
3347	3
3348	7
3349	3
3350	9
3351	7
3352	4
3353	9
3354	7
3355	12
3356	6
3357	8
3358	5
3359	5
3360	10
3361	7
3362	10
3363	6
3364	3
3365	6
3366	5
3367	4
3368	7
3369	9
3370	4
3371	6
3372	6
3373	6
3374	5
3375	8
3376	3
3377	4
3378	6
3379	4
3380	7
3381	5
3382	7
3383	4
3384	6
3385	8
3386	2
3387	8
3388	10
3389	7
3390	3
3391	6
3392	8
3393	6
3394	5
3395	6
3396	3
3397	2
3398	8
3399	6
3400	8
3401	8
3402	7
3403	8
3404	6
3405	5
3406	6
3407	10
3408	6
3409	9
3410	9
3411	5
3412	10
3413	1
3414	7
3415	3
3416	7
3417	2
3418	9
3419	4
3420	9
3421	6
3422	6
3423	9
3424	2
3425	7
3426	5
3427	5
3428	6
3429	7
3430	7
3431	6
3432	6
3433	9
3434	7
3435	2
3436	5
3437	6
3438	9
3439	6
3440	4
3441	5
3442	7
3443	2
3444	8
3445	7
3446	6
3447	6
3448	6
3449	7
3450	7
3451	4
3452	5
3453	6
3454	6
3455	6
3456	4
3457	6
3458	4
3459	8
3460	5
3461	6
3462	6
3463	2
3464	7
3465	6
3466	5
3467	8
3468	8
3469	7
3470	3
3471	4
3472	1
3473	5
3474	6
3475	5
3476	8
3477	3
3478	6
3479	5
3480	6
3481	3
3482	8
3483	10
3484	1
3485	3
3486	6
3487	8
3488	7
3489	6
3490	5
3491	6
3492	8
3493	4
3494	6
3495	6
3496	6
3497	3
3498	6
3499	3
3500	5
3501	3
3502	1
3503	10
3504	7
3505	5
3506	4
3507	2
3508	4
3509	8
3510	6
3511	7
3512	1
3513	3
3514	6
3515	6
3516	6
3517	8
3518	8
3519	2
3520	4
3521	5
3522	5
3523	4
3524	5
3525	7
3526	4
3527	6
3528	5
3529	3
3530	4
3531	3
3532	3
3533	4
3534	5
3535	1
3536	6
3537	7
3538	6
3539	5
3540	6
3541	6
3542	6
3543	4
3544	10
3545	6
3546	5
3547	7
3548	10
3549	7
3550	8
3551	5
3552	3
3553	5
3554	6
3555	7
3556	3
3557	10
3558	3
3559	7
3560	8
3561	4
3562	11
3563	3
3564	3
3565	5
3566	7
3567	4
3568	7
3569	9
3570	1
3571	4
3572	7
3573	4
3574	3
3575	8
3576	4
3577	11
3578	6
3579	11
3580	4
3581	6
3582	7
3583	2
3584	3
3585	6
3586	11
3587	2
3588	4
3589	8
3590	2
3591	5
3592	8
3593	3
3594	6
3595	9
3596	5
3597	5
3598	5
3599	6
3600	4
3601	5
3602	6
3603	7
3604	11
3605	6
3606	2
3607	8
3608	3
3609	2
3610	7
3611	7
3612	9
3613	2
3614	4
3615	7
3616	5
3617	5
3618	4
3619	4
3620	6
3621	5
3622	5
3623	6
3624	5
3625	6
3626	10
3627	4
3628	3
3629	5
3630	3
3631	6
3632	5
3633	7
3634	1
3635	2
3636	3
3637	6
3638	4
3639	4
3640	3
3641	4
3642	4
3643	10
3644	8
3645	1
3646	3
3647	4
3648	4
3649	5
3650	9
3651	3
3652	6
3653	4
3654	5
3655	3
3656	5
3657	1
3658	6
3659	6
3660	7
3661	8
3662	1
3663	4
3664	5
3665	5
3666	4
3667	10
3668	5
3669	9
3670	9
3671	7
3672	0
3673	11
3674	4
3675	9
3676	5
3677	2
3678	4
3679	9
3680	4
3681	6
3682	3
3683	6
3684	3
3685	1
3686	9
3687	2
3688	8
3689	6
3690	6
3691	5
3692	3
3693	9
3694	5
3695	6
3696	4
3697	8
3698	9
3699	8
3700	8
3701	2
3702	2
3703	6
3704	3
3705	1
3706	3
3707	1
3708	5
3709	6
3710	5
3711	5
3712	7
3713	4
3714	5
3715	6
3716	3
3717	6
3718	6
3719	3
3720	14
3721	6
3722	5
3723	1
3724	4
3725	4
3726	6
3727	2
3728	7
3729	6
3730	1
3731	5
3732	4
3733	5
3734	5
3735	3
3736	5
3737	7
3738	8
3739	2
3740	6
3741	7
3742	8
3743	7
3744	6
3745	4
3746	2
3747	4
3748	8
3749	6
3750	4
3751	4
3752	7
3753	8
3754	6
3755	3
3756	6
3757	5
3758	4
3759	3
3760	4
3761	3
3762	4
3763	4
3764	7
3765	8
3766	4
3767	5
3768	6
3769	10
3770	9
3771	7
3772	5
3773	4
3774	8
3775	7
3776	2
3777	10
3778	4
3779	7
3780	7
3781	9
3782	7
3783	5
3784	4
3785	3
3786	4
3787	1
3788	4
3789	8
3790	1
3791	9
3792	7
3793	9
3794	6
3795	3
3796	5
3797	8
3798	8
3799	7
3800	5
3801	5
3802	1
3803	6
3804	3
3805	4
3806	5
3807	6
3808	2
3809	2
3810	5
3811	6
3812	3
3813	3
3814	10
3815	8
3816	2
3817	4
3818	6
3819	6
3820	6
3821	5
3822	9
3823	7
3824	6
3825	7
3826	4
3827	7
3828	4
3829	4
3830	2
3831	3
3832	3
3833	4
3834	2
3835	6
3836	5
3837	5
3838	5
3839	7
3840	6
3841	7
3842	5
3843	5
3844	10
3845	3
3846	6
3847	8
3848	3
3849	3
3850	5
3851	4
3852	4
3853	8
3854	6
3855	0
3856	5
3857	2
3858	3
3859	3
3860	5
3861	5
3862	9
3863	4
3864	4
3865	4
3866	5
3867	3
3868	10
3869	3
3870	1
3871	3
3872	8
3873	3
3874	5
3875	1
3876	3
3877	7
3878	2
3879	3
3880	9
3881	7
3882	5
3883	7
3884	4
3885	2
3886	4
3887	3
3888	6
3889	8
3890	4
3891	6
3892	10
3893	5
3894	4
3895	1
3896	6
3897	4
3898	7
3899	4
3900	3
3901	9
3902	2
3903	4
3904	8
3905	10
3906	4
3907	6
3908	4
3909	8
3910	7
3911	5
3912	4
3913	5
3914	3
3915	3
3916	5
3917	4
3918	7
3919	1
3920	5
3921	0
3922	4
3923	9
3924	4
3925	5
3926	3
3927	4
3928	3
3929	5
3930	5
3931	1
3932	4
3933	7
3934	3
3935	8
3936	4
3937	3
3938	4
3939	2
3940	7
3941	4
3942	3
3943	6
3944	7
3945	5
3946	4
3947	8
3948	7
3949	4
3950	1
3951	7
3952	5
3953	3
3954	6
3955	4
3956	5
3957	4
3958	6
3959	9
3960	7
3961	5
3962	5
3963	5
3964	8
3965	6
3966	4
3967	4
3968	9
3969	2
3970	7
3971	3
3972	4
3973	6
3974	1
3975	7
3976	7
3977	8
3978	3
3979	4
3980	5
3981	5
3982	5
3983	8
3984	3
3985	3
3986	4
3987	4
3988	7
3989	5
3990	8
3991	5
3992	7
3993	6
3994	7
3995	7
3996	4
3997	1
3998	2
3999	6
4000	3
4001	6
4002	4
4003	5
4004	4
4005	3
4006	1
4007	8
4008	7
4009	6
4010	5
4011	12
4012	6
4013	5
4014	3
4015	5
4016	1
4017	3
4018	10
4019	6
4020	4
4021	8
4022	6
4023	3
4024	6
4025	6
4026	5
4027	5
4028	9
4029	4
4030	5
4031	6
4032	3
4033	7
4034	7
4035	4
4036	2
4037	7
4038	7
4039	1
4040	4
4041	8
4042	5
4043	6
4044	2
4045	3
4046	2
4047	2
4048	3
4049	2
4050	9
4051	6
4052	7
4053	4
4054	4
4055	5
4056	5
4057	3
4058	7
4059	6
4060	5
4061	4
4062	5
4063	6
4064	1
4065	4
4066	5
4067	5
4068	4
4069	8
4070	10
4071	7
4072	5
4073	4
4074	3
4075	2
4076	6
4077	4
4078	8
4079	8
4080	5
4081	3
4082	4
4083	7
4084	3
4085	6
4086	2
4087	4
4088	6
4089	8
4090	3
4091	5
4092	2
4093	9
4094	9
4095	0
4096	3
4097	7
4098	10
4099	4
4100	4
4101	6
4102	4
4103	8
4104	5
4105	5
4106	2
4107	3
4108	5
4109	2
4110	6
4111	2
4112	5
4113	7
4114	3
4115	4
4116	4
4117	8
4118	6
4119	7
4120	9
4121	3
4122	2
4123	4
4124	6
4125	7
4126	2
4127	2
4128	6
4129	6
4130	5
4131	6
4132	7
4133	5
4134	9
4135	1
4136	3
4137	7
4138	3
4139	4
4140	7
4141	6
4142	5
4143	3
4144	3
4145	6
4146	3
4147	6
4148	5
4149	7
4150	4
4151	1
4152	4
4153	2
4154	7
4155	2
4156	5
4157	6
4158	3
4159	5
4160	11
4161	9
4162	4
4163	8
4164	7
4165	3
4166	6
4167	3
4168	6
4169	5
4170	2
4171	9
4172	2
4173	1
4174	2
4175	5
4176	11
4177	1
4178	6
4179	5
4180	6
4181	2
4182	4
4183	2
4184	4
4185	4
4186	9
4187	8
4188	9
4189	2
4190	4
4191	3
4192	4
4193	4
4194	3
4195	7
4196	1
4197	6
4198	1
4199	2
4200	6
4201	3
4202	1
4203	3
4204	6
4205	2
4206	3
4207	5
4208	6
4209	5
4210	7
4211	9
4212	4
4213	4
4214	2
4215	4
4216	3
4217	4
4218	4
4219	5
4220	5
4221	5
4222	6
4223	5
4224	6
4225	7
4226	5
4227	8
4228	4
4229	2
4230	2
4231	3
4232	5
4233	6
4234	6
4235	6
4236	6
4237	5
4238	1
4239	9
4240	5
4241	3
4242	9
4243	4
4244	6
4245	3
4246	4
4247	3
4248	4
4249	4
4250	9
4251	1
4252	1
4253	5
4254	4
4255	3
4256	3
4257	7
4258	6
4259	2
4260	7
4261	4
4262	6
4263	4
4264	7
4265	6
4266	2
4267	7
4268	5
4269	5
4270	7
4271	5
4272	6
4273	9
4274	4
4275	8
4276	6
4277	5
4278	3
4279	5
4280	5
4281	3
4282	6
4283	6
4284	5
4285	7
4286	0
4287	9
4288	3
4289	5
4290	7
4291	5
4292	3
4293	2
4294	4
4295	6
4296	7
4297	7
4298	6
4299	6
4300	8
4301	7
4302	4
4303	5
4304	1
4305	6
4306	3
4307	7
4308	4
4309	5
4310	6
4311	2
4312	6
4313	5
4314	3
4315	4
4316	7
4317	11
4318	7
4319	4
4320	6
4321	2
4322	7
4323	6
4324	10
4325	4
4326	3
4327	6
4328	2
4329	7
4330	8
4331	6
4332	2
4333	5
4334	5
4335	2
4336	6
4337	5
4338	4
4339	1
4340	5
4341	2
4342	5
4343	5
4344	5
4345	6
4346	8
4347	5
4348	5
4349	6
4350	4
4351	2
4352	4
4353	8
4354	7
4355	3
4356	5
4357	7
4358	8
4359	10
4360	3
4361	0
4362	4
4363	2
4364	9
4365	6
4366	6
4367	3
4368	2
4369	6
4370	6
4371	0
4372	8
4373	3
4374	6
4375	9
4376	8
4377	5
4378	4
4379	7
4380	5
4381	10
4382	3
4383	3
4384	6
4385	6
4386	5
4387	6
4388	5
4389	5
4390	5
4391	4
4392	6
4393	5
4394	3
4395	4
4396	1
4397	7
4398	7
4399	5
4400	4
4401	7
4402	1
4403	6
4404	5
4405	7
4406	4
4407	8
4408	2
4409	2
4410	10
4411	8
4412	6
4413	5
4414	6
4415	7
4416	5
4417	5
4418	4
4419	7
4420	6
4421	5
4422	3
4423	6
4424	7
4425	3
4426	3
4427	4
4428	6
4429	5
4430	4
4431	8
4432	6
4433	1
4434	7
4435	7
4436	4
4437	4
4438	10
4439	4
4440	7
4441	11
4442	3
4443	12
4444	5
4445	7
4446	7
4447	5
4448	6
4449	3
4450	3
4451	6
4452	3
4453	4
4454	5
4455	5
4456	4
4457	11
4458	1
4459	7
4460	6
4461	5
4462	7
4463	7
4464	13
4465	6
4466	5
4467	5
4468	8
4469	7
4470	4
4471	5
4472	4
4473	3
4474	6
4475	6
4476	4
4477	5
4478	9
4479	6
4480	6
4481	6
4482	5
4483	10
4484	1
4485	5
4486	6
4487	10
4488	4
4489	6
4490	10
4491	4
4492	10
4493	4
4494	4
4495	3
4496	6
4497	8
4498	6
4499	7
4500	6
4501	4
4502	4
4503	16
4504	7
4505	2
4506	2
4507	13
4508	10
4509	3
4510	6
4511	5
4512	8
4513	11
4514	7
4515	4
4516	7
4517	4
4518	3
4519	4
4520	4
4521	7
4522	3
4523	5
4524	3
4525	4
4526	12
4527	9
4528	1
4529	4
4530	5
4531	8
4532	3
4533	7
4534	4
4535	5
4536	7
4537	9
4538	4
4539	2
4540	4
4541	6
4542	7
4543	9
4544	7
4545	11
4546	9
4547	10
4548	4
4549	4
4550	8
4551	3
4552	8
4553	3
4554	6
4555	4
4556	13
4557	4
4558	4
4559	8
4560	6
4561	12
4562	11
4563	5
4564	7
4565	7
4566	7
4567	9
4568	9
4569	9
4570	7
4571	7
4572	6
4573	12
4574	9
4575	5
4576	4
4577	9
4578	9
4579	3
4580	13
4581	8
4582	16
4583	8
4584	10
4585	4
4586	3
4587	8
4588	7
4589	6
4590	4
4591	8
4592	10
4593	13
4594	11
4595	10
4596	13
4597	4
4598	10
4599	7
4600	8
4601	13
4602	4
4603	8
4604	11
4605	9
4606	7
4607	3
4608	7
4609	9
4610	4
4611	11
4612	7
4613	11
4614	12
4615	5
4616	6
4617	12
4618	8
4619	5
4620	6
4621	2
4622	6
4623	6
4624	9
4625	0
4626	3
4627	13
4628	5
4629	8
4630	4
4631	4
4632	7
4633	2
4634	7
4635	11
4636	3
4637	4
4638	7
4639	8
4640	5
4641	12
4642	12
4643	7
4644	3
4645	10
4646	4
4647	9
4648	11
4649	5
4650	9
4651	5
4652	8
4653	3
4654	8
4655	12
4656	7
4657	6
4658	11
4659	10
4660	9
4661	9
4662	7
4663	11
4664	8
4665	8
4666	7
4667	6
4668	8
4669	8
4670	7
4671	8
4672	10
4673	6
4674	6
4675	6
4676	5
4677	8
4678	12
4679	5
4680	12
4681	5
4682	4
4683	6
4684	3
4685	7
4686	7
4687	3
4688	7
4689	10
4690	11
4691	6
4692	8
4693	9
4694	5
4695	6
4696	9
4697	7
4698	5
4699	3
4700	7
4701	5
4702	3
4703	8
4704	4
4705	3
4706	8
4707	3
4708	4
4709	6
4710	5
4711	11
4712	4
4713	10
4714	9
4715	6
4716	9
4717	12
4718	10
4719	11
4720	7
4721	7
4722	8
4723	5
4724	4
4725	2
4726	9
4727	5
4728	7
4729	11
4730	3
4731	4
4732	9
4733	4
4734	4
4735	3
4736	7
4737	5
4738	7
4739	6
4740	2
4741	10
4742	7
4743	3
4744	3
4745	3
4746	5
4747	2
4748	3
4749	7
4750	7
4751	7
4752	8
4753	11
4754	5
4755	6
4756	5
4757	6
4758	5
4759	6
4760	4
4761	3
4762	5
4763	8
4764	7
4765	5
4766	5
4767	5
4768	3
4769	4
4770	4
4771	4
4772	3
4773	9
4774	11
4775	6
4776	10
4777	3
4778	4
4779	7
4780	4
4781	6
4782	5
4783	6
4784	6
4785	7
4786	5
4787	3
4788	6
4789	5
4790	6
4791	5
4792	5
4793	4
4794	6
4795	7
4796	9
4797	7
4798	6
4799	1
4800	4
4801	9
4802	4
4803	6
4804	3
4805	8
4806	5
4807	4
4808	6
4809	5
4810	5
4811	6
4812	7
4813	12
4814	4
4815	6
4816	4
4817	5
4818	6
4819	9
4820	7
4821	4
4822	7
4823	9
4824	4
4825	3
4826	3
4827	7
4828	7
4829	3
4830	3
4831	2
4832	6
4833	2
4834	7
4835	5
4836	5
4837	5
4838	5
4839	3
4840	7
4841	3
4842	5
4843	6
4844	5
4845	7
4846	2
4847	7
4848	4
4849	3
4850	4
4851	4
4852	3
4853	3
4854	5
4855	3
4856	2
4857	3
4858	7
4859	4
4860	2
4861	4
4862	3
4863	2
4864	2
4865	5
4866	4
4867	1
4868	5
4869	3
4870	2
4871	6
4872	2
4873	3
4874	1
4875	4
4876	6
4877	5
4878	3
4879	5
4880	5
4881	1
4882	2
4883	2
4884	3
4885	3
4886	4
4887	5
4888	3
4889	6
4890	4
4891	4
4892	4
4893	8
4894	2
4895	4
4896	4
4897	2
4898	2
4899	1
4900	6
4901	5
4902	3
4903	2
4904	3
4905	1
4906	1
4907	3
4908	3
4909	7
4910	5
4911	2
4912	2
4913	2
4914	2
4915	1
4916	1
4917	3
4918	2
4919	1
4920	0
4921	0
4922	3
4923	1
4924	1
4925	4
4926	1
4927	2
4928	0
4929	3
4930	4
4931	0
4932	3
4933	3
4934	3
4935	1
4936	0
4937	4
4938	3
4939	1
4940	4
4941	1
4942	0
4943	1
4944	4
4945	2
4946	3
4947	0
4948	1
4949	4
4950	3
4951	3
4952	5
4953	0
4954	2
4955	1
4956	2
4957	3
4958	1
4959	0
4960	0
4961	0
4962	0
4963	4
4964	3
4965	1
4966	2
4967	1
4968	1
4969	1
4970	1
4971	3
4972	2
4973	3
4974	2
4975	3
4976	0
4977	1
4978	1
4979	1
4980	5
4981	6
4982	1
4983	0
4984	1
4985	1
4986	1
4987	1
4988	1
4989	0
4990	0
4991	2
4992	0
4993	0
4994	5
4995	1
4996	2
4997	3
4998	1
4999	2
5000	1
5001	1
5002	3
5003	0
5004	4
5005	1
5006	1
5007	1
5008	1
5009	0
5010	1
5011	0
5012	2
5013	1
5014	1
5015	0
5016	2
5017	1
5018	1
5019	0
5020	2
5021	1
5022	1
5023	1
5024	1
5025	0
5026	3
5027	2
5028	0
5029	1
5030	1
5031	2
5032	2
5033	0
5034	3
5035	0
5036	1
5037	0
5038	0
5039	0
5040	0
5041	1
5042	0
5043	2
5044	0
5045	1
5046	1
5047	1
5048	0
5049	3
5050	0
5051	2
5052	1
5053	1
5054	1
5055	0
5056	1
5057	1
5058	1
5059	2
5060	2
5061	1
5062	1
5063	0
5064	2
5065	1
5066	2
5067	0
5068	3
5069	1
5070	0
5071	0
5072	0
5073	2
5074	1
5075	1
5076	1
5077	1
5078	1
5079	1
5080	3
5081	1
5082	1
5083	0
5084	1
5085	1
5086	0
5087	0
5088	1
5089	1
5090	0
5091	0
5092	0
5093	1
5094	0
5095	1
5096	1
5097	2
5098	1
5099	1
5100	1
5101	1
5102	0
5103	1
5104	0
5105	0
5106	0
5107	1
5108	0
5109	1
5110	0
5111	0
5112	0
5113	1
5114	0
5115	0
5116	0
5117	1
5118	0
5119	0
5120	0
5121	1
5122	0
5123	0
5124	1
5125	0
5126	0
5127	1
5128	1
5129	0
5130	0
5131	1
5132	0
5133	0
5134	1
5135	2
5136	0
5137	0
5138	3
5139	0
5140	1
5141	0
5142	2
5143	0
5144	0
5145	0
5146	0
5147	1
5148	0
5149	0
5150	0
5151	0
5152	0
5153	1
5154	0
5155	1
5156	0
5157	1
5158	1
5159	1
5160	0
5161	0
5162	0
5163	1
5164	1
5165	0
5166	0
5167	0
5168	0
5169	0
5170	2
5171	0
5172	0
5173	0
5174	2
5175	1
5176	0
5177	3
5178	1
5179	1
5180	0
5181	0
5182	0
5183	2
5184	0
5185	2
5186	2
5187	1
5188	0
5189	0
5190	1
5191	0
5192	0
5193	0
5194	1
5195	0
5196	0
5197	3
5198	1
5199	1
5200	1
5201	1
5202	0
5203	0
5204	0
5205	0
5206	0
5207	1
5208	1
5209	0
5210	2
5211	0
5212	0
5213	1
5214	2
5215	1
5216	2
5217	0
5218	0
5219	0
5220	2
5221	1
5222	1
5223	0
5224	1
5225	0
5226	0
5227	0
5228	2
5229	0
5230	0
5231	0
5232	0
5233	1
5234	0
5235	2
5236	1
5237	0
5238	1
5239	1
5240	1
5241	0
5242	2
5243	0
5244	0
5245	1
5246	2
5247	0
5248	0
5249	0
5250	0
5251	1
5252	1
5253	0
5254	0
5255	0
5256	0
5257	1
5258	0
5259	1
5260	0
5261	0
5262	0
5263	0
5264	0
5265	1
5266	0
5267	0
5268	1
5269	1
5270	0
5271	2
5272	0
5273	2
5274	1
5275	1
5276	0
5277	0
5278	0
5279	1
5280	0
5281	2
5282	1
5283	0
5284	2
5285	1
5286	0
5287	0
5288	0
5289	0
5290	0
5291	0
5292	0
5293	1
5294	2
5295	0
5296	0
5297	0
5298	0
5299	0
5300	0
5301	1
5302	1
5303	2
5304	0
5305	1
5306	0
5307	1
5308	1
5309	0
5310	0
5311	0
5312	0
5313	0
5314	1
5315	0
5316	1
5317	0
5318	0
5319	1
5320	0
5321	0
5322	0
5323	1
5324	0
5325	1
5326	0
5327	1
5328	0
5329	0
5330	1
5331	0
5332	0
5333	0
5334	0
5335	1
5336	1
5337	0
5338	0
5339	2
5340	0
5341	0
5342	0
5343	2
5344	1
5345	0
5346	0
5347	1
5348	0
5349	0
5350	1
5351	1
5352	0
5353	0
5354	2
5355	0
5356	0
5357	0
5358	0
5359	0
5360	2
5361	1
5362	1
5363	0
5364	0
5365	2
5366	1
5367	0
5368	2
5369	0
5370	2
5371	0
5372	0
5373	0
5374	0
5375	0
5376	2
5377	1
5378	0
5379	1
5380	1
5381	1
5382	1
5383	0
5384	0
5385	0
5386	1
5387	1
5388	3
5389	0
5390	1
5391	0
5392	2
5393	0
5394	0
5395	0
5396	0
5397	2
5398	1
5399	0
5400	0
5401	0
5402	0
5403	1
5404	0
5405	0
5406	0
5407	0
5408	1
5409	0
5410	1
5411	2
5412	0
5413	0
5414	1
5415	1
5416	0
5417	1
5418	0
5419	0
5420	1
5421	0
5422	0
5423	0
5424	1
5425	1
5426	1
5427	0
5428	0
5429	0
5430	0
5431	0
5432	0
5433	0
5434	0
5435	1
5436	1
5437	0
5438	1
5439	0
5440	0
5441	0
5442	1
5443	0
5444	2
5445	0
5446	2
5447	1
5448	2
5449	0
5450	2
5451	2
5452	0
5453	1
5454	1
5455	0
5456	0
5457	0
5458	2
5459	3
5460	0
5461	0
5462	0
5463	0
5464	1
5465	2
5466	1
5467	0
5468	1
5469	1
5470	0
5471	1
5472	1
5473	0
5474	1
5475	0
5476	0
5477	2
5478	1
5479	0
5480	0
5481	0
5482	0
5483	0
5484	0
5485	1
5486	2
5487	0
5488	0
5489	0
5490	2
5491	0
5492	0
5493	0
5494	1
5495	0
5496	2
5497	0
5498	0
5499	1
5500	0
5501	0
5502	1
5503	1
5504	1
5505	1
5506	0
5507	1
5508	1
5509	0
5510	0
5511	0
5512	1
5513	0
5514	0
5515	1
5516	1
5517	0
5518	0
5519	1
5520	2
5521	0
5522	1
5523	1
5524	1
5525	1
5526	0
5527	2
5528	1
5529	0
5530	0
5531	0
5532	1
5533	0
5534	0
5535	0
5536	0
5537	0
5538	0
5539	1
5540	0
5541	1
5542	0
5543	1
5544	1
5545	0
5546	1
5547	0
5548	0
5549	1
5550	0
5551	0
5552	0
5553	1
5554	0
5555	2
5556	0
5557	0
5558	0
5559	0
5560	0
5561	0
5562	1
5563	1
5564	0
5565	0
5566	0
5567	0
5568	1
5569	0
5570	1
5571	0
5572	1
5573	2
5574	2
5575	0
5576	0
5577	0
5578	0
5579	1
5580	0
5581	0
5582	0
5583	0
5584	0
5585	0
5586	0
5587	1
5588	3
5589	0
5590	0
5591	1
5592	1
5593	1
5594	0
5595	0
5596	0
5597	1
5598	2
5599	0
5600	0
5601	1
5602	0
5603	2
5604	1
5605	1
5606	0
5607	2
5608	1
5609	0
5610	0
5611	1
5612	1
5613	1
5614	0
5615	1
5616	2
5617	2
5618	0
5619	1
5620	2
5621	0
5622	0
5623	0
5624	0
5625	1
5626	0
5627	2
5628	1
5629	1
5630	1
5631	0
5632	0
5633	0
5634	2
5635	1
5636	0
5637	0
5638	0
5639	0
5640	0
5641	0
5642	1
5643	0
5644	0
5645	0
5646	1
5647	0
5648	0
5649	1
5650	0
5651	0
5652	0
5653	2
5654	1
5655	0
5656	1
5657	1
5658	0
5659	2
5660	0
5661	1
5662	0
5663	2
5664	0
5665	1
5666	1
5667	0
5668	0
5669	2
5670	1
5671	1
5672	0
5673	1
5674	0
5675	1
5676	1
5677	0
5678	0
5679	1
5680	1
5681	0
5682	0
5683	0
5684	0
5685	0
5686	0
5687	0
5688	0
5689	2
5690	0
5691	1
5692	1
5693	0
5694	1
5695	0
5696	0
5697	0
5698	0
5699	0
5700	1
5701	0
5702	1
5703	1
5704	0
5705	1
5706	1
5707	0
5708	0
5709	0
5710	1
5711	1
5712	1
5713	0
5714	0
5715	0
5716	2
5717	1
5718	0
5719	0
5720	1
5721	1
5722	1
5723	1
5724	0
5725	0
5726	0
5727	0
5728	0
5729	0
5730	1
5731	0
5732	0
5733	0
5734	1
5735	0
5736	0
5737	0
5738	1
5739	0
5740	0
5741	0
5742	0
5743	0
5744	1
5745	1
5746	4
5747	0
5748	0
5749	0
5750	0
5751	0
5752	0
5753	0
5754	0
5755	0
5756	1
5757	0
5758	0
5759	1
5760	1
5761	1
5762	0
5763	0
5764	0
5765	0
5766	0
5767	1
5768	0
5769	0
5770	0
5771	0
5772	2
5773	0
5774	1
5775	2
5776	0
5777	0
5778	0
5779	1
5780	1
5781	0
5782	0
5783	1
5784	0
5785	1
5786	0
5787	0
5788	0
5789	0
5790	0
5791	0
5792	0
5793	2
5794	0
5795	0
5796	1
5797	2
5798	0
5799	4
5800	0
5801	1
5802	1
5803	1
5804	1
5805	0
5806	0
5807	1
5808	1
5809	0
5810	0
5811	2
5812	0
5813	0
5814	0
5815	1
5816	0
5817	1
5818	1
5819	1
5820	0
5821	1
5822	1
5823	0
5824	0
5825	1
5826	0
5827	0
5828	1
5829	1
5830	1
5831	0
5832	0
5833	0
5834	1
5835	0
5836	0
5837	0
5838	0
5839	1
5840	2
5841	0
5842	0
5843	0
5844	0
5845	0
5846	0
5847	0
5848	0
5849	0
5850	0
5851	0
5852	0
5853	0
5854	0
5855	1
5856	1
5857	0
5858	1
5859	0
5860	1
5861	0
5862	2
5863	0
5864	0
5865	1
5866	0
5867	0
5868	0
5869	0
5870	0
5871	0
5872	2
5873	1
5874	1
5875	0
5876	1
5877	0
5878	1
5879	0
5880	1
5881	1
5882	0
5883	1
5884	0
5885	0
5886	0
5887	1
5888	1
5889	1
5890	0
5891	0
5892	0
5893	2
5894	0
5895	0
5896	0
5897	1
5898	0
5899	0
5900	0
5901	1
5902	0
5903	0
5904	1
5905	0
5906	0
5907	0
5908	0
5909	1
5910	2
5911	1
5912	4
5913	2
5914	0
5915	0
5916	1
5917	0
5918	0
5919	0
5920	1
5921	0
5922	1
5923	1
5924	0
5925	0
5926	0
5927	1
5928	0
5929	1
5930	0
5931	0
5932	0
5933	1
5934	1
5935	3
5936	0
5937	1
5938	0
5939	0
5940	0
5941	0
5942	1
5943	0
5944	0
5945	0
5946	1
5947	0
5948	1
5949	0
5950	0
5951	0
5952	1
5953	0
5954	0
5955	0
5956	3
5957	1
5958	0
5959	0
5960	0
5961	0
5962	1
5963	0
5964	1
5965	0
5966	1
5967	0
5968	0
5969	1
5970	0
5971	1
5972	1
5973	0
5974	0
5975	0
5976	1
5977	3
5978	1
5979	1
5980	0
5981	0
5982	0
5983	2
5984	0
5985	0
5986	0
5987	0
5988	0
5989	0
5990	0
5991	1
5992	1
5993	0
5994	1
5995	0
5996	1
5997	0
5998	1
5999	1
6000	0
6001	0
6002	1
6003	0
6004	0
6005	0
6006	1
6007	0
6008	1
6009	1
6010	0
6011	0
6012	0
6013	0
6014	1
6015	0
6016	0
6017	0
6018	0
6019	0
6020	1
6021	0
6022	0
6023	0
6024	0
6025	0
6026	0
6027	0
6028	1
6029	0
6030	0
6031	1
6032	0
6033	1
6034	0
6035	0
6036	1
6037	0
6038	0
6039	0
6040	0
6041	1
6042	0
6043	0
6044	0
6045	0
6046	0
6047	0
6048	0
6049	0
6050	2
6051	0
6052	0
6053	0
6054	2
6055	0
6056	0
6057	0
6058	0
6059	1
6060	1
6061	2
6062	0
6063	0
6064	0
6065	0
6066	1
6067	0
6068	0
6069	0
6070	1
6071	0
6072	0
6073	1
6074	0
6075	1
6076	0
6077	0
6078	1
6079	1
6080	0
6081	1
6082	0
6083	0
6084	1
6085	0
6086	0
6087	0
6088	0
6089	0
6090	2
6091	2
6092	0
6093	1
6094	1
6095	0
6096	0
6097	0
6098	0
6099	0
6100	0
6101	1
6102	1
6103	0
6104	0
6105	0
6106	0
6107	1
6108	1
6109	0
6110	0
6111	0
6112	1
6113	0
6114	0
6115	0
6116	0
6117	0
6118	1
6119	1
6120	0
6121	0
6122	0
6123	0
6124	0
6125	1
6126	0
6127	0
6128	0
6129	0
6130	1
6131	1
6132	0
6133	0
6134	1
6135	0
6136	0
6137	1
6138	1
6139	1
6140	1
6141	0
6142	1
6143	1
6144	3
6145	0
6146	0
6147	0
6148	0
6149	0
6150	0
6151	0
6152	0
6153	0
6154	2
6155	1
6156	1
6157	0
6158	0
6159	1
6160	1
6161	0
6162	0
6163	1
6164	1
6165	0
6166	0
6167	1
6168	0
6169	1
6170	1
6171	0
6172	0
6173	0
6174	0
6175	0
6176	0
6177	0
6178	1
6179	0
6180	0
6181	0
6182	1
6183	1
6184	0
6185	0
6186	1
6187	0
6188	0
6189	1
6190	0
6191	0
6192	1
6193	0
6194	0
6195	2
6196	0
6197	0
6198	0
6199	0
6200	1
6201	0
6202	1
6203	1
6204	1
6205	0
6206	0
6207	3
6208	4
6209	1
6210	0
6211	1
6212	1
6213	0
6214	1
6215	1
6216	0
6217	0
6218	0
6219	1
6220	0
6221	2
6222	0
6223	1
6224	1
6225	0
6226	2
6227	1
6228	0
6229	0
6230	0
6231	1
6232	2
6233	0
6234	0
6235	0
6236	0
6237	0
6238	0
6239	1
6240	1
6241	0
6242	1
6243	0
6244	0
6245	1
6246	0
6247	0
6248	1
6249	1
6250	0
6251	0
6252	1
6253	1
6254	0
6255	2
6256	0
6257	0
6258	0
6259	0
6260	2
6261	1
6262	0
6263	0
6264	1
6265	0
6266	1
6267	0
6268	2
6269	0
6270	0
6271	0
6272	0
6273	1
6274	0
6275	0
6276	1
6277	2
6278	0
6279	1
6280	0
6281	0
6282	1
6283	0
6284	0
6285	0
6286	0
6287	0
6288	0
6289	1
6290	0
6291	0
6292	2
6293	0
6294	1
6295	0
6296	0
6297	0
6298	0
6299	0
6300	2
6301	0
6302	1
6303	0
6304	1
6305	0
6306	0
6307	0
6308	0
6309	0
6310	0
6311	0
6312	0
6313	2
6314	2
6315	0
6316	0
6317	0
6318	0
6319	0
6320	0
6321	0
6322	0
6323	0
6324	1
6325	0
6326	0
6327	0
6328	0
6329	0
6330	0
6331	0
6332	0
6333	1
6334	0
6335	1
6336	0
6337	0
6338	0
6339	0
6340	0
6341	0
6342	0
6343	2
6344	1
6345	0
6346	2
6347	0
6348	0
6349	1
6350	1
6351	2
6352	0
6353	0
6354	0
6355	0
6356	1
6357	0
6358	0
6359	1
6360	0
6361	0
6362	1
6363	1
6364	2
6365	1
6366	1
6367	0
6368	1
6369	0
6370	0
6371	0
6372	3
6373	0
6374	1
6375	0
6376	1
6377	0
6378	0
6379	1
6380	1
6381	0
6382	0
6383	0
6384	0
6385	1
6386	1
6387	0
6388	1
6389	1
6390	1
6391	2
6392	0
6393	0
6394	0
6395	0
6396	0
6397	1
6398	0
6399	0
6400	0
6401	1
6402	0
6403	0
6404	2
6405	0
6406	1
6407	0
6408	1
6409	0
6410	0
6411	1
6412	0
6413	1
6414	1
6415	2
6416	0
6417	0
6418	1
6419	0
6420	0
6421	0
6422	0
6423	2
6424	1
6425	0
6426	0
6427	0
6428	0
6429	0
6430	0
6431	0
6432	0
6433	0
6434	2
6435	1
6436	0
6437	1
6438	0
6439	0
6440	0
6441	1
6442	0
6443	0
6444	0
6445	2
6446	0
6447	0
6448	0
6449	0
6450	0
6451	1
6452	0
6453	0
6454	0
6455	0
6456	0
6457	1
6458	1
6459	0
6460	2
6461	0
6462	0
6463	0
6464	0
6465	0
6466	0
6467	1
6468	0
6469	2
6470	0
6471	0
6472	0
6473	1
6474	0
6475	0
6476	0
6477	0
6478	0
6479	1
6480	0
6481	0
6482	1
6483	0
6484	0
6485	0
6486	0
6487	0
6488	0
6489	0
6490	0
6491	0
6492	1
6493	0
6494	0
6495	0
6496	1
6497	0
6498	0
6499	0
6500	0
6501	1
6502	0
6503	0
6504	0
6505	0
6506	0
6507	1
6508	3
6509	0
6510	0
6511	0
6512	1
6513	2
6514	0
6515	0
6516	1
6517	0
6518	0
6519	0
6520	1
6521	2
6522	0
6523	0
6524	0
6525	0
6526	0
6527	0
6528	0
6529	0
6530	1
6531	1
6532	0
6533	0
6534	0
6535	0
6536	1
6537	0
6538	2
6539	1
6540	1
6541	1
6542	1
6543	0
6544	1
6545	0
6546	1
6547	0
6548	0
6549	0
6550	1
6551	1
6552	0
6553	0
6554	0
6555	0
6556	0
6557	0
6558	1
6559	0
6560	0
6561	1
6562	0
6563	0
6564	0
6565	0
6566	0
6567	1
6568	0
6569	1
6570	0
6571	1
6572	0
6573	1
6574	0
6575	0
6576	0
6577	0
6578	0
6579	1
6580	0
6581	0
6582	1
6583	0
6584	0
6585	0
6586	0
6587	0
6588	0
6589	1
6590	0
6591	0
6592	1
6593	0
6594	0
6595	0
6596	0
6597	1
6598	0
6599	0
6600	0
6601	2
6602	0
6603	1
6604	0
6605	0
6606	0
6607	1
6608	0
6609	0
6610	0
6611	1
6612	0
6613	0
6614	0
6615	1
6616	0
6617	0
6618	0
6619	0
6620	0
6621	0
6622	0
6623	1
6624	0
6625	0
6626	2
6627	0
6628	0
6629	1
6630	1
6631	0
6632	0
6633	2
6634	0
6635	0
6636	0
6637	1
6638	0
6639	0
6640	0
6641	1
6642	1
6643	0
6644	0
6645	0
6646	0
6647	2
6648	0
6649	0
6650	0
6651	1
6652	0
6653	0
6654	0
6655	1
6656	1
6657	0
6658	0
6659	0
6660	1
6661	1
6662	1
6663	0
6664	0
6665	1
6666	0
6667	0
6668	0
6669	1
6670	1
6671	1
6672	0
6673	1
6674	0
6675	1
6676	0
6677	0
6678	0
6679	0
6680	0
6681	1
6682	0
6683	0
6684	0
6685	0
6686	0
6687	0
6688	0
6689	1
6690	0
6691	0
6692	0
6693	1
6694	1
6695	0
6696	1
6697	1
6698	0
6699	1
6700	2
6701	0
6702	0
6703	0
6704	0
6705	1
6706	0
6707	0
6708	0
6709	0
6710	0
6711	0
6712	0
6713	1
6714	1
6715	0
6716	1
6717	0
6718	0
6719	1
6720	0
6721	2
6722	1
6723	1
6724	0
6725	0
6726	0
6727	0
6728	1
6729	1
6730	0
6731	0
6732	0
6733	1
6734	0
6735	0
6736	1
6737	0
6738	0
6739	1
6740	0
6741	0
6742	1
6743	0
6744	1
6745	0
6746	1
6747	0
6748	0
6749	0
6750	1
6751	0
6752	0
6753	0
6754	0
6755	1
6756	0
6757	1
6758	0
6759	0
6760	0
6761	0
6762	0
6763	0
6764	1
6765	0
6766	1
6767	1
6768	0
6769	0
6770	0
6771	0
6772	0
6773	0
6774	0
6775	0
6776	1
6777	1
6778	0
6779	0
6780	1
6781	0
6782	1
6783	0
6784	1
6785	0
6786	0
6787	0
6788	0
6789	0
6790	0
6791	0
6792	1
6793	1
6794	0
6795	0
6796	0
6797	0
6798	0
6799	0
6800	1
6801	1
6802	0
6803	1
6804	0
6805	0
6806	0
6807	1
6808	0
6809	1
6810	0
6811	1
6812	1
6813	0
6814	1
6815	1
6816	0
6817	0
6818	0
6819	1
6820	0
6821	0
6822	0
6823	1
6824	0
6825	1
6826	0
6827	0
6828	0
6829	0
6830	0
6831	1
6832	0
6833	0
6834	0
6835	0
6836	0
6837	0
6838	0
6839	1
6840	2
6841	0
6842	0
6843	0
6844	1
6845	0
6846	1
6847	0
6848	2
6849	1
6850	0
6851	2
6852	0
6853	0
6854	1
6855	1
6856	1
6857	0
6858	0
6859	1
6860	0
6861	0
6862	0
6863	0
6864	0
6865	0
6866	0
6867	0
6868	1
6869	0
6870	1
6871	0
6872	1
6873	0
6874	1
6875	1
6876	1
6877	0
6878	0
6879	1
6880	0
6881	0
6882	2
6883	2
6884	0
6885	0
6886	1
6887	2
6888	0
6889	0
6890	0
6891	0
6892	1
6893	0
6894	0
6895	0
6896	1
6897	1
6898	0
6899	0
6900	0
6901	1
6902	0
6903	2
6904	1
6905	0
6906	0
6907	1
6908	0
6909	0
6910	0
6911	0
6912	1
6913	1
6914	0
6915	0
6916	0
6917	0
6918	1
6919	0
6920	0
6921	0
6922	1
6923	1
6924	0
6925	0
6926	0
6927	0
6928	0
6929	3
6930	0
6931	0
6932	0
6933	1
6934	1
6935	0
6936	1
6937	0
6938	0
6939	0
6940	0
6941	0
6942	0
6943	0
6944	1
6945	0
6946	0
6947	0
6948	0
6949	1
6950	0
6951	0
6952	1
6953	1
6954	1
6955	0
6956	0
6957	0
6958	1
6959	1
6960	1
6961	0
6962	0
6963	0
6964	1
6965	0
6966	0
6967	0
6968	0
6969	2
6970	0
6971	0
6972	0
6973	1
6974	1
6975	0
6976	0
6977	0
6978	1
6979	0
6980	0
6981	0
6982	0
6983	0
6984	0
6985	1
6986	1
6987	0
6988	1
6989	0
6990	0
6991	0
6992	0
6993	0
6994	0
6995	0
6996	0
6997	0
6998	0
6999	0
7000	0
7001	0
7002	0
7003	0
7004	0
7005	0
7006	0
7007	0
7008	0
7009	0
7010	0
7011	0
7012	0
7013	0
7014	0
7015	0
7016	0
7017	0
7018	1
7019	0
7020	1
7021	0
7022	0
7023	0
7024	0
7025	0
7026	0
7027	0
7028	1
7029	0
7030	0
7031	1
7032	0
7033	0
7034	1
7035	1
7036	1
7037	0
7038	0
7039	0
7040	1
7041	0
7042	0
7043	0
7044	0
7045	0
7046	1
7047	1
7048	0
7049	0
7050	0
7051	0
7052	1
7053	0
7054	0
7055	0
7056	0
7057	0
7058	0
7059	0
7060	1
7061	0
7062	0
7063	0
7064	0
7065	0
7066	0
7067	1
7068	0
7069	1
7070	1
7071	0
7072	0
7073	0
7074	0
7075	1
7076	1
7077	0
7078	0
7079	0
7080	0
7081	0
7082	0
7083	0
7084	0
7085	0
7086	1
7087	0
7088	0
7089	0
7090	1
7091	0
7092	0
7093	0
7094	0
7095	0
7096	0
7097	0
7098	0
7099	0
7100	1
7101	0
7102	1
7103	1
7104	0
7105	0
7106	0
7107	0
7108	1
7109	0
7110	0
7111	0
7112	0
7113	0
7114	1
7115	0
7116	1
7117	1
7118	0
7119	0
7120	0
7121	0
7122	0
7123	0
7124	0
7125	0
7126	0
7127	1
7128	1
7129	1
7130	0
7131	1
7132	0
7133	1
7134	0
7135	0
7136	1
7137	0
7138	1
7139	1
7140	0
7141	0
7142	0
7143	2
7144	0
7145	0
7146	0
7147	1
7148	0
7149	0
7150	0
7151	1
7152	0
7153	0
7154	1
7155	0
7156	1
7157	0
7158	0
7159	0
7160	1
7161	0
7162	0
7163	0
7164	1
7165	1
7166	0
7167	1
7168	0
7169	0
7170	1
7171	0
7172	0
7173	0
7174	0
7175	0
7176	1
7177	0
7178	1
7179	0
7180	0
7181	1
7182	1
7183	1
7184	0
7185	0
7186	0
7187	0
7188	0
7189	0
7190	2
7191	0
7192	0
7193	0
7194	0
7195	1
7196	1
7197	0
7198	1
7199	1
7200	0
7201	0
7202	0
7203	0
7204	0
7205	1
7206	0
7207	0
7208	0
7209	0
7210	0
7211	0
7212	0
7213	1
7214	1
7215	0
7216	0
7217	0
7218	1
7219	0
7220	0
7221	1
7222	0
7223	0
7224	0
7225	0
7226	1
7227	1
7228	4
7229	2
7230	0
7231	0
7232	0
7233	0
7234	0
7235	0
7236	0
7237	0
7238	0
7239	0
7240	0
7241	0
7242	0
7243	0
7244	0
7245	0
7246	0
7247	0
7248	0
7249	0
7250	0
7251	1
7252	0
7253	0
7254	1
7255	1
7256	0
7257	0
7258	0
7259	0
7260	0
7261	0
7262	0
7263	0
7264	0
7265	0
7266	1
7267	0
7268	0
7269	1
7270	0
7271	1
7272	0
7273	0
7274	0
7275	0
7276	0
7277	0
7278	0
7279	0
7280	0
7281	0
7282	1
7283	0
7284	0
7285	0
7286	1
7287	0
7288	1
7289	1
7290	0
7291	0
7292	0
7293	0
7294	0
7295	1
7296	0
7297	0
7298	0
7299	0
7300	0
7301	0
7302	0
7303	0
7304	0
7305	1
7306	1
7307	0
7308	0
7309	0
7310	0
7311	0
7312	2
7313	0
7314	1
7315	0
7316	0
7317	0
7318	0
7319	1
7320	0
7321	0
7322	0
7323	0
7324	0
7325	1
7326	0
7327	0
7328	1
7329	0
7330	0
7331	0
7332	1
7333	0
7334	2
7335	2
7336	0
7337	0
7338	0
7339	0
7340	0
7341	0
7342	1
7343	0
7344	0
7345	0
7346	0
7347	0
7348	0
7349	0
7350	1
7351	0
7352	0
7353	0
7354	0
7355	0
7356	0
7357	0
7358	0
7359	0
7360	0
7361	1
7362	0
7363	0
7364	0
7365	0
7366	0
7367	2
7368	0
7369	0
7370	1
7371	0
7372	0
7373	0
7374	0
7375	0
7376	1
7377	0
7378	0
7379	0
7380	1
7381	1
7382	0
7383	0
7384	0
7385	0
7386	0
7387	0
7388	0
7389	1
7390	2
7391	0
7392	0
7393	0
7394	1
7395	0
7396	1
7397	0
7398	0
7399	0
7400	1
7401	0
7402	0
7403	0
7404	0
7405	0
7406	0
7407	1
7408	0
7409	0
7410	0
7411	0
7412	0
7413	0
7414	0
7415	0
7416	1
7417	0
7418	0
7419	0
7420	0
7421	0
7422	0
7423	0
7424	2
7425	1
7426	0
7427	1
7428	0
7429	1
7430	1
7431	0
7432	1
7433	0
7434	0
7435	0
7436	1
7437	0
7438	0
7439	0
7440	1
7441	0
7442	0
7443	0
7444	0
7445	0
7446	0
7447	0
7448	0
7449	1
7450	1
7451	0
7452	0
7453	1
7454	0
7455	0
7456	0
7457	0
7458	0
7459	0
7460	0
7461	0
7462	2
7463	0
7464	1
7465	0
7466	2
7467	0
7468	2
7469	0
7470	0
7471	0
7472	0
7473	1
7474	1
7475	0
7476	0
7477	1
7478	0
7479	0
7480	2
7481	0
7482	0
7483	0
7484	0
7485	1
7486	0
7487	0
7488	0
7489	1
7490	0
7491	0
7492	0
7493	0
7494	0
7495	0
7496	0
7497	0
7498	1
7499	0
7500	1
7501	0
7502	0
7503	0
7504	0
7505	0
7506	0
7507	1
7508	0
7509	0
7510	0
7511	0
7512	1
7513	1
7514	0
7515	0
7516	0
7517	0
7518	0
7519	0
7520	1
7521	0
7522	1
7523	1
7524	0
7525	0
7526	1
7527	0
7528	0
7529	2
7530	0
7531	0
7532	1
7533	0
7534	1
7535	1
7536	1
7537	1
7538	0
7539	0
7540	0
7541	0
7542	0
7543	0
7544	0
7545	0
7546	0
7547	0
7548	0
7549	0
7550	0
7551	0
7552	0
7553	1
7554	0
7555	1
7556	0
7557	0
7558	0
7559	0
7560	0
7561	0
7562	1
7563	0
7564	0
7565	0
7566	0
7567	0
7568	0
7569	1
7570	1
7571	0
7572	0
7573	1
7574	0
7575	0
7576	0
7577	0
7578	0
7579	1
7580	0
7581	1
7582	1
7583	0
7584	0
7585	0
7586	0
7587	0
7588	0
7589	0
7590	0
7591	1
7592	1
7593	0
7594	2
7595	0
7596	2
7597	1
7598	1
7599	1
7600	0
7601	0
7602	1
7603	0
7604	0
7605	0
7606	0
7607	0
7608	0
7609	0
7610	0
7611	0
7612	0
7613	1
7614	0
7615	1
7616	2
7617	0
7618	0
7619	0
7620	1
7621	0
7622	0
7623	0
7624	0
7625	0
7626	0
7627	0
7628	1
7629	0
7630	0
7631	0
7632	0
7633	0
7634	0
7635	0
7636	0
7637	1
7638	1
7639	0
7640	0
7641	0
7642	0
7643	0
7644	0
7645	0
7646	0
7647	0
7648	0
7649	0
7650	0
7651	1
7652	0
7653	0
7654	0
7655	1
7656	0
7657	0
7658	0
7659	0
7660	0
7661	0
7662	0
7663	0
7664	1
7665	1
7666	0
7667	0
7668	0
7669	0
7670	0
7671	0
7672	0
7673	0
7674	0
7675	0
7676	1
7677	0
7678	0
7679	0
7680	0
7681	0
7682	0
7683	0
7684	1
7685	1
7686	0
7687	0
7688	0
7689	0
7690	1
7691	0
7692	1
7693	0
7694	0
7695	0
7696	0
7697	0
7698	0
7699	1
7700	0
7701	0
7702	1
7703	0
7704	0
7705	0
7706	0
7707	0
7708	0
7709	0
7710	0
7711	0
7712	2
7713	0
7714	0
7715	0
7716	0
7717	0
7718	0
7719	0
7720	0
7721	0
7722	0
7723	0
7724	1
7725	0
7726	0
7727	0
7728	0
7729	0
7730	1
7731	1
7732	0
7733	0
7734	0
7735	1
7736	0
7737	0
7738	2
7739	0
7740	0
7741	0
7742	0
7743	0
7744	0
7745	0
7746	0
7747	0
7748	1
7749	0
7750	0
7751	1
7752	0
7753	0
7754	0
7755	0
7756	0
7757	0
7758	1
7759	1
7760	0
7761	0
7762	0
7763	0
7764	0
7765	0
7766	0
7767	1
7768	3
7769	0
7770	0
7771	0
7772	0
7773	0
7774	0
7775	1
7776	0
7777	2
7778	1
7779	0
7780	0
7781	0
7782	0
7783	0
7784	0
7785	0
7786	1
7787	1
7788	0
7789	0
7790	0
7791	0
7792	0
7793	1
7794	0
7795	0
7796	0
7797	0
7798	0
7799	1
7800	0
7801	0
7802	2
7803	0
7804	1
7805	2
7806	0
7807	1
7808	0
7809	0
7810	0
7811	0
7812	0
7813	1
7814	0
7815	0
7816	0
7817	1
7818	0
7819	0
7820	1
7821	0
7822	0
7823	1
7824	1
7825	0
7826	0
7827	2
7828	0
7829	1
7830	0
7831	0
7832	0
7833	0
7834	0
7835	0
7836	0
7837	1
7838	0
7839	0
7840	0
7841	0
7842	0
7843	0
7844	0
7845	2
7846	0
7847	1
7848	0
7849	0
7850	0
7851	0
7852	0
7853	0
7854	0
7855	0
7856	1
7857	0
7858	0
7859	0
7860	0
7861	0
7862	0
7863	0
7864	0
7865	1
7866	0
7867	0
7868	0
7869	1
7870	0
7871	1
7872	0
7873	1
7874	0
7875	0
7876	0
7877	1
7878	0
7879	0
7880	0
7881	1
7882	0
7883	0
7884	0
7885	0
7886	0
7887	0
7888	0
7889	0
7890	0
7891	1
7892	1
7893	0
7894	0
7895	0
7896	0
7897	0
7898	0
7899	0
7900	0
7901	1
7902	0
7903	0
7904	1
7905	0
7906	0
7907	0
7908	0
7909	0
7910	2
7911	0
7912	0
7913	1
7914	0
7915	0
7916	1
7917	1
7918	0
7919	0
7920	0
7921	0
7922	2
7923	0
7924	0
7925	1
7926	0
7927	0
7928	0
7929	0
7930	0
7931	1
7932	1
7933	1
7934	0
7935	0
7936	0
7937	0
7938	0
7939	2
7940	0
7941	1
7942	1
7943	1
7944	0
7945	0
7946	1
7947	0
7948	0
7949	0
7950	1
7951	2
7952	1
7953	1
7954	0
7955	0
7956	0
7957	0
7958	0
7959	0
7960	2
7961	0
7962	0
7963	0
7964	0
7965	1
7966	0
7967	1
7968	1
7969	0
7970	0
7971	1
7972	0
7973	1
7974	0
7975	2
7976	0
7977	0
7978	0
7979	0
7980	0
7981	0
7982	0
7983	0
7984	2
7985	0
7986	0
7987	0
7988	0
7989	0
7990	0
7991	0
7992	0
7993	1
7994	1
7995	0
7996	0
7997	0
7998	0
7999	0
8000	1
8001	0
8002	0
8003	1
8004	1
8005	0
8006	0
8007	0
8008	0
8009	0
8010	1
8011	0
8012	0
8013	0
8014	0
8015	0
8016	0
8017	0
8018	0
8019	0
8020	1
8021	0
8022	0
8023	0
8024	0
8025	1
8026	0
8027	0
8028	1
8029	1
8030	1
8031	0
8032	1
8033	0
8034	0
8035	0
8036	0
8037	0
8038	0
8039	0
8040	0
8041	0
8042	0
8043	0
8044	0
8045	0
8046	1
8047	0
8048	1
8049	1
8050	1
8051	0
8052	1
8053	0
8054	1
8055	0
8056	0
8057	0
8058	2
8059	0
8060	0
8061	0
8062	1
8063	0
8064	0
8065	0
8066	0
8067	1
8068	1
8069	0
8070	0
8071	0
8072	0
8073	0
8074	0
8075	1
8076	0
8077	0
8078	0
8079	0
8080	1
8081	0
8082	0
8083	0
8084	0
8085	0
8086	0
8087	0
8088	0
8089	0
8090	0
8091	0
8092	0
8093	0
8094	0
8095	0
8096	0
8097	0
8098	0
8099	0
8100	0
8101	0
8102	0
8103	0
8104	0
8105	0
8106	0
8107	0
8108	0
8109	0
8110	0
8111	0
8112	0
8113	0
8114	0
8115	0
8116	0
8117	0
8118	0
8119	0
8120	0
8121	0
8122	0
8123	0
8124	0
8125	0
8126	0
8127	0
8128	0
8129	0
8130	0
8131	0
8132	0
8133	0
8134	0
8135	0
8136	0
8137	0
8138	0
8139	0
8140	0
8141	0
8142	0
8143	0
8144	0
8145	0
8146	0
8147	0
8148	0
8149	0
8150	0
8151	0
8152	0
8153	0
8154	0
8155	0
8156	0
8157	0
8158	0
8159	0
8160	0
8161	0
8162	0
8163	0
8164	0
8165	0
8166	0
8167	0
8168	0
8169	0
8170	0
8171	0
8172	0
8173	0
8174	0
8175	0
8176	0
8177	0
8178	0
8179	0
8180	0
8181	0
8182	0
8183	0
8184	0
8185	0
8186	0
8187	0
8188	0
8189	0
8190	0
8191	0
