0	0
1	0
2	0
3	0
4	0
5	0
6	0
7	0
8	0
9	0
10	0
11	0
12	0
13	0
14	0
15	0
16	0
17	0
18	0
19	0
20	0
21	0
22	0
23	0
24	0
25	0
26	0
27	0
28	0
29	0
30	0
31	0
32	0
33	0
34	0
35	0
36	0
37	0
38	0
39	0
40	0
41	0
42	0
43	0
44	0
45	0
46	0
47	0
48	0
49	0
50	0
51	0
52	0
53	0
54	0
55	0
56	0
57	0
58	0
59	0
60	0
61	0
62	0
63	0
64	0
65	0
66	0
67	0
68	0
69	0
70	0
71	0
72	0
73	0
74	0
75	0
76	0
77	0
78	0
79	0
80	0
81	0
82	0
83	0
84	1
85	2
86	5
87	8
88	13
89	11
90	13
91	12
92	9
93	11
94	10
95	7
96	9
97	10
98	5
99	10
100	7
101	7
102	7
103	10
104	12
105	14
106	8
107	7
108	4
109	12
110	7
111	5
112	8
113	9
114	9
115	8
116	7
117	6
118	13
119	7
120	7
121	7
122	9
123	6
124	8
125	11
126	10
127	6
128	9
129	11
130	7
131	7
132	11
133	10
134	10
135	4
136	10
137	13
138	6
139	9
140	8
141	5
142	13
143	11
144	12
145	12
146	11
147	12
148	15
149	5
150	6
151	13
152	11
153	9
154	9
155	11
156	7
157	10
158	9
159	12
160	9
161	14
162	12
163	7
164	13
165	8
166	7
167	7
168	4
169	11
170	12
171	11
172	9
173	11
174	11
175	7
176	8
177	6
178	9
179	8
180	11
181	8
182	13
183	9
184	5
185	12
186	11
187	12
188	15
189	12
190	6
191	8
192	11
193	12
194	10
195	13
196	5
197	10
198	5
199	11
200	12
201	10
202	7
203	7
204	7
205	11
206	9
207	9
208	13
209	8
210	11
211	5
212	8
213	13
214	14
215	9
216	7
217	6
218	11
219	10
220	14
221	7
222	10
223	11
224	8
225	5
226	9
227	12
228	5
229	6
230	12
231	8
232	10
233	11
234	12
235	5
236	12
237	13
238	20
239	17
240	11
241	14
242	4
243	13
244	8
245	14
246	12
247	10
248	7
249	8
250	7
251	7
252	8
253	7
254	8
255	9
256	9
257	14
258	13
259	12
260	6
261	11
262	6
263	9
264	8
265	9
266	14
267	7
268	12
269	7
270	11
271	16
272	11
273	6
274	6
275	6
276	10
277	6
278	12
279	8
280	8
281	14
282	10
283	14
284	9
285	14
286	15
287	6
288	9
289	8
290	8
291	10
292	12
293	9
294	12
295	9
296	11
297	11
298	10
299	15
300	5
301	11
302	22
303	15
304	7
305	8
306	11
307	8
308	8
309	8
310	4
311	11
312	13
313	16
314	13
315	10
316	14
317	14
318	9
319	8
320	14
321	18
322	11
323	10
324	10
325	7
326	12
327	12
328	8
329	11
330	12
331	10
332	18
333	10
334	13
335	10
336	12
337	18
338	7
339	10
340	13
341	13
342	10
343	11
344	8
345	8
346	9
347	8
348	14
349	10
350	14
351	11
352	11
353	8
354	9
355	16
356	8
357	9
358	8
359	6
360	8
361	12
362	18
363	11
364	16
365	11
366	19
367	11
368	14
369	9
370	9
371	11
372	12
373	16
374	7
375	10
376	13
377	9
378	12
379	11
380	15
381	15
382	6
383	10
384	10
385	8
386	14
387	18
388	9
389	10
390	8
391	10
392	14
393	11
394	15
395	10
396	9
397	14
398	10
399	9
400	3
401	9
402	19
403	13
404	12
405	11
406	7
407	20
408	14
409	10
410	6
411	6
412	11
413	18
414	11
415	10
416	13
417	16
418	8
419	12
420	13
421	7
422	11
423	13
424	15
425	13
426	8
427	10
428	9
429	10
430	7
431	7
432	7
433	12
434	15
435	10
436	7
437	11
438	12
439	7
440	11
441	17
442	12
443	15
444	16
445	18
446	19
447	15
448	13
449	14
450	13
451	13
452	11
453	10
454	12
455	8
456	11
457	11
458	10
459	13
460	17
461	10
462	15
463	9
464	15
465	4
466	11
467	13
468	12
469	15
470	12
471	10
472	10
473	9
474	12
475	13
476	8
477	12
478	10
479	9
480	10
481	18
482	14
483	10
484	8
485	19
486	15
487	20
488	14
489	9
490	7
491	10
492	11
493	13
494	10
495	11
496	10
497	10
498	16
499	10
500	15
501	9
502	15
503	16
504	17
505	17
506	12
507	14
508	13
509	8
510	8
511	14
512	2
513	17
514	11
515	11
516	15
517	12
518	7
519	22
520	13
521	15
522	9
523	22
524	17
525	13
526	16
527	9
528	14
529	21
530	9
531	11
532	14
533	23
534	13
535	15
536	12
537	13
538	15
539	18
540	14
541	17
542	16
543	21
544	21
545	12
546	16
547	11
548	15
549	16
550	17
551	19
552	18
553	21
554	25
555	18
556	17
557	21
558	24
559	18
560	25
561	20
562	22
563	15
564	18
565	19
566	26
567	22
568	17
569	17
570	21
571	23
572	23
573	21
574	19
575	18
576	21
577	33
578	10
579	27
580	24
581	16
582	20
583	17
584	20
585	25
586	19
587	20
588	25
589	14
590	25
591	21
592	18
593	15
594	29
595	23
596	21
597	18
598	18
599	24
600	25
601	29
602	26
603	24
604	25
605	18
606	18
607	28
608	16
609	31
610	14
611	23
612	17
613	23
614	19
615	19
616	17
617	22
618	22
619	22
620	19
621	24
622	20
623	26
624	29
625	24
626	23
627	20
628	19
629	19
630	20
631	13
632	18
633	16
634	17
635	19
636	22
637	20
638	15
639	18
640	18
641	23
642	27
643	20
644	18
645	26
646	28
647	18
648	16
649	18
650	14
651	13
652	17
653	16
654	19
655	19
656	19
657	18
658	21
659	23
660	13
661	19
662	18
663	21
664	25
665	29
666	23
667	17
668	22
669	21
670	13
671	16
672	15
673	18
674	19
675	20
676	23
677	14
678	22
679	18
680	21
681	25
682	20
683	13
684	18
685	21
686	20
687	21
688	21
689	22
690	26
691	18
692	21
693	19
694	21
695	18
696	18
697	13
698	16
699	13
700	21
701	20
702	18
703	19
704	14
705	9
706	16
707	21
708	27
709	14
710	20
711	15
712	9
713	18
714	19
715	15
716	13
717	20
718	21
719	11
720	12
721	10
722	14
723	14
724	20
725	22
726	11
727	8
728	16
729	12
730	14
731	15
732	19
733	13
734	16
735	14
736	15
737	18
738	15
739	12
740	18
741	15
742	13
743	19
744	15
745	19
746	15
747	21
748	15
749	14
750	19
751	17
752	9
753	10
754	15
755	15
756	17
757	19
758	14
759	19
760	14
761	15
762	16
763	10
764	19
765	19
766	15
767	13
768	16
769	15
770	19
771	18
772	27
773	13
774	25
775	12
776	20
777	17
778	14
779	18
780	16
781	25
782	15
783	9
784	11
785	17
786	24
787	6
788	22
789	11
790	7
791	22
792	20
793	20
794	14
795	15
796	12
797	21
798	12
799	17
800	22
801	14
802	20
803	17
804	12
805	26
806	19
807	12
808	22
809	14
810	16
811	20
812	23
813	15
814	14
815	12
816	26
817	15
818	14
819	15
820	13
821	12
822	18
823	22
824	20
825	9
826	11
827	19
828	16
829	16
830	15
831	16
832	21
833	24
834	20
835	16
836	25
837	17
838	15
839	17
840	21
841	13
842	11
843	16
844	6
845	20
846	16
847	22
848	23
849	17
850	19
851	24
852	23
853	20
854	22
855	13
856	23
857	17
858	18
859	18
860	19
861	19
862	25
863	16
864	13
865	18
866	15
867	21
868	23
869	14
870	14
871	18
872	23
873	17
874	22
875	21
876	17
877	17
878	16
879	25
880	20
881	19
882	20
883	21
884	17
885	25
886	18
887	19
888	25
889	20
890	15
891	14
892	16
893	19
894	17
895	15
896	21
897	21
898	23
899	27
900	20
901	19
902	24
903	25
904	22
905	11
906	16
907	25
908	20
909	18
910	13
911	27
912	21
913	25
914	10
915	20
916	24
917	16
918	21
919	15
920	18
921	13
922	19
923	25
924	21
925	24
926	19
927	20
928	15
929	20
930	27
931	27
932	18
933	21
934	23
935	16
936	22
937	21
938	24
939	24
940	22
941	18
942	20
943	29
944	16
945	24
946	17
947	17
948	21
949	17
950	15
951	16
952	31
953	13
954	23
955	23
956	26
957	20
958	16
959	18
960	26
961	22
962	17
963	19
964	23
965	20
966	22
967	11
968	20
969	19
970	10
971	24
972	21
973	20
974	14
975	18
976	24
977	23
978	26
979	21
980	16
981	26
982	26
983	24
984	27
985	23
986	22
987	16
988	22
989	14
990	18
991	29
992	19
993	23
994	16
995	21
996	21
997	23
998	27
999	28
1000	20
1001	24
1002	21
1003	27
1004	21
1005	23
1006	29
1007	20
1008	35
1009	17
1010	24
1011	22
1012	21
1013	27
1014	26
1015	27
1016	22
1017	25
1018	24
1019	27
1020	24
1021	16
1022	26
1023	25
1024	23
1025	19
1026	30
1027	21
1028	34
1029	25
1030	16
1031	19
1032	29
1033	29
1034	29
1035	32
1036	32
1037	24
1038	28
1039	33
1040	22
1041	23
1042	27
1043	22
1044	26
1045	20
1046	15
1047	17
1048	28
1049	34
1050	22
1051	28
1052	18
1053	24
1054	19
1055	19
1056	15
1057	18
1058	22
1059	35
1060	22
1061	27
1062	19
1063	19
1064	28
1065	16
1066	24
1067	18
1068	20
1069	33
1070	23
1071	29
1072	20
1073	19
1074	25
1075	23
1076	23
1077	27
1078	26
1079	17
1080	19
1081	27
1082	24
1083	28
1084	22
1085	28
1086	25
1087	25
1088	25
1089	22
1090	30
1091	30
1092	18
1093	28
1094	27
1095	25
1096	20
1097	28
1098	26
1099	18
1100	23
1101	19
1102	28
1103	17
1104	20
1105	27
1106	27
1107	22
1108	26
1109	25
1110	34
1111	29
1112	26
1113	25
1114	30
1115	16
1116	26
1117	32
1118	22
1119	15
1120	26
1121	17
1122	23
1123	25
1124	25
1125	23
1126	28
1127	24
1128	23
1129	25
1130	18
1131	28
1132	26
1133	26
1134	30
1135	26
1136	22
1137	27
1138	18
1139	27
1140	23
1141	27
1142	19
1143	27
1144	29
1145	18
1146	18
1147	31
1148	17
1149	29
1150	27
1151	18
1152	22
1153	19
1154	26
1155	32
1156	28
1157	23
1158	28
1159	24
1160	23
1161	28
1162	21
1163	30
1164	21
1165	34
1166	26
1167	24
1168	20
1169	27
1170	32
1171	32
1172	37
1173	20
1174	22
1175	30
1176	31
1177	20
1178	22
1179	27
1180	24
1181	29
1182	23
1183	24
1184	29
1185	32
1186	23
1187	32
1188	26
1189	18
1190	28
1191	25
1192	30
1193	19
1194	29
1195	33
1196	28
1197	28
1198	23
1199	30
1200	23
1201	28
1202	20
1203	32
1204	29
1205	19
1206	23
1207	30
1208	27
1209	19
1210	22
1211	24
1212	21
1213	24
1214	29
1215	16
1216	31
1217	23
1218	28
1219	18
1220	25
1221	27
1222	23
1223	27
1224	28
1225	28
1226	27
1227	25
1228	30
1229	30
1230	34
1231	23
1232	26
1233	26
1234	35
1235	24
1236	31
1237	19
1238	30
1239	25
1240	28
1241	27
1242	26
1243	18
1244	21
1245	40
1246	31
1247	28
1248	26
1249	24
1250	25
1251	25
1252	24
1253	27
1254	26
1255	31
1256	19
1257	29
1258	19
1259	28
1260	27
1261	21
1262	27
1263	29
1264	22
1265	33
1266	31
1267	29
1268	23
1269	33
1270	40
1271	26
1272	28
1273	37
1274	24
1275	25
1276	24
1277	35
1278	35
1279	39
1280	21
1281	17
1282	17
1283	27
1284	26
1285	34
1286	24
1287	34
1288	36
1289	30
1290	26
1291	28
1292	33
1293	36
1294	25
1295	37
1296	18
1297	36
1298	33
1299	26
1300	22
1301	30
1302	24
1303	23
1304	28
1305	22
1306	33
1307	27
1308	29
1309	28
1310	41
1311	20
1312	33
1313	26
1314	36
1315	30
1316	35
1317	34
1318	21
1319	30
1320	21
1321	37
1322	28
1323	28
1324	23
1325	28
1326	30
1327	30
1328	26
1329	25
1330	21
1331	30
1332	27
1333	25
1334	33
1335	24
1336	44
1337	26
1338	34
1339	33
1340	34
1341	25
1342	21
1343	26
1344	20
1345	33
1346	31
1347	44
1348	26
1349	44
1350	27
1351	31
1352	40
1353	29
1354	34
1355	27
1356	31
1357	34
1358	31
1359	33
1360	30
1361	38
1362	27
1363	21
1364	33
1365	34
1366	32
1367	31
1368	35
1369	31
1370	32
1371	29
1372	27
1373	40
1374	37
1375	35
1376	33
1377	26
1378	33
1379	37
1380	28
1381	36
1382	39
1383	28
1384	27
1385	25
1386	32
1387	27
1388	25
1389	29
1390	34
1391	30
1392	31
1393	25
1394	25
1395	23
1396	31
1397	38
1398	29
1399	32
1400	31
1401	42
1402	28
1403	37
1404	45
1405	31
1406	23
1407	23
1408	23
1409	27
1410	32
1411	22
1412	35
1413	34
1414	33
1415	25
1416	35
1417	39
1418	34
1419	30
1420	26
1421	39
1422	33
1423	23
1424	31
1425	27
1426	29
1427	29
1428	45
1429	30
1430	34
1431	28
1432	29
1433	29
1434	30
1435	30
1436	38
1437	30
1438	31
1439	37
1440	27
1441	43
1442	37
1443	29
1444	31
1445	33
1446	31
1447	26
1448	35
1449	32
1450	28
1451	26
1452	19
1453	27
1454	35
1455	39
1456	31
1457	36
1458	26
1459	36
1460	31
1461	32
1462	29
1463	27
1464	23
1465	34
1466	27
1467	30
1468	29
1469	31
1470	35
1471	25
1472	31
1473	36
1474	43
1475	27
1476	29
1477	36
1478	35
1479	25
1480	38
1481	24
1482	42
1483	50
1484	32
1485	32
1486	33
1487	35
1488	35
1489	28
1490	32
1491	25
1492	35
1493	32
1494	40
1495	32
1496	23
1497	24
1498	29
1499	35
1500	36
1501	35
1502	34
1503	33
1504	34
1505	44
1506	28
1507	31
1508	28
1509	41
1510	45
1511	29
1512	24
1513	38
1514	33
1515	31
1516	33
1517	30
1518	40
1519	45
1520	32
1521	38
1522	39
1523	33
1524	44
1525	32
1526	35
1527	38
1528	34
1529	39
1530	31
1531	30
1532	32
1533	35
1534	35
1535	37
1536	42
1537	40
1538	43
1539	31
1540	30
1541	33
1542	28
1543	36
1544	36
1545	34
1546	34
1547	30
1548	44
1549	33
1550	30
1551	43
1552	34
1553	32
1554	28
1555	36
1556	25
1557	40
1558	35
1559	33
1560	42
1561	48
1562	53
1563	27
1564	31
1565	36
1566	41
1567	29
1568	40
1569	43
1570	45
1571	33
1572	33
1573	26
1574	38
1575	29
1576	40
1577	39
1578	35
1579	34
1580	38
1581	42
1582	38
1583	42
1584	37
1585	34
1586	43
1587	40
1588	39
1589	40
1590	36
1591	27
1592	46
1593	39
1594	35
1595	34
1596	25
1597	46
1598	48
1599	30
1600	36
1601	31
1602	40
1603	32
1604	45
1605	28
1606	40
1607	33
1608	37
1609	43
1610	36
1611	30
1612	36
1613	44
1614	35
1615	30
1616	39
1617	32
1618	35
1619	45
1620	41
1621	44
1622	38
1623	27
1624	33
1625	44
1626	41
1627	37
1628	33
1629	38
1630	44
1631	34
1632	39
1633	45
1634	38
1635	25
1636	47
1637	35
1638	38
1639	43
1640	38
1641	44
1642	30
1643	33
1644	38
1645	39
1646	31
1647	25
1648	31
1649	43
1650	40
1651	40
1652	36
1653	42
1654	32
1655	36
1656	26
1657	37
1658	37
1659	32
1660	42
1661	33
1662	38
1663	28
1664	33
1665	37
1666	29
1667	38
1668	31
1669	30
1670	34
1671	27
1672	37
1673	32
1674	38
1675	42
1676	40
1677	32
1678	36
1679	42
1680	43
1681	29
1682	32
1683	27
1684	41
1685	29
1686	27
1687	30
1688	33
1689	30
1690	29
1691	24
1692	35
1693	37
1694	32
1695	33
1696	40
1697	25
1698	31
1699	31
1700	33
1701	33
1702	30
1703	37
1704	30
1705	36
1706	25
1707	32
1708	32
1709	33
1710	29
1711	29
1712	29
1713	23
1714	26
1715	35
1716	32
1717	26
1718	20
1719	32
1720	33
1721	27
1722	29
1723	28
1724	37
1725	25
1726	28
1727	21
1728	23
1729	38
1730	28
1731	31
1732	37
1733	26
1734	34
1735	28
1736	31
1737	24
1738	29
1739	29
1740	25
1741	30
1742	30
1743	28
1744	30
1745	33
1746	27
1747	30
1748	33
1749	25
1750	25
1751	32
1752	23
1753	25
1754	27
1755	23
1756	33
1757	23
1758	26
1759	31
1760	29
1761	16
1762	22
1763	29
1764	23
1765	26
1766	22
1767	29
1768	31
1769	28
1770	25
1771	20
1772	23
1773	24
1774	22
1775	28
1776	23
1777	40
1778	23
1779	27
1780	16
1781	21
1782	21
1783	25
1784	22
1785	26
1786	17
1787	19
1788	28
1789	28
1790	18
1791	13
1792	22
1793	23
1794	17
1795	19
1796	29
1797	24
1798	13
1799	20
1800	31
1801	15
1802	25
1803	26
1804	22
1805	22
1806	17
1807	21
1808	24
1809	18
1810	20
1811	24
1812	28
1813	23
1814	30
1815	21
1816	26
1817	28
1818	25
1819	28
1820	22
1821	20
1822	27
1823	16
1824	25
1825	14
1826	29
1827	23
1828	26
1829	19
1830	22
1831	29
1832	18
1833	18
1834	16
1835	24
1836	22
1837	15
1838	20
1839	21
1840	38
1841	19
1842	23
1843	26
1844	24
1845	25
1846	26
1847	25
1848	21
1849	17
1850	14
1851	21
1852	15
1853	15
1854	25
1855	11
1856	16
1857	20
1858	19
1859	33
1860	15
1861	23
1862	21
1863	24
1864	23
1865	23
1866	22
1867	24
1868	16
1869	22
1870	14
1871	16
1872	20
1873	18
1874	25
1875	30
1876	15
1877	24
1878	21
1879	16
1880	13
1881	13
1882	22
1883	23
1884	18
1885	13
1886	21
1887	13
1888	20
1889	23
1890	14
1891	17
1892	15
1893	19
1894	19
1895	26
1896	14
1897	21
1898	16
1899	16
1900	10
1901	14
1902	20
1903	17
1904	28
1905	24
1906	26
1907	15
1908	20
1909	23
1910	18
1911	13
1912	17
1913	19
1914	19
1915	17
1916	13
1917	11
1918	18
1919	15
1920	26
1921	12
1922	21
1923	15
1924	23
1925	27
1926	13
1927	12
1928	20
1929	19
1930	21
1931	18
1932	14
1933	17
1934	16
1935	24
1936	24
1937	18
1938	14
1939	20
1940	12
1941	16
1942	20
1943	20
1944	17
1945	18
1946	15
1947	19
1948	18
1949	18
1950	16
1951	17
1952	18
1953	14
1954	15
1955	17
1956	11
1957	16
1958	9
1959	17
1960	20
1961	11
1962	10
1963	15
1964	21
1965	23
1966	13
1967	22
1968	16
1969	18
1970	17
1971	20
1972	20
1973	18
1974	19
1975	12
1976	15
1977	17
1978	14
1979	16
1980	21
1981	10
1982	15
1983	13
1984	18
1985	18
1986	17
1987	8
1988	12
1989	16
1990	20
1991	22
1992	15
1993	9
1994	11
1995	18
1996	18
1997	13
1998	23
1999	16
2000	17
2001	17
2002	18
2003	18
2004	17
2005	19
2006	20
2007	12
2008	13
2009	23
2010	12
2011	21
2012	17
2013	13
2014	18
2015	19
2016	24
2017	19
2018	15
2019	17
2020	20
2021	23
2022	18
2023	13
2024	16
2025	13
2026	14
2027	12
2028	15
2029	9
2030	18
2031	18
2032	16
2033	15
2034	15
2035	19
2036	21
2037	22
2038	18
2039	20
2040	16
2041	13
2042	11
2043	17
2044	15
2045	15
2046	10
2047	16
2048	15
2049	20
2050	18
2051	16
2052	21
2053	14
2054	12
2055	19
2056	20
2057	15
2058	15
2059	13
2060	16
2061	16
2062	9
2063	15
2064	20
2065	13
2066	10
2067	11
2068	16
2069	22
2070	22
2071	13
2072	11
2073	15
2074	19
2075	16
2076	11
2077	18
2078	17
2079	25
2080	20
2081	13
2082	10
2083	17
2084	18
2085	9
2086	17
2087	13
2088	11
2089	17
2090	15
2091	18
2092	11
2093	16
2094	16
2095	18
2096	13
2097	9
2098	12
2099	21
2100	12
2101	10
2102	22
2103	16
2104	17
2105	15
2106	17
2107	20
2108	12
2109	21
2110	18
2111	17
2112	18
2113	23
2114	19
2115	10
2116	16
2117	22
2118	19
2119	18
2120	19
2121	22
2122	6
2123	18
2124	14
2125	11
2126	13
2127	14
2128	18
2129	18
2130	18
2131	15
2132	15
2133	16
2134	18
2135	20
2136	12
2137	19
2138	20
2139	14
2140	8
2141	19
2142	16
2143	15
2144	15
2145	7
2146	15
2147	24
2148	15
2149	14
2150	14
2151	18
2152	18
2153	23
2154	13
2155	16
2156	11
2157	15
2158	10
2159	19
2160	10
2161	13
2162	23
2163	14
2164	12
2165	14
2166	14
2167	15
2168	12
2169	11
2170	14
2171	20
2172	18
2173	17
2174	15
2175	11
2176	19
2177	14
2178	12
2179	8
2180	16
2181	15
2182	10
2183	16
2184	18
2185	15
2186	16
2187	14
2188	13
2189	20
2190	18
2191	16
2192	19
2193	19
2194	12
2195	15
2196	17
2197	12
2198	16
2199	15
2200	16
2201	14
2202	15
2203	19
2204	20
2205	13
2206	12
2207	18
2208	15
2209	18
2210	9
2211	21
2212	18
2213	14
2214	14
2215	14
2216	13
2217	12
2218	18
2219	6
2220	20
2221	17
2222	17
2223	16
2224	16
2225	15
2226	17
2227	15
2228	12
2229	14
2230	14
2231	13
2232	12
2233	21
2234	13
2235	22
2236	6
2237	11
2238	14
2239	13
2240	15
2241	17
2242	14
2243	18
2244	14
2245	15
2246	16
2247	14
2248	17
2249	11
2250	14
2251	5
2252	19
2253	21
2254	13
2255	26
2256	15
2257	9
2258	12
2259	15
2260	13
2261	14
2262	16
2263	17
2264	15
2265	12
2266	10
2267	10
2268	11
2269	18
2270	26
2271	19
2272	15
2273	12
2274	14
2275	12
2276	14
2277	13
2278	11
2279	15
2280	20
2281	18
2282	12
2283	17
2284	14
2285	14
2286	14
2287	16
2288	20
2289	21
2290	12
2291	14
2292	18
2293	18
2294	14
2295	27
2296	11
2297	16
2298	8
2299	22
2300	19
2301	18
2302	16
2303	16
2304	21
2305	8
2306	21
2307	16
2308	17
2309	13
2310	13
2311	13
2312	15
2313	11
2314	15
2315	12
2316	7
2317	11
2318	23
2319	23
2320	16
2321	19
2322	12
2323	16
2324	12
2325	14
2326	15
2327	12
2328	20
2329	20
2330	19
2331	20
2332	13
2333	16
2334	24
2335	16
2336	30
2337	16
2338	18
2339	14
2340	20
2341	18
2342	10
2343	17
2344	17
2345	10
2346	19
2347	17
2348	23
2349	18
2350	16
2351	18
2352	20
2353	17
2354	18
2355	15
2356	9
2357	18
2358	14
2359	19
2360	23
2361	19
2362	19
2363	26
2364	16
2365	16
2366	9
2367	17
2368	24
2369	18
2370	14
2371	16
2372	23
2373	21
2374	24
2375	19
2376	11
2377	19
2378	12
2379	26
2380	13
2381	21
2382	14
2383	28
2384	19
2385	23
2386	11
2387	13
2388	31
2389	17
2390	24
2391	15
2392	8
2393	19
2394	27
2395	16
2396	21
2397	13
2398	22
2399	26
2400	22
2401	27
2402	19
2403	8
2404	23
2405	19
2406	20
2407	22
2408	18
2409	28
2410	20
2411	15
2412	22
2413	24
2414	19
2415	17
2416	24
2417	26
2418	21
2419	14
2420	16
2421	20
2422	16
2423	14
2424	23
2425	21
2426	18
2427	26
2428	20
2429	21
2430	23
2431	19
2432	18
2433	20
2434	23
2435	28
2436	21
2437	21
2438	24
2439	17
2440	17
2441	24
2442	17
2443	27
2444	22
2445	32
2446	30
2447	28
2448	16
2449	27
2450	27
2451	20
2452	21
2453	16
2454	27
2455	22
2456	20
2457	19
2458	28
2459	15
2460	21
2461	26
2462	24
2463	19
2464	20
2465	22
2466	18
2467	19
2468	22
2469	31
2470	24
2471	30
2472	25
2473	26
2474	23
2475	27
2476	29
2477	25
2478	29
2479	16
2480	20
2481	29
2482	27
2483	23
2484	18
2485	20
2486	17
2487	27
2488	24
2489	22
2490	30
2491	24
2492	19
2493	28
2494	27
2495	30
2496	22
2497	27
2498	18
2499	25
2500	27
2501	25
2502	27
2503	25
2504	29
2505	25
2506	24
2507	23
2508	21
2509	25
2510	16
2511	35
2512	24
2513	21
2514	23
2515	24
2516	27
2517	28
2518	23
2519	25
2520	34
2521	36
2522	32
2523	27
2524	34
2525	20
2526	32
2527	21
2528	32
2529	32
2530	28
2531	23
2532	25
2533	32
2534	24
2535	26
2536	26
2537	23
2538	32
2539	28
2540	32
2541	25
2542	22
2543	24
2544	22
2545	20
2546	27
2547	20
2548	19
2549	24
2550	26
2551	27
2552	26
2553	33
2554	36
2555	25
2556	25
2557	32
2558	38
2559	32
2560	26
2561	15
2562	26
2563	28
2564	26
2565	43
2566	21
2567	31
2568	26
2569	38
2570	29
2571	26
2572	34
2573	29
2574	39
2575	25
2576	31
2577	26
2578	25
2579	33
2580	31
2581	19
2582	35
2583	20
2584	27
2585	29
2586	30
2587	29
2588	25
2589	36
2590	38
2591	29
2592	30
2593	24
2594	38
2595	22
2596	29
2597	29
2598	24
2599	23
2600	24
2601	22
2602	35
2603	21
2604	33
2605	34
2606	18
2607	27
2608	23
2609	20
2610	23
2611	24
2612	19
2613	21
2614	31
2615	29
2616	34
2617	30
2618	35
2619	20
2620	23
2621	32
2622	25
2623	22
2624	27
2625	35
2626	25
2627	29
2628	32
2629	31
2630	28
2631	21
2632	22
2633	26
2634	33
2635	24
2636	32
2637	22
2638	31
2639	34
2640	25
2641	25
2642	25
2643	27
2644	34
2645	31
2646	33
2647	19
2648	23
2649	16
2650	34
2651	32
2652	27
2653	29
2654	20
2655	26
2656	29
2657	19
2658	34
2659	28
2660	25
2661	31
2662	27
2663	37
2664	22
2665	30
2666	27
2667	24
2668	20
2669	27
2670	33
2671	26
2672	36
2673	21
2674	21
2675	29
2676	28
2677	27
2678	35
2679	28
2680	26
2681	18
2682	28
2683	22
2684	11
2685	26
2686	25
2687	15
2688	28
2689	40
2690	30
2691	28
2692	24
2693	20
2694	18
2695	27
2696	24
2697	27
2698	28
2699	27
2700	27
2701	25
2702	27
2703	37
2704	23
2705	23
2706	26
2707	25
2708	34
2709	23
2710	28
2711	15
2712	30
2713	27
2714	23
2715	35
2716	26
2717	24
2718	22
2719	20
2720	23
2721	25
2722	27
2723	25
2724	19
2725	32
2726	31
2727	23
2728	21
2729	23
2730	25
2731	21
2732	22
2733	22
2734	16
2735	30
2736	28
2737	25
2738	15
2739	18
2740	25
2741	22
2742	31
2743	23
2744	19
2745	19
2746	26
2747	23
2748	14
2749	20
2750	19
2751	21
2752	18
2753	18
2754	22
2755	26
2756	26
2757	20
2758	22
2759	27
2760	15
2761	19
2762	20
2763	17
2764	26
2765	18
2766	12
2767	19
2768	14
2769	22
2770	20
2771	17
2772	14
2773	22
2774	23
2775	20
2776	18
2777	25
2778	19
2779	13
2780	16
2781	22
2782	21
2783	22
2784	14
2785	25
2786	15
2787	26
2788	16
2789	14
2790	16
2791	14
2792	18
2793	25
2794	17
2795	9
2796	16
2797	15
2798	15
2799	17
2800	13
2801	24
2802	18
2803	21
2804	23
2805	18
2806	7
2807	12
2808	19
2809	21
2810	18
2811	15
2812	18
2813	15
2814	12
2815	14
2816	14
2817	27
2818	15
2819	15
2820	19
2821	17
2822	13
2823	14
2824	17
2825	14
2826	7
2827	17
2828	12
2829	18
2830	22
2831	13
2832	13
2833	15
2834	14
2835	13
2836	16
2837	13
2838	18
2839	19
2840	15
2841	12
2842	24
2843	14
2844	19
2845	16
2846	8
2847	19
2848	12
2849	14
2850	18
2851	13
2852	14
2853	19
2854	16
2855	9
2856	17
2857	16
2858	16
2859	20
2860	13
2861	12
2862	14
2863	15
2864	13
2865	12
2866	17
2867	10
2868	20
2869	10
2870	13
2871	20
2872	9
2873	17
2874	21
2875	22
2876	13
2877	11
2878	15
2879	11
2880	8
2881	14
2882	9
2883	10
2884	21
2885	17
2886	13
2887	14
2888	16
2889	12
2890	18
2891	13
2892	6
2893	13
2894	12
2895	12
2896	4
2897	13
2898	13
2899	10
2900	12
2901	9
2902	11
2903	12
2904	6
2905	17
2906	13
2907	14
2908	13
2909	10
2910	14
2911	7
2912	10
2913	13
2914	15
2915	9
2916	9
2917	15
2918	9
2919	11
2920	10
2921	18
2922	7
2923	9
2924	13
2925	10
2926	9
2927	17
2928	10
2929	11
2930	12
2931	8
2932	15
2933	17
2934	9
2935	10
2936	14
2937	10
2938	13
2939	10
2940	11
2941	8
2942	12
2943	9
2944	15
2945	4
2946	13
2947	6
2948	14
2949	4
2950	12
2951	14
2952	8
2953	8
2954	4
2955	7
2956	14
2957	13
2958	9
2959	15
2960	9
2961	9
2962	8
2963	11
2964	7
2965	15
2966	7
2967	9
2968	13
2969	17
2970	8
2971	9
2972	13
2973	15
2974	14
2975	13
2976	10
2977	9
2978	10
2979	7
2980	7
2981	11
2982	10
2983	7
2984	10
2985	4
2986	10
2987	8
2988	9
2989	10
2990	11
2991	12
2992	5
2993	11
2994	11
2995	10
2996	7
2997	9
2998	10
2999	7
3000	2
3001	10
3002	12
3003	12
3004	13
3005	10
3006	12
3007	9
3008	10
3009	9
3010	9
3011	9
3012	11
3013	6
3014	4
3015	13
3016	10
3017	10
3018	7
3019	10
3020	9
3021	10
3022	6
3023	10
3024	10
3025	11
3026	11
3027	8
3028	10
3029	8
3030	10
3031	10
3032	8
3033	13
3034	11
3035	12
3036	9
3037	14
3038	2
3039	7
3040	7
3041	8
3042	8
3043	10
3044	9
3045	8
3046	8
3047	8
3048	6
3049	12
3050	9
3051	9
3052	10
3053	15
3054	5
3055	11
3056	10
3057	5
3058	8
3059	10
3060	5
3061	13
3062	4
3063	6
3064	7
3065	8
3066	8
3067	13
3068	8
3069	12
3070	5
3071	4
3072	9
3073	7
3074	5
3075	8
3076	7
3077	4
3078	3
3079	12
3080	9
3081	8
3082	7
3083	9
3084	4
3085	13
3086	8
3087	4
3088	6
3089	9
3090	8
3091	8
3092	12
3093	7
3094	4
3095	6
3096	14
3097	9
3098	10
3099	8
3100	8
3101	3
3102	11
3103	6
3104	8
3105	7
3106	7
3107	12
3108	8
3109	12
3110	10
3111	5
3112	9
3113	8
3114	14
3115	11
3116	9
3117	6
3118	6
3119	9
3120	12
3121	3
3122	9
3123	3
3124	8
3125	8
3126	6
3127	6
3128	10
3129	7
3130	13
3131	8
3132	7
3133	8
3134	9
3135	9
3136	5
3137	7
3138	12
3139	12
3140	9
3141	9
3142	8
3143	15
3144	12
3145	5
3146	9
3147	7
3148	13
3149	7
3150	9
3151	7
3152	7
3153	5
3154	9
3155	6
3156	5
3157	12
3158	5
3159	5
3160	5
3161	6
3162	4
3163	11
3164	6
3165	5
3166	8
3167	9
3168	6
3169	9
3170	4
3171	5
3172	13
3173	2
3174	8
3175	10
3176	7
3177	9
3178	5
3179	7
3180	6
3181	4
3182	4
3183	10
3184	11
3185	5
3186	5
3187	6
3188	11
3189	7
3190	9
3191	6
3192	5
3193	10
3194	4
3195	4
3196	14
3197	6
3198	8
3199	6
3200	7
3201	6
3202	5
3203	9
3204	4
3205	8
3206	7
3207	10
3208	5
3209	8
3210	5
3211	5
3212	7
3213	12
3214	8
3215	7
3216	10
3217	9
3218	5
3219	8
3220	9
3221	9
3222	7
3223	7
3224	9
3225	9
3226	11
3227	9
3228	5
3229	4
3230	9
3231	6
3232	4
3233	3
3234	5
3235	7
3236	7
3237	12
3238	8
3239	6
3240	6
3241	3
3242	12
3243	10
3244	12
3245	6
3246	8
3247	10
3248	14
3249	9
3250	5
3251	8
3252	8
3253	16
3254	6
3255	1
3256	5
3257	5
3258	4
3259	9
3260	3
3261	5
3262	6
3263	11
3264	7
3265	7
3266	9
3267	7
3268	8
3269	6
3270	6
3271	7
3272	4
3273	15
3274	7
3275	3
3276	4
3277	6
3278	2
3279	4
3280	3
3281	6
3282	7
3283	10
3284	8
3285	7
3286	11
3287	7
3288	3
3289	6
3290	8
3291	12
3292	5
3293	10
3294	6
3295	12
3296	2
3297	4
3298	7
3299	10
3300	9
3301	2
3302	10
3303	11
3304	10
3305	9
3306	6
3307	4
3308	6
3309	3
3310	6
3311	6
3312	6
3313	7
3314	3
3315	10
3316	5
3317	8
3318	2
3319	8
3320	3
3321	8
3322	10
3323	9
3324	14
3325	7
3326	7
3327	7
3328	2
3329	12
3330	8
3331	8
3332	4
3333	4
3334	5
3335	6
3336	6
3337	4
3338	9
3339	4
3340	5
3341	7
3342	4
3343	3
3344	6
3345	7
3346	7
3347	3
3348	6
3349	7
3350	5
3351	6
3352	6
3353	5
3354	7
3355	7
3356	5
3357	5
3358	6
3359	7
3360	2
3361	5
3362	8
3363	5
3364	6
3365	8
3366	5
3367	8
3368	8
3369	9
3370	7
3371	6
3372	6
3373	14
3374	3
3375	8
3376	4
3377	6
3378	7
3379	3
3380	6
3381	7
3382	2
3383	4
3384	8
3385	7
3386	9
3387	9
3388	8
3389	5
3390	15
3391	5
3392	7
3393	7
3394	6
3395	7
3396	14
3397	6
3398	6
3399	6
3400	4
3401	5
3402	7
3403	8
3404	5
3405	6
3406	9
3407	4
3408	5
3409	5
3410	5
3411	5
3412	9
3413	4
3414	10
3415	3
3416	9
3417	7
3418	4
3419	9
3420	8
3421	8
3422	6
3423	5
3424	8
3425	7
3426	6
3427	7
3428	5
3429	6
3430	8
3431	4
3432	3
3433	8
3434	9
3435	6
3436	8
3437	12
3438	8
3439	8
3440	5
3441	5
3442	6
3443	5
3444	4
3445	7
3446	4
3447	6
3448	7
3449	3
3450	6
3451	8
3452	3
3453	10
3454	15
3455	6
3456	7
3457	5
3458	8
3459	6
3460	4
3461	7
3462	6
3463	9
3464	5
3465	4
3466	4
3467	9
3468	12
3469	6
3470	8
3471	7
3472	2
3473	6
3474	5
3475	9
3476	6
3477	6
3478	12
3479	3
3480	7
3481	11
3482	5
3483	6
3484	7
3485	9
3486	9
3487	3
3488	7
3489	8
3490	9
3491	7
3492	13
3493	10
3494	5
3495	11
3496	10
3497	5
3498	5
3499	4
3500	2
3501	4
3502	7
3503	8
3504	3
3505	1
3506	6
3507	7
3508	5
3509	6
3510	6
3511	10
3512	6
3513	9
3514	7
3515	4
3516	6
3517	7
3518	4
3519	6
3520	5
3521	7
3522	5
3523	4
3524	5
3525	8
3526	5
3527	6
3528	2
3529	7
3530	6
3531	4
3532	6
3533	6
3534	5
3535	6
3536	6
3537	6
3538	6
3539	5
3540	7
3541	9
3542	8
3543	6
3544	9
3545	11
3546	4
3547	6
3548	8
3549	8
3550	5
3551	8
3552	2
3553	8
3554	7
3555	5
3556	8
3557	6
3558	9
3559	6
3560	4
3561	6
3562	7
3563	5
3564	4
3565	4
3566	7
3567	6
3568	4
3569	6
3570	5
3571	5
3572	10
3573	2
3574	10
3575	9
3576	4
3577	4
3578	3
3579	7
3580	8
3581	4
3582	5
3583	10
3584	3
3585	8
3586	9
3587	4
3588	10
3589	17
3590	9
3591	2
3592	10
3593	9
3594	8
3595	6
3596	10
3597	5
3598	5
3599	4
3600	7
3601	8
3602	9
3603	5
3604	5
3605	5
3606	8
3607	7
3608	3
3609	8
3610	7
3611	7
3612	5
3613	4
3614	5
3615	7
3616	6
3617	6
3618	3
3619	5
3620	5
3621	5
3622	4
3623	11
3624	4
3625	7
3626	6
3627	5
3628	7
3629	4
3630	7
3631	6
3632	5
3633	5
3634	3
3635	3
3636	7
3637	14
3638	7
3639	5
3640	5
3641	10
3642	7
3643	3
3644	6
3645	4
3646	8
3647	5
3648	3
3649	9
3650	4
3651	6
3652	7
3653	3
3654	5
3655	6
3656	8
3657	11
3658	5
3659	8
3660	2
3661	7
3662	8
3663	7
3664	9
3665	8
3666	5
3667	12
3668	4
3669	3
3670	6
3671	8
3672	8
3673	6
3674	2
3675	4
3676	3
3677	11
3678	4
3679	10
3680	6
3681	2
3682	4
3683	5
3684	7
3685	10
3686	4
3687	2
3688	5
3689	5
3690	4
3691	4
3692	4
3693	11
3694	6
3695	4
3696	4
3697	2
3698	3
3699	8
3700	3
3701	4
3702	11
3703	4
3704	7
3705	12
3706	4
3707	8
3708	10
3709	6
3710	7
3711	7
3712	5
3713	5
3714	7
3715	7
3716	8
3717	5
3718	7
3719	6
3720	5
3721	8
3722	5
3723	7
3724	12
3725	4
3726	4
3727	11
3728	5
3729	6
3730	10
3731	2
3732	7
3733	4
3734	4
3735	7
3736	4
3737	6
3738	7
3739	5
3740	4
3741	5
3742	2
3743	5
3744	6
3745	4
3746	4
3747	3
3748	4
3749	3
3750	10
3751	5
3752	3
3753	9
3754	4
3755	5
3756	2
3757	9
3758	6
3759	8
3760	6
3761	8
3762	5
3763	5
3764	9
3765	11
3766	5
3767	11
3768	5
3769	7
3770	2
3771	5
3772	11
3773	5
3774	4
3775	12
3776	7
3777	8
3778	8
3779	1
3780	8
3781	2
3782	0
3783	10
3784	8
3785	8
3786	3
3787	5
3788	4
3789	7
3790	8
3791	9
3792	5
3793	5
3794	7
3795	8
3796	5
3797	7
3798	7
3799	2
3800	10
3801	7
3802	7
3803	2
3804	12
3805	4
3806	6
3807	7
3808	3
3809	6
3810	9
3811	7
3812	3
3813	6
3814	5
3815	6
3816	4
3817	3
3818	12
3819	7
3820	4
3821	12
3822	5
3823	4
3824	5
3825	7
3826	2
3827	8
3828	10
3829	7
3830	3
3831	6
3832	2
3833	7
3834	10
3835	7
3836	4
3837	4
3838	3
3839	4
3840	7
3841	10
3842	9
3843	6
3844	10
3845	5
3846	5
3847	4
3848	4
3849	8
3850	10
3851	4
3852	6
3853	7
3854	7
3855	5
3856	8
3857	5
3858	7
3859	3
3860	5
3861	7
3862	8
3863	6
3864	14
3865	4
3866	5
3867	9
3868	3
3869	6
3870	7
3871	5
3872	6
3873	7
3874	6
3875	3
3876	9
3877	4
3878	9
3879	7
3880	7
3881	3
3882	6
3883	7
3884	4
3885	6
3886	6
3887	6
3888	5
3889	2
3890	3
3891	3
3892	4
3893	2
3894	8
3895	4
3896	7
3897	5
3898	8
3899	3
3900	3
3901	3
3902	2
3903	8
3904	10
3905	8
3906	7
3907	8
3908	5
3909	13
3910	4
3911	6
3912	7
3913	12
3914	7
3915	2
3916	7
3917	4
3918	5
3919	9
3920	6
3921	5
3922	4
3923	4
3924	2
3925	6
3926	7
3927	2
3928	10
3929	3
3930	8
3931	2
3932	7
3933	4
3934	8
3935	5
3936	7
3937	6
3938	9
3939	6
3940	4
3941	6
3942	6
3943	8
3944	3
3945	7
3946	8
3947	3
3948	8
3949	5
3950	5
3951	9
3952	7
3953	6
3954	4
3955	10
3956	10
3957	8
3958	7
3959	9
3960	6
3961	8
3962	7
3963	6
3964	10
3965	3
3966	5
3967	6
3968	4
3969	5
3970	9
3971	5
3972	5
3973	3
3974	10
3975	8
3976	7
3977	4
3978	5
3979	10
3980	2
3981	7
3982	4
3983	6
3984	7
3985	6
3986	8
3987	8
3988	7
3989	5
3990	5
3991	6
3992	10
3993	11
3994	7
3995	0
3996	6
3997	3
3998	10
3999	6
4000	7
4001	3
4002	5
4003	5
4004	2
4005	5
4006	5
4007	5
4008	3
4009	3
4010	8
4011	9
4012	8
4013	4
4014	6
4015	12
4016	8
4017	1
4018	8
4019	5
4020	5
4021	6
4022	2
4023	1
4024	7
4025	4
4026	6
4027	4
4028	8
4029	6
4030	7
4031	6
4032	7
4033	6
4034	4
4035	10
4036	8
4037	3
4038	5
4039	5
4040	7
4041	3
4042	6
4043	2
4044	2
4045	2
4046	5
4047	5
4048	4
4049	4
4050	1
4051	7
4052	6
4053	6
4054	5
4055	10
4056	1
4057	7
4058	6
4059	5
4060	5
4061	10
4062	6
4063	2
4064	7
4065	5
4066	7
4067	4
4068	5
4069	6
4070	5
4071	6
4072	6
4073	13
4074	4
4075	6
4076	3
4077	7
4078	5
4079	3
4080	7
4081	4
4082	4
4083	4
4084	2
4085	6
4086	4
4087	8
4088	9
4089	5
4090	12
4091	6
4092	6
4093	5
4094	5
4095	3
4096	2
4097	5
4098	4
4099	11
4100	2
4101	7
4102	4
4103	6
4104	5
4105	6
4106	4
4107	7
4108	4
4109	8
4110	6
4111	8
4112	2
4113	4
4114	5
4115	5
4116	6
4117	10
4118	3
4119	4
4120	4
4121	12
4122	6
4123	4
4124	8
4125	4
4126	7
4127	7
4128	3
4129	8
4130	6
4131	2
4132	4
4133	12
4134	4
4135	1
4136	1
4137	10
4138	8
4139	5
4140	1
4141	6
4142	8
4143	6
4144	4
4145	1
4146	4
4147	5
4148	3
4149	7
4150	3
4151	6
4152	3
4153	3
4154	5
4155	8
4156	3
4157	7
4158	5
4159	6
4160	4
4161	7
4162	7
4163	10
4164	6
4165	2
4166	5
4167	9
4168	3
4169	6
4170	5
4171	9
4172	3
4173	8
4174	6
4175	5
4176	4
4177	8
4178	3
4179	6
4180	1
4181	9
4182	7
4183	7
4184	3
4185	8
4186	7
4187	9
4188	5
4189	4
4190	10
4191	4
4192	6
4193	3
4194	8
4195	8
4196	6
4197	2
4198	5
4199	9
4200	6
4201	5
4202	6
4203	6
4204	4
4205	10
4206	11
4207	9
4208	4
4209	4
4210	8
4211	2
4212	7
4213	6
4214	5
4215	9
4216	4
4217	5
4218	5
4219	5
4220	5
4221	7
4222	10
4223	3
4224	2
4225	5
4226	10
4227	6
4228	2
4229	5
4230	5
4231	12
4232	9
4233	6
4234	8
4235	8
4236	3
4237	5
4238	7
4239	4
4240	4
4241	4
4242	6
4243	2
4244	3
4245	5
4246	8
4247	7
4248	3
4249	4
4250	7
4251	8
4252	2
4253	2
4254	1
4255	3
4256	7
4257	5
4258	8
4259	10
4260	4
4261	5
4262	2
4263	1
4264	2
4265	6
4266	4
4267	7
4268	5
4269	4
4270	6
4271	5
4272	5
4273	1
4274	4
4275	8
4276	11
4277	2
4278	4
4279	2
4280	8
4281	7
4282	10
4283	3
4284	2
4285	5
4286	8
4287	6
4288	7
4289	4
4290	2
4291	6
4292	9
4293	5
4294	6
4295	5
4296	6
4297	4
4298	6
4299	6
4300	2
4301	7
4302	8
4303	4
4304	4
4305	9
4306	9
4307	1
4308	6
4309	10
4310	5
4311	7
4312	9
4313	12
4314	6
4315	8
4316	5
4317	7
4318	8
4319	7
4320	5
4321	7
4322	2
4323	8
4324	5
4325	9
4326	8
4327	0
4328	4
4329	7
4330	6
4331	7
4332	9
4333	9
4334	7
4335	3
4336	4
4337	5
4338	6
4339	4
4340	5
4341	7
4342	2
4343	6
4344	3
4345	8
4346	10
4347	11
4348	5
4349	2
4350	5
4351	2
4352	5
4353	10
4354	4
4355	5
4356	4
4357	6
4358	7
4359	9
4360	3
4361	7
4362	7
4363	8
4364	7
4365	7
4366	5
4367	7
4368	2
4369	6
4370	7
4371	7
4372	9
4373	12
4374	5
4375	5
4376	9
4377	3
4378	2
4379	4
4380	8
4381	6
4382	12
4383	6
4384	5
4385	7
4386	5
4387	6
4388	12
4389	8
4390	4
4391	11
4392	7
4393	2
4394	12
4395	8
4396	12
4397	8
4398	8
4399	10
4400	9
4401	7
4402	10
4403	7
4404	8
4405	8
4406	13
4407	9
4408	6
4409	4
4410	7
4411	9
4412	5
4413	6
4414	6
4415	11
4416	3
4417	2
4418	8
4419	1
4420	9
4421	5
4422	4
4423	4
4424	6
4425	4
4426	4
4427	4
4428	8
4429	7
4430	3
4431	8
4432	8
4433	5
4434	6
4435	7
4436	7
4437	4
4438	6
4439	2
4440	8
4441	7
4442	9
4443	9
4444	1
4445	10
4446	4
4447	9
4448	3
4449	3
4450	7
4451	9
4452	11
4453	7
4454	5
4455	12
4456	6
4457	8
4458	11
4459	3
4460	12
4461	7
4462	5
4463	10
4464	6
4465	6
4466	7
4467	11
4468	5
4469	7
4470	10
4471	4
4472	6
4473	9
4474	5
4475	3
4476	7
4477	4
4478	2
4479	9
4480	5
4481	4
4482	10
4483	7
4484	12
4485	6
4486	6
4487	9
4488	7
4489	6
4490	9
4491	10
4492	7
4493	4
4494	1
4495	5
4496	7
4497	6
4498	8
4499	8
4500	7
4501	6
4502	9
4503	11
4504	9
4505	8
4506	10
4507	11
4508	8
4509	7
4510	9
4511	6
4512	7
4513	4
4514	5
4515	4
4516	6
4517	13
4518	5
4519	7
4520	9
4521	6
4522	8
4523	8
4524	8
4525	6
4526	7
4527	7
4528	5
4529	11
4530	7
4531	6
4532	8
4533	7
4534	11
4535	11
4536	13
4537	7
4538	7
4539	10
4540	10
4541	9
4542	12
4543	8
4544	6
4545	7
4546	8
4547	14
4548	13
4549	7
4550	6
4551	4
4552	8
4553	5
4554	15
4555	9
4556	14
4557	8
4558	9
4559	10
4560	5
4561	8
4562	10
4563	8
4564	8
4565	5
4566	5
4567	8
4568	7
4569	10
4570	5
4571	3
4572	8
4573	10
4574	9
4575	8
4576	8
4577	7
4578	15
4579	12
4580	9
4581	6
4582	6
4583	6
4584	6
4585	9
4586	8
4587	7
4588	12
4589	7
4590	14
4591	5
4592	11
4593	7
4594	6
4595	9
4596	6
4597	8
4598	13
4599	4
4600	6
4601	8
4602	6
4603	9
4604	14
4605	6
4606	8
4607	7
4608	6
4609	5
4610	6
4611	6
4612	13
4613	9
4614	6
4615	3
4616	10
4617	6
4618	10
4619	11
4620	12
4621	17
4622	11
4623	11
4624	9
4625	11
4626	8
4627	8
4628	4
4629	10
4630	6
4631	8
4632	12
4633	7
4634	7
4635	13
4636	12
4637	12
4638	8
4639	8
4640	13
4641	13
4642	7
4643	9
4644	9
4645	6
4646	12
4647	6
4648	17
4649	7
4650	8
4651	8
4652	9
4653	10
4654	12
4655	13
4656	9
4657	7
4658	9
4659	12
4660	8
4661	7
4662	10
4663	12
4664	8
4665	15
4666	10
4667	7
4668	16
4669	12
4670	7
4671	11
4672	3
4673	4
4674	9
4675	7
4676	9
4677	6
4678	5
4679	7
4680	11
4681	12
4682	13
4683	11
4684	15
4685	15
4686	16
4687	6
4688	9
4689	10
4690	11
4691	11
4692	17
4693	11
4694	7
4695	9
4696	7
4697	10
4698	5
4699	7
4700	7
4701	15
4702	7
4703	6
4704	11
4705	11
4706	5
4707	3
4708	9
4709	9
4710	9
4711	6
4712	4
4713	8
4714	17
4715	6
4716	5
4717	5
4718	9
4719	9
4720	15
4721	11
4722	6
4723	8
4724	9
4725	9
4726	7
4727	7
4728	7
4729	10
4730	4
4731	8
4732	9
4733	7
4734	8
4735	16
4736	9
4737	4
4738	1
4739	8
4740	8
4741	6
4742	9
4743	12
4744	9
4745	10
4746	19
4747	9
4748	4
4749	9
4750	6
4751	11
4752	7
4753	8
4754	7
4755	12
4756	8
4757	9
4758	12
4759	8
4760	5
4761	6
4762	6
4763	5
4764	11
4765	10
4766	6
4767	7
4768	6
4769	12
4770	7
4771	12
4772	12
4773	10
4774	14
4775	6
4776	3
4777	10
4778	8
4779	10
4780	7
4781	5
4782	14
4783	7
4784	9
4785	8
4786	8
4787	12
4788	9
4789	7
4790	9
4791	9
4792	8
4793	8
4794	7
4795	1
4796	8
4797	7
4798	4
4799	7
4800	13
4801	7
4802	5
4803	6
4804	13
4805	10
4806	5
4807	5
4808	8
4809	8
4810	4
4811	8
4812	7
4813	5
4814	5
4815	2
4816	9
4817	4
4818	8
4819	8
4820	6
4821	10
4822	7
4823	7
4824	7
4825	9
4826	6
4827	7
4828	7
4829	7
4830	4
4831	8
4832	9
4833	4
4834	5
4835	9
4836	5
4837	6
4838	4
4839	5
4840	6
4841	5
4842	7
4843	11
4844	7
4845	5
4846	15
4847	6
4848	5
4849	3
4850	6
4851	6
4852	7
4853	5
4854	9
4855	4
4856	6
4857	2
4858	6
4859	13
4860	3
4861	8
4862	6
4863	3
4864	7
4865	5
4866	4
4867	4
4868	2
4869	6
4870	4
4871	3
4872	4
4873	5
4874	3
4875	0
4876	5
4877	6
4878	4
4879	7
4880	6
4881	4
4882	0
4883	2
4884	3
4885	2
4886	8
4887	3
4888	4
4889	7
4890	6
4891	1
4892	5
4893	4
4894	5
4895	6
4896	2
4897	4
4898	2
4899	3
4900	3
4901	2
4902	5
4903	3
4904	2
4905	4
4906	6
4907	3
4908	2
4909	3
4910	2
4911	5
4912	6
4913	3
4914	1
4915	4
4916	1
4917	6
4918	7
4919	5
4920	2
4921	3
4922	13
4923	5
4924	3
4925	6
4926	4
4927	7
4928	3
4929	3
4930	3
4931	4
4932	3
4933	4
4934	6
4935	6
4936	8
4937	5
4938	2
4939	1
4940	3
4941	1
4942	3
4943	3
4944	3
4945	3
4946	2
4947	1
4948	1
4949	1
4950	0
4951	3
4952	1
4953	7
4954	1
4955	1
4956	4
4957	1
4958	2
4959	1
4960	2
4961	2
4962	3
4963	1
4964	3
4965	2
4966	2
4967	1
4968	3
4969	2
4970	5
4971	0
4972	3
4973	4
4974	0
4975	3
4976	3
4977	2
4978	1
4979	0
4980	0
4981	0
4982	0
4983	0
4984	2
4985	2
4986	1
4987	1
4988	2
4989	0
4990	1
4991	5
4992	1
4993	4
4994	4
4995	1
4996	3
4997	1
4998	1
4999	2
5000	1
5001	0
5002	3
5003	3
5004	3
5005	2
5006	1
5007	0
5008	0
5009	1
5010	0
5011	3
5012	1
5013	1
5014	2
5015	4
5016	2
5017	1
5018	1
5019	1
5020	4
5021	0
5022	2
5023	2
5024	0
5025	0
5026	0
5027	1
5028	0
5029	1
5030	3
5031	1
5032	1
5033	0
5034	1
5035	1
5036	0
5037	2
5038	2
5039	2
5040	1
5041	1
5042	1
5043	4
5044	0
5045	1
5046	0
5047	6
5048	0
5049	1
5050	2
5051	2
5052	0
5053	0
5054	1
5055	3
5056	1
5057	0
5058	1
5059	2
5060	0
5061	2
5062	1
5063	0
5064	0
5065	1
5066	0
5067	1
5068	1
5069	1
5070	0
5071	0
5072	0
5073	0
5074	0
5075	1
5076	3
5077	0
5078	1
5079	1
5080	1
5081	1
5082	0
5083	0
5084	1
5085	1
5086	0
5087	0
5088	0
5089	1
5090	1
5091	3
5092	2
5093	0
5094	2
5095	1
5096	1
5097	2
5098	0
5099	2
5100	0
5101	2
5102	2
5103	0
5104	0
5105	0
5106	0
5107	1
5108	1
5109	0
5110	1
5111	0
5112	1
5113	0
5114	3
5115	0
5116	1
5117	0
5118	0
5119	1
5120	0
5121	1
5122	1
5123	0
5124	0
5125	0
5126	0
5127	0
5128	0
5129	0
5130	0
5131	1
5132	1
5133	0
5134	0
5135	0
5136	0
5137	0
5138	1
5139	0
5140	0
5141	1
5142	1
5143	0
5144	0
5145	2
5146	0
5147	2
5148	0
5149	0
5150	1
5151	0
5152	0
5153	1
5154	0
5155	2
5156	0
5157	1
5158	1
5159	0
5160	1
5161	1
5162	0
5163	1
5164	1
5165	2
5166	1
5167	2
5168	1
5169	0
5170	1
5171	0
5172	0
5173	1
5174	0
5175	0
5176	0
5177	1
5178	0
5179	0
5180	0
5181	1
5182	1
5183	0
5184	0
5185	0
5186	0
5187	0
5188	1
5189	0
5190	1
5191	0
5192	1
5193	1
5194	1
5195	0
5196	0
5197	2
5198	1
5199	1
5200	1
5201	0
5202	0
5203	0
5204	0
5205	0
5206	1
5207	0
5208	0
5209	0
5210	0
5211	0
5212	0
5213	0
5214	3
5215	0
5216	0
5217	0
5218	1
5219	0
5220	0
5221	0
5222	0
5223	0
5224	1
5225	1
5226	2
5227	1
5228	0
5229	1
5230	0
5231	3
5232	0
5233	0
5234	0
5235	2
5236	1
5237	0
5238	0
5239	0
5240	1
5241	0
5242	1
5243	1
5244	0
5245	2
5246	0
5247	2
5248	0
5249	0
5250	0
5251	0
5252	1
5253	1
5254	0
5255	1
5256	0
5257	0
5258	0
5259	0
5260	1
5261	0
5262	1
5263	0
5264	0
5265	0
5266	0
5267	0
5268	0
5269	1
5270	1
5271	1
5272	0
5273	0
5274	1
5275	2
5276	1
5277	1
5278	0
5279	0
5280	0
5281	0
5282	1
5283	0
5284	0
5285	0
5286	0
5287	1
5288	1
5289	0
5290	0
5291	1
5292	0
5293	0
5294	1
5295	3
5296	0
5297	0
5298	0
5299	0
5300	1
5301	0
5302	0
5303	3
5304	1
5305	0
5306	1
5307	5
5308	0
5309	0
5310	0
5311	1
5312	0
5313	0
5314	1
5315	0
5316	1
5317	1
5318	0
5319	1
5320	0
5321	0
5322	0
5323	1
5324	0
5325	0
5326	2
5327	0
5328	1
5329	0
5330	0
5331	0
5332	1
5333	0
5334	1
5335	0
5336	0
5337	0
5338	2
5339	0
5340	1
5341	0
5342	0
5343	0
5344	0
5345	0
5346	0
5347	0
5348	1
5349	1
5350	0
5351	0
5352	0
5353	1
5354	0
5355	1
5356	0
5357	0
5358	2
5359	0
5360	0
5361	0
5362	0
5363	1
5364	0
5365	1
5366	0
5367	1
5368	1
5369	0
5370	0
5371	1
5372	1
5373	1
5374	2
5375	1
5376	0
5377	0
5378	0
5379	0
5380	0
5381	0
5382	0
5383	1
5384	0
5385	0
5386	1
5387	0
5388	0
5389	0
5390	1
5391	1
5392	1
5393	0
5394	1
5395	1
5396	1
5397	0
5398	1
5399	2
5400	0
5401	0
5402	1
5403	1
5404	0
5405	2
5406	0
5407	0
5408	0
5409	1
5410	1
5411	0
5412	2
5413	1
5414	1
5415	0
5416	0
5417	0
5418	0
5419	0
5420	0
5421	1
5422	1
5423	0
5424	2
5425	0
5426	0
5427	0
5428	1
5429	0
5430	0
5431	0
5432	2
5433	2
5434	0
5435	0
5436	1
5437	0
5438	0
5439	1
5440	0
5441	0
5442	0
5443	0
5444	1
5445	0
5446	0
5447	0
5448	1
5449	2
5450	2
5451	0
5452	1
5453	1
5454	0
5455	0
5456	1
5457	0
5458	2
5459	2
5460	0
5461	1
5462	0
5463	0
5464	0
5465	0
5466	0
5467	0
5468	0
5469	0
5470	0
5471	1
5472	2
5473	0
5474	2
5475	0
5476	1
5477	1
5478	0
5479	1
5480	1
5481	0
5482	0
5483	0
5484	0
5485	0
5486	0
5487	0
5488	1
5489	0
5490	1
5491	0
5492	0
5493	0
5494	0
5495	1
5496	3
5497	1
5498	2
5499	0
5500	2
5501	0
5502	0
5503	1
5504	0
5505	0
5506	1
5507	0
5508	1
5509	2
5510	1
5511	0
5512	0
5513	1
5514	1
5515	0
5516	0
5517	1
5518	0
5519	0
5520	0
5521	0
5522	1
5523	1
5524	0
5525	1
5526	1
5527	1
5528	0
5529	0
5530	0
5531	1
5532	0
5533	0
5534	0
5535	0
5536	1
5537	1
5538	0
5539	0
5540	1
5541	0
5542	0
5543	0
5544	0
5545	0
5546	0
5547	0
5548	0
5549	0
5550	1
5551	0
5552	1
5553	1
5554	1
5555	0
5556	1
5557	0
5558	1
5559	2
5560	0
5561	2
5562	2
5563	0
5564	0
5565	0
5566	0
5567	1
5568	0
5569	0
5570	0
5571	0
5572	1
5573	1
5574	1
5575	0
5576	0
5577	0
5578	0
5579	0
5580	3
5581	3
5582	0
5583	1
5584	1
5585	1
5586	0
5587	1
5588	0
5589	0
5590	1
5591	1
5592	0
5593	0
5594	0
5595	0
5596	1
5597	1
5598	1
5599	1
5600	0
5601	1
5602	0
5603	0
5604	0
5605	1
5606	0
5607	0
5608	0
5609	1
5610	0
5611	0
5612	0
5613	1
5614	0
5615	1
5616	1
5617	0
5618	1
5619	0
5620	1
5621	1
5622	2
5623	1
5624	0
5625	0
5626	0
5627	0
5628	0
5629	1
5630	0
5631	0
5632	1
5633	2
5634	0
5635	0
5636	2
5637	0
5638	0
5639	1
5640	1
5641	0
5642	0
5643	0
5644	1
5645	1
5646	0
5647	1
5648	0
5649	0
5650	3
5651	0
5652	0
5653	0
5654	2
5655	3
5656	0
5657	0
5658	2
5659	1
5660	0
5661	0
5662	0
5663	1
5664	0
5665	1
5666	0
5667	0
5668	0
5669	0
5670	2
5671	0
5672	0
5673	0
5674	1
5675	0
5676	0
5677	0
5678	0
5679	1
5680	0
5681	1
5682	1
5683	1
5684	0
5685	0
5686	2
5687	1
5688	0
5689	1
5690	0
5691	0
5692	0
5693	2
5694	1
5695	0
5696	0
5697	3
5698	1
5699	0
5700	1
5701	0
5702	2
5703	0
5704	3
5705	0
5706	0
5707	0
5708	0
5709	2
5710	1
5711	0
5712	2
5713	0
5714	0
5715	0
5716	0
5717	1
5718	0
5719	0
5720	2
5721	0
5722	0
5723	0
5724	0
5725	1
5726	0
5727	2
5728	0
5729	1
5730	1
5731	1
5732	0
5733	0
5734	1
5735	0
5736	0
5737	0
5738	0
5739	0
5740	0
5741	0
5742	0
5743	0
5744	1
5745	0
5746	1
5747	0
5748	1
5749	0
5750	0
5751	1
5752	1
5753	0
5754	1
5755	0
5756	2
5757	0
5758	1
5759	1
5760	0
5761	0
5762	0
5763	0
5764	1
5765	0
5766	1
5767	0
5768	0
5769	0
5770	0
5771	1
5772	0
5773	1
5774	1
5775	0
5776	0
5777	0
5778	1
5779	0
5780	1
5781	1
5782	1
5783	1
5784	1
5785	0
5786	1
5787	1
5788	1
5789	1
5790	0
5791	0
5792	3
5793	0
5794	0
5795	0
5796	0
5797	2
5798	0
5799	1
5800	1
5801	0
5802	1
5803	0
5804	1
5805	0
5806	0
5807	1
5808	0
5809	1
5810	0
5811	0
5812	0
5813	0
5814	0
5815	1
5816	1
5817	2
5818	2
5819	0
5820	1
5821	0
5822	1
5823	0
5824	0
5825	0
5826	0
5827	0
5828	0
5829	0
5830	0
5831	0
5832	0
5833	1
5834	0
5835	0
5836	0
5837	0
5838	0
5839	0
5840	1
5841	0
5842	0
5843	0
5844	0
5845	1
5846	0
5847	0
5848	0
5849	1
5850	2
5851	0
5852	0
5853	0
5854	0
5855	0
5856	1
5857	0
5858	1
5859	0
5860	2
5861	1
5862	1
5863	0
5864	0
5865	0
5866	1
5867	0
5868	3
5869	0
5870	0
5871	0
5872	0
5873	0
5874	0
5875	0
5876	0
5877	0
5878	2
5879	0
5880	0
5881	0
5882	1
5883	2
5884	0
5885	0
5886	0
5887	1
5888	0
5889	0
5890	3
5891	0
5892	2
5893	1
5894	0
5895	1
5896	1
5897	1
5898	2
5899	1
5900	1
5901	1
5902	0
5903	0
5904	0
5905	0
5906	0
5907	0
5908	1
5909	0
5910	0
5911	1
5912	0
5913	0
5914	0
5915	0
5916	1
5917	0
5918	0
5919	0
5920	0
5921	0
5922	0
5923	1
5924	0
5925	0
5926	0
5927	1
5928	0
5929	0
5930	0
5931	1
5932	0
5933	0
5934	0
5935	1
5936	0
5937	1
5938	0
5939	0
5940	0
5941	1
5942	1
5943	0
5944	0
5945	0
5946	0
5947	0
5948	1
5949	1
5950	0
5951	1
5952	0
5953	0
5954	0
5955	0
5956	0
5957	2
5958	0
5959	1
5960	0
5961	1
5962	0
5963	1
5964	0
5965	2
5966	1
5967	2
5968	0
5969	0
5970	0
5971	1
5972	0
5973	1
5974	1
5975	1
5976	0
5977	0
5978	0
5979	0
5980	1
5981	1
5982	0
5983	0
5984	0
5985	1
5986	0
5987	1
5988	1
5989	0
5990	0
5991	1
5992	1
5993	0
5994	1
5995	1
5996	0
5997	0
5998	1
5999	0
6000	0
6001	0
6002	1
6003	1
6004	0
6005	1
6006	0
6007	1
6008	0
6009	0
6010	1
6011	1
6012	0
6013	0
6014	1
6015	0
6016	1
6017	0
6018	1
6019	0
6020	0
6021	1
6022	0
6023	1
6024	0
6025	3
6026	0
6027	1
6028	0
6029	1
6030	0
6031	0
6032	0
6033	0
6034	1
6035	0
6036	0
6037	1
6038	1
6039	1
6040	0
6041	0
6042	1
6043	0
6044	0
6045	0
6046	0
6047	1
6048	0
6049	1
6050	0
6051	0
6052	0
6053	1
6054	0
6055	1
6056	0
6057	0
6058	1
6059	0
6060	0
6061	1
6062	0
6063	1
6064	1
6065	0
6066	1
6067	0
6068	0
6069	1
6070	1
6071	0
6072	1
6073	1
6074	0
6075	0
6076	4
6077	0
6078	0
6079	0
6080	0
6081	0
6082	1
6083	0
6084	1
6085	1
6086	0
6087	0
6088	0
6089	1
6090	0
6091	0
6092	0
6093	1
6094	0
6095	0
6096	1
6097	0
6098	1
6099	1
6100	0
6101	0
6102	1
6103	0
6104	1
6105	0
6106	1
6107	0
6108	0
6109	1
6110	0
6111	0
6112	0
6113	2
6114	0
6115	0
6116	0
6117	1
6118	1
6119	0
6120	1
6121	0
6122	0
6123	0
6124	1
6125	0
6126	0
6127	1
6128	1
6129	0
6130	2
6131	0
6132	0
6133	1
6134	0
6135	0
6136	0
6137	1
6138	1
6139	0
6140	0
6141	0
6142	0
6143	0
6144	0
6145	0
6146	0
6147	0
6148	0
6149	0
6150	0
6151	2
6152	0
6153	0
6154	0
6155	0
6156	1
6157	1
6158	1
6159	0
6160	0
6161	0
6162	0
6163	1
6164	0
6165	0
6166	0
6167	0
6168	1
6169	1
6170	0
6171	0
6172	0
6173	0
6174	1
6175	1
6176	1
6177	2
6178	1
6179	0
6180	1
6181	1
6182	0
6183	1
6184	0
6185	0
6186	0
6187	0
6188	1
6189	0
6190	0
6191	0
6192	2
6193	0
6194	1
6195	0
6196	1
6197	1
6198	0
6199	0
6200	0
6201	0
6202	0
6203	1
6204	0
6205	0
6206	2
6207	0
6208	0
6209	0
6210	1
6211	0
6212	0
6213	0
6214	2
6215	1
6216	0
6217	0
6218	1
6219	0
6220	0
6221	1
6222	0
6223	0
6224	0
6225	1
6226	0
6227	1
6228	0
6229	1
6230	1
6231	1
6232	2
6233	0
6234	0
6235	2
6236	1
6237	1
6238	1
6239	0
6240	2
6241	0
6242	0
6243	0
6244	1
6245	0
6246	0
6247	0
6248	0
6249	0
6250	0
6251	0
6252	2
6253	0
6254	1
6255	1
6256	0
6257	0
6258	0
6259	0
6260	0
6261	0
6262	0
6263	1
6264	0
6265	0
6266	0
6267	1
6268	0
6269	0
6270	0
6271	0
6272	2
6273	0
6274	0
6275	0
6276	0
6277	1
6278	0
6279	1
6280	1
6281	0
6282	1
6283	0
6284	0
6285	1
6286	1
6287	0
6288	0
6289	1
6290	2
6291	0
6292	1
6293	1
6294	0
6295	1
6296	0
6297	0
6298	0
6299	0
6300	0
6301	2
6302	0
6303	0
6304	0
6305	1
6306	0
6307	0
6308	2
6309	1
6310	0
6311	0
6312	0
6313	0
6314	2
6315	0
6316	2
6317	0
6318	0
6319	0
6320	0
6321	0
6322	0
6323	0
6324	1
6325	0
6326	0
6327	0
6328	1
6329	1
6330	0
6331	0
6332	0
6333	0
6334	0
6335	0
6336	0
6337	0
6338	1
6339	1
6340	0
6341	0
6342	0
6343	0
6344	0
6345	0
6346	0
6347	0
6348	0
6349	0
6350	0
6351	1
6352	0
6353	0
6354	0
6355	0
6356	0
6357	0
6358	0
6359	1
6360	0
6361	0
6362	0
6363	0
6364	0
6365	1
6366	1
6367	0
6368	0
6369	0
6370	1
6371	0
6372	0
6373	0
6374	1
6375	0
6376	0
6377	0
6378	1
6379	0
6380	0
6381	0
6382	0
6383	1
6384	0
6385	0
6386	0
6387	0
6388	0
6389	0
6390	0
6391	1
6392	0
6393	0
6394	0
6395	1
6396	0
6397	0
6398	0
6399	1
6400	0
6401	2
6402	0
6403	0
6404	0
6405	1
6406	0
6407	2
6408	0
6409	1
6410	1
6411	0
6412	1
6413	3
6414	0
6415	1
6416	0
6417	0
6418	2
6419	0
6420	0
6421	1
6422	1
6423	0
6424	0
6425	1
6426	0
6427	0
6428	0
6429	1
6430	1
6431	0
6432	1
6433	0
6434	0
6435	1
6436	1
6437	0
6438	1
6439	0
6440	1
6441	0
6442	1
6443	2
6444	2
6445	0
6446	0
6447	0
6448	0
6449	0
6450	1
6451	2
6452	0
6453	0
6454	0
6455	0
6456	0
6457	1
6458	1
6459	0
6460	0
6461	0
6462	0
6463	0
6464	0
6465	0
6466	1
6467	4
6468	0
6469	0
6470	0
6471	1
6472	1
6473	1
6474	0
6475	2
6476	0
6477	1
6478	0
6479	0
6480	0
6481	1
6482	0
6483	2
6484	1
6485	0
6486	1
6487	0
6488	1
6489	0
6490	0
6491	0
6492	1
6493	0
6494	1
6495	0
6496	0
6497	0
6498	1
6499	1
6500	1
6501	0
6502	2
6503	1
6504	0
6505	0
6506	0
6507	1
6508	1
6509	1
6510	0
6511	0
6512	2
6513	1
6514	0
6515	1
6516	0
6517	1
6518	1
6519	0
6520	0
6521	1
6522	1
6523	1
6524	0
6525	0
6526	0
6527	0
6528	0
6529	1
6530	3
6531	0
6532	1
6533	1
6534	0
6535	1
6536	1
6537	0
6538	2
6539	1
6540	1
6541	1
6542	0
6543	0
6544	1
6545	0
6546	1
6547	2
6548	0
6549	0
6550	1
6551	0
6552	0
6553	0
6554	0
6555	1
6556	1
6557	1
6558	0
6559	3
6560	0
6561	1
6562	2
6563	0
6564	0
6565	0
6566	0
6567	0
6568	0
6569	0
6570	0
6571	1
6572	1
6573	0
6574	2
6575	1
6576	1
6577	0
6578	0
6579	0
6580	0
6581	0
6582	1
6583	0
6584	0
6585	1
6586	0
6587	0
6588	0
6589	0
6590	0
6591	0
6592	0
6593	1
6594	0
6595	0
6596	0
6597	1
6598	0
6599	0
6600	0
6601	1
6602	0
6603	0
6604	0
6605	0
6606	1
6607	0
6608	0
6609	0
6610	0
6611	1
6612	1
6613	1
6614	1
6615	0
6616	2
6617	0
6618	1
6619	2
6620	0
6621	1
6622	2
6623	1
6624	1
6625	0
6626	0
6627	1
6628	0
6629	1
6630	0
6631	1
6632	1
6633	0
6634	0
6635	0
6636	0
6637	1
6638	0
6639	0
6640	1
6641	2
6642	0
6643	1
6644	1
6645	1
6646	0
6647	1
6648	0
6649	1
6650	0
6651	1
6652	0
6653	0
6654	0
6655	0
6656	0
6657	0
6658	0
6659	1
6660	0
6661	2
6662	0
6663	0
6664	0
6665	1
6666	1
6667	1
6668	0
6669	0
6670	2
6671	1
6672	0
6673	1
6674	0
6675	0
6676	0
6677	3
6678	1
6679	1
6680	2
6681	1
6682	1
6683	1
6684	0
6685	0
6686	0
6687	1
6688	0
6689	0
6690	0
6691	0
6692	0
6693	0
6694	0
6695	0
6696	0
6697	0
6698	1
6699	1
6700	0
6701	1
6702	1
6703	2
6704	0
6705	1
6706	0
6707	0
6708	0
6709	0
6710	0
6711	1
6712	0
6713	0
6714	0
6715	1
6716	0
6717	0
6718	1
6719	0
6720	1
6721	2
6722	1
6723	1
6724	0
6725	0
6726	0
6727	1
6728	0
6729	0
6730	0
6731	0
6732	1
6733	1
6734	1
6735	0
6736	1
6737	0
6738	0
6739	0
6740	0
6741	0
6742	1
6743	0
6744	2
6745	1
6746	1
6747	0
6748	1
6749	0
6750	1
6751	1
6752	2
6753	0
6754	1
6755	0
6756	0
6757	0
6758	1
6759	0
6760	1
6761	0
6762	0
6763	1
6764	0
6765	0
6766	1
6767	0
6768	1
6769	0
6770	0
6771	1
6772	0
6773	1
6774	2
6775	0
6776	2
6777	0
6778	0
6779	0
6780	0
6781	0
6782	1
6783	0
6784	0
6785	0
6786	0
6787	0
6788	0
6789	1
6790	1
6791	2
6792	0
6793	0
6794	0
6795	0
6796	0
6797	1
6798	2
6799	1
6800	0
6801	0
6802	0
6803	1
6804	0
6805	0
6806	0
6807	0
6808	1
6809	0
6810	1
6811	0
6812	0
6813	0
6814	0
6815	0
6816	0
6817	0
6818	0
6819	1
6820	0
6821	0
6822	2
6823	0
6824	0
6825	0
6826	0
6827	0
6828	1
6829	1
6830	0
6831	0
6832	1
6833	0
6834	0
6835	0
6836	1
6837	0
6838	1
6839	0
6840	0
6841	0
6842	0
6843	0
6844	0
6845	1
6846	1
6847	0
6848	0
6849	0
6850	0
6851	0
6852	0
6853	0
6854	0
6855	0
6856	1
6857	1
6858	1
6859	0
6860	1
6861	0
6862	0
6863	0
6864	0
6865	0
6866	3
6867	1
6868	0
6869	0
6870	1
6871	0
6872	0
6873	0
6874	0
6875	1
6876	0
6877	0
6878	1
6879	1
6880	0
6881	2
6882	1
6883	0
6884	1
6885	0
6886	3
6887	1
6888	0
6889	0
6890	1
6891	1
6892	0
6893	1
6894	3
6895	0
6896	0
6897	0
6898	0
6899	0
6900	0
6901	0
6902	0
6903	1
6904	0
6905	0
6906	0
6907	0
6908	2
6909	1
6910	0
6911	0
6912	1
6913	0
6914	0
6915	0
6916	0
6917	1
6918	0
6919	1
6920	0
6921	0
6922	1
6923	0
6924	0
6925	1
6926	1
6927	0
6928	0
6929	0
6930	0
6931	1
6932	0
6933	0
6934	0
6935	0
6936	0
6937	0
6938	0
6939	0
6940	0
6941	0
6942	2
6943	1
6944	0
6945	3
6946	1
6947	2
6948	0
6949	0
6950	0
6951	1
6952	0
6953	1
6954	1
6955	0
6956	0
6957	0
6958	0
6959	0
6960	1
6961	0
6962	0
6963	0
6964	1
6965	0
6966	1
6967	0
6968	2
6969	0
6970	1
6971	0
6972	2
6973	2
6974	0
6975	1
6976	0
6977	0
6978	0
6979	0
6980	2
6981	0
6982	1
6983	0
6984	1
6985	0
6986	0
6987	0
6988	0
6989	0
6990	0
6991	0
6992	0
6993	0
6994	0
6995	0
6996	0
6997	0
6998	0
6999	0
7000	0
7001	0
7002	0
7003	0
7004	0
7005	2
7006	0
7007	0
7008	0
7009	0
7010	1
7011	0
7012	2
7013	0
7014	0
7015	0
7016	0
7017	1
7018	0
7019	0
7020	0
7021	0
7022	1
7023	0
7024	0
7025	0
7026	1
7027	0
7028	0
7029	0
7030	0
7031	0
7032	0
7033	1
7034	1
7035	0
7036	0
7037	0
7038	1
7039	0
7040	2
7041	1
7042	0
7043	0
7044	0
7045	1
7046	1
7047	1
7048	0
7049	0
7050	0
7051	0
7052	0
7053	0
7054	0
7055	2
7056	0
7057	0
7058	0
7059	0
7060	1
7061	1
7062	1
7063	0
7064	1
7065	0
7066	1
7067	0
7068	1
7069	0
7070	0
7071	0
7072	0
7073	1
7074	0
7075	1
7076	0
7077	1
7078	0
7079	1
7080	1
7081	1
7082	0
7083	0
7084	0
7085	1
7086	0
7087	0
7088	0
7089	0
7090	0
7091	1
7092	0
7093	0
7094	1
7095	0
7096	0
7097	0
7098	0
7099	0
7100	0
7101	0
7102	3
7103	0
7104	2
7105	0
7106	0
7107	0
7108	0
7109	0
7110	0
7111	1
7112	0
7113	0
7114	1
7115	0
7116	0
7117	0
7118	0
7119	0
7120	0
7121	1
7122	1
7123	0
7124	0
7125	0
7126	0
7127	0
7128	0
7129	0
7130	0
7131	0
7132	1
7133	1
7134	0
7135	0
7136	0
7137	0
7138	0
7139	1
7140	0
7141	0
7142	1
7143	3
7144	2
7145	0
7146	0
7147	0
7148	2
7149	0
7150	0
7151	0
7152	0
7153	0
7154	0
7155	0
7156	0
7157	0
7158	0
7159	0
7160	3
7161	0
7162	0
7163	1
7164	0
7165	0
7166	0
7167	0
7168	0
7169	0
7170	1
7171	0
7172	0
7173	0
7174	0
7175	1
7176	1
7177	0
7178	1
7179	1
7180	1
7181	0
7182	0
7183	1
7184	0
7185	0
7186	1
7187	0
7188	0
7189	0
7190	0
7191	1
7192	0
7193	0
7194	0
7195	1
7196	0
7197	0
7198	0
7199	0
7200	1
7201	0
7202	0
7203	0
7204	0
7205	0
7206	0
7207	0
7208	0
7209	0
7210	0
7211	0
7212	1
7213	0
7214	0
7215	1
7216	0
7217	0
7218	0
7219	1
7220	0
7221	0
7222	1
7223	0
7224	0
7225	0
7226	0
7227	0
7228	1
7229	0
7230	1
7231	0
7232	1
7233	0
7234	0
7235	0
7236	1
7237	0
7238	0
7239	0
7240	0
7241	0
7242	0
7243	0
7244	1
7245	0
7246	1
7247	1
7248	1
7249	0
7250	0
7251	1
7252	0
7253	1
7254	1
7255	1
7256	0
7257	1
7258	0
7259	1
7260	0
7261	0
7262	0
7263	0
7264	0
7265	2
7266	1
7267	1
7268	0
7269	0
7270	1
7271	1
7272	0
7273	0
7274	0
7275	0
7276	1
7277	1
7278	0
7279	0
7280	0
7281	0
7282	0
7283	0
7284	0
7285	0
7286	0
7287	0
7288	0
7289	0
7290	0
7291	0
7292	0
7293	0
7294	0
7295	0
7296	2
7297	2
7298	0
7299	0
7300	1
7301	0
7302	1
7303	1
7304	1
7305	0
7306	0
7307	0
7308	0
7309	0
7310	1
7311	0
7312	0
7313	0
7314	0
7315	0
7316	0
7317	0
7318	0
7319	1
7320	0
7321	1
7322	0
7323	1
7324	0
7325	0
7326	0
7327	0
7328	0
7329	1
7330	1
7331	1
7332	1
7333	0
7334	1
7335	1
7336	0
7337	0
7338	0
7339	0
7340	0
7341	0
7342	1
7343	0
7344	2
7345	0
7346	0
7347	0
7348	0
7349	1
7350	0
7351	0
7352	1
7353	0
7354	0
7355	1
7356	0
7357	0
7358	0
7359	0
7360	0
7361	1
7362	2
7363	0
7364	0
7365	0
7366	0
7367	0
7368	0
7369	0
7370	0
7371	0
7372	0
7373	1
7374	0
7375	0
7376	1
7377	0
7378	1
7379	0
7380	0
7381	0
7382	0
7383	0
7384	0
7385	0
7386	0
7387	0
7388	0
7389	0
7390	0
7391	1
7392	0
7393	1
7394	0
7395	0
7396	1
7397	0
7398	0
7399	1
7400	0
7401	2
7402	0
7403	0
7404	0
7405	0
7406	1
7407	0
7408	2
7409	0
7410	0
7411	0
7412	0
7413	1
7414	0
7415	0
7416	0
7417	0
7418	0
7419	0
7420	0
7421	0
7422	0
7423	0
7424	1
7425	0
7426	0
7427	0
7428	0
7429	1
7430	0
7431	0
7432	0
7433	1
7434	0
7435	1
7436	0
7437	0
7438	0
7439	1
7440	0
7441	0
7442	1
7443	0
7444	0
7445	0
7446	0
7447	0
7448	0
7449	2
7450	0
7451	0
7452	0
7453	0
7454	1
7455	0
7456	2
7457	0
7458	0
7459	0
7460	0
7461	0
7462	0
7463	2
7464	1
7465	0
7466	0
7467	0
7468	0
7469	1
7470	0
7471	0
7472	1
7473	0
7474	0
7475	1
7476	0
7477	1
7478	0
7479	0
7480	0
7481	0
7482	1
7483	0
7484	1
7485	0
7486	0
7487	0
7488	2
7489	1
7490	0
7491	1
7492	1
7493	0
7494	0
7495	1
7496	2
7497	1
7498	0
7499	0
7500	1
7501	0
7502	0
7503	0
7504	0
7505	0
7506	0
7507	1
7508	0
7509	1
7510	2
7511	0
7512	0
7513	0
7514	0
7515	0
7516	0
7517	0
7518	0
7519	0
7520	0
7521	0
7522	0
7523	0
7524	0
7525	0
7526	0
7527	0
7528	0
7529	0
7530	1
7531	0
7532	1
7533	0
7534	0
7535	0
7536	0
7537	0
7538	0
7539	0
7540	0
7541	0
7542	1
7543	0
7544	1
7545	0
7546	0
7547	1
7548	0
7549	1
7550	0
7551	1
7552	1
7553	1
7554	0
7555	0
7556	0
7557	0
7558	1
7559	0
7560	0
7561	0
7562	0
7563	0
7564	1
7565	0
7566	0
7567	0
7568	0
7569	0
7570	0
7571	0
7572	0
7573	1
7574	2
7575	1
7576	0
7577	0
7578	0
7579	0
7580	0
7581	0
7582	0
7583	0
7584	0
7585	1
7586	0
7587	0
7588	0
7589	0
7590	0
7591	0
7592	0
7593	0
7594	0
7595	0
7596	0
7597	0
7598	0
7599	1
7600	0
7601	0
7602	0
7603	0
7604	0
7605	0
7606	0
7607	1
7608	0
7609	1
7610	0
7611	1
7612	0
7613	0
7614	0
7615	0
7616	1
7617	0
7618	0
7619	3
7620	0
7621	0
7622	0
7623	0
7624	0
7625	1
7626	0
7627	0
7628	1
7629	2
7630	1
7631	1
7632	1
7633	0
7634	0
7635	1
7636	0
7637	0
7638	0
7639	0
7640	0
7641	0
7642	0
7643	0
7644	0
7645	0
7646	1
7647	1
7648	1
7649	0
7650	0
7651	1
7652	0
7653	0
7654	0
7655	0
7656	0
7657	0
7658	0
7659	0
7660	0
7661	0
7662	0
7663	0
7664	0
7665	0
7666	0
7667	1
7668	0
7669	0
7670	0
7671	1
7672	0
7673	1
7674	0
7675	0
7676	1
7677	0
7678	0
7679	0
7680	0
7681	1
7682	0
7683	0
7684	0
7685	0
7686	0
7687	0
7688	1
7689	1
7690	1
7691	0
7692	0
7693	0
7694	0
7695	0
7696	1
7697	1
7698	1
7699	0
7700	0
7701	1
7702	1
7703	0
7704	0
7705	0
7706	0
7707	0
7708	0
7709	0
7710	0
7711	0
7712	0
7713	0
7714	0
7715	0
7716	0
7717	0
7718	0
7719	0
7720	1
7721	0
7722	0
7723	0
7724	1
7725	1
7726	0
7727	0
7728	0
7729	0
7730	0
7731	1
7732	1
7733	3
7734	1
7735	0
7736	0
7737	1
7738	0
7739	0
7740	0
7741	0
7742	0
7743	0
7744	0
7745	0
7746	0
7747	1
7748	0
7749	0
7750	1
7751	1
7752	1
7753	2
7754	0
7755	0
7756	0
7757	1
7758	0
7759	0
7760	1
7761	0
7762	0
7763	1
7764	0
7765	0
7766	0
7767	0
7768	1
7769	0
7770	0
7771	0
7772	2
7773	0
7774	0
7775	0
7776	1
7777	0
7778	0
7779	0
7780	0
7781	0
7782	0
7783	0
7784	0
7785	0
7786	0
7787	0
7788	0
7789	1
7790	1
7791	0
7792	0
7793	1
7794	0
7795	0
7796	0
7797	0
7798	0
7799	0
7800	0
7801	0
7802	0
7803	2
7804	0
7805	0
7806	0
7807	0
7808	0
7809	0
7810	0
7811	1
7812	0
7813	0
7814	1
7815	0
7816	2
7817	0
7818	0
7819	0
7820	0
7821	0
7822	2
7823	0
7824	0
7825	0
7826	0
7827	0
7828	0
7829	2
7830	1
7831	0
7832	3
7833	0
7834	0
7835	0
7836	0
7837	2
7838	0
7839	1
7840	0
7841	0
7842	0
7843	1
7844	0
7845	0
7846	1
7847	1
7848	0
7849	1
7850	0
7851	1
7852	0
7853	0
7854	0
7855	1
7856	0
7857	0
7858	0
7859	2
7860	0
7861	2
7862	0
7863	0
7864	0
7865	0
7866	0
7867	3
7868	1
7869	0
7870	1
7871	0
7872	0
7873	0
7874	1
7875	0
7876	1
7877	1
7878	0
7879	0
7880	0
7881	0
7882	0
7883	1
7884	0
7885	0
7886	0
7887	2
7888	0
7889	1
7890	0
7891	0
7892	0
7893	0
7894	0
7895	0
7896	0
7897	1
7898	0
7899	0
7900	1
7901	0
7902	0
7903	0
7904	1
7905	0
7906	1
7907	0
7908	1
7909	0
7910	0
7911	1
7912	2
7913	0
7914	1
7915	1
7916	0
7917	0
7918	0
7919	0
7920	1
7921	1
7922	0
7923	0
7924	1
7925	0
7926	1
7927	1
7928	1
7929	1
7930	0
7931	0
7932	0
7933	1
7934	1
7935	0
7936	0
7937	0
7938	0
7939	1
7940	1
7941	0
7942	0
7943	0
7944	0
7945	1
7946	1
7947	0
7948	0
7949	1
7950	0
7951	1
7952	0
7953	0
7954	1
7955	0
7956	0
7957	0
7958	2
7959	0
7960	0
7961	0
7962	0
7963	1
7964	0
7965	0
7966	0
7967	0
7968	1
7969	1
7970	0
7971	0
7972	0
7973	1
7974	0
7975	0
7976	0
7977	1
7978	0
7979	0
7980	0
7981	0
7982	2
7983	0
7984	1
7985	0
7986	0
7987	0
7988	0
7989	0
7990	0
7991	0
7992	0
7993	0
7994	1
7995	0
7996	0
7997	0
7998	1
7999	1
8000	0
8001	0
8002	0
8003	0
8004	0
8005	1
8006	0
8007	0
8008	1
8009	0
8010	0
8011	0
8012	0
8013	0
8014	1
8015	1
8016	0
8017	0
8018	0
8019	2
8020	0
8021	1
8022	0
8023	0
8024	0
8025	0
8026	0
8027	0
8028	0
8029	0
8030	0
8031	2
8032	0
8033	0
8034	1
8035	1
8036	0
8037	1
8038	0
8039	0
8040	1
8041	0
8042	0
8043	1
8044	1
8045	0
8046	1
8047	0
8048	0
8049	1
8050	0
8051	0
8052	1
8053	0
8054	1
8055	0
8056	1
8057	1
8058	0
8059	1
8060	1
8061	0
8062	1
8063	0
8064	0
8065	0
8066	0
8067	0
8068	2
8069	1
8070	0
8071	1
8072	0
8073	0
8074	1
8075	0
8076	0
8077	1
8078	0
8079	1
8080	0
8081	0
8082	0
8083	0
8084	0
8085	0
8086	0
8087	0
8088	0
8089	0
8090	0
8091	0
8092	0
8093	0
8094	0
8095	0
8096	0
8097	0
8098	0
8099	0
8100	0
8101	0
8102	0
8103	0
8104	0
8105	0
8106	0
8107	0
8108	0
8109	0
8110	0
8111	0
8112	0
8113	0
8114	0
8115	0
8116	0
8117	0
8118	0
8119	0
8120	0
8121	0
8122	0
8123	0
8124	0
8125	0
8126	0
8127	0
8128	0
8129	0
8130	0
8131	0
8132	0
8133	0
8134	0
8135	0
8136	0
8137	0
8138	0
8139	0
8140	0
8141	0
8142	0
8143	0
8144	0
8145	0
8146	0
8147	0
8148	0
8149	0
8150	0
8151	0
8152	0
8153	0
8154	0
8155	0
8156	0
8157	0
8158	0
8159	0
8160	0
8161	0
8162	0
8163	0
8164	0
8165	0
8166	0
8167	0
8168	0
8169	0
8170	0
8171	0
8172	0
8173	0
8174	0
8175	0
8176	0
8177	0
8178	0
8179	0
8180	0
8181	0
8182	0
8183	0
8184	0
8185	0
8186	0
8187	0
8188	0
8189	0
8190	0
8191	0
