0	0
1	0
2	0
3	0
4	0
5	0
6	0
7	0
8	0
9	0
10	0
11	0
12	0
13	0
14	0
15	0
16	0
17	0
18	0
19	0
20	0
21	0
22	0
23	0
24	0
25	0
26	0
27	0
28	0
29	0
30	0
31	0
32	0
33	0
34	0
35	0
36	0
37	0
38	0
39	0
40	0
41	0
42	0
43	0
44	0
45	0
46	0
47	0
48	0
49	0
50	0
51	0
52	0
53	0
54	0
55	0
56	0
57	0
58	0
59	0
60	0
61	0
62	0
63	0
64	0
65	0
66	0
67	0
68	0
69	0
70	0
71	0
72	0
73	0
74	0
75	0
76	0
77	0
78	0
79	0
80	0
81	0
82	0
83	0
84	1
85	0
86	2
87	10
88	4
89	7
90	8
91	7
92	7
93	5
94	11
95	12
96	7
97	13
98	13
99	10
100	4
101	2
102	8
103	8
104	10
105	11
106	7
107	7
108	6
109	10
110	8
111	6
112	6
113	9
114	6
115	7
116	6
117	6
118	5
119	9
120	9
121	11
122	7
123	5
124	6
125	7
126	8
127	8
128	9
129	3
130	8
131	7
132	9
133	9
134	18
135	9
136	11
137	5
138	8
139	7
140	11
141	8
142	6
143	3
144	6
145	9
146	9
147	10
148	4
149	10
150	10
151	6
152	13
153	3
154	5
155	10
156	8
157	8
158	11
159	6
160	3
161	7
162	9
163	6
164	7
165	9
166	7
167	3
168	7
169	7
170	8
171	7
172	7
173	10
174	9
175	10
176	13
177	12
178	6
179	5
180	11
181	12
182	7
183	5
184	6
185	13
186	7
187	8
188	7
189	6
190	5
191	4
192	13
193	7
194	8
195	4
196	9
197	6
198	9
199	7
200	11
201	8
202	6
203	12
204	14
205	11
206	6
207	10
208	6
209	3
210	10
211	7
212	5
213	10
214	9
215	4
216	6
217	9
218	5
219	8
220	4
221	8
222	9
223	6
224	14
225	4
226	10
227	6
228	4
229	5
230	9
231	10
232	11
233	10
234	7
235	9
236	6
237	5
238	6
239	10
240	10
241	10
242	9
243	4
244	6
245	8
246	4
247	8
248	11
249	10
250	11
251	5
252	12
253	7
254	5
255	11
256	5
257	18
258	6
259	8
260	6
261	10
262	8
263	11
264	7
265	9
266	11
267	5
268	7
269	7
270	10
271	15
272	9
273	6
274	15
275	5
276	5
277	6
278	4
279	6
280	8
281	11
282	8
283	4
284	5
285	8
286	9
287	8
288	8
289	4
290	4
291	10
292	8
293	10
294	10
295	6
296	9
297	15
298	7
299	7
300	6
301	10
302	10
303	5
304	7
305	8
306	7
307	13
308	9
309	6
310	11
311	10
312	3
313	11
314	9
315	12
316	16
317	15
318	7
319	16
320	9
321	8
322	11
323	11
324	12
325	11
326	10
327	11
328	10
329	7
330	6
331	7
332	14
333	12
334	7
335	12
336	4
337	11
338	10
339	7
340	9
341	13
342	5
343	13
344	15
345	10
346	9
347	12
348	7
349	8
350	9
351	11
352	13
353	5
354	12
355	10
356	9
357	9
358	8
359	14
360	13
361	15
362	10
363	9
364	13
365	10
366	10
367	10
368	3
369	11
370	7
371	12
372	11
373	9
374	15
375	16
376	18
377	7
378	9
379	12
380	9
381	10
382	13
383	8
384	6
385	5
386	11
387	5
388	11
389	6
390	8
391	13
392	11
393	5
394	10
395	6
396	9
397	11
398	11
399	11
400	11
401	11
402	8
403	7
404	10
405	8
406	4
407	11
408	11
409	14
410	15
411	10
412	10
413	13
414	14
415	13
416	10
417	11
418	12
419	8
420	15
421	12
422	9
423	10
424	9
425	17
426	9
427	14
428	4
429	11
430	9
431	10
432	11
433	13
434	14
435	8
436	8
437	12
438	8
439	12
440	12
441	8
442	11
443	14
444	20
445	8
446	13
447	10
448	9
449	13
450	4
451	9
452	13
453	13
454	17
455	13
456	16
457	12
458	11
459	10
460	7
461	12
462	15
463	9
464	13
465	8
466	4
467	11
468	4
469	12
470	16
471	14
472	7
473	8
474	15
475	9
476	13
477	12
478	16
479	10
480	11
481	12
482	13
483	14
484	11
485	13
486	5
487	13
488	13
489	8
490	14
491	14
492	14
493	13
494	15
495	10
496	10
497	6
498	11
499	13
500	19
501	16
502	16
503	11
504	11
505	12
506	16
507	15
508	6
509	16
510	13
511	11
512	9
513	9
514	16
515	5
516	10
517	14
518	9
519	14
520	19
521	13
522	19
523	11
524	9
525	16
526	10
527	12
528	13
529	20
530	5
531	15
532	14
533	14
534	8
535	13
536	9
537	15
538	10
539	18
540	14
541	12
542	15
543	14
544	17
545	11
546	24
547	14
548	16
549	12
550	14
551	14
552	20
553	13
554	15
555	17
556	14
557	17
558	14
559	16
560	20
561	14
562	14
563	22
564	15
565	18
566	17
567	25
568	11
569	10
570	14
571	16
572	18
573	18
574	21
575	18
576	22
577	10
578	21
579	19
580	19
581	16
582	27
583	18
584	15
585	18
586	24
587	18
588	16
589	19
590	19
591	19
592	19
593	17
594	22
595	18
596	23
597	20
598	21
599	15
600	31
601	19
602	19
603	30
604	18
605	20
606	28
607	14
608	16
609	21
610	13
611	17
612	25
613	22
614	21
615	14
616	19
617	26
618	13
619	21
620	15
621	19
622	16
623	17
624	19
625	12
626	22
627	16
628	18
629	17
630	12
631	16
632	19
633	31
634	17
635	17
636	22
637	15
638	23
639	15
640	17
641	22
642	16
643	14
644	18
645	18
646	15
647	13
648	17
649	16
650	13
651	30
652	18
653	13
654	15
655	14
656	15
657	12
658	12
659	16
660	16
661	17
662	23
663	14
664	16
665	20
666	17
667	23
668	23
669	15
670	17
671	20
672	17
673	14
674	10
675	11
676	10
677	20
678	15
679	19
680	13
681	13
682	12
683	13
684	14
685	22
686	13
687	15
688	19
689	13
690	16
691	18
692	13
693	17
694	21
695	17
696	17
697	14
698	24
699	9
700	14
701	16
702	21
703	9
704	21
705	13
706	12
707	19
708	18
709	17
710	14
711	19
712	8
713	23
714	20
715	12
716	18
717	21
718	17
719	9
720	8
721	13
722	8
723	10
724	9
725	16
726	11
727	20
728	13
729	21
730	20
731	17
732	13
733	14
734	14
735	16
736	9
737	19
738	9
739	13
740	14
741	17
742	8
743	19
744	16
745	9
746	8
747	19
748	22
749	12
750	13
751	12
752	16
753	9
754	18
755	13
756	13
757	21
758	23
759	14
760	17
761	15
762	7
763	8
764	14
765	14
766	16
767	23
768	11
769	13
770	25
771	18
772	26
773	7
774	12
775	13
776	12
777	13
778	18
779	19
780	14
781	13
782	15
783	9
784	16
785	12
786	17
787	17
788	15
789	12
790	18
791	15
792	16
793	18
794	23
795	14
796	26
797	21
798	16
799	15
800	15
801	18
802	9
803	17
804	13
805	14
806	15
807	18
808	19
809	17
810	11
811	16
812	18
813	22
814	16
815	14
816	11
817	12
818	13
819	22
820	18
821	17
822	17
823	13
824	14
825	21
826	21
827	16
828	12
829	18
830	15
831	17
832	12
833	11
834	11
835	20
836	23
837	19
838	17
839	17
840	12
841	14
842	8
843	13
844	25
845	13
846	16
847	14
848	17
849	18
850	20
851	14
852	25
853	15
854	10
855	17
856	21
857	16
858	14
859	21
860	20
861	11
862	16
863	12
864	12
865	11
866	19
867	18
868	17
869	14
870	16
871	12
872	9
873	21
874	18
875	13
876	15
877	19
878	18
879	12
880	12
881	9
882	15
883	10
884	14
885	18
886	15
887	22
888	22
889	19
890	22
891	19
892	13
893	13
894	18
895	21
896	17
897	15
898	9
899	19
900	15
901	23
902	18
903	25
904	14
905	22
906	17
907	16
908	13
909	15
910	17
911	7
912	23
913	18
914	18
915	19
916	17
917	17
918	18
919	17
920	13
921	15
922	19
923	19
924	23
925	18
926	14
927	16
928	16
929	19
930	23
931	31
932	20
933	17
934	22
935	17
936	14
937	20
938	16
939	15
940	19
941	14
942	19
943	30
944	22
945	27
946	19
947	27
948	16
949	18
950	21
951	16
952	22
953	20
954	17
955	24
956	13
957	26
958	26
959	15
960	21
961	15
962	19
963	14
964	18
965	23
966	15
967	15
968	19
969	13
970	29
971	19
972	23
973	29
974	23
975	17
976	19
977	19
978	18
979	25
980	21
981	20
982	27
983	25
984	18
985	21
986	19
987	31
988	12
989	18
990	20
991	28
992	18
993	20
994	25
995	23
996	25
997	20
998	17
999	18
1000	22
1001	20
1002	23
1003	16
1004	21
1005	18
1006	22
1007	18
1008	19
1009	28
1010	22
1011	18
1012	18
1013	18
1014	22
1015	18
1016	21
1017	24
1018	19
1019	18
1020	13
1021	19
1022	22
1023	20
1024	19
1025	21
1026	22
1027	23
1028	23
1029	30
1030	17
1031	26
1032	24
1033	15
1034	16
1035	19
1036	22
1037	24
1038	21
1039	19
1040	15
1041	25
1042	19
1043	20
1044	18
1045	36
1046	21
1047	23
1048	26
1049	13
1050	26
1051	24
1052	17
1053	21
1054	20
1055	16
1056	24
1057	21
1058	16
1059	25
1060	14
1061	28
1062	22
1063	17
1064	16
1065	23
1066	22
1067	24
1068	22
1069	14
1070	21
1071	19
1072	27
1073	12
1074	17
1075	19
1076	21
1077	15
1078	24
1079	17
1080	21
1081	21
1082	27
1083	21
1084	18
1085	29
1086	16
1087	16
1088	32
1089	22
1090	22
1091	16
1092	24
1093	22
1094	28
1095	26
1096	30
1097	24
1098	23
1099	28
1100	24
1101	20
1102	22
1103	17
1104	24
1105	20
1106	23
1107	21
1108	26
1109	24
1110	34
1111	19
1112	23
1113	17
1114	29
1115	17
1116	26
1117	19
1118	20
1119	16
1120	30
1121	15
1122	12
1123	13
1124	22
1125	21
1126	22
1127	22
1128	8
1129	25
1130	26
1131	22
1132	14
1133	26
1134	23
1135	24
1136	31
1137	24
1138	24
1139	13
1140	22
1141	30
1142	19
1143	36
1144	22
1145	22
1146	21
1147	29
1148	23
1149	20
1150	16
1151	24
1152	30
1153	28
1154	25
1155	26
1156	26
1157	23
1158	13
1159	26
1160	22
1161	27
1162	18
1163	13
1164	22
1165	21
1166	28
1167	20
1168	17
1169	21
1170	33
1171	24
1172	19
1173	20
1174	20
1175	26
1176	33
1177	26
1178	23
1179	21
1180	26
1181	21
1182	19
1183	25
1184	22
1185	26
1186	24
1187	21
1188	23
1189	24
1190	10
1191	28
1192	28
1193	18
1194	27
1195	19
1196	31
1197	31
1198	20
1199	34
1200	19
1201	19
1202	27
1203	20
1204	17
1205	28
1206	23
1207	22
1208	23
1209	35
1210	29
1211	25
1212	24
1213	33
1214	21
1215	26
1216	27
1217	31
1218	24
1219	21
1220	25
1221	22
1222	21
1223	26
1224	34
1225	22
1226	33
1227	25
1228	18
1229	23
1230	26
1231	25
1232	21
1233	32
1234	22
1235	21
1236	26
1237	29
1238	18
1239	29
1240	37
1241	23
1242	26
1243	16
1244	28
1245	17
1246	18
1247	19
1248	23
1249	27
1250	34
1251	32
1252	28
1253	29
1254	29
1255	24
1256	24
1257	26
1258	26
1259	30
1260	22
1261	15
1262	29
1263	31
1264	21
1265	32
1266	31
1267	27
1268	34
1269	27
1270	22
1271	30
1272	23
1273	28
1274	25
1275	25
1276	25
1277	20
1278	29
1279	37
1280	23
1281	21
1282	22
1283	33
1284	19
1285	30
1286	17
1287	18
1288	31
1289	34
1290	30
1291	27
1292	26
1293	31
1294	12
1295	21
1296	31
1297	35
1298	21
1299	29
1300	32
1301	30
1302	29
1303	27
1304	31
1305	20
1306	28
1307	38
1308	30
1309	24
1310	28
1311	28
1312	25
1313	31
1314	29
1315	33
1316	24
1317	18
1318	28
1319	15
1320	32
1321	23
1322	29
1323	32
1324	29
1325	22
1326	17
1327	27
1328	23
1329	34
1330	25
1331	31
1332	26
1333	28
1334	21
1335	32
1336	21
1337	41
1338	25
1339	37
1340	21
1341	32
1342	19
1343	25
1344	24
1345	32
1346	27
1347	27
1348	25
1349	23
1350	22
1351	33
1352	29
1353	24
1354	21
1355	33
1356	25
1357	24
1358	24
1359	21
1360	29
1361	21
1362	23
1363	29
1364	37
1365	37
1366	27
1367	33
1368	25
1369	35
1370	26
1371	24
1372	38
1373	24
1374	28
1375	26
1376	24
1377	25
1378	22
1379	28
1380	25
1381	32
1382	29
1383	20
1384	21
1385	19
1386	37
1387	27
1388	32
1389	28
1390	24
1391	21
1392	28
1393	31
1394	29
1395	36
1396	26
1397	26
1398	26
1399	27
1400	28
1401	32
1402	29
1403	32
1404	28
1405	35
1406	21
1407	22
1408	27
1409	27
1410	26
1411	30
1412	29
1413	26
1414	31
1415	34
1416	32
1417	25
1418	29
1419	26
1420	30
1421	33
1422	32
1423	32
1424	29
1425	30
1426	40
1427	36
1428	30
1429	26
1430	26
1431	45
1432	32
1433	33
1434	29
1435	34
1436	36
1437	32
1438	24
1439	23
1440	30
1441	32
1442	27
1443	31
1444	30
1445	34
1446	32
1447	28
1448	19
1449	39
1450	22
1451	28
1452	24
1453	25
1454	20
1455	25
1456	25
1457	27
1458	27
1459	37
1460	23
1461	33
1462	27
1463	22
1464	35
1465	33
1466	17
1467	31
1468	28
1469	29
1470	25
1471	26
1472	36
1473	21
1474	21
1475	24
1476	28
1477	23
1478	26
1479	33
1480	31
1481	28
1482	34
1483	21
1484	19
1485	19
1486	27
1487	29
1488	28
1489	32
1490	31
1491	30
1492	37
1493	27
1494	23
1495	41
1496	35
1497	36
1498	21
1499	30
1500	31
1501	25
1502	28
1503	34
1504	39
1505	27
1506	26
1507	31
1508	23
1509	29
1510	23
1511	43
1512	27
1513	31
1514	32
1515	24
1516	30
1517	35
1518	21
1519	35
1520	34
1521	39
1522	33
1523	21
1524	33
1525	26
1526	50
1527	30
1528	39
1529	26
1530	42
1531	30
1532	33
1533	39
1534	33
1535	31
1536	29
1537	42
1538	31
1539	48
1540	24
1541	37
1542	43
1543	28
1544	33
1545	42
1546	34
1547	33
1548	37
1549	29
1550	39
1551	32
1552	28
1553	30
1554	40
1555	38
1556	41
1557	40
1558	37
1559	35
1560	32
1561	36
1562	36
1563	39
1564	38
1565	31
1566	46
1567	41
1568	26
1569	41
1570	45
1571	32
1572	38
1573	40
1574	32
1575	34
1576	46
1577	41
1578	39
1579	34
1580	36
1581	29
1582	40
1583	36
1584	40
1585	43
1586	37
1587	39
1588	34
1589	43
1590	38
1591	53
1592	43
1593	40
1594	36
1595	40
1596	30
1597	28
1598	40
1599	52
1600	35
1601	41
1602	37
1603	37
1604	26
1605	40
1606	46
1607	43
1608	43
1609	39
1610	41
1611	48
1612	45
1613	24
1614	41
1615	30
1616	32
1617	45
1618	34
1619	42
1620	38
1621	32
1622	41
1623	33
1624	35
1625	46
1626	38
1627	32
1628	39
1629	32
1630	43
1631	32
1632	41
1633	43
1634	37
1635	42
1636	45
1637	38
1638	33
1639	44
1640	35
1641	33
1642	33
1643	40
1644	38
1645	28
1646	35
1647	38
1648	53
1649	37
1650	31
1651	30
1652	45
1653	32
1654	33
1655	35
1656	33
1657	31
1658	32
1659	34
1660	32
1661	29
1662	39
1663	35
1664	36
1665	27
1666	33
1667	44
1668	48
1669	38
1670	34
1671	35
1672	32
1673	38
1674	36
1675	30
1676	36
1677	24
1678	25
1679	25
1680	37
1681	27
1682	29
1683	31
1684	22
1685	34
1686	38
1687	34
1688	41
1689	25
1690	40
1691	28
1692	30
1693	27
1694	33
1695	24
1696	28
1697	28
1698	29
1699	26
1700	24
1701	29
1702	29
1703	37
1704	33
1705	22
1706	34
1707	35
1708	24
1709	24
1710	30
1711	38
1712	24
1713	23
1714	33
1715	31
1716	28
1717	29
1718	27
1719	37
1720	30
1721	28
1722	19
1723	29
1724	25
1725	28
1726	28
1727	31
1728	29
1729	26
1730	39
1731	29
1732	34
1733	24
1734	31
1735	25
1736	29
1737	30
1738	38
1739	28
1740	22
1741	28
1742	34
1743	27
1744	32
1745	26
1746	31
1747	24
1748	27
1749	26
1750	16
1751	23
1752	21
1753	32
1754	28
1755	28
1756	21
1757	22
1758	30
1759	25
1760	28
1761	23
1762	32
1763	24
1764	28
1765	28
1766	23
1767	26
1768	23
1769	18
1770	25
1771	22
1772	19
1773	18
1774	26
1775	22
1776	27
1777	19
1778	23
1779	15
1780	26
1781	32
1782	23
1783	21
1784	24
1785	23
1786	13
1787	21
1788	22
1789	17
1790	32
1791	23
1792	27
1793	26
1794	24
1795	23
1796	24
1797	23
1798	26
1799	23
1800	26
1801	18
1802	25
1803	23
1804	22
1805	18
1806	17
1807	21
1808	19
1809	22
1810	30
1811	23
1812	24
1813	28
1814	23
1815	19
1816	24
1817	23
1818	21
1819	25
1820	23
1821	15
1822	26
1823	21
1824	17
1825	26
1826	17
1827	18
1828	24
1829	17
1830	19
1831	13
1832	18
1833	26
1834	19
1835	26
1836	17
1837	22
1838	20
1839	23
1840	13
1841	29
1842	17
1843	17
1844	15
1845	26
1846	20
1847	17
1848	20
1849	16
1850	21
1851	24
1852	21
1853	14
1854	17
1855	17
1856	24
1857	16
1858	10
1859	18
1860	24
1861	24
1862	17
1863	21
1864	15
1865	17
1866	17
1867	19
1868	19
1869	21
1870	19
1871	16
1872	21
1873	27
1874	14
1875	32
1876	16
1877	12
1878	14
1879	12
1880	20
1881	23
1882	8
1883	16
1884	12
1885	20
1886	21
1887	18
1888	11
1889	14
1890	20
1891	12
1892	19
1893	18
1894	27
1895	24
1896	14
1897	15
1898	14
1899	24
1900	13
1901	10
1902	12
1903	19
1904	24
1905	22
1906	16
1907	24
1908	24
1909	18
1910	13
1911	22
1912	17
1913	25
1914	12
1915	15
1916	16
1917	18
1918	19
1919	12
1920	12
1921	10
1922	17
1923	16
1924	19
1925	19
1926	22
1927	20
1928	14
1929	14
1930	18
1931	13
1932	15
1933	13
1934	11
1935	12
1936	19
1937	16
1938	11
1939	17
1940	11
1941	14
1942	18
1943	20
1944	17
1945	18
1946	17
1947	16
1948	9
1949	20
1950	10
1951	14
1952	14
1953	21
1954	15
1955	18
1956	20
1957	21
1958	18
1959	16
1960	19
1961	21
1962	18
1963	14
1964	17
1965	18
1966	16
1967	11
1968	16
1969	26
1970	16
1971	9
1972	22
1973	21
1974	12
1975	17
1976	12
1977	13
1978	11
1979	13
1980	20
1981	12
1982	16
1983	19
1984	16
1985	8
1986	22
1987	15
1988	16
1989	11
1990	25
1991	19
1992	17
1993	14
1994	16
1995	13
1996	13
1997	15
1998	15
1999	19
2000	19
2001	19
2002	14
2003	19
2004	22
2005	13
2006	17
2007	14
2008	10
2009	9
2010	22
2011	9
2012	14
2013	16
2014	10
2015	15
2016	13
2017	20
2018	17
2019	15
2020	14
2021	15
2022	15
2023	17
2024	20
2025	15
2026	8
2027	10
2028	17
2029	15
2030	16
2031	14
2032	19
2033	16
2034	9
2035	14
2036	20
2037	25
2038	12
2039	12
2040	15
2041	16
2042	11
2043	15
2044	14
2045	10
2046	20
2047	20
2048	13
2049	15
2050	9
2051	23
2052	19
2053	9
2054	24
2055	25
2056	18
2057	20
2058	21
2059	15
2060	15
2061	16
2062	20
2063	21
2064	14
2065	10
2066	15
2067	15
2068	17
2069	18
2070	15
2071	21
2072	18
2073	16
2074	18
2075	12
2076	13
2077	19
2078	18
2079	13
2080	13
2081	13
2082	18
2083	5
2084	13
2085	13
2086	13
2087	15
2088	19
2089	21
2090	8
2091	15
2092	12
2093	13
2094	15
2095	13
2096	19
2097	13
2098	11
2099	14
2100	15
2101	13
2102	24
2103	16
2104	15
2105	9
2106	19
2107	14
2108	17
2109	16
2110	17
2111	12
2112	15
2113	14
2114	23
2115	19
2116	8
2117	20
2118	14
2119	11
2120	15
2121	9
2122	16
2123	12
2124	12
2125	16
2126	12
2127	12
2128	14
2129	10
2130	9
2131	13
2132	14
2133	16
2134	20
2135	11
2136	14
2137	16
2138	12
2139	17
2140	12
2141	9
2142	11
2143	17
2144	17
2145	12
2146	21
2147	18
2148	10
2149	13
2150	11
2151	16
2152	11
2153	25
2154	12
2155	14
2156	21
2157	14
2158	17
2159	15
2160	7
2161	14
2162	16
2163	15
2164	22
2165	12
2166	13
2167	13
2168	17
2169	12
2170	12
2171	15
2172	15
2173	16
2174	17
2175	8
2176	13
2177	16
2178	8
2179	12
2180	19
2181	11
2182	10
2183	20
2184	11
2185	18
2186	19
2187	22
2188	12
2189	10
2190	10
2191	6
2192	10
2193	11
2194	5
2195	9
2196	18
2197	14
2198	14
2199	13
2200	19
2201	10
2202	14
2203	15
2204	12
2205	15
2206	7
2207	16
2208	17
2209	13
2210	10
2211	11
2212	14
2213	16
2214	13
2215	9
2216	10
2217	14
2218	12
2219	11
2220	8
2221	13
2222	7
2223	8
2224	17
2225	13
2226	13
2227	14
2228	10
2229	10
2230	19
2231	14
2232	13
2233	21
2234	11
2235	8
2236	14
2237	15
2238	17
2239	19
2240	8
2241	10
2242	8
2243	14
2244	9
2245	20
2246	13
2247	12
2248	11
2249	8
2250	20
2251	15
2252	13
2253	22
2254	14
2255	13
2256	22
2257	15
2258	10
2259	13
2260	13
2261	9
2262	20
2263	13
2264	7
2265	9
2266	14
2267	13
2268	11
2269	14
2270	16
2271	21
2272	15
2273	18
2274	12
2275	9
2276	9
2277	8
2278	18
2279	7
2280	16
2281	14
2282	12
2283	6
2284	9
2285	10
2286	13
2287	18
2288	14
2289	12
2290	9
2291	10
2292	8
2293	13
2294	16
2295	17
2296	9
2297	16
2298	11
2299	6
2300	9
2301	15
2302	10
2303	16
2304	8
2305	13
2306	12
2307	13
2308	12
2309	16
2310	8
2311	11
2312	12
2313	12
2314	9
2315	19
2316	10
2317	17
2318	12
2319	6
2320	16
2321	15
2322	9
2323	14
2324	17
2325	13
2326	12
2327	15
2328	17
2329	11
2330	13
2331	16
2332	13
2333	19
2334	11
2335	14
2336	9
2337	11
2338	11
2339	8
2340	14
2341	12
2342	9
2343	13
2344	13
2345	10
2346	11
2347	9
2348	12
2349	13
2350	11
2351	14
2352	8
2353	9
2354	9
2355	13
2356	16
2357	13
2358	13
2359	7
2360	9
2361	9
2362	11
2363	16
2364	9
2365	7
2366	15
2367	14
2368	9
2369	4
2370	13
2371	10
2372	15
2373	15
2374	11
2375	15
2376	12
2377	13
2378	7
2379	11
2380	17
2381	11
2382	12
2383	10
2384	11
2385	10
2386	12
2387	14
2388	12
2389	24
2390	13
2391	7
2392	8
2393	15
2394	16
2395	9
2396	8
2397	14
2398	9
2399	5
2400	14
2401	5
2402	16
2403	14
2404	9
2405	12
2406	14
2407	15
2408	18
2409	8
2410	11
2411	9
2412	13
2413	16
2414	10
2415	11
2416	13
2417	10
2418	14
2419	9
2420	9
2421	14
2422	10
2423	12
2424	14
2425	8
2426	14
2427	15
2428	13
2429	10
2430	13
2431	13
2432	8
2433	12
2434	11
2435	9
2436	7
2437	9
2438	14
2439	19
2440	11
2441	11
2442	12
2443	10
2444	11
2445	15
2446	18
2447	14
2448	9
2449	11
2450	8
2451	20
2452	7
2453	11
2454	10
2455	12
2456	15
2457	7
2458	8
2459	18
2460	6
2461	9
2462	12
2463	6
2464	17
2465	16
2466	12
2467	15
2468	12
2469	13
2470	14
2471	13
2472	10
2473	13
2474	7
2475	10
2476	12
2477	12
2478	8
2479	15
2480	12
2481	8
2482	16
2483	11
2484	15
2485	15
2486	11
2487	14
2488	8
2489	12
2490	14
2491	13
2492	12
2493	16
2494	10
2495	9
2496	22
2497	9
2498	14
2499	9
2500	8
2501	14
2502	15
2503	11
2504	8
2505	11
2506	7
2507	19
2508	9
2509	14
2510	5
2511	7
2512	11
2513	12
2514	10
2515	10
2516	15
2517	13
2518	11
2519	7
2520	11
2521	4
2522	12
2523	12
2524	12
2525	11
2526	17
2527	4
2528	7
2529	8
2530	12
2531	14
2532	15
2533	11
2534	2
2535	14
2536	9
2537	10
2538	15
2539	14
2540	9
2541	9
2542	9
2543	10
2544	8
2545	17
2546	5
2547	14
2548	15
2549	11
2550	10
2551	15
2552	11
2553	10
2554	8
2555	5
2556	6
2557	15
2558	12
2559	12
2560	7
2561	17
2562	9
2563	8
2564	9
2565	9
2566	13
2567	11
2568	9
2569	7
2570	7
2571	11
2572	7
2573	9
2574	9
2575	10
2576	21
2577	13
2578	18
2579	8
2580	14
2581	4
2582	8
2583	10
2584	11
2585	7
2586	11
2587	12
2588	8
2589	16
2590	11
2591	15
2592	8
2593	14
2594	9
2595	9
2596	20
2597	6
2598	10
2599	13
2600	17
2601	12
2602	8
2603	9
2604	11
2605	8
2606	12
2607	10
2608	8
2609	5
2610	19
2611	6
2612	8
2613	8
2614	12
2615	5
2616	11
2617	16
2618	13
2619	11
2620	17
2621	8
2622	9
2623	11
2624	6
2625	11
2626	8
2627	7
2628	13
2629	13
2630	9
2631	11
2632	5
2633	10
2634	15
2635	14
2636	15
2637	14
2638	14
2639	16
2640	12
2641	5
2642	10
2643	13
2644	9
2645	5
2646	9
2647	13
2648	10
2649	5
2650	7
2651	8
2652	13
2653	8
2654	8
2655	12
2656	7
2657	6
2658	11
2659	4
2660	11
2661	10
2662	14
2663	11
2664	11
2665	10
2666	8
2667	4
2668	8
2669	8
2670	11
2671	16
2672	14
2673	7
2674	11
2675	10
2676	6
2677	6
2678	11
2679	8
2680	8
2681	9
2682	12
2683	16
2684	11
2685	12
2686	9
2687	7
2688	10
2689	7
2690	12
2691	5
2692	10
2693	4
2694	7
2695	11
2696	9
2697	8
2698	10
2699	8
2700	13
2701	12
2702	13
2703	14
2704	14
2705	10
2706	12
2707	8
2708	13
2709	8
2710	12
2711	9
2712	7
2713	9
2714	7
2715	10
2716	12
2717	7
2718	8
2719	13
2720	10
2721	11
2722	5
2723	10
2724	17
2725	10
2726	11
2727	10
2728	6
2729	7
2730	14
2731	7
2732	20
2733	7
2734	10
2735	8
2736	15
2737	9
2738	14
2739	13
2740	10
2741	7
2742	7
2743	12
2744	9
2745	4
2746	12
2747	10
2748	10
2749	7
2750	10
2751	10
2752	10
2753	7
2754	10
2755	16
2756	9
2757	10
2758	7
2759	7
2760	10
2761	14
2762	8
2763	6
2764	10
2765	12
2766	5
2767	7
2768	11
2769	13
2770	10
2771	8
2772	2
2773	3
2774	7
2775	4
2776	6
2777	12
2778	15
2779	11
2780	10
2781	7
2782	8
2783	12
2784	9
2785	10
2786	14
2787	14
2788	5
2789	6
2790	7
2791	8
2792	12
2793	9
2794	10
2795	12
2796	11
2797	8
2798	8
2799	10
2800	7
2801	10
2802	14
2803	7
2804	12
2805	5
2806	11
2807	7
2808	8
2809	7
2810	5
2811	3
2812	4
2813	9
2814	8
2815	8
2816	5
2817	13
2818	15
2819	6
2820	9
2821	8
2822	10
2823	10
2824	7
2825	11
2826	9
2827	8
2828	8
2829	8
2830	12
2831	12
2832	9
2833	11
2834	9
2835	6
2836	13
2837	12
2838	11
2839	12
2840	8
2841	7
2842	11
2843	7
2844	9
2845	3
2846	9
2847	7
2848	13
2849	10
2850	12
2851	7
2852	9
2853	12
2854	8
2855	6
2856	12
2857	6
2858	6
2859	13
2860	6
2861	10
2862	10
2863	10
2864	6
2865	7
2866	5
2867	12
2868	10
2869	8
2870	7
2871	10
2872	8
2873	10
2874	4
2875	7
2876	7
2877	3
2878	6
2879	14
2880	11
2881	6
2882	9
2883	7
2884	5
2885	11
2886	5
2887	7
2888	6
2889	11
2890	7
2891	10
2892	6
2893	5
2894	14
2895	14
2896	13
2897	17
2898	6
2899	7
2900	8
2901	10
2902	11
2903	9
2904	9
2905	6
2906	13
2907	9
2908	5
2909	7
2910	11
2911	16
2912	8
2913	9
2914	12
2915	7
2916	13
2917	15
2918	3
2919	2
2920	9
2921	14
2922	4
2923	8
2924	4
2925	8
2926	13
2927	10
2928	9
2929	7
2930	8
2931	7
2932	13
2933	6
2934	5
2935	10
2936	10
2937	14
2938	11
2939	4
2940	4
2941	15
2942	4
2943	12
2944	15
2945	14
2946	9
2947	6
2948	3
2949	11
2950	4
2951	6
2952	11
2953	15
2954	11
2955	11
2956	5
2957	5
2958	8
2959	4
2960	7
2961	9
2962	11
2963	8
2964	13
2965	7
2966	6
2967	9
2968	11
2969	9
2970	11
2971	11
2972	10
2973	8
2974	7
2975	8
2976	8
2977	9
2978	11
2979	11
2980	13
2981	5
2982	7
2983	10
2984	12
2985	10
2986	8
2987	9
2988	12
2989	7
2990	8
2991	8
2992	7
2993	7
2994	15
2995	13
2996	10
2997	10
2998	6
2999	6
3000	10
3001	10
3002	10
3003	4
3004	8
3005	8
3006	9
3007	3
3008	10
3009	9
3010	9
3011	10
3012	10
3013	5
3014	17
3015	4
3016	8
3017	12
3018	9
3019	7
3020	11
3021	15
3022	16
3023	12
3024	9
3025	8
3026	10
3027	9
3028	7
3029	12
3030	7
3031	8
3032	9
3033	10
3034	14
3035	10
3036	3
3037	5
3038	5
3039	6
3040	6
3041	9
3042	10
3043	5
3044	4
3045	7
3046	8
3047	6
3048	8
3049	5
3050	14
3051	10
3052	6
3053	9
3054	11
3055	9
3056	12
3057	8
3058	11
3059	9
3060	3
3061	5
3062	10
3063	8
3064	8
3065	5
3066	7
3067	10
3068	5
3069	7
3070	4
3071	9
3072	8
3073	13
3074	10
3075	10
3076	6
3077	9
3078	8
3079	4
3080	5
3081	6
3082	8
3083	9
3084	10
3085	8
3086	3
3087	13
3088	5
3089	12
3090	6
3091	6
3092	10
3093	11
3094	3
3095	7
3096	8
3097	7
3098	7
3099	6
3100	7
3101	7
3102	8
3103	6
3104	7
3105	3
3106	12
3107	7
3108	6
3109	6
3110	8
3111	5
3112	10
3113	10
3114	7
3115	3
3116	7
3117	4
3118	7
3119	6
3120	8
3121	9
3122	6
3123	5
3124	5
3125	13
3126	6
3127	5
3128	7
3129	10
3130	11
3131	10
3132	7
3133	7
3134	7
3135	4
3136	6
3137	12
3138	12
3139	10
3140	8
3141	10
3142	9
3143	8
3144	6
3145	9
3146	5
3147	7
3148	6
3149	6
3150	9
3151	6
3152	7
3153	13
3154	13
3155	6
3156	11
3157	10
3158	2
3159	9
3160	7
3161	7
3162	4
3163	11
3164	11
3165	10
3166	8
3167	8
3168	7
3169	8
3170	9
3171	5
3172	3
3173	5
3174	13
3175	10
3176	12
3177	6
3178	13
3179	3
3180	9
3181	1
3182	12
3183	12
3184	7
3185	9
3186	11
3187	10
3188	9
3189	6
3190	6
3191	2
3192	4
3193	8
3194	12
3195	5
3196	8
3197	5
3198	9
3199	7
3200	7
3201	4
3202	5
3203	14
3204	7
3205	7
3206	10
3207	10
3208	6
3209	2
3210	7
3211	8
3212	9
3213	6
3214	11
3215	4
3216	13
3217	5
3218	10
3219	8
3220	10
3221	6
3222	14
3223	6
3224	7
3225	10
3226	7
3227	6
3228	3
3229	9
3230	8
3231	5
3232	11
3233	7
3234	5
3235	7
3236	7
3237	5
3238	9
3239	7
3240	5
3241	7
3242	7
3243	10
3244	11
3245	4
3246	8
3247	7
3248	10
3249	9
3250	5
3251	8
3252	4
3253	9
3254	11
3255	7
3256	5
3257	5
3258	6
3259	4
3260	4
3261	5
3262	5
3263	5
3264	7
3265	5
3266	5
3267	10
3268	4
3269	5
3270	9
3271	3
3272	3
3273	4
3274	4
3275	9
3276	14
3277	5
3278	7
3279	6
3280	10
3281	10
3282	3
3283	6
3284	7
3285	3
3286	9
3287	3
3288	7
3289	7
3290	8
3291	4
3292	8
3293	7
3294	7
3295	2
3296	4
3297	7
3298	7
3299	10
3300	8
3301	6
3302	6
3303	6
3304	10
3305	1
3306	8
3307	4
3308	6
3309	6
3310	7
3311	11
3312	7
3313	8
3314	7
3315	9
3316	11
3317	4
3318	4
3319	8
3320	13
3321	5
3322	6
3323	5
3324	5
3325	4
3326	4
3327	12
3328	2
3329	5
3330	3
3331	12
3332	4
3333	5
3334	12
3335	5
3336	5
3337	9
3338	5
3339	6
3340	12
3341	11
3342	4
3343	6
3344	5
3345	5
3346	11
3347	3
3348	7
3349	5
3350	6
3351	4
3352	5
3353	6
3354	4
3355	7
3356	10
3357	5
3358	10
3359	6
3360	6
3361	6
3362	4
3363	6
3364	6
3365	3
3366	4
3367	6
3368	3
3369	5
3370	6
3371	5
3372	8
3373	9
3374	6
3375	11
3376	3
3377	7
3378	1
3379	9
3380	2
3381	5
3382	8
3383	4
3384	8
3385	10
3386	4
3387	4
3388	13
3389	8
3390	6
3391	10
3392	5
3393	6
3394	6
3395	5
3396	13
3397	4
3398	3
3399	8
3400	7
3401	6
3402	2
3403	4
3404	4
3405	8
3406	5
3407	5
3408	8
3409	8
3410	13
3411	12
3412	8
3413	6
3414	4
3415	7
3416	7
3417	11
3418	11
3419	9
3420	5
3421	6
3422	7
3423	7
3424	7
3425	7
3426	6
3427	6
3428	7
3429	3
3430	8
3431	2
3432	5
3433	6
3434	4
3435	3
3436	3
3437	11
3438	4
3439	6
3440	3
3441	4
3442	8
3443	5
3444	10
3445	8
3446	6
3447	8
3448	6
3449	0
3450	4
3451	2
3452	3
3453	4
3454	1
3455	9
3456	7
3457	6
3458	9
3459	6
3460	8
3461	6
3462	2
3463	8
3464	6
3465	6
3466	9
3467	7
3468	6
3469	10
3470	5
3471	4
3472	8
3473	8
3474	6
3475	7
3476	12
3477	6
3478	11
3479	6
3480	5
3481	5
3482	3
3483	6
3484	5
3485	5
3486	2
3487	9
3488	7
3489	10
3490	5
3491	9
3492	7
3493	5
3494	7
3495	7
3496	4
3497	5
3498	6
3499	5
3500	3
3501	12
3502	8
3503	3
3504	7
3505	10
3506	8
3507	6
3508	7
3509	4
3510	3
3511	6
3512	6
3513	4
3514	5
3515	3
3516	10
3517	9
3518	2
3519	8
3520	1
3521	3
3522	3
3523	6
3524	2
3525	8
3526	9
3527	5
3528	3
3529	12
3530	4
3531	6
3532	9
3533	5
3534	5
3535	5
3536	6
3537	7
3538	6
3539	6
3540	5
3541	6
3542	5
3543	8
3544	11
3545	8
3546	3
3547	3
3548	6
3549	6
3550	9
3551	6
3552	5
3553	5
3554	4
3555	6
3556	4
3557	4
3558	4
3559	10
3560	4
3561	4
3562	7
3563	5
3564	7
3565	5
3566	5
3567	6
3568	5
3569	2
3570	4
3571	6
3572	5
3573	3
3574	5
3575	6
3576	6
3577	6
3578	6
3579	11
3580	4
3581	2
3582	4
3583	10
3584	9
3585	3
3586	3
3587	3
3588	10
3589	3
3590	8
3591	1
3592	9
3593	4
3594	11
3595	4
3596	4
3597	4
3598	2
3599	9
3600	10
3601	8
3602	5
3603	10
3604	8
3605	4
3606	5
3607	6
3608	7
3609	12
3610	5
3611	4
3612	4
3613	3
3614	9
3615	2
3616	10
3617	2
3618	6
3619	9
3620	2
3621	6
3622	6
3623	5
3624	4
3625	6
3626	4
3627	5
3628	6
3629	3
3630	4
3631	6
3632	5
3633	7
3634	2
3635	5
3636	4
3637	5
3638	4
3639	6
3640	1
3641	5
3642	4
3643	5
3644	5
3645	8
3646	5
3647	7
3648	3
3649	7
3650	2
3651	9
3652	8
3653	4
3654	3
3655	5
3656	3
3657	5
3658	7
3659	3
3660	5
3661	9
3662	8
3663	4
3664	3
3665	4
3666	6
3667	9
3668	7
3669	4
3670	9
3671	2
3672	3
3673	9
3674	9
3675	3
3676	7
3677	8
3678	8
3679	4
3680	8
3681	6
3682	4
3683	11
3684	6
3685	4
3686	5
3687	5
3688	8
3689	5
3690	5
3691	5
3692	9
3693	9
3694	3
3695	5
3696	4
3697	8
3698	9
3699	9
3700	6
3701	4
3702	2
3703	6
3704	7
3705	6
3706	2
3707	4
3708	6
3709	5
3710	4
3711	5
3712	7
3713	10
3714	8
3715	7
3716	8
3717	4
3718	7
3719	8
3720	8
3721	3
3722	4
3723	2
3724	10
3725	6
3726	6
3727	0
3728	7
3729	4
3730	8
3731	9
3732	4
3733	7
3734	9
3735	3
3736	6
3737	10
3738	6
3739	7
3740	7
3741	8
3742	5
3743	4
3744	8
3745	5
3746	4
3747	9
3748	7
3749	7
3750	6
3751	3
3752	4
3753	7
3754	3
3755	5
3756	4
3757	8
3758	4
3759	6
3760	3
3761	6
3762	6
3763	10
3764	4
3765	5
3766	5
3767	7
3768	2
3769	7
3770	6
3771	9
3772	6
3773	4
3774	8
3775	7
3776	3
3777	7
3778	3
3779	12
3780	7
3781	5
3782	6
3783	4
3784	7
3785	7
3786	3
3787	5
3788	4
3789	6
3790	7
3791	8
3792	7
3793	8
3794	3
3795	6
3796	6
3797	5
3798	6
3799	8
3800	7
3801	8
3802	10
3803	7
3804	10
3805	9
3806	7
3807	4
3808	9
3809	5
3810	5
3811	5
3812	4
3813	3
3814	7
3815	5
3816	5
3817	8
3818	6
3819	6
3820	0
3821	5
3822	6
3823	6
3824	9
3825	2
3826	6
3827	6
3828	6
3829	4
3830	8
3831	7
3832	7
3833	11
3834	9
3835	8
3836	4
3837	6
3838	5
3839	5
3840	5
3841	7
3842	6
3843	7
3844	7
3845	8
3846	7
3847	3
3848	4
3849	4
3850	3
3851	4
3852	5
3853	5
3854	4
3855	6
3856	5
3857	6
3858	3
3859	4
3860	6
3861	6
3862	3
3863	11
3864	9
3865	11
3866	8
3867	5
3868	9
3869	7
3870	4
3871	7
3872	7
3873	4
3874	7
3875	5
3876	5
3877	7
3878	10
3879	5
3880	5
3881	7
3882	6
3883	8
3884	3
3885	8
3886	5
3887	3
3888	3
3889	4
3890	4
3891	1
3892	4
3893	13
3894	2
3895	8
3896	4
3897	5
3898	4
3899	11
3900	11
3901	12
3902	4
3903	10
3904	6
3905	6
3906	8
3907	3
3908	3
3909	4
3910	11
3911	2
3912	4
3913	6
3914	5
3915	2
3916	3
3917	9
3918	4
3919	3
3920	8
3921	11
3922	5
3923	4
3924	8
3925	5
3926	4
3927	12
3928	2
3929	6
3930	5
3931	4
3932	4
3933	2
3934	9
3935	0
3936	1
3937	5
3938	6
3939	5
3940	3
3941	5
3942	7
3943	6
3944	5
3945	6
3946	8
3947	4
3948	8
3949	3
3950	9
3951	10
3952	7
3953	3
3954	4
3955	8
3956	1
3957	9
3958	3
3959	9
3960	7
3961	6
3962	8
3963	6
3964	6
3965	5
3966	8
3967	3
3968	7
3969	5
3970	2
3971	4
3972	8
3973	4
3974	7
3975	6
3976	15
3977	5
3978	6
3979	5
3980	7
3981	8
3982	7
3983	7
3984	7
3985	8
3986	5
3987	6
3988	12
3989	8
3990	2
3991	7
3992	9
3993	9
3994	5
3995	3
3996	3
3997	3
3998	6
3999	10
4000	5
4001	5
4002	5
4003	3
4004	3
4005	5
4006	10
4007	6
4008	7
4009	6
4010	7
4011	9
4012	4
4013	5
4014	9
4015	5
4016	5
4017	10
4018	3
4019	6
4020	5
4021	4
4022	3
4023	0
4024	7
4025	8
4026	8
4027	4
4028	8
4029	8
4030	5
4031	5
4032	4
4033	7
4034	3
4035	2
4036	4
4037	9
4038	4
4039	3
4040	12
4041	3
4042	9
4043	6
4044	4
4045	5
4046	4
4047	4
4048	8
4049	2
4050	8
4051	3
4052	6
4053	5
4054	4
4055	7
4056	8
4057	9
4058	5
4059	6
4060	5
4061	3
4062	7
4063	5
4064	6
4065	8
4066	5
4067	1
4068	6
4069	8
4070	4
4071	9
4072	6
4073	4
4074	6
4075	4
4076	2
4077	5
4078	8
4079	1
4080	4
4081	7
4082	10
4083	3
4084	9
4085	6
4086	5
4087	6
4088	9
4089	3
4090	3
4091	4
4092	8
4093	5
4094	4
4095	7
4096	6
4097	5
4098	9
4099	7
4100	6
4101	2
4102	9
4103	2
4104	9
4105	10
4106	8
4107	6
4108	2
4109	9
4110	6
4111	5
4112	7
4113	6
4114	7
4115	4
4116	8
4117	7
4118	4
4119	7
4120	3
4121	5
4122	10
4123	3
4124	9
4125	6
4126	7
4127	7
4128	6
4129	4
4130	8
4131	5
4132	5
4133	4
4134	3
4135	9
4136	9
4137	5
4138	2
4139	3
4140	2
4141	3
4142	4
4143	4
4144	4
4145	3
4146	4
4147	7
4148	3
4149	3
4150	5
4151	3
4152	3
4153	7
4154	10
4155	5
4156	4
4157	5
4158	8
4159	5
4160	5
4161	6
4162	3
4163	3
4164	5
4165	8
4166	7
4167	6
4168	2
4169	9
4170	3
4171	8
4172	5
4173	6
4174	6
4175	7
4176	2
4177	6
4178	7
4179	7
4180	7
4181	5
4182	7
4183	10
4184	4
4185	7
4186	4
4187	2
4188	3
4189	9
4190	2
4191	11
4192	5
4193	7
4194	6
4195	6
4196	8
4197	0
4198	4
4199	9
4200	5
4201	7
4202	7
4203	5
4204	4
4205	6
4206	5
4207	4
4208	3
4209	8
4210	3
4211	7
4212	6
4213	6
4214	3
4215	4
4216	4
4217	7
4218	9
4219	4
4220	7
4221	6
4222	5
4223	4
4224	9
4225	3
4226	9
4227	4
4228	5
4229	5
4230	7
4231	12
4232	5
4233	4
4234	5
4235	8
4236	4
4237	4
4238	9
4239	6
4240	5
4241	4
4242	5
4243	3
4244	4
4245	4
4246	3
4247	2
4248	11
4249	7
4250	7
4251	4
4252	10
4253	9
4254	5
4255	7
4256	6
4257	8
4258	4
4259	3
4260	9
4261	5
4262	4
4263	8
4264	6
4265	5
4266	5
4267	5
4268	8
4269	4
4270	8
4271	5
4272	3
4273	7
4274	5
4275	7
4276	6
4277	3
4278	9
4279	7
4280	3
4281	7
4282	4
4283	6
4284	7
4285	4
4286	7
4287	7
4288	7
4289	2
4290	10
4291	4
4292	5
4293	7
4294	7
4295	6
4296	9
4297	0
4298	4
4299	4
4300	6
4301	4
4302	9
4303	7
4304	6
4305	5
4306	5
4307	12
4308	4
4309	6
4310	6
4311	12
4312	5
4313	9
4314	5
4315	5
4316	8
4317	3
4318	4
4319	4
4320	10
4321	8
4322	4
4323	5
4324	9
4325	3
4326	6
4327	5
4328	5
4329	1
4330	11
4331	1
4332	5
4333	9
4334	4
4335	9
4336	5
4337	6
4338	5
4339	7
4340	7
4341	6
4342	3
4343	3
4344	4
4345	4
4346	8
4347	7
4348	5
4349	5
4350	7
4351	4
4352	8
4353	8
4354	6
4355	4
4356	7
4357	8
4358	3
4359	5
4360	5
4361	8
4362	8
4363	4
4364	8
4365	7
4366	2
4367	4
4368	11
4369	13
4370	10
4371	5
4372	6
4373	3
4374	11
4375	2
4376	5
4377	8
4378	4
4379	10
4380	5
4381	5
4382	11
4383	6
4384	6
4385	8
4386	5
4387	5
4388	6
4389	12
4390	10
4391	5
4392	6
4393	5
4394	3
4395	5
4396	3
4397	8
4398	3
4399	7
4400	7
4401	2
4402	0
4403	7
4404	4
4405	12
4406	5
4407	7
4408	4
4409	8
4410	6
4411	7
4412	8
4413	3
4414	6
4415	8
4416	1
4417	7
4418	5
4419	7
4420	7
4421	12
4422	6
4423	10
4424	7
4425	14
4426	10
4427	9
4428	6
4429	6
4430	9
4431	7
4432	4
4433	10
4434	3
4435	4
4436	6
4437	7
4438	11
4439	9
4440	6
4441	5
4442	6
4443	9
4444	5
4445	10
4446	3
4447	3
4448	7
4449	6
4450	7
4451	7
4452	7
4453	5
4454	5
4455	9
4456	9
4457	13
4458	9
4459	8
4460	3
4461	8
4462	5
4463	13
4464	3
4465	6
4466	8
4467	7
4468	7
4469	5
4470	6
4471	3
4472	9
4473	1
4474	7
4475	12
4476	6
4477	13
4478	6
4479	3
4480	6
4481	6
4482	8
4483	8
4484	9
4485	9
4486	5
4487	6
4488	9
4489	8
4490	6
4491	5
4492	7
4493	5
4494	4
4495	8
4496	8
4497	5
4498	5
4499	5
4500	4
4501	8
4502	5
4503	8
4504	12
4505	8
4506	4
4507	7
4508	8
4509	6
4510	5
4511	6
4512	9
4513	7
4514	2
4515	4
4516	8
4517	5
4518	16
4519	10
4520	4
4521	10
4522	7
4523	7
4524	10
4525	12
4526	6
4527	5
4528	3
4529	11
4530	11
4531	14
4532	11
4533	6
4534	7
4535	9
4536	9
4537	8
4538	10
4539	7
4540	8
4541	16
4542	7
4543	12
4544	12
4545	6
4546	5
4547	3
4548	5
4549	10
4550	10
4551	9
4552	9
4553	6
4554	12
4555	8
4556	8
4557	13
4558	12
4559	8
4560	9
4561	5
4562	12
4563	6
4564	11
4565	8
4566	11
4567	5
4568	10
4569	9
4570	6
4571	8
4572	12
4573	14
4574	10
4575	11
4576	10
4577	8
4578	9
4579	10
4580	10
4581	9
4582	9
4583	5
4584	7
4585	5
4586	5
4587	7
4588	8
4589	7
4590	7
4591	10
4592	17
4593	16
4594	16
4595	10
4596	8
4597	8
4598	9
4599	10
4600	11
4601	11
4602	6
4603	9
4604	11
4605	9
4606	11
4607	9
4608	15
4609	10
4610	9
4611	6
4612	5
4613	7
4614	11
4615	6
4616	9
4617	8
4618	3
4619	12
4620	11
4621	17
4622	10
4623	9
4624	11
4625	9
4626	15
4627	5
4628	8
4629	8
4630	14
4631	9
4632	11
4633	13
4634	14
4635	14
4636	10
4637	13
4638	7
4639	11
4640	6
4641	15
4642	10
4643	12
4644	7
4645	16
4646	11
4647	10
4648	9
4649	11
4650	13
4651	13
4652	9
4653	10
4654	6
4655	8
4656	9
4657	5
4658	18
4659	10
4660	12
4661	8
4662	4
4663	15
4664	12
4665	6
4666	10
4667	10
4668	4
4669	8
4670	5
4671	8
4672	8
4673	11
4674	9
4675	5
4676	16
4677	7
4678	9
4679	10
4680	12
4681	7
4682	13
4683	6
4684	10
4685	9
4686	13
4687	19
4688	10
4689	9
4690	9
4691	8
4692	6
4693	13
4694	15
4695	9
4696	12
4697	8
4698	9
4699	6
4700	5
4701	9
4702	5
4703	11
4704	12
4705	4
4706	15
4707	10
4708	7
4709	16
4710	6
4711	8
4712	7
4713	12
4714	8
4715	5
4716	8
4717	9
4718	13
4719	10
4720	4
4721	6
4722	10
4723	13
4724	12
4725	9
4726	4
4727	15
4728	10
4729	7
4730	14
4731	9
4732	3
4733	10
4734	10
4735	14
4736	7
4737	13
4738	8
4739	9
4740	5
4741	7
4742	9
4743	8
4744	10
4745	11
4746	7
4747	11
4748	14
4749	9
4750	5
4751	7
4752	11
4753	10
4754	6
4755	10
4756	7
4757	9
4758	15
4759	7
4760	9
4761	4
4762	8
4763	9
4764	6
4765	10
4766	10
4767	5
4768	7
4769	8
4770	5
4771	9
4772	11
4773	10
4774	7
4775	12
4776	6
4777	8
4778	14
4779	6
4780	7
4781	8
4782	7
4783	8
4784	3
4785	8
4786	10
4787	2
4788	7
4789	8
4790	8
4791	8
4792	7
4793	7
4794	3
4795	9
4796	11
4797	6
4798	5
4799	10
4800	6
4801	6
4802	8
4803	7
4804	9
4805	6
4806	7
4807	9
4808	6
4809	12
4810	6
4811	9
4812	12
4813	7
4814	9
4815	4
4816	5
4817	5
4818	12
4819	7
4820	7
4821	11
4822	6
4823	8
4824	3
4825	4
4826	7
4827	3
4828	2
4829	5
4830	10
4831	9
4832	5
4833	5
4834	5
4835	6
4836	5
4837	11
4838	5
4839	9
4840	9
4841	4
4842	3
4843	5
4844	2
4845	6
4846	4
4847	5
4848	4
4849	1
4850	5
4851	5
4852	5
4853	7
4854	7
4855	7
4856	4
4857	2
4858	7
4859	4
4860	6
4861	6
4862	6
4863	7
4864	6
4865	4
4866	3
4867	5
4868	5
4869	7
4870	5
4871	5
4872	6
4873	7
4874	10
4875	4
4876	2
4877	2
4878	6
4879	7
4880	6
4881	1
4882	4
4883	3
4884	7
4885	2
4886	6
4887	8
4888	4
4889	6
4890	5
4891	2
4892	2
4893	0
4894	1
4895	4
4896	6
4897	7
4898	6
4899	3
4900	5
4901	3
4902	1
4903	10
4904	4
4905	4
4906	2
4907	7
4908	0
4909	2
4910	4
4911	1
4912	3
4913	4
4914	4
4915	5
4916	4
4917	6
4918	4
4919	3
4920	7
4921	3
4922	4
4923	4
4924	2
4925	5
4926	1
4927	3
4928	3
4929	3
4930	0
4931	1
4932	3
4933	4
4934	1
4935	2
4936	1
4937	4
4938	2
4939	4
4940	1
4941	6
4942	2
4943	3
4944	3
4945	3
4946	1
4947	0
4948	2
4949	5
4950	5
4951	1
4952	0
4953	3
4954	3
4955	2
4956	3
4957	3
4958	0
4959	4
4960	4
4961	1
4962	3
4963	1
4964	1
4965	0
4966	1
4967	5
4968	3
4969	5
4970	5
4971	1
4972	3
4973	1
4974	2
4975	3
4976	1
4977	0
4978	2
4979	0
4980	4
4981	3
4982	2
4983	1
4984	0
4985	2
4986	2
4987	2
4988	2
4989	0
4990	3
4991	1
4992	2
4993	1
4994	1
4995	1
4996	2
4997	2
4998	0
4999	2
5000	2
5001	2
5002	0
5003	2
5004	4
5005	1
5006	2
5007	0
5008	1
5009	0
5010	1
5011	4
5012	3
5013	2
5014	3
5015	0
5016	1
5017	3
5018	0
5019	1
5020	2
5021	1
5022	0
5023	1
5024	1
5025	0
5026	0
5027	3
5028	0
5029	0
5030	0
5031	0
5032	0
5033	2
5034	0
5035	0
5036	2
5037	1
5038	2
5039	1
5040	1
5041	1
5042	2
5043	1
5044	1
5045	2
5046	2
5047	0
5048	2
5049	1
5050	3
5051	1
5052	0
5053	0
5054	0
5055	3
5056	0
5057	2
5058	0
5059	0
5060	1
5061	0
5062	0
5063	2
5064	3
5065	1
5066	1
5067	1
5068	0
5069	0
5070	1
5071	0
5072	1
5073	0
5074	0
5075	0
5076	1
5077	1
5078	0
5079	1
5080	1
5081	2
5082	0
5083	0
5084	0
5085	0
5086	0
5087	0
5088	2
5089	0
5090	1
5091	0
5092	1
5093	1
5094	0
5095	1
5096	1
5097	1
5098	0
5099	1
5100	1
5101	1
5102	1
5103	1
5104	1
5105	2
5106	1
5107	2
5108	0
5109	1
5110	1
5111	1
5112	0
5113	1
5114	0
5115	2
5116	0
5117	0
5118	0
5119	0
5120	0
5121	0
5122	0
5123	2
5124	2
5125	1
5126	0
5127	1
5128	1
5129	0
5130	1
5131	0
5132	0
5133	1
5134	1
5135	2
5136	3
5137	2
5138	1
5139	2
5140	2
5141	1
5142	0
5143	0
5144	0
5145	0
5146	0
5147	0
5148	0
5149	1
5150	0
5151	0
5152	1
5153	0
5154	0
5155	1
5156	0
5157	0
5158	0
5159	1
5160	0
5161	2
5162	1
5163	0
5164	1
5165	0
5166	1
5167	0
5168	0
5169	0
5170	0
5171	0
5172	1
5173	0
5174	1
5175	0
5176	2
5177	0
5178	0
5179	1
5180	0
5181	1
5182	1
5183	0
5184	1
5185	1
5186	0
5187	3
5188	0
5189	0
5190	0
5191	0
5192	0
5193	0
5194	0
5195	1
5196	1
5197	0
5198	2
5199	0
5200	1
5201	1
5202	1
5203	1
5204	1
5205	1
5206	1
5207	1
5208	0
5209	0
5210	0
5211	0
5212	0
5213	0
5214	0
5215	0
5216	0
5217	0
5218	0
5219	0
5220	1
5221	0
5222	1
5223	2
5224	0
5225	0
5226	2
5227	0
5228	0
5229	2
5230	1
5231	0
5232	0
5233	0
5234	2
5235	0
5236	1
5237	0
5238	1
5239	0
5240	1
5241	1
5242	0
5243	0
5244	0
5245	1
5246	0
5247	1
5248	0
5249	0
5250	0
5251	1
5252	0
5253	0
5254	2
5255	0
5256	2
5257	1
5258	0
5259	0
5260	2
5261	0
5262	0
5263	0
5264	0
5265	0
5266	0
5267	1
5268	0
5269	0
5270	0
5271	1
5272	1
5273	0
5274	0
5275	0
5276	1
5277	0
5278	0
5279	0
5280	1
5281	1
5282	1
5283	0
5284	1
5285	1
5286	0
5287	0
5288	1
5289	0
5290	0
5291	0
5292	0
5293	0
5294	0
5295	1
5296	1
5297	0
5298	0
5299	2
5300	1
5301	1
5302	0
5303	0
5304	0
5305	0
5306	1
5307	2
5308	0
5309	0
5310	0
5311	0
5312	2
5313	0
5314	0
5315	1
5316	1
5317	0
5318	0
5319	1
5320	0
5321	0
5322	1
5323	0
5324	0
5325	1
5326	2
5327	1
5328	1
5329	1
5330	1
5331	0
5332	1
5333	0
5334	2
5335	0
5336	0
5337	1
5338	1
5339	2
5340	0
5341	0
5342	0
5343	0
5344	0
5345	1
5346	0
5347	1
5348	2
5349	0
5350	0
5351	1
5352	2
5353	2
5354	1
5355	1
5356	2
5357	0
5358	0
5359	0
5360	1
5361	1
5362	0
5363	1
5364	1
5365	1
5366	1
5367	4
5368	0
5369	0
5370	0
5371	0
5372	0
5373	0
5374	0
5375	1
5376	0
5377	1
5378	0
5379	0
5380	0
5381	1
5382	2
5383	0
5384	2
5385	0
5386	0
5387	1
5388	3
5389	0
5390	1
5391	2
5392	0
5393	1
5394	1
5395	1
5396	3
5397	0
5398	0
5399	1
5400	0
5401	0
5402	0
5403	1
5404	0
5405	0
5406	0
5407	0
5408	2
5409	0
5410	0
5411	0
5412	1
5413	2
5414	0
5415	1
5416	0
5417	1
5418	1
5419	0
5420	0
5421	0
5422	2
5423	2
5424	1
5425	0
5426	1
5427	0
5428	0
5429	0
5430	0
5431	1
5432	0
5433	0
5434	0
5435	0
5436	0
5437	4
5438	2
5439	0
5440	0
5441	0
5442	0
5443	1
5444	0
5445	0
5446	0
5447	0
5448	2
5449	0
5450	1
5451	1
5452	1
5453	1
5454	2
5455	0
5456	0
5457	0
5458	0
5459	0
5460	0
5461	1
5462	0
5463	1
5464	0
5465	2
5466	0
5467	1
5468	1
5469	0
5470	1
5471	0
5472	0
5473	1
5474	0
5475	0
5476	0
5477	0
5478	0
5479	2
5480	1
5481	0
5482	1
5483	1
5484	0
5485	0
5486	3
5487	2
5488	0
5489	1
5490	3
5491	0
5492	1
5493	0
5494	2
5495	0
5496	1
5497	1
5498	0
5499	0
5500	0
5501	0
5502	0
5503	1
5504	1
5505	0
5506	0
5507	1
5508	1
5509	0
5510	2
5511	1
5512	1
5513	0
5514	0
5515	0
5516	0
5517	0
5518	1
5519	1
5520	0
5521	1
5522	0
5523	1
5524	0
5525	0
5526	0
5527	1
5528	2
5529	1
5530	0
5531	0
5532	0
5533	0
5534	0
5535	0
5536	1
5537	1
5538	1
5539	0
5540	0
5541	1
5542	1
5543	1
5544	1
5545	0
5546	0
5547	1
5548	0
5549	1
5550	1
5551	2
5552	0
5553	0
5554	0
5555	1
5556	0
5557	1
5558	0
5559	1
5560	0
5561	1
5562	1
5563	1
5564	0
5565	0
5566	0
5567	1
5568	0
5569	0
5570	1
5571	0
5572	0
5573	2
5574	1
5575	1
5576	1
5577	1
5578	0
5579	1
5580	0
5581	0
5582	0
5583	0
5584	0
5585	0
5586	0
5587	1
5588	0
5589	1
5590	1
5591	1
5592	1
5593	0
5594	1
5595	0
5596	1
5597	2
5598	1
5599	2
5600	2
5601	0
5602	0
5603	1
5604	3
5605	3
5606	0
5607	1
5608	1
5609	1
5610	0
5611	0
5612	0
5613	2
5614	0
5615	1
5616	0
5617	0
5618	1
5619	0
5620	0
5621	0
5622	0
5623	0
5624	1
5625	0
5626	0
5627	0
5628	0
5629	0
5630	0
5631	0
5632	0
5633	0
5634	1
5635	0
5636	1
5637	1
5638	1
5639	0
5640	0
5641	2
5642	1
5643	1
5644	1
5645	0
5646	0
5647	1
5648	1
5649	0
5650	0
5651	0
5652	1
5653	0
5654	0
5655	1
5656	2
5657	0
5658	1
5659	1
5660	0
5661	0
5662	1
5663	1
5664	0
5665	0
5666	0
5667	2
5668	2
5669	0
5670	1
5671	1
5672	0
5673	1
5674	0
5675	0
5676	0
5677	0
5678	0
5679	0
5680	0
5681	0
5682	0
5683	0
5684	0
5685	1
5686	2
5687	1
5688	0
5689	0
5690	0
5691	1
5692	1
5693	0
5694	1
5695	0
5696	0
5697	1
5698	1
5699	1
5700	0
5701	1
5702	0
5703	0
5704	0
5705	1
5706	0
5707	0
5708	0
5709	0
5710	1
5711	1
5712	0
5713	1
5714	0
5715	0
5716	0
5717	0
5718	0
5719	2
5720	1
5721	0
5722	1
5723	1
5724	0
5725	0
5726	1
5727	0
5728	0
5729	0
5730	2
5731	1
5732	0
5733	0
5734	0
5735	2
5736	2
5737	1
5738	0
5739	0
5740	0
5741	0
5742	0
5743	0
5744	1
5745	0
5746	1
5747	0
5748	0
5749	0
5750	0
5751	2
5752	0
5753	0
5754	0
5755	0
5756	0
5757	2
5758	0
5759	1
5760	0
5761	0
5762	0
5763	0
5764	2
5765	0
5766	3
5767	1
5768	0
5769	0
5770	0
5771	1
5772	0
5773	1
5774	1
5775	0
5776	0
5777	0
5778	0
5779	1
5780	0
5781	1
5782	3
5783	0
5784	0
5785	0
5786	0
5787	1
5788	1
5789	1
5790	1
5791	0
5792	0
5793	0
5794	0
5795	0
5796	2
5797	0
5798	0
5799	1
5800	0
5801	1
5802	1
5803	0
5804	0
5805	1
5806	0
5807	0
5808	1
5809	0
5810	0
5811	2
5812	1
5813	0
5814	1
5815	2
5816	0
5817	0
5818	0
5819	0
5820	1
5821	1
5822	1
5823	1
5824	2
5825	0
5826	0
5827	0
5828	1
5829	1
5830	0
5831	0
5832	0
5833	0
5834	0
5835	1
5836	0
5837	0
5838	0
5839	0
5840	0
5841	0
5842	1
5843	0
5844	2
5845	0
5846	0
5847	0
5848	3
5849	0
5850	0
5851	0
5852	0
5853	1
5854	0
5855	0
5856	1
5857	0
5858	0
5859	0
5860	1
5861	0
5862	0
5863	0
5864	3
5865	3
5866	1
5867	0
5868	0
5869	2
5870	1
5871	0
5872	2
5873	0
5874	0
5875	1
5876	0
5877	0
5878	1
5879	1
5880	0
5881	1
5882	0
5883	0
5884	0
5885	0
5886	1
5887	1
5888	0
5889	1
5890	0
5891	1
5892	0
5893	0
5894	0
5895	0
5896	1
5897	1
5898	0
5899	0
5900	0
5901	0
5902	0
5903	0
5904	0
5905	1
5906	0
5907	0
5908	1
5909	0
5910	0
5911	0
5912	0
5913	0
5914	0
5915	0
5916	0
5917	0
5918	0
5919	1
5920	0
5921	0
5922	0
5923	0
5924	0
5925	0
5926	1
5927	0
5928	0
5929	1
5930	0
5931	0
5932	0
5933	0
5934	0
5935	0
5936	0
5937	2
5938	0
5939	0
5940	0
5941	0
5942	0
5943	1
5944	0
5945	1
5946	2
5947	2
5948	0
5949	1
5950	2
5951	0
5952	0
5953	0
5954	0
5955	0
5956	0
5957	0
5958	0
5959	1
5960	1
5961	0
5962	1
5963	1
5964	0
5965	1
5966	0
5967	0
5968	0
5969	0
5970	0
5971	1
5972	0
5973	1
5974	0
5975	0
5976	0
5977	0
5978	0
5979	1
5980	0
5981	0
5982	1
5983	0
5984	0
5985	0
5986	1
5987	0
5988	0
5989	1
5990	1
5991	0
5992	1
5993	1
5994	0
5995	0
5996	0
5997	0
5998	0
5999	1
6000	0
6001	1
6002	0
6003	1
6004	0
6005	0
6006	0
6007	1
6008	1
6009	0
6010	1
6011	0
6012	0
6013	0
6014	0
6015	0
6016	0
6017	0
6018	0
6019	0
6020	0
6021	0
6022	0
6023	1
6024	1
6025	1
6026	0
6027	0
6028	0
6029	0
6030	0
6031	0
6032	2
6033	2
6034	0
6035	0
6036	0
6037	0
6038	0
6039	2
6040	0
6041	1
6042	1
6043	0
6044	3
6045	0
6046	0
6047	1
6048	0
6049	0
6050	1
6051	0
6052	0
6053	3
6054	2
6055	1
6056	0
6057	1
6058	0
6059	0
6060	0
6061	0
6062	0
6063	0
6064	0
6065	0
6066	1
6067	0
6068	0
6069	0
6070	2
6071	0
6072	0
6073	1
6074	0
6075	0
6076	1
6077	1
6078	0
6079	1
6080	1
6081	0
6082	0
6083	0
6084	0
6085	0
6086	0
6087	2
6088	0
6089	0
6090	0
6091	2
6092	0
6093	0
6094	1
6095	0
6096	0
6097	1
6098	1
6099	1
6100	0
6101	3
6102	0
6103	2
6104	0
6105	0
6106	1
6107	1
6108	0
6109	1
6110	0
6111	0
6112	1
6113	0
6114	1
6115	1
6116	0
6117	0
6118	2
6119	0
6120	0
6121	0
6122	0
6123	0
6124	1
6125	1
6126	0
6127	2
6128	0
6129	0
6130	0
6131	1
6132	1
6133	1
6134	0
6135	1
6136	0
6137	1
6138	1
6139	0
6140	0
6141	0
6142	1
6143	0
6144	2
6145	2
6146	0
6147	1
6148	0
6149	1
6150	0
6151	1
6152	1
6153	1
6154	0
6155	0
6156	0
6157	0
6158	0
6159	1
6160	1
6161	2
6162	0
6163	0
6164	0
6165	0
6166	0
6167	0
6168	0
6169	0
6170	0
6171	0
6172	1
6173	1
6174	0
6175	0
6176	0
6177	1
6178	0
6179	1
6180	0
6181	0
6182	0
6183	0
6184	1
6185	0
6186	0
6187	2
6188	1
6189	1
6190	0
6191	1
6192	0
6193	0
6194	0
6195	1
6196	0
6197	1
6198	0
6199	0
6200	1
6201	0
6202	0
6203	0
6204	0
6205	1
6206	0
6207	0
6208	0
6209	0
6210	0
6211	0
6212	1
6213	0
6214	1
6215	0
6216	0
6217	0
6218	0
6219	1
6220	0
6221	0
6222	0
6223	0
6224	0
6225	0
6226	2
6227	0
6228	0
6229	1
6230	1
6231	0
6232	0
6233	0
6234	1
6235	1
6236	0
6237	0
6238	0
6239	1
6240	0
6241	0
6242	0
6243	0
6244	0
6245	0
6246	0
6247	1
6248	0
6249	0
6250	0
6251	1
6252	0
6253	0
6254	0
6255	0
6256	0
6257	1
6258	1
6259	0
6260	1
6261	0
6262	0
6263	0
6264	0
6265	1
6266	0
6267	0
6268	0
6269	0
6270	1
6271	0
6272	0
6273	0
6274	0
6275	0
6276	1
6277	1
6278	0
6279	1
6280	1
6281	2
6282	0
6283	0
6284	0
6285	0
6286	1
6287	0
6288	1
6289	0
6290	0
6291	0
6292	0
6293	2
6294	2
6295	0
6296	2
6297	0
6298	0
6299	2
6300	0
6301	0
6302	0
6303	0
6304	0
6305	1
6306	0
6307	0
6308	0
6309	0
6310	0
6311	0
6312	0
6313	0
6314	1
6315	0
6316	0
6317	0
6318	0
6319	1
6320	0
6321	0
6322	0
6323	0
6324	0
6325	0
6326	0
6327	1
6328	1
6329	0
6330	2
6331	0
6332	0
6333	0
6334	0
6335	1
6336	0
6337	0
6338	1
6339	1
6340	0
6341	1
6342	1
6343	1
6344	1
6345	0
6346	0
6347	0
6348	0
6349	0
6350	1
6351	1
6352	0
6353	0
6354	0
6355	0
6356	0
6357	1
6358	1
6359	0
6360	0
6361	0
6362	0
6363	1
6364	0
6365	1
6366	1
6367	0
6368	0
6369	0
6370	1
6371	1
6372	0
6373	0
6374	1
6375	2
6376	1
6377	0
6378	1
6379	0
6380	1
6381	0
6382	0
6383	0
6384	0
6385	0
6386	0
6387	0
6388	2
6389	0
6390	0
6391	1
6392	0
6393	0
6394	0
6395	0
6396	1
6397	0
6398	2
6399	1
6400	0
6401	1
6402	0
6403	0
6404	1
6405	1
6406	0
6407	1
6408	0
6409	0
6410	1
6411	0
6412	1
6413	0
6414	0
6415	0
6416	0
6417	1
6418	1
6419	0
6420	0
6421	1
6422	0
6423	1
6424	0
6425	0
6426	0
6427	0
6428	0
6429	0
6430	0
6431	0
6432	0
6433	0
6434	0
6435	0
6436	0
6437	1
6438	0
6439	0
6440	0
6441	1
6442	0
6443	0
6444	1
6445	0
6446	0
6447	2
6448	0
6449	1
6450	0
6451	0
6452	1
6453	1
6454	0
6455	3
6456	1
6457	1
6458	1
6459	0
6460	0
6461	0
6462	1
6463	0
6464	0
6465	0
6466	0
6467	0
6468	0
6469	0
6470	0
6471	1
6472	0
6473	0
6474	1
6475	0
6476	0
6477	1
6478	1
6479	1
6480	1
6481	1
6482	1
6483	1
6484	0
6485	0
6486	1
6487	0
6488	0
6489	0
6490	5
6491	0
6492	0
6493	0
6494	1
6495	1
6496	1
6497	0
6498	0
6499	0
6500	0
6501	0
6502	2
6503	1
6504	0
6505	1
6506	0
6507	0
6508	0
6509	0
6510	0
6511	0
6512	2
6513	1
6514	0
6515	0
6516	0
6517	0
6518	0
6519	1
6520	0
6521	0
6522	1
6523	0
6524	2
6525	0
6526	0
6527	0
6528	0
6529	0
6530	0
6531	1
6532	0
6533	1
6534	0
6535	1
6536	0
6537	0
6538	0
6539	0
6540	0
6541	2
6542	1
6543	1
6544	1
6545	0
6546	0
6547	1
6548	0
6549	0
6550	0
6551	1
6552	1
6553	1
6554	1
6555	0
6556	1
6557	1
6558	0
6559	1
6560	1
6561	2
6562	1
6563	0
6564	0
6565	1
6566	0
6567	0
6568	0
6569	0
6570	0
6571	0
6572	0
6573	1
6574	1
6575	0
6576	0
6577	0
6578	0
6579	0
6580	1
6581	0
6582	0
6583	0
6584	1
6585	0
6586	0
6587	0
6588	0
6589	0
6590	0
6591	0
6592	0
6593	1
6594	0
6595	0
6596	0
6597	1
6598	0
6599	0
6600	0
6601	0
6602	1
6603	1
6604	1
6605	0
6606	1
6607	1
6608	0
6609	0
6610	0
6611	1
6612	0
6613	0
6614	0
6615	0
6616	0
6617	0
6618	0
6619	0
6620	2
6621	0
6622	0
6623	0
6624	1
6625	1
6626	0
6627	1
6628	0
6629	0
6630	1
6631	0
6632	0
6633	1
6634	0
6635	0
6636	0
6637	1
6638	1
6639	1
6640	0
6641	1
6642	0
6643	0
6644	0
6645	0
6646	1
6647	1
6648	0
6649	2
6650	2
6651	0
6652	2
6653	1
6654	1
6655	0
6656	0
6657	1
6658	1
6659	1
6660	0
6661	1
6662	0
6663	0
6664	0
6665	0
6666	1
6667	0
6668	1
6669	0
6670	0
6671	1
6672	0
6673	0
6674	0
6675	1
6676	0
6677	0
6678	0
6679	0
6680	0
6681	0
6682	0
6683	1
6684	0
6685	0
6686	2
6687	0
6688	2
6689	0
6690	2
6691	1
6692	1
6693	0
6694	0
6695	0
6696	1
6697	1
6698	0
6699	0
6700	0
6701	0
6702	0
6703	0
6704	0
6705	0
6706	0
6707	0
6708	0
6709	0
6710	0
6711	0
6712	0
6713	0
6714	0
6715	0
6716	2
6717	0
6718	0
6719	0
6720	1
6721	0
6722	1
6723	0
6724	2
6725	0
6726	0
6727	0
6728	1
6729	0
6730	0
6731	0
6732	1
6733	0
6734	0
6735	0
6736	0
6737	0
6738	0
6739	1
6740	0
6741	1
6742	2
6743	0
6744	1
6745	0
6746	1
6747	0
6748	0
6749	0
6750	0
6751	0
6752	0
6753	0
6754	0
6755	0
6756	1
6757	0
6758	1
6759	1
6760	1
6761	0
6762	0
6763	0
6764	2
6765	0
6766	0
6767	0
6768	0
6769	0
6770	0
6771	0
6772	0
6773	0
6774	0
6775	1
6776	0
6777	0
6778	0
6779	1
6780	0
6781	0
6782	0
6783	1
6784	0
6785	0
6786	0
6787	0
6788	1
6789	0
6790	0
6791	1
6792	0
6793	0
6794	1
6795	1
6796	1
6797	1
6798	1
6799	0
6800	2
6801	0
6802	0
6803	1
6804	1
6805	0
6806	0
6807	0
6808	0
6809	2
6810	0
6811	0
6812	0
6813	0
6814	0
6815	1
6816	1
6817	1
6818	1
6819	0
6820	1
6821	0
6822	1
6823	0
6824	1
6825	0
6826	1
6827	0
6828	0
6829	0
6830	0
6831	0
6832	2
6833	0
6834	1
6835	0
6836	0
6837	1
6838	0
6839	0
6840	1
6841	0
6842	0
6843	0
6844	0
6845	0
6846	0
6847	1
6848	0
6849	1
6850	2
6851	0
6852	1
6853	3
6854	0
6855	0
6856	0
6857	1
6858	0
6859	0
6860	1
6861	0
6862	2
6863	0
6864	0
6865	1
6866	0
6867	0
6868	0
6869	0
6870	0
6871	0
6872	0
6873	1
6874	0
6875	1
6876	0
6877	1
6878	0
6879	0
6880	0
6881	1
6882	0
6883	1
6884	1
6885	0
6886	1
6887	0
6888	1
6889	0
6890	0
6891	0
6892	0
6893	1
6894	1
6895	0
6896	0
6897	0
6898	0
6899	1
6900	0
6901	0
6902	0
6903	1
6904	0
6905	1
6906	0
6907	1
6908	0
6909	0
6910	1
6911	0
6912	0
6913	0
6914	0
6915	1
6916	1
6917	0
6918	1
6919	0
6920	0
6921	0
6922	0
6923	1
6924	0
6925	1
6926	0
6927	0
6928	0
6929	0
6930	0
6931	1
6932	1
6933	0
6934	1
6935	0
6936	0
6937	0
6938	1
6939	1
6940	1
6941	0
6942	0
6943	0
6944	0
6945	0
6946	0
6947	0
6948	0
6949	1
6950	2
6951	0
6952	0
6953	0
6954	0
6955	0
6956	2
6957	0
6958	0
6959	1
6960	1
6961	0
6962	0
6963	0
6964	0
6965	0
6966	2
6967	3
6968	0
6969	0
6970	1
6971	1
6972	0
6973	0
6974	0
6975	0
6976	0
6977	0
6978	1
6979	0
6980	2
6981	1
6982	0
6983	0
6984	0
6985	0
6986	0
6987	0
6988	0
6989	0
6990	0
6991	2
6992	0
6993	0
6994	0
6995	1
6996	0
6997	1
6998	1
6999	0
7000	0
7001	0
7002	0
7003	0
7004	0
7005	0
7006	1
7007	0
7008	0
7009	1
7010	1
7011	0
7012	0
7013	1
7014	0
7015	0
7016	0
7017	0
7018	0
7019	0
7020	1
7021	1
7022	0
7023	0
7024	0
7025	0
7026	0
7027	1
7028	0
7029	0
7030	1
7031	1
7032	0
7033	0
7034	0
7035	0
7036	0
7037	0
7038	2
7039	0
7040	0
7041	0
7042	0
7043	0
7044	0
7045	0
7046	0
7047	1
7048	0
7049	0
7050	0
7051	0
7052	0
7053	1
7054	1
7055	1
7056	1
7057	0
7058	0
7059	0
7060	0
7061	1
7062	1
7063	0
7064	0
7065	1
7066	1
7067	0
7068	0
7069	1
7070	0
7071	1
7072	1
7073	1
7074	0
7075	1
7076	0
7077	0
7078	0
7079	0
7080	0
7081	0
7082	0
7083	0
7084	0
7085	0
7086	0
7087	1
7088	0
7089	0
7090	0
7091	0
7092	0
7093	0
7094	0
7095	0
7096	0
7097	0
7098	1
7099	0
7100	0
7101	0
7102	0
7103	0
7104	0
7105	1
7106	0
7107	0
7108	0
7109	0
7110	1
7111	1
7112	0
7113	1
7114	0
7115	1
7116	1
7117	1
7118	1
7119	0
7120	0
7121	0
7122	1
7123	0
7124	0
7125	0
7126	0
7127	0
7128	0
7129	2
7130	1
7131	0
7132	0
7133	0
7134	0
7135	0
7136	0
7137	0
7138	1
7139	2
7140	0
7141	1
7142	0
7143	1
7144	0
7145	0
7146	0
7147	1
7148	0
7149	0
7150	0
7151	0
7152	0
7153	0
7154	0
7155	0
7156	1
7157	1
7158	0
7159	1
7160	0
7161	0
7162	2
7163	0
7164	1
7165	0
7166	0
7167	0
7168	0
7169	0
7170	0
7171	0
7172	1
7173	0
7174	0
7175	0
7176	1
7177	0
7178	1
7179	0
7180	0
7181	0
7182	1
7183	1
7184	1
7185	0
7186	0
7187	0
7188	0
7189	0
7190	0
7191	0
7192	1
7193	1
7194	0
7195	0
7196	0
7197	0
7198	1
7199	0
7200	0
7201	0
7202	1
7203	0
7204	0
7205	0
7206	0
7207	0
7208	0
7209	0
7210	0
7211	0
7212	0
7213	1
7214	0
7215	0
7216	0
7217	0
7218	0
7219	0
7220	0
7221	0
7222	0
7223	0
7224	0
7225	0
7226	3
7227	0
7228	1
7229	0
7230	0
7231	1
7232	0
7233	1
7234	0
7235	1
7236	1
7237	0
7238	0
7239	1
7240	0
7241	0
7242	0
7243	1
7244	0
7245	1
7246	0
7247	0
7248	2
7249	0
7250	0
7251	1
7252	0
7253	0
7254	2
7255	0
7256	0
7257	0
7258	0
7259	1
7260	0
7261	0
7262	0
7263	0
7264	1
7265	0
7266	0
7267	0
7268	1
7269	1
7270	0
7271	0
7272	0
7273	0
7274	0
7275	2
7276	0
7277	0
7278	0
7279	0
7280	0
7281	2
7282	0
7283	0
7284	0
7285	0
7286	0
7287	0
7288	0
7289	0
7290	1
7291	1
7292	1
7293	0
7294	0
7295	0
7296	0
7297	0
7298	1
7299	0
7300	0
7301	1
7302	1
7303	0
7304	0
7305	0
7306	1
7307	0
7308	0
7309	0
7310	0
7311	1
7312	0
7313	0
7314	0
7315	0
7316	0
7317	0
7318	0
7319	0
7320	1
7321	0
7322	0
7323	0
7324	1
7325	0
7326	0
7327	0
7328	0
7329	0
7330	1
7331	0
7332	0
7333	0
7334	0
7335	0
7336	1
7337	1
7338	0
7339	1
7340	0
7341	0
7342	0
7343	0
7344	0
7345	0
7346	0
7347	1
7348	0
7349	0
7350	0
7351	0
7352	0
7353	0
7354	0
7355	0
7356	0
7357	0
7358	0
7359	0
7360	0
7361	0
7362	0
7363	1
7364	0
7365	0
7366	2
7367	0
7368	1
7369	0
7370	1
7371	1
7372	1
7373	0
7374	0
7375	0
7376	0
7377	0
7378	1
7379	0
7380	0
7381	0
7382	1
7383	0
7384	0
7385	0
7386	0
7387	0
7388	0
7389	0
7390	0
7391	0
7392	0
7393	1
7394	0
7395	0
7396	1
7397	0
7398	0
7399	0
7400	0
7401	1
7402	0
7403	1
7404	0
7405	1
7406	0
7407	0
7408	0
7409	0
7410	0
7411	1
7412	0
7413	0
7414	1
7415	1
7416	0
7417	1
7418	1
7419	0
7420	0
7421	0
7422	0
7423	2
7424	2
7425	0
7426	0
7427	0
7428	0
7429	1
7430	0
7431	0
7432	0
7433	0
7434	1
7435	1
7436	0
7437	0
7438	1
7439	0
7440	1
7441	0
7442	0
7443	0
7444	1
7445	0
7446	0
7447	0
7448	1
7449	0
7450	1
7451	1
7452	1
7453	0
7454	1
7455	2
7456	0
7457	1
7458	1
7459	0
7460	0
7461	0
7462	0
7463	1
7464	0
7465	0
7466	0
7467	0
7468	0
7469	0
7470	0
7471	1
7472	0
7473	1
7474	0
7475	0
7476	0
7477	0
7478	0
7479	0
7480	0
7481	1
7482	0
7483	0
7484	1
7485	0
7486	2
7487	1
7488	0
7489	1
7490	0
7491	0
7492	0
7493	0
7494	0
7495	0
7496	0
7497	0
7498	0
7499	0
7500	0
7501	0
7502	0
7503	0
7504	1
7505	0
7506	0
7507	1
7508	0
7509	0
7510	0
7511	0
7512	0
7513	2
7514	0
7515	1
7516	0
7517	0
7518	0
7519	1
7520	0
7521	0
7522	1
7523	1
7524	0
7525	0
7526	0
7527	0
7528	0
7529	1
7530	0
7531	0
7532	1
7533	0
7534	0
7535	0
7536	0
7537	0
7538	0
7539	1
7540	2
7541	0
7542	0
7543	0
7544	1
7545	0
7546	2
7547	1
7548	0
7549	1
7550	0
7551	0
7552	0
7553	0
7554	0
7555	0
7556	1
7557	1
7558	0
7559	1
7560	0
7561	0
7562	0
7563	0
7564	0
7565	0
7566	0
7567	0
7568	1
7569	1
7570	1
7571	1
7572	0
7573	2
7574	0
7575	0
7576	0
7577	0
7578	0
7579	0
7580	0
7581	0
7582	0
7583	0
7584	0
7585	1
7586	0
7587	0
7588	0
7589	0
7590	0
7591	0
7592	0
7593	0
7594	0
7595	0
7596	0
7597	0
7598	0
7599	0
7600	1
7601	0
7602	0
7603	0
7604	0
7605	3
7606	1
7607	0
7608	0
7609	0
7610	1
7611	0
7612	0
7613	1
7614	0
7615	0
7616	1
7617	0
7618	0
7619	0
7620	0
7621	0
7622	0
7623	0
7624	0
7625	0
7626	0
7627	1
7628	3
7629	2
7630	0
7631	0
7632	0
7633	0
7634	1
7635	0
7636	0
7637	0
7638	0
7639	1
7640	1
7641	0
7642	0
7643	0
7644	0
7645	0
7646	0
7647	0
7648	1
7649	0
7650	0
7651	0
7652	0
7653	0
7654	0
7655	1
7656	0
7657	1
7658	0
7659	0
7660	0
7661	0
7662	0
7663	0
7664	0
7665	0
7666	1
7667	1
7668	0
7669	0
7670	0
7671	0
7672	1
7673	1
7674	1
7675	0
7676	1
7677	0
7678	1
7679	0
7680	0
7681	0
7682	0
7683	0
7684	0
7685	0
7686	1
7687	0
7688	0
7689	0
7690	1
7691	2
7692	0
7693	0
7694	1
7695	0
7696	0
7697	0
7698	0
7699	0
7700	0
7701	0
7702	0
7703	0
7704	0
7705	0
7706	0
7707	0
7708	0
7709	0
7710	0
7711	1
7712	0
7713	0
7714	0
7715	0
7716	1
7717	1
7718	1
7719	0
7720	1
7721	0
7722	0
7723	0
7724	0
7725	0
7726	0
7727	0
7728	0
7729	0
7730	0
7731	0
7732	0
7733	0
7734	0
7735	0
7736	0
7737	0
7738	0
7739	0
7740	1
7741	0
7742	0
7743	0
7744	0
7745	0
7746	0
7747	1
7748	0
7749	0
7750	1
7751	0
7752	0
7753	0
7754	0
7755	0
7756	0
7757	0
7758	2
7759	0
7760	3
7761	0
7762	0
7763	2
7764	0
7765	0
7766	1
7767	0
7768	0
7769	1
7770	0
7771	0
7772	0
7773	0
7774	0
7775	0
7776	0
7777	0
7778	0
7779	0
7780	0
7781	0
7782	0
7783	1
7784	1
7785	1
7786	0
7787	0
7788	1
7789	0
7790	0
7791	0
7792	0
7793	0
7794	0
7795	0
7796	1
7797	1
7798	0
7799	1
7800	0
7801	2
7802	0
7803	1
7804	0
7805	1
7806	1
7807	0
7808	0
7809	1
7810	0
7811	0
7812	1
7813	0
7814	0
7815	1
7816	0
7817	0
7818	0
7819	0
7820	0
7821	0
7822	1
7823	0
7824	1
7825	0
7826	1
7827	0
7828	0
7829	0
7830	1
7831	0
7832	0
7833	1
7834	1
7835	1
7836	0
7837	1
7838	0
7839	0
7840	0
7841	0
7842	0
7843	1
7844	0
7845	0
7846	0
7847	0
7848	0
7849	0
7850	0
7851	0
7852	0
7853	0
7854	0
7855	1
7856	0
7857	1
7858	1
7859	0
7860	0
7861	0
7862	0
7863	0
7864	0
7865	1
7866	0
7867	2
7868	1
7869	0
7870	0
7871	1
7872	0
7873	0
7874	0
7875	0
7876	1
7877	1
7878	0
7879	0
7880	0
7881	0
7882	1
7883	0
7884	0
7885	0
7886	0
7887	0
7888	1
7889	0
7890	0
7891	0
7892	0
7893	0
7894	0
7895	0
7896	0
7897	0
7898	0
7899	0
7900	1
7901	1
7902	0
7903	0
7904	1
7905	0
7906	2
7907	0
7908	0
7909	1
7910	0
7911	0
7912	0
7913	0
7914	0
7915	0
7916	0
7917	1
7918	1
7919	0
7920	1
7921	0
7922	0
7923	0
7924	1
7925	0
7926	1
7927	1
7928	1
7929	0
7930	0
7931	0
7932	0
7933	0
7934	0
7935	0
7936	1
7937	0
7938	0
7939	0
7940	0
7941	0
7942	2
7943	0
7944	2
7945	0
7946	0
7947	0
7948	0
7949	1
7950	0
7951	1
7952	0
7953	1
7954	0
7955	0
7956	0
7957	0
7958	0
7959	1
7960	0
7961	0
7962	2
7963	0
7964	0
7965	0
7966	0
7967	1
7968	0
7969	0
7970	1
7971	0
7972	0
7973	0
7974	1
7975	0
7976	0
7977	0
7978	1
7979	0
7980	1
7981	0
7982	1
7983	0
7984	0
7985	1
7986	1
7987	1
7988	3
7989	0
7990	1
7991	0
7992	0
7993	0
7994	0
7995	0
7996	0
7997	0
7998	0
7999	0
8000	0
8001	0
8002	0
8003	1
8004	0
8005	1
8006	0
8007	0
8008	0
8009	0
8010	0
8011	0
8012	0
8013	0
8014	0
8015	0
8016	1
8017	0
8018	0
8019	0
8020	0
8021	1
8022	0
8023	0
8024	0
8025	1
8026	0
8027	0
8028	0
8029	0
8030	0
8031	0
8032	1
8033	2
8034	0
8035	0
8036	0
8037	0
8038	0
8039	0
8040	0
8041	2
8042	0
8043	0
8044	0
8045	1
8046	0
8047	0
8048	0
8049	0
8050	0
8051	0
8052	0
8053	0
8054	0
8055	0
8056	0
8057	0
8058	0
8059	0
8060	0
8061	1
8062	0
8063	0
8064	0
8065	0
8066	0
8067	0
8068	0
8069	0
8070	0
8071	1
8072	1
8073	0
8074	0
8075	0
8076	2
8077	0
8078	0
8079	0
8080	0
8081	0
8082	0
8083	0
8084	0
8085	0
8086	0
8087	0
8088	0
8089	0
8090	0
8091	0
8092	0
8093	0
8094	0
8095	0
8096	0
8097	0
8098	0
8099	0
8100	0
8101	0
8102	0
8103	0
8104	0
8105	0
8106	0
8107	0
8108	0
8109	0
8110	0
8111	0
8112	0
8113	0
8114	0
8115	0
8116	0
8117	0
8118	0
8119	0
8120	0
8121	0
8122	0
8123	0
8124	0
8125	0
8126	0
8127	0
8128	0
8129	0
8130	0
8131	0
8132	0
8133	0
8134	0
8135	0
8136	0
8137	0
8138	0
8139	0
8140	0
8141	0
8142	0
8143	0
8144	0
8145	0
8146	0
8147	0
8148	0
8149	0
8150	0
8151	0
8152	0
8153	0
8154	0
8155	0
8156	0
8157	0
8158	0
8159	0
8160	0
8161	0
8162	0
8163	0
8164	0
8165	0
8166	0
8167	0
8168	0
8169	0
8170	0
8171	0
8172	0
8173	0
8174	0
8175	0
8176	0
8177	0
8178	0
8179	0
8180	0
8181	0
8182	0
8183	0
8184	0
8185	0
8186	0
8187	0
8188	0
8189	0
8190	0
8191	0
