0	0
1	0
2	0
3	0
4	0
5	0
6	0
7	0
8	0
9	0
10	0
11	0
12	0
13	0
14	0
15	0
16	0
17	0
18	0
19	0
20	0
21	0
22	0
23	0
24	0
25	0
26	0
27	0
28	0
29	0
30	0
31	0
32	0
33	0
34	0
35	0
36	0
37	0
38	0
39	0
40	0
41	0
42	0
43	0
44	0
45	0
46	0
47	0
48	0
49	0
50	0
51	0
52	0
53	0
54	0
55	0
56	0
57	0
58	0
59	0
60	0
61	0
62	0
63	0
64	0
65	0
66	0
67	0
68	0
69	0
70	0
71	0
72	0
73	0
74	0
75	0
76	0
77	0
78	0
79	0
80	0
81	0
82	0
83	0
84	0
85	0
86	4
87	12
88	11
89	7
90	11
91	21
92	8
93	10
94	12
95	9
96	8
97	16
98	11
99	4
100	10
101	11
102	12
103	11
104	8
105	9
106	8
107	2
108	14
109	8
110	8
111	8
112	9
113	8
114	6
115	8
116	10
117	7
118	3
119	6
120	8
121	4
122	7
123	11
124	12
125	12
126	13
127	9
128	12
129	8
130	12
131	5
132	11
133	12
134	10
135	8
136	1
137	4
138	6
139	8
140	10
141	11
142	13
143	9
144	5
145	5
146	8
147	14
148	8
149	11
150	10
151	1
152	8
153	6
154	10
155	10
156	9
157	12
158	8
159	13
160	10
161	8
162	10
163	10
164	12
165	7
166	13
167	16
168	7
169	7
170	12
171	12
172	12
173	9
174	12
175	14
176	6
177	17
178	5
179	9
180	9
181	9
182	7
183	5
184	13
185	7
186	15
187	7
188	13
189	13
190	15
191	13
192	9
193	8
194	6
195	5
196	15
197	10
198	9
199	10
200	6
201	12
202	9
203	6
204	8
205	9
206	5
207	15
208	7
209	11
210	6
211	10
212	10
213	7
214	9
215	6
216	9
217	20
218	11
219	9
220	11
221	11
222	12
223	12
224	15
225	9
226	10
227	6
228	10
229	18
230	6
231	6
232	6
233	7
234	14
235	10
236	2
237	10
238	7
239	9
240	11
241	10
242	15
243	8
244	9
245	14
246	6
247	7
248	14
249	10
250	14
251	5
252	8
253	9
254	15
255	11
256	8
257	9
258	12
259	12
260	10
261	6
262	5
263	4
264	12
265	6
266	7
267	7
268	11
269	9
270	9
271	9
272	5
273	8
274	10
275	6
276	6
277	5
278	16
279	7
280	8
281	8
282	12
283	10
284	9
285	7
286	10
287	9
288	13
289	7
290	15
291	8
292	13
293	10
294	7
295	11
296	11
297	10
298	6
299	14
300	10
301	6
302	8
303	8
304	11
305	9
306	9
307	6
308	12
309	3
310	10
311	8
312	11
313	13
314	10
315	20
316	5
317	7
318	16
319	17
320	9
321	9
322	12
323	12
324	13
325	11
326	7
327	13
328	16
329	12
330	15
331	10
332	11
333	15
334	13
335	9
336	12
337	10
338	9
339	9
340	17
341	9
342	6
343	9
344	13
345	14
346	5
347	14
348	8
349	8
350	9
351	12
352	9
353	14
354	12
355	8
356	15
357	10
358	17
359	10
360	10
361	18
362	11
363	7
364	13
365	16
366	17
367	9
368	13
369	15
370	14
371	14
372	14
373	12
374	9
375	12
376	11
377	16
378	9
379	13
380	16
381	12
382	7
383	11
384	13
385	10
386	9
387	14
388	8
389	7
390	9
391	5
392	8
393	13
394	16
395	10
396	10
397	9
398	11
399	12
400	11
401	9
402	15
403	5
404	8
405	11
406	12
407	9
408	8
409	11
410	10
411	12
412	12
413	10
414	12
415	15
416	18
417	11
418	12
419	15
420	17
421	13
422	6
423	7
424	14
425	11
426	16
427	16
428	12
429	17
430	8
431	12
432	9
433	15
434	19
435	7
436	6
437	11
438	13
439	8
440	14
441	12
442	12
443	10
444	15
445	8
446	14
447	11
448	11
449	10
450	12
451	10
452	14
453	12
454	15
455	15
456	10
457	12
458	18
459	20
460	13
461	8
462	13
463	11
464	7
465	10
466	18
467	14
468	15
469	15
470	8
471	12
472	11
473	16
474	10
475	13
476	11
477	26
478	6
479	14
480	12
481	14
482	13
483	13
484	13
485	9
486	8
487	11
488	12
489	12
490	12
491	16
492	11
493	12
494	10
495	13
496	6
497	8
498	10
499	15
500	10
501	9
502	12
503	16
504	11
505	11
506	13
507	7
508	10
509	6
510	15
511	14
512	13
513	12
514	16
515	21
516	11
517	21
518	8
519	19
520	22
521	12
522	8
523	14
524	13
525	10
526	12
527	21
528	23
529	10
530	14
531	15
532	14
533	15
534	12
535	15
536	10
537	12
538	16
539	13
540	20
541	21
542	19
543	9
544	13
545	19
546	15
547	20
548	15
549	19
550	16
551	21
552	13
553	19
554	21
555	16
556	23
557	23
558	20
559	22
560	15
561	21
562	16
563	18
564	14
565	19
566	16
567	22
568	15
569	25
570	24
571	18
572	16
573	22
574	24
575	24
576	12
577	19
578	26
579	19
580	19
581	24
582	27
583	22
584	24
585	30
586	28
587	24
588	22
589	19
590	24
591	25
592	31
593	17
594	29
595	25
596	28
597	40
598	35
599	25
600	16
601	21
602	22
603	23
604	24
605	25
606	27
607	26
608	31
609	32
610	27
611	23
612	31
613	23
614	17
615	21
616	24
617	21
618	28
619	19
620	26
621	33
622	24
623	16
624	15
625	27
626	27
627	23
628	22
629	27
630	23
631	21
632	15
633	23
634	19
635	14
636	18
637	26
638	24
639	24
640	26
641	19
642	20
643	18
644	17
645	23
646	15
647	12
648	26
649	24
650	20
651	16
652	20
653	18
654	17
655	18
656	20
657	12
658	23
659	30
660	12
661	15
662	31
663	19
664	21
665	18
666	20
667	19
668	20
669	18
670	27
671	16
672	19
673	15
674	19
675	27
676	17
677	26
678	21
679	25
680	20
681	25
682	18
683	21
684	20
685	26
686	17
687	14
688	15
689	19
690	19
691	13
692	22
693	18
694	17
695	23
696	22
697	17
698	8
699	13
700	16
701	26
702	15
703	28
704	23
705	21
706	18
707	30
708	17
709	16
710	20
711	21
712	20
713	22
714	11
715	16
716	25
717	20
718	18
719	10
720	25
721	10
722	12
723	20
724	18
725	14
726	20
727	11
728	19
729	13
730	14
731	10
732	14
733	19
734	16
735	22
736	18
737	21
738	17
739	19
740	20
741	17
742	21
743	17
744	18
745	16
746	19
747	16
748	22
749	16
750	14
751	11
752	11
753	26
754	22
755	15
756	14
757	10
758	21
759	23
760	16
761	14
762	13
763	21
764	20
765	15
766	17
767	17
768	21
769	20
770	14
771	15
772	18
773	13
774	11
775	12
776	19
777	15
778	16
779	13
780	19
781	15
782	14
783	20
784	15
785	16
786	20
787	14
788	16
789	18
790	21
791	12
792	15
793	16
794	13
795	18
796	17
797	10
798	24
799	15
800	22
801	21
802	19
803	20
804	17
805	18
806	13
807	19
808	18
809	21
810	13
811	19
812	23
813	24
814	20
815	14
816	21
817	20
818	14
819	23
820	19
821	18
822	27
823	17
824	18
825	19
826	17
827	20
828	12
829	16
830	24
831	22
832	20
833	14
834	20
835	27
836	24
837	16
838	25
839	19
840	23
841	12
842	17
843	12
844	16
845	21
846	15
847	32
848	12
849	17
850	21
851	19
852	21
853	20
854	14
855	12
856	16
857	17
858	13
859	16
860	21
861	20
862	17
863	17
864	21
865	23
866	15
867	14
868	12
869	15
870	14
871	14
872	24
873	28
874	13
875	23
876	19
877	28
878	21
879	24
880	15
881	12
882	21
883	18
884	14
885	25
886	21
887	25
888	24
889	18
890	28
891	31
892	21
893	19
894	16
895	16
896	17
897	20
898	20
899	17
900	24
901	20
902	18
903	22
904	18
905	25
906	18
907	19
908	21
909	18
910	22
911	19
912	32
913	20
914	24
915	22
916	8
917	24
918	17
919	19
920	22
921	17
922	15
923	25
924	20
925	20
926	25
927	20
928	15
929	13
930	21
931	17
932	13
933	22
934	27
935	28
936	22
937	27
938	16
939	19
940	15
941	20
942	35
943	20
944	23
945	18
946	26
947	22
948	22
949	22
950	19
951	22
952	19
953	26
954	18
955	27
956	25
957	16
958	20
959	24
960	19
961	16
962	16
963	20
964	27
965	23
966	21
967	25
968	20
969	25
970	16
971	20
972	21
973	13
974	18
975	24
976	25
977	14
978	19
979	23
980	25
981	20
982	17
983	18
984	26
985	21
986	20
987	25
988	21
989	21
990	20
991	21
992	28
993	25
994	29
995	22
996	16
997	14
998	19
999	20
1000	21
1001	15
1002	13
1003	23
1004	19
1005	26
1006	18
1007	19
1008	25
1009	14
1010	15
1011	26
1012	22
1013	16
1014	20
1015	32
1016	20
1017	25
1018	24
1019	25
1020	24
1021	31
1022	19
1023	29
1024	25
1025	30
1026	18
1027	30
1028	22
1029	25
1030	18
1031	24
1032	23
1033	23
1034	22
1035	25
1036	20
1037	21
1038	25
1039	38
1040	32
1041	27
1042	19
1043	28
1044	16
1045	24
1046	31
1047	33
1048	30
1049	25
1050	28
1051	23
1052	20
1053	22
1054	28
1055	28
1056	26
1057	28
1058	20
1059	10
1060	25
1061	20
1062	16
1063	31
1064	23
1065	25
1066	21
1067	27
1068	36
1069	32
1070	25
1071	20
1072	30
1073	24
1074	21
1075	21
1076	20
1077	28
1078	41
1079	31
1080	23
1081	33
1082	35
1083	22
1084	23
1085	25
1086	36
1087	17
1088	20
1089	22
1090	22
1091	26
1092	24
1093	28
1094	26
1095	32
1096	27
1097	27
1098	28
1099	29
1100	20
1101	25
1102	22
1103	40
1104	26
1105	19
1106	34
1107	34
1108	27
1109	23
1110	19
1111	23
1112	24
1113	23
1114	23
1115	28
1116	26
1117	25
1118	30
1119	25
1120	25
1121	24
1122	28
1123	20
1124	27
1125	30
1126	22
1127	30
1128	24
1129	31
1130	23
1131	19
1132	24
1133	29
1134	22
1135	21
1136	21
1137	25
1138	34
1139	29
1140	35
1141	24
1142	16
1143	30
1144	34
1145	30
1146	25
1147	28
1148	19
1149	22
1150	29
1151	27
1152	21
1153	20
1154	27
1155	26
1156	25
1157	23
1158	22
1159	18
1160	30
1161	19
1162	31
1163	22
1164	29
1165	31
1166	29
1167	34
1168	32
1169	23
1170	31
1171	27
1172	34
1173	28
1174	36
1175	37
1176	25
1177	33
1178	33
1179	26
1180	29
1181	24
1182	26
1183	30
1184	27
1185	37
1186	26
1187	20
1188	23
1189	25
1190	27
1191	29
1192	29
1193	17
1194	21
1195	28
1196	22
1197	32
1198	27
1199	27
1200	32
1201	21
1202	28
1203	25
1204	29
1205	27
1206	29
1207	26
1208	28
1209	30
1210	32
1211	23
1212	24
1213	29
1214	17
1215	21
1216	31
1217	27
1218	30
1219	21
1220	20
1221	29
1222	23
1223	29
1224	18
1225	28
1226	36
1227	28
1228	20
1229	24
1230	40
1231	31
1232	15
1233	28
1234	23
1235	24
1236	32
1237	19
1238	37
1239	22
1240	19
1241	22
1242	30
1243	35
1244	27
1245	28
1246	28
1247	32
1248	27
1249	32
1250	30
1251	26
1252	19
1253	29
1254	24
1255	29
1256	24
1257	30
1258	28
1259	28
1260	32
1261	31
1262	17
1263	29
1264	36
1265	21
1266	22
1267	22
1268	23
1269	37
1270	35
1271	26
1272	25
1273	26
1274	32
1275	19
1276	36
1277	29
1278	39
1279	38
1280	31
1281	31
1282	28
1283	25
1284	28
1285	28
1286	32
1287	37
1288	25
1289	22
1290	21
1291	33
1292	27
1293	27
1294	27
1295	30
1296	27
1297	35
1298	31
1299	37
1300	32
1301	27
1302	31
1303	26
1304	32
1305	35
1306	24
1307	22
1308	33
1309	19
1310	35
1311	41
1312	33
1313	39
1314	30
1315	28
1316	25
1317	32
1318	21
1319	33
1320	28
1321	49
1322	24
1323	23
1324	33
1325	28
1326	42
1327	35
1328	34
1329	37
1330	28
1331	34
1332	30
1333	37
1334	30
1335	26
1336	24
1337	29
1338	22
1339	26
1340	33
1341	28
1342	21
1343	41
1344	27
1345	33
1346	28
1347	20
1348	21
1349	31
1350	35
1351	36
1352	36
1353	28
1354	31
1355	23
1356	22
1357	29
1358	38
1359	24
1360	35
1361	29
1362	27
1363	23
1364	20
1365	32
1366	18
1367	23
1368	26
1369	26
1370	28
1371	36
1372	23
1373	20
1374	29
1375	37
1376	18
1377	27
1378	26
1379	38
1380	26
1381	33
1382	27
1383	24
1384	27
1385	29
1386	26
1387	28
1388	34
1389	36
1390	37
1391	25
1392	27
1393	36
1394	19
1395	29
1396	24
1397	34
1398	34
1399	39
1400	27
1401	37
1402	35
1403	27
1404	27
1405	32
1406	22
1407	27
1408	28
1409	26
1410	34
1411	24
1412	36
1413	32
1414	27
1415	34
1416	27
1417	23
1418	33
1419	25
1420	31
1421	32
1422	40
1423	31
1424	31
1425	29
1426	32
1427	27
1428	29
1429	25
1430	30
1431	41
1432	27
1433	25
1434	32
1435	32
1436	27
1437	26
1438	35
1439	28
1440	31
1441	45
1442	31
1443	31
1444	30
1445	39
1446	29
1447	25
1448	34
1449	29
1450	34
1451	31
1452	37
1453	24
1454	34
1455	33
1456	20
1457	24
1458	31
1459	39
1460	40
1461	37
1462	28
1463	24
1464	37
1465	24
1466	44
1467	38
1468	30
1469	31
1470	39
1471	24
1472	34
1473	34
1474	31
1475	27
1476	30
1477	40
1478	40
1479	29
1480	28
1481	29
1482	40
1483	19
1484	25
1485	30
1486	37
1487	38
1488	31
1489	44
1490	31
1491	26
1492	23
1493	36
1494	28
1495	27
1496	32
1497	32
1498	31
1499	28
1500	26
1501	30
1502	37
1503	36
1504	33
1505	28
1506	29
1507	33
1508	35
1509	26
1510	31
1511	34
1512	33
1513	23
1514	32
1515	37
1516	33
1517	43
1518	33
1519	41
1520	39
1521	24
1522	36
1523	38
1524	26
1525	34
1526	28
1527	40
1528	34
1529	28
1530	37
1531	40
1532	35
1533	42
1534	27
1535	23
1536	40
1537	29
1538	45
1539	38
1540	33
1541	32
1542	36
1543	30
1544	31
1545	39
1546	30
1547	37
1548	33
1549	32
1550	43
1551	39
1552	35
1553	39
1554	31
1555	40
1556	39
1557	47
1558	31
1559	37
1560	30
1561	36
1562	41
1563	37
1564	30
1565	37
1566	31
1567	42
1568	41
1569	42
1570	41
1571	29
1572	38
1573	28
1574	34
1575	33
1576	24
1577	36
1578	26
1579	42
1580	39
1581	35
1582	46
1583	43
1584	33
1585	44
1586	36
1587	33
1588	31
1589	29
1590	47
1591	38
1592	41
1593	37
1594	27
1595	28
1596	31
1597	32
1598	31
1599	29
1600	31
1601	38
1602	28
1603	38
1604	38
1605	48
1606	37
1607	33
1608	40
1609	39
1610	29
1611	38
1612	34
1613	31
1614	36
1615	30
1616	37
1617	41
1618	29
1619	21
1620	32
1621	33
1622	42
1623	29
1624	38
1625	35
1626	31
1627	33
1628	36
1629	40
1630	35
1631	26
1632	30
1633	50
1634	30
1635	31
1636	34
1637	37
1638	26
1639	40
1640	38
1641	35
1642	38
1643	39
1644	31
1645	33
1646	38
1647	36
1648	31
1649	31
1650	23
1651	24
1652	27
1653	24
1654	44
1655	34
1656	31
1657	23
1658	32
1659	42
1660	31
1661	29
1662	33
1663	35
1664	24
1665	35
1666	35
1667	21
1668	31
1669	27
1670	22
1671	25
1672	27
1673	44
1674	29
1675	40
1676	29
1677	32
1678	33
1679	25
1680	30
1681	30
1682	24
1683	22
1684	27
1685	30
1686	34
1687	31
1688	36
1689	37
1690	27
1691	38
1692	38
1693	22
1694	32
1695	26
1696	23
1697	42
1698	27
1699	30
1700	30
1701	26
1702	33
1703	20
1704	24
1705	21
1706	27
1707	32
1708	28
1709	29
1710	23
1711	26
1712	16
1713	15
1714	20
1715	25
1716	23
1717	38
1718	28
1719	25
1720	22
1721	15
1722	31
1723	27
1724	14
1725	25
1726	27
1727	29
1728	31
1729	17
1730	20
1731	25
1732	30
1733	30
1734	21
1735	24
1736	30
1737	22
1738	27
1739	21
1740	27
1741	27
1742	24
1743	21
1744	24
1745	38
1746	25
1747	27
1748	23
1749	21
1750	24
1751	35
1752	22
1753	28
1754	19
1755	25
1756	31
1757	30
1758	27
1759	20
1760	22
1761	33
1762	15
1763	21
1764	13
1765	20
1766	21
1767	23
1768	22
1769	23
1770	20
1771	16
1772	22
1773	19
1774	28
1775	21
1776	27
1777	20
1778	20
1779	17
1780	26
1781	30
1782	27
1783	32
1784	22
1785	29
1786	23
1787	22
1788	23
1789	26
1790	22
1791	26
1792	20
1793	20
1794	19
1795	17
1796	29
1797	26
1798	18
1799	26
1800	21
1801	19
1802	30
1803	21
1804	12
1805	16
1806	26
1807	21
1808	25
1809	28
1810	26
1811	23
1812	22
1813	27
1814	26
1815	21
1816	21
1817	17
1818	16
1819	20
1820	21
1821	20
1822	19
1823	20
1824	22
1825	24
1826	23
1827	20
1828	20
1829	25
1830	18
1831	19
1832	18
1833	18
1834	19
1835	25
1836	16
1837	25
1838	14
1839	17
1840	21
1841	17
1842	19
1843	33
1844	16
1845	30
1846	23
1847	17
1848	17
1849	24
1850	14
1851	22
1852	25
1853	16
1854	15
1855	19
1856	24
1857	29
1858	20
1859	19
1860	20
1861	16
1862	17
1863	16
1864	19
1865	20
1866	21
1867	14
1868	19
1869	21
1870	18
1871	21
1872	14
1873	17
1874	22
1875	14
1876	13
1877	18
1878	22
1879	13
1880	28
1881	16
1882	15
1883	22
1884	19
1885	18
1886	25
1887	23
1888	14
1889	18
1890	13
1891	19
1892	20
1893	15
1894	16
1895	17
1896	13
1897	24
1898	25
1899	23
1900	13
1901	17
1902	17
1903	20
1904	25
1905	16
1906	21
1907	21
1908	17
1909	22
1910	23
1911	23
1912	21
1913	14
1914	19
1915	18
1916	17
1917	18
1918	15
1919	19
1920	22
1921	22
1922	7
1923	14
1924	22
1925	19
1926	20
1927	13
1928	17
1929	17
1930	21
1931	14
1932	20
1933	11
1934	22
1935	16
1936	17
1937	19
1938	17
1939	17
1940	24
1941	21
1942	22
1943	15
1944	15
1945	11
1946	23
1947	14
1948	16
1949	19
1950	15
1951	23
1952	24
1953	15
1954	22
1955	22
1956	17
1957	16
1958	17
1959	19
1960	16
1961	17
1962	27
1963	15
1964	7
1965	8
1966	16
1967	13
1968	22
1969	24
1970	22
1971	23
1972	21
1973	24
1974	13
1975	19
1976	14
1977	14
1978	20
1979	14
1980	22
1981	11
1982	20
1983	24
1984	19
1985	16
1986	13
1987	13
1988	17
1989	13
1990	13
1991	15
1992	14
1993	21
1994	12
1995	22
1996	16
1997	27
1998	15
1999	14
2000	17
2001	15
2002	14
2003	17
2004	22
2005	15
2006	16
2007	20
2008	15
2009	17
2010	14
2011	26
2012	24
2013	15
2014	21
2015	27
2016	24
2017	22
2018	18
2019	17
2020	20
2021	25
2022	18
2023	12
2024	10
2025	15
2026	20
2027	18
2028	17
2029	10
2030	21
2031	26
2032	20
2033	15
2034	15
2035	14
2036	17
2037	18
2038	18
2039	14
2040	14
2041	16
2042	18
2043	19
2044	16
2045	11
2046	9
2047	20
2048	9
2049	8
2050	14
2051	21
2052	17
2053	13
2054	21
2055	25
2056	24
2057	16
2058	10
2059	14
2060	11
2061	13
2062	13
2063	14
2064	14
2065	20
2066	14
2067	13
2068	18
2069	22
2070	10
2071	21
2072	12
2073	20
2074	14
2075	21
2076	17
2077	15
2078	14
2079	11
2080	17
2081	13
2082	18
2083	19
2084	19
2085	23
2086	17
2087	20
2088	20
2089	18
2090	20
2091	22
2092	18
2093	14
2094	20
2095	23
2096	16
2097	18
2098	17
2099	16
2100	16
2101	23
2102	15
2103	19
2104	16
2105	18
2106	18
2107	10
2108	15
2109	18
2110	14
2111	23
2112	15
2113	17
2114	14
2115	25
2116	18
2117	15
2118	25
2119	14
2120	27
2121	21
2122	18
2123	24
2124	16
2125	19
2126	19
2127	26
2128	10
2129	22
2130	19
2131	16
2132	11
2133	15
2134	18
2135	18
2136	19
2137	13
2138	20
2139	24
2140	20
2141	16
2142	14
2143	17
2144	14
2145	20
2146	19
2147	12
2148	22
2149	27
2150	10
2151	14
2152	18
2153	20
2154	15
2155	19
2156	10
2157	26
2158	18
2159	20
2160	17
2161	21
2162	18
2163	17
2164	17
2165	22
2166	21
2167	18
2168	21
2169	19
2170	12
2171	28
2172	22
2173	13
2174	19
2175	20
2176	17
2177	15
2178	13
2179	28
2180	23
2181	23
2182	20
2183	29
2184	30
2185	25
2186	16
2187	15
2188	13
2189	22
2190	20
2191	20
2192	14
2193	28
2194	19
2195	25
2196	17
2197	17
2198	16
2199	12
2200	18
2201	20
2202	24
2203	19
2204	19
2205	17
2206	19
2207	18
2208	12
2209	17
2210	21
2211	10
2212	17
2213	16
2214	31
2215	18
2216	16
2217	16
2218	24
2219	23
2220	16
2221	12
2222	20
2223	18
2224	24
2225	17
2226	21
2227	20
2228	15
2229	16
2230	14
2231	20
2232	16
2233	16
2234	17
2235	22
2236	26
2237	21
2238	21
2239	24
2240	24
2241	20
2242	16
2243	19
2244	20
2245	20
2246	23
2247	24
2248	16
2249	17
2250	14
2251	17
2252	16
2253	20
2254	18
2255	23
2256	14
2257	23
2258	20
2259	22
2260	22
2261	26
2262	28
2263	27
2264	27
2265	29
2266	18
2267	31
2268	22
2269	17
2270	27
2271	16
2272	18
2273	22
2274	30
2275	13
2276	14
2277	24
2278	20
2279	21
2280	23
2281	16
2282	24
2283	21
2284	21
2285	22
2286	26
2287	24
2288	25
2289	16
2290	21
2291	21
2292	16
2293	17
2294	24
2295	20
2296	25
2297	30
2298	22
2299	35
2300	24
2301	23
2302	17
2303	15
2304	30
2305	30
2306	21
2307	27
2308	22
2309	23
2310	25
2311	32
2312	20
2313	35
2314	25
2315	18
2316	27
2317	25
2318	28
2319	15
2320	29
2321	23
2322	22
2323	19
2324	25
2325	32
2326	24
2327	26
2328	20
2329	21
2330	22
2331	16
2332	31
2333	26
2334	27
2335	24
2336	31
2337	19
2338	15
2339	25
2340	29
2341	17
2342	26
2343	21
2344	28
2345	27
2346	27
2347	14
2348	31
2349	23
2350	28
2351	22
2352	25
2353	27
2354	24
2355	29
2356	29
2357	23
2358	25
2359	30
2360	29
2361	24
2362	28
2363	34
2364	33
2365	30
2366	31
2367	18
2368	17
2369	34
2370	27
2371	25
2372	24
2373	22
2374	33
2375	19
2376	25
2377	27
2378	25
2379	20
2380	29
2381	24
2382	31
2383	24
2384	29
2385	32
2386	17
2387	25
2388	24
2389	37
2390	20
2391	27
2392	25
2393	25
2394	38
2395	25
2396	27
2397	20
2398	27
2399	29
2400	38
2401	29
2402	27
2403	23
2404	23
2405	41
2406	36
2407	23
2408	25
2409	19
2410	31
2411	29
2412	29
2413	25
2414	34
2415	17
2416	24
2417	28
2418	36
2419	35
2420	25
2421	21
2422	28
2423	23
2424	31
2425	17
2426	30
2427	22
2428	28
2429	36
2430	28
2431	24
2432	28
2433	28
2434	23
2435	32
2436	23
2437	30
2438	18
2439	29
2440	35
2441	23
2442	25
2443	25
2444	26
2445	35
2446	34
2447	22
2448	23
2449	33
2450	36
2451	22
2452	26
2453	24
2454	25
2455	25
2456	28
2457	28
2458	26
2459	19
2460	32
2461	34
2462	28
2463	34
2464	33
2465	25
2466	30
2467	32
2468	39
2469	28
2470	34
2471	20
2472	33
2473	26
2474	23
2475	26
2476	22
2477	33
2478	27
2479	26
2480	27
2481	40
2482	28
2483	21
2484	28
2485	28
2486	28
2487	24
2488	29
2489	26
2490	44
2491	21
2492	33
2493	35
2494	23
2495	34
2496	26
2497	28
2498	36
2499	24
2500	27
2501	27
2502	35
2503	27
2504	30
2505	28
2506	28
2507	33
2508	32
2509	39
2510	27
2511	27
2512	15
2513	26
2514	27
2515	24
2516	29
2517	29
2518	32
2519	26
2520	25
2521	28
2522	27
2523	23
2524	18
2525	27
2526	22
2527	30
2528	27
2529	37
2530	27
2531	19
2532	30
2533	31
2534	24
2535	29
2536	32
2537	20
2538	31
2539	37
2540	25
2541	25
2542	39
2543	26
2544	34
2545	30
2546	29
2547	22
2548	28
2549	24
2550	33
2551	25
2552	22
2553	29
2554	30
2555	24
2556	22
2557	28
2558	28
2559	27
2560	17
2561	35
2562	28
2563	29
2564	25
2565	34
2566	25
2567	24
2568	23
2569	21
2570	17
2571	26
2572	26
2573	20
2574	19
2575	27
2576	20
2577	36
2578	28
2579	15
2580	20
2581	22
2582	25
2583	18
2584	22
2585	23
2586	31
2587	27
2588	24
2589	17
2590	29
2591	32
2592	29
2593	32
2594	23
2595	23
2596	22
2597	20
2598	13
2599	25
2600	24
2601	20
2602	21
2603	29
2604	19
2605	22
2606	22
2607	21
2608	36
2609	26
2610	28
2611	25
2612	18
2613	21
2614	27
2615	21
2616	19
2617	21
2618	22
2619	20
2620	22
2621	17
2622	13
2623	21
2624	18
2625	19
2626	21
2627	27
2628	25
2629	15
2630	21
2631	27
2632	22
2633	23
2634	31
2635	21
2636	20
2637	26
2638	22
2639	17
2640	23
2641	28
2642	22
2643	35
2644	17
2645	16
2646	23
2647	28
2648	19
2649	18
2650	27
2651	20
2652	24
2653	21
2654	19
2655	14
2656	27
2657	22
2658	15
2659	18
2660	21
2661	20
2662	19
2663	20
2664	17
2665	17
2666	19
2667	20
2668	19
2669	13
2670	15
2671	12
2672	15
2673	20
2674	18
2675	13
2676	25
2677	19
2678	24
2679	13
2680	20
2681	15
2682	15
2683	10
2684	15
2685	21
2686	23
2687	23
2688	14
2689	8
2690	13
2691	20
2692	12
2693	9
2694	18
2695	26
2696	21
2697	24
2698	15
2699	14
2700	19
2701	19
2702	18
2703	16
2704	20
2705	16
2706	19
2707	12
2708	13
2709	14
2710	15
2711	14
2712	15
2713	15
2714	18
2715	14
2716	13
2717	10
2718	15
2719	20
2720	10
2721	15
2722	12
2723	17
2724	18
2725	16
2726	13
2727	20
2728	12
2729	24
2730	12
2731	13
2732	14
2733	10
2734	8
2735	13
2736	16
2737	14
2738	21
2739	5
2740	15
2741	18
2742	11
2743	9
2744	17
2745	15
2746	11
2747	18
2748	14
2749	12
2750	16
2751	8
2752	12
2753	11
2754	19
2755	11
2756	14
2757	13
2758	8
2759	17
2760	12
2761	13
2762	23
2763	17
2764	17
2765	8
2766	14
2767	8
2768	21
2769	11
2770	17
2771	8
2772	10
2773	10
2774	13
2775	7
2776	18
2777	18
2778	14
2779	12
2780	7
2781	16
2782	10
2783	12
2784	12
2785	11
2786	12
2787	14
2788	9
2789	10
2790	20
2791	15
2792	10
2793	15
2794	18
2795	15
2796	11
2797	13
2798	11
2799	13
2800	5
2801	17
2802	20
2803	13
2804	8
2805	7
2806	17
2807	12
2808	8
2809	11
2810	7
2811	7
2812	16
2813	13
2814	13
2815	11
2816	15
2817	9
2818	12
2819	11
2820	7
2821	7
2822	16
2823	15
2824	10
2825	6
2826	14
2827	19
2828	15
2829	11
2830	21
2831	7
2832	11
2833	11
2834	16
2835	10
2836	10
2837	5
2838	8
2839	7
2840	9
2841	8
2842	9
2843	11
2844	7
2845	14
2846	14
2847	14
2848	12
2849	5
2850	13
2851	7
2852	9
2853	5
2854	6
2855	16
2856	10
2857	7
2858	8
2859	10
2860	5
2861	6
2862	19
2863	13
2864	11
2865	15
2866	11
2867	15
2868	14
2869	10
2870	10
2871	5
2872	14
2873	14
2874	15
2875	13
2876	9
2877	8
2878	12
2879	9
2880	11
2881	11
2882	14
2883	10
2884	12
2885	7
2886	11
2887	6
2888	7
2889	11
2890	15
2891	13
2892	7
2893	14
2894	10
2895	10
2896	9
2897	6
2898	7
2899	10
2900	9
2901	16
2902	10
2903	13
2904	6
2905	5
2906	18
2907	5
2908	11
2909	11
2910	11
2911	10
2912	12
2913	10
2914	13
2915	8
2916	4
2917	11
2918	11
2919	9
2920	8
2921	11
2922	13
2923	8
2924	13
2925	6
2926	11
2927	8
2928	11
2929	19
2930	11
2931	7
2932	11
2933	8
2934	14
2935	9
2936	10
2937	8
2938	10
2939	8
2940	14
2941	13
2942	9
2943	13
2944	12
2945	9
2946	12
2947	14
2948	7
2949	12
2950	13
2951	9
2952	9
2953	12
2954	3
2955	8
2956	9
2957	5
2958	11
2959	11
2960	9
2961	7
2962	5
2963	10
2964	6
2965	7
2966	10
2967	10
2968	6
2969	8
2970	9
2971	10
2972	9
2973	9
2974	16
2975	8
2976	12
2977	15
2978	9
2979	10
2980	5
2981	8
2982	6
2983	10
2984	6
2985	14
2986	8
2987	11
2988	8
2989	9
2990	11
2991	5
2992	7
2993	7
2994	14
2995	5
2996	7
2997	7
2998	4
2999	19
3000	8
3001	12
3002	10
3003	9
3004	11
3005	6
3006	11
3007	4
3008	15
3009	14
3010	9
3011	8
3012	7
3013	14
3014	10
3015	6
3016	18
3017	5
3018	9
3019	12
3020	6
3021	9
3022	2
3023	6
3024	5
3025	5
3026	6
3027	5
3028	13
3029	8
3030	15
3031	6
3032	10
3033	7
3034	13
3035	17
3036	10
3037	7
3038	9
3039	8
3040	12
3041	11
3042	9
3043	11
3044	10
3045	9
3046	9
3047	6
3048	14
3049	10
3050	13
3051	10
3052	10
3053	14
3054	8
3055	2
3056	10
3057	11
3058	6
3059	15
3060	7
3061	10
3062	12
3063	7
3064	16
3065	10
3066	12
3067	10
3068	11
3069	7
3070	9
3071	11
3072	9
3073	18
3074	8
3075	7
3076	6
3077	5
3078	17
3079	9
3080	12
3081	6
3082	8
3083	9
3084	8
3085	6
3086	9
3087	13
3088	7
3089	10
3090	13
3091	6
3092	10
3093	5
3094	9
3095	7
3096	9
3097	7
3098	8
3099	7
3100	12
3101	6
3102	13
3103	8
3104	10
3105	5
3106	5
3107	12
3108	10
3109	9
3110	12
3111	5
3112	14
3113	13
3114	5
3115	6
3116	11
3117	6
3118	8
3119	10
3120	9
3121	7
3122	8
3123	8
3124	6
3125	8
3126	6
3127	11
3128	6
3129	5
3130	7
3131	8
3132	4
3133	7
3134	14
3135	8
3136	13
3137	12
3138	10
3139	9
3140	7
3141	10
3142	8
3143	10
3144	8
3145	7
3146	8
3147	7
3148	5
3149	4
3150	5
3151	8
3152	11
3153	6
3154	7
3155	5
3156	3
3157	5
3158	6
3159	5
3160	6
3161	13
3162	10
3163	4
3164	11
3165	13
3166	13
3167	7
3168	5
3169	10
3170	5
3171	6
3172	13
3173	7
3174	3
3175	8
3176	7
3177	10
3178	11
3179	8
3180	3
3181	8
3182	7
3183	11
3184	12
3185	8
3186	8
3187	8
3188	6
3189	6
3190	5
3191	11
3192	5
3193	12
3194	9
3195	3
3196	8
3197	8
3198	9
3199	10
3200	7
3201	5
3202	6
3203	8
3204	8
3205	11
3206	8
3207	8
3208	7
3209	9
3210	12
3211	5
3212	10
3213	8
3214	11
3215	9
3216	8
3217	15
3218	5
3219	14
3220	3
3221	9
3222	8
3223	6
3224	4
3225	7
3226	10
3227	8
3228	11
3229	12
3230	7
3231	6
3232	9
3233	9
3234	2
3235	9
3236	7
3237	6
3238	9
3239	4
3240	10
3241	7
3242	7
3243	7
3244	3
3245	9
3246	8
3247	9
3248	16
3249	5
3250	10
3251	9
3252	8
3253	3
3254	12
3255	5
3256	8
3257	6
3258	9
3259	13
3260	15
3261	7
3262	8
3263	12
3264	10
3265	11
3266	10
3267	9
3268	6
3269	8
3270	13
3271	7
3272	8
3273	1
3274	7
3275	5
3276	8
3277	11
3278	5
3279	8
3280	8
3281	5
3282	7
3283	13
3284	9
3285	10
3286	6
3287	6
3288	6
3289	5
3290	3
3291	6
3292	11
3293	8
3294	9
3295	8
3296	11
3297	5
3298	8
3299	8
3300	7
3301	9
3302	8
3303	13
3304	8
3305	6
3306	4
3307	9
3308	10
3309	7
3310	6
3311	5
3312	10
3313	6
3314	6
3315	11
3316	5
3317	7
3318	11
3319	8
3320	5
3321	15
3322	8
3323	6
3324	9
3325	4
3326	13
3327	7
3328	8
3329	6
3330	5
3331	6
3332	11
3333	6
3334	8
3335	8
3336	1
3337	7
3338	10
3339	8
3340	7
3341	6
3342	3
3343	4
3344	7
3345	7
3346	8
3347	9
3348	7
3349	7
3350	4
3351	6
3352	9
3353	2
3354	9
3355	9
3356	8
3357	5
3358	15
3359	11
3360	5
3361	12
3362	10
3363	9
3364	5
3365	10
3366	4
3367	8
3368	8
3369	13
3370	8
3371	4
3372	7
3373	3
3374	2
3375	9
3376	6
3377	6
3378	9
3379	10
3380	11
3381	5
3382	5
3383	4
3384	8
3385	4
3386	4
3387	7
3388	10
3389	11
3390	3
3391	9
3392	6
3393	3
3394	3
3395	9
3396	11
3397	7
3398	9
3399	8
3400	8
3401	11
3402	11
3403	3
3404	10
3405	10
3406	8
3407	11
3408	8
3409	4
3410	6
3411	8
3412	3
3413	4
3414	8
3415	10
3416	6
3417	12
3418	9
3419	6
3420	7
3421	5
3422	10
3423	3
3424	6
3425	3
3426	6
3427	10
3428	7
3429	4
3430	6
3431	4
3432	4
3433	8
3434	4
3435	6
3436	8
3437	2
3438	5
3439	12
3440	6
3441	6
3442	4
3443	3
3444	3
3445	7
3446	12
3447	8
3448	8
3449	8
3450	5
3451	5
3452	9
3453	9
3454	3
3455	7
3456	8
3457	10
3458	9
3459	5
3460	8
3461	11
3462	10
3463	8
3464	5
3465	7
3466	4
3467	7
3468	6
3469	10
3470	11
3471	10
3472	8
3473	5
3474	9
3475	8
3476	9
3477	8
3478	8
3479	4
3480	9
3481	12
3482	6
3483	8
3484	7
3485	7
3486	6
3487	7
3488	7
3489	7
3490	6
3491	5
3492	5
3493	4
3494	7
3495	7
3496	5
3497	10
3498	2
3499	7
3500	11
3501	5
3502	5
3503	5
3504	9
3505	5
3506	9
3507	6
3508	7
3509	7
3510	3
3511	7
3512	7
3513	10
3514	8
3515	9
3516	7
3517	7
3518	7
3519	5
3520	11
3521	7
3522	12
3523	7
3524	1
3525	5
3526	3
3527	4
3528	8
3529	7
3530	8
3531	6
3532	4
3533	2
3534	6
3535	9
3536	9
3537	9
3538	7
3539	2
3540	8
3541	2
3542	4
3543	8
3544	9
3545	5
3546	4
3547	4
3548	5
3549	8
3550	8
3551	9
3552	7
3553	4
3554	7
3555	5
3556	4
3557	10
3558	8
3559	7
3560	7
3561	5
3562	4
3563	8
3564	3
3565	10
3566	6
3567	8
3568	7
3569	3
3570	7
3571	6
3572	7
3573	9
3574	3
3575	5
3576	8
3577	7
3578	8
3579	5
3580	12
3581	8
3582	5
3583	2
3584	11
3585	4
3586	6
3587	7
3588	4
3589	9
3590	5
3591	6
3592	7
3593	8
3594	4
3595	8
3596	11
3597	7
3598	9
3599	6
3600	11
3601	5
3602	10
3603	10
3604	5
3605	7
3606	7
3607	6
3608	5
3609	6
3610	3
3611	8
3612	7
3613	7
3614	5
3615	8
3616	5
3617	2
3618	5
3619	11
3620	12
3621	6
3622	7
3623	10
3624	6
3625	6
3626	6
3627	7
3628	5
3629	4
3630	9
3631	5
3632	4
3633	10
3634	4
3635	12
3636	8
3637	4
3638	7
3639	5
3640	7
3641	12
3642	6
3643	12
3644	5
3645	6
3646	2
3647	3
3648	10
3649	4
3650	14
3651	15
3652	6
3653	9
3654	7
3655	9
3656	8
3657	5
3658	8
3659	5
3660	6
3661	3
3662	4
3663	3
3664	5
3665	8
3666	3
3667	6
3668	6
3669	6
3670	12
3671	9
3672	7
3673	5
3674	7
3675	7
3676	6
3677	7
3678	8
3679	5
3680	5
3681	12
3682	6
3683	6
3684	9
3685	3
3686	8
3687	7
3688	5
3689	6
3690	5
3691	12
3692	8
3693	4
3694	4
3695	10
3696	8
3697	15
3698	10
3699	5
3700	11
3701	6
3702	7
3703	9
3704	13
3705	7
3706	8
3707	6
3708	7
3709	6
3710	8
3711	12
3712	9
3713	10
3714	6
3715	8
3716	3
3717	8
3718	6
3719	6
3720	9
3721	3
3722	5
3723	4
3724	9
3725	3
3726	7
3727	4
3728	7
3729	8
3730	5
3731	9
3732	9
3733	7
3734	9
3735	10
3736	11
3737	4
3738	7
3739	4
3740	9
3741	11
3742	1
3743	10
3744	5
3745	7
3746	4
3747	6
3748	3
3749	8
3750	6
3751	5
3752	7
3753	5
3754	8
3755	5
3756	8
3757	7
3758	9
3759	10
3760	8
3761	5
3762	5
3763	6
3764	11
3765	9
3766	8
3767	6
3768	7
3769	2
3770	6
3771	2
3772	3
3773	6
3774	9
3775	10
3776	4
3777	7
3778	7
3779	9
3780	6
3781	5
3782	5
3783	5
3784	8
3785	10
3786	8
3787	6
3788	13
3789	8
3790	4
3791	8
3792	6
3793	4
3794	7
3795	8
3796	5
3797	7
3798	4
3799	5
3800	11
3801	4
3802	6
3803	5
3804	3
3805	2
3806	6
3807	3
3808	11
3809	8
3810	5
3811	14
3812	15
3813	3
3814	6
3815	8
3816	10
3817	4
3818	8
3819	6
3820	6
3821	6
3822	11
3823	4
3824	6
3825	15
3826	4
3827	2
3828	4
3829	5
3830	2
3831	6
3832	12
3833	3
3834	3
3835	8
3836	7
3837	8
3838	4
3839	6
3840	2
3841	7
3842	9
3843	3
3844	7
3845	9
3846	8
3847	9
3848	12
3849	8
3850	4
3851	4
3852	5
3853	6
3854	8
3855	4
3856	12
3857	8
3858	8
3859	5
3860	6
3861	5
3862	10
3863	10
3864	7
3865	10
3866	4
3867	6
3868	8
3869	4
3870	3
3871	6
3872	8
3873	6
3874	8
3875	6
3876	7
3877	9
3878	3
3879	9
3880	6
3881	7
3882	4
3883	7
3884	5
3885	12
3886	8
3887	6
3888	4
3889	4
3890	8
3891	7
3892	5
3893	0
3894	8
3895	10
3896	5
3897	9
3898	7
3899	9
3900	6
3901	6
3902	9
3903	9
3904	8
3905	7
3906	7
3907	6
3908	8
3909	4
3910	8
3911	7
3912	8
3913	8
3914	15
3915	10
3916	6
3917	6
3918	9
3919	8
3920	8
3921	5
3922	3
3923	8
3924	4
3925	5
3926	7
3927	4
3928	8
3929	9
3930	5
3931	4
3932	4
3933	6
3934	5
3935	10
3936	2
3937	5
3938	8
3939	8
3940	5
3941	3
3942	7
3943	3
3944	8
3945	10
3946	8
3947	8
3948	10
3949	3
3950	7
3951	8
3952	4
3953	7
3954	6
3955	5
3956	10
3957	6
3958	4
3959	9
3960	7
3961	9
3962	4
3963	8
3964	7
3965	3
3966	5
3967	4
3968	4
3969	8
3970	3
3971	8
3972	6
3973	2
3974	3
3975	5
3976	4
3977	8
3978	5
3979	5
3980	12
3981	4
3982	2
3983	7
3984	9
3985	7
3986	7
3987	8
3988	14
3989	7
3990	10
3991	6
3992	11
3993	6
3994	4
3995	11
3996	7
3997	6
3998	6
3999	8
4000	3
4001	4
4002	7
4003	12
4004	10
4005	5
4006	7
4007	8
4008	4
4009	5
4010	7
4011	8
4012	5
4013	8
4014	10
4015	5
4016	5
4017	4
4018	9
4019	4
4020	6
4021	10
4022	4
4023	7
4024	4
4025	6
4026	7
4027	7
4028	4
4029	3
4030	6
4031	7
4032	6
4033	6
4034	5
4035	5
4036	5
4037	5
4038	6
4039	7
4040	8
4041	6
4042	3
4043	9
4044	6
4045	5
4046	8
4047	4
4048	4
4049	6
4050	6
4051	5
4052	4
4053	5
4054	7
4055	6
4056	8
4057	4
4058	8
4059	6
4060	6
4061	9
4062	7
4063	6
4064	8
4065	6
4066	8
4067	3
4068	7
4069	3
4070	3
4071	7
4072	16
4073	7
4074	8
4075	4
4076	10
4077	7
4078	6
4079	10
4080	3
4081	7
4082	8
4083	4
4084	4
4085	2
4086	9
4087	10
4088	8
4089	4
4090	4
4091	15
4092	7
4093	5
4094	11
4095	8
4096	8
4097	4
4098	3
4099	7
4100	9
4101	4
4102	7
4103	2
4104	9
4105	10
4106	8
4107	3
4108	5
4109	5
4110	5
4111	7
4112	4
4113	5
4114	9
4115	6
4116	3
4117	14
4118	5
4119	8
4120	6
4121	10
4122	6
4123	9
4124	6
4125	3
4126	5
4127	7
4128	12
4129	4
4130	7
4131	12
4132	12
4133	6
4134	5
4135	5
4136	7
4137	7
4138	10
4139	9
4140	4
4141	7
4142	6
4143	7
4144	6
4145	7
4146	3
4147	5
4148	10
4149	6
4150	6
4151	5
4152	6
4153	5
4154	4
4155	8
4156	5
4157	9
4158	9
4159	11
4160	10
4161	5
4162	10
4163	8
4164	2
4165	7
4166	7
4167	7
4168	11
4169	7
4170	7
4171	7
4172	3
4173	9
4174	11
4175	8
4176	5
4177	10
4178	5
4179	4
4180	8
4181	5
4182	1
4183	5
4184	8
4185	9
4186	3
4187	4
4188	8
4189	8
4190	3
4191	8
4192	10
4193	7
4194	7
4195	11
4196	6
4197	5
4198	13
4199	8
4200	6
4201	5
4202	5
4203	10
4204	6
4205	8
4206	9
4207	12
4208	5
4209	4
4210	4
4211	2
4212	7
4213	11
4214	10
4215	6
4216	5
4217	7
4218	12
4219	7
4220	11
4221	9
4222	4
4223	7
4224	5
4225	3
4226	8
4227	11
4228	8
4229	9
4230	6
4231	12
4232	6
4233	7
4234	10
4235	5
4236	8
4237	9
4238	3
4239	6
4240	10
4241	6
4242	6
4243	5
4244	4
4245	4
4246	4
4247	11
4248	11
4249	6
4250	5
4251	8
4252	6
4253	6
4254	6
4255	10
4256	5
4257	7
4258	8
4259	7
4260	10
4261	10
4262	2
4263	11
4264	8
4265	6
4266	11
4267	9
4268	8
4269	7
4270	4
4271	8
4272	11
4273	8
4274	4
4275	5
4276	7
4277	7
4278	7
4279	5
4280	6
4281	9
4282	4
4283	4
4284	8
4285	7
4286	4
4287	4
4288	2
4289	11
4290	9
4291	11
4292	10
4293	7
4294	3
4295	4
4296	5
4297	11
4298	5
4299	5
4300	6
4301	9
4302	7
4303	9
4304	9
4305	7
4306	10
4307	11
4308	7
4309	8
4310	6
4311	8
4312	10
4313	8
4314	5
4315	9
4316	7
4317	10
4318	8
4319	5
4320	8
4321	10
4322	6
4323	4
4324	8
4325	8
4326	7
4327	6
4328	2
4329	13
4330	9
4331	10
4332	5
4333	5
4334	7
4335	6
4336	6
4337	7
4338	8
4339	8
4340	6
4341	6
4342	3
4343	11
4344	4
4345	10
4346	5
4347	13
4348	10
4349	3
4350	14
4351	4
4352	14
4353	8
4354	8
4355	12
4356	6
4357	3
4358	9
4359	4
4360	10
4361	6
4362	6
4363	7
4364	6
4365	7
4366	8
4367	4
4368	6
4369	7
4370	15
4371	7
4372	11
4373	17
4374	7
4375	3
4376	9
4377	9
4378	8
4379	2
4380	10
4381	4
4382	9
4383	9
4384	8
4385	4
4386	11
4387	9
4388	10
4389	8
4390	5
4391	4
4392	5
4393	6
4394	12
4395	6
4396	8
4397	4
4398	7
4399	9
4400	6
4401	9
4402	12
4403	8
4404	9
4405	5
4406	11
4407	10
4408	4
4409	9
4410	5
4411	12
4412	15
4413	5
4414	10
4415	5
4416	10
4417	5
4418	11
4419	8
4420	5
4421	7
4422	7
4423	11
4424	4
4425	7
4426	6
4427	11
4428	14
4429	9
4430	5
4431	17
4432	5
4433	4
4434	8
4435	9
4436	9
4437	13
4438	7
4439	15
4440	5
4441	7
4442	10
4443	7
4444	3
4445	8
4446	7
4447	10
4448	6
4449	12
4450	6
4451	11
4452	5
4453	8
4454	9
4455	14
4456	10
4457	6
4458	6
4459	5
4460	8
4461	8
4462	8
4463	8
4464	9
4465	6
4466	13
4467	5
4468	13
4469	10
4470	7
4471	10
4472	11
4473	5
4474	6
4475	6
4476	10
4477	11
4478	7
4479	11
4480	6
4481	12
4482	8
4483	6
4484	7
4485	10
4486	12
4487	6
4488	4
4489	13
4490	9
4491	19
4492	7
4493	5
4494	7
4495	6
4496	8
4497	14
4498	5
4499	11
4500	12
4501	5
4502	5
4503	8
4504	7
4505	10
4506	6
4507	13
4508	15
4509	11
4510	15
4511	14
4512	11
4513	7
4514	7
4515	15
4516	13
4517	12
4518	13
4519	15
4520	9
4521	10
4522	8
4523	7
4524	12
4525	8
4526	8
4527	12
4528	9
4529	6
4530	11
4531	12
4532	9
4533	8
4534	11
4535	10
4536	13
4537	8
4538	9
4539	14
4540	6
4541	13
4542	10
4543	10
4544	9
4545	10
4546	6
4547	9
4548	7
4549	5
4550	11
4551	13
4552	10
4553	14
4554	14
4555	9
4556	11
4557	15
4558	14
4559	8
4560	7
4561	14
4562	10
4563	13
4564	9
4565	8
4566	15
4567	13
4568	13
4569	12
4570	11
4571	11
4572	13
4573	8
4574	10
4575	10
4576	9
4577	11
4578	10
4579	16
4580	13
4581	14
4582	8
4583	14
4584	21
4585	9
4586	11
4587	9
4588	9
4589	8
4590	5
4591	10
4592	8
4593	10
4594	8
4595	15
4596	9
4597	6
4598	7
4599	8
4600	13
4601	9
4602	12
4603	20
4604	10
4605	12
4606	18
4607	1
4608	8
4609	13
4610	13
4611	17
4612	14
4613	9
4614	17
4615	10
4616	10
4617	11
4618	10
4619	12
4620	15
4621	14
4622	10
4623	9
4624	18
4625	8
4626	9
4627	16
4628	10
4629	10
4630	10
4631	14
4632	16
4633	9
4634	6
4635	9
4636	9
4637	16
4638	7
4639	11
4640	11
4641	12
4642	10
4643	11
4644	17
4645	10
4646	6
4647	16
4648	12
4649	8
4650	14
4651	13
4652	12
4653	7
4654	11
4655	19
4656	8
4657	15
4658	13
4659	11
4660	15
4661	12
4662	4
4663	12
4664	14
4665	6
4666	11
4667	14
4668	9
4669	9
4670	10
4671	8
4672	14
4673	15
4674	10
4675	15
4676	16
4677	12
4678	14
4679	8
4680	9
4681	16
4682	13
4683	9
4684	10
4685	11
4686	7
4687	13
4688	13
4689	13
4690	12
4691	14
4692	14
4693	10
4694	6
4695	9
4696	7
4697	7
4698	17
4699	9
4700	9
4701	14
4702	9
4703	9
4704	9
4705	6
4706	15
4707	6
4708	8
4709	8
4710	7
4711	12
4712	11
4713	11
4714	13
4715	12
4716	10
4717	15
4718	8
4719	12
4720	10
4721	11
4722	12
4723	14
4724	8
4725	16
4726	6
4727	13
4728	11
4729	9
4730	12
4731	8
4732	7
4733	19
4734	12
4735	6
4736	13
4737	15
4738	9
4739	13
4740	12
4741	10
4742	9
4743	9
4744	16
4745	11
4746	15
4747	8
4748	10
4749	11
4750	14
4751	14
4752	8
4753	6
4754	5
4755	17
4756	9
4757	12
4758	16
4759	7
4760	4
4761	9
4762	12
4763	7
4764	15
4765	9
4766	13
4767	12
4768	10
4769	8
4770	9
4771	10
4772	9
4773	14
4774	10
4775	6
4776	12
4777	12
4778	7
4779	11
4780	9
4781	13
4782	6
4783	9
4784	7
4785	9
4786	8
4787	13
4788	7
4789	7
4790	2
4791	4
4792	14
4793	13
4794	10
4795	12
4796	9
4797	6
4798	11
4799	8
4800	13
4801	9
4802	9
4803	10
4804	8
4805	9
4806	11
4807	8
4808	11
4809	10
4810	8
4811	9
4812	9
4813	7
4814	7
4815	9
4816	10
4817	7
4818	7
4819	8
4820	7
4821	6
4822	9
4823	8
4824	7
4825	6
4826	9
4827	4
4828	9
4829	8
4830	7
4831	8
4832	3
4833	8
4834	6
4835	9
4836	8
4837	8
4838	5
4839	5
4840	8
4841	6
4842	9
4843	3
4844	6
4845	7
4846	7
4847	9
4848	7
4849	8
4850	3
4851	9
4852	8
4853	9
4854	7
4855	5
4856	6
4857	6
4858	5
4859	9
4860	11
4861	8
4862	3
4863	8
4864	4
4865	5
4866	11
4867	6
4868	1
4869	7
4870	9
4871	3
4872	5
4873	7
4874	9
4875	10
4876	4
4877	5
4878	9
4879	8
4880	8
4881	5
4882	3
4883	7
4884	11
4885	4
4886	8
4887	6
4888	6
4889	5
4890	3
4891	3
4892	9
4893	5
4894	4
4895	6
4896	3
4897	7
4898	6
4899	4
4900	4
4901	7
4902	5
4903	1
4904	7
4905	4
4906	7
4907	5
4908	4
4909	2
4910	8
4911	3
4912	5
4913	5
4914	1
4915	4
4916	7
4917	2
4918	2
4919	1
4920	4
4921	2
4922	2
4923	3
4924	1
4925	5
4926	3
4927	3
4928	3
4929	4
4930	3
4931	2
4932	7
4933	1
4934	0
4935	6
4936	6
4937	0
4938	2
4939	1
4940	2
4941	3
4942	4
4943	2
4944	2
4945	0
4946	4
4947	3
4948	5
4949	2
4950	3
4951	2
4952	2
4953	1
4954	3
4955	1
4956	2
4957	0
4958	0
4959	3
4960	2
4961	5
4962	4
4963	5
4964	2
4965	3
4966	5
4967	1
4968	0
4969	1
4970	6
4971	4
4972	1
4973	4
4974	4
4975	6
4976	0
4977	1
4978	2
4979	3
4980	2
4981	1
4982	2
4983	1
4984	2
4985	4
4986	3
4987	0
4988	3
4989	1
4990	6
4991	3
4992	0
4993	2
4994	1
4995	2
4996	0
4997	3
4998	1
4999	3
5000	5
5001	1
5002	4
5003	1
5004	3
5005	1
5006	0
5007	3
5008	1
5009	3
5010	1
5011	0
5012	3
5013	2
5014	2
5015	2
5016	2
5017	1
5018	2
5019	0
5020	1
5021	3
5022	1
5023	3
5024	1
5025	1
5026	3
5027	2
5028	1
5029	0
5030	0
5031	2
5032	2
5033	1
5034	3
5035	2
5036	0
5037	0
5038	1
5039	0
5040	4
5041	0
5042	1
5043	0
5044	1
5045	2
5046	1
5047	0
5048	1
5049	0
5050	2
5051	1
5052	2
5053	1
5054	0
5055	0
5056	1
5057	2
5058	1
5059	2
5060	1
5061	3
5062	0
5063	3
5064	1
5065	4
5066	1
5067	2
5068	1
5069	1
5070	1
5071	0
5072	1
5073	1
5074	1
5075	0
5076	0
5077	1
5078	0
5079	1
5080	1
5081	0
5082	0
5083	0
5084	1
5085	1
5086	0
5087	4
5088	1
5089	0
5090	0
5091	0
5092	0
5093	1
5094	0
5095	1
5096	3
5097	0
5098	1
5099	1
5100	0
5101	2
5102	1
5103	1
5104	0
5105	2
5106	1
5107	2
5108	0
5109	0
5110	1
5111	1
5112	1
5113	3
5114	3
5115	1
5116	0
5117	0
5118	1
5119	0
5120	0
5121	0
5122	1
5123	1
5124	0
5125	1
5126	0
5127	1
5128	0
5129	1
5130	2
5131	2
5132	0
5133	2
5134	1
5135	2
5136	0
5137	1
5138	3
5139	0
5140	0
5141	0
5142	0
5143	1
5144	0
5145	0
5146	0
5147	2
5148	0
5149	1
5150	0
5151	0
5152	1
5153	1
5154	0
5155	0
5156	0
5157	0
5158	0
5159	1
5160	0
5161	1
5162	0
5163	2
5164	0
5165	0
5166	1
5167	1
5168	1
5169	1
5170	2
5171	1
5172	1
5173	0
5174	0
5175	2
5176	0
5177	1
5178	2
5179	0
5180	1
5181	1
5182	0
5183	0
5184	1
5185	1
5186	0
5187	0
5188	0
5189	0
5190	0
5191	0
5192	1
5193	0
5194	0
5195	1
5196	1
5197	0
5198	1
5199	0
5200	0
5201	0
5202	0
5203	2
5204	0
5205	0
5206	1
5207	0
5208	2
5209	0
5210	1
5211	1
5212	1
5213	1
5214	1
5215	0
5216	0
5217	2
5218	0
5219	1
5220	0
5221	1
5222	1
5223	0
5224	0
5225	1
5226	0
5227	0
5228	0
5229	0
5230	0
5231	0
5232	0
5233	1
5234	0
5235	1
5236	0
5237	0
5238	1
5239	0
5240	0
5241	0
5242	1
5243	1
5244	0
5245	1
5246	1
5247	0
5248	0
5249	1
5250	0
5251	1
5252	0
5253	1
5254	1
5255	0
5256	0
5257	1
5258	1
5259	0
5260	0
5261	0
5262	0
5263	1
5264	0
5265	0
5266	1
5267	0
5268	0
5269	0
5270	1
5271	0
5272	0
5273	1
5274	0
5275	0
5276	3
5277	0
5278	0
5279	1
5280	1
5281	0
5282	0
5283	0
5284	0
5285	0
5286	0
5287	1
5288	1
5289	0
5290	0
5291	1
5292	1
5293	2
5294	1
5295	0
5296	0
5297	0
5298	1
5299	0
5300	0
5301	1
5302	1
5303	0
5304	0
5305	1
5306	0
5307	0
5308	1
5309	0
5310	0
5311	1
5312	0
5313	1
5314	1
5315	0
5316	2
5317	0
5318	1
5319	0
5320	0
5321	0
5322	1
5323	1
5324	1
5325	0
5326	1
5327	1
5328	0
5329	1
5330	0
5331	3
5332	0
5333	0
5334	0
5335	2
5336	1
5337	1
5338	0
5339	1
5340	0
5341	1
5342	0
5343	0
5344	0
5345	1
5346	2
5347	1
5348	0
5349	1
5350	1
5351	0
5352	2
5353	1
5354	0
5355	2
5356	0
5357	2
5358	0
5359	1
5360	2
5361	0
5362	0
5363	0
5364	0
5365	0
5366	1
5367	0
5368	1
5369	0
5370	0
5371	0
5372	2
5373	0
5374	0
5375	1
5376	0
5377	0
5378	0
5379	0
5380	0
5381	0
5382	0
5383	1
5384	0
5385	0
5386	1
5387	0
5388	1
5389	1
5390	0
5391	0
5392	0
5393	1
5394	0
5395	0
5396	0
5397	1
5398	1
5399	0
5400	0
5401	0
5402	0
5403	0
5404	0
5405	2
5406	0
5407	1
5408	1
5409	1
5410	3
5411	0
5412	1
5413	0
5414	1
5415	0
5416	0
5417	0
5418	1
5419	2
5420	0
5421	0
5422	1
5423	0
5424	2
5425	0
5426	0
5427	3
5428	1
5429	0
5430	0
5431	0
5432	1
5433	0
5434	0
5435	0
5436	1
5437	0
5438	0
5439	0
5440	0
5441	1
5442	0
5443	0
5444	0
5445	0
5446	0
5447	1
5448	0
5449	0
5450	2
5451	1
5452	0
5453	0
5454	0
5455	0
5456	0
5457	1
5458	0
5459	0
5460	0
5461	0
5462	1
5463	0
5464	1
5465	0
5466	1
5467	0
5468	2
5469	0
5470	0
5471	0
5472	2
5473	1
5474	0
5475	0
5476	0
5477	0
5478	0
5479	1
5480	0
5481	0
5482	0
5483	1
5484	0
5485	0
5486	1
5487	0
5488	0
5489	0
5490	0
5491	0
5492	1
5493	0
5494	1
5495	0
5496	1
5497	1
5498	0
5499	1
5500	0
5501	0
5502	0
5503	0
5504	0
5505	0
5506	1
5507	0
5508	0
5509	0
5510	1
5511	0
5512	1
5513	1
5514	0
5515	1
5516	0
5517	0
5518	2
5519	0
5520	0
5521	0
5522	1
5523	2
5524	1
5525	1
5526	0
5527	2
5528	1
5529	0
5530	1
5531	0
5532	1
5533	0
5534	0
5535	0
5536	0
5537	0
5538	2
5539	2
5540	1
5541	2
5542	0
5543	1
5544	1
5545	0
5546	1
5547	1
5548	0
5549	0
5550	0
5551	0
5552	0
5553	1
5554	0
5555	1
5556	0
5557	1
5558	1
5559	1
5560	2
5561	1
5562	0
5563	2
5564	0
5565	0
5566	2
5567	2
5568	0
5569	0
5570	2
5571	0
5572	0
5573	0
5574	1
5575	0
5576	0
5577	0
5578	0
5579	0
5580	0
5581	0
5582	0
5583	0
5584	0
5585	1
5586	0
5587	0
5588	2
5589	0
5590	2
5591	1
5592	3
5593	1
5594	0
5595	0
5596	2
5597	0
5598	0
5599	1
5600	0
5601	0
5602	0
5603	0
5604	1
5605	0
5606	0
5607	0
5608	1
5609	0
5610	0
5611	0
5612	1
5613	1
5614	1
5615	1
5616	0
5617	0
5618	1
5619	0
5620	0
5621	0
5622	0
5623	1
5624	0
5625	0
5626	0
5627	0
5628	1
5629	0
5630	0
5631	0
5632	1
5633	2
5634	1
5635	0
5636	1
5637	1
5638	1
5639	1
5640	1
5641	0
5642	0
5643	0
5644	0
5645	0
5646	1
5647	1
5648	1
5649	1
5650	0
5651	1
5652	1
5653	0
5654	1
5655	0
5656	1
5657	0
5658	1
5659	0
5660	0
5661	0
5662	0
5663	0
5664	0
5665	2
5666	0
5667	1
5668	0
5669	1
5670	0
5671	1
5672	1
5673	0
5674	0
5675	0
5676	0
5677	0
5678	1
5679	0
5680	0
5681	0
5682	2
5683	1
5684	0
5685	0
5686	1
5687	0
5688	1
5689	0
5690	2
5691	1
5692	1
5693	0
5694	0
5695	0
5696	0
5697	0
5698	1
5699	1
5700	2
5701	0
5702	0
5703	0
5704	0
5705	1
5706	0
5707	0
5708	1
5709	3
5710	1
5711	3
5712	0
5713	0
5714	0
5715	1
5716	1
5717	0
5718	0
5719	1
5720	0
5721	0
5722	0
5723	0
5724	0
5725	0
5726	0
5727	0
5728	0
5729	0
5730	0
5731	0
5732	0
5733	1
5734	0
5735	0
5736	0
5737	0
5738	1
5739	0
5740	0
5741	1
5742	2
5743	0
5744	2
5745	0
5746	0
5747	1
5748	2
5749	0
5750	0
5751	1
5752	0
5753	0
5754	0
5755	0
5756	0
5757	0
5758	1
5759	1
5760	0
5761	0
5762	2
5763	0
5764	0
5765	0
5766	1
5767	0
5768	0
5769	0
5770	0
5771	1
5772	1
5773	0
5774	0
5775	1
5776	2
5777	1
5778	0
5779	1
5780	2
5781	1
5782	1
5783	0
5784	1
5785	1
5786	0
5787	0
5788	0
5789	0
5790	0
5791	0
5792	0
5793	1
5794	0
5795	1
5796	0
5797	0
5798	2
5799	0
5800	0
5801	0
5802	0
5803	1
5804	0
5805	1
5806	0
5807	0
5808	1
5809	0
5810	0
5811	0
5812	0
5813	1
5814	1
5815	0
5816	0
5817	1
5818	1
5819	1
5820	0
5821	0
5822	1
5823	0
5824	0
5825	0
5826	0
5827	0
5828	0
5829	1
5830	0
5831	1
5832	0
5833	1
5834	1
5835	0
5836	1
5837	0
5838	0
5839	1
5840	0
5841	0
5842	1
5843	0
5844	1
5845	0
5846	0
5847	2
5848	0
5849	0
5850	2
5851	2
5852	0
5853	0
5854	1
5855	1
5856	1
5857	1
5858	0
5859	0
5860	2
5861	0
5862	2
5863	0
5864	2
5865	3
5866	1
5867	0
5868	1
5869	1
5870	1
5871	0
5872	0
5873	0
5874	1
5875	1
5876	1
5877	1
5878	1
5879	0
5880	2
5881	2
5882	0
5883	0
5884	0
5885	0
5886	1
5887	1
5888	0
5889	1
5890	0
5891	1
5892	0
5893	1
5894	1
5895	0
5896	0
5897	0
5898	0
5899	0
5900	0
5901	1
5902	1
5903	0
5904	0
5905	2
5906	0
5907	0
5908	0
5909	1
5910	0
5911	0
5912	1
5913	0
5914	0
5915	1
5916	0
5917	0
5918	1
5919	0
5920	0
5921	0
5922	0
5923	2
5924	1
5925	1
5926	1
5927	0
5928	1
5929	1
5930	0
5931	2
5932	0
5933	1
5934	0
5935	0
5936	1
5937	0
5938	0
5939	0
5940	0
5941	1
5942	0
5943	0
5944	0
5945	1
5946	0
5947	0
5948	0
5949	1
5950	0
5951	1
5952	1
5953	1
5954	0
5955	0
5956	0
5957	0
5958	0
5959	0
5960	0
5961	0
5962	0
5963	0
5964	1
5965	0
5966	0
5967	0
5968	0
5969	0
5970	2
5971	0
5972	0
5973	0
5974	1
5975	0
5976	1
5977	0
5978	0
5979	0
5980	0
5981	0
5982	0
5983	0
5984	1
5985	0
5986	4
5987	1
5988	0
5989	0
5990	0
5991	1
5992	0
5993	0
5994	0
5995	0
5996	1
5997	2
5998	1
5999	0
6000	0
6001	0
6002	0
6003	0
6004	0
6005	0
6006	1
6007	0
6008	0
6009	0
6010	0
6011	0
6012	0
6013	0
6014	1
6015	0
6016	0
6017	0
6018	1
6019	0
6020	1
6021	1
6022	0
6023	0
6024	0
6025	1
6026	0
6027	0
6028	1
6029	1
6030	1
6031	0
6032	0
6033	0
6034	0
6035	1
6036	1
6037	2
6038	0
6039	0
6040	2
6041	1
6042	0
6043	0
6044	1
6045	0
6046	0
6047	0
6048	0
6049	0
6050	1
6051	1
6052	0
6053	1
6054	0
6055	0
6056	1
6057	0
6058	1
6059	0
6060	1
6061	0
6062	1
6063	0
6064	0
6065	0
6066	0
6067	0
6068	1
6069	0
6070	1
6071	0
6072	1
6073	1
6074	0
6075	1
6076	0
6077	0
6078	0
6079	0
6080	0
6081	0
6082	0
6083	0
6084	0
6085	1
6086	0
6087	0
6088	0
6089	0
6090	0
6091	3
6092	0
6093	0
6094	1
6095	1
6096	0
6097	1
6098	1
6099	1
6100	0
6101	0
6102	0
6103	0
6104	0
6105	0
6106	1
6107	1
6108	1
6109	1
6110	1
6111	0
6112	0
6113	2
6114	0
6115	0
6116	0
6117	1
6118	1
6119	2
6120	0
6121	1
6122	0
6123	2
6124	0
6125	0
6126	2
6127	1
6128	0
6129	0
6130	2
6131	1
6132	1
6133	0
6134	0
6135	0
6136	1
6137	0
6138	1
6139	0
6140	0
6141	0
6142	0
6143	0
6144	0
6145	0
6146	1
6147	0
6148	0
6149	0
6150	1
6151	1
6152	0
6153	0
6154	1
6155	0
6156	0
6157	0
6158	0
6159	2
6160	0
6161	0
6162	0
6163	0
6164	0
6165	1
6166	0
6167	0
6168	0
6169	0
6170	0
6171	1
6172	0
6173	1
6174	0
6175	1
6176	1
6177	0
6178	1
6179	1
6180	0
6181	1
6182	0
6183	0
6184	0
6185	2
6186	1
6187	0
6188	0
6189	0
6190	0
6191	1
6192	0
6193	0
6194	1
6195	0
6196	2
6197	0
6198	1
6199	0
6200	0
6201	0
6202	2
6203	0
6204	0
6205	0
6206	0
6207	2
6208	0
6209	0
6210	2
6211	0
6212	0
6213	0
6214	0
6215	0
6216	1
6217	0
6218	2
6219	0
6220	0
6221	1
6222	0
6223	1
6224	0
6225	0
6226	2
6227	0
6228	1
6229	0
6230	1
6231	0
6232	0
6233	0
6234	2
6235	0
6236	0
6237	0
6238	0
6239	0
6240	0
6241	0
6242	0
6243	0
6244	2
6245	0
6246	0
6247	0
6248	0
6249	0
6250	0
6251	2
6252	0
6253	0
6254	0
6255	0
6256	0
6257	0
6258	1
6259	0
6260	0
6261	0
6262	0
6263	2
6264	0
6265	0
6266	0
6267	0
6268	4
6269	0
6270	1
6271	0
6272	0
6273	0
6274	0
6275	0
6276	2
6277	0
6278	0
6279	4
6280	0
6281	0
6282	0
6283	1
6284	0
6285	1
6286	2
6287	2
6288	2
6289	0
6290	0
6291	0
6292	0
6293	0
6294	1
6295	2
6296	0
6297	1
6298	0
6299	0
6300	0
6301	0
6302	1
6303	0
6304	0
6305	1
6306	0
6307	0
6308	0
6309	0
6310	0
6311	1
6312	0
6313	0
6314	2
6315	0
6316	0
6317	0
6318	1
6319	3
6320	0
6321	1
6322	0
6323	0
6324	1
6325	2
6326	0
6327	0
6328	1
6329	0
6330	0
6331	1
6332	0
6333	0
6334	0
6335	1
6336	0
6337	1
6338	0
6339	0
6340	0
6341	0
6342	1
6343	1
6344	0
6345	2
6346	0
6347	0
6348	1
6349	0
6350	0
6351	0
6352	2
6353	1
6354	1
6355	2
6356	0
6357	1
6358	0
6359	0
6360	0
6361	0
6362	0
6363	0
6364	1
6365	1
6366	0
6367	2
6368	2
6369	2
6370	0
6371	0
6372	0
6373	1
6374	0
6375	0
6376	0
6377	0
6378	1
6379	1
6380	0
6381	0
6382	0
6383	0
6384	0
6385	0
6386	2
6387	1
6388	1
6389	1
6390	0
6391	0
6392	1
6393	1
6394	0
6395	2
6396	0
6397	2
6398	2
6399	1
6400	0
6401	0
6402	0
6403	0
6404	1
6405	2
6406	0
6407	0
6408	0
6409	0
6410	2
6411	1
6412	0
6413	1
6414	2
6415	0
6416	0
6417	2
6418	0
6419	1
6420	0
6421	0
6422	1
6423	3
6424	1
6425	1
6426	2
6427	0
6428	1
6429	0
6430	0
6431	0
6432	2
6433	0
6434	1
6435	0
6436	0
6437	0
6438	0
6439	0
6440	1
6441	0
6442	0
6443	0
6444	1
6445	1
6446	2
6447	0
6448	0
6449	0
6450	1
6451	2
6452	0
6453	1
6454	2
6455	1
6456	0
6457	0
6458	0
6459	0
6460	0
6461	1
6462	0
6463	0
6464	0
6465	1
6466	0
6467	1
6468	1
6469	1
6470	0
6471	0
6472	0
6473	0
6474	2
6475	1
6476	1
6477	0
6478	0
6479	0
6480	0
6481	0
6482	0
6483	2
6484	0
6485	0
6486	0
6487	1
6488	1
6489	0
6490	0
6491	1
6492	1
6493	0
6494	0
6495	0
6496	0
6497	2
6498	1
6499	0
6500	2
6501	1
6502	0
6503	0
6504	0
6505	0
6506	1
6507	1
6508	1
6509	2
6510	0
6511	1
6512	0
6513	0
6514	0
6515	0
6516	0
6517	0
6518	0
6519	1
6520	0
6521	0
6522	0
6523	0
6524	1
6525	0
6526	0
6527	0
6528	1
6529	1
6530	0
6531	0
6532	1
6533	1
6534	0
6535	1
6536	0
6537	0
6538	1
6539	0
6540	1
6541	1
6542	0
6543	1
6544	0
6545	0
6546	0
6547	1
6548	0
6549	1
6550	0
6551	0
6552	0
6553	0
6554	0
6555	1
6556	1
6557	0
6558	0
6559	0
6560	1
6561	0
6562	0
6563	0
6564	0
6565	0
6566	1
6567	0
6568	2
6569	0
6570	0
6571	0
6572	0
6573	0
6574	0
6575	2
6576	1
6577	2
6578	0
6579	0
6580	0
6581	0
6582	0
6583	0
6584	0
6585	0
6586	0
6587	1
6588	1
6589	0
6590	0
6591	1
6592	0
6593	0
6594	0
6595	0
6596	0
6597	0
6598	0
6599	0
6600	0
6601	1
6602	2
6603	0
6604	0
6605	0
6606	0
6607	0
6608	1
6609	0
6610	0
6611	0
6612	1
6613	0
6614	0
6615	0
6616	0
6617	1
6618	2
6619	0
6620	0
6621	0
6622	1
6623	0
6624	1
6625	0
6626	0
6627	0
6628	1
6629	0
6630	0
6631	0
6632	0
6633	0
6634	1
6635	1
6636	1
6637	1
6638	1
6639	0
6640	1
6641	0
6642	0
6643	0
6644	0
6645	1
6646	1
6647	1
6648	1
6649	2
6650	0
6651	0
6652	1
6653	2
6654	0
6655	1
6656	1
6657	0
6658	0
6659	0
6660	2
6661	0
6662	0
6663	0
6664	0
6665	0
6666	0
6667	0
6668	2
6669	0
6670	0
6671	1
6672	0
6673	1
6674	0
6675	0
6676	0
6677	2
6678	1
6679	0
6680	0
6681	0
6682	0
6683	1
6684	0
6685	0
6686	0
6687	1
6688	0
6689	0
6690	1
6691	0
6692	0
6693	2
6694	1
6695	1
6696	0
6697	0
6698	0
6699	1
6700	0
6701	0
6702	1
6703	0
6704	1
6705	0
6706	2
6707	0
6708	0
6709	2
6710	0
6711	0
6712	1
6713	2
6714	0
6715	0
6716	0
6717	0
6718	0
6719	0
6720	1
6721	2
6722	1
6723	1
6724	2
6725	0
6726	0
6727	0
6728	2
6729	1
6730	0
6731	3
6732	1
6733	0
6734	1
6735	0
6736	0
6737	1
6738	1
6739	1
6740	0
6741	1
6742	1
6743	1
6744	0
6745	0
6746	1
6747	1
6748	0
6749	2
6750	0
6751	0
6752	0
6753	1
6754	0
6755	0
6756	0
6757	1
6758	0
6759	0
6760	0
6761	0
6762	0
6763	1
6764	0
6765	1
6766	0
6767	0
6768	0
6769	1
6770	0
6771	0
6772	1
6773	1
6774	0
6775	0
6776	1
6777	0
6778	0
6779	0
6780	0
6781	1
6782	0
6783	1
6784	0
6785	1
6786	1
6787	0
6788	0
6789	0
6790	0
6791	1
6792	0
6793	1
6794	1
6795	1
6796	0
6797	0
6798	0
6799	0
6800	0
6801	1
6802	2
6803	1
6804	2
6805	2
6806	0
6807	0
6808	1
6809	0
6810	1
6811	0
6812	0
6813	1
6814	1
6815	0
6816	0
6817	1
6818	0
6819	0
6820	0
6821	0
6822	1
6823	0
6824	0
6825	0
6826	0
6827	0
6828	0
6829	0
6830	0
6831	0
6832	0
6833	0
6834	0
6835	0
6836	0
6837	0
6838	0
6839	1
6840	0
6841	1
6842	0
6843	0
6844	0
6845	0
6846	1
6847	0
6848	1
6849	1
6850	0
6851	0
6852	0
6853	0
6854	1
6855	0
6856	0
6857	0
6858	0
6859	0
6860	0
6861	1
6862	1
6863	1
6864	0
6865	0
6866	0
6867	0
6868	0
6869	0
6870	0
6871	0
6872	1
6873	0
6874	0
6875	1
6876	0
6877	1
6878	1
6879	1
6880	3
6881	0
6882	0
6883	0
6884	3
6885	0
6886	0
6887	0
6888	0
6889	1
6890	1
6891	2
6892	0
6893	0
6894	2
6895	0
6896	0
6897	0
6898	0
6899	0
6900	0
6901	0
6902	0
6903	0
6904	0
6905	2
6906	0
6907	0
6908	0
6909	0
6910	0
6911	0
6912	0
6913	1
6914	1
6915	1
6916	0
6917	0
6918	0
6919	0
6920	0
6921	0
6922	1
6923	0
6924	0
6925	0
6926	0
6927	0
6928	0
6929	0
6930	0
6931	1
6932	0
6933	0
6934	0
6935	0
6936	0
6937	0
6938	0
6939	0
6940	1
6941	1
6942	0
6943	0
6944	0
6945	0
6946	2
6947	1
6948	0
6949	0
6950	1
6951	0
6952	0
6953	0
6954	0
6955	0
6956	2
6957	0
6958	0
6959	0
6960	2
6961	1
6962	0
6963	0
6964	0
6965	1
6966	1
6967	0
6968	0
6969	1
6970	0
6971	2
6972	0
6973	0
6974	1
6975	0
6976	0
6977	1
6978	0
6979	0
6980	0
6981	0
6982	0
6983	0
6984	0
6985	1
6986	1
6987	1
6988	1
6989	0
6990	2
6991	0
6992	1
6993	1
6994	1
6995	0
6996	0
6997	0
6998	0
6999	0
7000	0
7001	0
7002	1
7003	3
7004	0
7005	0
7006	1
7007	0
7008	0
7009	1
7010	0
7011	0
7012	0
7013	0
7014	1
7015	0
7016	1
7017	0
7018	0
7019	1
7020	1
7021	0
7022	1
7023	0
7024	1
7025	0
7026	1
7027	1
7028	0
7029	0
7030	0
7031	0
7032	0
7033	0
7034	0
7035	0
7036	1
7037	0
7038	0
7039	0
7040	0
7041	1
7042	0
7043	0
7044	0
7045	0
7046	0
7047	0
7048	0
7049	0
7050	0
7051	0
7052	0
7053	0
7054	0
7055	1
7056	1
7057	1
7058	1
7059	0
7060	1
7061	0
7062	0
7063	0
7064	0
7065	1
7066	0
7067	0
7068	0
7069	0
7070	0
7071	0
7072	0
7073	0
7074	0
7075	0
7076	0
7077	0
7078	0
7079	0
7080	0
7081	0
7082	0
7083	0
7084	0
7085	0
7086	1
7087	0
7088	0
7089	0
7090	0
7091	0
7092	0
7093	0
7094	1
7095	0
7096	0
7097	0
7098	0
7099	0
7100	0
7101	0
7102	0
7103	2
7104	0
7105	0
7106	0
7107	0
7108	0
7109	1
7110	1
7111	0
7112	0
7113	1
7114	0
7115	0
7116	0
7117	0
7118	0
7119	1
7120	0
7121	0
7122	0
7123	0
7124	0
7125	0
7126	1
7127	0
7128	0
7129	1
7130	0
7131	0
7132	0
7133	1
7134	0
7135	1
7136	0
7137	0
7138	0
7139	0
7140	1
7141	1
7142	0
7143	0
7144	0
7145	0
7146	1
7147	0
7148	1
7149	0
7150	0
7151	1
7152	0
7153	0
7154	0
7155	2
7156	2
7157	1
7158	0
7159	0
7160	0
7161	0
7162	0
7163	1
7164	0
7165	0
7166	0
7167	0
7168	1
7169	0
7170	0
7171	0
7172	0
7173	0
7174	0
7175	0
7176	0
7177	1
7178	0
7179	1
7180	1
7181	0
7182	1
7183	0
7184	0
7185	0
7186	0
7187	1
7188	0
7189	1
7190	0
7191	0
7192	0
7193	1
7194	1
7195	0
7196	0
7197	1
7198	0
7199	1
7200	0
7201	1
7202	0
7203	0
7204	0
7205	0
7206	0
7207	0
7208	1
7209	0
7210	1
7211	1
7212	0
7213	0
7214	0
7215	1
7216	0
7217	0
7218	0
7219	0
7220	2
7221	1
7222	0
7223	0
7224	0
7225	0
7226	1
7227	0
7228	1
7229	0
7230	0
7231	0
7232	0
7233	0
7234	0
7235	1
7236	0
7237	0
7238	0
7239	1
7240	0
7241	0
7242	0
7243	0
7244	0
7245	1
7246	0
7247	0
7248	0
7249	0
7250	0
7251	0
7252	0
7253	0
7254	0
7255	0
7256	0
7257	1
7258	0
7259	2
7260	0
7261	0
7262	0
7263	0
7264	0
7265	0
7266	0
7267	0
7268	0
7269	0
7270	1
7271	0
7272	1
7273	1
7274	0
7275	0
7276	0
7277	0
7278	0
7279	0
7280	0
7281	0
7282	1
7283	1
7284	0
7285	1
7286	0
7287	0
7288	0
7289	0
7290	1
7291	0
7292	0
7293	0
7294	0
7295	0
7296	0
7297	0
7298	0
7299	0
7300	0
7301	1
7302	0
7303	0
7304	0
7305	1
7306	0
7307	0
7308	0
7309	0
7310	0
7311	0
7312	0
7313	0
7314	0
7315	0
7316	0
7317	1
7318	0
7319	0
7320	0
7321	0
7322	1
7323	0
7324	0
7325	0
7326	1
7327	0
7328	1
7329	0
7330	0
7331	0
7332	0
7333	0
7334	1
7335	0
7336	1
7337	0
7338	0
7339	2
7340	0
7341	0
7342	0
7343	1
7344	0
7345	0
7346	0
7347	1
7348	0
7349	0
7350	1
7351	0
7352	0
7353	2
7354	1
7355	0
7356	0
7357	1
7358	1
7359	0
7360	1
7361	0
7362	0
7363	0
7364	0
7365	1
7366	0
7367	0
7368	0
7369	0
7370	1
7371	0
7372	0
7373	0
7374	0
7375	0
7376	0
7377	0
7378	0
7379	0
7380	0
7381	0
7382	0
7383	1
7384	0
7385	1
7386	0
7387	0
7388	0
7389	0
7390	0
7391	0
7392	0
7393	0
7394	0
7395	0
7396	1
7397	2
7398	0
7399	0
7400	0
7401	0
7402	0
7403	0
7404	1
7405	0
7406	0
7407	0
7408	0
7409	1
7410	1
7411	0
7412	1
7413	0
7414	0
7415	0
7416	1
7417	0
7418	1
7419	0
7420	3
7421	0
7422	0
7423	0
7424	0
7425	0
7426	0
7427	0
7428	0
7429	0
7430	0
7431	1
7432	0
7433	0
7434	0
7435	1
7436	0
7437	0
7438	0
7439	0
7440	0
7441	0
7442	0
7443	0
7444	0
7445	0
7446	0
7447	0
7448	1
7449	1
7450	2
7451	0
7452	0
7453	1
7454	0
7455	0
7456	0
7457	2
7458	1
7459	0
7460	0
7461	1
7462	0
7463	0
7464	0
7465	0
7466	0
7467	1
7468	0
7469	0
7470	0
7471	0
7472	0
7473	0
7474	0
7475	1
7476	0
7477	1
7478	0
7479	1
7480	0
7481	1
7482	1
7483	0
7484	0
7485	1
7486	0
7487	0
7488	0
7489	0
7490	0
7491	0
7492	0
7493	0
7494	1
7495	0
7496	0
7497	0
7498	0
7499	0
7500	0
7501	0
7502	0
7503	0
7504	0
7505	0
7506	1
7507	0
7508	0
7509	0
7510	0
7511	1
7512	0
7513	1
7514	1
7515	0
7516	0
7517	0
7518	1
7519	0
7520	0
7521	0
7522	0
7523	1
7524	0
7525	0
7526	0
7527	1
7528	0
7529	0
7530	0
7531	0
7532	0
7533	0
7534	0
7535	1
7536	0
7537	0
7538	0
7539	0
7540	1
7541	0
7542	0
7543	0
7544	2
7545	1
7546	1
7547	1
7548	0
7549	0
7550	1
7551	0
7552	0
7553	0
7554	0
7555	0
7556	1
7557	0
7558	1
7559	0
7560	0
7561	1
7562	1
7563	0
7564	0
7565	1
7566	0
7567	0
7568	0
7569	1
7570	0
7571	1
7572	1
7573	0
7574	1
7575	0
7576	1
7577	1
7578	0
7579	1
7580	0
7581	0
7582	0
7583	0
7584	0
7585	0
7586	0
7587	0
7588	0
7589	0
7590	0
7591	0
7592	0
7593	0
7594	0
7595	0
7596	0
7597	0
7598	1
7599	0
7600	0
7601	0
7602	1
7603	0
7604	1
7605	1
7606	0
7607	0
7608	0
7609	0
7610	0
7611	0
7612	0
7613	0
7614	0
7615	0
7616	1
7617	0
7618	1
7619	0
7620	0
7621	0
7622	0
7623	1
7624	0
7625	0
7626	1
7627	0
7628	0
7629	0
7630	0
7631	0
7632	0
7633	0
7634	0
7635	0
7636	0
7637	0
7638	0
7639	0
7640	0
7641	0
7642	2
7643	0
7644	0
7645	0
7646	1
7647	0
7648	1
7649	0
7650	1
7651	1
7652	0
7653	0
7654	0
7655	0
7656	1
7657	0
7658	0
7659	0
7660	0
7661	0
7662	0
7663	1
7664	1
7665	0
7666	0
7667	1
7668	0
7669	1
7670	1
7671	1
7672	0
7673	0
7674	0
7675	2
7676	1
7677	0
7678	0
7679	1
7680	1
7681	0
7682	1
7683	1
7684	0
7685	0
7686	0
7687	0
7688	0
7689	0
7690	0
7691	0
7692	0
7693	3
7694	0
7695	0
7696	0
7697	0
7698	0
7699	0
7700	0
7701	0
7702	0
7703	1
7704	0
7705	0
7706	0
7707	0
7708	1
7709	0
7710	0
7711	0
7712	0
7713	0
7714	0
7715	0
7716	0
7717	3
7718	1
7719	0
7720	1
7721	1
7722	0
7723	0
7724	0
7725	0
7726	0
7727	0
7728	0
7729	0
7730	0
7731	1
7732	0
7733	1
7734	0
7735	0
7736	0
7737	0
7738	0
7739	0
7740	1
7741	1
7742	1
7743	0
7744	0
7745	1
7746	1
7747	0
7748	0
7749	0
7750	0
7751	0
7752	0
7753	1
7754	0
7755	1
7756	0
7757	0
7758	0
7759	0
7760	0
7761	0
7762	0
7763	1
7764	0
7765	1
7766	0
7767	1
7768	0
7769	0
7770	0
7771	1
7772	1
7773	2
7774	1
7775	0
7776	1
7777	0
7778	1
7779	0
7780	0
7781	2
7782	0
7783	0
7784	1
7785	0
7786	0
7787	2
7788	0
7789	0
7790	0
7791	0
7792	0
7793	1
7794	0
7795	0
7796	2
7797	0
7798	0
7799	0
7800	1
7801	0
7802	0
7803	1
7804	2
7805	0
7806	0
7807	1
7808	0
7809	0
7810	0
7811	0
7812	0
7813	0
7814	1
7815	0
7816	0
7817	0
7818	0
7819	0
7820	1
7821	1
7822	0
7823	1
7824	1
7825	1
7826	0
7827	0
7828	0
7829	0
7830	0
7831	0
7832	0
7833	0
7834	0
7835	0
7836	0
7837	0
7838	0
7839	1
7840	0
7841	0
7842	0
7843	0
7844	0
7845	0
7846	1
7847	2
7848	0
7849	0
7850	0
7851	0
7852	1
7853	0
7854	0
7855	0
7856	0
7857	2
7858	0
7859	0
7860	0
7861	0
7862	0
7863	1
7864	0
7865	0
7866	0
7867	0
7868	0
7869	0
7870	0
7871	0
7872	0
7873	0
7874	1
7875	1
7876	0
7877	0
7878	0
7879	0
7880	0
7881	1
7882	0
7883	0
7884	0
7885	0
7886	0
7887	0
7888	0
7889	0
7890	0
7891	0
7892	0
7893	0
7894	0
7895	0
7896	0
7897	0
7898	1
7899	0
7900	1
7901	1
7902	1
7903	1
7904	0
7905	0
7906	1
7907	0
7908	1
7909	0
7910	0
7911	0
7912	0
7913	2
7914	1
7915	0
7916	0
7917	0
7918	0
7919	0
7920	0
7921	0
7922	0
7923	0
7924	0
7925	0
7926	0
7927	0
7928	0
7929	1
7930	1
7931	0
7932	0
7933	0
7934	0
7935	0
7936	0
7937	0
7938	1
7939	1
7940	0
7941	0
7942	1
7943	0
7944	0
7945	0
7946	0
7947	0
7948	0
7949	1
7950	0
7951	0
7952	0
7953	0
7954	0
7955	0
7956	0
7957	0
7958	1
7959	1
7960	0
7961	1
7962	2
7963	1
7964	0
7965	0
7966	1
7967	2
7968	0
7969	0
7970	0
7971	0
7972	1
7973	0
7974	1
7975	1
7976	0
7977	0
7978	1
7979	0
7980	0
7981	0
7982	0
7983	0
7984	0
7985	0
7986	1
7987	0
7988	1
7989	0
7990	0
7991	0
7992	0
7993	1
7994	0
7995	0
7996	0
7997	0
7998	0
7999	0
8000	0
8001	0
8002	1
8003	2
8004	0
8005	0
8006	1
8007	1
8008	0
8009	1
8010	0
8011	0
8012	0
8013	0
8014	0
8015	0
8016	0
8017	0
8018	0
8019	1
8020	1
8021	0
8022	2
8023	0
8024	0
8025	0
8026	0
8027	0
8028	0
8029	0
8030	0
8031	0
8032	1
8033	0
8034	0
8035	0
8036	0
8037	1
8038	0
8039	0
8040	0
8041	0
8042	0
8043	0
8044	0
8045	0
8046	0
8047	1
8048	1
8049	0
8050	0
8051	0
8052	1
8053	0
8054	1
8055	0
8056	1
8057	1
8058	0
8059	2
8060	0
8061	0
8062	0
8063	2
8064	0
8065	0
8066	0
8067	0
8068	0
8069	0
8070	0
8071	1
8072	1
8073	0
8074	0
8075	0
8076	2
8077	0
8078	1
8079	0
8080	0
8081	1
8082	0
8083	0
8084	0
8085	0
8086	0
8087	0
8088	0
8089	0
8090	0
8091	0
8092	0
8093	0
8094	0
8095	0
8096	0
8097	0
8098	0
8099	0
8100	0
8101	0
8102	0
8103	0
8104	0
8105	0
8106	0
8107	0
8108	0
8109	0
8110	0
8111	0
8112	0
8113	0
8114	0
8115	0
8116	0
8117	0
8118	0
8119	0
8120	0
8121	0
8122	0
8123	0
8124	0
8125	0
8126	0
8127	0
8128	0
8129	0
8130	0
8131	0
8132	0
8133	0
8134	0
8135	0
8136	0
8137	0
8138	0
8139	0
8140	0
8141	0
8142	0
8143	0
8144	0
8145	0
8146	0
8147	0
8148	0
8149	0
8150	0
8151	0
8152	0
8153	0
8154	0
8155	0
8156	0
8157	0
8158	0
8159	0
8160	0
8161	0
8162	0
8163	0
8164	0
8165	0
8166	0
8167	0
8168	0
8169	0
8170	0
8171	0
8172	0
8173	0
8174	0
8175	0
8176	0
8177	0
8178	0
8179	0
8180	0
8181	0
8182	0
8183	0
8184	0
8185	0
8186	0
8187	0
8188	0
8189	0
8190	0
8191	0
