0	0
1	0
2	0
3	0
4	0
5	0
6	0
7	0
8	0
9	0
10	0
11	0
12	0
13	0
14	0
15	0
16	0
17	0
18	0
19	0
20	0
21	0
22	0
23	0
24	0
25	0
26	0
27	0
28	0
29	0
30	0
31	0
32	0
33	0
34	0
35	0
36	0
37	0
38	0
39	0
40	0
41	0
42	0
43	0
44	0
45	0
46	0
47	0
48	0
49	0
50	0
51	0
52	0
53	0
54	0
55	0
56	0
57	0
58	0
59	0
60	0
61	0
62	0
63	0
64	0
65	0
66	0
67	0
68	0
69	0
70	0
71	0
72	0
73	0
74	0
75	0
76	0
77	0
78	0
79	0
80	0
81	0
82	0
83	0
84	0
85	1
86	2
87	8
88	7
89	8
90	11
91	11
92	6
93	7
94	8
95	8
96	7
97	9
98	8
99	6
100	8
101	4
102	9
103	7
104	7
105	9
106	10
107	7
108	2
109	8
110	9
111	5
112	7
113	10
114	9
115	3
116	12
117	11
118	5
119	8
120	10
121	11
122	12
123	5
124	10
125	11
126	14
127	9
128	3
129	9
130	10
131	5
132	12
133	9
134	11
135	11
136	6
137	16
138	5
139	13
140	15
141	7
142	11
143	7
144	7
145	11
146	11
147	8
148	8
149	11
150	8
151	9
152	7
153	8
154	5
155	4
156	10
157	5
158	16
159	6
160	8
161	8
162	6
163	8
164	11
165	2
166	9
167	5
168	6
169	8
170	8
171	7
172	11
173	9
174	12
175	10
176	13
177	4
178	6
179	17
180	5
181	6
182	6
183	11
184	8
185	8
186	10
187	6
188	1
189	11
190	13
191	9
192	13
193	10
194	5
195	7
196	8
197	9
198	8
199	8
200	5
201	6
202	6
203	6
204	13
205	7
206	13
207	9
208	9
209	10
210	9
211	10
212	5
213	3
214	12
215	6
216	3
217	9
218	9
219	9
220	6
221	5
222	5
223	13
224	8
225	5
226	16
227	10
228	10
229	12
230	10
231	17
232	5
233	10
234	6
235	7
236	9
237	8
238	8
239	6
240	11
241	6
242	12
243	9
244	9
245	10
246	6
247	13
248	6
249	3
250	14
251	10
252	11
253	12
254	10
255	10
256	11
257	7
258	8
259	8
260	10
261	12
262	9
263	5
264	14
265	10
266	6
267	9
268	10
269	5
270	4
271	12
272	10
273	11
274	14
275	7
276	6
277	16
278	5
279	15
280	13
281	9
282	7
283	12
284	15
285	10
286	4
287	9
288	9
289	8
290	8
291	9
292	12
293	8
294	9
295	11
296	4
297	7
298	9
299	6
300	11
301	6
302	11
303	4
304	12
305	15
306	8
307	10
308	8
309	6
310	10
311	11
312	8
313	10
314	5
315	7
316	13
317	9
318	7
319	7
320	4
321	7
322	11
323	15
324	11
325	7
326	9
327	8
328	13
329	9
330	6
331	10
332	12
333	11
334	10
335	11
336	9
337	5
338	16
339	10
340	6
341	11
342	10
343	9
344	5
345	8
346	15
347	14
348	7
349	14
350	7
351	5
352	8
353	14
354	17
355	9
356	9
357	12
358	7
359	4
360	11
361	7
362	8
363	15
364	10
365	5
366	12
367	14
368	10
369	18
370	4
371	5
372	6
373	15
374	11
375	13
376	6
377	7
378	11
379	13
380	8
381	11
382	16
383	13
384	10
385	6
386	7
387	9
388	9
389	17
390	13
391	9
392	10
393	11
394	6
395	10
396	13
397	8
398	9
399	12
400	8
401	5
402	11
403	7
404	7
405	9
406	8
407	9
408	8
409	5
410	4
411	9
412	8
413	7
414	12
415	14
416	15
417	17
418	11
419	8
420	10
421	14
422	11
423	12
424	17
425	6
426	15
427	12
428	9
429	8
430	4
431	13
432	11
433	10
434	7
435	8
436	12
437	10
438	9
439	6
440	9
441	7
442	11
443	7
444	14
445	10
446	8
447	8
448	18
449	4
450	12
451	9
452	11
453	8
454	13
455	8
456	14
457	9
458	11
459	12
460	8
461	10
462	10
463	11
464	16
465	8
466	9
467	6
468	6
469	19
470	6
471	10
472	13
473	10
474	19
475	10
476	14
477	14
478	14
479	14
480	8
481	10
482	10
483	14
484	10
485	6
486	6
487	14
488	8
489	12
490	9
491	11
492	17
493	15
494	6
495	13
496	16
497	11
498	21
499	18
500	10
501	10
502	12
503	4
504	16
505	16
506	11
507	11
508	10
509	16
510	9
511	13
512	16
513	13
514	15
515	14
516	12
517	12
518	11
519	17
520	21
521	10
522	16
523	15
524	15
525	13
526	17
527	15
528	12
529	11
530	7
531	14
532	16
533	11
534	9
535	15
536	12
537	17
538	18
539	13
540	10
541	7
542	14
543	18
544	16
545	16
546	10
547	5
548	16
549	14
550	14
551	14
552	17
553	20
554	14
555	10
556	13
557	14
558	14
559	9
560	10
561	15
562	16
563	19
564	18
565	27
566	18
567	22
568	16
569	13
570	20
571	18
572	17
573	15
574	22
575	16
576	18
577	21
578	24
579	30
580	21
581	22
582	17
583	31
584	19
585	17
586	21
587	13
588	25
589	19
590	16
591	16
592	23
593	18
594	23
595	15
596	22
597	16
598	26
599	26
600	26
601	19
602	20
603	18
604	20
605	19
606	33
607	15
608	26
609	28
610	25
611	16
612	19
613	19
614	21
615	18
616	21
617	24
618	12
619	11
620	15
621	14
622	17
623	12
624	22
625	25
626	16
627	26
628	19
629	23
630	20
631	28
632	18
633	25
634	24
635	21
636	16
637	17
638	19
639	21
640	13
641	19
642	20
643	23
644	21
645	17
646	26
647	18
648	24
649	17
650	16
651	15
652	9
653	26
654	19
655	26
656	14
657	11
658	15
659	14
660	17
661	13
662	12
663	19
664	16
665	21
666	12
667	18
668	22
669	19
670	16
671	20
672	28
673	14
674	19
675	13
676	22
677	16
678	9
679	20
680	15
681	15
682	21
683	14
684	16
685	13
686	12
687	17
688	10
689	20
690	21
691	21
692	13
693	18
694	16
695	14
696	16
697	16
698	14
699	12
700	23
701	26
702	18
703	21
704	11
705	13
706	13
707	21
708	20
709	16
710	15
711	11
712	19
713	16
714	15
715	15
716	15
717	17
718	19
719	15
720	13
721	17
722	16
723	16
724	19
725	23
726	10
727	17
728	11
729	17
730	16
731	15
732	11
733	14
734	13
735	21
736	20
737	13
738	19
739	14
740	14
741	14
742	14
743	19
744	16
745	16
746	14
747	18
748	16
749	14
750	23
751	12
752	14
753	8
754	17
755	20
756	19
757	9
758	7
759	17
760	20
761	13
762	13
763	11
764	18
765	16
766	15
767	16
768	21
769	18
770	11
771	19
772	27
773	15
774	14
775	24
776	18
777	19
778	18
779	9
780	13
781	10
782	21
783	13
784	18
785	12
786	10
787	18
788	17
789	13
790	11
791	15
792	15
793	10
794	7
795	16
796	13
797	19
798	15
799	16
800	15
801	15
802	12
803	14
804	22
805	16
806	14
807	10
808	15
809	21
810	14
811	19
812	16
813	16
814	13
815	10
816	21
817	21
818	15
819	14
820	21
821	12
822	20
823	22
824	13
825	23
826	17
827	16
828	15
829	15
830	21
831	16
832	22
833	21
834	22
835	16
836	16
837	16
838	12
839	21
840	19
841	16
842	16
843	19
844	22
845	19
846	20
847	23
848	19
849	15
850	15
851	18
852	16
853	16
854	20
855	16
856	14
857	25
858	20
859	10
860	13
861	18
862	16
863	17
864	17
865	20
866	15
867	23
868	13
869	23
870	16
871	13
872	18
873	14
874	16
875	14
876	18
877	17
878	15
879	21
880	29
881	20
882	19
883	24
884	24
885	27
886	16
887	17
888	24
889	15
890	19
891	16
892	17
893	18
894	21
895	25
896	18
897	13
898	15
899	17
900	24
901	17
902	20
903	11
904	24
905	18
906	20
907	15
908	18
909	19
910	14
911	23
912	13
913	15
914	25
915	20
916	15
917	25
918	23
919	11
920	21
921	20
922	18
923	19
924	24
925	19
926	19
927	16
928	21
929	18
930	18
931	14
932	21
933	22
934	23
935	24
936	23
937	19
938	21
939	19
940	18
941	20
942	27
943	21
944	20
945	19
946	19
947	21
948	21
949	25
950	23
951	19
952	26
953	18
954	27
955	16
956	22
957	23
958	28
959	27
960	23
961	16
962	24
963	15
964	23
965	17
966	25
967	27
968	31
969	18
970	21
971	13
972	21
973	24
974	22
975	27
976	20
977	19
978	17
979	23
980	33
981	28
982	24
983	13
984	17
985	22
986	28
987	23
988	18
989	16
990	22
991	24
992	18
993	22
994	16
995	25
996	21
997	15
998	26
999	20
1000	25
1001	23
1002	32
1003	16
1004	23
1005	22
1006	10
1007	19
1008	18
1009	25
1010	16
1011	20
1012	16
1013	30
1014	22
1015	22
1016	27
1017	17
1018	14
1019	25
1020	20
1021	20
1022	27
1023	19
1024	23
1025	21
1026	17
1027	16
1028	21
1029	20
1030	23
1031	33
1032	28
1033	13
1034	15
1035	26
1036	17
1037	20
1038	28
1039	24
1040	25
1041	18
1042	20
1043	21
1044	25
1045	18
1046	27
1047	17
1048	15
1049	23
1050	26
1051	19
1052	16
1053	23
1054	23
1055	15
1056	17
1057	24
1058	20
1059	35
1060	24
1061	28
1062	20
1063	28
1064	31
1065	15
1066	18
1067	20
1068	29
1069	17
1070	12
1071	16
1072	25
1073	25
1074	23
1075	27
1076	26
1077	23
1078	22
1079	21
1080	27
1081	23
1082	21
1083	25
1084	29
1085	22
1086	25
1087	25
1088	20
1089	21
1090	17
1091	19
1092	23
1093	18
1094	13
1095	26
1096	23
1097	23
1098	24
1099	20
1100	27
1101	21
1102	15
1103	21
1104	28
1105	25
1106	14
1107	20
1108	16
1109	27
1110	30
1111	28
1112	31
1113	25
1114	20
1115	31
1116	33
1117	23
1118	20
1119	18
1120	24
1121	23
1122	23
1123	24
1124	29
1125	13
1126	22
1127	23
1128	23
1129	17
1130	22
1131	33
1132	22
1133	26
1134	19
1135	19
1136	22
1137	24
1138	23
1139	19
1140	23
1141	17
1142	30
1143	18
1144	29
1145	26
1146	20
1147	26
1148	23
1149	17
1150	25
1151	30
1152	30
1153	23
1154	24
1155	27
1156	29
1157	23
1158	26
1159	28
1160	26
1161	26
1162	27
1163	18
1164	30
1165	32
1166	27
1167	22
1168	27
1169	23
1170	18
1171	24
1172	33
1173	26
1174	27
1175	23
1176	26
1177	28
1178	24
1179	24
1180	21
1181	34
1182	22
1183	16
1184	25
1185	17
1186	27
1187	23
1188	25
1189	22
1190	31
1191	31
1192	32
1193	28
1194	20
1195	22
1196	24
1197	31
1198	21
1199	32
1200	20
1201	29
1202	18
1203	29
1204	28
1205	29
1206	31
1207	28
1208	33
1209	26
1210	19
1211	20
1212	28
1213	23
1214	28
1215	19
1216	19
1217	21
1218	35
1219	27
1220	29
1221	30
1222	24
1223	24
1224	29
1225	19
1226	23
1227	27
1228	24
1229	23
1230	23
1231	26
1232	37
1233	21
1234	33
1235	25
1236	21
1237	25
1238	31
1239	26
1240	27
1241	18
1242	22
1243	28
1244	24
1245	26
1246	25
1247	27
1248	28
1249	23
1250	19
1251	36
1252	31
1253	26
1254	42
1255	25
1256	18
1257	24
1258	33
1259	18
1260	32
1261	24
1262	25
1263	26
1264	19
1265	28
1266	35
1267	33
1268	34
1269	22
1270	26
1271	25
1272	28
1273	26
1274	17
1275	26
1276	33
1277	32
1278	20
1279	32
1280	27
1281	24
1282	25
1283	25
1284	26
1285	32
1286	26
1287	21
1288	28
1289	19
1290	29
1291	23
1292	20
1293	28
1294	29
1295	22
1296	31
1297	28
1298	22
1299	26
1300	32
1301	28
1302	31
1303	30
1304	29
1305	35
1306	36
1307	29
1308	21
1309	29
1310	23
1311	29
1312	19
1313	26
1314	24
1315	23
1316	28
1317	18
1318	34
1319	23
1320	30
1321	19
1322	29
1323	19
1324	22
1325	21
1326	23
1327	26
1328	16
1329	32
1330	37
1331	32
1332	28
1333	26
1334	24
1335	29
1336	25
1337	26
1338	29
1339	24
1340	25
1341	30
1342	34
1343	17
1344	20
1345	38
1346	31
1347	21
1348	22
1349	39
1350	25
1351	35
1352	19
1353	31
1354	20
1355	29
1356	33
1357	28
1358	35
1359	34
1360	16
1361	28
1362	35
1363	39
1364	34
1365	28
1366	29
1367	32
1368	27
1369	28
1370	35
1371	37
1372	34
1373	25
1374	29
1375	23
1376	33
1377	31
1378	27
1379	23
1380	26
1381	26
1382	23
1383	17
1384	29
1385	31
1386	28
1387	30
1388	24
1389	27
1390	27
1391	31
1392	35
1393	23
1394	28
1395	22
1396	19
1397	24
1398	27
1399	21
1400	24
1401	34
1402	31
1403	23
1404	26
1405	35
1406	24
1407	28
1408	27
1409	24
1410	20
1411	28
1412	23
1413	31
1414	28
1415	27
1416	30
1417	23
1418	32
1419	28
1420	33
1421	28
1422	37
1423	37
1424	31
1425	37
1426	36
1427	26
1428	35
1429	23
1430	36
1431	20
1432	31
1433	33
1434	38
1435	38
1436	32
1437	27
1438	36
1439	26
1440	32
1441	27
1442	24
1443	29
1444	32
1445	25
1446	32
1447	27
1448	30
1449	22
1450	25
1451	24
1452	35
1453	19
1454	32
1455	33
1456	31
1457	32
1458	25
1459	24
1460	33
1461	24
1462	33
1463	28
1464	30
1465	24
1466	30
1467	33
1468	16
1469	24
1470	25
1471	23
1472	23
1473	22
1474	28
1475	38
1476	33
1477	26
1478	35
1479	36
1480	37
1481	26
1482	34
1483	32
1484	37
1485	35
1486	27
1487	27
1488	28
1489	23
1490	36
1491	30
1492	25
1493	29
1494	22
1495	30
1496	31
1497	36
1498	33
1499	32
1500	37
1501	31
1502	26
1503	40
1504	41
1505	34
1506	33
1507	28
1508	36
1509	30
1510	29
1511	35
1512	29
1513	41
1514	36
1515	32
1516	23
1517	49
1518	32
1519	31
1520	28
1521	34
1522	40
1523	33
1524	40
1525	43
1526	31
1527	35
1528	30
1529	30
1530	31
1531	30
1532	24
1533	30
1534	40
1535	37
1536	27
1537	44
1538	32
1539	35
1540	42
1541	31
1542	36
1543	44
1544	36
1545	36
1546	27
1547	38
1548	27
1549	26
1550	34
1551	37
1552	26
1553	33
1554	38
1555	31
1556	25
1557	41
1558	43
1559	32
1560	30
1561	37
1562	37
1563	30
1564	36
1565	39
1566	36
1567	32
1568	35
1569	28
1570	44
1571	41
1572	42
1573	33
1574	47
1575	36
1576	31
1577	33
1578	32
1579	29
1580	23
1581	29
1582	31
1583	35
1584	47
1585	32
1586	34
1587	37
1588	38
1589	31
1590	45
1591	40
1592	35
1593	33
1594	40
1595	28
1596	30
1597	44
1598	28
1599	40
1600	49
1601	37
1602	32
1603	31
1604	47
1605	29
1606	45
1607	34
1608	32
1609	22
1610	32
1611	31
1612	29
1613	46
1614	34
1615	29
1616	36
1617	34
1618	24
1619	31
1620	25
1621	31
1622	37
1623	33
1624	26
1625	33
1626	32
1627	26
1628	39
1629	29
1630	38
1631	39
1632	23
1633	21
1634	27
1635	33
1636	35
1637	28
1638	39
1639	38
1640	33
1641	35
1642	28
1643	28
1644	42
1645	37
1646	48
1647	36
1648	40
1649	24
1650	36
1651	42
1652	34
1653	37
1654	26
1655	24
1656	31
1657	36
1658	34
1659	40
1660	41
1661	31
1662	32
1663	29
1664	35
1665	33
1666	24
1667	34
1668	40
1669	42
1670	29
1671	32
1672	21
1673	23
1674	26
1675	32
1676	32
1677	33
1678	24
1679	28
1680	30
1681	29
1682	30
1683	30
1684	29
1685	33
1686	21
1687	26
1688	34
1689	31
1690	25
1691	28
1692	31
1693	19
1694	36
1695	38
1696	24
1697	27
1698	38
1699	43
1700	34
1701	33
1702	31
1703	21
1704	28
1705	25
1706	24
1707	21
1708	26
1709	31
1710	32
1711	23
1712	26
1713	25
1714	24
1715	24
1716	17
1717	22
1718	19
1719	29
1720	29
1721	25
1722	30
1723	34
1724	26
1725	30
1726	21
1727	18
1728	29
1729	23
1730	35
1731	27
1732	22
1733	21
1734	22
1735	30
1736	22
1737	20
1738	20
1739	25
1740	27
1741	23
1742	39
1743	18
1744	27
1745	25
1746	24
1747	26
1748	22
1749	23
1750	23
1751	30
1752	28
1753	19
1754	23
1755	28
1756	21
1757	13
1758	27
1759	26
1760	25
1761	25
1762	26
1763	18
1764	27
1765	28
1766	21
1767	18
1768	17
1769	21
1770	20
1771	16
1772	19
1773	21
1774	26
1775	25
1776	27
1777	27
1778	21
1779	26
1780	31
1781	21
1782	22
1783	22
1784	20
1785	23
1786	23
1787	25
1788	29
1789	22
1790	23
1791	28
1792	11
1793	15
1794	21
1795	25
1796	27
1797	35
1798	19
1799	20
1800	19
1801	21
1802	16
1803	20
1804	29
1805	22
1806	21
1807	21
1808	15
1809	24
1810	20
1811	11
1812	10
1813	13
1814	24
1815	17
1816	18
1817	23
1818	22
1819	18
1820	22
1821	21
1822	22
1823	24
1824	18
1825	26
1826	18
1827	16
1828	19
1829	23
1830	23
1831	16
1832	15
1833	17
1834	27
1835	16
1836	27
1837	15
1838	20
1839	21
1840	19
1841	13
1842	17
1843	23
1844	14
1845	17
1846	19
1847	13
1848	27
1849	20
1850	24
1851	27
1852	25
1853	15
1854	22
1855	27
1856	20
1857	15
1858	20
1859	20
1860	12
1861	19
1862	23
1863	19
1864	16
1865	17
1866	29
1867	29
1868	15
1869	26
1870	21
1871	24
1872	23
1873	21
1874	23
1875	15
1876	15
1877	15
1878	15
1879	17
1880	16
1881	14
1882	19
1883	22
1884	17
1885	15
1886	23
1887	18
1888	20
1889	21
1890	31
1891	9
1892	18
1893	17
1894	12
1895	11
1896	13
1897	21
1898	24
1899	14
1900	12
1901	12
1902	20
1903	22
1904	11
1905	19
1906	18
1907	23
1908	11
1909	17
1910	24
1911	16
1912	14
1913	16
1914	22
1915	24
1916	23
1917	19
1918	20
1919	21
1920	22
1921	30
1922	23
1923	29
1924	14
1925	22
1926	20
1927	15
1928	16
1929	21
1930	18
1931	18
1932	18
1933	23
1934	24
1935	19
1936	22
1937	15
1938	19
1939	18
1940	14
1941	16
1942	19
1943	13
1944	17
1945	14
1946	22
1947	21
1948	16
1949	11
1950	11
1951	23
1952	15
1953	15
1954	16
1955	14
1956	13
1957	21
1958	11
1959	22
1960	20
1961	11
1962	22
1963	16
1964	16
1965	25
1966	22
1967	15
1968	16
1969	20
1970	17
1971	20
1972	20
1973	13
1974	18
1975	18
1976	20
1977	13
1978	12
1979	17
1980	17
1981	15
1982	16
1983	18
1984	21
1985	16
1986	16
1987	14
1988	19
1989	15
1990	13
1991	17
1992	19
1993	20
1994	12
1995	16
1996	16
1997	17
1998	14
1999	17
2000	16
2001	26
2002	7
2003	13
2004	11
2005	16
2006	20
2007	25
2008	8
2009	15
2010	22
2011	11
2012	20
2013	15
2014	11
2015	18
2016	15
2017	16
2018	19
2019	14
2020	10
2021	19
2022	23
2023	17
2024	19
2025	13
2026	14
2027	17
2028	19
2029	14
2030	16
2031	17
2032	13
2033	22
2034	20
2035	13
2036	20
2037	16
2038	13
2039	15
2040	12
2041	15
2042	13
2043	15
2044	15
2045	20
2046	11
2047	11
2048	13
2049	11
2050	8
2051	13
2052	16
2053	20
2054	21
2055	23
2056	17
2057	12
2058	16
2059	10
2060	22
2061	11
2062	19
2063	18
2064	14
2065	20
2066	16
2067	17
2068	14
2069	19
2070	13
2071	14
2072	12
2073	16
2074	18
2075	9
2076	15
2077	15
2078	18
2079	23
2080	17
2081	9
2082	14
2083	18
2084	18
2085	16
2086	11
2087	24
2088	12
2089	15
2090	12
2091	13
2092	13
2093	16
2094	13
2095	25
2096	12
2097	18
2098	14
2099	17
2100	16
2101	10
2102	15
2103	15
2104	8
2105	16
2106	14
2107	15
2108	22
2109	11
2110	17
2111	20
2112	9
2113	12
2114	17
2115	21
2116	14
2117	15
2118	10
2119	19
2120	17
2121	20
2122	12
2123	11
2124	17
2125	12
2126	19
2127	20
2128	19
2129	19
2130	15
2131	13
2132	14
2133	14
2134	21
2135	20
2136	17
2137	10
2138	17
2139	17
2140	23
2141	10
2142	16
2143	10
2144	12
2145	16
2146	11
2147	8
2148	13
2149	20
2150	13
2151	21
2152	18
2153	12
2154	10
2155	14
2156	13
2157	9
2158	9
2159	15
2160	7
2161	11
2162	10
2163	19
2164	25
2165	13
2166	15
2167	13
2168	11
2169	22
2170	26
2171	22
2172	14
2173	11
2174	12
2175	13
2176	16
2177	15
2178	12
2179	16
2180	12
2181	13
2182	10
2183	11
2184	12
2185	15
2186	15
2187	10
2188	15
2189	11
2190	11
2191	11
2192	14
2193	15
2194	13
2195	15
2196	13
2197	15
2198	14
2199	20
2200	14
2201	16
2202	21
2203	10
2204	12
2205	17
2206	14
2207	13
2208	12
2209	11
2210	14
2211	14
2212	13
2213	12
2214	14
2215	21
2216	16
2217	18
2218	11
2219	12
2220	17
2221	17
2222	18
2223	16
2224	15
2225	19
2226	18
2227	13
2228	12
2229	13
2230	12
2231	16
2232	10
2233	14
2234	14
2235	9
2236	13
2237	18
2238	15
2239	13
2240	13
2241	14
2242	8
2243	13
2244	20
2245	13
2246	9
2247	12
2248	17
2249	11
2250	13
2251	8
2252	6
2253	17
2254	17
2255	10
2256	8
2257	15
2258	14
2259	14
2260	13
2261	8
2262	13
2263	13
2264	15
2265	22
2266	14
2267	12
2268	8
2269	9
2270	9
2271	12
2272	17
2273	10
2274	13
2275	14
2276	14
2277	13
2278	13
2279	13
2280	20
2281	18
2282	19
2283	11
2284	10
2285	10
2286	9
2287	7
2288	17
2289	13
2290	11
2291	6
2292	10
2293	15
2294	7
2295	20
2296	17
2297	14
2298	16
2299	13
2300	11
2301	12
2302	19
2303	5
2304	13
2305	11
2306	12
2307	11
2308	13
2309	12
2310	15
2311	12
2312	14
2313	13
2314	17
2315	18
2316	9
2317	19
2318	6
2319	12
2320	8
2321	13
2322	11
2323	10
2324	12
2325	12
2326	18
2327	18
2328	16
2329	15
2330	12
2331	12
2332	19
2333	12
2334	12
2335	11
2336	11
2337	9
2338	17
2339	19
2340	16
2341	15
2342	11
2343	13
2344	13
2345	17
2346	10
2347	11
2348	6
2349	14
2350	8
2351	16
2352	7
2353	11
2354	12
2355	23
2356	14
2357	16
2358	17
2359	20
2360	9
2361	15
2362	11
2363	13
2364	12
2365	14
2366	8
2367	13
2368	14
2369	15
2370	14
2371	11
2372	10
2373	9
2374	13
2375	9
2376	17
2377	11
2378	13
2379	14
2380	19
2381	8
2382	16
2383	7
2384	11
2385	14
2386	15
2387	13
2388	16
2389	14
2390	7
2391	13
2392	15
2393	13
2394	5
2395	10
2396	11
2397	6
2398	4
2399	19
2400	12
2401	9
2402	16
2403	9
2404	18
2405	12
2406	12
2407	5
2408	5
2409	14
2410	11
2411	18
2412	17
2413	19
2414	16
2415	12
2416	11
2417	14
2418	12
2419	10
2420	13
2421	14
2422	13
2423	12
2424	19
2425	9
2426	15
2427	14
2428	13
2429	18
2430	8
2431	9
2432	14
2433	9
2434	13
2435	18
2436	7
2437	12
2438	14
2439	10
2440	18
2441	20
2442	14
2443	12
2444	11
2445	15
2446	8
2447	14
2448	14
2449	14
2450	12
2451	8
2452	8
2453	15
2454	16
2455	15
2456	15
2457	11
2458	12
2459	6
2460	13
2461	16
2462	13
2463	14
2464	13
2465	8
2466	10
2467	15
2468	13
2469	11
2470	10
2471	10
2472	20
2473	9
2474	15
2475	9
2476	12
2477	16
2478	10
2479	7
2480	8
2481	8
2482	8
2483	10
2484	9
2485	17
2486	8
2487	15
2488	10
2489	9
2490	6
2491	8
2492	8
2493	12
2494	6
2495	15
2496	12
2497	12
2498	11
2499	7
2500	14
2501	13
2502	10
2503	11
2504	11
2505	13
2506	20
2507	8
2508	14
2509	12
2510	14
2511	12
2512	12
2513	10
2514	14
2515	15
2516	19
2517	16
2518	13
2519	14
2520	12
2521	11
2522	10
2523	4
2524	16
2525	13
2526	11
2527	13
2528	11
2529	12
2530	7
2531	10
2532	15
2533	13
2534	12
2535	9
2536	8
2537	12
2538	7
2539	13
2540	14
2541	12
2542	17
2543	16
2544	13
2545	12
2546	8
2547	10
2548	11
2549	12
2550	11
2551	7
2552	10
2553	11
2554	12
2555	19
2556	12
2557	9
2558	16
2559	13
2560	9
2561	10
2562	13
2563	10
2564	14
2565	12
2566	14
2567	8
2568	17
2569	9
2570	8
2571	9
2572	12
2573	9
2574	8
2575	7
2576	11
2577	16
2578	15
2579	6
2580	10
2581	11
2582	6
2583	20
2584	9
2585	11
2586	8
2587	16
2588	18
2589	10
2590	10
2591	9
2592	8
2593	11
2594	8
2595	10
2596	8
2597	13
2598	8
2599	17
2600	9
2601	17
2602	8
2603	14
2604	15
2605	14
2606	7
2607	10
2608	12
2609	8
2610	14
2611	11
2612	15
2613	10
2614	12
2615	10
2616	8
2617	11
2618	12
2619	10
2620	10
2621	17
2622	15
2623	13
2624	6
2625	15
2626	11
2627	10
2628	10
2629	16
2630	10
2631	13
2632	16
2633	13
2634	18
2635	10
2636	15
2637	12
2638	13
2639	11
2640	12
2641	6
2642	8
2643	12
2644	17
2645	15
2646	13
2647	9
2648	11
2649	8
2650	13
2651	16
2652	8
2653	11
2654	11
2655	12
2656	10
2657	11
2658	11
2659	10
2660	12
2661	13
2662	7
2663	13
2664	11
2665	9
2666	10
2667	10
2668	6
2669	8
2670	10
2671	10
2672	15
2673	6
2674	8
2675	14
2676	10
2677	10
2678	10
2679	19
2680	11
2681	12
2682	13
2683	6
2684	14
2685	12
2686	13
2687	10
2688	5
2689	7
2690	8
2691	18
2692	5
2693	10
2694	9
2695	10
2696	10
2697	16
2698	9
2699	16
2700	12
2701	7
2702	15
2703	17
2704	7
2705	9
2706	10
2707	6
2708	13
2709	7
2710	10
2711	6
2712	7
2713	9
2714	11
2715	16
2716	13
2717	14
2718	21
2719	15
2720	9
2721	13
2722	8
2723	15
2724	7
2725	10
2726	8
2727	13
2728	14
2729	9
2730	5
2731	7
2732	6
2733	9
2734	13
2735	19
2736	15
2737	8
2738	18
2739	11
2740	14
2741	9
2742	9
2743	10
2744	10
2745	7
2746	12
2747	7
2748	8
2749	12
2750	14
2751	13
2752	9
2753	13
2754	3
2755	10
2756	17
2757	5
2758	9
2759	8
2760	14
2761	6
2762	4
2763	11
2764	10
2765	9
2766	9
2767	12
2768	15
2769	6
2770	15
2771	19
2772	6
2773	8
2774	12
2775	7
2776	12
2777	8
2778	17
2779	16
2780	9
2781	5
2782	13
2783	10
2784	7
2785	7
2786	9
2787	9
2788	12
2789	12
2790	13
2791	9
2792	4
2793	3
2794	13
2795	9
2796	13
2797	11
2798	10
2799	4
2800	11
2801	9
2802	8
2803	14
2804	10
2805	8
2806	10
2807	11
2808	7
2809	13
2810	12
2811	8
2812	8
2813	9
2814	10
2815	12
2816	5
2817	5
2818	10
2819	12
2820	11
2821	10
2822	6
2823	10
2824	8
2825	15
2826	13
2827	14
2828	10
2829	9
2830	8
2831	8
2832	15
2833	4
2834	11
2835	13
2836	12
2837	10
2838	12
2839	6
2840	6
2841	13
2842	15
2843	10
2844	12
2845	8
2846	10
2847	10
2848	14
2849	10
2850	9
2851	11
2852	7
2853	13
2854	10
2855	9
2856	7
2857	14
2858	12
2859	11
2860	5
2861	8
2862	8
2863	10
2864	13
2865	11
2866	7
2867	9
2868	9
2869	9
2870	8
2871	9
2872	15
2873	4
2874	12
2875	10
2876	8
2877	11
2878	13
2879	10
2880	12
2881	9
2882	9
2883	9
2884	14
2885	8
2886	10
2887	5
2888	10
2889	12
2890	10
2891	8
2892	12
2893	14
2894	8
2895	14
2896	6
2897	9
2898	5
2899	5
2900	8
2901	8
2902	5
2903	12
2904	11
2905	8
2906	7
2907	12
2908	6
2909	15
2910	6
2911	10
2912	12
2913	13
2914	13
2915	11
2916	7
2917	10
2918	7
2919	9
2920	7
2921	10
2922	5
2923	8
2924	5
2925	12
2926	5
2927	9
2928	3
2929	11
2930	14
2931	7
2932	6
2933	13
2934	9
2935	8
2936	8
2937	7
2938	10
2939	11
2940	11
2941	10
2942	16
2943	10
2944	12
2945	8
2946	16
2947	8
2948	9
2949	7
2950	10
2951	11
2952	8
2953	11
2954	12
2955	8
2956	5
2957	7
2958	13
2959	13
2960	10
2961	14
2962	13
2963	12
2964	6
2965	9
2966	12
2967	9
2968	12
2969	8
2970	8
2971	8
2972	12
2973	3
2974	9
2975	21
2976	7
2977	12
2978	10
2979	8
2980	12
2981	9
2982	8
2983	10
2984	11
2985	9
2986	6
2987	6
2988	11
2989	11
2990	14
2991	11
2992	6
2993	7
2994	11
2995	13
2996	13
2997	8
2998	8
2999	7
3000	13
3001	6
3002	11
3003	14
3004	13
3005	7
3006	10
3007	7
3008	8
3009	7
3010	7
3011	12
3012	10
3013	11
3014	10
3015	6
3016	11
3017	4
3018	10
3019	6
3020	10
3021	10
3022	10
3023	4
3024	3
3025	7
3026	14
3027	13
3028	5
3029	6
3030	8
3031	13
3032	6
3033	12
3034	11
3035	7
3036	10
3037	11
3038	8
3039	12
3040	12
3041	8
3042	12
3043	8
3044	13
3045	15
3046	5
3047	10
3048	10
3049	9
3050	10
3051	6
3052	3
3053	9
3054	7
3055	12
3056	12
3057	7
3058	14
3059	8
3060	6
3061	5
3062	9
3063	7
3064	7
3065	6
3066	5
3067	3
3068	10
3069	11
3070	13
3071	7
3072	8
3073	10
3074	7
3075	7
3076	8
3077	4
3078	7
3079	6
3080	6
3081	8
3082	12
3083	9
3084	6
3085	8
3086	8
3087	14
3088	6
3089	11
3090	8
3091	12
3092	9
3093	13
3094	11
3095	7
3096	7
3097	8
3098	14
3099	9
3100	9
3101	7
3102	7
3103	7
3104	8
3105	8
3106	8
3107	7
3108	10
3109	6
3110	11
3111	6
3112	7
3113	10
3114	8
3115	9
3116	10
3117	10
3118	7
3119	11
3120	9
3121	3
3122	5
3123	11
3124	15
3125	7
3126	8
3127	3
3128	12
3129	13
3130	5
3131	13
3132	11
3133	17
3134	7
3135	6
3136	13
3137	12
3138	10
3139	11
3140	7
3141	12
3142	4
3143	8
3144	8
3145	18
3146	10
3147	8
3148	17
3149	13
3150	7
3151	6
3152	10
3153	3
3154	6
3155	5
3156	7
3157	4
3158	8
3159	15
3160	9
3161	8
3162	12
3163	10
3164	9
3165	3
3166	9
3167	5
3168	8
3169	10
3170	9
3171	8
3172	4
3173	11
3174	8
3175	7
3176	11
3177	7
3178	8
3179	12
3180	12
3181	10
3182	14
3183	9
3184	7
3185	5
3186	10
3187	8
3188	9
3189	7
3190	11
3191	8
3192	11
3193	9
3194	10
3195	7
3196	3
3197	7
3198	5
3199	5
3200	9
3201	9
3202	5
3203	5
3204	7
3205	4
3206	6
3207	8
3208	8
3209	7
3210	7
3211	3
3212	5
3213	8
3214	4
3215	10
3216	11
3217	5
3218	10
3219	15
3220	5
3221	6
3222	3
3223	6
3224	8
3225	7
3226	9
3227	4
3228	9
3229	10
3230	12
3231	10
3232	8
3233	9
3234	8
3235	4
3236	5
3237	9
3238	10
3239	3
3240	10
3241	5
3242	9
3243	10
3244	1
3245	11
3246	6
3247	2
3248	11
3249	9
3250	13
3251	7
3252	8
3253	9
3254	10
3255	5
3256	9
3257	11
3258	6
3259	5
3260	10
3261	8
3262	8
3263	5
3264	5
3265	11
3266	6
3267	8
3268	8
3269	4
3270	8
3271	8
3272	5
3273	10
3274	14
3275	10
3276	4
3277	11
3278	10
3279	2
3280	13
3281	6
3282	7
3283	6
3284	7
3285	6
3286	8
3287	12
3288	8
3289	10
3290	7
3291	6
3292	6
3293	12
3294	4
3295	7
3296	8
3297	4
3298	7
3299	7
3300	11
3301	5
3302	8
3303	11
3304	7
3305	10
3306	10
3307	7
3308	5
3309	7
3310	7
3311	7
3312	6
3313	3
3314	5
3315	5
3316	10
3317	9
3318	12
3319	3
3320	4
3321	2
3322	7
3323	6
3324	4
3325	2
3326	14
3327	10
3328	7
3329	11
3330	7
3331	2
3332	9
3333	8
3334	3
3335	6
3336	10
3337	6
3338	4
3339	5
3340	9
3341	6
3342	12
3343	9
3344	7
3345	10
3346	3
3347	2
3348	4
3349	6
3350	4
3351	6
3352	3
3353	7
3354	11
3355	5
3356	4
3357	3
3358	7
3359	7
3360	4
3361	10
3362	2
3363	2
3364	4
3365	5
3366	8
3367	4
3368	9
3369	9
3370	6
3371	3
3372	9
3373	3
3374	13
3375	7
3376	8
3377	13
3378	4
3379	5
3380	6
3381	9
3382	4
3383	8
3384	6
3385	4
3386	4
3387	2
3388	5
3389	5
3390	6
3391	2
3392	5
3393	15
3394	7
3395	3
3396	8
3397	5
3398	12
3399	8
3400	7
3401	4
3402	7
3403	6
3404	8
3405	7
3406	6
3407	8
3408	8
3409	4
3410	12
3411	10
3412	11
3413	10
3414	10
3415	6
3416	9
3417	9
3418	4
3419	7
3420	5
3421	4
3422	1
3423	9
3424	8
3425	11
3426	3
3427	13
3428	8
3429	3
3430	10
3431	4
3432	6
3433	3
3434	11
3435	9
3436	6
3437	2
3438	3
3439	5
3440	10
3441	8
3442	4
3443	7
3444	3
3445	6
3446	11
3447	9
3448	8
3449	8
3450	11
3451	11
3452	4
3453	6
3454	8
3455	11
3456	7
3457	9
3458	5
3459	7
3460	9
3461	8
3462	8
3463	5
3464	7
3465	7
3466	6
3467	9
3468	9
3469	6
3470	4
3471	5
3472	7
3473	7
3474	9
3475	3
3476	10
3477	10
3478	4
3479	8
3480	4
3481	5
3482	9
3483	3
3484	5
3485	6
3486	9
3487	4
3488	8
3489	2
3490	8
3491	10
3492	7
3493	6
3494	4
3495	3
3496	5
3497	7
3498	3
3499	8
3500	13
3501	5
3502	6
3503	9
3504	3
3505	13
3506	6
3507	4
3508	2
3509	9
3510	5
3511	7
3512	5
3513	7
3514	7
3515	5
3516	11
3517	7
3518	3
3519	9
3520	5
3521	8
3522	7
3523	6
3524	6
3525	7
3526	7
3527	8
3528	7
3529	4
3530	3
3531	8
3532	7
3533	8
3534	4
3535	7
3536	7
3537	8
3538	8
3539	10
3540	3
3541	10
3542	11
3543	6
3544	10
3545	7
3546	7
3547	7
3548	6
3549	6
3550	10
3551	5
3552	5
3553	8
3554	8
3555	5
3556	6
3557	8
3558	5
3559	9
3560	8
3561	7
3562	8
3563	6
3564	3
3565	11
3566	8
3567	6
3568	8
3569	9
3570	11
3571	4
3572	4
3573	5
3574	5
3575	10
3576	10
3577	7
3578	4
3579	8
3580	3
3581	7
3582	9
3583	5
3584	3
3585	4
3586	6
3587	6
3588	9
3589	6
3590	5
3591	8
3592	7
3593	13
3594	11
3595	5
3596	9
3597	4
3598	8
3599	3
3600	5
3601	3
3602	7
3603	5
3604	5
3605	4
3606	10
3607	5
3608	7
3609	5
3610	7
3611	12
3612	5
3613	8
3614	2
3615	15
3616	5
3617	4
3618	3
3619	8
3620	4
3621	6
3622	7
3623	4
3624	7
3625	13
3626	6
3627	11
3628	5
3629	9
3630	9
3631	8
3632	4
3633	8
3634	6
3635	7
3636	7
3637	3
3638	6
3639	9
3640	11
3641	12
3642	8
3643	3
3644	4
3645	6
3646	6
3647	4
3648	6
3649	6
3650	5
3651	6
3652	6
3653	6
3654	8
3655	9
3656	6
3657	2
3658	9
3659	5
3660	5
3661	3
3662	5
3663	7
3664	3
3665	10
3666	6
3667	5
3668	9
3669	6
3670	4
3671	9
3672	3
3673	11
3674	8
3675	1
3676	8
3677	8
3678	6
3679	8
3680	5
3681	6
3682	6
3683	5
3684	7
3685	7
3686	2
3687	8
3688	6
3689	8
3690	8
3691	9
3692	11
3693	3
3694	4
3695	11
3696	4
3697	7
3698	7
3699	7
3700	4
3701	2
3702	8
3703	10
3704	4
3705	12
3706	9
3707	9
3708	5
3709	4
3710	4
3711	2
3712	4
3713	11
3714	1
3715	1
3716	12
3717	5
3718	10
3719	5
3720	5
3721	3
3722	6
3723	11
3724	7
3725	11
3726	4
3727	4
3728	7
3729	6
3730	6
3731	7
3732	11
3733	5
3734	6
3735	6
3736	6
3737	8
3738	6
3739	6
3740	5
3741	7
3742	6
3743	2
3744	5
3745	13
3746	8
3747	6
3748	5
3749	12
3750	6
3751	5
3752	7
3753	9
3754	2
3755	8
3756	9
3757	6
3758	9
3759	8
3760	8
3761	6
3762	5
3763	6
3764	8
3765	3
3766	12
3767	7
3768	6
3769	10
3770	8
3771	11
3772	8
3773	11
3774	12
3775	6
3776	6
3777	11
3778	8
3779	10
3780	10
3781	7
3782	4
3783	6
3784	5
3785	5
3786	7
3787	8
3788	4
3789	8
3790	11
3791	5
3792	6
3793	7
3794	5
3795	4
3796	10
3797	12
3798	8
3799	8
3800	7
3801	6
3802	7
3803	8
3804	5
3805	4
3806	11
3807	7
3808	7
3809	7
3810	6
3811	5
3812	6
3813	8
3814	9
3815	5
3816	3
3817	8
3818	6
3819	5
3820	10
3821	9
3822	4
3823	5
3824	9
3825	3
3826	9
3827	7
3828	8
3829	4
3830	6
3831	9
3832	9
3833	5
3834	4
3835	7
3836	16
3837	8
3838	6
3839	9
3840	5
3841	9
3842	10
3843	8
3844	9
3845	8
3846	5
3847	3
3848	8
3849	3
3850	5
3851	6
3852	9
3853	3
3854	5
3855	17
3856	3
3857	10
3858	3
3859	1
3860	5
3861	4
3862	9
3863	3
3864	3
3865	8
3866	8
3867	5
3868	11
3869	5
3870	5
3871	6
3872	6
3873	8
3874	13
3875	3
3876	7
3877	1
3878	6
3879	5
3880	8
3881	2
3882	6
3883	4
3884	3
3885	1
3886	5
3887	7
3888	8
3889	8
3890	8
3891	5
3892	5
3893	7
3894	5
3895	10
3896	8
3897	9
3898	1
3899	5
3900	11
3901	8
3902	9
3903	5
3904	6
3905	5
3906	3
3907	4
3908	5
3909	6
3910	9
3911	10
3912	3
3913	8
3914	7
3915	7
3916	5
3917	5
3918	8
3919	9
3920	8
3921	16
3922	8
3923	6
3924	10
3925	2
3926	9
3927	2
3928	7
3929	12
3930	8
3931	12
3932	6
3933	6
3934	7
3935	9
3936	5
3937	8
3938	11
3939	4
3940	4
3941	4
3942	6
3943	8
3944	3
3945	10
3946	4
3947	6
3948	2
3949	3
3950	6
3951	8
3952	8
3953	9
3954	4
3955	6
3956	4
3957	7
3958	5
3959	3
3960	8
3961	6
3962	6
3963	3
3964	10
3965	8
3966	5
3967	6
3968	6
3969	6
3970	7
3971	6
3972	10
3973	6
3974	7
3975	12
3976	8
3977	7
3978	2
3979	6
3980	6
3981	3
3982	4
3983	6
3984	6
3985	6
3986	10
3987	8
3988	10
3989	7
3990	7
3991	7
3992	5
3993	4
3994	4
3995	4
3996	0
3997	2
3998	5
3999	3
4000	11
4001	9
4002	11
4003	3
4004	14
4005	5
4006	11
4007	5
4008	5
4009	5
4010	2
4011	3
4012	6
4013	6
4014	7
4015	2
4016	2
4017	7
4018	8
4019	6
4020	4
4021	8
4022	11
4023	11
4024	8
4025	4
4026	6
4027	8
4028	6
4029	4
4030	5
4031	7
4032	7
4033	5
4034	2
4035	6
4036	9
4037	8
4038	6
4039	5
4040	5
4041	6
4042	7
4043	10
4044	3
4045	7
4046	6
4047	6
4048	9
4049	6
4050	9
4051	11
4052	7
4053	5
4054	9
4055	5
4056	7
4057	7
4058	4
4059	6
4060	5
4061	10
4062	5
4063	9
4064	4
4065	4
4066	4
4067	3
4068	4
4069	6
4070	5
4071	9
4072	14
4073	6
4074	8
4075	3
4076	5
4077	12
4078	7
4079	7
4080	10
4081	3
4082	9
4083	8
4084	4
4085	3
4086	7
4087	6
4088	8
4089	7
4090	6
4091	4
4092	6
4093	10
4094	9
4095	12
4096	8
4097	6
4098	3
4099	10
4100	2
4101	1
4102	10
4103	8
4104	12
4105	5
4106	6
4107	6
4108	7
4109	8
4110	4
4111	8
4112	9
4113	4
4114	7
4115	2
4116	3
4117	13
4118	4
4119	1
4120	4
4121	7
4122	6
4123	6
4124	8
4125	5
4126	4
4127	7
4128	5
4129	4
4130	6
4131	7
4132	9
4133	5
4134	6
4135	8
4136	11
4137	11
4138	5
4139	7
4140	2
4141	5
4142	6
4143	2
4144	4
4145	8
4146	9
4147	7
4148	5
4149	11
4150	7
4151	5
4152	8
4153	7
4154	8
4155	5
4156	7
4157	4
4158	4
4159	7
4160	8
4161	2
4162	6
4163	4
4164	12
4165	4
4166	5
4167	2
4168	7
4169	7
4170	10
4171	6
4172	4
4173	2
4174	5
4175	10
4176	9
4177	8
4178	6
4179	1
4180	4
4181	6
4182	8
4183	6
4184	9
4185	4
4186	6
4187	6
4188	4
4189	7
4190	2
4191	15
4192	8
4193	5
4194	3
4195	9
4196	9
4197	7
4198	4
4199	4
4200	7
4201	2
4202	4
4203	10
4204	6
4205	4
4206	10
4207	5
4208	7
4209	5
4210	7
4211	6
4212	7
4213	9
4214	5
4215	8
4216	7
4217	9
4218	7
4219	9
4220	8
4221	9
4222	10
4223	5
4224	5
4225	9
4226	2
4227	9
4228	4
4229	6
4230	10
4231	4
4232	5
4233	7
4234	7
4235	10
4236	6
4237	7
4238	8
4239	2
4240	9
4241	9
4242	5
4243	8
4244	6
4245	8
4246	6
4247	7
4248	9
4249	9
4250	10
4251	4
4252	12
4253	9
4254	5
4255	8
4256	10
4257	3
4258	10
4259	14
4260	6
4261	8
4262	6
4263	8
4264	8
4265	7
4266	5
4267	6
4268	6
4269	8
4270	5
4271	7
4272	6
4273	6
4274	3
4275	10
4276	8
4277	8
4278	8
4279	10
4280	5
4281	6
4282	8
4283	9
4284	7
4285	8
4286	6
4287	8
4288	4
4289	11
4290	6
4291	10
4292	4
4293	5
4294	7
4295	7
4296	6
4297	6
4298	17
4299	5
4300	7
4301	3
4302	8
4303	4
4304	8
4305	7
4306	4
4307	10
4308	4
4309	4
4310	6
4311	8
4312	3
4313	9
4314	9
4315	5
4316	6
4317	11
4318	6
4319	10
4320	5
4321	7
4322	11
4323	8
4324	6
4325	5
4326	10
4327	8
4328	10
4329	6
4330	6
4331	9
4332	11
4333	4
4334	5
4335	7
4336	12
4337	10
4338	4
4339	6
4340	11
4341	8
4342	5
4343	13
4344	4
4345	5
4346	7
4347	5
4348	7
4349	7
4350	6
4351	7
4352	4
4353	10
4354	10
4355	11
4356	5
4357	5
4358	11
4359	8
4360	13
4361	6
4362	12
4363	3
4364	5
4365	12
4366	8
4367	8
4368	5
4369	10
4370	4
4371	8
4372	6
4373	13
4374	7
4375	4
4376	4
4377	10
4378	8
4379	5
4380	3
4381	11
4382	7
4383	7
4384	6
4385	7
4386	10
4387	12
4388	9
4389	8
4390	6
4391	8
4392	9
4393	8
4394	5
4395	8
4396	8
4397	11
4398	5
4399	10
4400	9
4401	9
4402	5
4403	7
4404	16
4405	9
4406	6
4407	8
4408	5
4409	12
4410	10
4411	6
4412	9
4413	14
4414	15
4415	4
4416	2
4417	9
4418	7
4419	6
4420	9
4421	7
4422	10
4423	9
4424	6
4425	12
4426	12
4427	9
4428	7
4429	8
4430	8
4431	10
4432	7
4433	11
4434	9
4435	8
4436	6
4437	6
4438	11
4439	7
4440	8
4441	9
4442	12
4443	8
4444	4
4445	5
4446	13
4447	7
4448	8
4449	2
4450	6
4451	8
4452	12
4453	6
4454	7
4455	13
4456	11
4457	5
4458	10
4459	11
4460	9
4461	7
4462	13
4463	10
4464	7
4465	7
4466	11
4467	6
4468	8
4469	9
4470	9
4471	6
4472	12
4473	6
4474	8
4475	12
4476	8
4477	10
4478	4
4479	8
4480	8
4481	6
4482	12
4483	8
4484	5
4485	11
4486	11
4487	9
4488	13
4489	10
4490	10
4491	6
4492	6
4493	8
4494	7
4495	10
4496	12
4497	12
4498	3
4499	7
4500	6
4501	11
4502	6
4503	13
4504	9
4505	10
4506	10
4507	9
4508	6
4509	9
4510	11
4511	8
4512	9
4513	14
4514	5
4515	6
4516	7
4517	8
4518	10
4519	7
4520	8
4521	8
4522	6
4523	10
4524	9
4525	11
4526	12
4527	10
4528	14
4529	5
4530	9
4531	6
4532	10
4533	5
4534	8
4535	12
4536	11
4537	9
4538	8
4539	5
4540	6
4541	7
4542	8
4543	12
4544	5
4545	10
4546	18
4547	8
4548	9
4549	9
4550	10
4551	9
4552	5
4553	6
4554	11
4555	13
4556	12
4557	8
4558	10
4559	11
4560	12
4561	8
4562	10
4563	10
4564	9
4565	6
4566	7
4567	10
4568	9
4569	10
4570	7
4571	15
4572	12
4573	14
4574	8
4575	13
4576	9
4577	9
4578	7
4579	7
4580	14
4581	9
4582	10
4583	5
4584	10
4585	11
4586	12
4587	7
4588	11
4589	6
4590	8
4591	10
4592	8
4593	11
4594	10
4595	13
4596	12
4597	14
4598	8
4599	8
4600	8
4601	10
4602	10
4603	18
4604	16
4605	10
4606	12
4607	12
4608	8
4609	14
4610	11
4611	10
4612	7
4613	13
4614	7
4615	12
4616	12
4617	19
4618	7
4619	12
4620	13
4621	18
4622	9
4623	12
4624	13
4625	13
4626	7
4627	10
4628	8
4629	8
4630	9
4631	14
4632	10
4633	12
4634	12
4635	14
4636	18
4637	9
4638	16
4639	7
4640	11
4641	6
4642	7
4643	13
4644	6
4645	13
4646	11
4647	8
4648	10
4649	7
4650	14
4651	14
4652	12
4653	10
4654	8
4655	9
4656	14
4657	12
4658	10
4659	7
4660	10
4661	15
4662	10
4663	8
4664	13
4665	14
4666	7
4667	11
4668	9
4669	20
4670	15
4671	11
4672	12
4673	4
4674	7
4675	13
4676	10
4677	9
4678	11
4679	12
4680	19
4681	5
4682	8
4683	16
4684	17
4685	19
4686	16
4687	16
4688	14
4689	11
4690	6
4691	7
4692	10
4693	12
4694	10
4695	11
4696	13
4697	10
4698	6
4699	17
4700	11
4701	13
4702	7
4703	13
4704	12
4705	11
4706	7
4707	13
4708	9
4709	8
4710	13
4711	11
4712	14
4713	19
4714	12
4715	9
4716	10
4717	9
4718	13
4719	12
4720	14
4721	15
4722	8
4723	12
4724	10
4725	11
4726	6
4727	8
4728	11
4729	6
4730	14
4731	5
4732	11
4733	15
4734	9
4735	14
4736	10
4737	9
4738	12
4739	11
4740	8
4741	9
4742	14
4743	6
4744	7
4745	15
4746	14
4747	10
4748	11
4749	10
4750	22
4751	4
4752	11
4753	17
4754	14
4755	10
4756	10
4757	11
4758	14
4759	12
4760	11
4761	6
4762	7
4763	7
4764	20
4765	9
4766	7
4767	13
4768	5
4769	16
4770	11
4771	10
4772	12
4773	10
4774	10
4775	6
4776	10
4777	6
4778	7
4779	13
4780	9
4781	12
4782	7
4783	6
4784	6
4785	13
4786	9
4787	6
4788	11
4789	11
4790	15
4791	13
4792	7
4793	7
4794	6
4795	6
4796	9
4797	10
4798	8
4799	10
4800	8
4801	8
4802	10
4803	8
4804	9
4805	11
4806	8
4807	10
4808	8
4809	5
4810	9
4811	15
4812	9
4813	7
4814	9
4815	14
4816	6
4817	11
4818	6
4819	7
4820	9
4821	10
4822	9
4823	6
4824	9
4825	6
4826	10
4827	12
4828	6
4829	7
4830	7
4831	6
4832	9
4833	9
4834	4
4835	8
4836	11
4837	6
4838	9
4839	10
4840	13
4841	10
4842	6
4843	5
4844	6
4845	8
4846	5
4847	17
4848	5
4849	10
4850	7
4851	9
4852	1
4853	7
4854	3
4855	11
4856	7
4857	7
4858	7
4859	8
4860	7
4861	7
4862	6
4863	8
4864	6
4865	6
4866	2
4867	12
4868	5
4869	9
4870	3
4871	10
4872	0
4873	5
4874	6
4875	8
4876	6
4877	9
4878	5
4879	7
4880	5
4881	9
4882	8
4883	4
4884	7
4885	6
4886	9
4887	4
4888	3
4889	5
4890	6
4891	10
4892	5
4893	6
4894	6
4895	3
4896	5
4897	7
4898	7
4899	9
4900	6
4901	5
4902	6
4903	2
4904	4
4905	5
4906	4
4907	1
4908	6
4909	3
4910	6
4911	7
4912	7
4913	3
4914	6
4915	1
4916	4
4917	4
4918	2
4919	10
4920	7
4921	6
4922	4
4923	5
4924	7
4925	6
4926	5
4927	4
4928	9
4929	7
4930	6
4931	4
4932	3
4933	6
4934	2
4935	2
4936	0
4937	3
4938	1
4939	5
4940	4
4941	2
4942	2
4943	3
4944	3
4945	3
4946	1
4947	0
4948	2
4949	4
4950	4
4951	2
4952	2
4953	1
4954	2
4955	3
4956	4
4957	5
4958	1
4959	3
4960	2
4961	4
4962	2
4963	0
4964	2
4965	5
4966	3
4967	2
4968	1
4969	1
4970	2
4971	2
4972	3
4973	2
4974	0
4975	2
4976	1
4977	3
4978	2
4979	3
4980	4
4981	4
4982	0
4983	5
4984	1
4985	1
4986	3
4987	1
4988	4
4989	1
4990	1
4991	4
4992	0
4993	0
4994	2
4995	1
4996	2
4997	1
4998	4
4999	3
5000	2
5001	4
5002	1
5003	0
5004	1
5005	0
5006	2
5007	1
5008	4
5009	3
5010	1
5011	1
5012	2
5013	0
5014	0
5015	1
5016	2
5017	1
5018	0
5019	5
5020	1
5021	0
5022	1
5023	4
5024	2
5025	0
5026	3
5027	1
5028	2
5029	2
5030	1
5031	2
5032	3
5033	2
5034	1
5035	2
5036	1
5037	1
5038	2
5039	0
5040	1
5041	1
5042	1
5043	4
5044	0
5045	0
5046	0
5047	2
5048	3
5049	1
5050	2
5051	2
5052	0
5053	1
5054	0
5055	0
5056	1
5057	2
5058	1
5059	3
5060	0
5061	0
5062	2
5063	2
5064	2
5065	0
5066	0
5067	0
5068	0
5069	2
5070	0
5071	0
5072	0
5073	3
5074	2
5075	2
5076	2
5077	0
5078	0
5079	1
5080	1
5081	0
5082	1
5083	1
5084	1
5085	0
5086	0
5087	0
5088	1
5089	1
5090	0
5091	0
5092	2
5093	2
5094	1
5095	0
5096	0
5097	0
5098	1
5099	0
5100	0
5101	0
5102	1
5103	1
5104	0
5105	3
5106	1
5107	0
5108	1
5109	1
5110	1
5111	3
5112	2
5113	0
5114	0
5115	2
5116	0
5117	0
5118	0
5119	0
5120	0
5121	1
5122	1
5123	0
5124	1
5125	1
5126	0
5127	0
5128	0
5129	1
5130	0
5131	0
5132	0
5133	2
5134	1
5135	0
5136	1
5137	0
5138	0
5139	1
5140	0
5141	0
5142	0
5143	0
5144	1
5145	1
5146	0
5147	1
5148	0
5149	0
5150	0
5151	0
5152	0
5153	1
5154	1
5155	0
5156	2
5157	1
5158	0
5159	0
5160	0
5161	1
5162	1
5163	0
5164	0
5165	0
5166	0
5167	0
5168	1
5169	0
5170	0
5171	0
5172	2
5173	0
5174	0
5175	1
5176	0
5177	1
5178	0
5179	1
5180	1
5181	0
5182	0
5183	0
5184	1
5185	0
5186	1
5187	3
5188	1
5189	0
5190	1
5191	0
5192	1
5193	0
5194	0
5195	0
5196	1
5197	0
5198	3
5199	0
5200	2
5201	0
5202	0
5203	0
5204	0
5205	0
5206	0
5207	2
5208	0
5209	0
5210	1
5211	0
5212	0
5213	0
5214	0
5215	1
5216	0
5217	0
5218	1
5219	0
5220	0
5221	1
5222	1
5223	1
5224	0
5225	1
5226	0
5227	2
5228	2
5229	1
5230	2
5231	2
5232	0
5233	1
5234	0
5235	0
5236	0
5237	2
5238	0
5239	0
5240	0
5241	0
5242	1
5243	1
5244	0
5245	0
5246	1
5247	1
5248	0
5249	0
5250	1
5251	1
5252	1
5253	2
5254	0
5255	0
5256	0
5257	2
5258	1
5259	0
5260	1
5261	0
5262	0
5263	0
5264	1
5265	0
5266	1
5267	0
5268	2
5269	0
5270	0
5271	1
5272	1
5273	0
5274	0
5275	0
5276	0
5277	2
5278	1
5279	0
5280	1
5281	2
5282	0
5283	1
5284	0
5285	2
5286	0
5287	1
5288	0
5289	3
5290	0
5291	1
5292	1
5293	0
5294	1
5295	0
5296	1
5297	1
5298	1
5299	0
5300	0
5301	1
5302	0
5303	1
5304	2
5305	0
5306	0
5307	1
5308	1
5309	0
5310	0
5311	1
5312	3
5313	1
5314	0
5315	1
5316	0
5317	2
5318	0
5319	1
5320	1
5321	0
5322	1
5323	1
5324	0
5325	0
5326	1
5327	1
5328	0
5329	0
5330	1
5331	1
5332	0
5333	0
5334	2
5335	1
5336	0
5337	0
5338	0
5339	1
5340	0
5341	0
5342	3
5343	2
5344	1
5345	1
5346	2
5347	0
5348	0
5349	0
5350	0
5351	1
5352	0
5353	0
5354	0
5355	1
5356	1
5357	0
5358	0
5359	0
5360	0
5361	0
5362	0
5363	1
5364	1
5365	0
5366	1
5367	0
5368	0
5369	2
5370	0
5371	1
5372	2
5373	1
5374	1
5375	1
5376	0
5377	1
5378	0
5379	1
5380	2
5381	1
5382	3
5383	1
5384	1
5385	0
5386	1
5387	1
5388	1
5389	0
5390	0
5391	0
5392	0
5393	0
5394	0
5395	0
5396	0
5397	1
5398	0
5399	1
5400	0
5401	1
5402	0
5403	1
5404	1
5405	0
5406	0
5407	0
5408	0
5409	0
5410	0
5411	4
5412	0
5413	0
5414	1
5415	0
5416	0
5417	0
5418	0
5419	0
5420	1
5421	2
5422	2
5423	1
5424	1
5425	0
5426	0
5427	0
5428	1
5429	1
5430	0
5431	0
5432	2
5433	1
5434	1
5435	0
5436	0
5437	1
5438	0
5439	1
5440	0
5441	1
5442	1
5443	0
5444	0
5445	0
5446	0
5447	0
5448	0
5449	0
5450	1
5451	0
5452	0
5453	0
5454	0
5455	2
5456	1
5457	0
5458	1
5459	1
5460	1
5461	1
5462	1
5463	0
5464	2
5465	1
5466	0
5467	0
5468	1
5469	0
5470	0
5471	1
5472	1
5473	0
5474	0
5475	0
5476	0
5477	0
5478	0
5479	0
5480	1
5481	0
5482	0
5483	0
5484	0
5485	1
5486	1
5487	0
5488	0
5489	2
5490	0
5491	1
5492	1
5493	1
5494	1
5495	0
5496	0
5497	0
5498	0
5499	2
5500	2
5501	0
5502	1
5503	0
5504	0
5505	0
5506	0
5507	0
5508	2
5509	0
5510	0
5511	0
5512	3
5513	1
5514	0
5515	0
5516	1
5517	2
5518	1
5519	1
5520	1
5521	0
5522	1
5523	1
5524	2
5525	0
5526	0
5527	3
5528	3
5529	1
5530	1
5531	0
5532	0
5533	1
5534	0
5535	0
5536	1
5537	1
5538	0
5539	0
5540	0
5541	0
5542	1
5543	0
5544	0
5545	0
5546	1
5547	0
5548	1
5549	0
5550	0
5551	0
5552	0
5553	1
5554	3
5555	1
5556	2
5557	1
5558	0
5559	0
5560	1
5561	1
5562	0
5563	1
5564	1
5565	0
5566	2
5567	0
5568	1
5569	1
5570	0
5571	2
5572	0
5573	0
5574	0
5575	0
5576	0
5577	0
5578	0
5579	0
5580	1
5581	1
5582	1
5583	0
5584	0
5585	0
5586	0
5587	1
5588	0
5589	1
5590	1
5591	0
5592	1
5593	0
5594	2
5595	0
5596	0
5597	1
5598	1
5599	0
5600	0
5601	0
5602	0
5603	1
5604	0
5605	0
5606	0
5607	1
5608	0
5609	1
5610	1
5611	1
5612	1
5613	0
5614	0
5615	1
5616	0
5617	0
5618	0
5619	0
5620	2
5621	0
5622	1
5623	1
5624	1
5625	0
5626	1
5627	0
5628	1
5629	2
5630	1
5631	0
5632	0
5633	0
5634	0
5635	0
5636	0
5637	1
5638	0
5639	1
5640	0
5641	1
5642	0
5643	1
5644	1
5645	0
5646	0
5647	0
5648	0
5649	1
5650	0
5651	1
5652	1
5653	1
5654	1
5655	1
5656	0
5657	0
5658	1
5659	0
5660	1
5661	0
5662	0
5663	0
5664	1
5665	0
5666	1
5667	0
5668	0
5669	0
5670	0
5671	1
5672	0
5673	0
5674	0
5675	0
5676	2
5677	0
5678	0
5679	0
5680	0
5681	1
5682	0
5683	0
5684	0
5685	2
5686	0
5687	0
5688	0
5689	0
5690	2
5691	0
5692	1
5693	0
5694	2
5695	0
5696	0
5697	1
5698	1
5699	0
5700	2
5701	2
5702	0
5703	0
5704	0
5705	0
5706	1
5707	0
5708	0
5709	0
5710	0
5711	0
5712	0
5713	0
5714	1
5715	1
5716	1
5717	1
5718	1
5719	2
5720	0
5721	1
5722	0
5723	1
5724	0
5725	3
5726	1
5727	0
5728	0
5729	2
5730	0
5731	0
5732	1
5733	0
5734	1
5735	0
5736	0
5737	0
5738	1
5739	1
5740	1
5741	0
5742	1
5743	0
5744	0
5745	0
5746	0
5747	0
5748	0
5749	0
5750	0
5751	0
5752	0
5753	0
5754	2
5755	2
5756	0
5757	0
5758	1
5759	0
5760	0
5761	1
5762	0
5763	0
5764	0
5765	0
5766	0
5767	1
5768	0
5769	1
5770	1
5771	0
5772	1
5773	1
5774	0
5775	0
5776	1
5777	0
5778	0
5779	0
5780	0
5781	0
5782	0
5783	0
5784	1
5785	0
5786	0
5787	0
5788	0
5789	1
5790	0
5791	0
5792	0
5793	1
5794	0
5795	0
5796	1
5797	0
5798	0
5799	1
5800	0
5801	0
5802	1
5803	0
5804	3
5805	1
5806	0
5807	0
5808	0
5809	1
5810	1
5811	1
5812	0
5813	0
5814	0
5815	0
5816	0
5817	0
5818	0
5819	0
5820	1
5821	0
5822	0
5823	0
5824	0
5825	2
5826	1
5827	1
5828	0
5829	1
5830	0
5831	0
5832	0
5833	0
5834	0
5835	0
5836	0
5837	0
5838	0
5839	2
5840	0
5841	0
5842	0
5843	0
5844	1
5845	0
5846	1
5847	1
5848	2
5849	1
5850	0
5851	0
5852	0
5853	0
5854	0
5855	0
5856	1
5857	1
5858	0
5859	0
5860	1
5861	0
5862	1
5863	0
5864	0
5865	1
5866	1
5867	1
5868	0
5869	0
5870	0
5871	0
5872	0
5873	0
5874	0
5875	0
5876	0
5877	0
5878	0
5879	1
5880	1
5881	1
5882	0
5883	1
5884	0
5885	0
5886	0
5887	0
5888	0
5889	0
5890	1
5891	0
5892	0
5893	0
5894	0
5895	0
5896	0
5897	1
5898	0
5899	2
5900	0
5901	0
5902	0
5903	1
5904	2
5905	0
5906	1
5907	0
5908	0
5909	0
5910	0
5911	0
5912	0
5913	0
5914	0
5915	0
5916	0
5917	0
5918	0
5919	1
5920	1
5921	0
5922	1
5923	0
5924	0
5925	0
5926	1
5927	0
5928	2
5929	1
5930	0
5931	0
5932	0
5933	1
5934	0
5935	0
5936	0
5937	1
5938	0
5939	1
5940	0
5941	0
5942	0
5943	0
5944	0
5945	1
5946	0
5947	0
5948	0
5949	0
5950	0
5951	0
5952	0
5953	0
5954	0
5955	1
5956	1
5957	1
5958	0
5959	0
5960	1
5961	0
5962	2
5963	1
5964	0
5965	0
5966	0
5967	1
5968	0
5969	0
5970	0
5971	0
5972	0
5973	0
5974	0
5975	1
5976	0
5977	0
5978	0
5979	0
5980	0
5981	0
5982	0
5983	0
5984	1
5985	0
5986	0
5987	1
5988	1
5989	0
5990	1
5991	0
5992	2
5993	1
5994	0
5995	1
5996	2
5997	0
5998	0
5999	1
6000	1
6001	2
6002	2
6003	1
6004	0
6005	0
6006	0
6007	0
6008	1
6009	0
6010	1
6011	0
6012	0
6013	0
6014	0
6015	0
6016	0
6017	0
6018	0
6019	1
6020	1
6021	1
6022	0
6023	0
6024	0
6025	0
6026	0
6027	2
6028	0
6029	0
6030	1
6031	0
6032	1
6033	0
6034	1
6035	1
6036	1
6037	1
6038	0
6039	0
6040	0
6041	0
6042	1
6043	0
6044	0
6045	2
6046	0
6047	0
6048	0
6049	0
6050	0
6051	0
6052	2
6053	0
6054	2
6055	1
6056	0
6057	0
6058	1
6059	1
6060	0
6061	1
6062	1
6063	0
6064	1
6065	0
6066	0
6067	0
6068	0
6069	0
6070	1
6071	1
6072	1
6073	0
6074	0
6075	0
6076	0
6077	0
6078	0
6079	2
6080	0
6081	0
6082	2
6083	1
6084	0
6085	0
6086	0
6087	0
6088	2
6089	0
6090	0
6091	0
6092	0
6093	2
6094	2
6095	1
6096	1
6097	1
6098	0
6099	0
6100	0
6101	0
6102	0
6103	2
6104	0
6105	0
6106	1
6107	1
6108	0
6109	1
6110	0
6111	0
6112	2
6113	1
6114	0
6115	2
6116	0
6117	3
6118	1
6119	1
6120	0
6121	2
6122	0
6123	1
6124	0
6125	1
6126	1
6127	0
6128	0
6129	0
6130	0
6131	0
6132	0
6133	1
6134	1
6135	0
6136	0
6137	0
6138	1
6139	0
6140	1
6141	0
6142	1
6143	0
6144	0
6145	1
6146	1
6147	0
6148	0
6149	0
6150	2
6151	0
6152	0
6153	0
6154	0
6155	0
6156	0
6157	3
6158	0
6159	0
6160	0
6161	3
6162	0
6163	1
6164	0
6165	0
6166	0
6167	0
6168	1
6169	0
6170	0
6171	0
6172	0
6173	0
6174	0
6175	0
6176	0
6177	0
6178	1
6179	1
6180	0
6181	1
6182	0
6183	0
6184	0
6185	1
6186	0
6187	2
6188	1
6189	0
6190	1
6191	1
6192	0
6193	1
6194	1
6195	1
6196	1
6197	1
6198	0
6199	0
6200	0
6201	0
6202	2
6203	2
6204	0
6205	3
6206	1
6207	1
6208	0
6209	1
6210	0
6211	0
6212	0
6213	1
6214	0
6215	2
6216	0
6217	0
6218	1
6219	0
6220	0
6221	1
6222	0
6223	0
6224	1
6225	0
6226	0
6227	0
6228	0
6229	0
6230	0
6231	0
6232	0
6233	0
6234	0
6235	1
6236	0
6237	4
6238	0
6239	0
6240	1
6241	1
6242	1
6243	0
6244	0
6245	0
6246	2
6247	1
6248	0
6249	0
6250	0
6251	0
6252	1
6253	0
6254	0
6255	2
6256	2
6257	0
6258	2
6259	0
6260	2
6261	0
6262	1
6263	1
6264	0
6265	1
6266	0
6267	1
6268	1
6269	0
6270	0
6271	2
6272	0
6273	0
6274	0
6275	0
6276	0
6277	0
6278	1
6279	0
6280	1
6281	0
6282	1
6283	1
6284	0
6285	0
6286	0
6287	0
6288	1
6289	0
6290	1
6291	0
6292	0
6293	0
6294	0
6295	0
6296	1
6297	0
6298	1
6299	1
6300	0
6301	1
6302	0
6303	1
6304	0
6305	0
6306	0
6307	0
6308	4
6309	0
6310	3
6311	0
6312	0
6313	0
6314	2
6315	0
6316	0
6317	0
6318	1
6319	0
6320	2
6321	1
6322	1
6323	0
6324	0
6325	1
6326	1
6327	1
6328	0
6329	0
6330	1
6331	0
6332	0
6333	0
6334	1
6335	0
6336	1
6337	0
6338	2
6339	1
6340	0
6341	0
6342	2
6343	0
6344	2
6345	1
6346	1
6347	0
6348	0
6349	1
6350	0
6351	0
6352	0
6353	0
6354	0
6355	0
6356	1
6357	2
6358	2
6359	2
6360	0
6361	1
6362	1
6363	0
6364	0
6365	1
6366	1
6367	0
6368	0
6369	1
6370	0
6371	0
6372	0
6373	3
6374	0
6375	1
6376	0
6377	1
6378	0
6379	0
6380	0
6381	2
6382	0
6383	0
6384	1
6385	0
6386	0
6387	1
6388	1
6389	0
6390	0
6391	2
6392	0
6393	1
6394	1
6395	1
6396	2
6397	0
6398	1
6399	0
6400	0
6401	0
6402	0
6403	0
6404	0
6405	1
6406	0
6407	0
6408	0
6409	0
6410	1
6411	0
6412	0
6413	0
6414	0
6415	0
6416	1
6417	0
6418	0
6419	0
6420	0
6421	1
6422	0
6423	0
6424	1
6425	0
6426	1
6427	1
6428	0
6429	1
6430	2
6431	0
6432	2
6433	0
6434	2
6435	0
6436	2
6437	2
6438	0
6439	1
6440	1
6441	0
6442	0
6443	0
6444	2
6445	1
6446	0
6447	0
6448	0
6449	0
6450	0
6451	0
6452	0
6453	0
6454	0
6455	1
6456	0
6457	0
6458	0
6459	0
6460	2
6461	0
6462	0
6463	0
6464	1
6465	1
6466	0
6467	1
6468	0
6469	1
6470	0
6471	0
6472	0
6473	0
6474	0
6475	0
6476	0
6477	0
6478	0
6479	4
6480	0
6481	0
6482	0
6483	1
6484	0
6485	1
6486	1
6487	0
6488	0
6489	1
6490	0
6491	0
6492	3
6493	2
6494	1
6495	0
6496	1
6497	1
6498	0
6499	1
6500	1
6501	3
6502	0
6503	1
6504	1
6505	1
6506	0
6507	0
6508	0
6509	0
6510	0
6511	1
6512	0
6513	2
6514	0
6515	1
6516	0
6517	0
6518	1
6519	0
6520	0
6521	0
6522	0
6523	0
6524	0
6525	0
6526	1
6527	0
6528	1
6529	1
6530	0
6531	0
6532	0
6533	0
6534	0
6535	2
6536	2
6537	2
6538	0
6539	0
6540	0
6541	0
6542	0
6543	0
6544	0
6545	0
6546	0
6547	1
6548	0
6549	1
6550	0
6551	1
6552	1
6553	0
6554	2
6555	2
6556	0
6557	0
6558	1
6559	0
6560	0
6561	0
6562	1
6563	0
6564	0
6565	1
6566	0
6567	1
6568	1
6569	1
6570	1
6571	0
6572	1
6573	1
6574	0
6575	0
6576	1
6577	0
6578	0
6579	0
6580	1
6581	0
6582	1
6583	1
6584	0
6585	0
6586	0
6587	2
6588	0
6589	0
6590	0
6591	2
6592	0
6593	1
6594	0
6595	0
6596	0
6597	0
6598	1
6599	0
6600	0
6601	0
6602	0
6603	0
6604	0
6605	1
6606	1
6607	1
6608	0
6609	0
6610	0
6611	2
6612	0
6613	0
6614	1
6615	2
6616	0
6617	1
6618	0
6619	0
6620	1
6621	0
6622	1
6623	1
6624	0
6625	0
6626	0
6627	1
6628	0
6629	1
6630	0
6631	1
6632	1
6633	1
6634	0
6635	0
6636	1
6637	0
6638	2
6639	1
6640	0
6641	0
6642	0
6643	1
6644	0
6645	0
6646	1
6647	1
6648	0
6649	0
6650	0
6651	1
6652	1
6653	0
6654	1
6655	2
6656	0
6657	0
6658	1
6659	0
6660	0
6661	0
6662	1
6663	0
6664	0
6665	1
6666	0
6667	0
6668	1
6669	0
6670	2
6671	1
6672	0
6673	0
6674	0
6675	0
6676	1
6677	0
6678	1
6679	0
6680	1
6681	0
6682	0
6683	0
6684	0
6685	1
6686	0
6687	0
6688	0
6689	0
6690	1
6691	0
6692	0
6693	0
6694	0
6695	0
6696	1
6697	0
6698	0
6699	1
6700	0
6701	0
6702	0
6703	0
6704	3
6705	1
6706	0
6707	0
6708	0
6709	0
6710	0
6711	0
6712	0
6713	0
6714	0
6715	0
6716	0
6717	0
6718	0
6719	0
6720	0
6721	0
6722	1
6723	2
6724	0
6725	0
6726	0
6727	1
6728	0
6729	0
6730	0
6731	2
6732	0
6733	0
6734	0
6735	0
6736	1
6737	0
6738	1
6739	0
6740	0
6741	0
6742	2
6743	0
6744	1
6745	1
6746	2
6747	4
6748	0
6749	1
6750	0
6751	0
6752	1
6753	0
6754	2
6755	2
6756	1
6757	0
6758	0
6759	0
6760	1
6761	1
6762	1
6763	0
6764	2
6765	1
6766	0
6767	0
6768	1
6769	0
6770	0
6771	0
6772	1
6773	2
6774	0
6775	2
6776	3
6777	0
6778	0
6779	0
6780	0
6781	0
6782	0
6783	1
6784	0
6785	1
6786	0
6787	0
6788	1
6789	1
6790	2
6791	0
6792	1
6793	0
6794	0
6795	0
6796	2
6797	0
6798	0
6799	1
6800	0
6801	0
6802	0
6803	0
6804	0
6805	0
6806	1
6807	1
6808	1
6809	0
6810	1
6811	1
6812	0
6813	1
6814	0
6815	0
6816	0
6817	0
6818	1
6819	0
6820	0
6821	1
6822	0
6823	0
6824	0
6825	0
6826	0
6827	1
6828	1
6829	0
6830	1
6831	0
6832	0
6833	0
6834	1
6835	0
6836	0
6837	0
6838	0
6839	0
6840	2
6841	1
6842	3
6843	1
6844	0
6845	0
6846	1
6847	0
6848	1
6849	0
6850	0
6851	0
6852	1
6853	1
6854	0
6855	0
6856	2
6857	1
6858	0
6859	2
6860	1
6861	0
6862	0
6863	1
6864	0
6865	1
6866	2
6867	0
6868	0
6869	0
6870	0
6871	0
6872	0
6873	0
6874	1
6875	1
6876	0
6877	1
6878	0
6879	0
6880	1
6881	0
6882	0
6883	0
6884	0
6885	0
6886	2
6887	0
6888	0
6889	1
6890	0
6891	0
6892	0
6893	0
6894	0
6895	2
6896	1
6897	1
6898	0
6899	1
6900	0
6901	0
6902	1
6903	0
6904	0
6905	0
6906	1
6907	0
6908	0
6909	1
6910	1
6911	1
6912	0
6913	2
6914	0
6915	0
6916	0
6917	0
6918	0
6919	1
6920	0
6921	4
6922	1
6923	0
6924	0
6925	0
6926	0
6927	0
6928	1
6929	0
6930	1
6931	0
6932	0
6933	0
6934	0
6935	0
6936	1
6937	0
6938	1
6939	0
6940	0
6941	0
6942	2
6943	0
6944	0
6945	0
6946	2
6947	0
6948	0
6949	1
6950	0
6951	0
6952	1
6953	0
6954	0
6955	0
6956	0
6957	0
6958	1
6959	0
6960	0
6961	1
6962	0
6963	0
6964	0
6965	1
6966	0
6967	0
6968	0
6969	1
6970	0
6971	0
6972	0
6973	0
6974	0
6975	0
6976	1
6977	0
6978	0
6979	0
6980	0
6981	0
6982	0
6983	0
6984	1
6985	0
6986	0
6987	0
6988	1
6989	1
6990	0
6991	0
6992	0
6993	0
6994	0
6995	2
6996	0
6997	0
6998	0
6999	0
7000	0
7001	1
7002	0
7003	0
7004	0
7005	0
7006	0
7007	0
7008	2
7009	0
7010	0
7011	0
7012	0
7013	0
7014	1
7015	1
7016	0
7017	1
7018	0
7019	0
7020	0
7021	0
7022	0
7023	0
7024	2
7025	1
7026	0
7027	0
7028	0
7029	0
7030	0
7031	0
7032	2
7033	0
7034	0
7035	0
7036	0
7037	2
7038	0
7039	0
7040	0
7041	0
7042	0
7043	0
7044	0
7045	1
7046	0
7047	0
7048	0
7049	0
7050	0
7051	0
7052	1
7053	0
7054	1
7055	1
7056	0
7057	0
7058	3
7059	0
7060	1
7061	0
7062	0
7063	0
7064	0
7065	0
7066	1
7067	0
7068	0
7069	0
7070	0
7071	0
7072	1
7073	0
7074	0
7075	0
7076	0
7077	0
7078	1
7079	1
7080	0
7081	0
7082	0
7083	0
7084	0
7085	0
7086	1
7087	0
7088	0
7089	1
7090	1
7091	2
7092	1
7093	0
7094	0
7095	0
7096	0
7097	0
7098	0
7099	0
7100	0
7101	0
7102	0
7103	0
7104	1
7105	0
7106	0
7107	0
7108	0
7109	2
7110	1
7111	1
7112	2
7113	0
7114	1
7115	0
7116	0
7117	0
7118	0
7119	0
7120	0
7121	0
7122	0
7123	0
7124	1
7125	0
7126	0
7127	1
7128	0
7129	0
7130	0
7131	0
7132	1
7133	0
7134	0
7135	0
7136	0
7137	0
7138	0
7139	1
7140	0
7141	0
7142	1
7143	0
7144	0
7145	0
7146	0
7147	0
7148	1
7149	0
7150	0
7151	1
7152	0
7153	0
7154	0
7155	0
7156	0
7157	1
7158	0
7159	0
7160	1
7161	2
7162	0
7163	0
7164	0
7165	0
7166	2
7167	0
7168	0
7169	0
7170	1
7171	0
7172	0
7173	1
7174	1
7175	0
7176	0
7177	0
7178	1
7179	1
7180	0
7181	0
7182	1
7183	0
7184	0
7185	1
7186	1
7187	1
7188	1
7189	0
7190	0
7191	0
7192	0
7193	0
7194	0
7195	1
7196	0
7197	0
7198	1
7199	0
7200	0
7201	0
7202	0
7203	0
7204	0
7205	0
7206	0
7207	0
7208	0
7209	1
7210	0
7211	2
7212	1
7213	0
7214	0
7215	0
7216	0
7217	0
7218	0
7219	0
7220	0
7221	0
7222	0
7223	0
7224	0
7225	0
7226	0
7227	0
7228	0
7229	0
7230	0
7231	0
7232	0
7233	1
7234	0
7235	2
7236	0
7237	1
7238	0
7239	1
7240	0
7241	0
7242	1
7243	1
7244	0
7245	1
7246	0
7247	0
7248	1
7249	0
7250	0
7251	0
7252	0
7253	0
7254	0
7255	1
7256	0
7257	0
7258	0
7259	0
7260	0
7261	0
7262	0
7263	1
7264	0
7265	0
7266	0
7267	0
7268	0
7269	1
7270	0
7271	0
7272	0
7273	0
7274	2
7275	0
7276	0
7277	0
7278	0
7279	0
7280	1
7281	0
7282	0
7283	0
7284	2
7285	0
7286	1
7287	0
7288	1
7289	0
7290	1
7291	0
7292	0
7293	1
7294	0
7295	0
7296	0
7297	0
7298	0
7299	0
7300	0
7301	3
7302	0
7303	1
7304	0
7305	0
7306	0
7307	1
7308	2
7309	0
7310	1
7311	1
7312	0
7313	1
7314	0
7315	0
7316	0
7317	3
7318	0
7319	1
7320	0
7321	1
7322	1
7323	0
7324	1
7325	0
7326	1
7327	2
7328	0
7329	1
7330	0
7331	0
7332	0
7333	1
7334	0
7335	0
7336	0
7337	0
7338	0
7339	1
7340	0
7341	1
7342	0
7343	1
7344	1
7345	0
7346	0
7347	0
7348	0
7349	0
7350	0
7351	0
7352	0
7353	0
7354	1
7355	0
7356	1
7357	0
7358	0
7359	0
7360	0
7361	0
7362	0
7363	1
7364	1
7365	0
7366	0
7367	1
7368	0
7369	2
7370	0
7371	2
7372	0
7373	0
7374	0
7375	0
7376	0
7377	2
7378	0
7379	0
7380	1
7381	0
7382	1
7383	0
7384	0
7385	0
7386	0
7387	0
7388	0
7389	1
7390	2
7391	0
7392	0
7393	1
7394	0
7395	0
7396	0
7397	1
7398	0
7399	0
7400	0
7401	1
7402	1
7403	0
7404	0
7405	0
7406	1
7407	0
7408	0
7409	1
7410	0
7411	1
7412	1
7413	1
7414	1
7415	0
7416	1
7417	0
7418	0
7419	0
7420	0
7421	1
7422	0
7423	0
7424	0
7425	0
7426	0
7427	0
7428	2
7429	0
7430	0
7431	1
7432	0
7433	0
7434	1
7435	2
7436	1
7437	1
7438	0
7439	0
7440	0
7441	1
7442	1
7443	0
7444	0
7445	0
7446	0
7447	0
7448	0
7449	1
7450	1
7451	1
7452	0
7453	0
7454	0
7455	1
7456	1
7457	0
7458	0
7459	1
7460	0
7461	1
7462	1
7463	0
7464	0
7465	0
7466	2
7467	0
7468	0
7469	0
7470	0
7471	0
7472	0
7473	0
7474	0
7475	0
7476	0
7477	0
7478	2
7479	0
7480	0
7481	0
7482	0
7483	0
7484	0
7485	1
7486	0
7487	0
7488	0
7489	1
7490	0
7491	0
7492	0
7493	0
7494	0
7495	0
7496	0
7497	0
7498	0
7499	0
7500	0
7501	0
7502	0
7503	1
7504	0
7505	0
7506	0
7507	1
7508	1
7509	2
7510	2
7511	1
7512	1
7513	0
7514	0
7515	0
7516	1
7517	1
7518	0
7519	0
7520	1
7521	0
7522	0
7523	0
7524	0
7525	2
7526	0
7527	0
7528	0
7529	0
7530	0
7531	0
7532	0
7533	0
7534	0
7535	0
7536	1
7537	1
7538	0
7539	0
7540	0
7541	0
7542	0
7543	1
7544	0
7545	1
7546	0
7547	0
7548	0
7549	4
7550	0
7551	0
7552	0
7553	0
7554	1
7555	0
7556	0
7557	0
7558	0
7559	0
7560	0
7561	0
7562	1
7563	0
7564	0
7565	0
7566	0
7567	1
7568	1
7569	0
7570	1
7571	2
7572	0
7573	0
7574	0
7575	0
7576	0
7577	1
7578	1
7579	0
7580	0
7581	1
7582	1
7583	0
7584	0
7585	0
7586	1
7587	0
7588	0
7589	0
7590	0
7591	1
7592	0
7593	1
7594	0
7595	0
7596	0
7597	0
7598	1
7599	1
7600	0
7601	0
7602	0
7603	0
7604	0
7605	1
7606	0
7607	0
7608	0
7609	0
7610	0
7611	1
7612	1
7613	0
7614	0
7615	0
7616	1
7617	0
7618	0
7619	1
7620	0
7621	0
7622	1
7623	1
7624	1
7625	0
7626	1
7627	0
7628	0
7629	2
7630	0
7631	0
7632	0
7633	0
7634	0
7635	0
7636	0
7637	0
7638	0
7639	0
7640	1
7641	0
7642	0
7643	0
7644	0
7645	1
7646	1
7647	0
7648	0
7649	1
7650	1
7651	0
7652	0
7653	0
7654	0
7655	0
7656	0
7657	0
7658	1
7659	1
7660	0
7661	0
7662	0
7663	1
7664	0
7665	0
7666	1
7667	1
7668	0
7669	0
7670	0
7671	1
7672	2
7673	0
7674	0
7675	1
7676	0
7677	1
7678	0
7679	0
7680	0
7681	0
7682	0
7683	1
7684	0
7685	1
7686	0
7687	0
7688	0
7689	0
7690	0
7691	1
7692	0
7693	0
7694	1
7695	0
7696	1
7697	1
7698	0
7699	0
7700	0
7701	1
7702	0
7703	0
7704	0
7705	0
7706	0
7707	0
7708	0
7709	0
7710	0
7711	0
7712	1
7713	0
7714	0
7715	0
7716	0
7717	0
7718	0
7719	1
7720	0
7721	1
7722	0
7723	0
7724	0
7725	1
7726	0
7727	0
7728	0
7729	1
7730	0
7731	0
7732	0
7733	0
7734	0
7735	1
7736	1
7737	0
7738	0
7739	1
7740	0
7741	1
7742	0
7743	0
7744	1
7745	0
7746	0
7747	1
7748	1
7749	0
7750	2
7751	0
7752	0
7753	0
7754	0
7755	0
7756	0
7757	1
7758	0
7759	1
7760	1
7761	0
7762	0
7763	1
7764	0
7765	0
7766	0
7767	0
7768	0
7769	0
7770	0
7771	0
7772	0
7773	0
7774	0
7775	0
7776	0
7777	0
7778	0
7779	0
7780	0
7781	0
7782	0
7783	0
7784	0
7785	1
7786	1
7787	0
7788	0
7789	0
7790	0
7791	1
7792	0
7793	1
7794	1
7795	0
7796	0
7797	0
7798	1
7799	0
7800	1
7801	0
7802	0
7803	1
7804	0
7805	0
7806	0
7807	0
7808	1
7809	1
7810	1
7811	0
7812	0
7813	0
7814	0
7815	0
7816	0
7817	0
7818	1
7819	0
7820	0
7821	1
7822	0
7823	0
7824	1
7825	2
7826	2
7827	1
7828	0
7829	0
7830	1
7831	2
7832	0
7833	1
7834	0
7835	1
7836	0
7837	1
7838	0
7839	0
7840	0
7841	0
7842	0
7843	0
7844	0
7845	0
7846	0
7847	0
7848	1
7849	0
7850	1
7851	0
7852	0
7853	0
7854	2
7855	1
7856	0
7857	1
7858	0
7859	0
7860	1
7861	0
7862	0
7863	1
7864	0
7865	1
7866	0
7867	0
7868	0
7869	0
7870	0
7871	1
7872	0
7873	0
7874	1
7875	0
7876	2
7877	0
7878	1
7879	1
7880	0
7881	0
7882	1
7883	0
7884	2
7885	0
7886	0
7887	0
7888	1
7889	0
7890	0
7891	0
7892	0
7893	0
7894	0
7895	0
7896	0
7897	0
7898	0
7899	1
7900	0
7901	0
7902	0
7903	0
7904	0
7905	0
7906	0
7907	0
7908	0
7909	0
7910	2
7911	0
7912	0
7913	0
7914	0
7915	0
7916	0
7917	0
7918	1
7919	0
7920	0
7921	0
7922	0
7923	0
7924	0
7925	1
7926	0
7927	1
7928	0
7929	0
7930	1
7931	0
7932	1
7933	1
7934	1
7935	0
7936	0
7937	0
7938	0
7939	0
7940	1
7941	0
7942	0
7943	0
7944	0
7945	0
7946	0
7947	0
7948	0
7949	0
7950	0
7951	0
7952	1
7953	0
7954	0
7955	0
7956	0
7957	0
7958	0
7959	1
7960	1
7961	1
7962	0
7963	0
7964	0
7965	0
7966	1
7967	0
7968	0
7969	0
7970	0
7971	0
7972	0
7973	0
7974	0
7975	1
7976	1
7977	1
7978	0
7979	1
7980	1
7981	0
7982	0
7983	0
7984	0
7985	0
7986	0
7987	0
7988	0
7989	0
7990	0
7991	3
7992	0
7993	0
7994	0
7995	0
7996	0
7997	0
7998	0
7999	0
8000	0
8001	0
8002	1
8003	0
8004	0
8005	0
8006	0
8007	0
8008	0
8009	0
8010	0
8011	0
8012	2
8013	0
8014	0
8015	0
8016	0
8017	0
8018	0
8019	1
8020	0
8021	1
8022	0
8023	1
8024	0
8025	0
8026	0
8027	2
8028	0
8029	0
8030	0
8031	1
8032	1
8033	0
8034	0
8035	2
8036	0
8037	0
8038	0
8039	0
8040	1
8041	1
8042	1
8043	0
8044	0
8045	0
8046	1
8047	0
8048	0
8049	0
8050	1
8051	0
8052	0
8053	0
8054	0
8055	0
8056	1
8057	2
8058	0
8059	0
8060	0
8061	0
8062	1
8063	1
8064	0
8065	1
8066	0
8067	0
8068	0
8069	0
8070	0
8071	0
8072	0
8073	0
8074	0
8075	0
8076	0
8077	0
8078	1
8079	0
8080	0
8081	0
8082	0
8083	0
8084	0
8085	0
8086	0
8087	0
8088	0
8089	0
8090	0
8091	0
8092	0
8093	0
8094	0
8095	0
8096	0
8097	0
8098	0
8099	0
8100	0
8101	0
8102	0
8103	0
8104	0
8105	0
8106	0
8107	0
8108	0
8109	0
8110	0
8111	0
8112	0
8113	0
8114	0
8115	0
8116	0
8117	0
8118	0
8119	0
8120	0
8121	0
8122	0
8123	0
8124	0
8125	0
8126	0
8127	0
8128	0
8129	0
8130	0
8131	0
8132	0
8133	0
8134	0
8135	0
8136	0
8137	0
8138	0
8139	0
8140	0
8141	0
8142	0
8143	0
8144	0
8145	0
8146	0
8147	0
8148	0
8149	0
8150	0
8151	0
8152	0
8153	0
8154	0
8155	0
8156	0
8157	0
8158	0
8159	0
8160	0
8161	0
8162	0
8163	0
8164	0
8165	0
8166	0
8167	0
8168	0
8169	0
8170	0
8171	0
8172	0
8173	0
8174	0
8175	0
8176	0
8177	0
8178	0
8179	0
8180	0
8181	0
8182	0
8183	0
8184	0
8185	0
8186	0
8187	0
8188	0
8189	0
8190	0
8191	0
