0	0
1	0
2	0
3	0
4	0
5	0
6	0
7	0
8	0
9	0
10	0
11	0
12	0
13	0
14	0
15	0
16	0
17	0
18	0
19	0
20	0
21	0
22	0
23	0
24	0
25	0
26	0
27	0
28	0
29	0
30	0
31	0
32	0
33	0
34	0
35	0
36	0
37	0
38	0
39	0
40	0
41	0
42	0
43	0
44	0
45	0
46	0
47	0
48	0
49	0
50	0
51	0
52	0
53	0
54	0
55	0
56	0
57	0
58	0
59	0
60	0
61	0
62	0
63	0
64	0
65	0
66	0
67	0
68	0
69	0
70	0
71	0
72	0
73	0
74	0
75	0
76	0
77	0
78	0
79	0
80	0
81	0
82	0
83	0
84	0
85	0
86	1
87	9
88	2
89	6
90	9
91	14
92	9
93	7
94	12
95	10
96	4
97	14
98	13
99	11
100	4
101	12
102	9
103	8
104	9
105	11
106	6
107	12
108	11
109	12
110	6
111	11
112	16
113	11
114	8
115	8
116	6
117	8
118	11
119	8
120	11
121	10
122	10
123	17
124	12
125	17
126	10
127	8
128	12
129	14
130	9
131	8
132	12
133	9
134	11
135	9
136	9
137	12
138	3
139	7
140	9
141	8
142	12
143	16
144	9
145	6
146	8
147	7
148	5
149	8
150	15
151	5
152	8
153	15
154	11
155	9
156	10
157	12
158	9
159	9
160	6
161	13
162	18
163	10
164	13
165	14
166	8
167	11
168	8
169	17
170	15
171	9
172	12
173	11
174	8
175	12
176	4
177	6
178	4
179	7
180	16
181	7
182	7
183	11
184	8
185	9
186	9
187	7
188	7
189	9
190	4
191	12
192	8
193	7
194	16
195	3
196	15
197	8
198	7
199	8
200	12
201	12
202	9
203	12
204	12
205	8
206	8
207	8
208	8
209	8
210	12
211	3
212	12
213	12
214	7
215	6
216	5
217	8
218	13
219	10
220	5
221	9
222	7
223	13
224	9
225	8
226	7
227	15
228	11
229	8
230	6
231	12
232	11
233	14
234	11
235	9
236	8
237	11
238	10
239	14
240	13
241	11
242	6
243	10
244	10
245	14
246	11
247	6
248	13
249	4
250	10
251	7
252	14
253	12
254	11
255	9
256	7
257	12
258	14
259	10
260	8
261	11
262	14
263	15
264	5
265	10
266	10
267	11
268	13
269	8
270	14
271	9
272	11
273	8
274	12
275	6
276	15
277	12
278	11
279	14
280	6
281	15
282	11
283	7
284	15
285	7
286	7
287	15
288	14
289	13
290	9
291	15
292	11
293	9
294	5
295	8
296	7
297	9
298	11
299	9
300	9
301	10
302	10
303	10
304	17
305	12
306	19
307	13
308	8
309	14
310	16
311	11
312	16
313	12
314	13
315	11
316	9
317	5
318	6
319	12
320	11
321	16
322	11
323	12
324	5
325	15
326	13
327	11
328	11
329	15
330	13
331	18
332	11
333	11
334	9
335	16
336	10
337	7
338	8
339	14
340	15
341	10
342	15
343	18
344	8
345	8
346	14
347	16
348	9
349	7
350	10
351	14
352	14
353	12
354	15
355	12
356	13
357	9
358	11
359	10
360	7
361	11
362	15
363	16
364	16
365	15
366	10
367	11
368	17
369	9
370	9
371	9
372	17
373	13
374	12
375	19
376	10
377	9
378	11
379	11
380	18
381	12
382	11
383	18
384	12
385	10
386	8
387	9
388	8
389	9
390	15
391	12
392	14
393	6
394	16
395	15
396	12
397	7
398	13
399	12
400	9
401	18
402	13
403	18
404	12
405	10
406	10
407	8
408	11
409	18
410	13
411	8
412	14
413	9
414	10
415	13
416	9
417	11
418	14
419	14
420	14
421	10
422	10
423	13
424	15
425	14
426	16
427	16
428	13
429	12
430	9
431	16
432	16
433	14
434	12
435	18
436	15
437	16
438	10
439	10
440	8
441	19
442	18
443	19
444	6
445	5
446	14
447	12
448	11
449	19
450	18
451	15
452	10
453	15
454	8
455	15
456	15
457	10
458	18
459	19
460	18
461	17
462	19
463	11
464	19
465	10
466	13
467	13
468	13
469	13
470	11
471	11
472	14
473	15
474	19
475	13
476	14
477	15
478	18
479	18
480	12
481	7
482	7
483	10
484	13
485	18
486	19
487	15
488	9
489	17
490	11
491	14
492	13
493	17
494	13
495	14
496	13
497	15
498	10
499	18
500	11
501	13
502	17
503	12
504	17
505	14
506	15
507	18
508	12
509	13
510	14
511	15
512	15
513	14
514	15
515	16
516	21
517	15
518	17
519	15
520	11
521	9
522	9
523	10
524	14
525	16
526	16
527	20
528	17
529	24
530	25
531	16
532	20
533	13
534	12
535	17
536	15
537	11
538	19
539	32
540	16
541	22
542	15
543	9
544	15
545	20
546	6
547	14
548	17
549	13
550	15
551	15
552	22
553	14
554	14
555	21
556	24
557	28
558	20
559	16
560	13
561	22
562	25
563	21
564	34
565	17
566	21
567	22
568	26
569	27
570	30
571	22
572	25
573	25
574	19
575	14
576	24
577	16
578	27
579	23
580	21
581	25
582	28
583	31
584	29
585	29
586	28
587	18
588	25
589	23
590	19
591	26
592	23
593	26
594	21
595	26
596	34
597	22
598	24
599	25
600	28
601	21
602	21
603	21
604	25
605	24
606	27
607	18
608	26
609	28
610	26
611	28
612	24
613	20
614	25
615	21
616	20
617	20
618	23
619	21
620	22
621	27
622	27
623	22
624	31
625	20
626	25
627	29
628	14
629	18
630	17
631	25
632	21
633	25
634	18
635	28
636	17
637	13
638	15
639	19
640	26
641	16
642	24
643	19
644	20
645	21
646	20
647	14
648	17
649	15
650	19
651	32
652	26
653	19
654	30
655	18
656	12
657	29
658	19
659	13
660	18
661	22
662	17
663	18
664	18
665	18
666	20
667	20
668	31
669	23
670	21
671	15
672	20
673	21
674	23
675	16
676	22
677	23
678	15
679	24
680	14
681	23
682	16
683	19
684	23
685	18
686	21
687	14
688	27
689	18
690	19
691	26
692	14
693	15
694	27
695	20
696	14
697	15
698	13
699	16
700	22
701	23
702	19
703	19
704	16
705	15
706	20
707	20
708	12
709	14
710	21
711	22
712	21
713	21
714	23
715	14
716	20
717	18
718	14
719	12
720	12
721	12
722	13
723	17
724	18
725	16
726	20
727	22
728	22
729	14
730	15
731	17
732	13
733	17
734	13
735	18
736	25
737	24
738	16
739	16
740	12
741	13
742	15
743	18
744	22
745	13
746	26
747	18
748	27
749	20
750	19
751	16
752	25
753	26
754	13
755	24
756	22
757	16
758	22
759	15
760	15
761	13
762	11
763	16
764	19
765	26
766	15
767	16
768	15
769	15
770	15
771	18
772	15
773	16
774	27
775	13
776	22
777	15
778	14
779	28
780	14
781	20
782	15
783	14
784	21
785	18
786	18
787	18
788	16
789	17
790	21
791	22
792	18
793	19
794	16
795	17
796	12
797	18
798	16
799	12
800	20
801	18
802	24
803	21
804	18
805	32
806	13
807	17
808	16
809	14
810	17
811	15
812	22
813	17
814	17
815	15
816	14
817	19
818	17
819	10
820	17
821	17
822	27
823	14
824	16
825	17
826	19
827	25
828	21
829	25
830	28
831	23
832	23
833	17
834	19
835	12
836	25
837	9
838	19
839	16
840	15
841	19
842	17
843	19
844	16
845	18
846	20
847	18
848	22
849	22
850	20
851	16
852	13
853	17
854	24
855	23
856	21
857	18
858	16
859	16
860	19
861	23
862	18
863	14
864	14
865	25
866	19
867	19
868	10
869	21
870	25
871	29
872	21
873	20
874	25
875	27
876	24
877	18
878	20
879	17
880	21
881	23
882	24
883	21
884	23
885	20
886	22
887	19
888	22
889	18
890	18
891	17
892	16
893	15
894	21
895	20
896	15
897	27
898	27
899	24
900	25
901	14
902	16
903	21
904	14
905	20
906	20
907	24
908	21
909	14
910	16
911	30
912	19
913	20
914	19
915	20
916	18
917	17
918	19
919	28
920	23
921	19
922	13
923	31
924	24
925	27
926	21
927	25
928	17
929	27
930	31
931	33
932	26
933	38
934	20
935	26
936	20
937	21
938	21
939	29
940	26
941	20
942	28
943	19
944	23
945	20
946	26
947	16
948	28
949	22
950	23
951	23
952	21
953	19
954	26
955	32
956	23
957	27
958	24
959	27
960	29
961	27
962	15
963	16
964	21
965	19
966	25
967	16
968	22
969	17
970	19
971	29
972	17
973	25
974	20
975	24
976	38
977	27
978	27
979	26
980	19
981	19
982	20
983	34
984	26
985	22
986	20
987	29
988	24
989	25
990	32
991	21
992	22
993	39
994	26
995	23
996	15
997	28
998	13
999	29
1000	22
1001	23
1002	23
1003	18
1004	33
1005	25
1006	28
1007	29
1008	26
1009	26
1010	33
1011	26
1012	26
1013	30
1014	28
1015	28
1016	29
1017	27
1018	34
1019	31
1020	24
1021	25
1022	27
1023	16
1024	28
1025	28
1026	20
1027	30
1028	25
1029	19
1030	19
1031	24
1032	22
1033	28
1034	21
1035	18
1036	29
1037	25
1038	21
1039	20
1040	26
1041	23
1042	27
1043	30
1044	23
1045	33
1046	22
1047	16
1048	26
1049	20
1050	31
1051	21
1052	25
1053	20
1054	22
1055	17
1056	40
1057	18
1058	19
1059	28
1060	20
1061	31
1062	31
1063	24
1064	29
1065	25
1066	26
1067	30
1068	21
1069	26
1070	22
1071	18
1072	28
1073	19
1074	20
1075	30
1076	36
1077	22
1078	24
1079	23
1080	23
1081	25
1082	18
1083	16
1084	28
1085	25
1086	27
1087	26
1088	31
1089	23
1090	35
1091	27
1092	20
1093	32
1094	17
1095	27
1096	20
1097	25
1098	25
1099	30
1100	29
1101	24
1102	15
1103	26
1104	27
1105	20
1106	27
1107	23
1108	26
1109	24
1110	35
1111	23
1112	26
1113	31
1114	24
1115	24
1116	22
1117	27
1118	24
1119	38
1120	30
1121	32
1122	31
1123	26
1124	28
1125	35
1126	24
1127	26
1128	21
1129	35
1130	27
1131	26
1132	30
1133	28
1134	29
1135	38
1136	30
1137	30
1138	35
1139	18
1140	21
1141	32
1142	26
1143	28
1144	32
1145	30
1146	32
1147	23
1148	24
1149	26
1150	21
1151	32
1152	30
1153	34
1154	33
1155	22
1156	29
1157	32
1158	23
1159	29
1160	26
1161	29
1162	27
1163	31
1164	29
1165	28
1166	25
1167	29
1168	22
1169	25
1170	27
1171	32
1172	29
1173	19
1174	19
1175	23
1176	23
1177	36
1178	31
1179	19
1180	25
1181	23
1182	28
1183	31
1184	27
1185	32
1186	23
1187	26
1188	27
1189	21
1190	27
1191	17
1192	39
1193	32
1194	31
1195	33
1196	25
1197	34
1198	22
1199	22
1200	20
1201	32
1202	28
1203	23
1204	29
1205	34
1206	25
1207	38
1208	27
1209	32
1210	27
1211	36
1212	25
1213	26
1214	30
1215	19
1216	39
1217	39
1218	25
1219	33
1220	33
1221	23
1222	25
1223	24
1224	17
1225	36
1226	35
1227	33
1228	28
1229	26
1230	19
1231	36
1232	33
1233	26
1234	25
1235	22
1236	34
1237	24
1238	27
1239	22
1240	23
1241	32
1242	27
1243	28
1244	26
1245	18
1246	27
1247	29
1248	24
1249	31
1250	26
1251	23
1252	17
1253	34
1254	37
1255	24
1256	25
1257	30
1258	25
1259	33
1260	29
1261	28
1262	31
1263	27
1264	33
1265	24
1266	21
1267	29
1268	29
1269	20
1270	36
1271	29
1272	27
1273	29
1274	29
1275	33
1276	20
1277	30
1278	30
1279	25
1280	40
1281	29
1282	39
1283	26
1284	29
1285	34
1286	23
1287	35
1288	27
1289	29
1290	33
1291	23
1292	27
1293	30
1294	41
1295	31
1296	27
1297	30
1298	35
1299	30
1300	25
1301	30
1302	27
1303	31
1304	35
1305	26
1306	33
1307	20
1308	25
1309	30
1310	36
1311	28
1312	31
1313	27
1314	32
1315	31
1316	24
1317	31
1318	25
1319	22
1320	26
1321	27
1322	37
1323	31
1324	33
1325	25
1326	22
1327	30
1328	31
1329	33
1330	32
1331	33
1332	39
1333	24
1334	31
1335	34
1336	41
1337	22
1338	36
1339	33
1340	35
1341	22
1342	33
1343	32
1344	31
1345	30
1346	28
1347	27
1348	33
1349	32
1350	30
1351	31
1352	28
1353	31
1354	24
1355	26
1356	31
1357	37
1358	24
1359	31
1360	24
1361	27
1362	30
1363	28
1364	22
1365	25
1366	33
1367	29
1368	30
1369	25
1370	32
1371	27
1372	32
1373	28
1374	30
1375	34
1376	38
1377	37
1378	23
1379	27
1380	38
1381	38
1382	36
1383	30
1384	24
1385	26
1386	28
1387	32
1388	27
1389	35
1390	32
1391	44
1392	29
1393	37
1394	26
1395	39
1396	40
1397	29
1398	27
1399	45
1400	20
1401	28
1402	30
1403	38
1404	41
1405	27
1406	47
1407	16
1408	43
1409	32
1410	24
1411	23
1412	23
1413	25
1414	29
1415	43
1416	26
1417	28
1418	23
1419	30
1420	35
1421	21
1422	27
1423	28
1424	31
1425	34
1426	34
1427	34
1428	35
1429	28
1430	31
1431	29
1432	30
1433	34
1434	18
1435	24
1436	27
1437	17
1438	26
1439	36
1440	33
1441	24
1442	29
1443	43
1444	45
1445	35
1446	35
1447	30
1448	22
1449	37
1450	19
1451	23
1452	39
1453	30
1454	25
1455	33
1456	30
1457	34
1458	33
1459	31
1460	31
1461	41
1462	34
1463	25
1464	32
1465	22
1466	39
1467	40
1468	34
1469	29
1470	33
1471	34
1472	31
1473	29
1474	31
1475	29
1476	30
1477	34
1478	42
1479	32
1480	30
1481	21
1482	35
1483	34
1484	34
1485	33
1486	28
1487	45
1488	30
1489	39
1490	30
1491	26
1492	30
1493	28
1494	46
1495	34
1496	30
1497	39
1498	28
1499	35
1500	25
1501	38
1502	34
1503	35
1504	29
1505	44
1506	31
1507	46
1508	40
1509	37
1510	41
1511	32
1512	24
1513	40
1514	47
1515	35
1516	26
1517	42
1518	43
1519	26
1520	31
1521	30
1522	34
1523	33
1524	29
1525	28
1526	34
1527	35
1528	43
1529	36
1530	44
1531	37
1532	24
1533	35
1534	23
1535	28
1536	35
1537	31
1538	33
1539	34
1540	37
1541	43
1542	28
1543	33
1544	40
1545	23
1546	41
1547	24
1548	34
1549	43
1550	29
1551	30
1552	43
1553	39
1554	31
1555	35
1556	35
1557	29
1558	30
1559	42
1560	30
1561	42
1562	24
1563	42
1564	35
1565	36
1566	28
1567	31
1568	29
1569	43
1570	29
1571	28
1572	21
1573	34
1574	31
1575	32
1576	24
1577	35
1578	37
1579	40
1580	29
1581	38
1582	36
1583	39
1584	45
1585	32
1586	35
1587	27
1588	36
1589	32
1590	29
1591	35
1592	27
1593	35
1594	40
1595	35
1596	37
1597	30
1598	28
1599	35
1600	38
1601	33
1602	24
1603	32
1604	26
1605	42
1606	31
1607	26
1608	21
1609	27
1610	32
1611	37
1612	28
1613	42
1614	25
1615	33
1616	32
1617	31
1618	34
1619	27
1620	30
1621	24
1622	36
1623	25
1624	40
1625	28
1626	22
1627	33
1628	41
1629	28
1630	42
1631	30
1632	42
1633	32
1634	35
1635	31
1636	29
1637	44
1638	22
1639	26
1640	27
1641	26
1642	41
1643	33
1644	25
1645	29
1646	37
1647	29
1648	20
1649	34
1650	37
1651	37
1652	28
1653	35
1654	27
1655	36
1656	27
1657	39
1658	25
1659	28
1660	32
1661	29
1662	36
1663	31
1664	23
1665	29
1666	37
1667	26
1668	27
1669	30
1670	39
1671	25
1672	30
1673	25
1674	38
1675	30
1676	22
1677	28
1678	27
1679	30
1680	24
1681	37
1682	33
1683	34
1684	31
1685	24
1686	32
1687	22
1688	26
1689	26
1690	30
1691	32
1692	29
1693	23
1694	25
1695	21
1696	32
1697	25
1698	33
1699	30
1700	29
1701	26
1702	24
1703	32
1704	27
1705	34
1706	20
1707	20
1708	23
1709	32
1710	26
1711	23
1712	30
1713	23
1714	25
1715	27
1716	31
1717	25
1718	23
1719	25
1720	22
1721	23
1722	30
1723	23
1724	20
1725	18
1726	22
1727	24
1728	23
1729	31
1730	27
1731	29
1732	19
1733	21
1734	27
1735	28
1736	19
1737	23
1738	32
1739	18
1740	22
1741	24
1742	22
1743	28
1744	16
1745	20
1746	26
1747	27
1748	18
1749	25
1750	24
1751	17
1752	18
1753	26
1754	26
1755	31
1756	23
1757	30
1758	28
1759	27
1760	30
1761	28
1762	20
1763	18
1764	14
1765	22
1766	18
1767	23
1768	26
1769	27
1770	29
1771	25
1772	23
1773	18
1774	22
1775	22
1776	21
1777	25
1778	24
1779	30
1780	19
1781	27
1782	22
1783	15
1784	22
1785	14
1786	20
1787	14
1788	30
1789	15
1790	28
1791	26
1792	20
1793	14
1794	17
1795	23
1796	22
1797	23
1798	28
1799	20
1800	25
1801	28
1802	16
1803	25
1804	21
1805	18
1806	16
1807	20
1808	25
1809	30
1810	14
1811	21
1812	21
1813	19
1814	27
1815	13
1816	19
1817	23
1818	25
1819	27
1820	22
1821	25
1822	27
1823	20
1824	15
1825	23
1826	29
1827	24
1828	20
1829	20
1830	23
1831	19
1832	23
1833	21
1834	26
1835	14
1836	18
1837	14
1838	24
1839	21
1840	20
1841	31
1842	21
1843	25
1844	14
1845	19
1846	24
1847	31
1848	21
1849	25
1850	25
1851	24
1852	22
1853	27
1854	15
1855	22
1856	20
1857	17
1858	11
1859	27
1860	20
1861	23
1862	26
1863	24
1864	29
1865	25
1866	17
1867	19
1868	21
1869	21
1870	18
1871	24
1872	23
1873	20
1874	20
1875	17
1876	13
1877	20
1878	18
1879	24
1880	25
1881	33
1882	30
1883	22
1884	22
1885	12
1886	21
1887	20
1888	25
1889	18
1890	16
1891	28
1892	18
1893	18
1894	21
1895	21
1896	26
1897	20
1898	16
1899	27
1900	11
1901	23
1902	19
1903	19
1904	26
1905	29
1906	17
1907	16
1908	32
1909	20
1910	23
1911	16
1912	19
1913	21
1914	19
1915	27
1916	24
1917	14
1918	22
1919	14
1920	24
1921	19
1922	27
1923	26
1924	11
1925	14
1926	18
1927	17
1928	14
1929	21
1930	19
1931	21
1932	21
1933	24
1934	19
1935	29
1936	16
1937	15
1938	15
1939	17
1940	19
1941	17
1942	27
1943	14
1944	22
1945	15
1946	18
1947	16
1948	17
1949	19
1950	18
1951	20
1952	23
1953	21
1954	20
1955	21
1956	17
1957	19
1958	18
1959	32
1960	19
1961	16
1962	21
1963	11
1964	19
1965	20
1966	15
1967	23
1968	15
1969	25
1970	24
1971	15
1972	16
1973	12
1974	14
1975	23
1976	23
1977	17
1978	15
1979	8
1980	18
1981	21
1982	21
1983	22
1984	21
1985	28
1986	22
1987	15
1988	15
1989	17
1990	22
1991	19
1992	32
1993	16
1994	24
1995	17
1996	13
1997	18
1998	21
1999	19
2000	21
2001	13
2002	18
2003	17
2004	23
2005	19
2006	17
2007	19
2008	16
2009	15
2010	21
2011	20
2012	20
2013	24
2014	20
2015	17
2016	22
2017	16
2018	21
2019	16
2020	18
2021	24
2022	16
2023	19
2024	30
2025	21
2026	18
2027	17
2028	18
2029	20
2030	11
2031	16
2032	27
2033	8
2034	24
2035	19
2036	20
2037	12
2038	34
2039	15
2040	12
2041	13
2042	18
2043	16
2044	27
2045	18
2046	14
2047	25
2048	17
2049	22
2050	26
2051	13
2052	16
2053	31
2054	10
2055	13
2056	14
2057	21
2058	23
2059	24
2060	24
2061	22
2062	17
2063	20
2064	14
2065	25
2066	13
2067	24
2068	15
2069	27
2070	15
2071	25
2072	10
2073	13
2074	24
2075	21
2076	19
2077	19
2078	23
2079	13
2080	30
2081	27
2082	23
2083	15
2084	24
2085	23
2086	24
2087	23
2088	18
2089	21
2090	11
2091	16
2092	20
2093	15
2094	22
2095	19
2096	14
2097	16
2098	19
2099	15
2100	30
2101	18
2102	28
2103	16
2104	23
2105	22
2106	21
2107	13
2108	20
2109	22
2110	12
2111	19
2112	20
2113	26
2114	29
2115	19
2116	26
2117	23
2118	15
2119	24
2120	24
2121	22
2122	24
2123	30
2124	10
2125	21
2126	14
2127	30
2128	26
2129	28
2130	19
2131	16
2132	15
2133	22
2134	20
2135	30
2136	32
2137	19
2138	25
2139	26
2140	24
2141	29
2142	26
2143	24
2144	24
2145	25
2146	30
2147	21
2148	19
2149	30
2150	26
2151	16
2152	18
2153	21
2154	27
2155	22
2156	29
2157	19
2158	30
2159	24
2160	25
2161	22
2162	26
2163	20
2164	33
2165	31
2166	30
2167	25
2168	19
2169	21
2170	25
2171	16
2172	22
2173	23
2174	33
2175	23
2176	18
2177	22
2178	24
2179	23
2180	16
2181	20
2182	24
2183	23
2184	21
2185	16
2186	23
2187	21
2188	22
2189	23
2190	20
2191	28
2192	24
2193	21
2194	30
2195	25
2196	30
2197	29
2198	17
2199	31
2200	27
2201	27
2202	32
2203	25
2204	22
2205	25
2206	20
2207	25
2208	23
2209	28
2210	27
2211	25
2212	32
2213	27
2214	25
2215	29
2216	21
2217	25
2218	28
2219	15
2220	21
2221	27
2222	19
2223	18
2224	24
2225	28
2226	30
2227	32
2228	26
2229	31
2230	20
2231	32
2232	26
2233	23
2234	25
2235	31
2236	22
2237	32
2238	22
2239	31
2240	26
2241	28
2242	20
2243	28
2244	22
2245	18
2246	31
2247	27
2248	28
2249	32
2250	33
2251	34
2252	27
2253	30
2254	30
2255	31
2256	30
2257	30
2258	26
2259	17
2260	35
2261	30
2262	36
2263	32
2264	22
2265	15
2266	29
2267	28
2268	39
2269	22
2270	28
2271	26
2272	29
2273	23
2274	41
2275	23
2276	21
2277	45
2278	25
2279	26
2280	30
2281	41
2282	26
2283	25
2284	44
2285	30
2286	29
2287	27
2288	19
2289	35
2290	32
2291	27
2292	31
2293	31
2294	20
2295	30
2296	30
2297	22
2298	26
2299	28
2300	36
2301	38
2302	31
2303	27
2304	23
2305	34
2306	17
2307	24
2308	24
2309	42
2310	25
2311	30
2312	24
2313	33
2314	42
2315	35
2316	33
2317	30
2318	34
2319	31
2320	29
2321	28
2322	37
2323	27
2324	28
2325	33
2326	37
2327	25
2328	27
2329	37
2330	30
2331	28
2332	27
2333	42
2334	26
2335	29
2336	26
2337	27
2338	53
2339	32
2340	34
2341	25
2342	36
2343	28
2344	25
2345	38
2346	34
2347	28
2348	32
2349	29
2350	32
2351	30
2352	28
2353	36
2354	33
2355	33
2356	29
2357	35
2358	20
2359	30
2360	32
2361	26
2362	37
2363	39
2364	29
2365	37
2366	29
2367	33
2368	32
2369	21
2370	29
2371	30
2372	28
2373	36
2374	26
2375	32
2376	25
2377	32
2378	37
2379	33
2380	39
2381	35
2382	29
2383	39
2384	27
2385	33
2386	31
2387	29
2388	29
2389	31
2390	25
2391	25
2392	31
2393	35
2394	27
2395	36
2396	40
2397	41
2398	38
2399	32
2400	21
2401	27
2402	20
2403	27
2404	24
2405	30
2406	37
2407	25
2408	33
2409	33
2410	29
2411	30
2412	27
2413	17
2414	28
2415	25
2416	30
2417	19
2418	36
2419	33
2420	34
2421	23
2422	28
2423	29
2424	29
2425	26
2426	26
2427	23
2428	20
2429	28
2430	23
2431	34
2432	27
2433	22
2434	35
2435	28
2436	30
2437	16
2438	29
2439	22
2440	31
2441	21
2442	22
2443	35
2444	20
2445	36
2446	29
2447	28
2448	29
2449	36
2450	19
2451	18
2452	29
2453	31
2454	27
2455	21
2456	23
2457	30
2458	32
2459	42
2460	26
2461	26
2462	26
2463	21
2464	25
2465	31
2466	28
2467	28
2468	28
2469	22
2470	20
2471	37
2472	27
2473	31
2474	25
2475	21
2476	34
2477	35
2478	15
2479	28
2480	21
2481	24
2482	28
2483	19
2484	25
2485	26
2486	25
2487	21
2488	31
2489	21
2490	25
2491	16
2492	29
2493	34
2494	31
2495	24
2496	28
2497	24
2498	17
2499	19
2500	26
2501	12
2502	24
2503	24
2504	22
2505	20
2506	22
2507	20
2508	11
2509	16
2510	24
2511	19
2512	24
2513	15
2514	16
2515	19
2516	20
2517	22
2518	30
2519	18
2520	29
2521	17
2522	23
2523	29
2524	26
2525	32
2526	24
2527	25
2528	13
2529	16
2530	21
2531	20
2532	16
2533	21
2534	18
2535	19
2536	22
2537	18
2538	18
2539	24
2540	17
2541	18
2542	19
2543	17
2544	27
2545	20
2546	22
2547	18
2548	19
2549	28
2550	17
2551	24
2552	16
2553	16
2554	14
2555	24
2556	24
2557	21
2558	23
2559	21
2560	18
2561	15
2562	20
2563	16
2564	18
2565	16
2566	21
2567	19
2568	13
2569	7
2570	18
2571	17
2572	20
2573	17
2574	13
2575	17
2576	19
2577	21
2578	20
2579	20
2580	18
2581	21
2582	18
2583	19
2584	14
2585	20
2586	9
2587	16
2588	16
2589	18
2590	22
2591	11
2592	10
2593	9
2594	11
2595	9
2596	12
2597	20
2598	12
2599	16
2600	15
2601	17
2602	13
2603	12
2604	14
2605	14
2606	15
2607	14
2608	16
2609	18
2610	17
2611	9
2612	15
2613	15
2614	13
2615	11
2616	13
2617	16
2618	17
2619	15
2620	18
2621	12
2622	17
2623	11
2624	12
2625	9
2626	20
2627	20
2628	7
2629	12
2630	22
2631	13
2632	17
2633	17
2634	17
2635	14
2636	18
2637	11
2638	11
2639	11
2640	9
2641	16
2642	16
2643	17
2644	12
2645	11
2646	17
2647	17
2648	10
2649	12
2650	18
2651	10
2652	15
2653	7
2654	12
2655	10
2656	9
2657	18
2658	13
2659	7
2660	9
2661	6
2662	18
2663	13
2664	15
2665	18
2666	10
2667	13
2668	8
2669	13
2670	12
2671	15
2672	13
2673	8
2674	15
2675	11
2676	9
2677	16
2678	12
2679	10
2680	14
2681	19
2682	14
2683	9
2684	7
2685	9
2686	10
2687	18
2688	10
2689	14
2690	16
2691	13
2692	10
2693	12
2694	17
2695	12
2696	13
2697	13
2698	3
2699	7
2700	13
2701	13
2702	10
2703	15
2704	15
2705	14
2706	12
2707	10
2708	12
2709	15
2710	14
2711	12
2712	11
2713	10
2714	7
2715	20
2716	14
2717	18
2718	17
2719	7
2720	8
2721	16
2722	16
2723	14
2724	11
2725	8
2726	16
2727	15
2728	20
2729	8
2730	11
2731	28
2732	16
2733	9
2734	9
2735	7
2736	9
2737	8
2738	15
2739	22
2740	20
2741	13
2742	11
2743	12
2744	14
2745	10
2746	5
2747	9
2748	13
2749	13
2750	12
2751	11
2752	10
2753	5
2754	12
2755	11
2756	11
2757	8
2758	10
2759	6
2760	14
2761	12
2762	12
2763	9
2764	12
2765	7
2766	12
2767	19
2768	7
2769	5
2770	11
2771	13
2772	10
2773	13
2774	8
2775	12
2776	13
2777	14
2778	7
2779	8
2780	9
2781	16
2782	8
2783	14
2784	9
2785	6
2786	13
2787	9
2788	8
2789	10
2790	12
2791	10
2792	4
2793	8
2794	12
2795	13
2796	6
2797	10
2798	10
2799	4
2800	6
2801	11
2802	12
2803	11
2804	7
2805	13
2806	12
2807	9
2808	16
2809	8
2810	10
2811	9
2812	10
2813	12
2814	13
2815	8
2816	4
2817	9
2818	13
2819	6
2820	14
2821	11
2822	19
2823	10
2824	10
2825	11
2826	8
2827	12
2828	11
2829	25
2830	11
2831	14
2832	11
2833	13
2834	16
2835	8
2836	14
2837	11
2838	9
2839	11
2840	14
2841	13
2842	7
2843	10
2844	17
2845	11
2846	3
2847	4
2848	9
2849	10
2850	7
2851	12
2852	7
2853	16
2854	12
2855	9
2856	12
2857	7
2858	11
2859	13
2860	10
2861	9
2862	13
2863	15
2864	14
2865	4
2866	12
2867	5
2868	9
2869	10
2870	10
2871	16
2872	17
2873	14
2874	8
2875	8
2876	6
2877	10
2878	12
2879	15
2880	7
2881	7
2882	11
2883	9
2884	14
2885	6
2886	7
2887	12
2888	4
2889	6
2890	12
2891	11
2892	15
2893	8
2894	6
2895	10
2896	5
2897	11
2898	18
2899	12
2900	8
2901	12
2902	10
2903	10
2904	8
2905	8
2906	11
2907	13
2908	9
2909	10
2910	17
2911	12
2912	11
2913	7
2914	11
2915	10
2916	11
2917	8
2918	10
2919	14
2920	9
2921	13
2922	12
2923	9
2924	8
2925	5
2926	7
2927	13
2928	7
2929	9
2930	10
2931	10
2932	10
2933	11
2934	13
2935	15
2936	14
2937	6
2938	11
2939	9
2940	9
2941	7
2942	9
2943	11
2944	6
2945	7
2946	5
2947	10
2948	14
2949	6
2950	6
2951	8
2952	12
2953	14
2954	9
2955	6
2956	8
2957	10
2958	7
2959	13
2960	8
2961	14
2962	11
2963	12
2964	6
2965	5
2966	9
2967	10
2968	8
2969	12
2970	7
2971	8
2972	14
2973	13
2974	10
2975	8
2976	7
2977	11
2978	8
2979	18
2980	8
2981	5
2982	14
2983	8
2984	8
2985	8
2986	9
2987	10
2988	11
2989	13
2990	15
2991	9
2992	7
2993	6
2994	7
2995	10
2996	13
2997	11
2998	15
2999	7
3000	8
3001	14
3002	10
3003	6
3004	13
3005	10
3006	3
3007	11
3008	10
3009	16
3010	13
3011	10
3012	9
3013	16
3014	8
3015	11
3016	6
3017	10
3018	6
3019	14
3020	13
3021	14
3022	11
3023	8
3024	14
3025	8
3026	11
3027	6
3028	11
3029	12
3030	9
3031	8
3032	10
3033	9
3034	9
3035	8
3036	9
3037	7
3038	6
3039	8
3040	6
3041	11
3042	10
3043	9
3044	9
3045	10
3046	9
3047	12
3048	8
3049	10
3050	13
3051	10
3052	9
3053	11
3054	8
3055	7
3056	11
3057	11
3058	9
3059	6
3060	17
3061	13
3062	7
3063	15
3064	14
3065	5
3066	4
3067	15
3068	10
3069	10
3070	7
3071	11
3072	10
3073	6
3074	9
3075	11
3076	7
3077	10
3078	11
3079	4
3080	10
3081	11
3082	17
3083	8
3084	14
3085	9
3086	9
3087	6
3088	6
3089	8
3090	8
3091	6
3092	8
3093	10
3094	7
3095	14
3096	11
3097	11
3098	11
3099	9
3100	10
3101	9
3102	7
3103	10
3104	11
3105	9
3106	10
3107	14
3108	8
3109	2
3110	13
3111	10
3112	9
3113	8
3114	7
3115	8
3116	12
3117	7
3118	10
3119	11
3120	9
3121	8
3122	10
3123	3
3124	12
3125	8
3126	8
3127	11
3128	11
3129	8
3130	9
3131	9
3132	11
3133	9
3134	8
3135	9
3136	12
3137	3
3138	13
3139	10
3140	7
3141	6
3142	6
3143	8
3144	13
3145	9
3146	5
3147	11
3148	13
3149	6
3150	6
3151	9
3152	9
3153	7
3154	8
3155	10
3156	9
3157	7
3158	10
3159	8
3160	8
3161	10
3162	8
3163	3
3164	14
3165	5
3166	9
3167	11
3168	10
3169	10
3170	8
3171	12
3172	12
3173	8
3174	7
3175	14
3176	8
3177	10
3178	7
3179	13
3180	11
3181	9
3182	6
3183	6
3184	8
3185	7
3186	6
3187	8
3188	7
3189	6
3190	8
3191	9
3192	10
3193	9
3194	13
3195	5
3196	14
3197	7
3198	13
3199	11
3200	5
3201	14
3202	7
3203	12
3204	12
3205	9
3206	4
3207	8
3208	3
3209	10
3210	12
3211	15
3212	7
3213	10
3214	10
3215	4
3216	7
3217	18
3218	2
3219	8
3220	11
3221	16
3222	7
3223	6
3224	4
3225	8
3226	12
3227	7
3228	9
3229	15
3230	6
3231	6
3232	10
3233	6
3234	4
3235	16
3236	7
3237	5
3238	14
3239	10
3240	2
3241	5
3242	10
3243	6
3244	7
3245	3
3246	3
3247	8
3248	12
3249	10
3250	10
3251	9
3252	13
3253	5
3254	9
3255	8
3256	9
3257	6
3258	9
3259	10
3260	5
3261	10
3262	15
3263	8
3264	8
3265	11
3266	6
3267	8
3268	7
3269	12
3270	5
3271	7
3272	9
3273	5
3274	7
3275	4
3276	5
3277	7
3278	8
3279	8
3280	8
3281	6
3282	9
3283	8
3284	5
3285	7
3286	9
3287	7
3288	8
3289	8
3290	9
3291	5
3292	6
3293	8
3294	9
3295	13
3296	7
3297	8
3298	6
3299	10
3300	2
3301	12
3302	9
3303	10
3304	7
3305	6
3306	12
3307	9
3308	13
3309	8
3310	11
3311	7
3312	4
3313	10
3314	5
3315	6
3316	5
3317	7
3318	8
3319	9
3320	4
3321	11
3322	8
3323	4
3324	5
3325	12
3326	11
3327	12
3328	8
3329	8
3330	3
3331	11
3332	9
3333	11
3334	8
3335	10
3336	9
3337	7
3338	13
3339	9
3340	3
3341	11
3342	6
3343	13
3344	8
3345	10
3346	8
3347	6
3348	5
3349	9
3350	14
3351	8
3352	9
3353	2
3354	11
3355	5
3356	4
3357	7
3358	8
3359	5
3360	11
3361	8
3362	4
3363	6
3364	4
3365	7
3366	9
3367	9
3368	9
3369	6
3370	8
3371	8
3372	3
3373	10
3374	10
3375	15
3376	7
3377	12
3378	7
3379	8
3380	8
3381	9
3382	10
3383	7
3384	4
3385	5
3386	11
3387	6
3388	11
3389	4
3390	7
3391	9
3392	11
3393	5
3394	9
3395	5
3396	9
3397	10
3398	6
3399	6
3400	7
3401	10
3402	5
3403	11
3404	8
3405	6
3406	10
3407	11
3408	5
3409	6
3410	8
3411	6
3412	9
3413	7
3414	7
3415	7
3416	8
3417	7
3418	6
3419	10
3420	13
3421	9
3422	8
3423	11
3424	7
3425	11
3426	9
3427	12
3428	3
3429	10
3430	2
3431	9
3432	11
3433	7
3434	11
3435	9
3436	6
3437	4
3438	7
3439	11
3440	6
3441	5
3442	9
3443	11
3444	3
3445	11
3446	5
3447	8
3448	9
3449	6
3450	8
3451	10
3452	10
3453	9
3454	3
3455	11
3456	11
3457	4
3458	5
3459	10
3460	6
3461	9
3462	5
3463	8
3464	10
3465	13
3466	5
3467	7
3468	7
3469	12
3470	6
3471	11
3472	5
3473	4
3474	10
3475	9
3476	6
3477	7
3478	7
3479	8
3480	3
3481	9
3482	12
3483	10
3484	7
3485	8
3486	9
3487	8
3488	6
3489	5
3490	10
3491	2
3492	4
3493	11
3494	9
3495	4
3496	4
3497	8
3498	8
3499	9
3500	2
3501	9
3502	12
3503	5
3504	6
3505	9
3506	9
3507	8
3508	11
3509	11
3510	3
3511	7
3512	7
3513	14
3514	7
3515	11
3516	7
3517	14
3518	5
3519	12
3520	4
3521	6
3522	8
3523	4
3524	9
3525	7
3526	6
3527	8
3528	6
3529	6
3530	6
3531	9
3532	4
3533	8
3534	10
3535	10
3536	10
3537	7
3538	6
3539	12
3540	8
3541	5
3542	7
3543	10
3544	6
3545	3
3546	4
3547	4
3548	9
3549	7
3550	6
3551	8
3552	6
3553	5
3554	5
3555	7
3556	5
3557	8
3558	7
3559	7
3560	13
3561	13
3562	6
3563	4
3564	5
3565	11
3566	9
3567	4
3568	8
3569	9
3570	5
3571	8
3572	1
3573	3
3574	9
3575	5
3576	7
3577	7
3578	10
3579	6
3580	10
3581	4
3582	10
3583	15
3584	5
3585	8
3586	8
3587	10
3588	5
3589	4
3590	10
3591	13
3592	6
3593	9
3594	4
3595	9
3596	6
3597	17
3598	7
3599	4
3600	8
3601	3
3602	5
3603	3
3604	11
3605	12
3606	5
3607	7
3608	3
3609	8
3610	6
3611	8
3612	8
3613	7
3614	5
3615	4
3616	10
3617	3
3618	6
3619	11
3620	11
3621	3
3622	12
3623	3
3624	7
3625	7
3626	7
3627	6
3628	7
3629	8
3630	5
3631	10
3632	9
3633	14
3634	14
3635	10
3636	6
3637	6
3638	7
3639	9
3640	3
3641	11
3642	9
3643	8
3644	11
3645	7
3646	12
3647	5
3648	6
3649	7
3650	9
3651	7
3652	14
3653	4
3654	10
3655	3
3656	12
3657	6
3658	9
3659	5
3660	4
3661	5
3662	7
3663	13
3664	9
3665	6
3666	12
3667	10
3668	9
3669	12
3670	8
3671	8
3672	4
3673	5
3674	8
3675	9
3676	11
3677	4
3678	5
3679	3
3680	11
3681	6
3682	10
3683	5
3684	5
3685	15
3686	11
3687	5
3688	10
3689	7
3690	10
3691	8
3692	8
3693	5
3694	6
3695	11
3696	7
3697	14
3698	5
3699	8
3700	6
3701	7
3702	6
3703	10
3704	9
3705	11
3706	6
3707	6
3708	8
3709	5
3710	7
3711	8
3712	14
3713	5
3714	7
3715	8
3716	6
3717	8
3718	3
3719	9
3720	9
3721	7
3722	6
3723	3
3724	10
3725	8
3726	9
3727	8
3728	9
3729	8
3730	9
3731	6
3732	9
3733	3
3734	6
3735	10
3736	6
3737	13
3738	9
3739	8
3740	8
3741	4
3742	12
3743	5
3744	6
3745	7
3746	5
3747	10
3748	8
3749	11
3750	10
3751	10
3752	7
3753	3
3754	10
3755	8
3756	7
3757	7
3758	6
3759	13
3760	7
3761	10
3762	6
3763	7
3764	10
3765	1
3766	7
3767	9
3768	10
3769	5
3770	5
3771	10
3772	5
3773	9
3774	5
3775	5
3776	4
3777	10
3778	9
3779	10
3780	2
3781	8
3782	9
3783	4
3784	5
3785	8
3786	1
3787	4
3788	12
3789	6
3790	5
3791	7
3792	10
3793	5
3794	6
3795	6
3796	8
3797	8
3798	5
3799	5
3800	9
3801	5
3802	10
3803	10
3804	9
3805	9
3806	11
3807	6
3808	7
3809	10
3810	13
3811	6
3812	7
3813	7
3814	7
3815	8
3816	9
3817	8
3818	6
3819	9
3820	11
3821	7
3822	5
3823	7
3824	6
3825	9
3826	4
3827	7
3828	5
3829	7
3830	7
3831	9
3832	6
3833	5
3834	9
3835	7
3836	5
3837	10
3838	11
3839	6
3840	9
3841	12
3842	9
3843	6
3844	11
3845	5
3846	7
3847	5
3848	4
3849	8
3850	10
3851	5
3852	4
3853	4
3854	9
3855	8
3856	6
3857	10
3858	5
3859	9
3860	3
3861	5
3862	8
3863	8
3864	7
3865	6
3866	11
3867	11
3868	7
3869	12
3870	10
3871	5
3872	7
3873	5
3874	8
3875	6
3876	9
3877	5
3878	2
3879	11
3880	4
3881	8
3882	10
3883	14
3884	3
3885	9
3886	8
3887	6
3888	5
3889	9
3890	8
3891	8
3892	5
3893	11
3894	8
3895	8
3896	7
3897	9
3898	8
3899	11
3900	5
3901	10
3902	10
3903	8
3904	2
3905	12
3906	7
3907	4
3908	5
3909	4
3910	7
3911	6
3912	5
3913	7
3914	10
3915	6
3916	13
3917	7
3918	9
3919	4
3920	7
3921	12
3922	7
3923	4
3924	2
3925	3
3926	5
3927	9
3928	4
3929	7
3930	5
3931	7
3932	6
3933	6
3934	5
3935	12
3936	8
3937	6
3938	2
3939	9
3940	8
3941	10
3942	10
3943	5
3944	8
3945	8
3946	18
3947	9
3948	11
3949	5
3950	6
3951	9
3952	7
3953	10
3954	8
3955	5
3956	9
3957	10
3958	7
3959	4
3960	10
3961	10
3962	4
3963	3
3964	4
3965	5
3966	6
3967	3
3968	9
3969	7
3970	3
3971	8
3972	9
3973	10
3974	8
3975	18
3976	3
3977	9
3978	3
3979	6
3980	7
3981	9
3982	10
3983	6
3984	10
3985	7
3986	7
3987	6
3988	6
3989	7
3990	5
3991	12
3992	3
3993	9
3994	2
3995	11
3996	4
3997	6
3998	11
3999	7
4000	5
4001	7
4002	4
4003	8
4004	7
4005	8
4006	8
4007	3
4008	5
4009	9
4010	7
4011	6
4012	6
4013	11
4014	9
4015	10
4016	5
4017	9
4018	3
4019	7
4020	11
4021	6
4022	9
4023	2
4024	6
4025	15
4026	3
4027	6
4028	9
4029	7
4030	9
4031	10
4032	5
4033	12
4034	6
4035	6
4036	7
4037	7
4038	9
4039	9
4040	7
4041	8
4042	8
4043	6
4044	9
4045	6
4046	10
4047	4
4048	7
4049	9
4050	9
4051	7
4052	4
4053	7
4054	7
4055	9
4056	9
4057	9
4058	6
4059	7
4060	8
4061	6
4062	5
4063	7
4064	9
4065	16
4066	10
4067	9
4068	8
4069	7
4070	9
4071	4
4072	9
4073	6
4074	8
4075	7
4076	8
4077	4
4078	5
4079	5
4080	16
4081	5
4082	5
4083	8
4084	5
4085	5
4086	4
4087	8
4088	13
4089	7
4090	7
4091	5
4092	5
4093	9
4094	8
4095	10
4096	9
4097	4
4098	13
4099	8
4100	6
4101	11
4102	8
4103	7
4104	2
4105	6
4106	6
4107	6
4108	5
4109	8
4110	6
4111	7
4112	6
4113	8
4114	8
4115	4
4116	6
4117	5
4118	6
4119	2
4120	4
4121	14
4122	9
4123	9
4124	12
4125	6
4126	12
4127	5
4128	7
4129	7
4130	5
4131	6
4132	14
4133	11
4134	13
4135	6
4136	5
4137	12
4138	10
4139	5
4140	5
4141	6
4142	7
4143	8
4144	9
4145	12
4146	13
4147	8
4148	8
4149	8
4150	7
4151	6
4152	10
4153	10
4154	5
4155	9
4156	8
4157	9
4158	6
4159	5
4160	8
4161	7
4162	7
4163	11
4164	8
4165	9
4166	7
4167	11
4168	2
4169	11
4170	9
4171	7
4172	7
4173	5
4174	9
4175	6
4176	5
4177	6
4178	9
4179	6
4180	8
4181	8
4182	4
4183	13
4184	6
4185	3
4186	16
4187	18
4188	9
4189	15
4190	8
4191	7
4192	11
4193	7
4194	8
4195	10
4196	8
4197	9
4198	7
4199	7
4200	5
4201	7
4202	11
4203	4
4204	9
4205	3
4206	4
4207	9
4208	3
4209	8
4210	7
4211	4
4212	7
4213	11
4214	9
4215	9
4216	4
4217	13
4218	10
4219	5
4220	3
4221	9
4222	8
4223	10
4224	11
4225	11
4226	8
4227	15
4228	12
4229	7
4230	7
4231	4
4232	5
4233	5
4234	6
4235	4
4236	7
4237	2
4238	2
4239	4
4240	8
4241	8
4242	10
4243	10
4244	4
4245	4
4246	2
4247	9
4248	3
4249	7
4250	8
4251	6
4252	8
4253	8
4254	11
4255	6
4256	9
4257	6
4258	8
4259	6
4260	11
4261	3
4262	13
4263	3
4264	10
4265	9
4266	8
4267	1
4268	7
4269	7
4270	5
4271	5
4272	7
4273	10
4274	13
4275	12
4276	8
4277	9
4278	6
4279	10
4280	4
4281	8
4282	6
4283	8
4284	8
4285	7
4286	9
4287	14
4288	4
4289	11
4290	4
4291	7
4292	6
4293	9
4294	9
4295	7
4296	10
4297	6
4298	4
4299	6
4300	7
4301	5
4302	5
4303	7
4304	9
4305	8
4306	4
4307	11
4308	6
4309	11
4310	12
4311	5
4312	11
4313	11
4314	13
4315	8
4316	9
4317	9
4318	7
4319	11
4320	13
4321	3
4322	11
4323	10
4324	10
4325	9
4326	7
4327	3
4328	8
4329	3
4330	6
4331	8
4332	3
4333	9
4334	5
4335	9
4336	10
4337	5
4338	4
4339	12
4340	9
4341	7
4342	11
4343	8
4344	10
4345	5
4346	8
4347	4
4348	8
4349	10
4350	7
4351	10
4352	11
4353	16
4354	7
4355	12
4356	8
4357	8
4358	2
4359	15
4360	6
4361	12
4362	8
4363	10
4364	6
4365	7
4366	6
4367	6
4368	12
4369	4
4370	5
4371	8
4372	10
4373	9
4374	7
4375	11
4376	7
4377	8
4378	8
4379	7
4380	3
4381	10
4382	11
4383	10
4384	13
4385	9
4386	9
4387	5
4388	5
4389	10
4390	5
4391	11
4392	5
4393	11
4394	11
4395	5
4396	9
4397	9
4398	9
4399	8
4400	8
4401	12
4402	12
4403	6
4404	7
4405	10
4406	10
4407	10
4408	8
4409	10
4410	9
4411	10
4412	11
4413	13
4414	13
4415	12
4416	12
4417	2
4418	12
4419	10
4420	12
4421	9
4422	10
4423	8
4424	8
4425	5
4426	6
4427	8
4428	4
4429	15
4430	9
4431	11
4432	8
4433	8
4434	7
4435	6
4436	8
4437	14
4438	9
4439	12
4440	12
4441	13
4442	5
4443	9
4444	7
4445	12
4446	8
4447	8
4448	14
4449	15
4450	6
4451	12
4452	6
4453	8
4454	5
4455	12
4456	4
4457	6
4458	10
4459	8
4460	7
4461	8
4462	9
4463	14
4464	9
4465	10
4466	11
4467	6
4468	10
4469	10
4470	10
4471	11
4472	13
4473	10
4474	8
4475	16
4476	11
4477	8
4478	11
4479	11
4480	7
4481	4
4482	10
4483	14
4484	8
4485	6
4486	19
4487	4
4488	10
4489	11
4490	12
4491	10
4492	14
4493	9
4494	13
4495	11
4496	12
4497	6
4498	6
4499	13
4500	7
4501	7
4502	15
4503	11
4504	8
4505	13
4506	8
4507	6
4508	7
4509	15
4510	12
4511	12
4512	16
4513	9
4514	14
4515	9
4516	10
4517	15
4518	5
4519	7
4520	6
4521	14
4522	12
4523	13
4524	11
4525	10
4526	12
4527	11
4528	14
4529	13
4530	5
4531	9
4532	9
4533	10
4534	6
4535	7
4536	5
4537	8
4538	13
4539	11
4540	9
4541	12
4542	12
4543	11
4544	15
4545	10
4546	14
4547	9
4548	13
4549	16
4550	12
4551	14
4552	10
4553	12
4554	8
4555	12
4556	10
4557	5
4558	16
4559	6
4560	4
4561	12
4562	14
4563	8
4564	18
4565	18
4566	10
4567	7
4568	8
4569	9
4570	11
4571	9
4572	9
4573	20
4574	13
4575	10
4576	13
4577	22
4578	14
4579	10
4580	15
4581	12
4582	9
4583	8
4584	12
4585	13
4586	11
4587	9
4588	14
4589	12
4590	17
4591	12
4592	9
4593	19
4594	19
4595	9
4596	15
4597	13
4598	12
4599	14
4600	11
4601	8
4602	12
4603	14
4604	14
4605	9
4606	8
4607	10
4608	7
4609	13
4610	17
4611	15
4612	15
4613	9
4614	16
4615	11
4616	12
4617	19
4618	11
4619	11
4620	16
4621	11
4622	12
4623	13
4624	11
4625	10
4626	9
4627	14
4628	11
4629	20
4630	12
4631	12
4632	11
4633	14
4634	13
4635	13
4636	10
4637	14
4638	14
4639	10
4640	7
4641	13
4642	10
4643	6
4644	20
4645	11
4646	13
4647	21
4648	17
4649	13
4650	20
4651	13
4652	17
4653	15
4654	18
4655	15
4656	20
4657	18
4658	23
4659	18
4660	18
4661	14
4662	12
4663	18
4664	15
4665	12
4666	14
4667	12
4668	15
4669	21
4670	14
4671	15
4672	9
4673	13
4674	12
4675	11
4676	17
4677	21
4678	10
4679	15
4680	17
4681	10
4682	11
4683	16
4684	12
4685	15
4686	16
4687	6
4688	13
4689	12
4690	14
4691	12
4692	10
4693	12
4694	12
4695	12
4696	12
4697	17
4698	10
4699	12
4700	9
4701	10
4702	13
4703	15
4704	6
4705	7
4706	14
4707	12
4708	11
4709	11
4710	12
4711	18
4712	14
4713	15
4714	8
4715	17
4716	12
4717	15
4718	8
4719	13
4720	9
4721	14
4722	9
4723	10
4724	14
4725	14
4726	13
4727	8
4728	16
4729	8
4730	12
4731	14
4732	15
4733	9
4734	9
4735	15
4736	10
4737	15
4738	8
4739	11
4740	12
4741	15
4742	16
4743	22
4744	15
4745	13
4746	13
4747	9
4748	15
4749	9
4750	14
4751	12
4752	9
4753	14
4754	9
4755	9
4756	10
4757	18
4758	18
4759	15
4760	12
4761	17
4762	10
4763	19
4764	8
4765	17
4766	14
4767	6
4768	8
4769	19
4770	14
4771	12
4772	12
4773	13
4774	8
4775	12
4776	8
4777	11
4778	9
4779	11
4780	10
4781	17
4782	9
4783	10
4784	10
4785	13
4786	6
4787	9
4788	12
4789	5
4790	12
4791	5
4792	12
4793	13
4794	13
4795	12
4796	11
4797	16
4798	10
4799	11
4800	7
4801	12
4802	10
4803	8
4804	10
4805	14
4806	11
4807	7
4808	10
4809	15
4810	16
4811	9
4812	7
4813	8
4814	7
4815	14
4816	5
4817	7
4818	12
4819	9
4820	11
4821	8
4822	7
4823	9
4824	9
4825	12
4826	8
4827	10
4828	6
4829	6
4830	8
4831	6
4832	7
4833	8
4834	9
4835	8
4836	13
4837	6
4838	10
4839	11
4840	17
4841	11
4842	6
4843	11
4844	5
4845	6
4846	7
4847	9
4848	9
4849	10
4850	15
4851	8
4852	7
4853	9
4854	5
4855	4
4856	8
4857	13
4858	8
4859	4
4860	4
4861	4
4862	11
4863	8
4864	7
4865	2
4866	6
4867	4
4868	8
4869	5
4870	2
4871	4
4872	7
4873	4
4874	12
4875	14
4876	5
4877	6
4878	4
4879	8
4880	7
4881	9
4882	8
4883	4
4884	10
4885	10
4886	13
4887	0
4888	3
4889	12
4890	5
4891	6
4892	3
4893	4
4894	6
4895	3
4896	4
4897	4
4898	6
4899	2
4900	3
4901	5
4902	3
4903	7
4904	6
4905	4
4906	4
4907	3
4908	6
4909	5
4910	3
4911	8
4912	4
4913	3
4914	7
4915	0
4916	8
4917	2
4918	2
4919	2
4920	5
4921	7
4922	1
4923	4
4924	2
4925	2
4926	5
4927	3
4928	3
4929	3
4930	5
4931	4
4932	2
4933	5
4934	5
4935	4
4936	2
4937	8
4938	6
4939	3
4940	3
4941	6
4942	4
4943	5
4944	6
4945	1
4946	5
4947	3
4948	3
4949	2
4950	2
4951	4
4952	4
4953	0
4954	1
4955	5
4956	4
4957	1
4958	5
4959	4
4960	3
4961	1
4962	5
4963	1
4964	1
4965	5
4966	1
4967	3
4968	0
4969	0
4970	2
4971	2
4972	3
4973	2
4974	3
4975	2
4976	1
4977	2
4978	3
4979	1
4980	5
4981	2
4982	4
4983	2
4984	3
4985	2
4986	1
4987	3
4988	4
4989	1
4990	0
4991	0
4992	0
4993	1
4994	0
4995	3
4996	1
4997	2
4998	1
4999	3
5000	3
5001	2
5002	3
5003	4
5004	2
5005	3
5006	1
5007	3
5008	2
5009	1
5010	1
5011	4
5012	1
5013	0
5014	0
5015	4
5016	2
5017	2
5018	2
5019	3
5020	4
5021	2
5022	1
5023	2
5024	3
5025	1
5026	2
5027	1
5028	0
5029	2
5030	1
5031	1
5032	1
5033	1
5034	0
5035	1
5036	0
5037	0
5038	1
5039	1
5040	1
5041	1
5042	0
5043	2
5044	3
5045	0
5046	0
5047	2
5048	0
5049	1
5050	1
5051	2
5052	4
5053	0
5054	2
5055	0
5056	1
5057	1
5058	1
5059	1
5060	1
5061	1
5062	0
5063	0
5064	2
5065	0
5066	1
5067	1
5068	1
5069	1
5070	0
5071	0
5072	2
5073	1
5074	1
5075	1
5076	1
5077	2
5078	0
5079	1
5080	0
5081	0
5082	1
5083	0
5084	1
5085	0
5086	2
5087	0
5088	0
5089	0
5090	1
5091	0
5092	1
5093	0
5094	1
5095	1
5096	1
5097	0
5098	0
5099	0
5100	1
5101	3
5102	1
5103	0
5104	0
5105	1
5106	2
5107	0
5108	1
5109	3
5110	1
5111	3
5112	0
5113	0
5114	1
5115	1
5116	0
5117	0
5118	1
5119	0
5120	0
5121	1
5122	0
5123	1
5124	3
5125	0
5126	0
5127	1
5128	0
5129	0
5130	1
5131	1
5132	0
5133	0
5134	0
5135	1
5136	0
5137	0
5138	1
5139	0
5140	0
5141	0
5142	0
5143	1
5144	0
5145	1
5146	1
5147	0
5148	1
5149	0
5150	0
5151	0
5152	1
5153	0
5154	1
5155	1
5156	1
5157	0
5158	0
5159	0
5160	1
5161	0
5162	1
5163	0
5164	1
5165	2
5166	0
5167	1
5168	0
5169	0
5170	4
5171	1
5172	0
5173	0
5174	1
5175	1
5176	1
5177	1
5178	0
5179	0
5180	0
5181	0
5182	0
5183	0
5184	0
5185	0
5186	1
5187	1
5188	0
5189	1
5190	0
5191	0
5192	0
5193	1
5194	1
5195	0
5196	2
5197	0
5198	1
5199	0
5200	1
5201	0
5202	1
5203	0
5204	2
5205	1
5206	1
5207	1
5208	0
5209	0
5210	0
5211	1
5212	1
5213	0
5214	1
5215	1
5216	1
5217	1
5218	0
5219	1
5220	0
5221	0
5222	1
5223	2
5224	0
5225	0
5226	1
5227	0
5228	0
5229	0
5230	0
5231	0
5232	2
5233	2
5234	1
5235	2
5236	1
5237	0
5238	0
5239	1
5240	0
5241	0
5242	1
5243	2
5244	1
5245	0
5246	1
5247	0
5248	1
5249	1
5250	0
5251	0
5252	1
5253	0
5254	0
5255	0
5256	1
5257	0
5258	0
5259	0
5260	3
5261	0
5262	1
5263	1
5264	1
5265	2
5266	0
5267	1
5268	1
5269	3
5270	0
5271	1
5272	1
5273	0
5274	1
5275	0
5276	0
5277	0
5278	0
5279	1
5280	2
5281	1
5282	0
5283	1
5284	1
5285	0
5286	0
5287	0
5288	0
5289	0
5290	2
5291	1
5292	0
5293	0
5294	0
5295	0
5296	2
5297	0
5298	0
5299	1
5300	0
5301	0
5302	0
5303	1
5304	0
5305	0
5306	0
5307	2
5308	0
5309	1
5310	0
5311	1
5312	0
5313	0
5314	0
5315	1
5316	0
5317	0
5318	2
5319	1
5320	3
5321	1
5322	0
5323	0
5324	0
5325	1
5326	0
5327	1
5328	0
5329	1
5330	1
5331	0
5332	2
5333	1
5334	1
5335	0
5336	1
5337	1
5338	1
5339	0
5340	0
5341	1
5342	1
5343	0
5344	1
5345	0
5346	0
5347	0
5348	0
5349	0
5350	0
5351	0
5352	1
5353	0
5354	1
5355	0
5356	0
5357	0
5358	2
5359	1
5360	1
5361	1
5362	0
5363	3
5364	0
5365	0
5366	1
5367	2
5368	0
5369	0
5370	0
5371	0
5372	1
5373	0
5374	1
5375	0
5376	0
5377	0
5378	0
5379	0
5380	0
5381	0
5382	0
5383	0
5384	1
5385	0
5386	1
5387	1
5388	0
5389	2
5390	3
5391	0
5392	0
5393	1
5394	1
5395	0
5396	0
5397	1
5398	0
5399	1
5400	0
5401	2
5402	2
5403	0
5404	0
5405	1
5406	0
5407	1
5408	0
5409	1
5410	0
5411	0
5412	0
5413	1
5414	0
5415	0
5416	0
5417	1
5418	0
5419	1
5420	1
5421	0
5422	2
5423	0
5424	1
5425	0
5426	0
5427	0
5428	1
5429	2
5430	0
5431	1
5432	0
5433	0
5434	0
5435	1
5436	0
5437	0
5438	0
5439	1
5440	0
5441	0
5442	2
5443	0
5444	0
5445	0
5446	0
5447	0
5448	0
5449	0
5450	3
5451	1
5452	0
5453	2
5454	1
5455	0
5456	0
5457	0
5458	0
5459	0
5460	2
5461	0
5462	0
5463	2
5464	0
5465	0
5466	0
5467	1
5468	1
5469	0
5470	3
5471	1
5472	0
5473	2
5474	0
5475	0
5476	3
5477	1
5478	0
5479	0
5480	0
5481	2
5482	0
5483	1
5484	0
5485	0
5486	0
5487	1
5488	2
5489	1
5490	1
5491	0
5492	0
5493	0
5494	0
5495	0
5496	1
5497	0
5498	3
5499	0
5500	0
5501	0
5502	0
5503	0
5504	0
5505	1
5506	0
5507	1
5508	0
5509	0
5510	1
5511	0
5512	2
5513	0
5514	0
5515	0
5516	0
5517	1
5518	2
5519	0
5520	0
5521	0
5522	0
5523	0
5524	2
5525	2
5526	2
5527	0
5528	0
5529	0
5530	0
5531	2
5532	0
5533	0
5534	0
5535	1
5536	0
5537	0
5538	3
5539	0
5540	0
5541	0
5542	1
5543	0
5544	0
5545	1
5546	0
5547	2
5548	0
5549	2
5550	3
5551	0
5552	0
5553	1
5554	0
5555	0
5556	0
5557	0
5558	1
5559	1
5560	0
5561	0
5562	0
5563	0
5564	0
5565	0
5566	0
5567	0
5568	0
5569	0
5570	1
5571	0
5572	1
5573	1
5574	0
5575	0
5576	1
5577	0
5578	0
5579	0
5580	0
5581	1
5582	1
5583	0
5584	2
5585	0
5586	0
5587	0
5588	0
5589	0
5590	0
5591	1
5592	1
5593	0
5594	1
5595	0
5596	0
5597	0
5598	1
5599	0
5600	0
5601	2
5602	0
5603	1
5604	0
5605	0
5606	1
5607	0
5608	0
5609	1
5610	2
5611	0
5612	0
5613	0
5614	2
5615	1
5616	0
5617	2
5618	0
5619	1
5620	1
5621	1
5622	0
5623	0
5624	0
5625	1
5626	0
5627	1
5628	0
5629	1
5630	0
5631	0
5632	2
5633	0
5634	1
5635	1
5636	0
5637	1
5638	0
5639	1
5640	2
5641	0
5642	0
5643	2
5644	1
5645	1
5646	0
5647	0
5648	0
5649	1
5650	0
5651	0
5652	0
5653	0
5654	2
5655	0
5656	1
5657	0
5658	0
5659	0
5660	0
5661	1
5662	1
5663	1
5664	0
5665	0
5666	0
5667	1
5668	0
5669	1
5670	0
5671	1
5672	1
5673	0
5674	3
5675	0
5676	0
5677	0
5678	1
5679	0
5680	0
5681	0
5682	1
5683	1
5684	1
5685	0
5686	0
5687	1
5688	1
5689	0
5690	2
5691	0
5692	0
5693	0
5694	1
5695	1
5696	0
5697	0
5698	0
5699	2
5700	0
5701	0
5702	1
5703	0
5704	0
5705	1
5706	0
5707	1
5708	0
5709	0
5710	0
5711	1
5712	0
5713	0
5714	0
5715	0
5716	0
5717	0
5718	0
5719	0
5720	0
5721	0
5722	0
5723	1
5724	1
5725	0
5726	1
5727	0
5728	0
5729	0
5730	1
5731	1
5732	0
5733	0
5734	2
5735	0
5736	1
5737	0
5738	0
5739	1
5740	0
5741	1
5742	0
5743	0
5744	0
5745	0
5746	0
5747	0
5748	2
5749	0
5750	0
5751	0
5752	0
5753	1
5754	0
5755	0
5756	0
5757	0
5758	0
5759	0
5760	1
5761	0
5762	2
5763	1
5764	3
5765	1
5766	1
5767	1
5768	0
5769	2
5770	0
5771	0
5772	0
5773	1
5774	0
5775	1
5776	0
5777	0
5778	0
5779	1
5780	0
5781	1
5782	1
5783	0
5784	1
5785	0
5786	0
5787	0
5788	0
5789	0
5790	0
5791	1
5792	0
5793	2
5794	1
5795	0
5796	0
5797	1
5798	0
5799	1
5800	1
5801	1
5802	0
5803	0
5804	2
5805	0
5806	0
5807	0
5808	2
5809	1
5810	1
5811	0
5812	1
5813	0
5814	0
5815	0
5816	0
5817	0
5818	0
5819	1
5820	2
5821	0
5822	1
5823	1
5824	1
5825	0
5826	0
5827	1
5828	0
5829	0
5830	1
5831	0
5832	2
5833	0
5834	0
5835	1
5836	0
5837	1
5838	0
5839	0
5840	1
5841	1
5842	1
5843	2
5844	1
5845	0
5846	0
5847	1
5848	0
5849	1
5850	0
5851	0
5852	0
5853	1
5854	2
5855	1
5856	2
5857	0
5858	1
5859	1
5860	2
5861	0
5862	0
5863	0
5864	1
5865	1
5866	0
5867	0
5868	0
5869	0
5870	0
5871	0
5872	0
5873	0
5874	0
5875	0
5876	1
5877	1
5878	0
5879	0
5880	0
5881	2
5882	0
5883	0
5884	0
5885	2
5886	0
5887	0
5888	0
5889	0
5890	0
5891	0
5892	0
5893	1
5894	0
5895	0
5896	0
5897	3
5898	0
5899	2
5900	1
5901	0
5902	0
5903	0
5904	0
5905	0
5906	1
5907	1
5908	0
5909	1
5910	0
5911	0
5912	0
5913	0
5914	0
5915	0
5916	0
5917	1
5918	0
5919	0
5920	1
5921	1
5922	1
5923	1
5924	0
5925	1
5926	0
5927	0
5928	1
5929	1
5930	1
5931	2
5932	0
5933	0
5934	0
5935	0
5936	2
5937	0
5938	0
5939	1
5940	0
5941	1
5942	1
5943	1
5944	0
5945	2
5946	0
5947	0
5948	0
5949	0
5950	1
5951	1
5952	0
5953	0
5954	0
5955	0
5956	2
5957	0
5958	1
5959	0
5960	2
5961	0
5962	0
5963	2
5964	1
5965	0
5966	1
5967	0
5968	1
5969	1
5970	0
5971	0
5972	0
5973	1
5974	0
5975	0
5976	1
5977	0
5978	0
5979	0
5980	0
5981	1
5982	1
5983	4
5984	1
5985	0
5986	0
5987	1
5988	0
5989	0
5990	0
5991	0
5992	1
5993	0
5994	1
5995	0
5996	0
5997	0
5998	2
5999	1
6000	0
6001	3
6002	1
6003	0
6004	0
6005	1
6006	1
6007	0
6008	1
6009	0
6010	1
6011	0
6012	0
6013	0
6014	0
6015	0
6016	0
6017	1
6018	0
6019	1
6020	0
6021	1
6022	0
6023	1
6024	0
6025	0
6026	2
6027	2
6028	1
6029	0
6030	2
6031	1
6032	0
6033	1
6034	1
6035	0
6036	2
6037	0
6038	0
6039	0
6040	1
6041	0
6042	0
6043	0
6044	0
6045	0
6046	0
6047	2
6048	1
6049	2
6050	0
6051	1
6052	0
6053	0
6054	0
6055	2
6056	2
6057	1
6058	1
6059	0
6060	0
6061	0
6062	0
6063	0
6064	2
6065	2
6066	1
6067	0
6068	0
6069	1
6070	0
6071	0
6072	1
6073	0
6074	1
6075	2
6076	1
6077	1
6078	0
6079	2
6080	1
6081	0
6082	0
6083	0
6084	0
6085	0
6086	1
6087	1
6088	1
6089	0
6090	0
6091	0
6092	0
6093	1
6094	0
6095	2
6096	1
6097	1
6098	0
6099	1
6100	0
6101	1
6102	1
6103	0
6104	0
6105	0
6106	0
6107	0
6108	3
6109	1
6110	1
6111	0
6112	0
6113	1
6114	0
6115	0
6116	1
6117	0
6118	1
6119	1
6120	1
6121	0
6122	0
6123	1
6124	0
6125	0
6126	0
6127	0
6128	0
6129	1
6130	2
6131	0
6132	0
6133	0
6134	0
6135	0
6136	0
6137	0
6138	0
6139	0
6140	1
6141	1
6142	1
6143	0
6144	0
6145	0
6146	0
6147	1
6148	0
6149	0
6150	0
6151	0
6152	0
6153	0
6154	1
6155	0
6156	1
6157	0
6158	0
6159	2
6160	0
6161	1
6162	0
6163	0
6164	1
6165	0
6166	1
6167	1
6168	0
6169	0
6170	0
6171	0
6172	1
6173	2
6174	2
6175	0
6176	0
6177	0
6178	0
6179	1
6180	0
6181	0
6182	2
6183	1
6184	1
6185	0
6186	0
6187	0
6188	0
6189	0
6190	0
6191	1
6192	2
6193	0
6194	0
6195	0
6196	0
6197	0
6198	1
6199	0
6200	0
6201	0
6202	0
6203	1
6204	0
6205	0
6206	1
6207	1
6208	1
6209	0
6210	2
6211	0
6212	0
6213	0
6214	0
6215	0
6216	1
6217	1
6218	0
6219	1
6220	3
6221	0
6222	2
6223	1
6224	1
6225	0
6226	0
6227	0
6228	2
6229	1
6230	1
6231	0
6232	0
6233	1
6234	0
6235	1
6236	0
6237	1
6238	1
6239	0
6240	0
6241	0
6242	0
6243	0
6244	0
6245	0
6246	0
6247	0
6248	0
6249	0
6250	2
6251	1
6252	1
6253	1
6254	0
6255	3
6256	0
6257	1
6258	1
6259	0
6260	0
6261	0
6262	1
6263	0
6264	0
6265	0
6266	0
6267	1
6268	0
6269	0
6270	0
6271	0
6272	0
6273	0
6274	0
6275	0
6276	1
6277	2
6278	1
6279	0
6280	0
6281	0
6282	0
6283	0
6284	0
6285	1
6286	1
6287	0
6288	0
6289	0
6290	0
6291	0
6292	2
6293	0
6294	0
6295	0
6296	0
6297	0
6298	2
6299	1
6300	0
6301	1
6302	0
6303	1
6304	1
6305	0
6306	0
6307	3
6308	1
6309	0
6310	0
6311	0
6312	0
6313	2
6314	4
6315	0
6316	2
6317	2
6318	1
6319	2
6320	1
6321	1
6322	1
6323	0
6324	1
6325	0
6326	1
6327	0
6328	0
6329	0
6330	0
6331	0
6332	0
6333	1
6334	1
6335	0
6336	1
6337	0
6338	0
6339	2
6340	0
6341	1
6342	0
6343	0
6344	1
6345	0
6346	0
6347	1
6348	0
6349	1
6350	0
6351	0
6352	1
6353	0
6354	0
6355	1
6356	1
6357	0
6358	0
6359	2
6360	0
6361	0
6362	2
6363	0
6364	2
6365	1
6366	0
6367	1
6368	0
6369	0
6370	1
6371	0
6372	0
6373	1
6374	1
6375	1
6376	0
6377	1
6378	0
6379	0
6380	1
6381	0
6382	0
6383	0
6384	1
6385	0
6386	0
6387	0
6388	0
6389	0
6390	0
6391	1
6392	3
6393	1
6394	0
6395	0
6396	1
6397	2
6398	0
6399	1
6400	0
6401	0
6402	1
6403	0
6404	1
6405	0
6406	1
6407	0
6408	1
6409	0
6410	1
6411	0
6412	1
6413	1
6414	2
6415	0
6416	1
6417	0
6418	0
6419	0
6420	0
6421	1
6422	0
6423	0
6424	0
6425	2
6426	1
6427	0
6428	1
6429	0
6430	1
6431	1
6432	1
6433	0
6434	1
6435	0
6436	0
6437	0
6438	0
6439	0
6440	0
6441	0
6442	1
6443	2
6444	0
6445	0
6446	0
6447	1
6448	0
6449	0
6450	0
6451	0
6452	1
6453	2
6454	0
6455	0
6456	1
6457	0
6458	0
6459	0
6460	1
6461	0
6462	0
6463	1
6464	0
6465	0
6466	0
6467	0
6468	1
6469	0
6470	0
6471	0
6472	0
6473	0
6474	0
6475	2
6476	1
6477	1
6478	0
6479	2
6480	0
6481	0
6482	2
6483	0
6484	0
6485	0
6486	0
6487	0
6488	0
6489	1
6490	0
6491	1
6492	0
6493	1
6494	0
6495	0
6496	1
6497	0
6498	0
6499	0
6500	2
6501	0
6502	1
6503	0
6504	0
6505	0
6506	1
6507	1
6508	0
6509	0
6510	0
6511	0
6512	0
6513	0
6514	0
6515	0
6516	1
6517	0
6518	1
6519	0
6520	0
6521	0
6522	0
6523	0
6524	0
6525	1
6526	1
6527	0
6528	0
6529	0
6530	0
6531	0
6532	0
6533	0
6534	1
6535	2
6536	1
6537	0
6538	0
6539	1
6540	1
6541	0
6542	2
6543	0
6544	1
6545	0
6546	1
6547	0
6548	1
6549	1
6550	0
6551	1
6552	0
6553	2
6554	1
6555	1
6556	0
6557	0
6558	0
6559	0
6560	0
6561	0
6562	1
6563	1
6564	1
6565	0
6566	2
6567	0
6568	0
6569	0
6570	0
6571	0
6572	0
6573	0
6574	0
6575	0
6576	0
6577	1
6578	0
6579	0
6580	2
6581	0
6582	0
6583	0
6584	0
6585	0
6586	1
6587	1
6588	0
6589	1
6590	1
6591	1
6592	1
6593	0
6594	1
6595	0
6596	0
6597	0
6598	0
6599	0
6600	2
6601	2
6602	0
6603	1
6604	2
6605	0
6606	0
6607	0
6608	2
6609	2
6610	1
6611	1
6612	0
6613	0
6614	0
6615	0
6616	0
6617	0
6618	1
6619	0
6620	0
6621	0
6622	0
6623	1
6624	1
6625	1
6626	0
6627	0
6628	0
6629	0
6630	0
6631	0
6632	1
6633	0
6634	0
6635	0
6636	0
6637	0
6638	0
6639	2
6640	0
6641	0
6642	1
6643	0
6644	0
6645	1
6646	1
6647	0
6648	1
6649	1
6650	2
6651	0
6652	0
6653	0
6654	0
6655	1
6656	1
6657	1
6658	1
6659	0
6660	0
6661	0
6662	1
6663	0
6664	0
6665	0
6666	0
6667	1
6668	0
6669	0
6670	1
6671	0
6672	0
6673	0
6674	1
6675	1
6676	0
6677	0
6678	1
6679	0
6680	2
6681	0
6682	0
6683	1
6684	1
6685	1
6686	0
6687	1
6688	1
6689	0
6690	1
6691	1
6692	1
6693	0
6694	0
6695	0
6696	0
6697	0
6698	0
6699	0
6700	0
6701	0
6702	0
6703	0
6704	0
6705	0
6706	0
6707	0
6708	1
6709	0
6710	1
6711	0
6712	0
6713	0
6714	1
6715	0
6716	0
6717	0
6718	0
6719	0
6720	1
6721	2
6722	1
6723	1
6724	0
6725	0
6726	1
6727	1
6728	2
6729	2
6730	0
6731	0
6732	1
6733	0
6734	1
6735	2
6736	0
6737	0
6738	0
6739	0
6740	0
6741	0
6742	1
6743	1
6744	1
6745	0
6746	0
6747	0
6748	0
6749	0
6750	0
6751	1
6752	0
6753	0
6754	0
6755	0
6756	0
6757	0
6758	0
6759	1
6760	1
6761	0
6762	1
6763	0
6764	0
6765	0
6766	1
6767	0
6768	0
6769	1
6770	0
6771	0
6772	0
6773	0
6774	0
6775	1
6776	0
6777	0
6778	2
6779	0
6780	0
6781	0
6782	0
6783	0
6784	2
6785	0
6786	0
6787	0
6788	0
6789	1
6790	0
6791	0
6792	0
6793	3
6794	1
6795	1
6796	0
6797	0
6798	0
6799	1
6800	1
6801	0
6802	0
6803	1
6804	0
6805	0
6806	1
6807	0
6808	1
6809	0
6810	0
6811	0
6812	1
6813	1
6814	0
6815	0
6816	0
6817	2
6818	1
6819	2
6820	1
6821	1
6822	1
6823	0
6824	1
6825	0
6826	0
6827	0
6828	0
6829	0
6830	0
6831	1
6832	2
6833	0
6834	0
6835	0
6836	0
6837	1
6838	0
6839	0
6840	0
6841	0
6842	1
6843	0
6844	1
6845	1
6846	0
6847	1
6848	0
6849	0
6850	1
6851	0
6852	1
6853	0
6854	0
6855	2
6856	0
6857	0
6858	0
6859	0
6860	1
6861	0
6862	1
6863	0
6864	1
6865	0
6866	1
6867	0
6868	0
6869	1
6870	1
6871	0
6872	0
6873	1
6874	0
6875	1
6876	0
6877	0
6878	0
6879	0
6880	0
6881	0
6882	1
6883	0
6884	1
6885	1
6886	1
6887	0
6888	0
6889	1
6890	1
6891	0
6892	1
6893	0
6894	0
6895	0
6896	0
6897	0
6898	0
6899	1
6900	0
6901	0
6902	0
6903	0
6904	1
6905	1
6906	0
6907	0
6908	0
6909	0
6910	0
6911	0
6912	0
6913	0
6914	0
6915	0
6916	1
6917	0
6918	0
6919	2
6920	0
6921	0
6922	0
6923	1
6924	0
6925	1
6926	1
6927	1
6928	1
6929	0
6930	0
6931	2
6932	0
6933	2
6934	0
6935	1
6936	1
6937	0
6938	0
6939	0
6940	1
6941	2
6942	0
6943	0
6944	0
6945	2
6946	0
6947	0
6948	0
6949	0
6950	1
6951	1
6952	0
6953	0
6954	0
6955	0
6956	0
6957	0
6958	0
6959	0
6960	0
6961	0
6962	0
6963	0
6964	0
6965	2
6966	0
6967	0
6968	1
6969	1
6970	0
6971	1
6972	0
6973	1
6974	0
6975	0
6976	0
6977	0
6978	1
6979	0
6980	1
6981	0
6982	3
6983	0
6984	0
6985	0
6986	2
6987	2
6988	0
6989	0
6990	1
6991	0
6992	1
6993	0
6994	0
6995	0
6996	0
6997	0
6998	0
6999	0
7000	0
7001	1
7002	0
7003	0
7004	0
7005	0
7006	0
7007	0
7008	1
7009	1
7010	0
7011	0
7012	0
7013	0
7014	0
7015	0
7016	1
7017	1
7018	0
7019	2
7020	0
7021	0
7022	1
7023	1
7024	0
7025	1
7026	0
7027	1
7028	0
7029	0
7030	1
7031	0
7032	1
7033	0
7034	1
7035	0
7036	0
7037	0
7038	2
7039	0
7040	1
7041	0
7042	0
7043	1
7044	0
7045	0
7046	0
7047	0
7048	1
7049	0
7050	2
7051	0
7052	0
7053	0
7054	0
7055	0
7056	0
7057	1
7058	0
7059	0
7060	0
7061	0
7062	1
7063	2
7064	0
7065	1
7066	0
7067	0
7068	0
7069	1
7070	0
7071	0
7072	0
7073	1
7074	1
7075	0
7076	0
7077	1
7078	1
7079	0
7080	0
7081	0
7082	0
7083	0
7084	0
7085	0
7086	1
7087	0
7088	0
7089	1
7090	1
7091	0
7092	0
7093	1
7094	0
7095	1
7096	0
7097	0
7098	0
7099	0
7100	0
7101	1
7102	1
7103	1
7104	0
7105	0
7106	0
7107	0
7108	0
7109	0
7110	1
7111	2
7112	0
7113	0
7114	0
7115	1
7116	1
7117	0
7118	0
7119	0
7120	0
7121	0
7122	0
7123	2
7124	0
7125	0
7126	0
7127	1
7128	1
7129	0
7130	2
7131	0
7132	0
7133	0
7134	0
7135	1
7136	1
7137	1
7138	0
7139	0
7140	0
7141	0
7142	0
7143	0
7144	2
7145	0
7146	0
7147	0
7148	0
7149	0
7150	2
7151	0
7152	0
7153	1
7154	1
7155	0
7156	0
7157	0
7158	0
7159	0
7160	1
7161	0
7162	0
7163	1
7164	1
7165	0
7166	0
7167	0
7168	0
7169	1
7170	1
7171	0
7172	0
7173	0
7174	0
7175	1
7176	1
7177	0
7178	0
7179	0
7180	0
7181	0
7182	1
7183	0
7184	0
7185	0
7186	0
7187	0
7188	2
7189	0
7190	0
7191	0
7192	0
7193	2
7194	0
7195	0
7196	1
7197	0
7198	0
7199	0
7200	0
7201	1
7202	0
7203	1
7204	0
7205	0
7206	1
7207	0
7208	0
7209	1
7210	0
7211	0
7212	0
7213	1
7214	0
7215	0
7216	0
7217	0
7218	1
7219	0
7220	1
7221	0
7222	0
7223	0
7224	0
7225	0
7226	1
7227	1
7228	1
7229	0
7230	0
7231	0
7232	0
7233	0
7234	0
7235	0
7236	0
7237	0
7238	0
7239	1
7240	0
7241	0
7242	0
7243	0
7244	1
7245	0
7246	0
7247	1
7248	0
7249	0
7250	1
7251	0
7252	0
7253	0
7254	0
7255	0
7256	0
7257	0
7258	0
7259	0
7260	0
7261	0
7262	0
7263	0
7264	0
7265	0
7266	0
7267	1
7268	0
7269	0
7270	0
7271	1
7272	0
7273	0
7274	1
7275	0
7276	0
7277	0
7278	0
7279	0
7280	0
7281	0
7282	0
7283	0
7284	1
7285	1
7286	0
7287	0
7288	0
7289	0
7290	0
7291	1
7292	0
7293	0
7294	0
7295	0
7296	1
7297	0
7298	1
7299	1
7300	0
7301	0
7302	0
7303	0
7304	0
7305	0
7306	0
7307	0
7308	0
7309	0
7310	0
7311	1
7312	0
7313	1
7314	0
7315	0
7316	0
7317	1
7318	0
7319	0
7320	1
7321	0
7322	1
7323	0
7324	1
7325	0
7326	1
7327	1
7328	0
7329	0
7330	1
7331	1
7332	0
7333	0
7334	0
7335	1
7336	0
7337	0
7338	2
7339	0
7340	0
7341	0
7342	1
7343	1
7344	0
7345	0
7346	0
7347	0
7348	0
7349	0
7350	0
7351	0
7352	0
7353	0
7354	1
7355	0
7356	1
7357	0
7358	0
7359	1
7360	0
7361	0
7362	0
7363	0
7364	0
7365	2
7366	0
7367	0
7368	0
7369	0
7370	2
7371	0
7372	0
7373	0
7374	0
7375	0
7376	0
7377	0
7378	1
7379	1
7380	0
7381	0
7382	2
7383	0
7384	0
7385	2
7386	0
7387	1
7388	0
7389	0
7390	0
7391	1
7392	0
7393	0
7394	0
7395	0
7396	1
7397	1
7398	0
7399	0
7400	0
7401	0
7402	1
7403	0
7404	0
7405	0
7406	0
7407	0
7408	0
7409	0
7410	1
7411	1
7412	1
7413	0
7414	0
7415	1
7416	0
7417	0
7418	0
7419	1
7420	0
7421	1
7422	0
7423	0
7424	0
7425	0
7426	0
7427	0
7428	0
7429	0
7430	0
7431	0
7432	0
7433	0
7434	0
7435	0
7436	0
7437	0
7438	0
7439	1
7440	0
7441	0
7442	0
7443	0
7444	0
7445	0
7446	0
7447	0
7448	0
7449	0
7450	0
7451	0
7452	0
7453	1
7454	0
7455	0
7456	1
7457	0
7458	0
7459	1
7460	0
7461	0
7462	0
7463	0
7464	1
7465	0
7466	0
7467	0
7468	1
7469	0
7470	0
7471	0
7472	0
7473	1
7474	0
7475	1
7476	1
7477	2
7478	0
7479	0
7480	2
7481	0
7482	0
7483	0
7484	1
7485	0
7486	0
7487	0
7488	0
7489	0
7490	0
7491	0
7492	0
7493	0
7494	1
7495	0
7496	1
7497	0
7498	1
7499	1
7500	0
7501	0
7502	0
7503	1
7504	0
7505	0
7506	0
7507	1
7508	0
7509	0
7510	0
7511	0
7512	1
7513	0
7514	0
7515	1
7516	0
7517	0
7518	0
7519	1
7520	0
7521	0
7522	0
7523	0
7524	0
7525	1
7526	0
7527	0
7528	0
7529	1
7530	0
7531	2
7532	0
7533	0
7534	0
7535	0
7536	0
7537	0
7538	1
7539	0
7540	0
7541	0
7542	1
7543	0
7544	2
7545	0
7546	0
7547	0
7548	0
7549	0
7550	0
7551	0
7552	0
7553	0
7554	0
7555	0
7556	1
7557	0
7558	1
7559	0
7560	1
7561	0
7562	0
7563	0
7564	1
7565	0
7566	0
7567	0
7568	2
7569	0
7570	0
7571	0
7572	0
7573	0
7574	0
7575	0
7576	0
7577	0
7578	0
7579	0
7580	0
7581	0
7582	0
7583	0
7584	0
7585	0
7586	0
7587	1
7588	0
7589	0
7590	0
7591	1
7592	0
7593	0
7594	0
7595	0
7596	0
7597	1
7598	0
7599	1
7600	2
7601	0
7602	0
7603	0
7604	0
7605	2
7606	0
7607	0
7608	0
7609	1
7610	0
7611	0
7612	0
7613	0
7614	0
7615	0
7616	0
7617	0
7618	1
7619	0
7620	0
7621	0
7622	0
7623	1
7624	0
7625	0
7626	0
7627	0
7628	0
7629	0
7630	0
7631	0
7632	1
7633	2
7634	0
7635	0
7636	0
7637	1
7638	0
7639	0
7640	3
7641	2
7642	2
7643	0
7644	0
7645	0
7646	1
7647	0
7648	0
7649	0
7650	0
7651	1
7652	0
7653	0
7654	1
7655	0
7656	1
7657	0
7658	1
7659	1
7660	0
7661	0
7662	1
7663	0
7664	0
7665	1
7666	0
7667	0
7668	0
7669	0
7670	0
7671	1
7672	1
7673	1
7674	0
7675	0
7676	1
7677	0
7678	1
7679	0
7680	0
7681	0
7682	1
7683	0
7684	1
7685	0
7686	1
7687	0
7688	1
7689	1
7690	0
7691	0
7692	0
7693	0
7694	0
7695	1
7696	1
7697	0
7698	0
7699	0
7700	0
7701	0
7702	0
7703	0
7704	0
7705	0
7706	1
7707	1
7708	0
7709	0
7710	0
7711	0
7712	0
7713	2
7714	1
7715	0
7716	0
7717	1
7718	2
7719	0
7720	0
7721	0
7722	1
7723	0
7724	0
7725	0
7726	0
7727	0
7728	0
7729	1
7730	0
7731	0
7732	0
7733	1
7734	1
7735	0
7736	0
7737	0
7738	1
7739	0
7740	1
7741	1
7742	1
7743	0
7744	1
7745	0
7746	0
7747	0
7748	1
7749	0
7750	0
7751	0
7752	0
7753	0
7754	0
7755	0
7756	0
7757	1
7758	0
7759	0
7760	0
7761	0
7762	0
7763	0
7764	0
7765	0
7766	0
7767	0
7768	0
7769	0
7770	0
7771	0
7772	0
7773	0
7774	0
7775	0
7776	1
7777	0
7778	0
7779	0
7780	0
7781	0
7782	2
7783	0
7784	0
7785	1
7786	0
7787	1
7788	0
7789	0
7790	0
7791	1
7792	2
7793	1
7794	1
7795	0
7796	0
7797	0
7798	0
7799	1
7800	1
7801	0
7802	0
7803	0
7804	0
7805	0
7806	0
7807	0
7808	0
7809	0
7810	0
7811	1
7812	0
7813	0
7814	0
7815	0
7816	0
7817	1
7818	1
7819	1
7820	1
7821	0
7822	0
7823	0
7824	1
7825	1
7826	0
7827	0
7828	0
7829	2
7830	0
7831	0
7832	0
7833	0
7834	1
7835	0
7836	0
7837	0
7838	2
7839	1
7840	0
7841	0
7842	0
7843	0
7844	0
7845	0
7846	0
7847	1
7848	0
7849	1
7850	0
7851	0
7852	0
7853	0
7854	0
7855	0
7856	1
7857	0
7858	0
7859	1
7860	1
7861	0
7862	0
7863	1
7864	0
7865	0
7866	1
7867	1
7868	0
7869	2
7870	0
7871	1
7872	1
7873	0
7874	0
7875	0
7876	1
7877	0
7878	1
7879	0
7880	1
7881	1
7882	0
7883	0
7884	0
7885	0
7886	0
7887	1
7888	0
7889	0
7890	0
7891	1
7892	0
7893	0
7894	0
7895	1
7896	1
7897	0
7898	0
7899	0
7900	1
7901	0
7902	1
7903	0
7904	0
7905	0
7906	0
7907	0
7908	0
7909	0
7910	0
7911	0
7912	0
7913	0
7914	0
7915	0
7916	0
7917	1
7918	0
7919	0
7920	1
7921	0
7922	2
7923	0
7924	0
7925	0
7926	0
7927	1
7928	1
7929	0
7930	1
7931	1
7932	1
7933	0
7934	0
7935	0
7936	1
7937	0
7938	1
7939	1
7940	0
7941	1
7942	0
7943	0
7944	0
7945	1
7946	0
7947	0
7948	0
7949	0
7950	1
7951	0
7952	2
7953	0
7954	0
7955	0
7956	0
7957	0
7958	0
7959	0
7960	0
7961	2
7962	1
7963	0
7964	0
7965	0
7966	1
7967	0
7968	0
7969	0
7970	0
7971	1
7972	1
7973	0
7974	0
7975	0
7976	0
7977	0
7978	0
7979	0
7980	0
7981	0
7982	0
7983	0
7984	0
7985	0
7986	1
7987	0
7988	1
7989	2
7990	0
7991	1
7992	0
7993	0
7994	1
7995	0
7996	0
7997	0
7998	0
7999	0
8000	0
8001	0
8002	0
8003	0
8004	0
8005	0
8006	0
8007	1
8008	0
8009	0
8010	0
8011	1
8012	1
8013	1
8014	0
8015	0
8016	0
8017	1
8018	1
8019	0
8020	0
8021	1
8022	0
8023	1
8024	1
8025	0
8026	0
8027	0
8028	0
8029	0
8030	0
8031	1
8032	0
8033	0
8034	1
8035	0
8036	0
8037	1
8038	0
8039	0
8040	0
8041	1
8042	0
8043	0
8044	0
8045	0
8046	0
8047	0
8048	1
8049	0
8050	0
8051	0
8052	1
8053	0
8054	0
8055	0
8056	0
8057	0
8058	1
8059	0
8060	1
8061	0
8062	0
8063	0
8064	2
8065	1
8066	1
8067	1
8068	0
8069	0
8070	0
8071	1
8072	0
8073	0
8074	0
8075	1
8076	1
8077	0
8078	0
8079	2
8080	0
8081	0
8082	0
8083	0
8084	0
8085	0
8086	0
8087	0
8088	0
8089	0
8090	0
8091	0
8092	0
8093	0
8094	0
8095	0
8096	0
8097	0
8098	0
8099	0
8100	0
8101	0
8102	0
8103	0
8104	0
8105	0
8106	0
8107	0
8108	0
8109	0
8110	0
8111	0
8112	0
8113	0
8114	0
8115	0
8116	0
8117	0
8118	0
8119	0
8120	0
8121	0
8122	0
8123	0
8124	0
8125	0
8126	0
8127	0
8128	0
8129	0
8130	0
8131	0
8132	0
8133	0
8134	0
8135	0
8136	0
8137	0
8138	0
8139	0
8140	0
8141	0
8142	0
8143	0
8144	0
8145	0
8146	0
8147	0
8148	0
8149	0
8150	0
8151	0
8152	0
8153	0
8154	0
8155	0
8156	0
8157	0
8158	0
8159	0
8160	0
8161	0
8162	0
8163	0
8164	0
8165	0
8166	0
8167	0
8168	0
8169	0
8170	0
8171	0
8172	0
8173	0
8174	0
8175	0
8176	0
8177	0
8178	0
8179	0
8180	0
8181	0
8182	0
8183	0
8184	0
8185	0
8186	0
8187	0
8188	0
8189	0
8190	0
8191	0
