0	0
1	0
2	0
3	0
4	0
5	0
6	0
7	0
8	0
9	0
10	0
11	0
12	0
13	0
14	0
15	0
16	0
17	0
18	0
19	0
20	0
21	0
22	0
23	0
24	0
25	0
26	0
27	0
28	0
29	0
30	0
31	0
32	0
33	0
34	0
35	0
36	0
37	0
38	0
39	0
40	0
41	0
42	0
43	0
44	0
45	0
46	0
47	0
48	0
49	0
50	0
51	0
52	0
53	0
54	0
55	0
56	0
57	0
58	0
59	0
60	0
61	0
62	0
63	0
64	0
65	0
66	0
67	0
68	0
69	0
70	0
71	0
72	0
73	0
74	0
75	0
76	0
77	0
78	0
79	0
80	0
81	0
82	0
83	0
84	0
85	1
86	0
87	8
88	7
89	7
90	8
91	10
92	5
93	11
94	5
95	12
96	4
97	10
98	10
99	11
100	5
101	8
102	4
103	6
104	3
105	10
106	10
107	12
108	6
109	9
110	10
111	5
112	6
113	8
114	8
115	7
116	6
117	7
118	6
119	13
120	9
121	6
122	3
123	5
124	9
125	10
126	5
127	5
128	8
129	8
130	7
131	11
132	11
133	9
134	14
135	6
136	8
137	9
138	5
139	16
140	13
141	7
142	2
143	8
144	9
145	4
146	10
147	5
148	15
149	9
150	8
151	12
152	7
153	11
154	11
155	9
156	11
157	8
158	3
159	13
160	4
161	7
162	7
163	11
164	10
165	8
166	7
167	6
168	8
169	12
170	6
171	6
172	14
173	6
174	6
175	7
176	6
177	7
178	16
179	7
180	14
181	14
182	6
183	10
184	7
185	6
186	13
187	13
188	5
189	11
190	18
191	7
192	9
193	8
194	12
195	7
196	6
197	12
198	8
199	5
200	12
201	6
202	7
203	10
204	8
205	10
206	14
207	7
208	15
209	6
210	11
211	9
212	12
213	10
214	10
215	8
216	8
217	15
218	11
219	10
220	7
221	15
222	6
223	7
224	12
225	6
226	5
227	4
228	12
229	5
230	9
231	15
232	5
233	5
234	13
235	9
236	9
237	9
238	11
239	6
240	7
241	11
242	8
243	8
244	12
245	10
246	7
247	9
248	12
249	12
250	9
251	10
252	11
253	15
254	4
255	8
256	10
257	6
258	9
259	7
260	12
261	12
262	13
263	7
264	13
265	9
266	11
267	18
268	9
269	8
270	8
271	9
272	9
273	11
274	10
275	13
276	9
277	9
278	12
279	8
280	6
281	6
282	15
283	8
284	5
285	14
286	17
287	10
288	11
289	6
290	12
291	8
292	10
293	12
294	11
295	8
296	15
297	8
298	11
299	13
300	7
301	9
302	12
303	11
304	4
305	8
306	14
307	10
308	10
309	13
310	8
311	8
312	11
313	13
314	7
315	15
316	8
317	11
318	11
319	10
320	9
321	10
322	12
323	11
324	12
325	9
326	6
327	15
328	12
329	10
330	9
331	9
332	6
333	9
334	12
335	13
336	12
337	8
338	11
339	10
340	5
341	11
342	10
343	13
344	9
345	12
346	9
347	7
348	11
349	4
350	12
351	19
352	9
353	13
354	11
355	9
356	17
357	12
358	7
359	14
360	12
361	6
362	10
363	11
364	12
365	6
366	12
367	4
368	12
369	18
370	10
371	16
372	16
373	12
374	19
375	6
376	19
377	15
378	10
379	16
380	11
381	6
382	8
383	4
384	19
385	9
386	5
387	9
388	10
389	13
390	9
391	11
392	12
393	10
394	10
395	6
396	15
397	9
398	17
399	10
400	6
401	14
402	11
403	15
404	12
405	10
406	11
407	11
408	14
409	8
410	16
411	12
412	11
413	11
414	14
415	12
416	10
417	12
418	6
419	9
420	12
421	10
422	15
423	11
424	12
425	12
426	13
427	7
428	7
429	10
430	9
431	9
432	13
433	18
434	13
435	10
436	6
437	6
438	13
439	13
440	15
441	9
442	9
443	9
444	6
445	14
446	8
447	18
448	14
449	11
450	9
451	17
452	7
453	14
454	13
455	18
456	8
457	10
458	11
459	6
460	12
461	11
462	14
463	9
464	22
465	10
466	12
467	15
468	15
469	7
470	14
471	12
472	12
473	9
474	10
475	12
476	8
477	10
478	14
479	12
480	20
481	7
482	8
483	9
484	15
485	12
486	10
487	15
488	15
489	17
490	9
491	10
492	8
493	7
494	13
495	15
496	18
497	7
498	15
499	14
500	20
501	9
502	15
503	13
504	12
505	12
506	10
507	11
508	12
509	15
510	10
511	9
512	23
513	9
514	10
515	9
516	15
517	11
518	11
519	11
520	14
521	13
522	13
523	9
524	20
525	8
526	24
527	17
528	19
529	12
530	9
531	25
532	12
533	12
534	12
535	18
536	23
537	23
538	15
539	16
540	14
541	20
542	21
543	18
544	14
545	14
546	17
547	26
548	15
549	21
550	18
551	12
552	18
553	19
554	16
555	19
556	19
557	17
558	20
559	19
560	16
561	25
562	25
563	17
564	20
565	20
566	17
567	16
568	15
569	18
570	16
571	13
572	10
573	15
574	19
575	30
576	19
577	21
578	16
579	20
580	20
581	14
582	23
583	24
584	26
585	21
586	16
587	15
588	24
589	27
590	22
591	20
592	23
593	20
594	26
595	14
596	22
597	15
598	15
599	29
600	21
601	26
602	21
603	22
604	15
605	19
606	15
607	28
608	29
609	13
610	20
611	14
612	14
613	14
614	14
615	22
616	21
617	23
618	22
619	18
620	17
621	18
622	24
623	14
624	13
625	23
626	22
627	26
628	12
629	22
630	21
631	24
632	27
633	20
634	17
635	16
636	21
637	17
638	19
639	22
640	17
641	19
642	15
643	19
644	11
645	19
646	18
647	20
648	23
649	15
650	18
651	25
652	18
653	20
654	17
655	15
656	12
657	18
658	15
659	19
660	14
661	15
662	19
663	23
664	16
665	22
666	19
667	17
668	20
669	23
670	27
671	17
672	27
673	15
674	20
675	16
676	16
677	15
678	25
679	12
680	13
681	15
682	23
683	23
684	17
685	14
686	16
687	13
688	20
689	24
690	16
691	16
692	20
693	20
694	19
695	18
696	15
697	20
698	16
699	19
700	21
701	18
702	16
703	19
704	8
705	17
706	20
707	16
708	16
709	8
710	14
711	8
712	15
713	16
714	17
715	12
716	18
717	16
718	15
719	11
720	17
721	15
722	22
723	19
724	19
725	21
726	17
727	11
728	16
729	14
730	25
731	11
732	20
733	18
734	18
735	7
736	17
737	13
738	12
739	13
740	14
741	12
742	20
743	21
744	24
745	13
746	15
747	16
748	18
749	11
750	24
751	12
752	13
753	11
754	14
755	12
756	16
757	17
758	14
759	11
760	17
761	16
762	22
763	9
764	15
765	16
766	12
767	18
768	10
769	18
770	15
771	16
772	14
773	18
774	12
775	15
776	15
777	14
778	14
779	15
780	16
781	14
782	11
783	21
784	11
785	15
786	18
787	8
788	11
789	23
790	18
791	18
792	14
793	13
794	13
795	21
796	16
797	18
798	15
799	24
800	16
801	15
802	16
803	17
804	15
805	16
806	18
807	13
808	8
809	9
810	26
811	19
812	16
813	19
814	21
815	21
816	15
817	16
818	15
819	19
820	14
821	13
822	14
823	11
824	18
825	12
826	17
827	19
828	23
829	13
830	16
831	20
832	12
833	15
834	17
835	17
836	19
837	15
838	17
839	13
840	17
841	12
842	16
843	12
844	19
845	13
846	20
847	22
848	33
849	10
850	12
851	20
852	19
853	10
854	27
855	14
856	17
857	23
858	12
859	17
860	13
861	18
862	15
863	16
864	19
865	17
866	14
867	18
868	11
869	25
870	12
871	10
872	21
873	13
874	11
875	20
876	17
877	17
878	31
879	15
880	16
881	16
882	27
883	22
884	13
885	24
886	27
887	25
888	26
889	25
890	16
891	16
892	23
893	14
894	26
895	16
896	9
897	29
898	19
899	21
900	20
901	17
902	20
903	20
904	15
905	31
906	26
907	16
908	19
909	8
910	21
911	19
912	21
913	17
914	21
915	17
916	17
917	13
918	13
919	30
920	15
921	20
922	20
923	20
924	23
925	26
926	21
927	14
928	17
929	31
930	21
931	21
932	27
933	24
934	13
935	21
936	14
937	22
938	19
939	19
940	19
941	26
942	13
943	16
944	20
945	15
946	22
947	24
948	23
949	28
950	16
951	21
952	11
953	24
954	25
955	14
956	26
957	25
958	25
959	26
960	32
961	17
962	19
963	16
964	23
965	17
966	20
967	18
968	20
969	21
970	15
971	27
972	16
973	25
974	22
975	27
976	28
977	19
978	17
979	32
980	21
981	31
982	18
983	20
984	20
985	24
986	24
987	28
988	25
989	18
990	17
991	19
992	21
993	23
994	21
995	24
996	14
997	23
998	16
999	15
1000	25
1001	15
1002	36
1003	24
1004	20
1005	20
1006	21
1007	26
1008	23
1009	26
1010	33
1011	26
1012	15
1013	16
1014	21
1015	26
1016	21
1017	27
1018	24
1019	24
1020	23
1021	25
1022	25
1023	16
1024	11
1025	14
1026	29
1027	25
1028	22
1029	22
1030	15
1031	28
1032	29
1033	27
1034	25
1035	22
1036	19
1037	31
1038	27
1039	21
1040	22
1041	19
1042	28
1043	18
1044	22
1045	27
1046	24
1047	17
1048	31
1049	31
1050	25
1051	14
1052	27
1053	18
1054	21
1055	24
1056	28
1057	23
1058	33
1059	23
1060	28
1061	28
1062	20
1063	27
1064	19
1065	28
1066	14
1067	25
1068	25
1069	20
1070	25
1071	22
1072	19
1073	23
1074	26
1075	17
1076	31
1077	19
1078	24
1079	29
1080	21
1081	29
1082	25
1083	22
1084	18
1085	14
1086	20
1087	18
1088	24
1089	25
1090	24
1091	24
1092	33
1093	19
1094	26
1095	21
1096	26
1097	22
1098	20
1099	18
1100	18
1101	28
1102	25
1103	38
1104	22
1105	23
1106	27
1107	19
1108	40
1109	20
1110	14
1111	23
1112	23
1113	28
1114	23
1115	22
1116	20
1117	27
1118	24
1119	35
1120	23
1121	23
1122	26
1123	13
1124	13
1125	24
1126	19
1127	23
1128	33
1129	21
1130	21
1131	26
1132	22
1133	24
1134	21
1135	25
1136	29
1137	17
1138	22
1139	21
1140	38
1141	19
1142	19
1143	28
1144	24
1145	25
1146	24
1147	25
1148	27
1149	25
1150	25
1151	23
1152	23
1153	17
1154	21
1155	31
1156	29
1157	33
1158	26
1159	23
1160	21
1161	24
1162	27
1163	28
1164	32
1165	28
1166	21
1167	23
1168	28
1169	26
1170	23
1171	19
1172	16
1173	22
1174	27
1175	28
1176	20
1177	15
1178	19
1179	42
1180	30
1181	28
1182	24
1183	29
1184	30
1185	32
1186	24
1187	24
1188	21
1189	27
1190	29
1191	29
1192	21
1193	32
1194	22
1195	27
1196	26
1197	24
1198	21
1199	29
1200	29
1201	28
1202	33
1203	24
1204	26
1205	21
1206	23
1207	34
1208	28
1209	16
1210	30
1211	25
1212	22
1213	28
1214	18
1215	25
1216	34
1217	27
1218	27
1219	26
1220	22
1221	22
1222	20
1223	23
1224	25
1225	28
1226	29
1227	21
1228	20
1229	31
1230	28
1231	18
1232	19
1233	17
1234	26
1235	22
1236	23
1237	32
1238	28
1239	22
1240	31
1241	26
1242	27
1243	35
1244	24
1245	30
1246	32
1247	24
1248	26
1249	27
1250	24
1251	35
1252	30
1253	29
1254	19
1255	24
1256	33
1257	29
1258	32
1259	22
1260	21
1261	25
1262	29
1263	22
1264	21
1265	21
1266	22
1267	34
1268	31
1269	35
1270	31
1271	27
1272	23
1273	34
1274	34
1275	21
1276	24
1277	27
1278	28
1279	27
1280	25
1281	29
1282	30
1283	21
1284	31
1285	33
1286	32
1287	33
1288	19
1289	27
1290	25
1291	37
1292	37
1293	32
1294	26
1295	31
1296	28
1297	23
1298	31
1299	21
1300	25
1301	29
1302	18
1303	25
1304	26
1305	25
1306	22
1307	27
1308	29
1309	26
1310	28
1311	25
1312	19
1313	28
1314	29
1315	20
1316	15
1317	32
1318	20
1319	24
1320	21
1321	30
1322	28
1323	20
1324	28
1325	29
1326	23
1327	26
1328	20
1329	26
1330	21
1331	24
1332	29
1333	29
1334	33
1335	22
1336	25
1337	22
1338	28
1339	22
1340	22
1341	25
1342	26
1343	25
1344	37
1345	27
1346	22
1347	32
1348	25
1349	34
1350	26
1351	32
1352	21
1353	31
1354	24
1355	20
1356	27
1357	27
1358	37
1359	31
1360	31
1361	22
1362	24
1363	24
1364	29
1365	18
1366	21
1367	29
1368	30
1369	22
1370	33
1371	25
1372	26
1373	33
1374	30
1375	38
1376	27
1377	24
1378	40
1379	24
1380	27
1381	34
1382	25
1383	31
1384	24
1385	24
1386	30
1387	21
1388	31
1389	25
1390	29
1391	21
1392	31
1393	31
1394	26
1395	29
1396	21
1397	23
1398	39
1399	28
1400	33
1401	32
1402	28
1403	34
1404	25
1405	22
1406	31
1407	20
1408	34
1409	22
1410	33
1411	23
1412	27
1413	26
1414	30
1415	30
1416	35
1417	30
1418	35
1419	30
1420	18
1421	21
1422	26
1423	36
1424	17
1425	33
1426	30
1427	41
1428	28
1429	33
1430	23
1431	30
1432	32
1433	34
1434	33
1435	21
1436	36
1437	39
1438	35
1439	32
1440	28
1441	31
1442	24
1443	32
1444	31
1445	30
1446	27
1447	20
1448	35
1449	26
1450	35
1451	33
1452	27
1453	33
1454	34
1455	15
1456	20
1457	31
1458	25
1459	27
1460	26
1461	33
1462	35
1463	30
1464	32
1465	30
1466	27
1467	30
1468	32
1469	22
1470	22
1471	31
1472	33
1473	30
1474	29
1475	22
1476	29
1477	29
1478	33
1479	18
1480	28
1481	32
1482	32
1483	21
1484	18
1485	38
1486	26
1487	39
1488	36
1489	27
1490	32
1491	28
1492	30
1493	27
1494	33
1495	30
1496	38
1497	38
1498	32
1499	26
1500	30
1501	26
1502	34
1503	39
1504	33
1505	25
1506	35
1507	32
1508	37
1509	27
1510	39
1511	30
1512	33
1513	33
1514	38
1515	39
1516	26
1517	29
1518	28
1519	31
1520	37
1521	30
1522	36
1523	34
1524	26
1525	36
1526	29
1527	32
1528	28
1529	31
1530	32
1531	23
1532	38
1533	31
1534	26
1535	46
1536	29
1537	36
1538	35
1539	37
1540	38
1541	29
1542	26
1543	30
1544	35
1545	33
1546	30
1547	32
1548	36
1549	31
1550	38
1551	29
1552	39
1553	34
1554	33
1555	37
1556	28
1557	27
1558	28
1559	36
1560	39
1561	37
1562	43
1563	34
1564	38
1565	33
1566	32
1567	41
1568	29
1569	27
1570	28
1571	37
1572	28
1573	38
1574	41
1575	39
1576	39
1577	44
1578	35
1579	38
1580	30
1581	40
1582	31
1583	34
1584	26
1585	47
1586	31
1587	34
1588	40
1589	28
1590	41
1591	29
1592	44
1593	33
1594	28
1595	25
1596	27
1597	23
1598	36
1599	31
1600	27
1601	41
1602	28
1603	30
1604	31
1605	31
1606	35
1607	39
1608	35
1609	38
1610	32
1611	35
1612	32
1613	36
1614	39
1615	29
1616	30
1617	38
1618	27
1619	28
1620	24
1621	27
1622	16
1623	28
1624	35
1625	48
1626	26
1627	32
1628	39
1629	28
1630	28
1631	31
1632	36
1633	25
1634	35
1635	33
1636	25
1637	34
1638	24
1639	29
1640	31
1641	31
1642	28
1643	22
1644	28
1645	38
1646	20
1647	37
1648	32
1649	26
1650	37
1651	22
1652	32
1653	21
1654	35
1655	31
1656	28
1657	40
1658	33
1659	34
1660	25
1661	30
1662	26
1663	28
1664	23
1665	35
1666	22
1667	33
1668	29
1669	24
1670	30
1671	32
1672	30
1673	18
1674	29
1675	22
1676	21
1677	16
1678	26
1679	23
1680	20
1681	26
1682	29
1683	21
1684	25
1685	24
1686	26
1687	29
1688	27
1689	19
1690	34
1691	27
1692	31
1693	29
1694	22
1695	26
1696	28
1697	27
1698	27
1699	28
1700	28
1701	21
1702	25
1703	26
1704	20
1705	15
1706	33
1707	30
1708	23
1709	28
1710	22
1711	22
1712	16
1713	31
1714	21
1715	21
1716	16
1717	29
1718	36
1719	20
1720	24
1721	21
1722	25
1723	25
1724	21
1725	20
1726	26
1727	31
1728	29
1729	23
1730	25
1731	21
1732	27
1733	26
1734	23
1735	19
1736	18
1737	32
1738	30
1739	16
1740	29
1741	25
1742	34
1743	22
1744	24
1745	25
1746	23
1747	25
1748	22
1749	16
1750	18
1751	18
1752	29
1753	24
1754	24
1755	24
1756	17
1757	23
1758	33
1759	14
1760	19
1761	25
1762	34
1763	22
1764	21
1765	23
1766	26
1767	29
1768	22
1769	21
1770	19
1771	19
1772	22
1773	35
1774	24
1775	21
1776	33
1777	23
1778	23
1779	25
1780	26
1781	16
1782	21
1783	15
1784	18
1785	13
1786	20
1787	18
1788	20
1789	28
1790	28
1791	26
1792	26
1793	26
1794	29
1795	26
1796	17
1797	32
1798	24
1799	24
1800	20
1801	16
1802	18
1803	22
1804	22
1805	23
1806	21
1807	27
1808	18
1809	20
1810	37
1811	18
1812	30
1813	21
1814	20
1815	25
1816	22
1817	19
1818	22
1819	20
1820	21
1821	17
1822	20
1823	17
1824	18
1825	20
1826	23
1827	32
1828	17
1829	26
1830	18
1831	15
1832	17
1833	13
1834	20
1835	13
1836	26
1837	17
1838	19
1839	19
1840	15
1841	22
1842	19
1843	18
1844	17
1845	16
1846	26
1847	8
1848	26
1849	15
1850	17
1851	15
1852	14
1853	12
1854	22
1855	21
1856	27
1857	20
1858	32
1859	27
1860	20
1861	20
1862	24
1863	20
1864	20
1865	19
1866	13
1867	16
1868	26
1869	14
1870	24
1871	21
1872	19
1873	20
1874	25
1875	11
1876	19
1877	17
1878	17
1879	16
1880	18
1881	23
1882	19
1883	23
1884	16
1885	19
1886	25
1887	25
1888	19
1889	12
1890	14
1891	20
1892	14
1893	24
1894	24
1895	17
1896	15
1897	24
1898	22
1899	22
1900	25
1901	14
1902	14
1903	13
1904	14
1905	17
1906	22
1907	13
1908	17
1909	15
1910	20
1911	20
1912	24
1913	25
1914	18
1915	16
1916	19
1917	24
1918	22
1919	24
1920	21
1921	15
1922	18
1923	14
1924	12
1925	10
1926	14
1927	17
1928	11
1929	18
1930	19
1931	12
1932	22
1933	14
1934	22
1935	12
1936	20
1937	19
1938	19
1939	20
1940	14
1941	19
1942	15
1943	18
1944	23
1945	15
1946	18
1947	20
1948	17
1949	14
1950	17
1951	16
1952	24
1953	20
1954	20
1955	14
1956	20
1957	18
1958	28
1959	20
1960	16
1961	18
1962	22
1963	22
1964	23
1965	18
1966	27
1967	20
1968	16
1969	19
1970	18
1971	20
1972	24
1973	25
1974	13
1975	19
1976	18
1977	25
1978	20
1979	9
1980	20
1981	23
1982	13
1983	14
1984	15
1985	20
1986	18
1987	13
1988	13
1989	17
1990	13
1991	11
1992	16
1993	15
1994	15
1995	16
1996	11
1997	21
1998	16
1999	13
2000	17
2001	10
2002	21
2003	14
2004	19
2005	12
2006	13
2007	12
2008	20
2009	19
2010	15
2011	18
2012	24
2013	17
2014	19
2015	12
2016	13
2017	16
2018	17
2019	12
2020	13
2021	8
2022	19
2023	15
2024	14
2025	18
2026	15
2027	16
2028	21
2029	13
2030	17
2031	14
2032	13
2033	19
2034	18
2035	16
2036	17
2037	14
2038	16
2039	18
2040	6
2041	23
2042	15
2043	12
2044	15
2045	21
2046	9
2047	15
2048	19
2049	19
2050	13
2051	9
2052	16
2053	12
2054	14
2055	15
2056	17
2057	7
2058	14
2059	14
2060	20
2061	9
2062	13
2063	10
2064	16
2065	14
2066	23
2067	12
2068	18
2069	13
2070	19
2071	15
2072	12
2073	10
2074	22
2075	15
2076	16
2077	19
2078	16
2079	24
2080	14
2081	14
2082	12
2083	21
2084	15
2085	19
2086	19
2087	19
2088	21
2089	20
2090	15
2091	17
2092	22
2093	15
2094	18
2095	21
2096	12
2097	13
2098	15
2099	13
2100	14
2101	16
2102	12
2103	16
2104	17
2105	15
2106	20
2107	16
2108	13
2109	13
2110	14
2111	14
2112	13
2113	12
2114	14
2115	16
2116	18
2117	23
2118	18
2119	13
2120	17
2121	12
2122	15
2123	10
2124	15
2125	20
2126	13
2127	15
2128	15
2129	13
2130	16
2131	13
2132	13
2133	11
2134	16
2135	11
2136	17
2137	18
2138	13
2139	15
2140	18
2141	15
2142	9
2143	15
2144	11
2145	16
2146	19
2147	17
2148	22
2149	20
2150	16
2151	21
2152	16
2153	15
2154	16
2155	19
2156	15
2157	15
2158	19
2159	8
2160	21
2161	14
2162	20
2163	16
2164	15
2165	21
2166	13
2167	24
2168	19
2169	7
2170	22
2171	12
2172	13
2173	17
2174	13
2175	20
2176	8
2177	12
2178	13
2179	12
2180	19
2181	20
2182	26
2183	17
2184	10
2185	12
2186	18
2187	12
2188	12
2189	18
2190	11
2191	26
2192	18
2193	6
2194	14
2195	22
2196	15
2197	17
2198	14
2199	15
2200	10
2201	12
2202	21
2203	13
2204	12
2205	15
2206	15
2207	19
2208	11
2209	25
2210	14
2211	11
2212	23
2213	18
2214	11
2215	19
2216	12
2217	14
2218	15
2219	14
2220	18
2221	19
2222	12
2223	13
2224	20
2225	7
2226	11
2227	14
2228	11
2229	13
2230	12
2231	11
2232	17
2233	15
2234	12
2235	15
2236	15
2237	19
2238	13
2239	12
2240	16
2241	11
2242	18
2243	19
2244	12
2245	11
2246	18
2247	17
2248	14
2249	15
2250	13
2251	14
2252	15
2253	13
2254	13
2255	19
2256	21
2257	17
2258	15
2259	14
2260	16
2261	12
2262	10
2263	16
2264	12
2265	13
2266	15
2267	15
2268	15
2269	17
2270	15
2271	12
2272	19
2273	11
2274	17
2275	15
2276	14
2277	13
2278	16
2279	12
2280	17
2281	14
2282	17
2283	9
2284	11
2285	19
2286	14
2287	27
2288	18
2289	13
2290	12
2291	10
2292	14
2293	15
2294	14
2295	10
2296	19
2297	17
2298	18
2299	18
2300	22
2301	16
2302	11
2303	21
2304	19
2305	20
2306	15
2307	20
2308	11
2309	20
2310	18
2311	10
2312	18
2313	17
2314	8
2315	23
2316	19
2317	13
2318	14
2319	10
2320	21
2321	15
2322	17
2323	8
2324	13
2325	15
2326	16
2327	16
2328	11
2329	15
2330	10
2331	9
2332	17
2333	17
2334	14
2335	13
2336	13
2337	12
2338	12
2339	14
2340	14
2341	13
2342	10
2343	13
2344	17
2345	15
2346	12
2347	11
2348	10
2349	8
2350	9
2351	16
2352	13
2353	14
2354	10
2355	25
2356	10
2357	19
2358	20
2359	11
2360	16
2361	7
2362	15
2363	13
2364	14
2365	10
2366	13
2367	15
2368	18
2369	14
2370	8
2371	9
2372	9
2373	9
2374	15
2375	14
2376	7
2377	17
2378	8
2379	15
2380	15
2381	14
2382	11
2383	9
2384	12
2385	8
2386	16
2387	13
2388	20
2389	9
2390	13
2391	9
2392	14
2393	11
2394	10
2395	9
2396	11
2397	19
2398	8
2399	14
2400	12
2401	10
2402	14
2403	15
2404	14
2405	16
2406	7
2407	9
2408	17
2409	16
2410	15
2411	10
2412	15
2413	13
2414	11
2415	19
2416	16
2417	11
2418	12
2419	13
2420	12
2421	17
2422	9
2423	20
2424	15
2425	12
2426	11
2427	10
2428	15
2429	15
2430	18
2431	11
2432	14
2433	18
2434	16
2435	14
2436	10
2437	6
2438	12
2439	6
2440	11
2441	9
2442	14
2443	9
2444	10
2445	13
2446	16
2447	11
2448	7
2449	8
2450	10
2451	15
2452	13
2453	16
2454	17
2455	17
2456	17
2457	14
2458	14
2459	10
2460	21
2461	14
2462	23
2463	14
2464	13
2465	15
2466	15
2467	7
2468	12
2469	14
2470	9
2471	9
2472	10
2473	16
2474	14
2475	19
2476	11
2477	13
2478	9
2479	9
2480	16
2481	7
2482	8
2483	11
2484	13
2485	16
2486	10
2487	13
2488	21
2489	10
2490	11
2491	22
2492	10
2493	12
2494	11
2495	9
2496	10
2497	12
2498	12
2499	6
2500	13
2501	15
2502	14
2503	12
2504	11
2505	14
2506	8
2507	15
2508	10
2509	17
2510	15
2511	11
2512	23
2513	13
2514	17
2515	12
2516	9
2517	18
2518	19
2519	12
2520	11
2521	12
2522	8
2523	16
2524	4
2525	13
2526	11
2527	15
2528	13
2529	15
2530	8
2531	10
2532	10
2533	17
2534	11
2535	7
2536	8
2537	16
2538	17
2539	12
2540	9
2541	15
2542	14
2543	11
2544	15
2545	14
2546	10
2547	16
2548	10
2549	11
2550	19
2551	10
2552	17
2553	14
2554	19
2555	17
2556	10
2557	7
2558	11
2559	18
2560	19
2561	12
2562	17
2563	7
2564	11
2565	10
2566	11
2567	15
2568	11
2569	14
2570	13
2571	7
2572	8
2573	16
2574	16
2575	13
2576	17
2577	16
2578	12
2579	16
2580	16
2581	11
2582	10
2583	9
2584	11
2585	13
2586	19
2587	7
2588	13
2589	14
2590	12
2591	13
2592	21
2593	13
2594	11
2595	10
2596	10
2597	15
2598	17
2599	11
2600	11
2601	9
2602	13
2603	12
2604	11
2605	12
2606	9
2607	11
2608	15
2609	10
2610	13
2611	11
2612	8
2613	8
2614	14
2615	13
2616	10
2617	9
2618	17
2619	7
2620	9
2621	10
2622	10
2623	15
2624	21
2625	19
2626	14
2627	7
2628	23
2629	10
2630	13
2631	14
2632	6
2633	11
2634	16
2635	8
2636	10
2637	12
2638	13
2639	18
2640	11
2641	12
2642	11
2643	18
2644	12
2645	9
2646	10
2647	9
2648	6
2649	17
2650	22
2651	8
2652	13
2653	10
2654	17
2655	8
2656	13
2657	10
2658	11
2659	13
2660	7
2661	15
2662	13
2663	14
2664	16
2665	15
2666	6
2667	10
2668	10
2669	12
2670	9
2671	15
2672	9
2673	13
2674	16
2675	9
2676	11
2677	14
2678	17
2679	15
2680	10
2681	7
2682	13
2683	11
2684	12
2685	16
2686	9
2687	10
2688	9
2689	16
2690	7
2691	10
2692	16
2693	9
2694	8
2695	17
2696	7
2697	10
2698	13
2699	9
2700	10
2701	10
2702	8
2703	11
2704	10
2705	5
2706	22
2707	6
2708	12
2709	14
2710	5
2711	20
2712	12
2713	8
2714	10
2715	10
2716	13
2717	10
2718	12
2719	12
2720	12
2721	11
2722	12
2723	8
2724	14
2725	8
2726	12
2727	5
2728	16
2729	14
2730	6
2731	6
2732	15
2733	9
2734	14
2735	3
2736	15
2737	15
2738	19
2739	11
2740	14
2741	12
2742	11
2743	9
2744	7
2745	8
2746	14
2747	12
2748	14
2749	13
2750	6
2751	16
2752	11
2753	14
2754	11
2755	17
2756	11
2757	8
2758	9
2759	18
2760	10
2761	9
2762	7
2763	9
2764	10
2765	8
2766	9
2767	8
2768	14
2769	6
2770	14
2771	13
2772	10
2773	12
2774	10
2775	11
2776	13
2777	11
2778	5
2779	10
2780	14
2781	12
2782	9
2783	11
2784	8
2785	9
2786	11
2787	7
2788	9
2789	11
2790	12
2791	11
2792	8
2793	6
2794	9
2795	15
2796	10
2797	7
2798	12
2799	7
2800	12
2801	11
2802	11
2803	9
2804	11
2805	9
2806	10
2807	18
2808	14
2809	10
2810	13
2811	16
2812	7
2813	9
2814	16
2815	14
2816	6
2817	11
2818	8
2819	13
2820	8
2821	9
2822	11
2823	6
2824	12
2825	10
2826	7
2827	11
2828	13
2829	9
2830	7
2831	11
2832	9
2833	11
2834	14
2835	16
2836	13
2837	16
2838	16
2839	10
2840	8
2841	17
2842	15
2843	10
2844	6
2845	8
2846	9
2847	6
2848	13
2849	11
2850	9
2851	11
2852	10
2853	6
2854	7
2855	12
2856	7
2857	11
2858	10
2859	7
2860	13
2861	14
2862	10
2863	11
2864	11
2865	10
2866	8
2867	11
2868	17
2869	7
2870	10
2871	14
2872	10
2873	10
2874	10
2875	9
2876	11
2877	10
2878	6
2879	9
2880	10
2881	5
2882	11
2883	11
2884	14
2885	12
2886	10
2887	13
2888	13
2889	11
2890	12
2891	7
2892	9
2893	10
2894	8
2895	6
2896	12
2897	13
2898	4
2899	14
2900	10
2901	12
2902	8
2903	10
2904	8
2905	11
2906	12
2907	8
2908	6
2909	13
2910	10
2911	6
2912	15
2913	16
2914	16
2915	10
2916	8
2917	11
2918	4
2919	10
2920	9
2921	9
2922	7
2923	14
2924	8
2925	7
2926	12
2927	8
2928	8
2929	17
2930	5
2931	4
2932	6
2933	10
2934	8
2935	9
2936	11
2937	9
2938	10
2939	15
2940	9
2941	14
2942	5
2943	10
2944	11
2945	5
2946	8
2947	4
2948	8
2949	8
2950	11
2951	12
2952	11
2953	15
2954	7
2955	9
2956	7
2957	13
2958	7
2959	11
2960	2
2961	15
2962	9
2963	7
2964	12
2965	15
2966	6
2967	13
2968	17
2969	7
2970	10
2971	5
2972	10
2973	12
2974	5
2975	10
2976	11
2977	14
2978	7
2979	6
2980	7
2981	3
2982	11
2983	11
2984	10
2985	3
2986	10
2987	15
2988	6
2989	11
2990	10
2991	13
2992	6
2993	12
2994	6
2995	11
2996	7
2997	4
2998	10
2999	7
3000	12
3001	9
3002	15
3003	20
3004	13
3005	13
3006	11
3007	12
3008	5
3009	9
3010	11
3011	11
3012	10
3013	11
3014	13
3015	7
3016	8
3017	7
3018	8
3019	4
3020	14
3021	11
3022	12
3023	8
3024	10
3025	10
3026	7
3027	11
3028	12
3029	13
3030	5
3031	12
3032	14
3033	9
3034	11
3035	7
3036	11
3037	4
3038	8
3039	9
3040	4
3041	9
3042	12
3043	8
3044	8
3045	10
3046	5
3047	12
3048	11
3049	6
3050	13
3051	13
3052	10
3053	6
3054	10
3055	9
3056	8
3057	7
3058	10
3059	10
3060	11
3061	15
3062	7
3063	8
3064	8
3065	13
3066	11
3067	14
3068	13
3069	4
3070	10
3071	9
3072	12
3073	9
3074	7
3075	12
3076	15
3077	7
3078	12
3079	11
3080	6
3081	12
3082	13
3083	6
3084	8
3085	11
3086	12
3087	14
3088	9
3089	13
3090	13
3091	9
3092	11
3093	11
3094	11
3095	10
3096	6
3097	8
3098	14
3099	9
3100	9
3101	5
3102	10
3103	10
3104	9
3105	9
3106	9
3107	7
3108	8
3109	7
3110	13
3111	8
3112	7
3113	5
3114	7
3115	11
3116	10
3117	4
3118	7
3119	7
3120	10
3121	8
3122	12
3123	9
3124	8
3125	17
3126	10
3127	6
3128	10
3129	10
3130	11
3131	9
3132	8
3133	8
3134	11
3135	12
3136	9
3137	18
3138	6
3139	4
3140	7
3141	6
3142	14
3143	9
3144	8
3145	13
3146	7
3147	10
3148	13
3149	11
3150	9
3151	13
3152	10
3153	13
3154	10
3155	7
3156	10
3157	9
3158	2
3159	6
3160	9
3161	13
3162	11
3163	9
3164	7
3165	9
3166	12
3167	9
3168	14
3169	6
3170	9
3171	10
3172	8
3173	6
3174	10
3175	7
3176	8
3177	7
3178	10
3179	10
3180	8
3181	11
3182	10
3183	7
3184	9
3185	13
3186	8
3187	5
3188	7
3189	9
3190	11
3191	9
3192	6
3193	8
3194	5
3195	8
3196	9
3197	10
3198	7
3199	13
3200	11
3201	10
3202	8
3203	8
3204	10
3205	8
3206	8
3207	6
3208	4
3209	10
3210	12
3211	5
3212	11
3213	14
3214	8
3215	8
3216	10
3217	9
3218	9
3219	12
3220	15
3221	7
3222	7
3223	8
3224	11
3225	12
3226	4
3227	10
3228	10
3229	9
3230	9
3231	8
3232	8
3233	13
3234	11
3235	6
3236	7
3237	10
3238	9
3239	7
3240	11
3241	10
3242	9
3243	8
3244	10
3245	6
3246	9
3247	10
3248	13
3249	9
3250	7
3251	12
3252	6
3253	13
3254	9
3255	10
3256	8
3257	3
3258	7
3259	12
3260	6
3261	6
3262	10
3263	5
3264	10
3265	5
3266	5
3267	9
3268	12
3269	11
3270	8
3271	7
3272	9
3273	5
3274	7
3275	10
3276	6
3277	9
3278	10
3279	11
3280	10
3281	3
3282	14
3283	8
3284	14
3285	8
3286	10
3287	10
3288	9
3289	4
3290	9
3291	10
3292	5
3293	5
3294	12
3295	11
3296	8
3297	7
3298	4
3299	13
3300	11
3301	5
3302	6
3303	9
3304	8
3305	10
3306	7
3307	5
3308	8
3309	5
3310	11
3311	12
3312	4
3313	10
3314	9
3315	8
3316	10
3317	3
3318	10
3319	8
3320	12
3321	6
3322	8
3323	8
3324	7
3325	6
3326	14
3327	8
3328	9
3329	8
3330	3
3331	7
3332	4
3333	3
3334	8
3335	4
3336	7
3337	6
3338	11
3339	8
3340	6
3341	5
3342	9
3343	8
3344	3
3345	7
3346	7
3347	6
3348	9
3349	12
3350	5
3351	8
3352	4
3353	13
3354	6
3355	5
3356	8
3357	10
3358	9
3359	8
3360	6
3361	5
3362	8
3363	11
3364	12
3365	3
3366	7
3367	10
3368	5
3369	6
3370	10
3371	4
3372	7
3373	5
3374	5
3375	7
3376	6
3377	6
3378	6
3379	7
3380	6
3381	10
3382	4
3383	12
3384	14
3385	7
3386	12
3387	8
3388	11
3389	8
3390	9
3391	6
3392	11
3393	10
3394	5
3395	8
3396	6
3397	6
3398	12
3399	6
3400	5
3401	8
3402	12
3403	6
3404	9
3405	2
3406	5
3407	8
3408	12
3409	3
3410	7
3411	6
3412	6
3413	11
3414	5
3415	7
3416	6
3417	5
3418	8
3419	12
3420	6
3421	7
3422	9
3423	10
3424	5
3425	10
3426	12
3427	7
3428	7
3429	7
3430	7
3431	10
3432	12
3433	7
3434	3
3435	11
3436	6
3437	5
3438	4
3439	5
3440	3
3441	4
3442	9
3443	6
3444	9
3445	8
3446	5
3447	4
3448	12
3449	11
3450	11
3451	11
3452	6
3453	5
3454	7
3455	5
3456	15
3457	7
3458	3
3459	10
3460	5
3461	7
3462	10
3463	7
3464	10
3465	10
3466	12
3467	6
3468	7
3469	8
3470	6
3471	14
3472	10
3473	6
3474	4
3475	2
3476	13
3477	8
3478	10
3479	12
3480	10
3481	8
3482	6
3483	9
3484	6
3485	9
3486	8
3487	11
3488	5
3489	9
3490	4
3491	7
3492	9
3493	18
3494	9
3495	9
3496	8
3497	7
3498	12
3499	7
3500	7
3501	6
3502	6
3503	5
3504	3
3505	10
3506	6
3507	7
3508	8
3509	9
3510	6
3511	8
3512	13
3513	7
3514	7
3515	6
3516	4
3517	5
3518	10
3519	7
3520	4
3521	12
3522	14
3523	8
3524	11
3525	5
3526	7
3527	9
3528	9
3529	7
3530	4
3531	11
3532	8
3533	9
3534	4
3535	7
3536	9
3537	5
3538	7
3539	8
3540	9
3541	6
3542	11
3543	10
3544	8
3545	8
3546	5
3547	8
3548	9
3549	5
3550	7
3551	6
3552	9
3553	10
3554	9
3555	10
3556	9
3557	6
3558	7
3559	8
3560	9
3561	7
3562	9
3563	10
3564	7
3565	6
3566	8
3567	12
3568	5
3569	7
3570	10
3571	7
3572	4
3573	7
3574	7
3575	8
3576	8
3577	6
3578	5
3579	4
3580	9
3581	7
3582	9
3583	7
3584	8
3585	6
3586	4
3587	4
3588	5
3589	8
3590	6
3591	7
3592	4
3593	5
3594	9
3595	5
3596	8
3597	7
3598	7
3599	10
3600	5
3601	6
3602	10
3603	9
3604	8
3605	7
3606	1
3607	7
3608	5
3609	4
3610	7
3611	8
3612	4
3613	7
3614	7
3615	6
3616	4
3617	11
3618	8
3619	8
3620	9
3621	5
3622	10
3623	8
3624	6
3625	1
3626	8
3627	6
3628	9
3629	10
3630	9
3631	4
3632	6
3633	4
3634	6
3635	5
3636	10
3637	7
3638	6
3639	8
3640	8
3641	3
3642	8
3643	10
3644	6
3645	1
3646	15
3647	7
3648	4
3649	10
3650	12
3651	11
3652	5
3653	5
3654	9
3655	5
3656	5
3657	6
3658	6
3659	6
3660	13
3661	7
3662	6
3663	12
3664	7
3665	7
3666	8
3667	7
3668	7
3669	8
3670	7
3671	7
3672	3
3673	8
3674	6
3675	9
3676	6
3677	8
3678	5
3679	9
3680	4
3681	8
3682	8
3683	6
3684	6
3685	9
3686	7
3687	6
3688	8
3689	7
3690	4
3691	4
3692	11
3693	12
3694	6
3695	8
3696	5
3697	8
3698	7
3699	8
3700	6
3701	10
3702	8
3703	9
3704	9
3705	8
3706	7
3707	7
3708	4
3709	2
3710	4
3711	13
3712	4
3713	5
3714	4
3715	11
3716	7
3717	6
3718	10
3719	8
3720	4
3721	11
3722	7
3723	15
3724	18
3725	9
3726	5
3727	7
3728	6
3729	8
3730	12
3731	7
3732	9
3733	6
3734	6
3735	7
3736	10
3737	5
3738	8
3739	9
3740	10
3741	5
3742	6
3743	8
3744	8
3745	5
3746	8
3747	4
3748	5
3749	8
3750	12
3751	3
3752	7
3753	5
3754	13
3755	7
3756	7
3757	9
3758	12
3759	8
3760	6
3761	2
3762	4
3763	7
3764	9
3765	9
3766	4
3767	8
3768	4
3769	6
3770	7
3771	14
3772	4
3773	6
3774	10
3775	6
3776	10
3777	8
3778	9
3779	10
3780	11
3781	9
3782	7
3783	8
3784	7
3785	7
3786	12
3787	9
3788	14
3789	8
3790	13
3791	7
3792	7
3793	8
3794	8
3795	5
3796	10
3797	11
3798	4
3799	6
3800	8
3801	9
3802	6
3803	6
3804	10
3805	8
3806	6
3807	9
3808	7
3809	9
3810	9
3811	4
3812	5
3813	8
3814	9
3815	10
3816	10
3817	2
3818	5
3819	7
3820	9
3821	4
3822	5
3823	4
3824	6
3825	12
3826	2
3827	14
3828	10
3829	6
3830	5
3831	6
3832	8
3833	4
3834	8
3835	9
3836	3
3837	5
3838	10
3839	5
3840	6
3841	6
3842	5
3843	14
3844	10
3845	10
3846	7
3847	7
3848	6
3849	4
3850	5
3851	6
3852	9
3853	7
3854	5
3855	9
3856	10
3857	7
3858	10
3859	5
3860	9
3861	3
3862	8
3863	9
3864	4
3865	12
3866	10
3867	13
3868	6
3869	8
3870	10
3871	5
3872	10
3873	4
3874	12
3875	9
3876	8
3877	4
3878	10
3879	10
3880	8
3881	5
3882	8
3883	6
3884	9
3885	4
3886	4
3887	8
3888	7
3889	7
3890	8
3891	11
3892	5
3893	4
3894	7
3895	4
3896	5
3897	4
3898	13
3899	4
3900	4
3901	6
3902	8
3903	7
3904	7
3905	6
3906	8
3907	6
3908	7
3909	5
3910	6
3911	5
3912	5
3913	10
3914	6
3915	9
3916	6
3917	13
3918	10
3919	6
3920	11
3921	10
3922	9
3923	3
3924	13
3925	5
3926	11
3927	7
3928	5
3929	4
3930	10
3931	14
3932	5
3933	9
3934	10
3935	4
3936	7
3937	6
3938	7
3939	10
3940	8
3941	8
3942	6
3943	8
3944	10
3945	7
3946	6
3947	10
3948	4
3949	3
3950	3
3951	8
3952	5
3953	7
3954	6
3955	12
3956	4
3957	6
3958	4
3959	3
3960	10
3961	4
3962	5
3963	2
3964	8
3965	9
3966	7
3967	10
3968	6
3969	6
3970	14
3971	5
3972	5
3973	6
3974	8
3975	6
3976	5
3977	7
3978	12
3979	5
3980	4
3981	6
3982	6
3983	9
3984	9
3985	10
3986	8
3987	4
3988	5
3989	12
3990	3
3991	4
3992	10
3993	7
3994	10
3995	9
3996	9
3997	7
3998	9
3999	11
4000	7
4001	9
4002	3
4003	6
4004	4
4005	6
4006	7
4007	4
4008	9
4009	3
4010	10
4011	7
4012	8
4013	8
4014	14
4015	8
4016	9
4017	5
4018	3
4019	7
4020	3
4021	8
4022	8
4023	5
4024	16
4025	7
4026	5
4027	8
4028	5
4029	7
4030	9
4031	8
4032	2
4033	7
4034	11
4035	1
4036	4
4037	10
4038	9
4039	6
4040	10
4041	8
4042	8
4043	7
4044	9
4045	6
4046	7
4047	5
4048	11
4049	8
4050	7
4051	10
4052	9
4053	7
4054	7
4055	6
4056	8
4057	6
4058	4
4059	12
4060	9
4061	6
4062	8
4063	6
4064	7
4065	5
4066	5
4067	5
4068	9
4069	4
4070	12
4071	4
4072	5
4073	7
4074	6
4075	6
4076	14
4077	11
4078	9
4079	7
4080	6
4081	7
4082	8
4083	6
4084	6
4085	5
4086	7
4087	8
4088	9
4089	7
4090	6
4091	11
4092	9
4093	4
4094	10
4095	6
4096	9
4097	12
4098	1
4099	16
4100	5
4101	7
4102	5
4103	6
4104	6
4105	3
4106	6
4107	4
4108	9
4109	6
4110	9
4111	4
4112	8
4113	5
4114	7
4115	5
4116	9
4117	5
4118	8
4119	13
4120	11
4121	4
4122	9
4123	5
4124	4
4125	10
4126	8
4127	7
4128	7
4129	9
4130	7
4131	9
4132	9
4133	4
4134	6
4135	10
4136	3
4137	9
4138	9
4139	9
4140	5
4141	7
4142	16
4143	10
4144	3
4145	6
4146	9
4147	13
4148	5
4149	9
4150	12
4151	6
4152	11
4153	12
4154	8
4155	7
4156	11
4157	11
4158	17
4159	9
4160	16
4161	12
4162	14
4163	10
4164	5
4165	12
4166	12
4167	9
4168	10
4169	3
4170	10
4171	8
4172	11
4173	5
4174	4
4175	16
4176	13
4177	10
4178	5
4179	9
4180	6
4181	10
4182	13
4183	3
4184	6
4185	1
4186	8
4187	1
4188	7
4189	5
4190	9
4191	14
4192	5
4193	9
4194	7
4195	12
4196	4
4197	8
4198	11
4199	7
4200	9
4201	5
4202	9
4203	5
4204	11
4205	9
4206	6
4207	7
4208	9
4209	9
4210	8
4211	7
4212	3
4213	6
4214	9
4215	9
4216	7
4217	5
4218	6
4219	10
4220	7
4221	11
4222	6
4223	9
4224	5
4225	6
4226	2
4227	6
4228	14
4229	6
4230	7
4231	10
4232	7
4233	13
4234	8
4235	7
4236	8
4237	12
4238	5
4239	12
4240	7
4241	1
4242	8
4243	5
4244	9
4245	9
4246	13
4247	8
4248	5
4249	12
4250	7
4251	6
4252	8
4253	9
4254	9
4255	8
4256	9
4257	4
4258	7
4259	5
4260	11
4261	10
4262	8
4263	9
4264	5
4265	7
4266	9
4267	9
4268	6
4269	6
4270	9
4271	13
4272	9
4273	12
4274	13
4275	11
4276	4
4277	11
4278	8
4279	3
4280	7
4281	5
4282	9
4283	10
4284	12
4285	7
4286	8
4287	12
4288	9
4289	5
4290	2
4291	10
4292	10
4293	2
4294	6
4295	10
4296	13
4297	9
4298	4
4299	13
4300	10
4301	3
4302	4
4303	6
4304	8
4305	10
4306	7
4307	9
4308	10
4309	7
4310	7
4311	11
4312	10
4313	11
4314	7
4315	10
4316	8
4317	10
4318	8
4319	10
4320	6
4321	7
4322	8
4323	5
4324	7
4325	7
4326	8
4327	12
4328	6
4329	8
4330	7
4331	12
4332	6
4333	7
4334	4
4335	6
4336	7
4337	13
4338	8
4339	6
4340	8
4341	13
4342	9
4343	10
4344	10
4345	8
4346	11
4347	4
4348	9
4349	9
4350	7
4351	12
4352	12
4353	8
4354	10
4355	6
4356	9
4357	11
4358	11
4359	5
4360	5
4361	6
4362	15
4363	9
4364	8
4365	11
4366	8
4367	10
4368	14
4369	6
4370	12
4371	5
4372	17
4373	10
4374	4
4375	15
4376	12
4377	13
4378	8
4379	8
4380	9
4381	5
4382	15
4383	6
4384	11
4385	5
4386	6
4387	7
4388	5
4389	16
4390	6
4391	8
4392	10
4393	11
4394	10
4395	7
4396	9
4397	10
4398	7
4399	5
4400	6
4401	9
4402	10
4403	9
4404	8
4405	8
4406	10
4407	8
4408	10
4409	11
4410	5
4411	13
4412	13
4413	12
4414	6
4415	6
4416	10
4417	7
4418	17
4419	7
4420	8
4421	10
4422	12
4423	10
4424	13
4425	5
4426	8
4427	6
4428	12
4429	7
4430	12
4431	7
4432	6
4433	8
4434	13
4435	9
4436	14
4437	10
4438	10
4439	10
4440	12
4441	14
4442	10
4443	5
4444	6
4445	8
4446	17
4447	13
4448	14
4449	14
4450	15
4451	13
4452	8
4453	6
4454	10
4455	15
4456	9
4457	9
4458	10
4459	9
4460	4
4461	13
4462	16
4463	6
4464	13
4465	9
4466	9
4467	10
4468	8
4469	7
4470	9
4471	9
4472	9
4473	18
4474	5
4475	12
4476	16
4477	10
4478	12
4479	10
4480	9
4481	13
4482	10
4483	11
4484	9
4485	10
4486	11
4487	7
4488	6
4489	13
4490	13
4491	7
4492	9
4493	6
4494	14
4495	10
4496	8
4497	18
4498	9
4499	6
4500	8
4501	12
4502	11
4503	17
4504	12
4505	12
4506	8
4507	11
4508	17
4509	12
4510	14
4511	13
4512	4
4513	5
4514	10
4515	6
4516	7
4517	14
4518	10
4519	13
4520	11
4521	6
4522	12
4523	11
4524	16
4525	10
4526	10
4527	19
4528	15
4529	10
4530	6
4531	6
4532	7
4533	13
4534	16
4535	13
4536	13
4537	14
4538	13
4539	11
4540	17
4541	8
4542	6
4543	12
4544	12
4545	13
4546	10
4547	10
4548	12
4549	13
4550	10
4551	12
4552	12
4553	14
4554	17
4555	19
4556	16
4557	17
4558	9
4559	8
4560	12
4561	6
4562	8
4563	13
4564	10
4565	7
4566	11
4567	18
4568	8
4569	9
4570	7
4571	11
4572	10
4573	13
4574	14
4575	15
4576	15
4577	13
4578	10
4579	9
4580	10
4581	14
4582	13
4583	21
4584	18
4585	19
4586	8
4587	18
4588	12
4589	9
4590	20
4591	7
4592	10
4593	10
4594	16
4595	7
4596	21
4597	16
4598	13
4599	9
4600	14
4601	9
4602	10
4603	7
4604	16
4605	12
4606	18
4607	12
4608	13
4609	14
4610	14
4611	15
4612	19
4613	15
4614	13
4615	9
4616	14
4617	16
4618	12
4619	9
4620	7
4621	20
4622	13
4623	13
4624	14
4625	21
4626	9
4627	9
4628	8
4629	17
4630	11
4631	8
4632	11
4633	16
4634	14
4635	9
4636	14
4637	10
4638	9
4639	9
4640	10
4641	12
4642	11
4643	11
4644	15
4645	15
4646	12
4647	13
4648	15
4649	12
4650	14
4651	14
4652	17
4653	14
4654	12
4655	6
4656	14
4657	23
4658	13
4659	14
4660	12
4661	13
4662	7
4663	21
4664	13
4665	13
4666	16
4667	13
4668	11
4669	9
4670	17
4671	15
4672	19
4673	12
4674	12
4675	11
4676	22
4677	11
4678	8
4679	9
4680	14
4681	13
4682	14
4683	15
4684	14
4685	9
4686	10
4687	17
4688	13
4689	14
4690	18
4691	14
4692	16
4693	21
4694	9
4695	13
4696	14
4697	13
4698	7
4699	5
4700	15
4701	15
4702	15
4703	9
4704	13
4705	16
4706	7
4707	14
4708	11
4709	16
4710	14
4711	10
4712	11
4713	12
4714	17
4715	13
4716	8
4717	14
4718	17
4719	11
4720	10
4721	16
4722	10
4723	15
4724	13
4725	14
4726	16
4727	14
4728	9
4729	10
4730	9
4731	11
4732	12
4733	9
4734	14
4735	16
4736	13
4737	13
4738	11
4739	11
4740	15
4741	16
4742	15
4743	20
4744	11
4745	17
4746	15
4747	17
4748	14
4749	10
4750	11
4751	12
4752	21
4753	18
4754	15
4755	4
4756	3
4757	14
4758	13
4759	14
4760	17
4761	9
4762	10
4763	7
4764	12
4765	19
4766	15
4767	13
4768	6
4769	6
4770	9
4771	10
4772	9
4773	18
4774	8
4775	8
4776	8
4777	4
4778	12
4779	15
4780	7
4781	11
4782	13
4783	8
4784	11
4785	8
4786	13
4787	14
4788	8
4789	13
4790	17
4791	15
4792	17
4793	10
4794	8
4795	14
4796	14
4797	8
4798	15
4799	16
4800	8
4801	13
4802	12
4803	8
4804	7
4805	15
4806	10
4807	10
4808	8
4809	23
4810	11
4811	9
4812	10
4813	8
4814	12
4815	9
4816	3
4817	12
4818	13
4819	11
4820	10
4821	11
4822	10
4823	5
4824	8
4825	7
4826	8
4827	3
4828	8
4829	12
4830	7
4831	7
4832	4
4833	12
4834	8
4835	3
4836	2
4837	11
4838	7
4839	9
4840	9
4841	9
4842	7
4843	4
4844	8
4845	6
4846	7
4847	7
4848	11
4849	4
4850	13
4851	7
4852	10
4853	8
4854	12
4855	13
4856	9
4857	8
4858	4
4859	8
4860	5
4861	7
4862	5
4863	8
4864	4
4865	6
4866	9
4867	7
4868	5
4869	8
4870	5
4871	6
4872	7
4873	8
4874	12
4875	3
4876	6
4877	5
4878	4
4879	4
4880	7
4881	9
4882	3
4883	7
4884	10
4885	10
4886	10
4887	7
4888	4
4889	6
4890	5
4891	4
4892	6
4893	5
4894	4
4895	0
4896	7
4897	6
4898	3
4899	6
4900	4
4901	6
4902	6
4903	4
4904	7
4905	4
4906	7
4907	5
4908	9
4909	8
4910	8
4911	5
4912	2
4913	6
4914	5
4915	6
4916	8
4917	3
4918	7
4919	1
4920	3
4921	4
4922	6
4923	3
4924	8
4925	2
4926	3
4927	6
4928	7
4929	5
4930	1
4931	3
4932	5
4933	3
4934	4
4935	2
4936	5
4937	4
4938	6
4939	6
4940	4
4941	5
4942	3
4943	9
4944	4
4945	1
4946	4
4947	2
4948	2
4949	3
4950	7
4951	4
4952	3
4953	3
4954	3
4955	6
4956	3
4957	1
4958	2
4959	1
4960	3
4961	6
4962	1
4963	3
4964	6
4965	1
4966	2
4967	4
4968	4
4969	2
4970	2
4971	2
4972	2
4973	3
4974	3
4975	5
4976	4
4977	0
4978	4
4979	4
4980	1
4981	4
4982	4
4983	5
4984	3
4985	3
4986	2
4987	4
4988	1
4989	4
4990	7
4991	0
4992	1
4993	2
4994	1
4995	2
4996	2
4997	5
4998	5
4999	2
5000	2
5001	1
5002	2
5003	0
5004	0
5005	3
5006	2
5007	1
5008	3
5009	1
5010	1
5011	0
5012	0
5013	1
5014	0
5015	2
5016	2
5017	3
5018	1
5019	1
5020	2
5021	0
5022	2
5023	1
5024	0
5025	0
5026	0
5027	1
5028	2
5029	1
5030	1
5031	1
5032	0
5033	1
5034	0
5035	2
5036	0
5037	2
5038	0
5039	3
5040	1
5041	1
5042	1
5043	3
5044	2
5045	0
5046	1
5047	1
5048	0
5049	0
5050	0
5051	2
5052	2
5053	2
5054	2
5055	1
5056	0
5057	0
5058	2
5059	0
5060	1
5061	2
5062	1
5063	3
5064	1
5065	1
5066	1
5067	0
5068	3
5069	1
5070	0
5071	1
5072	1
5073	0
5074	2
5075	3
5076	0
5077	0
5078	0
5079	2
5080	2
5081	0
5082	0
5083	1
5084	1
5085	1
5086	0
5087	0
5088	1
5089	1
5090	2
5091	2
5092	1
5093	0
5094	1
5095	1
5096	0
5097	0
5098	1
5099	1
5100	1
5101	1
5102	1
5103	0
5104	1
5105	0
5106	2
5107	1
5108	0
5109	1
5110	2
5111	0
5112	2
5113	2
5114	1
5115	1
5116	0
5117	0
5118	0
5119	1
5120	0
5121	0
5122	0
5123	0
5124	0
5125	0
5126	2
5127	1
5128	0
5129	0
5130	0
5131	0
5132	1
5133	2
5134	1
5135	2
5136	0
5137	2
5138	0
5139	2
5140	1
5141	1
5142	0
5143	0
5144	1
5145	0
5146	0
5147	1
5148	0
5149	1
5150	1
5151	2
5152	0
5153	1
5154	0
5155	1
5156	0
5157	1
5158	0
5159	1
5160	1
5161	1
5162	0
5163	1
5164	0
5165	0
5166	2
5167	0
5168	0
5169	0
5170	1
5171	1
5172	0
5173	0
5174	1
5175	0
5176	1
5177	0
5178	0
5179	0
5180	0
5181	0
5182	2
5183	0
5184	0
5185	1
5186	0
5187	0
5188	0
5189	0
5190	0
5191	2
5192	1
5193	0
5194	0
5195	1
5196	0
5197	0
5198	0
5199	1
5200	1
5201	0
5202	2
5203	2
5204	0
5205	1
5206	1
5207	1
5208	1
5209	0
5210	0
5211	1
5212	2
5213	1
5214	0
5215	2
5216	0
5217	1
5218	0
5219	0
5220	0
5221	0
5222	1
5223	0
5224	0
5225	2
5226	1
5227	0
5228	0
5229	0
5230	1
5231	1
5232	0
5233	0
5234	0
5235	1
5236	0
5237	1
5238	0
5239	0
5240	0
5241	0
5242	1
5243	0
5244	1
5245	0
5246	0
5247	1
5248	1
5249	1
5250	2
5251	1
5252	3
5253	2
5254	0
5255	2
5256	1
5257	1
5258	1
5259	0
5260	0
5261	0
5262	0
5263	3
5264	0
5265	1
5266	0
5267	0
5268	1
5269	1
5270	0
5271	2
5272	0
5273	1
5274	0
5275	1
5276	1
5277	1
5278	2
5279	0
5280	0
5281	1
5282	0
5283	2
5284	1
5285	0
5286	0
5287	0
5288	3
5289	0
5290	0
5291	0
5292	0
5293	2
5294	1
5295	0
5296	0
5297	0
5298	0
5299	0
5300	0
5301	0
5302	0
5303	0
5304	2
5305	0
5306	0
5307	0
5308	0
5309	1
5310	1
5311	0
5312	0
5313	0
5314	2
5315	1
5316	1
5317	0
5318	0
5319	2
5320	1
5321	0
5322	0
5323	1
5324	0
5325	0
5326	0
5327	1
5328	0
5329	0
5330	0
5331	1
5332	2
5333	0
5334	1
5335	0
5336	1
5337	0
5338	0
5339	1
5340	0
5341	1
5342	1
5343	0
5344	0
5345	1
5346	0
5347	1
5348	1
5349	0
5350	3
5351	0
5352	0
5353	0
5354	0
5355	2
5356	0
5357	0
5358	1
5359	0
5360	0
5361	0
5362	0
5363	1
5364	0
5365	1
5366	0
5367	0
5368	0
5369	0
5370	1
5371	1
5372	0
5373	1
5374	1
5375	2
5376	0
5377	1
5378	1
5379	0
5380	2
5381	2
5382	1
5383	0
5384	0
5385	0
5386	0
5387	0
5388	0
5389	1
5390	0
5391	1
5392	1
5393	1
5394	2
5395	0
5396	0
5397	0
5398	2
5399	0
5400	0
5401	0
5402	2
5403	0
5404	2
5405	1
5406	0
5407	0
5408	0
5409	0
5410	1
5411	0
5412	1
5413	0
5414	3
5415	0
5416	0
5417	1
5418	0
5419	2
5420	2
5421	0
5422	0
5423	0
5424	1
5425	1
5426	1
5427	0
5428	1
5429	0
5430	1
5431	0
5432	0
5433	1
5434	0
5435	0
5436	0
5437	0
5438	0
5439	0
5440	0
5441	0
5442	1
5443	1
5444	1
5445	1
5446	1
5447	0
5448	1
5449	0
5450	0
5451	0
5452	0
5453	0
5454	0
5455	2
5456	0
5457	1
5458	0
5459	0
5460	0
5461	0
5462	0
5463	0
5464	0
5465	0
5466	1
5467	0
5468	2
5469	2
5470	2
5471	0
5472	0
5473	1
5474	1
5475	1
5476	1
5477	1
5478	2
5479	0
5480	1
5481	0
5482	1
5483	0
5484	1
5485	0
5486	0
5487	0
5488	1
5489	0
5490	1
5491	1
5492	0
5493	2
5494	0
5495	0
5496	1
5497	0
5498	0
5499	0
5500	0
5501	0
5502	1
5503	1
5504	0
5505	2
5506	1
5507	0
5508	1
5509	1
5510	0
5511	3
5512	0
5513	0
5514	0
5515	0
5516	0
5517	0
5518	1
5519	1
5520	0
5521	0
5522	0
5523	1
5524	0
5525	0
5526	0
5527	1
5528	1
5529	0
5530	0
5531	0
5532	2
5533	0
5534	0
5535	1
5536	0
5537	0
5538	0
5539	0
5540	1
5541	1
5542	3
5543	0
5544	1
5545	0
5546	2
5547	2
5548	0
5549	0
5550	1
5551	0
5552	0
5553	2
5554	1
5555	1
5556	0
5557	0
5558	1
5559	1
5560	0
5561	2
5562	0
5563	1
5564	0
5565	0
5566	2
5567	1
5568	1
5569	1
5570	1
5571	0
5572	0
5573	0
5574	1
5575	2
5576	1
5577	1
5578	0
5579	0
5580	0
5581	0
5582	1
5583	0
5584	1
5585	0
5586	0
5587	0
5588	0
5589	0
5590	0
5591	0
5592	0
5593	1
5594	1
5595	0
5596	0
5597	1
5598	0
5599	1
5600	1
5601	0
5602	0
5603	1
5604	0
5605	1
5606	0
5607	0
5608	1
5609	1
5610	0
5611	0
5612	1
5613	0
5614	1
5615	0
5616	0
5617	0
5618	0
5619	0
5620	1
5621	0
5622	0
5623	1
5624	0
5625	0
5626	0
5627	0
5628	0
5629	1
5630	0
5631	0
5632	0
5633	1
5634	0
5635	1
5636	0
5637	1
5638	1
5639	0
5640	0
5641	1
5642	0
5643	0
5644	1
5645	0
5646	0
5647	1
5648	0
5649	0
5650	0
5651	0
5652	0
5653	1
5654	0
5655	0
5656	1
5657	0
5658	1
5659	0
5660	0
5661	1
5662	0
5663	0
5664	0
5665	1
5666	0
5667	2
5668	0
5669	0
5670	0
5671	0
5672	1
5673	0
5674	1
5675	1
5676	1
5677	0
5678	0
5679	0
5680	0
5681	1
5682	1
5683	1
5684	0
5685	0
5686	0
5687	1
5688	0
5689	1
5690	1
5691	1
5692	1
5693	0
5694	0
5695	1
5696	0
5697	0
5698	0
5699	1
5700	0
5701	0
5702	0
5703	1
5704	1
5705	0
5706	0
5707	0
5708	1
5709	0
5710	1
5711	1
5712	0
5713	0
5714	0
5715	0
5716	0
5717	3
5718	1
5719	1
5720	0
5721	0
5722	1
5723	0
5724	0
5725	0
5726	0
5727	0
5728	1
5729	1
5730	0
5731	1
5732	0
5733	1
5734	0
5735	0
5736	0
5737	0
5738	0
5739	0
5740	0
5741	1
5742	0
5743	0
5744	0
5745	0
5746	0
5747	0
5748	0
5749	0
5750	0
5751	3
5752	0
5753	1
5754	0
5755	0
5756	1
5757	0
5758	0
5759	1
5760	2
5761	1
5762	1
5763	2
5764	1
5765	0
5766	0
5767	0
5768	1
5769	0
5770	1
5771	0
5772	3
5773	0
5774	0
5775	0
5776	1
5777	1
5778	0
5779	1
5780	0
5781	0
5782	0
5783	0
5784	0
5785	0
5786	1
5787	0
5788	0
5789	0
5790	2
5791	0
5792	0
5793	0
5794	1
5795	0
5796	0
5797	0
5798	1
5799	1
5800	0
5801	2
5802	0
5803	0
5804	0
5805	2
5806	1
5807	1
5808	0
5809	1
5810	1
5811	0
5812	1
5813	0
5814	0
5815	0
5816	0
5817	1
5818	0
5819	0
5820	3
5821	0
5822	0
5823	0
5824	0
5825	2
5826	0
5827	0
5828	0
5829	1
5830	1
5831	0
5832	0
5833	0
5834	0
5835	0
5836	0
5837	1
5838	1
5839	1
5840	1
5841	0
5842	0
5843	0
5844	1
5845	0
5846	2
5847	0
5848	1
5849	0
5850	0
5851	1
5852	0
5853	0
5854	0
5855	1
5856	1
5857	2
5858	0
5859	1
5860	0
5861	0
5862	0
5863	0
5864	1
5865	1
5866	0
5867	2
5868	3
5869	1
5870	0
5871	1
5872	0
5873	0
5874	1
5875	1
5876	0
5877	0
5878	0
5879	2
5880	0
5881	0
5882	0
5883	0
5884	1
5885	2
5886	0
5887	0
5888	0
5889	1
5890	0
5891	0
5892	0
5893	1
5894	0
5895	0
5896	0
5897	0
5898	0
5899	0
5900	0
5901	0
5902	1
5903	0
5904	0
5905	0
5906	1
5907	1
5908	0
5909	1
5910	0
5911	1
5912	0
5913	1
5914	1
5915	0
5916	1
5917	0
5918	0
5919	1
5920	0
5921	0
5922	0
5923	0
5924	0
5925	2
5926	1
5927	0
5928	2
5929	1
5930	0
5931	0
5932	2
5933	0
5934	0
5935	2
5936	1
5937	0
5938	0
5939	0
5940	1
5941	1
5942	0
5943	0
5944	0
5945	1
5946	1
5947	0
5948	1
5949	0
5950	1
5951	0
5952	0
5953	0
5954	2
5955	0
5956	2
5957	0
5958	0
5959	1
5960	1
5961	0
5962	0
5963	0
5964	0
5965	0
5966	0
5967	1
5968	0
5969	1
5970	0
5971	0
5972	0
5973	1
5974	0
5975	0
5976	0
5977	1
5978	0
5979	0
5980	0
5981	1
5982	0
5983	0
5984	0
5985	0
5986	0
5987	1
5988	1
5989	3
5990	0
5991	0
5992	2
5993	2
5994	0
5995	0
5996	0
5997	2
5998	0
5999	0
6000	1
6001	1
6002	0
6003	0
6004	3
6005	0
6006	1
6007	0
6008	0
6009	0
6010	2
6011	0
6012	0
6013	0
6014	0
6015	1
6016	0
6017	0
6018	0
6019	0
6020	0
6021	0
6022	0
6023	1
6024	0
6025	0
6026	1
6027	1
6028	0
6029	0
6030	0
6031	0
6032	0
6033	0
6034	0
6035	1
6036	0
6037	1
6038	2
6039	0
6040	0
6041	0
6042	1
6043	0
6044	1
6045	0
6046	0
6047	3
6048	2
6049	1
6050	0
6051	1
6052	1
6053	0
6054	1
6055	0
6056	1
6057	0
6058	0
6059	1
6060	0
6061	0
6062	0
6063	1
6064	0
6065	0
6066	1
6067	1
6068	2
6069	1
6070	0
6071	0
6072	1
6073	1
6074	1
6075	0
6076	1
6077	0
6078	1
6079	0
6080	1
6081	1
6082	0
6083	0
6084	1
6085	2
6086	0
6087	0
6088	0
6089	0
6090	0
6091	0
6092	0
6093	0
6094	1
6095	1
6096	0
6097	1
6098	2
6099	0
6100	0
6101	1
6102	0
6103	1
6104	1
6105	0
6106	0
6107	0
6108	1
6109	1
6110	1
6111	1
6112	1
6113	0
6114	0
6115	0
6116	2
6117	0
6118	1
6119	0
6120	0
6121	0
6122	0
6123	1
6124	0
6125	0
6126	1
6127	0
6128	2
6129	0
6130	1
6131	0
6132	0
6133	1
6134	2
6135	0
6136	1
6137	1
6138	0
6139	0
6140	1
6141	0
6142	0
6143	0
6144	0
6145	1
6146	2
6147	1
6148	0
6149	1
6150	0
6151	1
6152	0
6153	1
6154	0
6155	1
6156	0
6157	0
6158	0
6159	1
6160	0
6161	0
6162	0
6163	0
6164	1
6165	0
6166	0
6167	0
6168	0
6169	0
6170	1
6171	0
6172	1
6173	0
6174	0
6175	0
6176	0
6177	0
6178	2
6179	0
6180	0
6181	0
6182	0
6183	1
6184	0
6185	0
6186	1
6187	0
6188	0
6189	0
6190	0
6191	1
6192	0
6193	0
6194	0
6195	0
6196	0
6197	1
6198	1
6199	0
6200	0
6201	0
6202	1
6203	2
6204	0
6205	0
6206	0
6207	0
6208	0
6209	1
6210	0
6211	0
6212	1
6213	0
6214	2
6215	0
6216	0
6217	1
6218	0
6219	0
6220	0
6221	0
6222	0
6223	1
6224	0
6225	0
6226	0
6227	0
6228	0
6229	0
6230	0
6231	0
6232	1
6233	2
6234	0
6235	0
6236	1
6237	0
6238	0
6239	1
6240	0
6241	0
6242	0
6243	0
6244	1
6245	0
6246	0
6247	1
6248	0
6249	0
6250	1
6251	1
6252	0
6253	0
6254	1
6255	0
6256	0
6257	0
6258	0
6259	0
6260	0
6261	0
6262	1
6263	0
6264	0
6265	0
6266	0
6267	0
6268	0
6269	1
6270	1
6271	1
6272	1
6273	3
6274	1
6275	1
6276	0
6277	2
6278	1
6279	0
6280	0
6281	1
6282	1
6283	1
6284	0
6285	1
6286	0
6287	0
6288	2
6289	1
6290	0
6291	1
6292	0
6293	0
6294	1
6295	0
6296	0
6297	2
6298	2
6299	0
6300	1
6301	0
6302	0
6303	0
6304	0
6305	0
6306	2
6307	0
6308	0
6309	1
6310	1
6311	1
6312	0
6313	0
6314	0
6315	0
6316	0
6317	0
6318	1
6319	0
6320	0
6321	1
6322	0
6323	0
6324	1
6325	0
6326	0
6327	2
6328	0
6329	1
6330	0
6331	3
6332	0
6333	1
6334	0
6335	0
6336	1
6337	0
6338	0
6339	0
6340	0
6341	2
6342	0
6343	0
6344	2
6345	0
6346	1
6347	2
6348	0
6349	0
6350	0
6351	1
6352	0
6353	0
6354	0
6355	0
6356	0
6357	1
6358	0
6359	0
6360	0
6361	0
6362	1
6363	1
6364	4
6365	1
6366	1
6367	0
6368	0
6369	0
6370	0
6371	0
6372	0
6373	1
6374	1
6375	1
6376	0
6377	0
6378	1
6379	0
6380	1
6381	1
6382	0
6383	1
6384	1
6385	0
6386	0
6387	3
6388	2
6389	0
6390	0
6391	0
6392	0
6393	0
6394	1
6395	1
6396	0
6397	0
6398	0
6399	1
6400	0
6401	0
6402	0
6403	1
6404	0
6405	2
6406	0
6407	2
6408	1
6409	0
6410	1
6411	1
6412	0
6413	0
6414	0
6415	0
6416	0
6417	0
6418	1
6419	1
6420	0
6421	0
6422	0
6423	0
6424	0
6425	1
6426	0
6427	0
6428	1
6429	0
6430	0
6431	1
6432	0
6433	0
6434	0
6435	0
6436	2
6437	1
6438	0
6439	2
6440	0
6441	2
6442	0
6443	1
6444	1
6445	0
6446	0
6447	0
6448	0
6449	0
6450	0
6451	0
6452	0
6453	0
6454	2
6455	0
6456	0
6457	0
6458	0
6459	0
6460	0
6461	0
6462	1
6463	0
6464	1
6465	0
6466	0
6467	1
6468	0
6469	0
6470	0
6471	0
6472	1
6473	0
6474	1
6475	0
6476	1
6477	0
6478	0
6479	0
6480	0
6481	0
6482	0
6483	1
6484	0
6485	1
6486	0
6487	0
6488	1
6489	0
6490	3
6491	0
6492	0
6493	0
6494	1
6495	1
6496	1
6497	0
6498	0
6499	0
6500	0
6501	0
6502	1
6503	2
6504	1
6505	0
6506	0
6507	1
6508	1
6509	0
6510	2
6511	1
6512	0
6513	0
6514	1
6515	0
6516	1
6517	0
6518	0
6519	0
6520	0
6521	1
6522	0
6523	0
6524	1
6525	0
6526	1
6527	2
6528	1
6529	1
6530	1
6531	1
6532	0
6533	0
6534	0
6535	1
6536	0
6537	3
6538	0
6539	0
6540	0
6541	1
6542	1
6543	0
6544	0
6545	0
6546	0
6547	0
6548	0
6549	0
6550	0
6551	0
6552	1
6553	0
6554	0
6555	0
6556	1
6557	0
6558	0
6559	1
6560	1
6561	0
6562	1
6563	1
6564	1
6565	0
6566	0
6567	0
6568	1
6569	0
6570	0
6571	0
6572	0
6573	0
6574	0
6575	0
6576	1
6577	1
6578	0
6579	1
6580	0
6581	2
6582	0
6583	0
6584	2
6585	0
6586	1
6587	0
6588	0
6589	0
6590	0
6591	0
6592	2
6593	0
6594	1
6595	0
6596	2
6597	0
6598	1
6599	0
6600	0
6601	0
6602	0
6603	0
6604	1
6605	0
6606	1
6607	0
6608	0
6609	0
6610	0
6611	0
6612	0
6613	0
6614	0
6615	0
6616	0
6617	1
6618	0
6619	3
6620	0
6621	1
6622	0
6623	1
6624	0
6625	1
6626	0
6627	0
6628	0
6629	0
6630	1
6631	1
6632	0
6633	0
6634	1
6635	0
6636	0
6637	1
6638	0
6639	1
6640	0
6641	0
6642	0
6643	1
6644	1
6645	0
6646	0
6647	0
6648	1
6649	1
6650	0
6651	0
6652	0
6653	0
6654	0
6655	0
6656	2
6657	0
6658	0
6659	1
6660	0
6661	2
6662	0
6663	0
6664	2
6665	0
6666	1
6667	1
6668	1
6669	1
6670	0
6671	0
6672	0
6673	0
6674	0
6675	0
6676	0
6677	0
6678	0
6679	0
6680	0
6681	1
6682	0
6683	1
6684	2
6685	0
6686	0
6687	1
6688	0
6689	0
6690	0
6691	0
6692	1
6693	0
6694	0
6695	0
6696	0
6697	1
6698	1
6699	0
6700	0
6701	0
6702	0
6703	0
6704	0
6705	1
6706	1
6707	1
6708	2
6709	0
6710	0
6711	0
6712	0
6713	1
6714	0
6715	0
6716	1
6717	0
6718	0
6719	0
6720	2
6721	0
6722	0
6723	0
6724	0
6725	0
6726	0
6727	1
6728	1
6729	2
6730	2
6731	0
6732	1
6733	0
6734	1
6735	0
6736	0
6737	0
6738	0
6739	1
6740	0
6741	1
6742	0
6743	0
6744	0
6745	0
6746	1
6747	0
6748	0
6749	0
6750	1
6751	0
6752	1
6753	0
6754	2
6755	0
6756	0
6757	1
6758	1
6759	0
6760	0
6761	1
6762	0
6763	0
6764	0
6765	1
6766	0
6767	0
6768	1
6769	0
6770	0
6771	1
6772	0
6773	0
6774	1
6775	1
6776	0
6777	0
6778	0
6779	0
6780	1
6781	0
6782	1
6783	0
6784	1
6785	0
6786	0
6787	0
6788	1
6789	1
6790	0
6791	0
6792	0
6793	0
6794	1
6795	2
6796	1
6797	1
6798	0
6799	0
6800	0
6801	1
6802	0
6803	0
6804	0
6805	1
6806	0
6807	0
6808	0
6809	0
6810	0
6811	0
6812	0
6813	1
6814	0
6815	1
6816	0
6817	0
6818	0
6819	0
6820	0
6821	1
6822	0
6823	0
6824	0
6825	0
6826	1
6827	0
6828	0
6829	0
6830	0
6831	0
6832	0
6833	0
6834	1
6835	1
6836	0
6837	0
6838	0
6839	0
6840	1
6841	0
6842	0
6843	1
6844	0
6845	0
6846	0
6847	0
6848	0
6849	0
6850	1
6851	0
6852	0
6853	0
6854	1
6855	1
6856	0
6857	0
6858	0
6859	1
6860	0
6861	1
6862	0
6863	1
6864	0
6865	0
6866	1
6867	0
6868	0
6869	0
6870	1
6871	0
6872	2
6873	2
6874	1
6875	1
6876	0
6877	0
6878	2
6879	0
6880	0
6881	0
6882	1
6883	1
6884	0
6885	0
6886	0
6887	0
6888	1
6889	0
6890	0
6891	0
6892	0
6893	0
6894	0
6895	0
6896	1
6897	0
6898	1
6899	1
6900	0
6901	1
6902	1
6903	0
6904	2
6905	0
6906	0
6907	0
6908	0
6909	0
6910	2
6911	0
6912	0
6913	0
6914	0
6915	0
6916	3
6917	1
6918	0
6919	0
6920	0
6921	0
6922	0
6923	0
6924	1
6925	0
6926	0
6927	0
6928	1
6929	1
6930	0
6931	0
6932	1
6933	0
6934	1
6935	1
6936	0
6937	0
6938	1
6939	0
6940	0
6941	1
6942	0
6943	2
6944	0
6945	0
6946	3
6947	0
6948	0
6949	0
6950	0
6951	0
6952	2
6953	0
6954	1
6955	2
6956	0
6957	1
6958	1
6959	0
6960	1
6961	0
6962	1
6963	0
6964	1
6965	0
6966	1
6967	0
6968	0
6969	1
6970	0
6971	0
6972	1
6973	0
6974	0
6975	0
6976	1
6977	0
6978	2
6979	0
6980	0
6981	0
6982	0
6983	0
6984	0
6985	0
6986	1
6987	0
6988	0
6989	0
6990	0
6991	0
6992	0
6993	0
6994	0
6995	0
6996	0
6997	0
6998	0
6999	0
7000	0
7001	0
7002	0
7003	2
7004	0
7005	0
7006	1
7007	0
7008	0
7009	0
7010	0
7011	0
7012	0
7013	1
7014	0
7015	0
7016	0
7017	0
7018	0
7019	0
7020	0
7021	2
7022	0
7023	0
7024	0
7025	0
7026	0
7027	1
7028	0
7029	0
7030	1
7031	1
7032	0
7033	0
7034	0
7035	0
7036	0
7037	0
7038	0
7039	0
7040	0
7041	1
7042	1
7043	0
7044	0
7045	1
7046	0
7047	0
7048	0
7049	2
7050	2
7051	0
7052	0
7053	1
7054	0
7055	0
7056	0
7057	1
7058	2
7059	1
7060	0
7061	0
7062	1
7063	2
7064	0
7065	0
7066	0
7067	0
7068	0
7069	1
7070	0
7071	0
7072	0
7073	0
7074	0
7075	0
7076	2
7077	0
7078	0
7079	0
7080	0
7081	1
7082	2
7083	0
7084	1
7085	0
7086	0
7087	1
7088	1
7089	1
7090	0
7091	1
7092	0
7093	0
7094	0
7095	0
7096	0
7097	0
7098	0
7099	1
7100	2
7101	0
7102	0
7103	0
7104	0
7105	0
7106	1
7107	0
7108	0
7109	1
7110	0
7111	1
7112	1
7113	0
7114	1
7115	0
7116	1
7117	0
7118	0
7119	0
7120	0
7121	0
7122	1
7123	0
7124	0
7125	1
7126	0
7127	1
7128	0
7129	0
7130	0
7131	0
7132	0
7133	0
7134	0
7135	0
7136	1
7137	0
7138	0
7139	0
7140	0
7141	2
7142	0
7143	0
7144	0
7145	0
7146	1
7147	0
7148	0
7149	0
7150	0
7151	0
7152	1
7153	0
7154	0
7155	1
7156	0
7157	0
7158	2
7159	0
7160	0
7161	2
7162	0
7163	0
7164	0
7165	0
7166	0
7167	0
7168	0
7169	1
7170	0
7171	0
7172	0
7173	2
7174	0
7175	0
7176	0
7177	0
7178	1
7179	0
7180	0
7181	1
7182	0
7183	1
7184	0
7185	0
7186	1
7187	0
7188	0
7189	0
7190	0
7191	0
7192	0
7193	0
7194	0
7195	0
7196	0
7197	0
7198	0
7199	1
7200	1
7201	0
7202	0
7203	0
7204	0
7205	0
7206	0
7207	0
7208	0
7209	1
7210	0
7211	0
7212	2
7213	0
7214	0
7215	0
7216	0
7217	0
7218	0
7219	0
7220	2
7221	0
7222	1
7223	0
7224	0
7225	0
7226	0
7227	0
7228	0
7229	0
7230	0
7231	1
7232	0
7233	1
7234	0
7235	1
7236	0
7237	0
7238	0
7239	0
7240	0
7241	0
7242	2
7243	1
7244	0
7245	0
7246	0
7247	0
7248	0
7249	0
7250	0
7251	0
7252	0
7253	0
7254	1
7255	1
7256	0
7257	0
7258	0
7259	0
7260	0
7261	1
7262	0
7263	0
7264	0
7265	0
7266	0
7267	0
7268	0
7269	0
7270	1
7271	0
7272	0
7273	0
7274	0
7275	1
7276	0
7277	0
7278	1
7279	0
7280	0
7281	0
7282	1
7283	1
7284	0
7285	0
7286	0
7287	0
7288	1
7289	0
7290	1
7291	0
7292	0
7293	0
7294	0
7295	0
7296	0
7297	0
7298	0
7299	1
7300	2
7301	0
7302	1
7303	0
7304	0
7305	0
7306	0
7307	0
7308	0
7309	1
7310	2
7311	0
7312	1
7313	0
7314	0
7315	0
7316	0
7317	0
7318	0
7319	0
7320	1
7321	0
7322	2
7323	0
7324	0
7325	0
7326	0
7327	0
7328	1
7329	0
7330	1
7331	1
7332	0
7333	0
7334	0
7335	0
7336	0
7337	0
7338	1
7339	0
7340	0
7341	1
7342	1
7343	1
7344	0
7345	0
7346	2
7347	0
7348	0
7349	0
7350	0
7351	0
7352	0
7353	0
7354	0
7355	0
7356	1
7357	0
7358	0
7359	0
7360	0
7361	0
7362	0
7363	0
7364	0
7365	1
7366	1
7367	0
7368	1
7369	0
7370	0
7371	0
7372	0
7373	0
7374	1
7375	0
7376	0
7377	0
7378	0
7379	0
7380	1
7381	0
7382	0
7383	0
7384	0
7385	1
7386	0
7387	0
7388	0
7389	0
7390	1
7391	0
7392	0
7393	1
7394	0
7395	3
7396	0
7397	1
7398	0
7399	0
7400	0
7401	0
7402	0
7403	0
7404	0
7405	1
7406	0
7407	2
7408	0
7409	0
7410	0
7411	0
7412	0
7413	0
7414	0
7415	2
7416	0
7417	0
7418	0
7419	0
7420	0
7421	0
7422	0
7423	0
7424	0
7425	0
7426	0
7427	0
7428	0
7429	0
7430	1
7431	0
7432	0
7433	1
7434	0
7435	0
7436	0
7437	0
7438	2
7439	0
7440	0
7441	0
7442	1
7443	1
7444	1
7445	2
7446	0
7447	0
7448	0
7449	0
7450	0
7451	0
7452	0
7453	0
7454	0
7455	0
7456	0
7457	0
7458	0
7459	1
7460	0
7461	0
7462	2
7463	1
7464	1
7465	0
7466	0
7467	1
7468	0
7469	1
7470	0
7471	1
7472	1
7473	0
7474	0
7475	0
7476	0
7477	0
7478	0
7479	1
7480	2
7481	0
7482	1
7483	0
7484	0
7485	1
7486	0
7487	0
7488	2
7489	2
7490	0
7491	0
7492	2
7493	0
7494	1
7495	0
7496	1
7497	3
7498	0
7499	0
7500	0
7501	0
7502	0
7503	0
7504	1
7505	0
7506	1
7507	0
7508	0
7509	1
7510	0
7511	0
7512	0
7513	0
7514	0
7515	0
7516	0
7517	0
7518	0
7519	0
7520	0
7521	1
7522	0
7523	0
7524	0
7525	0
7526	0
7527	0
7528	1
7529	1
7530	0
7531	0
7532	1
7533	0
7534	1
7535	0
7536	1
7537	0
7538	0
7539	0
7540	0
7541	0
7542	0
7543	1
7544	0
7545	1
7546	0
7547	1
7548	0
7549	0
7550	0
7551	0
7552	0
7553	1
7554	1
7555	0
7556	0
7557	0
7558	1
7559	0
7560	1
7561	1
7562	0
7563	0
7564	0
7565	1
7566	0
7567	1
7568	0
7569	0
7570	0
7571	0
7572	0
7573	0
7574	0
7575	0
7576	1
7577	0
7578	0
7579	0
7580	0
7581	0
7582	0
7583	0
7584	0
7585	0
7586	1
7587	0
7588	0
7589	0
7590	0
7591	0
7592	0
7593	0
7594	1
7595	0
7596	0
7597	0
7598	0
7599	0
7600	0
7601	0
7602	0
7603	0
7604	0
7605	3
7606	1
7607	1
7608	0
7609	0
7610	0
7611	0
7612	0
7613	0
7614	1
7615	0
7616	0
7617	1
7618	0
7619	0
7620	0
7621	1
7622	1
7623	0
7624	0
7625	1
7626	0
7627	0
7628	1
7629	0
7630	1
7631	0
7632	1
7633	1
7634	0
7635	1
7636	1
7637	0
7638	0
7639	1
7640	0
7641	0
7642	0
7643	0
7644	1
7645	0
7646	1
7647	0
7648	0
7649	0
7650	1
7651	1
7652	0
7653	0
7654	0
7655	2
7656	0
7657	0
7658	0
7659	0
7660	1
7661	0
7662	0
7663	0
7664	0
7665	1
7666	0
7667	0
7668	1
7669	0
7670	0
7671	0
7672	0
7673	0
7674	0
7675	0
7676	1
7677	1
7678	0
7679	0
7680	0
7681	0
7682	1
7683	0
7684	0
7685	0
7686	0
7687	1
7688	0
7689	0
7690	0
7691	0
7692	0
7693	0
7694	0
7695	0
7696	0
7697	0
7698	0
7699	0
7700	0
7701	0
7702	0
7703	0
7704	1
7705	1
7706	1
7707	0
7708	0
7709	0
7710	0
7711	0
7712	0
7713	0
7714	0
7715	0
7716	0
7717	0
7718	0
7719	0
7720	0
7721	0
7722	0
7723	0
7724	0
7725	2
7726	0
7727	0
7728	0
7729	0
7730	0
7731	0
7732	1
7733	0
7734	0
7735	0
7736	1
7737	0
7738	0
7739	1
7740	0
7741	0
7742	0
7743	0
7744	0
7745	1
7746	0
7747	0
7748	1
7749	0
7750	1
7751	0
7752	0
7753	1
7754	0
7755	1
7756	2
7757	0
7758	1
7759	0
7760	1
7761	0
7762	0
7763	0
7764	1
7765	0
7766	0
7767	1
7768	0
7769	1
7770	0
7771	0
7772	2
7773	0
7774	0
7775	1
7776	0
7777	0
7778	0
7779	1
7780	0
7781	0
7782	0
7783	0
7784	0
7785	1
7786	0
7787	0
7788	1
7789	0
7790	0
7791	0
7792	0
7793	0
7794	1
7795	0
7796	0
7797	1
7798	1
7799	0
7800	0
7801	0
7802	0
7803	1
7804	0
7805	1
7806	0
7807	0
7808	0
7809	0
7810	0
7811	0
7812	0
7813	0
7814	1
7815	0
7816	0
7817	0
7818	0
7819	1
7820	1
7821	0
7822	0
7823	0
7824	1
7825	2
7826	1
7827	0
7828	0
7829	2
7830	1
7831	0
7832	0
7833	1
7834	0
7835	0
7836	0
7837	0
7838	0
7839	0
7840	0
7841	0
7842	0
7843	0
7844	0
7845	0
7846	0
7847	0
7848	0
7849	0
7850	0
7851	1
7852	0
7853	0
7854	1
7855	0
7856	0
7857	0
7858	1
7859	0
7860	0
7861	0
7862	0
7863	1
7864	0
7865	0
7866	0
7867	0
7868	0
7869	0
7870	1
7871	0
7872	0
7873	0
7874	0
7875	1
7876	0
7877	0
7878	0
7879	0
7880	0
7881	1
7882	0
7883	0
7884	0
7885	1
7886	1
7887	0
7888	0
7889	0
7890	0
7891	0
7892	1
7893	0
7894	1
7895	0
7896	0
7897	0
7898	0
7899	1
7900	0
7901	0
7902	0
7903	1
7904	0
7905	1
7906	0
7907	1
7908	1
7909	1
7910	0
7911	0
7912	0
7913	0
7914	0
7915	0
7916	2
7917	0
7918	0
7919	0
7920	1
7921	2
7922	0
7923	0
7924	0
7925	0
7926	0
7927	0
7928	0
7929	1
7930	0
7931	1
7932	0
7933	0
7934	1
7935	0
7936	0
7937	1
7938	0
7939	1
7940	0
7941	0
7942	0
7943	0
7944	0
7945	0
7946	0
7947	0
7948	1
7949	0
7950	1
7951	0
7952	0
7953	0
7954	0
7955	1
7956	0
7957	0
7958	1
7959	0
7960	0
7961	1
7962	0
7963	0
7964	0
7965	1
7966	0
7967	0
7968	1
7969	1
7970	1
7971	1
7972	0
7973	1
7974	0
7975	0
7976	0
7977	0
7978	0
7979	0
7980	1
7981	0
7982	0
7983	0
7984	1
7985	1
7986	0
7987	1
7988	1
7989	1
7990	0
7991	0
7992	1
7993	0
7994	0
7995	1
7996	0
7997	0
7998	0
7999	0
8000	0
8001	1
8002	1
8003	0
8004	1
8005	0
8006	0
8007	1
8008	0
8009	1
8010	0
8011	0
8012	1
8013	0
8014	0
8015	1
8016	0
8017	0
8018	1
8019	0
8020	0
8021	0
8022	0
8023	0
8024	0
8025	0
8026	0
8027	1
8028	0
8029	0
8030	0
8031	0
8032	0
8033	1
8034	1
8035	1
8036	1
8037	0
8038	0
8039	1
8040	0
8041	1
8042	1
8043	0
8044	0
8045	0
8046	0
8047	1
8048	0
8049	0
8050	2
8051	0
8052	0
8053	0
8054	1
8055	0
8056	0
8057	0
8058	0
8059	0
8060	1
8061	1
8062	0
8063	1
8064	1
8065	0
8066	0
8067	0
8068	0
8069	0
8070	0
8071	0
8072	0
8073	1
8074	0
8075	1
8076	0
8077	0
8078	0
8079	0
8080	0
8081	0
8082	0
8083	0
8084	0
8085	0
8086	0
8087	0
8088	0
8089	0
8090	0
8091	0
8092	0
8093	0
8094	0
8095	0
8096	0
8097	0
8098	0
8099	0
8100	0
8101	0
8102	0
8103	0
8104	0
8105	0
8106	0
8107	0
8108	0
8109	0
8110	0
8111	0
8112	0
8113	0
8114	0
8115	0
8116	0
8117	0
8118	0
8119	0
8120	0
8121	0
8122	0
8123	0
8124	0
8125	0
8126	0
8127	0
8128	0
8129	0
8130	0
8131	0
8132	0
8133	0
8134	0
8135	0
8136	0
8137	0
8138	0
8139	0
8140	0
8141	0
8142	0
8143	0
8144	0
8145	0
8146	0
8147	0
8148	0
8149	0
8150	0
8151	0
8152	0
8153	0
8154	0
8155	0
8156	0
8157	0
8158	0
8159	0
8160	0
8161	0
8162	0
8163	0
8164	0
8165	0
8166	0
8167	0
8168	0
8169	0
8170	0
8171	0
8172	0
8173	0
8174	0
8175	0
8176	0
8177	0
8178	0
8179	0
8180	0
8181	0
8182	0
8183	0
8184	0
8185	0
8186	0
8187	0
8188	0
8189	0
8190	0
8191	0
