0	0
1	0
2	0
3	0
4	0
5	0
6	0
7	0
8	0
9	0
10	0
11	0
12	0
13	0
14	0
15	0
16	0
17	0
18	0
19	0
20	0
21	0
22	0
23	0
24	0
25	0
26	0
27	0
28	0
29	0
30	0
31	0
32	0
33	0
34	0
35	0
36	0
37	0
38	0
39	0
40	0
41	0
42	0
43	0
44	0
45	0
46	0
47	0
48	0
49	0
50	0
51	0
52	0
53	0
54	0
55	0
56	0
57	0
58	0
59	0
60	0
61	0
62	0
63	0
64	0
65	0
66	0
67	0
68	0
69	0
70	0
71	0
72	0
73	0
74	0
75	0
76	0
77	0
78	0
79	0
80	0
81	0
82	0
83	0
84	1
85	0
86	2
87	8
88	11
89	10
90	12
91	5
92	13
93	11
94	12
95	10
96	9
97	8
98	9
99	10
100	11
101	10
102	5
103	15
104	8
105	10
106	10
107	7
108	13
109	7
110	12
111	9
112	8
113	11
114	10
115	8
116	14
117	15
118	10
119	11
120	5
121	8
122	7
123	7
124	13
125	16
126	7
127	14
128	14
129	5
130	5
131	9
132	5
133	8
134	8
135	12
136	12
137	8
138	11
139	6
140	16
141	11
142	10
143	10
144	9
145	10
146	8
147	6
148	12
149	7
150	5
151	9
152	7
153	10
154	12
155	12
156	8
157	11
158	11
159	16
160	8
161	7
162	15
163	13
164	15
165	11
166	15
167	8
168	9
169	7
170	9
171	11
172	12
173	5
174	15
175	13
176	10
177	12
178	10
179	13
180	13
181	10
182	5
183	13
184	17
185	9
186	13
187	4
188	9
189	8
190	7
191	12
192	12
193	10
194	9
195	10
196	6
197	9
198	10
199	8
200	11
201	5
202	9
203	10
204	12
205	6
206	9
207	5
208	11
209	11
210	14
211	15
212	9
213	13
214	9
215	7
216	12
217	7
218	6
219	7
220	8
221	16
222	10
223	11
224	9
225	13
226	7
227	18
228	15
229	6
230	13
231	11
232	11
233	14
234	14
235	10
236	3
237	13
238	11
239	8
240	17
241	13
242	12
243	12
244	9
245	10
246	11
247	15
248	11
249	10
250	14
251	15
252	11
253	6
254	8
255	10
256	8
257	10
258	16
259	12
260	12
261	15
262	9
263	13
264	10
265	10
266	4
267	9
268	9
269	12
270	6
271	10
272	7
273	5
274	9
275	6
276	16
277	15
278	10
279	10
280	12
281	14
282	7
283	14
284	6
285	12
286	14
287	7
288	9
289	11
290	17
291	12
292	10
293	13
294	11
295	9
296	8
297	10
298	7
299	11
300	12
301	12
302	12
303	6
304	9
305	16
306	8
307	6
308	13
309	5
310	13
311	7
312	10
313	15
314	9
315	9
316	5
317	15
318	10
319	10
320	5
321	11
322	16
323	7
324	25
325	10
326	9
327	18
328	14
329	7
330	9
331	12
332	12
333	12
334	16
335	9
336	10
337	9
338	10
339	6
340	9
341	7
342	10
343	15
344	10
345	17
346	12
347	15
348	22
349	15
350	8
351	11
352	11
353	10
354	14
355	9
356	12
357	11
358	10
359	15
360	10
361	14
362	23
363	16
364	12
365	17
366	16
367	9
368	12
369	15
370	13
371	9
372	14
373	15
374	11
375	14
376	12
377	7
378	15
379	10
380	18
381	12
382	9
383	14
384	13
385	15
386	9
387	13
388	9
389	10
390	13
391	11
392	10
393	10
394	15
395	16
396	9
397	5
398	11
399	8
400	10
401	8
402	10
403	9
404	9
405	16
406	10
407	15
408	12
409	15
410	12
411	14
412	12
413	16
414	14
415	16
416	17
417	13
418	17
419	10
420	15
421	12
422	14
423	9
424	10
425	14
426	12
427	14
428	15
429	11
430	10
431	10
432	16
433	8
434	11
435	10
436	11
437	15
438	15
439	15
440	18
441	12
442	12
443	7
444	16
445	13
446	13
447	8
448	17
449	8
450	13
451	9
452	21
453	10
454	21
455	19
456	9
457	14
458	9
459	14
460	13
461	10
462	10
463	10
464	17
465	17
466	14
467	17
468	10
469	10
470	16
471	14
472	16
473	15
474	16
475	13
476	11
477	17
478	12
479	16
480	9
481	16
482	15
483	20
484	13
485	9
486	8
487	16
488	14
489	11
490	14
491	18
492	11
493	11
494	14
495	16
496	12
497	16
498	9
499	12
500	12
501	9
502	14
503	16
504	23
505	12
506	16
507	14
508	15
509	16
510	16
511	15
512	14
513	12
514	19
515	16
516	12
517	11
518	13
519	14
520	16
521	6
522	22
523	17
524	14
525	19
526	22
527	24
528	10
529	13
530	19
531	21
532	15
533	19
534	16
535	20
536	10
537	15
538	17
539	21
540	14
541	13
542	25
543	13
544	18
545	20
546	15
547	24
548	19
549	20
550	17
551	18
552	18
553	16
554	22
555	23
556	18
557	16
558	14
559	17
560	21
561	28
562	18
563	11
564	21
565	23
566	31
567	27
568	22
569	25
570	19
571	24
572	29
573	22
574	21
575	24
576	26
577	20
578	14
579	22
580	23
581	27
582	18
583	25
584	28
585	25
586	24
587	14
588	26
589	28
590	21
591	30
592	33
593	28
594	33
595	22
596	18
597	26
598	32
599	28
600	29
601	19
602	30
603	25
604	24
605	38
606	28
607	16
608	25
609	14
610	27
611	13
612	28
613	23
614	22
615	16
616	20
617	17
618	25
619	20
620	13
621	22
622	17
623	22
624	27
625	21
626	18
627	24
628	21
629	27
630	21
631	11
632	14
633	18
634	15
635	15
636	22
637	19
638	29
639	23
640	24
641	22
642	16
643	23
644	27
645	20
646	18
647	17
648	12
649	23
650	28
651	22
652	18
653	25
654	25
655	25
656	22
657	21
658	17
659	24
660	25
661	14
662	21
663	18
664	16
665	19
666	16
667	27
668	18
669	17
670	17
671	23
672	16
673	11
674	25
675	25
676	19
677	23
678	23
679	18
680	13
681	25
682	22
683	16
684	27
685	12
686	20
687	22
688	22
689	17
690	22
691	20
692	21
693	25
694	21
695	25
696	20
697	22
698	20
699	29
700	17
701	17
702	20
703	12
704	16
705	12
706	22
707	16
708	16
709	18
710	12
711	16
712	12
713	10
714	14
715	17
716	25
717	11
718	20
719	16
720	24
721	19
722	20
723	17
724	23
725	20
726	19
727	21
728	16
729	20
730	20
731	21
732	14
733	20
734	23
735	13
736	17
737	13
738	12
739	15
740	17
741	17
742	20
743	20
744	13
745	16
746	12
747	16
748	16
749	15
750	21
751	8
752	19
753	23
754	17
755	24
756	18
757	20
758	17
759	8
760	20
761	23
762	17
763	16
764	22
765	16
766	13
767	10
768	18
769	21
770	24
771	23
772	13
773	20
774	18
775	18
776	27
777	19
778	22
779	20
780	19
781	20
782	17
783	18
784	19
785	14
786	11
787	12
788	26
789	15
790	16
791	14
792	15
793	20
794	20
795	20
796	9
797	14
798	20
799	29
800	13
801	14
802	15
803	13
804	24
805	16
806	11
807	17
808	21
809	27
810	20
811	8
812	17
813	18
814	19
815	18
816	24
817	17
818	21
819	19
820	22
821	21
822	24
823	27
824	17
825	16
826	19
827	22
828	21
829	20
830	26
831	15
832	13
833	20
834	17
835	16
836	24
837	23
838	8
839	17
840	22
841	16
842	26
843	22
844	22
845	20
846	19
847	22
848	22
849	11
850	14
851	18
852	18
853	21
854	18
855	30
856	19
857	16
858	15
859	23
860	23
861	15
862	18
863	23
864	13
865	21
866	17
867	13
868	23
869	23
870	20
871	18
872	15
873	16
874	27
875	20
876	20
877	23
878	22
879	22
880	24
881	22
882	17
883	20
884	20
885	37
886	16
887	35
888	18
889	23
890	26
891	26
892	21
893	24
894	20
895	29
896	16
897	21
898	26
899	18
900	19
901	23
902	24
903	21
904	21
905	21
906	18
907	18
908	23
909	22
910	21
911	28
912	27
913	20
914	27
915	17
916	23
917	22
918	28
919	20
920	18
921	20
922	24
923	23
924	24
925	24
926	25
927	14
928	19
929	18
930	24
931	18
932	13
933	29
934	27
935	26
936	18
937	31
938	26
939	27
940	19
941	18
942	19
943	32
944	15
945	16
946	24
947	24
948	20
949	25
950	25
951	22
952	15
953	16
954	26
955	25
956	17
957	27
958	15
959	21
960	27
961	26
962	19
963	26
964	17
965	29
966	18
967	28
968	28
969	23
970	21
971	24
972	22
973	28
974	29
975	23
976	26
977	29
978	23
979	21
980	30
981	17
982	21
983	19
984	28
985	23
986	25
987	23
988	26
989	24
990	23
991	20
992	34
993	25
994	30
995	28
996	26
997	21
998	29
999	25
1000	29
1001	28
1002	33
1003	21
1004	31
1005	19
1006	18
1007	20
1008	24
1009	23
1010	18
1011	24
1012	20
1013	28
1014	31
1015	20
1016	31
1017	27
1018	23
1019	22
1020	23
1021	27
1022	19
1023	31
1024	28
1025	27
1026	27
1027	21
1028	20
1029	19
1030	25
1031	35
1032	22
1033	27
1034	27
1035	21
1036	18
1037	32
1038	24
1039	27
1040	29
1041	23
1042	30
1043	37
1044	34
1045	19
1046	26
1047	20
1048	22
1049	30
1050	21
1051	20
1052	21
1053	32
1054	29
1055	28
1056	22
1057	27
1058	24
1059	23
1060	30
1061	20
1062	20
1063	24
1064	19
1065	36
1066	31
1067	30
1068	20
1069	28
1070	34
1071	27
1072	22
1073	23
1074	25
1075	22
1076	25
1077	25
1078	22
1079	16
1080	22
1081	29
1082	17
1083	26
1084	22
1085	25
1086	26
1087	24
1088	32
1089	24
1090	21
1091	28
1092	23
1093	14
1094	25
1095	20
1096	28
1097	30
1098	23
1099	23
1100	29
1101	35
1102	23
1103	30
1104	32
1105	29
1106	28
1107	24
1108	28
1109	27
1110	25
1111	30
1112	31
1113	28
1114	26
1115	26
1116	29
1117	24
1118	36
1119	20
1120	33
1121	29
1122	28
1123	30
1124	30
1125	34
1126	30
1127	23
1128	16
1129	27
1130	27
1131	19
1132	25
1133	35
1134	29
1135	28
1136	32
1137	25
1138	17
1139	19
1140	26
1141	24
1142	26
1143	25
1144	25
1145	37
1146	26
1147	33
1148	28
1149	33
1150	30
1151	21
1152	32
1153	27
1154	32
1155	20
1156	31
1157	23
1158	20
1159	22
1160	22
1161	32
1162	34
1163	32
1164	21
1165	20
1166	25
1167	28
1168	34
1169	27
1170	23
1171	31
1172	24
1173	33
1174	34
1175	33
1176	30
1177	39
1178	22
1179	37
1180	20
1181	32
1182	24
1183	31
1184	35
1185	23
1186	25
1187	23
1188	33
1189	34
1190	15
1191	33
1192	26
1193	29
1194	29
1195	18
1196	31
1197	22
1198	24
1199	30
1200	23
1201	26
1202	15
1203	22
1204	35
1205	20
1206	22
1207	24
1208	24
1209	29
1210	30
1211	33
1212	30
1213	22
1214	34
1215	23
1216	21
1217	29
1218	31
1219	27
1220	28
1221	26
1222	36
1223	26
1224	47
1225	26
1226	29
1227	29
1228	25
1229	32
1230	30
1231	29
1232	30
1233	27
1234	29
1235	27
1236	35
1237	32
1238	19
1239	27
1240	29
1241	32
1242	34
1243	25
1244	26
1245	25
1246	29
1247	29
1248	25
1249	35
1250	26
1251	35
1252	26
1253	39
1254	30
1255	34
1256	24
1257	22
1258	29
1259	32
1260	22
1261	27
1262	34
1263	32
1264	24
1265	31
1266	29
1267	26
1268	23
1269	28
1270	28
1271	33
1272	30
1273	26
1274	34
1275	28
1276	18
1277	23
1278	29
1279	28
1280	29
1281	18
1282	21
1283	25
1284	44
1285	27
1286	27
1287	36
1288	27
1289	21
1290	29
1291	26
1292	28
1293	30
1294	26
1295	31
1296	29
1297	31
1298	30
1299	26
1300	28
1301	29
1302	30
1303	21
1304	21
1305	25
1306	24
1307	31
1308	33
1309	22
1310	36
1311	20
1312	21
1313	25
1314	31
1315	25
1316	28
1317	32
1318	30
1319	30
1320	21
1321	25
1322	35
1323	26
1324	25
1325	28
1326	29
1327	29
1328	31
1329	23
1330	31
1331	25
1332	39
1333	35
1334	40
1335	31
1336	21
1337	26
1338	28
1339	28
1340	26
1341	31
1342	31
1343	26
1344	28
1345	29
1346	33
1347	31
1348	27
1349	42
1350	27
1351	21
1352	37
1353	33
1354	23
1355	22
1356	25
1357	27
1358	38
1359	28
1360	33
1361	34
1362	26
1363	33
1364	25
1365	34
1366	29
1367	34
1368	44
1369	27
1370	43
1371	32
1372	36
1373	28
1374	29
1375	29
1376	26
1377	27
1378	27
1379	30
1380	35
1381	40
1382	34
1383	25
1384	34
1385	29
1386	30
1387	29
1388	27
1389	30
1390	23
1391	31
1392	24
1393	24
1394	35
1395	32
1396	27
1397	36
1398	30
1399	29
1400	26
1401	21
1402	28
1403	32
1404	32
1405	21
1406	29
1407	31
1408	31
1409	24
1410	42
1411	35
1412	29
1413	30
1414	34
1415	26
1416	23
1417	22
1418	34
1419	21
1420	33
1421	39
1422	31
1423	26
1424	31
1425	31
1426	34
1427	40
1428	26
1429	32
1430	25
1431	26
1432	32
1433	34
1434	28
1435	35
1436	30
1437	25
1438	37
1439	29
1440	38
1441	42
1442	36
1443	25
1444	39
1445	24
1446	40
1447	38
1448	31
1449	38
1450	26
1451	36
1452	31
1453	46
1454	31
1455	34
1456	28
1457	24
1458	25
1459	25
1460	30
1461	27
1462	24
1463	19
1464	33
1465	26
1466	49
1467	32
1468	20
1469	22
1470	30
1471	25
1472	35
1473	26
1474	39
1475	25
1476	31
1477	33
1478	29
1479	43
1480	31
1481	27
1482	36
1483	30
1484	26
1485	33
1486	32
1487	35
1488	28
1489	28
1490	29
1491	38
1492	40
1493	44
1494	40
1495	32
1496	35
1497	35
1498	27
1499	43
1500	28
1501	34
1502	30
1503	36
1504	34
1505	34
1506	23
1507	25
1508	30
1509	31
1510	27
1511	37
1512	31
1513	36
1514	37
1515	25
1516	29
1517	28
1518	43
1519	31
1520	15
1521	37
1522	25
1523	27
1524	32
1525	31
1526	29
1527	38
1528	33
1529	33
1530	46
1531	36
1532	32
1533	33
1534	37
1535	43
1536	32
1537	39
1538	36
1539	28
1540	34
1541	23
1542	23
1543	29
1544	32
1545	41
1546	33
1547	38
1548	31
1549	29
1550	24
1551	29
1552	38
1553	38
1554	35
1555	35
1556	30
1557	27
1558	30
1559	47
1560	39
1561	35
1562	33
1563	37
1564	41
1565	28
1566	45
1567	31
1568	28
1569	26
1570	27
1571	35
1572	40
1573	36
1574	40
1575	38
1576	31
1577	35
1578	22
1579	24
1580	36
1581	27
1582	38
1583	31
1584	26
1585	31
1586	33
1587	24
1588	37
1589	31
1590	41
1591	31
1592	34
1593	37
1594	31
1595	43
1596	23
1597	21
1598	49
1599	26
1600	33
1601	39
1602	31
1603	30
1604	34
1605	43
1606	32
1607	21
1608	34
1609	36
1610	20
1611	33
1612	21
1613	26
1614	28
1615	28
1616	30
1617	36
1618	20
1619	37
1620	31
1621	37
1622	20
1623	32
1624	29
1625	29
1626	37
1627	28
1628	32
1629	31
1630	35
1631	28
1632	25
1633	36
1634	37
1635	30
1636	29
1637	23
1638	24
1639	31
1640	30
1641	35
1642	29
1643	25
1644	33
1645	33
1646	25
1647	29
1648	33
1649	27
1650	24
1651	35
1652	28
1653	37
1654	35
1655	26
1656	30
1657	27
1658	26
1659	28
1660	26
1661	20
1662	25
1663	23
1664	30
1665	30
1666	21
1667	15
1668	31
1669	27
1670	24
1671	27
1672	36
1673	25
1674	35
1675	33
1676	32
1677	32
1678	25
1679	21
1680	28
1681	28
1682	38
1683	33
1684	36
1685	33
1686	22
1687	29
1688	31
1689	27
1690	30
1691	35
1692	33
1693	24
1694	28
1695	26
1696	23
1697	25
1698	32
1699	24
1700	27
1701	27
1702	22
1703	26
1704	26
1705	20
1706	28
1707	24
1708	27
1709	31
1710	34
1711	23
1712	24
1713	23
1714	29
1715	19
1716	18
1717	21
1718	25
1719	31
1720	30
1721	22
1722	29
1723	28
1724	22
1725	26
1726	24
1727	28
1728	31
1729	24
1730	31
1731	31
1732	23
1733	26
1734	26
1735	25
1736	27
1737	24
1738	22
1739	27
1740	28
1741	27
1742	24
1743	24
1744	25
1745	18
1746	21
1747	24
1748	28
1749	16
1750	25
1751	23
1752	22
1753	30
1754	25
1755	32
1756	23
1757	31
1758	27
1759	20
1760	21
1761	20
1762	39
1763	26
1764	25
1765	26
1766	29
1767	26
1768	23
1769	23
1770	21
1771	20
1772	18
1773	25
1774	23
1775	22
1776	11
1777	24
1778	24
1779	23
1780	25
1781	18
1782	20
1783	23
1784	17
1785	28
1786	19
1787	25
1788	23
1789	19
1790	17
1791	20
1792	20
1793	21
1794	20
1795	22
1796	31
1797	26
1798	23
1799	22
1800	14
1801	21
1802	29
1803	22
1804	15
1805	17
1806	24
1807	28
1808	23
1809	24
1810	25
1811	23
1812	18
1813	22
1814	19
1815	21
1816	27
1817	18
1818	27
1819	16
1820	20
1821	21
1822	23
1823	22
1824	32
1825	29
1826	19
1827	21
1828	20
1829	24
1830	16
1831	13
1832	24
1833	18
1834	19
1835	19
1836	29
1837	27
1838	17
1839	15
1840	22
1841	24
1842	31
1843	23
1844	17
1845	23
1846	28
1847	21
1848	26
1849	17
1850	27
1851	28
1852	28
1853	19
1854	20
1855	23
1856	19
1857	15
1858	19
1859	24
1860	16
1861	25
1862	26
1863	24
1864	26
1865	22
1866	20
1867	18
1868	27
1869	17
1870	19
1871	28
1872	20
1873	15
1874	19
1875	21
1876	24
1877	16
1878	23
1879	21
1880	25
1881	26
1882	19
1883	24
1884	14
1885	20
1886	22
1887	21
1888	18
1889	20
1890	19
1891	27
1892	29
1893	19
1894	20
1895	19
1896	24
1897	29
1898	25
1899	16
1900	21
1901	16
1902	14
1903	19
1904	22
1905	19
1906	20
1907	23
1908	20
1909	17
1910	23
1911	17
1912	21
1913	21
1914	19
1915	15
1916	21
1917	15
1918	19
1919	16
1920	19
1921	37
1922	18
1923	14
1924	20
1925	19
1926	25
1927	26
1928	20
1929	24
1930	15
1931	22
1932	18
1933	16
1934	33
1935	21
1936	17
1937	17
1938	21
1939	21
1940	32
1941	21
1942	15
1943	29
1944	25
1945	20
1946	17
1947	28
1948	18
1949	21
1950	13
1951	22
1952	22
1953	23
1954	14
1955	20
1956	14
1957	16
1958	25
1959	26
1960	20
1961	22
1962	20
1963	19
1964	20
1965	20
1966	34
1967	27
1968	21
1969	21
1970	22
1971	22
1972	30
1973	20
1974	21
1975	20
1976	21
1977	22
1978	23
1979	27
1980	18
1981	20
1982	16
1983	19
1984	22
1985	17
1986	23
1987	16
1988	19
1989	24
1990	15
1991	21
1992	27
1993	18
1994	16
1995	22
1996	23
1997	24
1998	23
1999	24
2000	31
2001	23
2002	17
2003	17
2004	23
2005	15
2006	13
2007	22
2008	32
2009	17
2010	15
2011	20
2012	24
2013	24
2014	23
2015	19
2016	23
2017	15
2018	25
2019	20
2020	22
2021	31
2022	25
2023	22
2024	23
2025	19
2026	18
2027	23
2028	13
2029	19
2030	21
2031	18
2032	24
2033	30
2034	24
2035	23
2036	19
2037	27
2038	25
2039	19
2040	21
2041	21
2042	33
2043	20
2044	20
2045	32
2046	28
2047	26
2048	22
2049	22
2050	16
2051	24
2052	20
2053	15
2054	19
2055	26
2056	31
2057	23
2058	27
2059	28
2060	22
2061	30
2062	37
2063	23
2064	25
2065	23
2066	35
2067	19
2068	27
2069	25
2070	35
2071	26
2072	30
2073	33
2074	24
2075	28
2076	30
2077	28
2078	25
2079	35
2080	16
2081	21
2082	17
2083	21
2084	22
2085	28
2086	22
2087	20
2088	22
2089	28
2090	15
2091	16
2092	19
2093	24
2094	24
2095	28
2096	32
2097	26
2098	33
2099	27
2100	35
2101	33
2102	22
2103	22
2104	21
2105	29
2106	24
2107	30
2108	24
2109	26
2110	22
2111	34
2112	17
2113	22
2114	26
2115	26
2116	20
2117	26
2118	38
2119	36
2120	24
2121	31
2122	23
2123	37
2124	25
2125	35
2126	38
2127	27
2128	30
2129	19
2130	38
2131	32
2132	31
2133	27
2134	27
2135	27
2136	28
2137	37
2138	27
2139	30
2140	31
2141	26
2142	31
2143	21
2144	22
2145	29
2146	34
2147	36
2148	25
2149	28
2150	36
2151	19
2152	29
2153	35
2154	31
2155	28
2156	24
2157	33
2158	38
2159	34
2160	36
2161	32
2162	29
2163	25
2164	33
2165	27
2166	29
2167	30
2168	33
2169	37
2170	29
2171	32
2172	35
2173	36
2174	37
2175	29
2176	27
2177	30
2178	30
2179	25
2180	27
2181	45
2182	33
2183	33
2184	39
2185	28
2186	28
2187	44
2188	23
2189	27
2190	37
2191	38
2192	28
2193	27
2194	31
2195	25
2196	30
2197	27
2198	39
2199	27
2200	29
2201	21
2202	35
2203	24
2204	27
2205	31
2206	30
2207	27
2208	35
2209	32
2210	29
2211	45
2212	32
2213	24
2214	27
2215	35
2216	25
2217	34
2218	33
2219	23
2220	34
2221	34
2222	25
2223	32
2224	22
2225	33
2226	38
2227	29
2228	23
2229	36
2230	29
2231	33
2232	36
2233	31
2234	38
2235	26
2236	37
2237	28
2238	30
2239	31
2240	42
2241	32
2242	28
2243	30
2244	32
2245	25
2246	37
2247	33
2248	36
2249	25
2250	34
2251	18
2252	39
2253	25
2254	33
2255	31
2256	29
2257	38
2258	29
2259	36
2260	23
2261	37
2262	32
2263	35
2264	30
2265	28
2266	36
2267	40
2268	38
2269	27
2270	35
2271	33
2272	31
2273	35
2274	25
2275	32
2276	21
2277	33
2278	28
2279	30
2280	37
2281	39
2282	26
2283	33
2284	28
2285	40
2286	33
2287	30
2288	24
2289	29
2290	33
2291	26
2292	23
2293	43
2294	42
2295	35
2296	34
2297	27
2298	18
2299	23
2300	29
2301	26
2302	30
2303	25
2304	31
2305	35
2306	34
2307	33
2308	24
2309	31
2310	34
2311	32
2312	22
2313	23
2314	24
2315	24
2316	23
2317	27
2318	16
2319	29
2320	33
2321	22
2322	33
2323	28
2324	27
2325	24
2326	31
2327	28
2328	20
2329	26
2330	30
2331	19
2332	25
2333	27
2334	29
2335	33
2336	29
2337	23
2338	33
2339	31
2340	40
2341	28
2342	22
2343	30
2344	21
2345	19
2346	22
2347	30
2348	19
2349	27
2350	29
2351	31
2352	28
2353	30
2354	29
2355	29
2356	30
2357	24
2358	24
2359	28
2360	30
2361	20
2362	34
2363	24
2364	27
2365	26
2366	28
2367	29
2368	25
2369	29
2370	22
2371	32
2372	25
2373	20
2374	18
2375	20
2376	25
2377	25
2378	17
2379	29
2380	23
2381	17
2382	35
2383	26
2384	16
2385	19
2386	25
2387	21
2388	26
2389	26
2390	18
2391	21
2392	22
2393	28
2394	14
2395	17
2396	21
2397	30
2398	25
2399	17
2400	28
2401	21
2402	9
2403	27
2404	25
2405	24
2406	13
2407	21
2408	28
2409	27
2410	22
2411	17
2412	26
2413	22
2414	23
2415	16
2416	26
2417	20
2418	17
2419	25
2420	16
2421	18
2422	22
2423	30
2424	22
2425	15
2426	24
2427	21
2428	16
2429	21
2430	15
2431	23
2432	19
2433	19
2434	20
2435	15
2436	29
2437	25
2438	30
2439	24
2440	23
2441	20
2442	18
2443	19
2444	16
2445	19
2446	25
2447	21
2448	17
2449	17
2450	15
2451	15
2452	18
2453	14
2454	22
2455	22
2456	23
2457	20
2458	17
2459	24
2460	18
2461	24
2462	24
2463	18
2464	17
2465	19
2466	11
2467	11
2468	20
2469	9
2470	15
2471	18
2472	26
2473	15
2474	16
2475	20
2476	21
2477	13
2478	21
2479	20
2480	29
2481	20
2482	10
2483	18
2484	16
2485	21
2486	23
2487	19
2488	19
2489	18
2490	15
2491	15
2492	18
2493	22
2494	15
2495	10
2496	10
2497	14
2498	12
2499	12
2500	16
2501	10
2502	20
2503	22
2504	17
2505	18
2506	10
2507	17
2508	18
2509	17
2510	12
2511	21
2512	14
2513	20
2514	21
2515	10
2516	18
2517	17
2518	15
2519	15
2520	10
2521	27
2522	19
2523	17
2524	16
2525	16
2526	20
2527	14
2528	11
2529	15
2530	18
2531	20
2532	17
2533	15
2534	12
2535	12
2536	13
2537	11
2538	17
2539	16
2540	11
2541	17
2542	9
2543	16
2544	9
2545	15
2546	23
2547	7
2548	14
2549	17
2550	11
2551	7
2552	7
2553	13
2554	15
2555	21
2556	17
2557	16
2558	18
2559	19
2560	17
2561	14
2562	12
2563	12
2564	21
2565	12
2566	18
2567	16
2568	15
2569	13
2570	14
2571	19
2572	15
2573	14
2574	10
2575	13
2576	17
2577	15
2578	16
2579	13
2580	21
2581	19
2582	14
2583	10
2584	13
2585	16
2586	23
2587	15
2588	15
2589	9
2590	17
2591	9
2592	21
2593	13
2594	15
2595	21
2596	12
2597	12
2598	16
2599	12
2600	15
2601	14
2602	14
2603	23
2604	11
2605	17
2606	15
2607	18
2608	12
2609	6
2610	13
2611	16
2612	10
2613	11
2614	11
2615	12
2616	16
2617	12
2618	11
2619	21
2620	12
2621	12
2622	13
2623	16
2624	17
2625	11
2626	15
2627	13
2628	12
2629	8
2630	12
2631	9
2632	5
2633	7
2634	11
2635	12
2636	10
2637	14
2638	16
2639	10
2640	19
2641	11
2642	12
2643	16
2644	17
2645	15
2646	7
2647	15
2648	16
2649	13
2650	12
2651	16
2652	16
2653	12
2654	9
2655	6
2656	9
2657	20
2658	9
2659	21
2660	14
2661	9
2662	18
2663	14
2664	11
2665	9
2666	9
2667	16
2668	7
2669	11
2670	10
2671	9
2672	8
2673	15
2674	10
2675	11
2676	15
2677	13
2678	16
2679	8
2680	13
2681	8
2682	4
2683	15
2684	7
2685	14
2686	13
2687	19
2688	12
2689	8
2690	8
2691	12
2692	10
2693	8
2694	19
2695	9
2696	16
2697	13
2698	11
2699	14
2700	15
2701	18
2702	11
2703	14
2704	9
2705	6
2706	14
2707	13
2708	18
2709	5
2710	11
2711	10
2712	13
2713	11
2714	11
2715	17
2716	11
2717	4
2718	10
2719	7
2720	9
2721	18
2722	12
2723	9
2724	18
2725	13
2726	11
2727	9
2728	8
2729	16
2730	10
2731	17
2732	8
2733	14
2734	6
2735	8
2736	4
2737	9
2738	14
2739	13
2740	11
2741	11
2742	15
2743	15
2744	10
2745	11
2746	11
2747	11
2748	15
2749	11
2750	16
2751	9
2752	8
2753	19
2754	11
2755	18
2756	13
2757	13
2758	14
2759	10
2760	11
2761	14
2762	7
2763	13
2764	14
2765	9
2766	5
2767	18
2768	15
2769	9
2770	11
2771	13
2772	13
2773	15
2774	13
2775	12
2776	10
2777	14
2778	8
2779	12
2780	14
2781	9
2782	10
2783	13
2784	7
2785	5
2786	16
2787	10
2788	13
2789	19
2790	9
2791	13
2792	13
2793	16
2794	9
2795	9
2796	17
2797	7
2798	9
2799	14
2800	8
2801	11
2802	10
2803	12
2804	16
2805	10
2806	10
2807	14
2808	15
2809	7
2810	9
2811	6
2812	7
2813	3
2814	14
2815	12
2816	12
2817	9
2818	13
2819	12
2820	12
2821	12
2822	13
2823	14
2824	13
2825	9
2826	14
2827	10
2828	9
2829	17
2830	10
2831	15
2832	12
2833	6
2834	11
2835	11
2836	14
2837	14
2838	11
2839	12
2840	8
2841	6
2842	12
2843	11
2844	14
2845	20
2846	13
2847	15
2848	12
2849	8
2850	12
2851	13
2852	12
2853	12
2854	8
2855	9
2856	14
2857	11
2858	9
2859	10
2860	10
2861	11
2862	9
2863	11
2864	6
2865	10
2866	10
2867	10
2868	13
2869	7
2870	21
2871	11
2872	10
2873	17
2874	7
2875	6
2876	8
2877	10
2878	10
2879	17
2880	12
2881	14
2882	9
2883	4
2884	3
2885	12
2886	9
2887	6
2888	5
2889	11
2890	8
2891	16
2892	11
2893	13
2894	10
2895	12
2896	10
2897	11
2898	15
2899	12
2900	13
2901	11
2902	10
2903	19
2904	11
2905	9
2906	16
2907	17
2908	12
2909	14
2910	15
2911	17
2912	10
2913	14
2914	9
2915	9
2916	17
2917	17
2918	8
2919	20
2920	18
2921	12
2922	8
2923	10
2924	9
2925	5
2926	9
2927	16
2928	13
2929	14
2930	8
2931	8
2932	13
2933	14
2934	7
2935	18
2936	9
2937	14
2938	5
2939	15
2940	6
2941	13
2942	9
2943	10
2944	14
2945	2
2946	13
2947	13
2948	10
2949	11
2950	12
2951	8
2952	16
2953	6
2954	17
2955	13
2956	9
2957	8
2958	12
2959	10
2960	7
2961	5
2962	10
2963	9
2964	15
2965	16
2966	13
2967	12
2968	16
2969	8
2970	11
2971	15
2972	12
2973	14
2974	10
2975	10
2976	18
2977	9
2978	5
2979	11
2980	16
2981	6
2982	9
2983	8
2984	11
2985	11
2986	13
2987	15
2988	7
2989	12
2990	17
2991	14
2992	16
2993	11
2994	17
2995	14
2996	8
2997	10
2998	14
2999	13
3000	5
3001	6
3002	12
3003	11
3004	9
3005	7
3006	8
3007	9
3008	10
3009	12
3010	12
3011	5
3012	9
3013	12
3014	16
3015	9
3016	11
3017	10
3018	11
3019	5
3020	6
3021	10
3022	9
3023	7
3024	9
3025	10
3026	7
3027	14
3028	16
3029	13
3030	7
3031	9
3032	8
3033	17
3034	11
3035	10
3036	12
3037	10
3038	10
3039	6
3040	9
3041	12
3042	8
3043	7
3044	10
3045	9
3046	7
3047	10
3048	8
3049	11
3050	15
3051	11
3052	9
3053	14
3054	8
3055	9
3056	6
3057	5
3058	19
3059	12
3060	10
3061	9
3062	18
3063	12
3064	14
3065	13
3066	16
3067	8
3068	9
3069	16
3070	10
3071	10
3072	8
3073	7
3074	9
3075	9
3076	9
3077	8
3078	10
3079	11
3080	14
3081	14
3082	9
3083	7
3084	15
3085	15
3086	7
3087	11
3088	13
3089	7
3090	8
3091	9
3092	7
3093	6
3094	14
3095	10
3096	9
3097	11
3098	9
3099	8
3100	12
3101	15
3102	6
3103	6
3104	7
3105	11
3106	13
3107	8
3108	15
3109	13
3110	4
3111	9
3112	5
3113	10
3114	16
3115	9
3116	14
3117	15
3118	8
3119	11
3120	11
3121	8
3122	7
3123	19
3124	7
3125	10
3126	10
3127	5
3128	6
3129	8
3130	14
3131	10
3132	9
3133	10
3134	12
3135	12
3136	13
3137	11
3138	10
3139	12
3140	10
3141	8
3142	5
3143	12
3144	9
3145	10
3146	10
3147	7
3148	13
3149	13
3150	16
3151	8
3152	5
3153	8
3154	4
3155	9
3156	11
3157	14
3158	8
3159	12
3160	5
3161	14
3162	8
3163	7
3164	8
3165	12
3166	5
3167	7
3168	5
3169	11
3170	7
3171	8
3172	11
3173	13
3174	12
3175	10
3176	3
3177	9
3178	9
3179	15
3180	8
3181	11
3182	11
3183	9
3184	10
3185	13
3186	12
3187	8
3188	10
3189	9
3190	13
3191	8
3192	12
3193	8
3194	9
3195	15
3196	6
3197	9
3198	15
3199	9
3200	11
3201	8
3202	11
3203	10
3204	10
3205	7
3206	11
3207	9
3208	12
3209	12
3210	10
3211	13
3212	11
3213	10
3214	13
3215	6
3216	17
3217	14
3218	10
3219	8
3220	16
3221	7
3222	12
3223	6
3224	8
3225	10
3226	10
3227	11
3228	10
3229	8
3230	7
3231	11
3232	8
3233	2
3234	15
3235	16
3236	18
3237	8
3238	2
3239	10
3240	7
3241	9
3242	9
3243	10
3244	4
3245	6
3246	12
3247	14
3248	11
3249	5
3250	10
3251	16
3252	8
3253	9
3254	10
3255	10
3256	11
3257	11
3258	9
3259	12
3260	10
3261	9
3262	11
3263	9
3264	3
3265	7
3266	8
3267	13
3268	10
3269	11
3270	8
3271	12
3272	4
3273	10
3274	9
3275	11
3276	6
3277	11
3278	10
3279	4
3280	11
3281	8
3282	15
3283	15
3284	11
3285	5
3286	7
3287	9
3288	5
3289	7
3290	7
3291	3
3292	8
3293	9
3294	7
3295	6
3296	6
3297	4
3298	7
3299	10
3300	12
3301	6
3302	10
3303	18
3304	7
3305	6
3306	10
3307	13
3308	5
3309	7
3310	5
3311	8
3312	7
3313	14
3314	13
3315	11
3316	7
3317	5
3318	9
3319	15
3320	13
3321	11
3322	9
3323	10
3324	10
3325	12
3326	8
3327	7
3328	12
3329	11
3330	10
3331	8
3332	6
3333	12
3334	12
3335	11
3336	12
3337	8
3338	5
3339	10
3340	10
3341	9
3342	9
3343	12
3344	6
3345	2
3346	16
3347	11
3348	5
3349	6
3350	5
3351	10
3352	13
3353	8
3354	15
3355	6
3356	14
3357	13
3358	10
3359	8
3360	11
3361	7
3362	12
3363	13
3364	7
3365	9
3366	9
3367	3
3368	11
3369	8
3370	8
3371	9
3372	6
3373	9
3374	6
3375	6
3376	15
3377	9
3378	4
3379	7
3380	12
3381	8
3382	11
3383	10
3384	9
3385	5
3386	11
3387	6
3388	5
3389	3
3390	9
3391	10
3392	11
3393	5
3394	7
3395	5
3396	9
3397	5
3398	11
3399	7
3400	6
3401	8
3402	4
3403	10
3404	10
3405	8
3406	4
3407	4
3408	4
3409	13
3410	11
3411	14
3412	9
3413	6
3414	10
3415	6
3416	10
3417	4
3418	4
3419	4
3420	5
3421	4
3422	6
3423	13
3424	5
3425	8
3426	7
3427	7
3428	13
3429	7
3430	5
3431	10
3432	12
3433	7
3434	5
3435	10
3436	9
3437	5
3438	5
3439	11
3440	14
3441	9
3442	11
3443	5
3444	8
3445	11
3446	7
3447	8
3448	12
3449	6
3450	10
3451	8
3452	8
3453	11
3454	11
3455	11
3456	10
3457	10
3458	9
3459	12
3460	7
3461	7
3462	12
3463	2
3464	7
3465	11
3466	8
3467	7
3468	5
3469	11
3470	10
3471	9
3472	13
3473	8
3474	15
3475	12
3476	12
3477	13
3478	8
3479	7
3480	8
3481	10
3482	4
3483	9
3484	5
3485	8
3486	6
3487	7
3488	9
3489	7
3490	6
3491	7
3492	6
3493	7
3494	5
3495	13
3496	10
3497	9
3498	5
3499	9
3500	11
3501	7
3502	9
3503	3
3504	8
3505	7
3506	7
3507	12
3508	3
3509	9
3510	6
3511	9
3512	14
3513	6
3514	10
3515	9
3516	9
3517	10
3518	8
3519	9
3520	7
3521	8
3522	12
3523	7
3524	6
3525	6
3526	6
3527	10
3528	10
3529	8
3530	4
3531	6
3532	5
3533	8
3534	13
3535	9
3536	10
3537	4
3538	9
3539	9
3540	7
3541	11
3542	14
3543	8
3544	6
3545	7
3546	9
3547	8
3548	11
3549	11
3550	7
3551	6
3552	10
3553	8
3554	7
3555	10
3556	6
3557	5
3558	11
3559	4
3560	12
3561	6
3562	10
3563	13
3564	8
3565	9
3566	12
3567	6
3568	5
3569	11
3570	9
3571	8
3572	15
3573	8
3574	14
3575	12
3576	9
3577	7
3578	10
3579	5
3580	11
3581	5
3582	8
3583	5
3584	7
3585	7
3586	6
3587	9
3588	12
3589	13
3590	5
3591	12
3592	9
3593	6
3594	11
3595	10
3596	8
3597	9
3598	2
3599	6
3600	8
3601	7
3602	8
3603	12
3604	10
3605	8
3606	3
3607	5
3608	7
3609	7
3610	2
3611	1
3612	8
3613	5
3614	6
3615	10
3616	8
3617	12
3618	9
3619	6
3620	13
3621	12
3622	9
3623	5
3624	9
3625	9
3626	3
3627	9
3628	5
3629	12
3630	3
3631	3
3632	11
3633	9
3634	8
3635	9
3636	11
3637	8
3638	5
3639	8
3640	7
3641	13
3642	7
3643	8
3644	9
3645	6
3646	4
3647	6
3648	7
3649	8
3650	9
3651	8
3652	6
3653	6
3654	10
3655	3
3656	10
3657	9
3658	10
3659	6
3660	7
3661	12
3662	6
3663	7
3664	5
3665	5
3666	8
3667	9
3668	8
3669	12
3670	10
3671	12
3672	11
3673	9
3674	5
3675	12
3676	3
3677	6
3678	9
3679	7
3680	13
3681	9
3682	8
3683	4
3684	5
3685	12
3686	8
3687	7
3688	12
3689	14
3690	7
3691	15
3692	6
3693	8
3694	14
3695	9
3696	6
3697	9
3698	3
3699	10
3700	5
3701	3
3702	9
3703	10
3704	3
3705	7
3706	10
3707	3
3708	7
3709	8
3710	12
3711	10
3712	6
3713	5
3714	12
3715	8
3716	9
3717	3
3718	9
3719	8
3720	11
3721	8
3722	6
3723	10
3724	4
3725	11
3726	13
3727	5
3728	11
3729	9
3730	10
3731	10
3732	9
3733	8
3734	5
3735	4
3736	5
3737	8
3738	9
3739	4
3740	7
3741	17
3742	7
3743	2
3744	5
3745	6
3746	8
3747	17
3748	8
3749	7
3750	5
3751	8
3752	6
3753	11
3754	5
3755	10
3756	7
3757	6
3758	11
3759	11
3760	10
3761	5
3762	5
3763	6
3764	8
3765	8
3766	6
3767	7
3768	7
3769	11
3770	8
3771	9
3772	10
3773	9
3774	6
3775	15
3776	10
3777	7
3778	5
3779	6
3780	10
3781	11
3782	8
3783	5
3784	6
3785	2
3786	5
3787	5
3788	11
3789	8
3790	11
3791	3
3792	12
3793	7
3794	10
3795	9
3796	5
3797	8
3798	7
3799	7
3800	11
3801	5
3802	12
3803	14
3804	6
3805	7
3806	9
3807	4
3808	10
3809	5
3810	8
3811	3
3812	2
3813	7
3814	9
3815	11
3816	9
3817	7
3818	3
3819	12
3820	5
3821	3
3822	10
3823	8
3824	6
3825	5
3826	13
3827	9
3828	9
3829	10
3830	4
3831	8
3832	10
3833	11
3834	6
3835	7
3836	10
3837	6
3838	7
3839	11
3840	9
3841	7
3842	7
3843	8
3844	9
3845	8
3846	9
3847	7
3848	7
3849	8
3850	6
3851	9
3852	6
3853	9
3854	6
3855	7
3856	9
3857	2
3858	9
3859	13
3860	4
3861	10
3862	6
3863	6
3864	17
3865	8
3866	11
3867	4
3868	9
3869	11
3870	8
3871	6
3872	11
3873	11
3874	10
3875	8
3876	8
3877	6
3878	7
3879	11
3880	9
3881	4
3882	9
3883	6
3884	6
3885	8
3886	4
3887	9
3888	7
3889	9
3890	20
3891	4
3892	9
3893	9
3894	15
3895	7
3896	5
3897	4
3898	8
3899	12
3900	8
3901	16
3902	12
3903	11
3904	9
3905	5
3906	4
3907	13
3908	13
3909	4
3910	10
3911	9
3912	5
3913	14
3914	7
3915	7
3916	5
3917	9
3918	10
3919	9
3920	11
3921	4
3922	5
3923	10
3924	5
3925	5
3926	10
3927	4
3928	5
3929	4
3930	5
3931	15
3932	10
3933	4
3934	10
3935	12
3936	12
3937	8
3938	6
3939	7
3940	14
3941	8
3942	6
3943	10
3944	7
3945	3
3946	6
3947	4
3948	7
3949	11
3950	11
3951	3
3952	5
3953	10
3954	8
3955	8
3956	12
3957	7
3958	4
3959	7
3960	3
3961	8
3962	5
3963	10
3964	5
3965	10
3966	8
3967	6
3968	4
3969	8
3970	9
3971	8
3972	6
3973	11
3974	6
3975	6
3976	12
3977	7
3978	6
3979	6
3980	11
3981	7
3982	9
3983	11
3984	6
3985	10
3986	4
3987	11
3988	7
3989	12
3990	8
3991	2
3992	10
3993	9
3994	10
3995	7
3996	4
3997	10
3998	8
3999	4
4000	10
4001	9
4002	6
4003	7
4004	7
4005	10
4006	5
4007	9
4008	7
4009	8
4010	5
4011	8
4012	9
4013	11
4014	7
4015	10
4016	6
4017	6
4018	7
4019	4
4020	14
4021	12
4022	7
4023	14
4024	11
4025	12
4026	10
4027	6
4028	7
4029	8
4030	9
4031	11
4032	10
4033	13
4034	8
4035	4
4036	5
4037	7
4038	5
4039	6
4040	8
4041	7
4042	7
4043	10
4044	8
4045	8
4046	7
4047	12
4048	4
4049	6
4050	13
4051	9
4052	8
4053	13
4054	9
4055	12
4056	9
4057	10
4058	13
4059	12
4060	9
4061	14
4062	10
4063	11
4064	4
4065	9
4066	4
4067	9
4068	8
4069	8
4070	6
4071	7
4072	10
4073	11
4074	13
4075	12
4076	6
4077	6
4078	8
4079	5
4080	9
4081	6
4082	5
4083	9
4084	11
4085	11
4086	13
4087	9
4088	13
4089	6
4090	14
4091	7
4092	3
4093	8
4094	10
4095	16
4096	6
4097	12
4098	13
4099	13
4100	3
4101	9
4102	5
4103	11
4104	16
4105	6
4106	6
4107	6
4108	5
4109	9
4110	2
4111	10
4112	12
4113	9
4114	7
4115	9
4116	13
4117	8
4118	9
4119	11
4120	7
4121	11
4122	10
4123	9
4124	10
4125	6
4126	8
4127	12
4128	10
4129	9
4130	9
4131	6
4132	6
4133	7
4134	11
4135	5
4136	12
4137	7
4138	7
4139	2
4140	11
4141	11
4142	7
4143	13
4144	8
4145	7
4146	9
4147	11
4148	12
4149	9
4150	8
4151	11
4152	7
4153	5
4154	10
4155	11
4156	12
4157	6
4158	7
4159	15
4160	13
4161	10
4162	14
4163	4
4164	10
4165	9
4166	8
4167	12
4168	11
4169	9
4170	10
4171	3
4172	8
4173	8
4174	10
4175	7
4176	8
4177	9
4178	11
4179	13
4180	10
4181	10
4182	9
4183	6
4184	8
4185	10
4186	8
4187	13
4188	13
4189	7
4190	12
4191	5
4192	5
4193	6
4194	3
4195	7
4196	7
4197	10
4198	10
4199	2
4200	7
4201	9
4202	7
4203	5
4204	12
4205	7
4206	6
4207	7
4208	6
4209	8
4210	7
4211	6
4212	9
4213	7
4214	8
4215	10
4216	15
4217	7
4218	10
4219	13
4220	6
4221	5
4222	12
4223	9
4224	14
4225	11
4226	9
4227	6
4228	3
4229	11
4230	14
4231	7
4232	9
4233	16
4234	14
4235	7
4236	14
4237	5
4238	8
4239	12
4240	8
4241	4
4242	12
4243	8
4244	8
4245	6
4246	10
4247	9
4248	8
4249	6
4250	12
4251	8
4252	8
4253	4
4254	11
4255	8
4256	9
4257	11
4258	10
4259	8
4260	6
4261	12
4262	13
4263	9
4264	14
4265	10
4266	6
4267	8
4268	10
4269	11
4270	7
4271	11
4272	8
4273	10
4274	7
4275	13
4276	12
4277	8
4278	3
4279	9
4280	9
4281	6
4282	7
4283	12
4284	8
4285	8
4286	7
4287	9
4288	6
4289	8
4290	8
4291	5
4292	9
4293	11
4294	9
4295	8
4296	7
4297	10
4298	16
4299	10
4300	8
4301	10
4302	7
4303	9
4304	14
4305	6
4306	9
4307	5
4308	9
4309	5
4310	4
4311	12
4312	10
4313	8
4314	11
4315	11
4316	6
4317	2
4318	18
4319	11
4320	13
4321	9
4322	12
4323	8
4324	4
4325	11
4326	17
4327	9
4328	12
4329	12
4330	9
4331	12
4332	7
4333	5
4334	9
4335	9
4336	15
4337	6
4338	10
4339	11
4340	8
4341	16
4342	9
4343	12
4344	10
4345	13
4346	6
4347	14
4348	8
4349	9
4350	12
4351	13
4352	9
4353	10
4354	13
4355	8
4356	9
4357	10
4358	13
4359	11
4360	8
4361	10
4362	9
4363	11
4364	9
4365	18
4366	12
4367	10
4368	8
4369	11
4370	13
4371	11
4372	9
4373	7
4374	5
4375	9
4376	9
4377	11
4378	14
4379	8
4380	8
4381	13
4382	12
4383	9
4384	12
4385	10
4386	10
4387	2
4388	12
4389	7
4390	10
4391	10
4392	9
4393	12
4394	11
4395	12
4396	5
4397	6
4398	15
4399	17
4400	11
4401	7
4402	9
4403	5
4404	8
4405	8
4406	8
4407	7
4408	15
4409	8
4410	9
4411	9
4412	14
4413	12
4414	10
4415	12
4416	8
4417	10
4418	12
4419	12
4420	14
4421	12
4422	7
4423	6
4424	14
4425	8
4426	10
4427	8
4428	15
4429	16
4430	7
4431	7
4432	13
4433	10
4434	9
4435	15
4436	14
4437	10
4438	9
4439	13
4440	8
4441	11
4442	13
4443	11
4444	11
4445	6
4446	9
4447	10
4448	6
4449	9
4450	10
4451	8
4452	12
4453	5
4454	11
4455	11
4456	12
4457	5
4458	11
4459	10
4460	12
4461	13
4462	11
4463	10
4464	13
4465	9
4466	8
4467	10
4468	11
4469	12
4470	5
4471	7
4472	10
4473	11
4474	17
4475	20
4476	6
4477	15
4478	12
4479	13
4480	14
4481	16
4482	16
4483	14
4484	13
4485	15
4486	12
4487	12
4488	7
4489	13
4490	15
4491	11
4492	12
4493	6
4494	11
4495	14
4496	10
4497	10
4498	18
4499	18
4500	8
4501	8
4502	14
4503	6
4504	14
4505	14
4506	16
4507	12
4508	13
4509	13
4510	15
4511	15
4512	9
4513	6
4514	7
4515	6
4516	14
4517	12
4518	16
4519	13
4520	14
4521	12
4522	12
4523	13
4524	13
4525	15
4526	11
4527	12
4528	18
4529	14
4530	9
4531	11
4532	15
4533	17
4534	9
4535	10
4536	16
4537	18
4538	11
4539	17
4540	14
4541	15
4542	21
4543	11
4544	12
4545	14
4546	14
4547	13
4548	14
4549	14
4550	19
4551	12
4552	14
4553	16
4554	14
4555	15
4556	13
4557	17
4558	20
4559	12
4560	11
4561	13
4562	19
4563	21
4564	8
4565	17
4566	16
4567	14
4568	20
4569	17
4570	17
4571	17
4572	18
4573	7
4574	15
4575	15
4576	15
4577	14
4578	14
4579	13
4580	13
4581	13
4582	13
4583	5
4584	16
4585	12
4586	12
4587	16
4588	15
4589	17
4590	16
4591	27
4592	17
4593	14
4594	7
4595	19
4596	12
4597	12
4598	15
4599	9
4600	11
4601	16
4602	16
4603	16
4604	16
4605	16
4606	13
4607	17
4608	13
4609	13
4610	11
4611	23
4612	14
4613	15
4614	16
4615	21
4616	12
4617	20
4618	17
4619	10
4620	16
4621	15
4622	13
4623	17
4624	13
4625	15
4626	16
4627	21
4628	20
4629	14
4630	17
4631	12
4632	16
4633	18
4634	12
4635	14
4636	10
4637	8
4638	13
4639	20
4640	19
4641	15
4642	17
4643	12
4644	15
4645	16
4646	14
4647	17
4648	16
4649	9
4650	16
4651	8
4652	14
4653	15
4654	19
4655	12
4656	19
4657	17
4658	21
4659	19
4660	15
4661	14
4662	14
4663	10
4664	11
4665	19
4666	20
4667	5
4668	7
4669	17
4670	12
4671	15
4672	13
4673	12
4674	19
4675	20
4676	14
4677	10
4678	20
4679	14
4680	12
4681	12
4682	16
4683	19
4684	16
4685	24
4686	10
4687	15
4688	11
4689	13
4690	14
4691	18
4692	15
4693	12
4694	12
4695	12
4696	13
4697	13
4698	10
4699	15
4700	11
4701	17
4702	14
4703	19
4704	19
4705	20
4706	15
4707	15
4708	14
4709	18
4710	17
4711	14
4712	23
4713	11
4714	13
4715	14
4716	16
4717	11
4718	15
4719	13
4720	13
4721	20
4722	10
4723	15
4724	11
4725	12
4726	13
4727	14
4728	12
4729	9
4730	11
4731	22
4732	24
4733	18
4734	10
4735	13
4736	21
4737	15
4738	16
4739	18
4740	15
4741	17
4742	25
4743	12
4744	14
4745	17
4746	17
4747	11
4748	13
4749	13
4750	9
4751	17
4752	15
4753	14
4754	14
4755	12
4756	12
4757	16
4758	8
4759	12
4760	13
4761	18
4762	19
4763	14
4764	17
4765	18
4766	14
4767	14
4768	13
4769	13
4770	15
4771	11
4772	9
4773	11
4774	12
4775	17
4776	4
4777	17
4778	12
4779	13
4780	20
4781	21
4782	9
4783	11
4784	12
4785	12
4786	9
4787	11
4788	7
4789	12
4790	7
4791	12
4792	14
4793	9
4794	18
4795	12
4796	12
4797	11
4798	11
4799	13
4800	11
4801	11
4802	12
4803	15
4804	16
4805	16
4806	8
4807	14
4808	11
4809	18
4810	7
4811	15
4812	8
4813	13
4814	8
4815	13
4816	15
4817	15
4818	16
4819	8
4820	10
4821	11
4822	14
4823	4
4824	12
4825	15
4826	14
4827	9
4828	6
4829	10
4830	7
4831	4
4832	7
4833	8
4834	5
4835	14
4836	9
4837	7
4838	7
4839	10
4840	8
4841	8
4842	14
4843	3
4844	8
4845	9
4846	8
4847	13
4848	7
4849	11
4850	9
4851	7
4852	7
4853	13
4854	11
4855	12
4856	8
4857	7
4858	10
4859	5
4860	5
4861	5
4862	11
4863	7
4864	11
4865	11
4866	3
4867	5
4868	7
4869	6
4870	6
4871	10
4872	4
4873	5
4874	6
4875	6
4876	4
4877	9
4878	9
4879	8
4880	6
4881	7
4882	3
4883	3
4884	7
4885	6
4886	6
4887	8
4888	6
4889	3
4890	5
4891	7
4892	7
4893	7
4894	3
4895	6
4896	5
4897	7
4898	5
4899	7
4900	4
4901	7
4902	3
4903	9
4904	4
4905	3
4906	6
4907	6
4908	7
4909	4
4910	6
4911	8
4912	1
4913	1
4914	3
4915	5
4916	6
4917	7
4918	5
4919	5
4920	6
4921	5
4922	5
4923	5
4924	6
4925	2
4926	5
4927	2
4928	3
4929	8
4930	6
4931	2
4932	6
4933	2
4934	3
4935	4
4936	2
4937	2
4938	2
4939	1
4940	2
4941	5
4942	6
4943	4
4944	3
4945	1
4946	2
4947	3
4948	4
4949	6
4950	5
4951	3
4952	3
4953	7
4954	7
4955	5
4956	3
4957	6
4958	5
4959	3
4960	3
4961	3
4962	4
4963	2
4964	2
4965	1
4966	1
4967	0
4968	3
4969	4
4970	2
4971	3
4972	4
4973	4
4974	1
4975	1
4976	2
4977	2
4978	5
4979	3
4980	4
4981	4
4982	3
4983	2
4984	3
4985	1
4986	3
4987	0
4988	4
4989	2
4990	1
4991	6
4992	2
4993	4
4994	1
4995	1
4996	3
4997	4
4998	0
4999	3
5000	1
5001	2
5002	3
5003	1
5004	3
5005	0
5006	2
5007	0
5008	2
5009	4
5010	1
5011	2
5012	3
5013	0
5014	0
5015	2
5016	2
5017	2
5018	1
5019	3
5020	3
5021	0
5022	1
5023	0
5024	2
5025	1
5026	1
5027	2
5028	0
5029	3
5030	0
5031	2
5032	0
5033	0
5034	1
5035	2
5036	2
5037	1
5038	2
5039	2
5040	2
5041	1
5042	0
5043	0
5044	3
5045	2
5046	3
5047	4
5048	0
5049	2
5050	1
5051	0
5052	1
5053	1
5054	2
5055	2
5056	2
5057	2
5058	1
5059	1
5060	1
5061	1
5062	1
5063	1
5064	0
5065	1
5066	3
5067	1
5068	2
5069	1
5070	0
5071	0
5072	1
5073	0
5074	2
5075	4
5076	0
5077	3
5078	1
5079	1
5080	0
5081	0
5082	2
5083	0
5084	0
5085	1
5086	1
5087	0
5088	0
5089	2
5090	0
5091	0
5092	0
5093	0
5094	2
5095	3
5096	1
5097	1
5098	0
5099	0
5100	1
5101	0
5102	2
5103	0
5104	2
5105	0
5106	1
5107	0
5108	0
5109	0
5110	1
5111	1
5112	0
5113	0
5114	0
5115	1
5116	1
5117	0
5118	1
5119	1
5120	0
5121	1
5122	2
5123	0
5124	1
5125	1
5126	1
5127	1
5128	1
5129	0
5130	1
5131	1
5132	3
5133	1
5134	0
5135	0
5136	1
5137	0
5138	1
5139	1
5140	1
5141	0
5142	2
5143	0
5144	3
5145	0
5146	1
5147	1
5148	0
5149	2
5150	0
5151	0
5152	1
5153	1
5154	0
5155	0
5156	1
5157	0
5158	1
5159	1
5160	1
5161	1
5162	1
5163	0
5164	0
5165	1
5166	3
5167	1
5168	0
5169	0
5170	0
5171	0
5172	0
5173	0
5174	2
5175	0
5176	1
5177	0
5178	1
5179	1
5180	0
5181	1
5182	1
5183	1
5184	0
5185	0
5186	0
5187	0
5188	0
5189	0
5190	1
5191	1
5192	0
5193	1
5194	0
5195	1
5196	0
5197	0
5198	0
5199	0
5200	0
5201	0
5202	0
5203	1
5204	0
5205	0
5206	0
5207	1
5208	0
5209	0
5210	0
5211	1
5212	1
5213	1
5214	1
5215	1
5216	0
5217	2
5218	0
5219	0
5220	0
5221	1
5222	1
5223	1
5224	0
5225	0
5226	1
5227	0
5228	0
5229	1
5230	0
5231	1
5232	0
5233	0
5234	0
5235	0
5236	1
5237	0
5238	0
5239	1
5240	1
5241	0
5242	2
5243	0
5244	0
5245	0
5246	1
5247	1
5248	1
5249	3
5250	3
5251	3
5252	1
5253	1
5254	1
5255	0
5256	1
5257	1
5258	1
5259	0
5260	0
5261	0
5262	1
5263	0
5264	0
5265	0
5266	0
5267	1
5268	0
5269	0
5270	1
5271	0
5272	1
5273	1
5274	0
5275	1
5276	1
5277	1
5278	1
5279	3
5280	1
5281	0
5282	1
5283	0
5284	2
5285	0
5286	0
5287	0
5288	1
5289	0
5290	0
5291	1
5292	0
5293	0
5294	2
5295	1
5296	0
5297	0
5298	1
5299	0
5300	1
5301	0
5302	0
5303	1
5304	0
5305	0
5306	1
5307	0
5308	1
5309	0
5310	0
5311	0
5312	0
5313	0
5314	0
5315	1
5316	1
5317	0
5318	1
5319	0
5320	0
5321	0
5322	2
5323	0
5324	1
5325	1
5326	0
5327	1
5328	1
5329	0
5330	0
5331	0
5332	0
5333	0
5334	0
5335	0
5336	0
5337	3
5338	1
5339	1
5340	1
5341	0
5342	0
5343	0
5344	1
5345	0
5346	0
5347	1
5348	1
5349	0
5350	1
5351	1
5352	0
5353	0
5354	0
5355	0
5356	0
5357	0
5358	1
5359	1
5360	1
5361	0
5362	0
5363	2
5364	0
5365	0
5366	1
5367	1
5368	0
5369	0
5370	0
5371	0
5372	0
5373	0
5374	1
5375	1
5376	2
5377	0
5378	1
5379	1
5380	2
5381	3
5382	2
5383	0
5384	0
5385	0
5386	0
5387	2
5388	0
5389	1
5390	2
5391	3
5392	1
5393	0
5394	0
5395	2
5396	1
5397	1
5398	4
5399	1
5400	0
5401	3
5402	1
5403	0
5404	0
5405	0
5406	0
5407	1
5408	0
5409	0
5410	0
5411	3
5412	1
5413	0
5414	0
5415	0
5416	0
5417	1
5418	0
5419	0
5420	0
5421	1
5422	0
5423	1
5424	0
5425	1
5426	1
5427	1
5428	0
5429	0
5430	0
5431	1
5432	1
5433	4
5434	0
5435	4
5436	0
5437	1
5438	0
5439	0
5440	0
5441	0
5442	1
5443	0
5444	0
5445	1
5446	0
5447	0
5448	2
5449	0
5450	1
5451	2
5452	1
5453	0
5454	0
5455	1
5456	1
5457	1
5458	1
5459	0
5460	0
5461	1
5462	1
5463	3
5464	1
5465	2
5466	2
5467	1
5468	0
5469	0
5470	1
5471	2
5472	0
5473	0
5474	1
5475	0
5476	1
5477	0
5478	1
5479	0
5480	1
5481	2
5482	0
5483	0
5484	0
5485	0
5486	0
5487	0
5488	0
5489	1
5490	0
5491	2
5492	0
5493	1
5494	0
5495	0
5496	0
5497	0
5498	0
5499	1
5500	0
5501	1
5502	0
5503	1
5504	1
5505	1
5506	0
5507	1
5508	0
5509	0
5510	0
5511	0
5512	1
5513	0
5514	1
5515	0
5516	0
5517	2
5518	0
5519	1
5520	0
5521	2
5522	0
5523	1
5524	0
5525	0
5526	1
5527	0
5528	0
5529	1
5530	0
5531	0
5532	1
5533	1
5534	0
5535	1
5536	0
5537	0
5538	1
5539	1
5540	1
5541	0
5542	1
5543	0
5544	1
5545	3
5546	0
5547	2
5548	0
5549	1
5550	0
5551	0
5552	0
5553	0
5554	1
5555	1
5556	0
5557	0
5558	0
5559	0
5560	1
5561	0
5562	0
5563	0
5564	0
5565	0
5566	0
5567	0
5568	1
5569	0
5570	1
5571	0
5572	1
5573	1
5574	0
5575	0
5576	1
5577	0
5578	1
5579	1
5580	0
5581	0
5582	0
5583	1
5584	0
5585	0
5586	0
5587	1
5588	0
5589	1
5590	1
5591	0
5592	0
5593	0
5594	0
5595	0
5596	0
5597	0
5598	1
5599	0
5600	2
5601	1
5602	0
5603	0
5604	1
5605	0
5606	0
5607	1
5608	0
5609	0
5610	0
5611	0
5612	2
5613	0
5614	0
5615	0
5616	0
5617	1
5618	0
5619	0
5620	1
5621	0
5622	0
5623	0
5624	0
5625	0
5626	0
5627	0
5628	1
5629	2
5630	2
5631	0
5632	0
5633	0
5634	0
5635	0
5636	1
5637	1
5638	2
5639	0
5640	0
5641	0
5642	0
5643	0
5644	0
5645	1
5646	0
5647	0
5648	0
5649	1
5650	1
5651	0
5652	1
5653	0
5654	1
5655	1
5656	0
5657	1
5658	0
5659	0
5660	1
5661	2
5662	1
5663	2
5664	0
5665	1
5666	0
5667	0
5668	0
5669	0
5670	0
5671	1
5672	0
5673	0
5674	2
5675	1
5676	0
5677	0
5678	1
5679	0
5680	1
5681	0
5682	0
5683	0
5684	1
5685	0
5686	0
5687	0
5688	0
5689	1
5690	0
5691	1
5692	0
5693	1
5694	1
5695	1
5696	1
5697	0
5698	1
5699	0
5700	0
5701	0
5702	0
5703	1
5704	1
5705	1
5706	1
5707	1
5708	0
5709	0
5710	0
5711	1
5712	1
5713	0
5714	0
5715	0
5716	1
5717	0
5718	0
5719	1
5720	0
5721	2
5722	0
5723	1
5724	1
5725	0
5726	1
5727	0
5728	0
5729	1
5730	0
5731	0
5732	0
5733	0
5734	0
5735	1
5736	0
5737	0
5738	0
5739	0
5740	0
5741	1
5742	0
5743	1
5744	1
5745	0
5746	1
5747	0
5748	0
5749	0
5750	2
5751	2
5752	0
5753	1
5754	1
5755	0
5756	0
5757	2
5758	0
5759	0
5760	0
5761	1
5762	0
5763	0
5764	0
5765	0
5766	0
5767	0
5768	0
5769	0
5770	0
5771	0
5772	0
5773	0
5774	1
5775	0
5776	0
5777	0
5778	0
5779	0
5780	0
5781	0
5782	0
5783	0
5784	0
5785	0
5786	0
5787	1
5788	0
5789	1
5790	1
5791	1
5792	0
5793	1
5794	0
5795	1
5796	1
5797	1
5798	1
5799	1
5800	0
5801	0
5802	0
5803	0
5804	0
5805	0
5806	0
5807	1
5808	1
5809	0
5810	0
5811	0
5812	1
5813	0
5814	2
5815	0
5816	1
5817	0
5818	0
5819	1
5820	0
5821	1
5822	0
5823	0
5824	0
5825	0
5826	1
5827	0
5828	2
5829	1
5830	0
5831	0
5832	1
5833	0
5834	0
5835	1
5836	0
5837	1
5838	2
5839	1
5840	0
5841	0
5842	0
5843	0
5844	1
5845	1
5846	2
5847	0
5848	1
5849	1
5850	2
5851	0
5852	1
5853	0
5854	1
5855	1
5856	0
5857	1
5858	2
5859	0
5860	0
5861	1
5862	0
5863	0
5864	0
5865	0
5866	0
5867	1
5868	0
5869	0
5870	0
5871	0
5872	0
5873	0
5874	1
5875	0
5876	0
5877	0
5878	1
5879	0
5880	0
5881	1
5882	0
5883	2
5884	0
5885	0
5886	0
5887	0
5888	0
5889	0
5890	0
5891	0
5892	0
5893	0
5894	1
5895	0
5896	3
5897	1
5898	0
5899	0
5900	1
5901	1
5902	1
5903	1
5904	0
5905	0
5906	1
5907	1
5908	0
5909	0
5910	0
5911	0
5912	0
5913	0
5914	0
5915	1
5916	0
5917	0
5918	0
5919	1
5920	0
5921	0
5922	1
5923	0
5924	3
5925	0
5926	0
5927	2
5928	1
5929	0
5930	0
5931	0
5932	0
5933	0
5934	0
5935	1
5936	0
5937	0
5938	0
5939	0
5940	1
5941	0
5942	1
5943	0
5944	0
5945	1
5946	0
5947	0
5948	0
5949	0
5950	0
5951	0
5952	0
5953	0
5954	0
5955	1
5956	0
5957	0
5958	0
5959	0
5960	0
5961	0
5962	1
5963	0
5964	0
5965	0
5966	2
5967	0
5968	0
5969	0
5970	0
5971	0
5972	0
5973	1
5974	0
5975	0
5976	0
5977	0
5978	1
5979	0
5980	0
5981	0
5982	1
5983	0
5984	0
5985	0
5986	1
5987	0
5988	0
5989	0
5990	0
5991	0
5992	0
5993	0
5994	0
5995	2
5996	0
5997	0
5998	1
5999	0
6000	0
6001	0
6002	1
6003	1
6004	1
6005	0
6006	0
6007	0
6008	0
6009	0
6010	1
6011	1
6012	0
6013	1
6014	1
6015	1
6016	0
6017	0
6018	1
6019	0
6020	0
6021	0
6022	0
6023	1
6024	0
6025	2
6026	0
6027	1
6028	2
6029	2
6030	0
6031	0
6032	0
6033	0
6034	0
6035	0
6036	0
6037	0
6038	0
6039	0
6040	1
6041	0
6042	1
6043	1
6044	1
6045	0
6046	0
6047	0
6048	0
6049	0
6050	1
6051	0
6052	1
6053	1
6054	0
6055	0
6056	1
6057	1
6058	2
6059	1
6060	2
6061	0
6062	0
6063	2
6064	0
6065	0
6066	0
6067	0
6068	1
6069	0
6070	0
6071	0
6072	0
6073	0
6074	1
6075	1
6076	1
6077	0
6078	0
6079	0
6080	1
6081	0
6082	2
6083	0
6084	1
6085	0
6086	0
6087	0
6088	0
6089	0
6090	0
6091	0
6092	0
6093	1
6094	0
6095	1
6096	1
6097	2
6098	0
6099	0
6100	0
6101	0
6102	1
6103	0
6104	0
6105	0
6106	0
6107	0
6108	1
6109	0
6110	1
6111	0
6112	0
6113	0
6114	1
6115	1
6116	0
6117	0
6118	0
6119	0
6120	0
6121	0
6122	0
6123	1
6124	0
6125	1
6126	0
6127	1
6128	1
6129	0
6130	0
6131	0
6132	0
6133	0
6134	1
6135	0
6136	0
6137	1
6138	1
6139	0
6140	0
6141	1
6142	0
6143	0
6144	0
6145	0
6146	2
6147	0
6148	0
6149	0
6150	0
6151	0
6152	0
6153	0
6154	0
6155	1
6156	0
6157	0
6158	0
6159	1
6160	0
6161	0
6162	0
6163	1
6164	0
6165	0
6166	1
6167	0
6168	0
6169	0
6170	0
6171	0
6172	0
6173	0
6174	0
6175	0
6176	0
6177	1
6178	0
6179	1
6180	0
6181	0
6182	0
6183	0
6184	0
6185	0
6186	0
6187	0
6188	0
6189	0
6190	0
6191	0
6192	0
6193	0
6194	3
6195	0
6196	0
6197	1
6198	0
6199	1
6200	0
6201	1
6202	0
6203	0
6204	0
6205	0
6206	0
6207	1
6208	0
6209	0
6210	0
6211	0
6212	0
6213	0
6214	0
6215	1
6216	0
6217	1
6218	0
6219	0
6220	0
6221	1
6222	1
6223	0
6224	1
6225	1
6226	1
6227	0
6228	1
6229	0
6230	0
6231	1
6232	0
6233	1
6234	1
6235	0
6236	0
6237	0
6238	1
6239	0
6240	1
6241	0
6242	0
6243	0
6244	0
6245	1
6246	1
6247	0
6248	2
6249	0
6250	0
6251	0
6252	1
6253	0
6254	1
6255	0
6256	0
6257	0
6258	0
6259	1
6260	2
6261	0
6262	0
6263	0
6264	1
6265	0
6266	1
6267	0
6268	1
6269	1
6270	1
6271	0
6272	0
6273	0
6274	2
6275	0
6276	1
6277	0
6278	1
6279	1
6280	0
6281	1
6282	0
6283	0
6284	0
6285	0
6286	0
6287	1
6288	0
6289	0
6290	0
6291	0
6292	1
6293	0
6294	1
6295	0
6296	1
6297	1
6298	0
6299	2
6300	0
6301	1
6302	0
6303	0
6304	1
6305	3
6306	1
6307	1
6308	0
6309	0
6310	0
6311	0
6312	0
6313	0
6314	1
6315	0
6316	1
6317	1
6318	0
6319	2
6320	0
6321	0
6322	1
6323	2
6324	0
6325	1
6326	1
6327	0
6328	0
6329	1
6330	0
6331	0
6332	1
6333	0
6334	0
6335	0
6336	0
6337	1
6338	0
6339	0
6340	0
6341	0
6342	0
6343	0
6344	2
6345	1
6346	0
6347	0
6348	0
6349	0
6350	1
6351	1
6352	1
6353	0
6354	0
6355	1
6356	1
6357	1
6358	0
6359	0
6360	0
6361	1
6362	1
6363	1
6364	1
6365	0
6366	0
6367	0
6368	0
6369	2
6370	0
6371	1
6372	0
6373	1
6374	0
6375	0
6376	0
6377	0
6378	0
6379	0
6380	1
6381	1
6382	0
6383	0
6384	0
6385	1
6386	1
6387	1
6388	1
6389	0
6390	1
6391	0
6392	0
6393	1
6394	2
6395	0
6396	1
6397	1
6398	2
6399	1
6400	1
6401	0
6402	1
6403	0
6404	1
6405	0
6406	0
6407	0
6408	0
6409	0
6410	0
6411	3
6412	0
6413	0
6414	2
6415	0
6416	0
6417	0
6418	0
6419	1
6420	1
6421	1
6422	0
6423	0
6424	2
6425	0
6426	0
6427	0
6428	1
6429	0
6430	0
6431	1
6432	0
6433	0
6434	1
6435	0
6436	0
6437	1
6438	1
6439	1
6440	2
6441	1
6442	1
6443	0
6444	0
6445	0
6446	0
6447	2
6448	1
6449	1
6450	0
6451	0
6452	1
6453	0
6454	0
6455	0
6456	1
6457	0
6458	0
6459	1
6460	0
6461	0
6462	0
6463	1
6464	0
6465	0
6466	0
6467	0
6468	0
6469	0
6470	0
6471	3
6472	0
6473	1
6474	0
6475	1
6476	2
6477	1
6478	0
6479	0
6480	0
6481	1
6482	1
6483	1
6484	0
6485	1
6486	1
6487	2
6488	1
6489	0
6490	3
6491	0
6492	0
6493	0
6494	0
6495	1
6496	0
6497	2
6498	0
6499	0
6500	0
6501	0
6502	0
6503	0
6504	0
6505	1
6506	0
6507	1
6508	1
6509	0
6510	1
6511	0
6512	0
6513	0
6514	0
6515	0
6516	1
6517	1
6518	0
6519	1
6520	1
6521	0
6522	0
6523	0
6524	2
6525	0
6526	0
6527	0
6528	1
6529	0
6530	0
6531	0
6532	0
6533	1
6534	0
6535	0
6536	0
6537	0
6538	0
6539	0
6540	0
6541	0
6542	0
6543	0
6544	2
6545	0
6546	1
6547	0
6548	1
6549	0
6550	0
6551	1
6552	0
6553	0
6554	0
6555	1
6556	1
6557	1
6558	0
6559	0
6560	0
6561	0
6562	1
6563	0
6564	0
6565	0
6566	1
6567	0
6568	1
6569	1
6570	1
6571	0
6572	0
6573	0
6574	0
6575	1
6576	1
6577	1
6578	2
6579	0
6580	1
6581	2
6582	0
6583	0
6584	1
6585	0
6586	0
6587	0
6588	0
6589	0
6590	0
6591	1
6592	0
6593	1
6594	1
6595	1
6596	0
6597	0
6598	0
6599	1
6600	0
6601	0
6602	1
6603	0
6604	2
6605	0
6606	0
6607	0
6608	0
6609	0
6610	0
6611	2
6612	0
6613	0
6614	0
6615	0
6616	0
6617	1
6618	0
6619	0
6620	0
6621	1
6622	0
6623	0
6624	1
6625	2
6626	2
6627	1
6628	0
6629	0
6630	0
6631	0
6632	0
6633	0
6634	0
6635	0
6636	0
6637	0
6638	0
6639	1
6640	0
6641	0
6642	1
6643	0
6644	0
6645	1
6646	0
6647	2
6648	1
6649	1
6650	0
6651	1
6652	0
6653	0
6654	0
6655	0
6656	0
6657	0
6658	1
6659	0
6660	0
6661	2
6662	2
6663	0
6664	1
6665	1
6666	0
6667	0
6668	0
6669	1
6670	0
6671	0
6672	1
6673	0
6674	1
6675	1
6676	1
6677	0
6678	0
6679	2
6680	1
6681	0
6682	0
6683	1
6684	0
6685	0
6686	1
6687	1
6688	0
6689	0
6690	1
6691	0
6692	1
6693	1
6694	0
6695	0
6696	0
6697	0
6698	0
6699	0
6700	1
6701	0
6702	2
6703	0
6704	2
6705	0
6706	0
6707	0
6708	0
6709	0
6710	0
6711	1
6712	1
6713	1
6714	0
6715	1
6716	0
6717	2
6718	1
6719	0
6720	0
6721	1
6722	0
6723	0
6724	0
6725	0
6726	0
6727	0
6728	0
6729	2
6730	1
6731	1
6732	1
6733	0
6734	0
6735	0
6736	0
6737	1
6738	0
6739	0
6740	1
6741	0
6742	0
6743	0
6744	0
6745	0
6746	1
6747	2
6748	0
6749	0
6750	0
6751	0
6752	0
6753	1
6754	0
6755	2
6756	0
6757	0
6758	0
6759	0
6760	0
6761	0
6762	0
6763	0
6764	0
6765	0
6766	1
6767	0
6768	1
6769	0
6770	0
6771	1
6772	0
6773	1
6774	0
6775	1
6776	0
6777	1
6778	1
6779	0
6780	0
6781	0
6782	0
6783	0
6784	0
6785	0
6786	0
6787	2
6788	1
6789	0
6790	0
6791	0
6792	0
6793	1
6794	0
6795	0
6796	0
6797	0
6798	0
6799	1
6800	1
6801	0
6802	1
6803	0
6804	0
6805	0
6806	1
6807	0
6808	0
6809	0
6810	2
6811	0
6812	1
6813	0
6814	1
6815	1
6816	2
6817	0
6818	1
6819	0
6820	1
6821	0
6822	0
6823	0
6824	0
6825	0
6826	0
6827	0
6828	0
6829	0
6830	0
6831	1
6832	0
6833	1
6834	2
6835	0
6836	0
6837	0
6838	0
6839	0
6840	0
6841	2
6842	0
6843	0
6844	1
6845	1
6846	1
6847	0
6848	0
6849	0
6850	1
6851	0
6852	0
6853	1
6854	0
6855	0
6856	1
6857	0
6858	0
6859	0
6860	0
6861	0
6862	1
6863	0
6864	0
6865	0
6866	1
6867	1
6868	0
6869	1
6870	2
6871	1
6872	1
6873	1
6874	0
6875	2
6876	2
6877	1
6878	0
6879	1
6880	0
6881	0
6882	0
6883	0
6884	0
6885	0
6886	1
6887	1
6888	1
6889	0
6890	1
6891	0
6892	0
6893	2
6894	0
6895	0
6896	1
6897	0
6898	0
6899	0
6900	1
6901	0
6902	1
6903	1
6904	0
6905	0
6906	1
6907	0
6908	1
6909	1
6910	0
6911	1
6912	0
6913	0
6914	0
6915	0
6916	2
6917	0
6918	0
6919	0
6920	0
6921	0
6922	0
6923	0
6924	0
6925	0
6926	0
6927	0
6928	1
6929	0
6930	1
6931	1
6932	0
6933	0
6934	1
6935	0
6936	1
6937	1
6938	0
6939	1
6940	0
6941	0
6942	0
6943	0
6944	0
6945	0
6946	0
6947	0
6948	1
6949	0
6950	0
6951	1
6952	0
6953	0
6954	0
6955	0
6956	0
6957	0
6958	1
6959	0
6960	0
6961	0
6962	0
6963	1
6964	0
6965	0
6966	1
6967	0
6968	0
6969	0
6970	0
6971	0
6972	1
6973	0
6974	1
6975	1
6976	0
6977	0
6978	0
6979	0
6980	2
6981	0
6982	0
6983	0
6984	1
6985	1
6986	1
6987	0
6988	0
6989	0
6990	1
6991	0
6992	1
6993	0
6994	0
6995	0
6996	0
6997	1
6998	1
6999	0
7000	0
7001	0
7002	1
7003	0
7004	0
7005	0
7006	1
7007	0
7008	0
7009	0
7010	1
7011	0
7012	1
7013	1
7014	0
7015	0
7016	1
7017	0
7018	0
7019	0
7020	0
7021	0
7022	0
7023	1
7024	1
7025	0
7026	0
7027	1
7028	1
7029	0
7030	0
7031	1
7032	0
7033	0
7034	1
7035	0
7036	1
7037	1
7038	0
7039	0
7040	0
7041	0
7042	0
7043	0
7044	1
7045	0
7046	0
7047	0
7048	0
7049	1
7050	0
7051	0
7052	0
7053	0
7054	0
7055	0
7056	2
7057	0
7058	0
7059	0
7060	0
7061	0
7062	0
7063	0
7064	0
7065	0
7066	1
7067	1
7068	0
7069	1
7070	1
7071	0
7072	1
7073	0
7074	2
7075	0
7076	0
7077	0
7078	1
7079	0
7080	1
7081	0
7082	2
7083	0
7084	0
7085	0
7086	0
7087	1
7088	1
7089	0
7090	2
7091	0
7092	2
7093	0
7094	0
7095	0
7096	0
7097	0
7098	0
7099	0
7100	1
7101	0
7102	0
7103	0
7104	0
7105	0
7106	0
7107	1
7108	0
7109	0
7110	1
7111	2
7112	0
7113	1
7114	0
7115	0
7116	0
7117	1
7118	1
7119	0
7120	0
7121	0
7122	0
7123	0
7124	1
7125	0
7126	0
7127	0
7128	0
7129	2
7130	0
7131	0
7132	0
7133	0
7134	1
7135	0
7136	0
7137	1
7138	0
7139	0
7140	0
7141	1
7142	0
7143	1
7144	1
7145	0
7146	1
7147	1
7148	0
7149	0
7150	0
7151	0
7152	0
7153	0
7154	0
7155	1
7156	0
7157	0
7158	0
7159	0
7160	1
7161	0
7162	0
7163	0
7164	0
7165	0
7166	0
7167	0
7168	0
7169	0
7170	1
7171	0
7172	0
7173	1
7174	0
7175	0
7176	0
7177	1
7178	0
7179	2
7180	0
7181	0
7182	1
7183	0
7184	0
7185	0
7186	0
7187	0
7188	0
7189	0
7190	0
7191	0
7192	0
7193	0
7194	0
7195	0
7196	0
7197	0
7198	1
7199	1
7200	0
7201	0
7202	0
7203	0
7204	0
7205	1
7206	0
7207	0
7208	1
7209	0
7210	1
7211	1
7212	0
7213	0
7214	0
7215	1
7216	0
7217	0
7218	0
7219	1
7220	0
7221	1
7222	0
7223	0
7224	0
7225	1
7226	1
7227	1
7228	0
7229	0
7230	1
7231	1
7232	0
7233	0
7234	0
7235	0
7236	1
7237	0
7238	0
7239	1
7240	1
7241	0
7242	0
7243	0
7244	1
7245	0
7246	0
7247	0
7248	1
7249	0
7250	0
7251	0
7252	1
7253	1
7254	0
7255	0
7256	0
7257	1
7258	0
7259	0
7260	0
7261	0
7262	2
7263	0
7264	0
7265	0
7266	0
7267	0
7268	1
7269	0
7270	0
7271	0
7272	0
7273	0
7274	0
7275	0
7276	0
7277	0
7278	0
7279	1
7280	1
7281	0
7282	0
7283	1
7284	0
7285	0
7286	0
7287	0
7288	0
7289	1
7290	1
7291	0
7292	2
7293	0
7294	0
7295	0
7296	1
7297	0
7298	0
7299	2
7300	0
7301	0
7302	0
7303	0
7304	1
7305	0
7306	0
7307	0
7308	0
7309	0
7310	0
7311	1
7312	0
7313	0
7314	0
7315	0
7316	0
7317	0
7318	0
7319	0
7320	0
7321	1
7322	0
7323	0
7324	0
7325	0
7326	0
7327	0
7328	0
7329	0
7330	0
7331	1
7332	0
7333	0
7334	2
7335	0
7336	1
7337	0
7338	1
7339	1
7340	0
7341	1
7342	1
7343	0
7344	0
7345	1
7346	0
7347	0
7348	0
7349	1
7350	0
7351	0
7352	0
7353	0
7354	0
7355	0
7356	1
7357	0
7358	0
7359	1
7360	0
7361	1
7362	0
7363	1
7364	0
7365	1
7366	1
7367	0
7368	0
7369	0
7370	0
7371	1
7372	0
7373	0
7374	0
7375	0
7376	0
7377	0
7378	0
7379	0
7380	0
7381	0
7382	0
7383	0
7384	1
7385	1
7386	1
7387	0
7388	0
7389	1
7390	2
7391	0
7392	0
7393	3
7394	0
7395	0
7396	2
7397	0
7398	1
7399	0
7400	1
7401	0
7402	0
7403	0
7404	0
7405	0
7406	0
7407	0
7408	0
7409	1
7410	0
7411	0
7412	0
7413	1
7414	0
7415	0
7416	0
7417	0
7418	0
7419	0
7420	0
7421	0
7422	1
7423	1
7424	1
7425	0
7426	0
7427	0
7428	1
7429	0
7430	1
7431	0
7432	0
7433	3
7434	0
7435	0
7436	0
7437	1
7438	0
7439	0
7440	1
7441	0
7442	0
7443	0
7444	0
7445	0
7446	0
7447	0
7448	1
7449	1
7450	0
7451	1
7452	0
7453	0
7454	0
7455	0
7456	0
7457	1
7458	0
7459	0
7460	0
7461	0
7462	1
7463	1
7464	1
7465	0
7466	0
7467	0
7468	1
7469	0
7470	1
7471	1
7472	0
7473	0
7474	0
7475	2
7476	1
7477	1
7478	0
7479	0
7480	1
7481	0
7482	0
7483	0
7484	2
7485	1
7486	0
7487	1
7488	0
7489	0
7490	1
7491	0
7492	0
7493	0
7494	0
7495	0
7496	0
7497	1
7498	0
7499	0
7500	0
7501	0
7502	0
7503	0
7504	0
7505	1
7506	0
7507	1
7508	0
7509	0
7510	0
7511	0
7512	0
7513	0
7514	1
7515	0
7516	1
7517	1
7518	0
7519	0
7520	1
7521	0
7522	0
7523	0
7524	0
7525	0
7526	0
7527	0
7528	0
7529	1
7530	1
7531	0
7532	1
7533	0
7534	0
7535	0
7536	0
7537	0
7538	0
7539	0
7540	0
7541	0
7542	0
7543	0
7544	0
7545	0
7546	0
7547	0
7548	0
7549	0
7550	0
7551	0
7552	1
7553	0
7554	1
7555	0
7556	0
7557	0
7558	0
7559	0
7560	0
7561	0
7562	2
7563	2
7564	0
7565	0
7566	0
7567	0
7568	1
7569	0
7570	0
7571	0
7572	0
7573	0
7574	0
7575	0
7576	0
7577	3
7578	0
7579	1
7580	1
7581	0
7582	1
7583	0
7584	0
7585	0
7586	0
7587	0
7588	0
7589	0
7590	1
7591	0
7592	0
7593	0
7594	0
7595	1
7596	1
7597	1
7598	0
7599	0
7600	0
7601	0
7602	0
7603	0
7604	0
7605	0
7606	0
7607	0
7608	1
7609	0
7610	0
7611	0
7612	1
7613	0
7614	1
7615	0
7616	0
7617	0
7618	0
7619	0
7620	0
7621	0
7622	0
7623	0
7624	1
7625	0
7626	2
7627	0
7628	1
7629	0
7630	0
7631	1
7632	1
7633	0
7634	0
7635	0
7636	1
7637	0
7638	0
7639	0
7640	0
7641	1
7642	0
7643	0
7644	0
7645	0
7646	0
7647	0
7648	0
7649	0
7650	0
7651	0
7652	0
7653	1
7654	0
7655	0
7656	0
7657	2
7658	1
7659	0
7660	0
7661	0
7662	1
7663	0
7664	0
7665	1
7666	0
7667	0
7668	0
7669	0
7670	0
7671	1
7672	0
7673	0
7674	0
7675	0
7676	0
7677	2
7678	0
7679	0
7680	0
7681	0
7682	0
7683	0
7684	0
7685	0
7686	0
7687	0
7688	0
7689	0
7690	1
7691	0
7692	0
7693	0
7694	0
7695	0
7696	0
7697	0
7698	0
7699	0
7700	0
7701	0
7702	0
7703	0
7704	0
7705	1
7706	0
7707	0
7708	1
7709	1
7710	0
7711	1
7712	1
7713	0
7714	0
7715	0
7716	0
7717	1
7718	0
7719	0
7720	1
7721	0
7722	0
7723	1
7724	0
7725	1
7726	0
7727	0
7728	0
7729	3
7730	0
7731	0
7732	1
7733	0
7734	1
7735	0
7736	0
7737	0
7738	0
7739	0
7740	1
7741	0
7742	0
7743	0
7744	0
7745	0
7746	0
7747	0
7748	0
7749	1
7750	0
7751	0
7752	0
7753	0
7754	0
7755	0
7756	0
7757	0
7758	0
7759	1
7760	1
7761	0
7762	1
7763	0
7764	1
7765	0
7766	1
7767	1
7768	0
7769	0
7770	1
7771	0
7772	0
7773	1
7774	1
7775	1
7776	0
7777	0
7778	1
7779	1
7780	0
7781	0
7782	0
7783	0
7784	0
7785	1
7786	0
7787	0
7788	0
7789	1
7790	1
7791	1
7792	1
7793	0
7794	1
7795	0
7796	0
7797	1
7798	0
7799	0
7800	0
7801	0
7802	0
7803	0
7804	0
7805	0
7806	1
7807	0
7808	0
7809	0
7810	0
7811	2
7812	2
7813	0
7814	0
7815	0
7816	0
7817	1
7818	0
7819	0
7820	0
7821	0
7822	0
7823	0
7824	1
7825	0
7826	1
7827	1
7828	0
7829	0
7830	0
7831	0
7832	0
7833	0
7834	1
7835	0
7836	0
7837	0
7838	0
7839	0
7840	0
7841	2
7842	1
7843	1
7844	0
7845	0
7846	0
7847	1
7848	0
7849	0
7850	0
7851	0
7852	0
7853	1
7854	2
7855	0
7856	1
7857	0
7858	0
7859	1
7860	0
7861	0
7862	0
7863	0
7864	0
7865	0
7866	0
7867	0
7868	0
7869	0
7870	1
7871	0
7872	0
7873	0
7874	0
7875	0
7876	0
7877	0
7878	0
7879	1
7880	1
7881	0
7882	0
7883	1
7884	0
7885	0
7886	0
7887	0
7888	0
7889	0
7890	0
7891	0
7892	0
7893	0
7894	0
7895	0
7896	0
7897	0
7898	0
7899	0
7900	1
7901	1
7902	0
7903	0
7904	1
7905	2
7906	0
7907	0
7908	0
7909	0
7910	0
7911	1
7912	1
7913	1
7914	0
7915	0
7916	0
7917	0
7918	0
7919	1
7920	0
7921	0
7922	0
7923	0
7924	0
7925	0
7926	1
7927	0
7928	0
7929	0
7930	0
7931	0
7932	1
7933	0
7934	2
7935	1
7936	0
7937	3
7938	1
7939	1
7940	0
7941	1
7942	0
7943	0
7944	0
7945	0
7946	0
7947	0
7948	0
7949	0
7950	0
7951	2
7952	0
7953	2
7954	0
7955	1
7956	1
7957	0
7958	1
7959	1
7960	0
7961	1
7962	0
7963	0
7964	1
7965	0
7966	0
7967	0
7968	0
7969	0
7970	1
7971	0
7972	0
7973	0
7974	0
7975	0
7976	0
7977	0
7978	0
7979	0
7980	0
7981	0
7982	0
7983	0
7984	0
7985	0
7986	0
7987	0
7988	0
7989	0
7990	1
7991	0
7992	1
7993	0
7994	0
7995	0
7996	0
7997	0
7998	0
7999	0
8000	0
8001	0
8002	0
8003	1
8004	0
8005	0
8006	0
8007	0
8008	0
8009	0
8010	2
8011	0
8012	0
8013	0
8014	0
8015	0
8016	0
8017	0
8018	0
8019	0
8020	1
8021	1
8022	1
8023	0
8024	0
8025	3
8026	0
8027	1
8028	0
8029	0
8030	0
8031	1
8032	0
8033	0
8034	0
8035	0
8036	0
8037	0
8038	0
8039	0
8040	0
8041	1
8042	0
8043	1
8044	0
8045	0
8046	1
8047	0
8048	0
8049	0
8050	1
8051	0
8052	0
8053	0
8054	0
8055	0
8056	2
8057	2
8058	1
8059	0
8060	0
8061	0
8062	0
8063	0
8064	0
8065	0
8066	0
8067	0
8068	0
8069	1
8070	0
8071	2
8072	1
8073	0
8074	0
8075	0
8076	0
8077	0
8078	0
8079	0
8080	1
8081	0
8082	0
8083	0
8084	0
8085	0
8086	0
8087	0
8088	0
8089	0
8090	0
8091	0
8092	0
8093	0
8094	0
8095	0
8096	0
8097	0
8098	0
8099	0
8100	0
8101	0
8102	0
8103	0
8104	0
8105	0
8106	0
8107	0
8108	0
8109	0
8110	0
8111	0
8112	0
8113	0
8114	0
8115	0
8116	0
8117	0
8118	0
8119	0
8120	0
8121	0
8122	0
8123	0
8124	0
8125	0
8126	0
8127	0
8128	0
8129	0
8130	0
8131	0
8132	0
8133	0
8134	0
8135	0
8136	0
8137	0
8138	0
8139	0
8140	0
8141	0
8142	0
8143	0
8144	0
8145	0
8146	0
8147	0
8148	0
8149	0
8150	0
8151	0
8152	0
8153	0
8154	0
8155	0
8156	0
8157	0
8158	0
8159	0
8160	0
8161	0
8162	0
8163	0
8164	0
8165	0
8166	0
8167	0
8168	0
8169	0
8170	0
8171	0
8172	0
8173	0
8174	0
8175	0
8176	0
8177	0
8178	0
8179	0
8180	0
8181	0
8182	0
8183	0
8184	0
8185	0
8186	0
8187	0
8188	0
8189	0
8190	0
8191	0
