0	0
1	0
2	0
3	0
4	0
5	0
6	0
7	0
8	0
9	0
10	0
11	0
12	0
13	0
14	0
15	0
16	0
17	0
18	0
19	0
20	0
21	0
22	0
23	0
24	0
25	0
26	0
27	0
28	0
29	0
30	0
31	0
32	0
33	0
34	0
35	0
36	0
37	0
38	0
39	0
40	0
41	0
42	0
43	0
44	0
45	0
46	0
47	0
48	0
49	0
50	0
51	0
52	0
53	0
54	0
55	0
56	0
57	0
58	0
59	0
60	0
61	0
62	0
63	0
64	0
65	0
66	0
67	0
68	0
69	0
70	0
71	0
72	0
73	0
74	0
75	0
76	0
77	0
78	0
79	0
80	0
81	0
82	0
83	0
84	0
85	0
86	3
87	8
88	5
89	6
90	9
91	9
92	15
93	9
94	5
95	14
96	5
97	7
98	10
99	9
100	5
101	5
102	10
103	13
104	8
105	12
106	5
107	11
108	11
109	7
110	8
111	9
112	5
113	9
114	7
115	5
116	12
117	11
118	8
119	12
120	9
121	9
122	13
123	9
124	7
125	6
126	12
127	14
128	5
129	12
130	12
131	8
132	6
133	12
134	10
135	7
136	10
137	11
138	7
139	10
140	8
141	16
142	6
143	9
144	14
145	14
146	18
147	7
148	11
149	11
150	11
151	10
152	5
153	9
154	11
155	11
156	9
157	10
158	11
159	12
160	12
161	6
162	6
163	12
164	9
165	3
166	14
167	12
168	7
169	8
170	16
171	7
172	12
173	15
174	6
175	5
176	10
177	12
178	8
179	12
180	7
181	9
182	7
183	12
184	9
185	11
186	10
187	14
188	7
189	15
190	7
191	9
192	7
193	10
194	3
195	6
196	5
197	7
198	7
199	8
200	16
201	9
202	16
203	11
204	8
205	13
206	5
207	13
208	7
209	10
210	10
211	6
212	12
213	5
214	7
215	9
216	9
217	18
218	11
219	8
220	10
221	8
222	10
223	6
224	14
225	14
226	10
227	7
228	11
229	15
230	11
231	11
232	8
233	6
234	8
235	11
236	9
237	5
238	10
239	8
240	12
241	16
242	6
243	14
244	7
245	9
246	9
247	7
248	10
249	12
250	16
251	15
252	9
253	8
254	10
255	9
256	8
257	9
258	13
259	9
260	12
261	10
262	9
263	11
264	5
265	16
266	11
267	9
268	9
269	12
270	8
271	14
272	7
273	10
274	7
275	6
276	9
277	9
278	7
279	13
280	16
281	6
282	10
283	10
284	11
285	8
286	12
287	9
288	8
289	13
290	9
291	11
292	10
293	9
294	7
295	10
296	17
297	9
298	9
299	9
300	12
301	14
302	12
303	10
304	10
305	20
306	10
307	9
308	12
309	9
310	7
311	10
312	9
313	12
314	13
315	5
316	9
317	7
318	10
319	13
320	11
321	16
322	14
323	12
324	12
325	13
326	14
327	7
328	10
329	11
330	12
331	12
332	11
333	4
334	12
335	12
336	7
337	7
338	10
339	10
340	11
341	13
342	10
343	11
344	11
345	12
346	8
347	9
348	5
349	7
350	8
351	11
352	10
353	12
354	15
355	5
356	7
357	15
358	12
359	13
360	13
361	14
362	11
363	12
364	9
365	10
366	10
367	10
368	11
369	6
370	10
371	10
372	11
373	7
374	13
375	8
376	14
377	12
378	11
379	14
380	8
381	17
382	15
383	14
384	9
385	10
386	11
387	17
388	12
389	10
390	13
391	8
392	9
393	5
394	8
395	13
396	11
397	12
398	11
399	8
400	15
401	6
402	9
403	7
404	9
405	8
406	15
407	15
408	11
409	19
410	13
411	7
412	10
413	16
414	3
415	13
416	15
417	17
418	13
419	11
420	11
421	15
422	13
423	11
424	13
425	6
426	8
427	8
428	12
429	15
430	12
431	13
432	12
433	8
434	16
435	17
436	11
437	11
438	9
439	16
440	13
441	8
442	11
443	16
444	17
445	15
446	18
447	11
448	15
449	11
450	13
451	12
452	18
453	12
454	9
455	9
456	12
457	14
458	15
459	4
460	14
461	16
462	13
463	13
464	11
465	12
466	9
467	13
468	8
469	11
470	13
471	12
472	15
473	12
474	11
475	10
476	9
477	9
478	17
479	14
480	11
481	11
482	10
483	14
484	14
485	9
486	8
487	16
488	13
489	11
490	19
491	17
492	19
493	12
494	9
495	15
496	18
497	16
498	12
499	15
500	14
501	14
502	8
503	11
504	14
505	19
506	16
507	13
508	12
509	8
510	15
511	14
512	21
513	10
514	7
515	14
516	24
517	16
518	15
519	18
520	9
521	22
522	10
523	12
524	27
525	17
526	15
527	12
528	10
529	12
530	19
531	7
532	16
533	14
534	12
535	17
536	20
537	16
538	17
539	22
540	13
541	16
542	10
543	13
544	17
545	15
546	11
547	9
548	20
549	22
550	15
551	18
552	23
553	15
554	16
555	18
556	11
557	17
558	19
559	15
560	22
561	20
562	27
563	16
564	17
565	17
566	14
567	19
568	20
569	18
570	16
571	20
572	19
573	17
574	17
575	25
576	18
577	22
578	8
579	23
580	19
581	29
582	24
583	22
584	25
585	25
586	25
587	24
588	21
589	29
590	24
591	27
592	20
593	21
594	13
595	25
596	15
597	25
598	20
599	25
600	17
601	19
602	19
603	18
604	16
605	17
606	18
607	23
608	25
609	18
610	15
611	20
612	26
613	23
614	31
615	19
616	32
617	21
618	15
619	22
620	27
621	29
622	22
623	19
624	20
625	17
626	27
627	18
628	16
629	17
630	22
631	19
632	19
633	16
634	17
635	15
636	15
637	23
638	18
639	20
640	16
641	14
642	19
643	21
644	18
645	27
646	12
647	19
648	16
649	11
650	19
651	13
652	10
653	22
654	25
655	24
656	21
657	15
658	12
659	12
660	20
661	11
662	19
663	15
664	16
665	17
666	22
667	19
668	12
669	13
670	21
671	18
672	13
673	16
674	15
675	21
676	24
677	15
678	15
679	20
680	22
681	11
682	15
683	35
684	15
685	15
686	13
687	19
688	23
689	22
690	18
691	16
692	19
693	10
694	13
695	19
696	15
697	22
698	22
699	17
700	13
701	17
702	12
703	16
704	20
705	28
706	17
707	11
708	18
709	19
710	15
711	10
712	18
713	19
714	20
715	10
716	16
717	23
718	16
719	19
720	17
721	14
722	18
723	17
724	20
725	15
726	22
727	15
728	21
729	19
730	15
731	13
732	16
733	10
734	21
735	17
736	12
737	16
738	9
739	13
740	16
741	14
742	23
743	14
744	11
745	19
746	17
747	10
748	14
749	15
750	19
751	15
752	20
753	15
754	15
755	14
756	17
757	11
758	19
759	18
760	14
761	24
762	14
763	18
764	15
765	20
766	24
767	15
768	22
769	7
770	15
771	9
772	19
773	15
774	14
775	14
776	19
777	16
778	22
779	14
780	16
781	9
782	11
783	13
784	20
785	17
786	14
787	15
788	23
789	18
790	20
791	12
792	16
793	25
794	10
795	16
796	20
797	17
798	14
799	19
800	18
801	23
802	22
803	18
804	16
805	8
806	18
807	16
808	18
809	20
810	25
811	13
812	18
813	16
814	20
815	17
816	18
817	18
818	17
819	16
820	24
821	23
822	20
823	17
824	18
825	12
826	15
827	15
828	17
829	16
830	23
831	14
832	14
833	17
834	19
835	14
836	21
837	19
838	13
839	18
840	19
841	11
842	14
843	19
844	17
845	22
846	15
847	21
848	15
849	20
850	18
851	31
852	20
853	17
854	12
855	22
856	16
857	17
858	24
859	18
860	19
861	22
862	15
863	23
864	16
865	22
866	17
867	29
868	22
869	19
870	24
871	25
872	22
873	28
874	27
875	13
876	23
877	22
878	17
879	21
880	18
881	32
882	19
883	13
884	19
885	12
886	21
887	17
888	12
889	10
890	28
891	22
892	22
893	29
894	26
895	19
896	23
897	17
898	18
899	16
900	19
901	22
902	25
903	10
904	15
905	17
906	22
907	22
908	26
909	12
910	27
911	14
912	23
913	21
914	23
915	17
916	11
917	17
918	23
919	22
920	13
921	19
922	18
923	23
924	14
925	21
926	22
927	21
928	22
929	20
930	12
931	17
932	13
933	21
934	25
935	29
936	26
937	21
938	23
939	24
940	13
941	18
942	16
943	29
944	21
945	20
946	20
947	23
948	22
949	19
950	22
951	21
952	17
953	22
954	25
955	31
956	22
957	23
958	22
959	18
960	20
961	32
962	15
963	24
964	21
965	26
966	24
967	22
968	19
969	18
970	24
971	17
972	16
973	26
974	25
975	23
976	24
977	23
978	12
979	26
980	30
981	26
982	17
983	21
984	27
985	17
986	34
987	16
988	19
989	24
990	30
991	21
992	20
993	19
994	19
995	30
996	21
997	20
998	24
999	17
1000	24
1001	25
1002	24
1003	17
1004	30
1005	20
1006	20
1007	15
1008	28
1009	14
1010	24
1011	21
1012	36
1013	32
1014	23
1015	19
1016	16
1017	16
1018	24
1019	20
1020	22
1021	21
1022	31
1023	23
1024	22
1025	25
1026	18
1027	17
1028	24
1029	21
1030	29
1031	26
1032	21
1033	33
1034	24
1035	25
1036	15
1037	35
1038	31
1039	22
1040	30
1041	20
1042	26
1043	28
1044	17
1045	32
1046	24
1047	21
1048	33
1049	31
1050	19
1051	21
1052	28
1053	22
1054	22
1055	24
1056	29
1057	25
1058	20
1059	28
1060	23
1061	29
1062	34
1063	26
1064	31
1065	24
1066	27
1067	20
1068	27
1069	32
1070	30
1071	29
1072	29
1073	26
1074	24
1075	25
1076	27
1077	22
1078	20
1079	22
1080	16
1081	27
1082	24
1083	29
1084	25
1085	17
1086	26
1087	27
1088	22
1089	27
1090	33
1091	17
1092	19
1093	24
1094	22
1095	26
1096	22
1097	27
1098	23
1099	19
1100	23
1101	33
1102	22
1103	28
1104	29
1105	26
1106	30
1107	14
1108	21
1109	24
1110	33
1111	26
1112	27
1113	23
1114	26
1115	27
1116	35
1117	23
1118	25
1119	36
1120	26
1121	19
1122	23
1123	35
1124	27
1125	20
1126	21
1127	29
1128	27
1129	34
1130	26
1131	22
1132	28
1133	21
1134	23
1135	28
1136	24
1137	21
1138	18
1139	26
1140	23
1141	35
1142	22
1143	16
1144	28
1145	22
1146	25
1147	34
1148	21
1149	26
1150	33
1151	27
1152	24
1153	24
1154	21
1155	23
1156	17
1157	29
1158	24
1159	28
1160	36
1161	29
1162	23
1163	27
1164	34
1165	24
1166	27
1167	26
1168	22
1169	30
1170	16
1171	25
1172	21
1173	24
1174	31
1175	26
1176	33
1177	24
1178	19
1179	17
1180	22
1181	26
1182	18
1183	30
1184	14
1185	32
1186	21
1187	25
1188	25
1189	26
1190	14
1191	22
1192	24
1193	27
1194	26
1195	28
1196	23
1197	33
1198	25
1199	21
1200	36
1201	23
1202	24
1203	26
1204	20
1205	20
1206	20
1207	25
1208	20
1209	33
1210	22
1211	27
1212	24
1213	20
1214	29
1215	29
1216	20
1217	22
1218	31
1219	15
1220	20
1221	24
1222	24
1223	26
1224	29
1225	33
1226	32
1227	22
1228	25
1229	21
1230	24
1231	34
1232	30
1233	20
1234	26
1235	36
1236	16
1237	19
1238	16
1239	20
1240	34
1241	29
1242	21
1243	23
1244	29
1245	30
1246	27
1247	27
1248	34
1249	28
1250	27
1251	22
1252	23
1253	30
1254	23
1255	24
1256	17
1257	25
1258	18
1259	25
1260	26
1261	37
1262	22
1263	30
1264	28
1265	21
1266	25
1267	38
1268	26
1269	33
1270	30
1271	20
1272	27
1273	22
1274	22
1275	26
1276	25
1277	30
1278	32
1279	26
1280	27
1281	26
1282	32
1283	18
1284	23
1285	30
1286	32
1287	15
1288	24
1289	21
1290	26
1291	27
1292	22
1293	26
1294	25
1295	23
1296	28
1297	25
1298	30
1299	26
1300	27
1301	18
1302	31
1303	32
1304	24
1305	34
1306	32
1307	31
1308	30
1309	26
1310	25
1311	30
1312	32
1313	40
1314	25
1315	29
1316	41
1317	30
1318	26
1319	21
1320	41
1321	28
1322	26
1323	25
1324	26
1325	31
1326	28
1327	36
1328	35
1329	30
1330	25
1331	29
1332	37
1333	34
1334	21
1335	21
1336	33
1337	26
1338	29
1339	27
1340	33
1341	27
1342	20
1343	24
1344	34
1345	21
1346	39
1347	28
1348	34
1349	27
1350	29
1351	31
1352	31
1353	14
1354	26
1355	29
1356	26
1357	31
1358	26
1359	34
1360	31
1361	31
1362	30
1363	26
1364	21
1365	28
1366	34
1367	40
1368	31
1369	27
1370	31
1371	29
1372	26
1373	24
1374	32
1375	30
1376	27
1377	30
1378	39
1379	34
1380	29
1381	27
1382	32
1383	19
1384	23
1385	27
1386	35
1387	29
1388	39
1389	26
1390	36
1391	31
1392	41
1393	28
1394	26
1395	33
1396	28
1397	25
1398	34
1399	16
1400	27
1401	34
1402	32
1403	21
1404	31
1405	23
1406	22
1407	29
1408	30
1409	22
1410	30
1411	26
1412	28
1413	28
1414	33
1415	27
1416	24
1417	31
1418	34
1419	33
1420	26
1421	33
1422	19
1423	33
1424	31
1425	23
1426	31
1427	23
1428	28
1429	36
1430	40
1431	35
1432	28
1433	32
1434	24
1435	27
1436	36
1437	21
1438	29
1439	29
1440	31
1441	30
1442	36
1443	39
1444	37
1445	26
1446	27
1447	34
1448	32
1449	31
1450	33
1451	46
1452	32
1453	29
1454	25
1455	29
1456	37
1457	31
1458	31
1459	26
1460	30
1461	28
1462	26
1463	29
1464	33
1465	31
1466	35
1467	32
1468	29
1469	41
1470	18
1471	29
1472	33
1473	25
1474	23
1475	39
1476	34
1477	35
1478	33
1479	23
1480	28
1481	23
1482	36
1483	41
1484	45
1485	32
1486	20
1487	24
1488	31
1489	30
1490	31
1491	31
1492	24
1493	33
1494	36
1495	26
1496	37
1497	25
1498	28
1499	22
1500	25
1501	27
1502	22
1503	27
1504	38
1505	37
1506	29
1507	38
1508	43
1509	34
1510	28
1511	36
1512	28
1513	33
1514	31
1515	32
1516	28
1517	28
1518	33
1519	33
1520	39
1521	30
1522	30
1523	27
1524	29
1525	34
1526	28
1527	29
1528	31
1529	25
1530	40
1531	49
1532	31
1533	27
1534	33
1535	29
1536	30
1537	32
1538	33
1539	38
1540	29
1541	33
1542	34
1543	39
1544	33
1545	36
1546	34
1547	37
1548	23
1549	28
1550	28
1551	23
1552	32
1553	40
1554	28
1555	37
1556	34
1557	26
1558	23
1559	36
1560	29
1561	27
1562	30
1563	25
1564	34
1565	32
1566	38
1567	26
1568	27
1569	28
1570	24
1571	28
1572	33
1573	38
1574	37
1575	27
1576	31
1577	32
1578	26
1579	24
1580	28
1581	34
1582	37
1583	25
1584	30
1585	19
1586	35
1587	30
1588	37
1589	31
1590	32
1591	34
1592	25
1593	34
1594	40
1595	25
1596	22
1597	29
1598	30
1599	32
1600	29
1601	31
1602	35
1603	29
1604	30
1605	43
1606	31
1607	36
1608	28
1609	31
1610	29
1611	38
1612	34
1613	39
1614	23
1615	32
1616	25
1617	38
1618	18
1619	28
1620	29
1621	28
1622	30
1623	31
1624	32
1625	37
1626	25
1627	30
1628	30
1629	20
1630	25
1631	32
1632	27
1633	22
1634	37
1635	21
1636	30
1637	24
1638	28
1639	33
1640	27
1641	21
1642	23
1643	31
1644	31
1645	33
1646	23
1647	33
1648	32
1649	29
1650	27
1651	39
1652	27
1653	24
1654	33
1655	21
1656	22
1657	31
1658	27
1659	31
1660	24
1661	27
1662	26
1663	30
1664	24
1665	29
1666	23
1667	33
1668	31
1669	22
1670	27
1671	32
1672	27
1673	18
1674	25
1675	29
1676	26
1677	21
1678	27
1679	21
1680	27
1681	19
1682	25
1683	26
1684	25
1685	16
1686	36
1687	32
1688	23
1689	22
1690	25
1691	14
1692	33
1693	19
1694	30
1695	20
1696	27
1697	23
1698	17
1699	21
1700	28
1701	26
1702	30
1703	29
1704	23
1705	21
1706	16
1707	29
1708	22
1709	22
1710	25
1711	23
1712	29
1713	22
1714	20
1715	26
1716	23
1717	33
1718	27
1719	24
1720	20
1721	28
1722	21
1723	20
1724	25
1725	21
1726	18
1727	17
1728	20
1729	24
1730	28
1731	28
1732	26
1733	25
1734	24
1735	10
1736	21
1737	26
1738	18
1739	33
1740	19
1741	21
1742	22
1743	23
1744	21
1745	23
1746	26
1747	26
1748	23
1749	25
1750	23
1751	24
1752	24
1753	34
1754	22
1755	15
1756	22
1757	15
1758	20
1759	26
1760	15
1761	18
1762	24
1763	31
1764	21
1765	24
1766	22
1767	15
1768	18
1769	14
1770	13
1771	27
1772	20
1773	18
1774	27
1775	21
1776	22
1777	24
1778	13
1779	18
1780	16
1781	18
1782	24
1783	21
1784	16
1785	27
1786	22
1787	30
1788	18
1789	27
1790	23
1791	27
1792	21
1793	22
1794	23
1795	24
1796	23
1797	24
1798	21
1799	16
1800	28
1801	25
1802	14
1803	23
1804	23
1805	26
1806	22
1807	24
1808	21
1809	18
1810	27
1811	19
1812	30
1813	28
1814	21
1815	29
1816	24
1817	16
1818	20
1819	27
1820	22
1821	19
1822	21
1823	21
1824	18
1825	25
1826	19
1827	20
1828	18
1829	16
1830	13
1831	28
1832	17
1833	19
1834	17
1835	19
1836	18
1837	20
1838	21
1839	22
1840	23
1841	20
1842	27
1843	15
1844	24
1845	23
1846	19
1847	17
1848	16
1849	21
1850	20
1851	20
1852	19
1853	20
1854	20
1855	10
1856	24
1857	21
1858	22
1859	23
1860	26
1861	13
1862	11
1863	27
1864	19
1865	21
1866	19
1867	16
1868	22
1869	23
1870	13
1871	14
1872	24
1873	16
1874	15
1875	19
1876	22
1877	19
1878	20
1879	22
1880	24
1881	21
1882	19
1883	22
1884	20
1885	22
1886	35
1887	13
1888	17
1889	11
1890	23
1891	17
1892	19
1893	25
1894	17
1895	12
1896	29
1897	19
1898	18
1899	24
1900	20
1901	24
1902	19
1903	13
1904	17
1905	13
1906	22
1907	17
1908	12
1909	12
1910	23
1911	17
1912	18
1913	17
1914	18
1915	23
1916	18
1917	20
1918	17
1919	18
1920	15
1921	26
1922	18
1923	21
1924	21
1925	15
1926	20
1927	18
1928	16
1929	26
1930	30
1931	17
1932	14
1933	18
1934	20
1935	25
1936	27
1937	7
1938	19
1939	19
1940	19
1941	17
1942	18
1943	18
1944	12
1945	15
1946	20
1947	18
1948	20
1949	13
1950	26
1951	16
1952	20
1953	18
1954	21
1955	18
1956	16
1957	19
1958	22
1959	17
1960	14
1961	20
1962	19
1963	14
1964	11
1965	13
1966	24
1967	12
1968	21
1969	23
1970	17
1971	14
1972	10
1973	19
1974	25
1975	25
1976	23
1977	20
1978	20
1979	19
1980	21
1981	15
1982	17
1983	27
1984	16
1985	22
1986	9
1987	11
1988	21
1989	16
1990	20
1991	22
1992	26
1993	18
1994	22
1995	18
1996	30
1997	12
1998	22
1999	18
2000	19
2001	17
2002	16
2003	14
2004	20
2005	17
2006	20
2007	15
2008	18
2009	22
2010	17
2011	16
2012	14
2013	22
2014	15
2015	15
2016	12
2017	17
2018	26
2019	13
2020	16
2021	10
2022	8
2023	15
2024	14
2025	12
2026	20
2027	17
2028	12
2029	18
2030	22
2031	16
2032	20
2033	15
2034	22
2035	14
2036	14
2037	17
2038	18
2039	20
2040	20
2041	9
2042	11
2043	18
2044	21
2045	17
2046	14
2047	16
2048	13
2049	13
2050	21
2051	21
2052	16
2053	18
2054	14
2055	14
2056	13
2057	19
2058	19
2059	16
2060	19
2061	18
2062	20
2063	15
2064	22
2065	16
2066	19
2067	19
2068	14
2069	26
2070	11
2071	18
2072	22
2073	15
2074	18
2075	17
2076	20
2077	21
2078	16
2079	21
2080	18
2081	12
2082	13
2083	15
2084	24
2085	21
2086	21
2087	17
2088	15
2089	14
2090	19
2091	16
2092	12
2093	22
2094	14
2095	11
2096	17
2097	18
2098	14
2099	21
2100	15
2101	17
2102	22
2103	14
2104	19
2105	12
2106	25
2107	17
2108	15
2109	27
2110	22
2111	18
2112	19
2113	24
2114	14
2115	14
2116	20
2117	17
2118	20
2119	10
2120	15
2121	20
2122	8
2123	23
2124	19
2125	20
2126	11
2127	19
2128	20
2129	19
2130	18
2131	16
2132	13
2133	19
2134	15
2135	17
2136	14
2137	11
2138	10
2139	17
2140	19
2141	24
2142	19
2143	17
2144	20
2145	12
2146	14
2147	14
2148	15
2149	19
2150	20
2151	15
2152	21
2153	18
2154	20
2155	13
2156	14
2157	24
2158	19
2159	8
2160	22
2161	18
2162	18
2163	18
2164	17
2165	18
2166	16
2167	10
2168	20
2169	17
2170	12
2171	15
2172	17
2173	13
2174	18
2175	12
2176	21
2177	4
2178	18
2179	9
2180	17
2181	18
2182	15
2183	12
2184	18
2185	17
2186	15
2187	20
2188	15
2189	13
2190	11
2191	15
2192	18
2193	19
2194	26
2195	9
2196	15
2197	14
2198	8
2199	8
2200	16
2201	20
2202	17
2203	24
2204	15
2205	17
2206	18
2207	15
2208	25
2209	17
2210	11
2211	8
2212	16
2213	17
2214	27
2215	19
2216	14
2217	15
2218	27
2219	20
2220	19
2221	17
2222	11
2223	17
2224	14
2225	13
2226	12
2227	14
2228	13
2229	19
2230	13
2231	23
2232	15
2233	12
2234	13
2235	13
2236	11
2237	15
2238	13
2239	9
2240	17
2241	10
2242	16
2243	20
2244	11
2245	15
2246	20
2247	20
2248	12
2249	14
2250	17
2251	7
2252	14
2253	11
2254	20
2255	16
2256	14
2257	18
2258	20
2259	20
2260	14
2261	17
2262	19
2263	11
2264	11
2265	15
2266	11
2267	23
2268	20
2269	12
2270	11
2271	15
2272	12
2273	11
2274	25
2275	18
2276	18
2277	17
2278	20
2279	22
2280	17
2281	11
2282	21
2283	19
2284	19
2285	16
2286	9
2287	15
2288	15
2289	20
2290	12
2291	16
2292	19
2293	17
2294	19
2295	13
2296	13
2297	12
2298	13
2299	16
2300	14
2301	16
2302	16
2303	17
2304	14
2305	16
2306	21
2307	6
2308	16
2309	18
2310	11
2311	13
2312	12
2313	16
2314	13
2315	19
2316	15
2317	14
2318	15
2319	22
2320	18
2321	15
2322	16
2323	13
2324	8
2325	16
2326	18
2327	18
2328	18
2329	15
2330	20
2331	18
2332	11
2333	23
2334	16
2335	19
2336	18
2337	17
2338	8
2339	16
2340	21
2341	19
2342	16
2343	16
2344	17
2345	16
2346	15
2347	13
2348	19
2349	16
2350	13
2351	19
2352	14
2353	18
2354	18
2355	15
2356	15
2357	11
2358	14
2359	8
2360	13
2361	13
2362	17
2363	11
2364	14
2365	12
2366	9
2367	14
2368	14
2369	13
2370	17
2371	15
2372	7
2373	11
2374	14
2375	12
2376	20
2377	14
2378	16
2379	15
2380	8
2381	11
2382	10
2383	13
2384	15
2385	12
2386	7
2387	15
2388	20
2389	14
2390	20
2391	14
2392	12
2393	22
2394	12
2395	12
2396	11
2397	16
2398	10
2399	17
2400	12
2401	18
2402	10
2403	15
2404	12
2405	24
2406	12
2407	16
2408	17
2409	15
2410	13
2411	12
2412	12
2413	14
2414	21
2415	20
2416	10
2417	17
2418	11
2419	9
2420	16
2421	16
2422	13
2423	15
2424	17
2425	12
2426	25
2427	20
2428	10
2429	11
2430	11
2431	13
2432	14
2433	14
2434	16
2435	7
2436	25
2437	16
2438	22
2439	11
2440	15
2441	15
2442	12
2443	10
2444	16
2445	12
2446	15
2447	17
2448	13
2449	12
2450	19
2451	13
2452	11
2453	12
2454	16
2455	14
2456	19
2457	14
2458	15
2459	17
2460	12
2461	9
2462	13
2463	11
2464	12
2465	13
2466	12
2467	10
2468	14
2469	16
2470	17
2471	12
2472	12
2473	13
2474	10
2475	12
2476	20
2477	15
2478	8
2479	14
2480	6
2481	18
2482	10
2483	13
2484	13
2485	15
2486	16
2487	16
2488	20
2489	17
2490	13
2491	13
2492	10
2493	10
2494	10
2495	11
2496	13
2497	12
2498	17
2499	12
2500	13
2501	16
2502	12
2503	10
2504	13
2505	10
2506	15
2507	9
2508	16
2509	13
2510	11
2511	16
2512	14
2513	10
2514	16
2515	18
2516	12
2517	10
2518	12
2519	7
2520	22
2521	12
2522	13
2523	22
2524	14
2525	14
2526	19
2527	11
2528	16
2529	13
2530	16
2531	15
2532	5
2533	8
2534	14
2535	9
2536	14
2537	16
2538	9
2539	18
2540	14
2541	10
2542	8
2543	15
2544	9
2545	11
2546	16
2547	16
2548	20
2549	14
2550	13
2551	9
2552	15
2553	14
2554	17
2555	12
2556	13
2557	19
2558	17
2559	10
2560	15
2561	9
2562	18
2563	15
2564	14
2565	9
2566	13
2567	10
2568	13
2569	12
2570	9
2571	22
2572	10
2573	8
2574	10
2575	22
2576	10
2577	13
2578	10
2579	15
2580	15
2581	22
2582	6
2583	11
2584	12
2585	12
2586	14
2587	10
2588	14
2589	11
2590	8
2591	12
2592	13
2593	12
2594	18
2595	13
2596	14
2597	14
2598	14
2599	10
2600	19
2601	14
2602	13
2603	11
2604	17
2605	17
2606	9
2607	11
2608	11
2609	11
2610	13
2611	18
2612	6
2613	18
2614	10
2615	16
2616	13
2617	14
2618	14
2619	13
2620	9
2621	13
2622	15
2623	16
2624	15
2625	18
2626	15
2627	10
2628	9
2629	20
2630	10
2631	15
2632	12
2633	12
2634	9
2635	13
2636	6
2637	8
2638	9
2639	8
2640	12
2641	8
2642	10
2643	9
2644	10
2645	13
2646	18
2647	17
2648	15
2649	14
2650	8
2651	15
2652	15
2653	17
2654	14
2655	19
2656	14
2657	13
2658	12
2659	11
2660	19
2661	9
2662	18
2663	8
2664	20
2665	11
2666	16
2667	12
2668	16
2669	17
2670	9
2671	15
2672	13
2673	20
2674	12
2675	10
2676	9
2677	13
2678	4
2679	16
2680	11
2681	13
2682	9
2683	14
2684	17
2685	14
2686	19
2687	16
2688	16
2689	12
2690	15
2691	8
2692	13
2693	10
2694	23
2695	6
2696	18
2697	9
2698	12
2699	15
2700	8
2701	12
2702	14
2703	21
2704	13
2705	15
2706	12
2707	13
2708	14
2709	19
2710	15
2711	11
2712	18
2713	9
2714	10
2715	11
2716	6
2717	9
2718	15
2719	9
2720	12
2721	14
2722	9
2723	13
2724	12
2725	12
2726	4
2727	10
2728	10
2729	22
2730	11
2731	9
2732	14
2733	21
2734	8
2735	8
2736	9
2737	11
2738	13
2739	5
2740	13
2741	13
2742	17
2743	11
2744	11
2745	8
2746	9
2747	6
2748	13
2749	15
2750	9
2751	13
2752	10
2753	17
2754	13
2755	7
2756	15
2757	6
2758	15
2759	8
2760	7
2761	15
2762	13
2763	15
2764	11
2765	10
2766	10
2767	10
2768	19
2769	15
2770	5
2771	18
2772	8
2773	11
2774	17
2775	14
2776	6
2777	11
2778	14
2779	15
2780	13
2781	9
2782	18
2783	9
2784	15
2785	14
2786	10
2787	12
2788	9
2789	17
2790	12
2791	14
2792	13
2793	12
2794	17
2795	8
2796	15
2797	13
2798	10
2799	10
2800	16
2801	12
2802	14
2803	15
2804	10
2805	9
2806	12
2807	8
2808	13
2809	12
2810	9
2811	10
2812	4
2813	14
2814	19
2815	10
2816	9
2817	7
2818	17
2819	5
2820	14
2821	10
2822	18
2823	20
2824	9
2825	8
2826	16
2827	1
2828	9
2829	5
2830	7
2831	12
2832	7
2833	13
2834	6
2835	20
2836	15
2837	8
2838	7
2839	8
2840	19
2841	9
2842	9
2843	12
2844	6
2845	10
2846	11
2847	9
2848	16
2849	13
2850	13
2851	13
2852	13
2853	12
2854	12
2855	18
2856	10
2857	10
2858	5
2859	11
2860	13
2861	11
2862	22
2863	20
2864	6
2865	10
2866	10
2867	8
2868	16
2869	11
2870	10
2871	14
2872	6
2873	15
2874	18
2875	10
2876	8
2877	9
2878	11
2879	15
2880	17
2881	6
2882	9
2883	11
2884	10
2885	7
2886	9
2887	16
2888	2
2889	7
2890	10
2891	8
2892	13
2893	13
2894	16
2895	7
2896	9
2897	9
2898	14
2899	11
2900	13
2901	15
2902	10
2903	9
2904	14
2905	9
2906	11
2907	13
2908	10
2909	17
2910	10
2911	6
2912	4
2913	10
2914	11
2915	11
2916	7
2917	16
2918	10
2919	6
2920	8
2921	12
2922	10
2923	6
2924	15
2925	9
2926	4
2927	12
2928	8
2929	15
2930	11
2931	9
2932	11
2933	12
2934	9
2935	8
2936	15
2937	8
2938	10
2939	10
2940	11
2941	13
2942	12
2943	9
2944	21
2945	16
2946	9
2947	9
2948	12
2949	11
2950	15
2951	18
2952	9
2953	8
2954	9
2955	3
2956	11
2957	11
2958	10
2959	8
2960	11
2961	5
2962	7
2963	10
2964	8
2965	16
2966	6
2967	13
2968	14
2969	16
2970	8
2971	21
2972	10
2973	6
2974	11
2975	16
2976	6
2977	12
2978	6
2979	7
2980	3
2981	11
2982	16
2983	7
2984	11
2985	12
2986	14
2987	8
2988	9
2989	9
2990	13
2991	8
2992	17
2993	6
2994	16
2995	14
2996	11
2997	9
2998	10
2999	25
3000	10
3001	13
3002	11
3003	15
3004	7
3005	9
3006	12
3007	7
3008	9
3009	15
3010	3
3011	10
3012	15
3013	15
3014	8
3015	14
3016	13
3017	8
3018	13
3019	9
3020	10
3021	8
3022	7
3023	12
3024	19
3025	8
3026	6
3027	15
3028	7
3029	15
3030	9
3031	9
3032	9
3033	13
3034	4
3035	11
3036	8
3037	16
3038	15
3039	11
3040	12
3041	8
3042	11
3043	15
3044	11
3045	10
3046	10
3047	14
3048	13
3049	11
3050	10
3051	6
3052	8
3053	10
3054	12
3055	13
3056	15
3057	10
3058	10
3059	10
3060	7
3061	12
3062	9
3063	9
3064	8
3065	7
3066	14
3067	14
3068	9
3069	9
3070	12
3071	9
3072	6
3073	9
3074	11
3075	12
3076	14
3077	11
3078	9
3079	12
3080	6
3081	11
3082	14
3083	10
3084	13
3085	11
3086	11
3087	6
3088	11
3089	14
3090	9
3091	11
3092	6
3093	11
3094	7
3095	10
3096	6
3097	6
3098	9
3099	14
3100	5
3101	9
3102	11
3103	15
3104	14
3105	13
3106	8
3107	7
3108	12
3109	11
3110	9
3111	19
3112	10
3113	10
3114	14
3115	4
3116	4
3117	18
3118	14
3119	6
3120	12
3121	6
3122	4
3123	6
3124	9
3125	14
3126	10
3127	10
3128	11
3129	11
3130	15
3131	8
3132	10
3133	6
3134	7
3135	12
3136	9
3137	11
3138	11
3139	11
3140	7
3141	12
3142	10
3143	8
3144	16
3145	9
3146	11
3147	17
3148	2
3149	12
3150	10
3151	11
3152	9
3153	8
3154	11
3155	7
3156	14
3157	13
3158	12
3159	15
3160	9
3161	4
3162	10
3163	10
3164	14
3165	9
3166	13
3167	8
3168	5
3169	6
3170	3
3171	8
3172	8
3173	13
3174	12
3175	10
3176	9
3177	13
3178	5
3179	5
3180	6
3181	8
3182	7
3183	3
3184	8
3185	5
3186	7
3187	13
3188	10
3189	9
3190	5
3191	9
3192	12
3193	13
3194	6
3195	8
3196	6
3197	13
3198	8
3199	9
3200	16
3201	8
3202	10
3203	8
3204	11
3205	12
3206	7
3207	16
3208	13
3209	4
3210	11
3211	7
3212	9
3213	6
3214	10
3215	8
3216	9
3217	10
3218	11
3219	7
3220	12
3221	11
3222	10
3223	9
3224	14
3225	10
3226	8
3227	11
3228	7
3229	4
3230	12
3231	13
3232	7
3233	10
3234	7
3235	5
3236	7
3237	9
3238	12
3239	6
3240	7
3241	11
3242	10
3243	8
3244	7
3245	6
3246	11
3247	7
3248	10
3249	10
3250	14
3251	13
3252	14
3253	7
3254	12
3255	7
3256	7
3257	3
3258	11
3259	9
3260	6
3261	9
3262	17
3263	11
3264	6
3265	9
3266	8
3267	4
3268	7
3269	12
3270	5
3271	11
3272	11
3273	9
3274	10
3275	6
3276	9
3277	7
3278	6
3279	6
3280	12
3281	10
3282	6
3283	4
3284	10
3285	7
3286	9
3287	5
3288	9
3289	9
3290	9
3291	5
3292	4
3293	8
3294	11
3295	14
3296	10
3297	9
3298	14
3299	11
3300	15
3301	7
3302	9
3303	7
3304	7
3305	13
3306	13
3307	7
3308	9
3309	6
3310	11
3311	7
3312	3
3313	11
3314	15
3315	8
3316	7
3317	3
3318	14
3319	10
3320	10
3321	7
3322	5
3323	10
3324	8
3325	7
3326	13
3327	9
3328	7
3329	11
3330	2
3331	12
3332	12
3333	9
3334	11
3335	8
3336	12
3337	7
3338	12
3339	7
3340	6
3341	10
3342	7
3343	7
3344	12
3345	11
3346	9
3347	12
3348	6
3349	9
3350	13
3351	15
3352	11
3353	5
3354	7
3355	7
3356	9
3357	9
3358	10
3359	3
3360	8
3361	9
3362	12
3363	12
3364	10
3365	8
3366	7
3367	5
3368	11
3369	3
3370	11
3371	10
3372	15
3373	4
3374	7
3375	11
3376	10
3377	10
3378	6
3379	4
3380	9
3381	8
3382	11
3383	7
3384	11
3385	9
3386	10
3387	12
3388	9
3389	8
3390	10
3391	10
3392	5
3393	7
3394	5
3395	6
3396	9
3397	9
3398	10
3399	11
3400	8
3401	6
3402	8
3403	7
3404	13
3405	12
3406	5
3407	10
3408	7
3409	12
3410	5
3411	11
3412	7
3413	4
3414	7
3415	9
3416	7
3417	9
3418	3
3419	13
3420	5
3421	11
3422	8
3423	8
3424	7
3425	7
3426	13
3427	4
3428	16
3429	14
3430	11
3431	11
3432	10
3433	8
3434	13
3435	9
3436	6
3437	5
3438	9
3439	7
3440	5
3441	5
3442	14
3443	13
3444	10
3445	8
3446	7
3447	8
3448	6
3449	8
3450	6
3451	10
3452	5
3453	6
3454	7
3455	6
3456	14
3457	10
3458	10
3459	11
3460	9
3461	9
3462	6
3463	4
3464	9
3465	6
3466	7
3467	9
3468	12
3469	6
3470	10
3471	10
3472	9
3473	13
3474	11
3475	9
3476	5
3477	7
3478	6
3479	6
3480	9
3481	7
3482	8
3483	4
3484	7
3485	9
3486	10
3487	10
3488	6
3489	7
3490	15
3491	10
3492	8
3493	10
3494	7
3495	4
3496	6
3497	12
3498	6
3499	7
3500	11
3501	6
3502	10
3503	8
3504	6
3505	10
3506	7
3507	10
3508	7
3509	6
3510	9
3511	11
3512	8
3513	13
3514	9
3515	10
3516	8
3517	9
3518	11
3519	11
3520	5
3521	5
3522	10
3523	6
3524	11
3525	7
3526	11
3527	9
3528	8
3529	15
3530	8
3531	11
3532	4
3533	13
3534	8
3535	12
3536	9
3537	9
3538	5
3539	6
3540	10
3541	12
3542	8
3543	8
3544	6
3545	6
3546	7
3547	6
3548	16
3549	13
3550	10
3551	14
3552	11
3553	4
3554	4
3555	7
3556	7
3557	8
3558	14
3559	5
3560	6
3561	11
3562	8
3563	6
3564	12
3565	9
3566	8
3567	5
3568	11
3569	9
3570	7
3571	8
3572	6
3573	10
3574	8
3575	7
3576	5
3577	4
3578	11
3579	12
3580	6
3581	10
3582	8
3583	16
3584	3
3585	11
3586	13
3587	9
3588	13
3589	9
3590	6
3591	6
3592	6
3593	12
3594	8
3595	9
3596	9
3597	14
3598	7
3599	3
3600	8
3601	6
3602	8
3603	8
3604	6
3605	8
3606	5
3607	8
3608	8
3609	12
3610	7
3611	4
3612	6
3613	9
3614	5
3615	9
3616	7
3617	5
3618	11
3619	5
3620	10
3621	6
3622	8
3623	7
3624	7
3625	11
3626	7
3627	7
3628	5
3629	9
3630	6
3631	5
3632	10
3633	6
3634	14
3635	7
3636	5
3637	6
3638	2
3639	9
3640	4
3641	11
3642	15
3643	13
3644	10
3645	8
3646	8
3647	13
3648	9
3649	8
3650	5
3651	6
3652	5
3653	10
3654	8
3655	7
3656	4
3657	7
3658	8
3659	6
3660	11
3661	5
3662	8
3663	8
3664	6
3665	9
3666	8
3667	9
3668	10
3669	7
3670	6
3671	6
3672	1
3673	15
3674	10
3675	13
3676	11
3677	12
3678	14
3679	10
3680	4
3681	10
3682	6
3683	7
3684	11
3685	9
3686	5
3687	6
3688	7
3689	10
3690	6
3691	7
3692	5
3693	9
3694	13
3695	12
3696	10
3697	10
3698	6
3699	7
3700	7
3701	5
3702	8
3703	8
3704	13
3705	6
3706	9
3707	11
3708	5
3709	11
3710	4
3711	11
3712	5
3713	5
3714	13
3715	4
3716	7
3717	14
3718	12
3719	12
3720	6
3721	9
3722	4
3723	8
3724	12
3725	6
3726	6
3727	7
3728	9
3729	10
3730	8
3731	10
3732	11
3733	9
3734	9
3735	13
3736	10
3737	6
3738	5
3739	12
3740	8
3741	10
3742	7
3743	8
3744	9
3745	6
3746	10
3747	10
3748	9
3749	7
3750	6
3751	7
3752	6
3753	8
3754	11
3755	5
3756	10
3757	8
3758	6
3759	6
3760	10
3761	3
3762	10
3763	10
3764	5
3765	4
3766	8
3767	7
3768	8
3769	10
3770	9
3771	7
3772	5
3773	7
3774	8
3775	6
3776	4
3777	9
3778	10
3779	6
3780	7
3781	6
3782	4
3783	13
3784	6
3785	16
3786	8
3787	11
3788	10
3789	13
3790	7
3791	8
3792	8
3793	6
3794	5
3795	12
3796	9
3797	3
3798	7
3799	10
3800	4
3801	8
3802	13
3803	14
3804	10
3805	7
3806	10
3807	7
3808	11
3809	5
3810	11
3811	9
3812	12
3813	9
3814	11
3815	2
3816	6
3817	5
3818	8
3819	5
3820	8
3821	11
3822	11
3823	9
3824	7
3825	5
3826	9
3827	6
3828	8
3829	5
3830	7
3831	6
3832	11
3833	10
3834	6
3835	9
3836	4
3837	5
3838	11
3839	7
3840	8
3841	7
3842	13
3843	7
3844	11
3845	7
3846	6
3847	11
3848	10
3849	10
3850	10
3851	10
3852	4
3853	8
3854	6
3855	11
3856	5
3857	11
3858	12
3859	12
3860	8
3861	9
3862	15
3863	7
3864	7
3865	9
3866	12
3867	5
3868	6
3869	7
3870	12
3871	7
3872	9
3873	7
3874	4
3875	6
3876	8
3877	10
3878	11
3879	9
3880	6
3881	6
3882	9
3883	10
3884	8
3885	10
3886	12
3887	4
3888	10
3889	4
3890	12
3891	11
3892	2
3893	13
3894	3
3895	3
3896	12
3897	7
3898	6
3899	11
3900	6
3901	12
3902	8
3903	4
3904	8
3905	10
3906	9
3907	8
3908	9
3909	13
3910	8
3911	7
3912	4
3913	6
3914	13
3915	4
3916	8
3917	5
3918	7
3919	8
3920	7
3921	12
3922	7
3923	10
3924	12
3925	13
3926	8
3927	9
3928	6
3929	10
3930	10
3931	9
3932	4
3933	2
3934	7
3935	6
3936	11
3937	7
3938	10
3939	12
3940	10
3941	5
3942	6
3943	9
3944	15
3945	13
3946	12
3947	9
3948	10
3949	2
3950	10
3951	8
3952	10
3953	7
3954	9
3955	1
3956	6
3957	6
3958	9
3959	7
3960	6
3961	10
3962	9
3963	8
3964	6
3965	15
3966	7
3967	4
3968	6
3969	11
3970	6
3971	16
3972	3
3973	10
3974	8
3975	6
3976	8
3977	10
3978	7
3979	9
3980	8
3981	12
3982	7
3983	11
3984	6
3985	7
3986	12
3987	9
3988	13
3989	11
3990	2
3991	3
3992	4
3993	13
3994	6
3995	12
3996	11
3997	10
3998	6
3999	8
4000	7
4001	5
4002	11
4003	12
4004	4
4005	9
4006	7
4007	8
4008	8
4009	10
4010	9
4011	10
4012	11
4013	14
4014	6
4015	8
4016	17
4017	7
4018	11
4019	3
4020	12
4021	6
4022	5
4023	6
4024	12
4025	7
4026	5
4027	11
4028	6
4029	7
4030	13
4031	13
4032	12
4033	10
4034	10
4035	7
4036	9
4037	11
4038	10
4039	8
4040	5
4041	8
4042	7
4043	8
4044	7
4045	8
4046	13
4047	7
4048	9
4049	3
4050	11
4051	10
4052	7
4053	4
4054	5
4055	7
4056	9
4057	12
4058	6
4059	11
4060	6
4061	8
4062	11
4063	9
4064	8
4065	9
4066	11
4067	10
4068	9
4069	10
4070	10
4071	9
4072	5
4073	12
4074	7
4075	15
4076	10
4077	5
4078	9
4079	10
4080	12
4081	8
4082	9
4083	12
4084	9
4085	4
4086	4
4087	10
4088	12
4089	9
4090	8
4091	9
4092	2
4093	13
4094	8
4095	8
4096	5
4097	9
4098	10
4099	10
4100	11
4101	6
4102	6
4103	9
4104	10
4105	9
4106	11
4107	14
4108	6
4109	9
4110	10
4111	11
4112	10
4113	9
4114	9
4115	13
4116	9
4117	8
4118	9
4119	9
4120	9
4121	8
4122	10
4123	13
4124	15
4125	9
4126	11
4127	6
4128	7
4129	5
4130	6
4131	9
4132	11
4133	6
4134	10
4135	6
4136	6
4137	8
4138	15
4139	10
4140	6
4141	12
4142	7
4143	6
4144	15
4145	5
4146	12
4147	10
4148	4
4149	8
4150	8
4151	12
4152	9
4153	5
4154	8
4155	9
4156	10
4157	7
4158	12
4159	7
4160	10
4161	14
4162	11
4163	11
4164	6
4165	13
4166	4
4167	6
4168	3
4169	11
4170	10
4171	6
4172	11
4173	11
4174	13
4175	6
4176	6
4177	7
4178	7
4179	9
4180	6
4181	6
4182	13
4183	7
4184	6
4185	8
4186	14
4187	10
4188	10
4189	7
4190	13
4191	8
4192	6
4193	7
4194	9
4195	7
4196	8
4197	12
4198	9
4199	11
4200	9
4201	13
4202	13
4203	10
4204	6
4205	7
4206	6
4207	8
4208	6
4209	12
4210	9
4211	5
4212	10
4213	6
4214	7
4215	11
4216	9
4217	11
4218	13
4219	5
4220	12
4221	7
4222	6
4223	14
4224	7
4225	10
4226	7
4227	4
4228	9
4229	7
4230	10
4231	7
4232	15
4233	9
4234	10
4235	10
4236	6
4237	7
4238	10
4239	8
4240	7
4241	9
4242	6
4243	14
4244	7
4245	8
4246	5
4247	4
4248	6
4249	11
4250	11
4251	12
4252	8
4253	8
4254	5
4255	10
4256	6
4257	9
4258	8
4259	7
4260	11
4261	10
4262	13
4263	6
4264	11
4265	8
4266	6
4267	11
4268	8
4269	11
4270	11
4271	12
4272	10
4273	3
4274	7
4275	2
4276	10
4277	8
4278	5
4279	12
4280	12
4281	7
4282	12
4283	9
4284	10
4285	8
4286	6
4287	12
4288	9
4289	9
4290	11
4291	5
4292	6
4293	9
4294	11
4295	15
4296	13
4297	7
4298	9
4299	10
4300	9
4301	9
4302	10
4303	10
4304	5
4305	14
4306	10
4307	7
4308	10
4309	8
4310	11
4311	9
4312	9
4313	12
4314	12
4315	11
4316	14
4317	8
4318	14
4319	5
4320	14
4321	6
4322	7
4323	4
4324	5
4325	6
4326	7
4327	12
4328	11
4329	6
4330	7
4331	12
4332	14
4333	10
4334	9
4335	11
4336	16
4337	8
4338	8
4339	8
4340	7
4341	9
4342	6
4343	3
4344	12
4345	13
4346	14
4347	11
4348	5
4349	13
4350	12
4351	9
4352	7
4353	11
4354	10
4355	9
4356	8
4357	12
4358	7
4359	11
4360	12
4361	10
4362	9
4363	8
4364	13
4365	11
4366	10
4367	13
4368	12
4369	10
4370	6
4371	6
4372	11
4373	11
4374	10
4375	6
4376	7
4377	15
4378	9
4379	12
4380	8
4381	10
4382	10
4383	10
4384	13
4385	12
4386	11
4387	7
4388	14
4389	14
4390	6
4391	9
4392	5
4393	12
4394	5
4395	10
4396	5
4397	7
4398	7
4399	12
4400	11
4401	14
4402	7
4403	9
4404	10
4405	4
4406	11
4407	9
4408	4
4409	15
4410	7
4411	12
4412	11
4413	17
4414	17
4415	12
4416	13
4417	18
4418	16
4419	12
4420	9
4421	8
4422	7
4423	9
4424	13
4425	9
4426	10
4427	15
4428	10
4429	9
4430	18
4431	13
4432	13
4433	13
4434	19
4435	16
4436	16
4437	9
4438	8
4439	12
4440	11
4441	13
4442	13
4443	7
4444	11
4445	12
4446	14
4447	9
4448	12
4449	9
4450	18
4451	7
4452	10
4453	7
4454	11
4455	10
4456	13
4457	15
4458	11
4459	18
4460	8
4461	15
4462	11
4463	11
4464	17
4465	9
4466	14
4467	7
4468	14
4469	9
4470	11
4471	18
4472	15
4473	4
4474	10
4475	16
4476	14
4477	10
4478	10
4479	7
4480	9
4481	21
4482	10
4483	13
4484	5
4485	19
4486	11
4487	17
4488	9
4489	17
4490	8
4491	12
4492	15
4493	12
4494	8
4495	16
4496	8
4497	11
4498	14
4499	20
4500	12
4501	15
4502	8
4503	12
4504	17
4505	12
4506	12
4507	9
4508	14
4509	9
4510	12
4511	8
4512	9
4513	11
4514	16
4515	18
4516	9
4517	14
4518	8
4519	13
4520	10
4521	14
4522	10
4523	7
4524	10
4525	8
4526	12
4527	17
4528	7
4529	12
4530	20
4531	15
4532	11
4533	11
4534	12
4535	9
4536	11
4537	16
4538	9
4539	25
4540	18
4541	12
4542	17
4543	14
4544	15
4545	15
4546	12
4547	9
4548	15
4549	13
4550	12
4551	19
4552	17
4553	19
4554	12
4555	12
4556	22
4557	14
4558	19
4559	14
4560	13
4561	11
4562	10
4563	19
4564	15
4565	12
4566	14
4567	15
4568	15
4569	10
4570	12
4571	16
4572	10
4573	4
4574	18
4575	19
4576	14
4577	18
4578	13
4579	19
4580	19
4581	20
4582	17
4583	9
4584	16
4585	16
4586	16
4587	12
4588	24
4589	14
4590	16
4591	17
4592	5
4593	15
4594	14
4595	22
4596	14
4597	18
4598	13
4599	20
4600	18
4601	22
4602	13
4603	17
4604	11
4605	13
4606	21
4607	14
4608	13
4609	14
4610	9
4611	15
4612	18
4613	15
4614	14
4615	15
4616	19
4617	12
4618	15
4619	14
4620	14
4621	17
4622	12
4623	18
4624	11
4625	12
4626	12
4627	15
4628	12
4629	11
4630	20
4631	15
4632	18
4633	12
4634	12
4635	11
4636	20
4637	12
4638	16
4639	13
4640	18
4641	21
4642	16
4643	9
4644	12
4645	18
4646	12
4647	11
4648	23
4649	21
4650	13
4651	14
4652	14
4653	14
4654	17
4655	17
4656	13
4657	14
4658	13
4659	15
4660	17
4661	17
4662	14
4663	12
4664	15
4665	15
4666	14
4667	14
4668	13
4669	18
4670	14
4671	23
4672	18
4673	14
4674	19
4675	20
4676	14
4677	13
4678	18
4679	13
4680	19
4681	12
4682	12
4683	14
4684	11
4685	18
4686	12
4687	18
4688	17
4689	16
4690	15
4691	9
4692	13
4693	11
4694	23
4695	21
4696	24
4697	18
4698	14
4699	15
4700	8
4701	8
4702	9
4703	12
4704	13
4705	14
4706	14
4707	10
4708	20
4709	10
4710	15
4711	11
4712	20
4713	11
4714	15
4715	18
4716	17
4717	16
4718	9
4719	17
4720	11
4721	15
4722	18
4723	14
4724	17
4725	14
4726	15
4727	14
4728	18
4729	14
4730	14
4731	11
4732	14
4733	22
4734	13
4735	12
4736	14
4737	24
4738	9
4739	10
4740	13
4741	15
4742	11
4743	12
4744	11
4745	19
4746	19
4747	14
4748	16
4749	16
4750	12
4751	13
4752	17
4753	14
4754	8
4755	17
4756	13
4757	19
4758	13
4759	11
4760	14
4761	21
4762	12
4763	13
4764	15
4765	13
4766	17
4767	14
4768	12
4769	10
4770	14
4771	14
4772	16
4773	9
4774	14
4775	13
4776	14
4777	9
4778	6
4779	15
4780	12
4781	14
4782	13
4783	12
4784	12
4785	12
4786	7
4787	11
4788	7
4789	16
4790	16
4791	10
4792	14
4793	9
4794	15
4795	14
4796	11
4797	11
4798	14
4799	13
4800	17
4801	10
4802	6
4803	16
4804	17
4805	6
4806	12
4807	11
4808	8
4809	14
4810	10
4811	10
4812	11
4813	14
4814	9
4815	7
4816	11
4817	7
4818	14
4819	17
4820	14
4821	11
4822	7
4823	8
4824	15
4825	8
4826	15
4827	6
4828	9
4829	11
4830	15
4831	8
4832	10
4833	11
4834	6
4835	12
4836	9
4837	11
4838	12
4839	2
4840	6
4841	10
4842	12
4843	13
4844	7
4845	8
4846	7
4847	9
4848	11
4849	7
4850	4
4851	8
4852	6
4853	11
4854	18
4855	14
4856	11
4857	9
4858	8
4859	12
4860	8
4861	9
4862	5
4863	5
4864	5
4865	8
4866	13
4867	8
4868	9
4869	5
4870	8
4871	10
4872	6
4873	5
4874	12
4875	4
4876	11
4877	5
4878	7
4879	10
4880	6
4881	6
4882	5
4883	9
4884	7
4885	7
4886	5
4887	7
4888	6
4889	6
4890	3
4891	7
4892	9
4893	6
4894	7
4895	8
4896	5
4897	3
4898	7
4899	8
4900	8
4901	7
4902	5
4903	5
4904	8
4905	4
4906	7
4907	3
4908	7
4909	5
4910	9
4911	2
4912	6
4913	7
4914	6
4915	1
4916	7
4917	5
4918	4
4919	3
4920	6
4921	8
4922	9
4923	6
4924	5
4925	7
4926	15
4927	5
4928	4
4929	4
4930	6
4931	2
4932	6
4933	4
4934	4
4935	6
4936	5
4937	5
4938	9
4939	6
4940	4
4941	5
4942	3
4943	3
4944	4
4945	5
4946	5
4947	3
4948	4
4949	3
4950	0
4951	3
4952	1
4953	0
4954	4
4955	2
4956	4
4957	1
4958	1
4959	3
4960	2
4961	3
4962	2
4963	5
4964	3
4965	3
4966	1
4967	1
4968	3
4969	1
4970	3
4971	4
4972	7
4973	4
4974	2
4975	1
4976	1
4977	4
4978	1
4979	1
4980	4
4981	3
4982	2
4983	2
4984	4
4985	3
4986	2
4987	1
4988	3
4989	0
4990	4
4991	1
4992	3
4993	3
4994	5
4995	2
4996	2
4997	5
4998	5
4999	1
5000	1
5001	2
5002	4
5003	4
5004	2
5005	3
5006	4
5007	0
5008	2
5009	5
5010	4
5011	3
5012	2
5013	0
5014	3
5015	3
5016	3
5017	1
5018	1
5019	1
5020	2
5021	4
5022	0
5023	2
5024	1
5025	2
5026	1
5027	3
5028	1
5029	1
5030	3
5031	1
5032	2
5033	0
5034	2
5035	1
5036	2
5037	0
5038	2
5039	3
5040	2
5041	2
5042	1
5043	2
5044	1
5045	1
5046	0
5047	2
5048	2
5049	5
5050	0
5051	0
5052	1
5053	1
5054	0
5055	1
5056	2
5057	1
5058	3
5059	0
5060	1
5061	0
5062	0
5063	1
5064	0
5065	2
5066	0
5067	1
5068	3
5069	2
5070	3
5071	0
5072	1
5073	1
5074	0
5075	2
5076	3
5077	0
5078	0
5079	1
5080	1
5081	1
5082	0
5083	0
5084	1
5085	1
5086	2
5087	0
5088	2
5089	1
5090	0
5091	0
5092	0
5093	1
5094	1
5095	0
5096	1
5097	2
5098	3
5099	1
5100	2
5101	1
5102	1
5103	0
5104	1
5105	0
5106	1
5107	0
5108	0
5109	0
5110	1
5111	1
5112	1
5113	1
5114	0
5115	1
5116	3
5117	2
5118	0
5119	0
5120	0
5121	1
5122	0
5123	0
5124	3
5125	0
5126	1
5127	1
5128	2
5129	0
5130	0
5131	1
5132	1
5133	0
5134	0
5135	0
5136	1
5137	0
5138	0
5139	2
5140	0
5141	0
5142	1
5143	2
5144	0
5145	0
5146	1
5147	0
5148	0
5149	0
5150	1
5151	0
5152	0
5153	1
5154	1
5155	1
5156	0
5157	0
5158	0
5159	2
5160	0
5161	1
5162	0
5163	0
5164	0
5165	2
5166	0
5167	2
5168	0
5169	0
5170	2
5171	0
5172	0
5173	1
5174	1
5175	1
5176	0
5177	2
5178	0
5179	1
5180	1
5181	1
5182	1
5183	0
5184	0
5185	1
5186	0
5187	1
5188	2
5189	0
5190	0
5191	0
5192	0
5193	1
5194	0
5195	0
5196	0
5197	0
5198	0
5199	0
5200	1
5201	1
5202	0
5203	0
5204	2
5205	0
5206	1
5207	1
5208	1
5209	3
5210	3
5211	0
5212	0
5213	2
5214	0
5215	0
5216	0
5217	0
5218	0
5219	0
5220	1
5221	1
5222	0
5223	0
5224	0
5225	0
5226	0
5227	3
5228	2
5229	1
5230	0
5231	0
5232	2
5233	1
5234	0
5235	0
5236	0
5237	0
5238	1
5239	2
5240	1
5241	3
5242	2
5243	0
5244	2
5245	0
5246	2
5247	1
5248	1
5249	1
5250	1
5251	1
5252	0
5253	0
5254	0
5255	0
5256	1
5257	1
5258	1
5259	1
5260	0
5261	0
5262	1
5263	3
5264	0
5265	0
5266	1
5267	0
5268	1
5269	3
5270	1
5271	0
5272	0
5273	0
5274	0
5275	1
5276	1
5277	0
5278	0
5279	0
5280	1
5281	0
5282	2
5283	0
5284	0
5285	0
5286	0
5287	2
5288	0
5289	0
5290	0
5291	0
5292	2
5293	1
5294	0
5295	0
5296	0
5297	0
5298	1
5299	0
5300	0
5301	0
5302	1
5303	1
5304	1
5305	0
5306	0
5307	1
5308	2
5309	2
5310	2
5311	1
5312	0
5313	1
5314	0
5315	2
5316	1
5317	0
5318	1
5319	0
5320	1
5321	0
5322	0
5323	2
5324	0
5325	2
5326	0
5327	0
5328	2
5329	2
5330	0
5331	0
5332	1
5333	1
5334	0
5335	0
5336	1
5337	0
5338	0
5339	2
5340	0
5341	2
5342	3
5343	0
5344	0
5345	0
5346	0
5347	0
5348	0
5349	0
5350	0
5351	0
5352	0
5353	0
5354	0
5355	1
5356	1
5357	1
5358	1
5359	1
5360	1
5361	2
5362	1
5363	1
5364	0
5365	1
5366	0
5367	3
5368	2
5369	0
5370	0
5371	2
5372	0
5373	0
5374	0
5375	0
5376	0
5377	1
5378	1
5379	2
5380	0
5381	0
5382	0
5383	4
5384	0
5385	1
5386	0
5387	0
5388	0
5389	0
5390	1
5391	0
5392	0
5393	0
5394	1
5395	0
5396	0
5397	1
5398	0
5399	0
5400	0
5401	0
5402	0
5403	1
5404	0
5405	0
5406	2
5407	0
5408	0
5409	0
5410	2
5411	0
5412	0
5413	0
5414	0
5415	0
5416	2
5417	0
5418	1
5419	1
5420	1
5421	1
5422	0
5423	0
5424	1
5425	1
5426	1
5427	1
5428	2
5429	0
5430	0
5431	2
5432	0
5433	0
5434	1
5435	0
5436	1
5437	0
5438	1
5439	0
5440	0
5441	0
5442	0
5443	0
5444	0
5445	0
5446	0
5447	1
5448	0
5449	0
5450	0
5451	0
5452	0
5453	0
5454	1
5455	0
5456	0
5457	0
5458	1
5459	1
5460	1
5461	0
5462	0
5463	0
5464	1
5465	0
5466	0
5467	1
5468	0
5469	0
5470	1
5471	0
5472	2
5473	0
5474	1
5475	0
5476	0
5477	0
5478	0
5479	1
5480	0
5481	0
5482	1
5483	0
5484	0
5485	0
5486	0
5487	0
5488	0
5489	0
5490	0
5491	1
5492	0
5493	0
5494	1
5495	0
5496	0
5497	0
5498	0
5499	1
5500	0
5501	0
5502	1
5503	0
5504	1
5505	0
5506	1
5507	0
5508	0
5509	1
5510	1
5511	1
5512	0
5513	0
5514	2
5515	0
5516	1
5517	1
5518	1
5519	2
5520	0
5521	0
5522	0
5523	0
5524	1
5525	0
5526	0
5527	0
5528	0
5529	0
5530	0
5531	1
5532	1
5533	0
5534	1
5535	0
5536	0
5537	2
5538	1
5539	0
5540	0
5541	0
5542	0
5543	1
5544	0
5545	0
5546	1
5547	0
5548	0
5549	0
5550	1
5551	0
5552	0
5553	0
5554	0
5555	0
5556	1
5557	0
5558	0
5559	0
5560	1
5561	0
5562	1
5563	0
5564	1
5565	0
5566	0
5567	1
5568	0
5569	0
5570	0
5571	0
5572	1
5573	0
5574	0
5575	1
5576	0
5577	0
5578	1
5579	0
5580	0
5581	1
5582	1
5583	2
5584	0
5585	0
5586	0
5587	2
5588	0
5589	3
5590	0
5591	1
5592	0
5593	0
5594	0
5595	0
5596	0
5597	1
5598	2
5599	0
5600	0
5601	0
5602	0
5603	3
5604	0
5605	0
5606	1
5607	0
5608	0
5609	0
5610	1
5611	0
5612	0
5613	2
5614	2
5615	1
5616	1
5617	0
5618	1
5619	1
5620	0
5621	1
5622	0
5623	1
5624	0
5625	1
5626	0
5627	0
5628	1
5629	0
5630	0
5631	0
5632	2
5633	0
5634	1
5635	0
5636	1
5637	0
5638	0
5639	0
5640	0
5641	0
5642	1
5643	0
5644	1
5645	0
5646	0
5647	3
5648	1
5649	0
5650	1
5651	0
5652	0
5653	0
5654	2
5655	1
5656	0
5657	1
5658	0
5659	0
5660	0
5661	0
5662	0
5663	1
5664	0
5665	0
5666	0
5667	2
5668	0
5669	0
5670	0
5671	0
5672	0
5673	1
5674	0
5675	0
5676	0
5677	1
5678	1
5679	0
5680	2
5681	0
5682	2
5683	0
5684	2
5685	1
5686	1
5687	0
5688	1
5689	0
5690	0
5691	0
5692	0
5693	0
5694	0
5695	0
5696	1
5697	0
5698	0
5699	1
5700	0
5701	1
5702	0
5703	0
5704	0
5705	0
5706	0
5707	2
5708	0
5709	1
5710	0
5711	1
5712	1
5713	1
5714	1
5715	0
5716	0
5717	2
5718	0
5719	2
5720	0
5721	0
5722	0
5723	0
5724	1
5725	0
5726	0
5727	0
5728	0
5729	0
5730	2
5731	0
5732	0
5733	1
5734	0
5735	0
5736	0
5737	0
5738	1
5739	1
5740	1
5741	0
5742	0
5743	0
5744	0
5745	0
5746	0
5747	1
5748	0
5749	1
5750	0
5751	2
5752	1
5753	0
5754	0
5755	1
5756	0
5757	0
5758	0
5759	1
5760	0
5761	0
5762	1
5763	0
5764	1
5765	0
5766	0
5767	1
5768	0
5769	1
5770	0
5771	0
5772	0
5773	0
5774	0
5775	1
5776	1
5777	0
5778	0
5779	0
5780	0
5781	0
5782	0
5783	1
5784	0
5785	0
5786	0
5787	0
5788	1
5789	0
5790	1
5791	0
5792	1
5793	0
5794	0
5795	0
5796	1
5797	0
5798	0
5799	1
5800	2
5801	2
5802	1
5803	0
5804	1
5805	1
5806	0
5807	0
5808	2
5809	1
5810	0
5811	0
5812	3
5813	1
5814	1
5815	1
5816	0
5817	0
5818	0
5819	0
5820	0
5821	0
5822	0
5823	0
5824	1
5825	0
5826	1
5827	0
5828	1
5829	0
5830	0
5831	0
5832	2
5833	1
5834	0
5835	1
5836	1
5837	1
5838	0
5839	0
5840	1
5841	0
5842	1
5843	0
5844	0
5845	0
5846	0
5847	0
5848	0
5849	0
5850	0
5851	0
5852	1
5853	2
5854	1
5855	3
5856	0
5857	1
5858	0
5859	0
5860	0
5861	1
5862	0
5863	0
5864	0
5865	1
5866	0
5867	1
5868	0
5869	1
5870	1
5871	0
5872	0
5873	0
5874	1
5875	1
5876	1
5877	0
5878	0
5879	1
5880	1
5881	0
5882	0
5883	0
5884	0
5885	0
5886	0
5887	0
5888	0
5889	0
5890	0
5891	0
5892	1
5893	0
5894	0
5895	0
5896	2
5897	1
5898	0
5899	0
5900	0
5901	1
5902	0
5903	2
5904	2
5905	1
5906	1
5907	0
5908	0
5909	1
5910	0
5911	0
5912	1
5913	0
5914	0
5915	0
5916	0
5917	0
5918	0
5919	0
5920	0
5921	0
5922	1
5923	0
5924	0
5925	0
5926	2
5927	0
5928	0
5929	0
5930	0
5931	0
5932	0
5933	0
5934	0
5935	0
5936	0
5937	0
5938	1
5939	1
5940	1
5941	2
5942	0
5943	0
5944	0
5945	2
5946	0
5947	0
5948	0
5949	1
5950	1
5951	0
5952	2
5953	0
5954	3
5955	2
5956	0
5957	0
5958	2
5959	1
5960	1
5961	0
5962	0
5963	1
5964	0
5965	0
5966	0
5967	1
5968	1
5969	0
5970	0
5971	0
5972	1
5973	0
5974	2
5975	0
5976	1
5977	0
5978	0
5979	1
5980	0
5981	0
5982	1
5983	0
5984	1
5985	0
5986	0
5987	1
5988	1
5989	0
5990	0
5991	0
5992	1
5993	0
5994	1
5995	1
5996	0
5997	0
5998	0
5999	0
6000	0
6001	3
6002	1
6003	1
6004	0
6005	0
6006	2
6007	1
6008	0
6009	0
6010	0
6011	0
6012	0
6013	0
6014	0
6015	1
6016	0
6017	1
6018	1
6019	0
6020	0
6021	1
6022	0
6023	0
6024	1
6025	0
6026	0
6027	0
6028	0
6029	0
6030	0
6031	1
6032	0
6033	2
6034	0
6035	0
6036	0
6037	0
6038	0
6039	0
6040	2
6041	0
6042	1
6043	1
6044	0
6045	0
6046	0
6047	1
6048	0
6049	1
6050	0
6051	1
6052	0
6053	0
6054	0
6055	1
6056	1
6057	0
6058	0
6059	0
6060	0
6061	0
6062	0
6063	0
6064	1
6065	0
6066	3
6067	1
6068	0
6069	0
6070	0
6071	1
6072	0
6073	0
6074	0
6075	1
6076	1
6077	0
6078	1
6079	3
6080	1
6081	0
6082	0
6083	0
6084	0
6085	1
6086	0
6087	2
6088	1
6089	0
6090	0
6091	0
6092	2
6093	1
6094	1
6095	1
6096	0
6097	0
6098	0
6099	2
6100	2
6101	0
6102	1
6103	1
6104	2
6105	0
6106	2
6107	3
6108	0
6109	0
6110	1
6111	0
6112	2
6113	1
6114	0
6115	0
6116	0
6117	1
6118	0
6119	0
6120	1
6121	0
6122	1
6123	1
6124	0
6125	1
6126	0
6127	1
6128	0
6129	1
6130	1
6131	0
6132	0
6133	0
6134	1
6135	1
6136	0
6137	0
6138	1
6139	0
6140	0
6141	1
6142	0
6143	0
6144	1
6145	0
6146	0
6147	1
6148	0
6149	0
6150	1
6151	0
6152	0
6153	0
6154	0
6155	0
6156	0
6157	0
6158	1
6159	0
6160	0
6161	0
6162	0
6163	0
6164	0
6165	0
6166	1
6167	0
6168	0
6169	0
6170	0
6171	2
6172	0
6173	0
6174	2
6175	0
6176	0
6177	1
6178	0
6179	0
6180	2
6181	1
6182	0
6183	1
6184	1
6185	0
6186	1
6187	0
6188	0
6189	0
6190	0
6191	1
6192	1
6193	0
6194	0
6195	0
6196	2
6197	0
6198	1
6199	0
6200	0
6201	1
6202	1
6203	0
6204	3
6205	0
6206	2
6207	0
6208	1
6209	0
6210	2
6211	1
6212	1
6213	1
6214	0
6215	3
6216	0
6217	0
6218	1
6219	0
6220	2
6221	1
6222	2
6223	0
6224	1
6225	1
6226	0
6227	0
6228	1
6229	1
6230	0
6231	0
6232	0
6233	0
6234	0
6235	1
6236	1
6237	0
6238	0
6239	0
6240	0
6241	0
6242	0
6243	0
6244	0
6245	1
6246	1
6247	0
6248	2
6249	1
6250	0
6251	0
6252	0
6253	1
6254	0
6255	1
6256	0
6257	0
6258	0
6259	0
6260	0
6261	0
6262	1
6263	0
6264	1
6265	1
6266	0
6267	1
6268	1
6269	0
6270	0
6271	2
6272	1
6273	1
6274	0
6275	0
6276	0
6277	0
6278	0
6279	0
6280	0
6281	3
6282	0
6283	1
6284	2
6285	0
6286	2
6287	0
6288	2
6289	1
6290	1
6291	1
6292	0
6293	1
6294	0
6295	1
6296	0
6297	0
6298	0
6299	0
6300	1
6301	2
6302	1
6303	0
6304	1
6305	0
6306	0
6307	0
6308	1
6309	1
6310	0
6311	0
6312	1
6313	1
6314	1
6315	1
6316	2
6317	2
6318	0
6319	1
6320	0
6321	0
6322	0
6323	0
6324	0
6325	0
6326	1
6327	0
6328	1
6329	0
6330	1
6331	0
6332	0
6333	0
6334	0
6335	0
6336	0
6337	0
6338	0
6339	0
6340	1
6341	0
6342	0
6343	0
6344	2
6345	2
6346	0
6347	1
6348	0
6349	0
6350	1
6351	2
6352	0
6353	0
6354	0
6355	0
6356	1
6357	0
6358	0
6359	0
6360	0
6361	0
6362	0
6363	0
6364	0
6365	0
6366	3
6367	0
6368	1
6369	0
6370	1
6371	0
6372	0
6373	1
6374	0
6375	1
6376	0
6377	0
6378	0
6379	0
6380	0
6381	2
6382	0
6383	0
6384	0
6385	0
6386	1
6387	1
6388	0
6389	0
6390	0
6391	1
6392	1
6393	0
6394	0
6395	0
6396	0
6397	0
6398	0
6399	0
6400	0
6401	2
6402	0
6403	0
6404	0
6405	0
6406	1
6407	0
6408	3
6409	1
6410	0
6411	1
6412	0
6413	1
6414	1
6415	0
6416	0
6417	0
6418	0
6419	2
6420	1
6421	1
6422	2
6423	0
6424	0
6425	0
6426	0
6427	0
6428	0
6429	0
6430	0
6431	0
6432	0
6433	0
6434	0
6435	0
6436	0
6437	0
6438	1
6439	2
6440	0
6441	1
6442	1
6443	0
6444	0
6445	1
6446	1
6447	1
6448	1
6449	0
6450	0
6451	1
6452	0
6453	1
6454	0
6455	0
6456	0
6457	0
6458	0
6459	1
6460	0
6461	1
6462	0
6463	1
6464	2
6465	0
6466	1
6467	0
6468	0
6469	1
6470	2
6471	0
6472	3
6473	0
6474	1
6475	0
6476	0
6477	0
6478	2
6479	1
6480	0
6481	0
6482	0
6483	0
6484	0
6485	1
6486	0
6487	0
6488	0
6489	0
6490	1
6491	0
6492	0
6493	1
6494	2
6495	0
6496	2
6497	1
6498	0
6499	0
6500	0
6501	0
6502	0
6503	0
6504	0
6505	1
6506	0
6507	2
6508	0
6509	0
6510	0
6511	0
6512	0
6513	1
6514	0
6515	1
6516	2
6517	1
6518	0
6519	0
6520	1
6521	0
6522	2
6523	0
6524	0
6525	0
6526	0
6527	0
6528	0
6529	1
6530	1
6531	0
6532	2
6533	2
6534	0
6535	0
6536	0
6537	0
6538	0
6539	1
6540	0
6541	0
6542	1
6543	0
6544	0
6545	0
6546	0
6547	0
6548	0
6549	0
6550	2
6551	0
6552	2
6553	0
6554	0
6555	0
6556	1
6557	1
6558	2
6559	1
6560	0
6561	0
6562	1
6563	0
6564	0
6565	1
6566	1
6567	0
6568	0
6569	0
6570	0
6571	1
6572	0
6573	0
6574	1
6575	0
6576	0
6577	2
6578	1
6579	0
6580	0
6581	0
6582	0
6583	1
6584	1
6585	0
6586	0
6587	1
6588	2
6589	2
6590	0
6591	0
6592	2
6593	0
6594	0
6595	1
6596	0
6597	1
6598	1
6599	0
6600	0
6601	0
6602	1
6603	0
6604	1
6605	0
6606	1
6607	0
6608	1
6609	0
6610	1
6611	0
6612	0
6613	0
6614	1
6615	0
6616	0
6617	0
6618	0
6619	0
6620	0
6621	0
6622	0
6623	1
6624	1
6625	1
6626	0
6627	0
6628	0
6629	0
6630	3
6631	0
6632	1
6633	0
6634	0
6635	0
6636	1
6637	1
6638	0
6639	0
6640	1
6641	1
6642	0
6643	0
6644	1
6645	0
6646	0
6647	1
6648	1
6649	0
6650	2
6651	1
6652	0
6653	2
6654	0
6655	0
6656	0
6657	0
6658	2
6659	1
6660	1
6661	1
6662	1
6663	1
6664	1
6665	0
6666	0
6667	2
6668	0
6669	0
6670	1
6671	1
6672	0
6673	1
6674	0
6675	0
6676	0
6677	0
6678	0
6679	0
6680	0
6681	0
6682	0
6683	0
6684	1
6685	0
6686	1
6687	2
6688	0
6689	0
6690	1
6691	0
6692	0
6693	0
6694	1
6695	0
6696	0
6697	3
6698	1
6699	0
6700	0
6701	0
6702	1
6703	1
6704	0
6705	1
6706	2
6707	0
6708	3
6709	1
6710	0
6711	0
6712	0
6713	1
6714	2
6715	0
6716	0
6717	1
6718	0
6719	1
6720	0
6721	0
6722	0
6723	2
6724	0
6725	0
6726	0
6727	3
6728	0
6729	0
6730	1
6731	0
6732	0
6733	1
6734	0
6735	0
6736	0
6737	0
6738	0
6739	0
6740	1
6741	1
6742	0
6743	0
6744	0
6745	1
6746	1
6747	2
6748	0
6749	1
6750	0
6751	0
6752	0
6753	1
6754	1
6755	0
6756	1
6757	0
6758	0
6759	1
6760	1
6761	1
6762	0
6763	1
6764	0
6765	0
6766	1
6767	0
6768	1
6769	0
6770	0
6771	1
6772	1
6773	0
6774	0
6775	1
6776	0
6777	0
6778	0
6779	1
6780	0
6781	1
6782	0
6783	0
6784	0
6785	1
6786	0
6787	0
6788	1
6789	0
6790	0
6791	0
6792	0
6793	0
6794	1
6795	1
6796	0
6797	0
6798	0
6799	0
6800	0
6801	0
6802	2
6803	0
6804	0
6805	0
6806	0
6807	1
6808	0
6809	1
6810	1
6811	1
6812	1
6813	0
6814	2
6815	1
6816	0
6817	1
6818	0
6819	2
6820	1
6821	2
6822	1
6823	1
6824	0
6825	0
6826	1
6827	0
6828	0
6829	1
6830	1
6831	2
6832	1
6833	0
6834	0
6835	0
6836	0
6837	2
6838	1
6839	0
6840	0
6841	0
6842	0
6843	0
6844	1
6845	1
6846	0
6847	2
6848	0
6849	0
6850	0
6851	0
6852	0
6853	0
6854	0
6855	2
6856	2
6857	0
6858	1
6859	0
6860	0
6861	1
6862	2
6863	0
6864	1
6865	0
6866	2
6867	0
6868	0
6869	1
6870	1
6871	0
6872	1
6873	0
6874	0
6875	0
6876	1
6877	0
6878	0
6879	0
6880	1
6881	0
6882	0
6883	0
6884	2
6885	0
6886	1
6887	0
6888	0
6889	1
6890	1
6891	1
6892	0
6893	1
6894	0
6895	0
6896	1
6897	0
6898	0
6899	0
6900	1
6901	0
6902	0
6903	0
6904	1
6905	0
6906	0
6907	0
6908	0
6909	1
6910	0
6911	0
6912	0
6913	0
6914	0
6915	0
6916	0
6917	0
6918	0
6919	1
6920	0
6921	0
6922	1
6923	0
6924	0
6925	1
6926	0
6927	2
6928	0
6929	1
6930	2
6931	0
6932	0
6933	1
6934	0
6935	0
6936	0
6937	0
6938	0
6939	0
6940	0
6941	0
6942	2
6943	1
6944	0
6945	1
6946	0
6947	0
6948	1
6949	0
6950	0
6951	2
6952	1
6953	1
6954	0
6955	0
6956	2
6957	0
6958	0
6959	1
6960	0
6961	0
6962	0
6963	0
6964	0
6965	0
6966	0
6967	0
6968	0
6969	0
6970	1
6971	0
6972	0
6973	0
6974	0
6975	0
6976	1
6977	1
6978	0
6979	0
6980	0
6981	0
6982	1
6983	0
6984	0
6985	0
6986	0
6987	0
6988	0
6989	1
6990	3
6991	1
6992	1
6993	0
6994	0
6995	0
6996	0
6997	0
6998	0
6999	0
7000	0
7001	0
7002	1
7003	2
7004	0
7005	0
7006	0
7007	0
7008	1
7009	0
7010	0
7011	0
7012	0
7013	0
7014	0
7015	0
7016	2
7017	0
7018	0
7019	0
7020	0
7021	0
7022	0
7023	0
7024	0
7025	0
7026	1
7027	0
7028	0
7029	0
7030	0
7031	0
7032	0
7033	0
7034	0
7035	0
7036	0
7037	1
7038	1
7039	1
7040	0
7041	1
7042	0
7043	0
7044	0
7045	0
7046	0
7047	1
7048	0
7049	1
7050	0
7051	1
7052	0
7053	1
7054	1
7055	0
7056	0
7057	1
7058	0
7059	0
7060	0
7061	0
7062	2
7063	0
7064	0
7065	0
7066	1
7067	0
7068	0
7069	0
7070	1
7071	1
7072	1
7073	0
7074	1
7075	1
7076	0
7077	1
7078	0
7079	0
7080	0
7081	0
7082	0
7083	0
7084	0
7085	0
7086	0
7087	0
7088	1
7089	0
7090	0
7091	0
7092	1
7093	0
7094	0
7095	0
7096	0
7097	0
7098	1
7099	0
7100	1
7101	0
7102	1
7103	0
7104	0
7105	0
7106	0
7107	1
7108	1
7109	0
7110	2
7111	0
7112	0
7113	0
7114	0
7115	0
7116	1
7117	0
7118	0
7119	0
7120	0
7121	1
7122	0
7123	0
7124	0
7125	0
7126	0
7127	0
7128	0
7129	0
7130	0
7131	0
7132	0
7133	1
7134	0
7135	0
7136	0
7137	0
7138	1
7139	0
7140	1
7141	1
7142	0
7143	0
7144	0
7145	0
7146	0
7147	1
7148	2
7149	0
7150	2
7151	2
7152	1
7153	0
7154	2
7155	0
7156	2
7157	0
7158	0
7159	2
7160	0
7161	0
7162	0
7163	0
7164	1
7165	1
7166	1
7167	0
7168	0
7169	0
7170	1
7171	1
7172	0
7173	1
7174	0
7175	0
7176	1
7177	1
7178	0
7179	0
7180	0
7181	1
7182	0
7183	1
7184	1
7185	0
7186	0
7187	2
7188	0
7189	1
7190	0
7191	0
7192	0
7193	0
7194	0
7195	0
7196	0
7197	1
7198	0
7199	0
7200	0
7201	0
7202	0
7203	0
7204	0
7205	0
7206	0
7207	0
7208	0
7209	1
7210	0
7211	0
7212	0
7213	0
7214	0
7215	0
7216	0
7217	0
7218	0
7219	1
7220	0
7221	0
7222	0
7223	0
7224	0
7225	1
7226	0
7227	0
7228	0
7229	0
7230	0
7231	0
7232	0
7233	1
7234	0
7235	0
7236	0
7237	0
7238	0
7239	0
7240	1
7241	0
7242	0
7243	0
7244	1
7245	0
7246	1
7247	0
7248	0
7249	1
7250	0
7251	0
7252	0
7253	0
7254	1
7255	0
7256	1
7257	0
7258	0
7259	2
7260	0
7261	0
7262	0
7263	2
7264	0
7265	0
7266	1
7267	0
7268	0
7269	0
7270	1
7271	0
7272	1
7273	0
7274	0
7275	0
7276	0
7277	0
7278	0
7279	1
7280	0
7281	1
7282	1
7283	1
7284	0
7285	0
7286	0
7287	0
7288	0
7289	0
7290	0
7291	0
7292	1
7293	0
7294	0
7295	0
7296	2
7297	0
7298	0
7299	0
7300	0
7301	1
7302	1
7303	0
7304	0
7305	0
7306	0
7307	1
7308	0
7309	1
7310	0
7311	0
7312	0
7313	0
7314	0
7315	0
7316	1
7317	1
7318	1
7319	1
7320	1
7321	0
7322	0
7323	0
7324	0
7325	0
7326	0
7327	1
7328	1
7329	1
7330	0
7331	0
7332	1
7333	0
7334	0
7335	0
7336	0
7337	0
7338	1
7339	0
7340	0
7341	1
7342	0
7343	0
7344	1
7345	0
7346	0
7347	1
7348	0
7349	0
7350	0
7351	0
7352	0
7353	0
7354	0
7355	0
7356	0
7357	0
7358	0
7359	0
7360	0
7361	0
7362	1
7363	1
7364	0
7365	0
7366	0
7367	1
7368	0
7369	0
7370	1
7371	0
7372	0
7373	0
7374	0
7375	1
7376	0
7377	1
7378	0
7379	0
7380	0
7381	0
7382	0
7383	0
7384	1
7385	0
7386	1
7387	0
7388	1
7389	0
7390	0
7391	0
7392	0
7393	0
7394	0
7395	1
7396	1
7397	0
7398	0
7399	1
7400	1
7401	1
7402	1
7403	0
7404	0
7405	1
7406	0
7407	1
7408	1
7409	0
7410	0
7411	1
7412	0
7413	0
7414	0
7415	0
7416	1
7417	0
7418	1
7419	1
7420	0
7421	0
7422	1
7423	0
7424	0
7425	0
7426	0
7427	0
7428	1
7429	0
7430	0
7431	0
7432	0
7433	0
7434	0
7435	0
7436	0
7437	0
7438	0
7439	0
7440	0
7441	0
7442	0
7443	1
7444	0
7445	0
7446	1
7447	0
7448	0
7449	0
7450	1
7451	0
7452	0
7453	0
7454	0
7455	0
7456	0
7457	0
7458	1
7459	0
7460	1
7461	0
7462	0
7463	0
7464	1
7465	0
7466	0
7467	1
7468	1
7469	0
7470	0
7471	2
7472	2
7473	1
7474	1
7475	0
7476	1
7477	1
7478	0
7479	0
7480	0
7481	1
7482	0
7483	0
7484	0
7485	0
7486	0
7487	0
7488	0
7489	0
7490	0
7491	0
7492	0
7493	0
7494	0
7495	1
7496	0
7497	0
7498	0
7499	1
7500	0
7501	0
7502	0
7503	1
7504	0
7505	0
7506	0
7507	1
7508	1
7509	0
7510	0
7511	0
7512	0
7513	0
7514	0
7515	0
7516	0
7517	0
7518	0
7519	0
7520	0
7521	1
7522	0
7523	1
7524	0
7525	3
7526	1
7527	0
7528	0
7529	0
7530	0
7531	0
7532	0
7533	1
7534	0
7535	1
7536	0
7537	0
7538	0
7539	1
7540	0
7541	0
7542	0
7543	0
7544	0
7545	0
7546	1
7547	1
7548	1
7549	0
7550	1
7551	0
7552	1
7553	0
7554	0
7555	0
7556	0
7557	0
7558	0
7559	0
7560	1
7561	1
7562	1
7563	0
7564	0
7565	0
7566	0
7567	0
7568	1
7569	0
7570	0
7571	0
7572	1
7573	0
7574	0
7575	1
7576	0
7577	0
7578	0
7579	1
7580	0
7581	0
7582	2
7583	0
7584	0
7585	0
7586	0
7587	0
7588	1
7589	0
7590	0
7591	1
7592	1
7593	0
7594	0
7595	1
7596	0
7597	0
7598	1
7599	0
7600	0
7601	0
7602	0
7603	0
7604	0
7605	0
7606	0
7607	0
7608	1
7609	0
7610	0
7611	0
7612	1
7613	0
7614	0
7615	0
7616	0
7617	1
7618	1
7619	0
7620	0
7621	0
7622	1
7623	0
7624	0
7625	0
7626	1
7627	1
7628	0
7629	0
7630	0
7631	0
7632	0
7633	0
7634	0
7635	1
7636	0
7637	1
7638	0
7639	0
7640	0
7641	1
7642	0
7643	1
7644	0
7645	0
7646	0
7647	0
7648	0
7649	0
7650	0
7651	1
7652	0
7653	0
7654	0
7655	0
7656	0
7657	0
7658	0
7659	1
7660	0
7661	0
7662	0
7663	0
7664	0
7665	1
7666	0
7667	1
7668	0
7669	0
7670	1
7671	0
7672	0
7673	1
7674	0
7675	0
7676	1
7677	1
7678	0
7679	0
7680	0
7681	1
7682	1
7683	0
7684	1
7685	0
7686	1
7687	0
7688	0
7689	1
7690	0
7691	0
7692	0
7693	0
7694	0
7695	0
7696	0
7697	0
7698	0
7699	0
7700	0
7701	0
7702	1
7703	0
7704	0
7705	1
7706	0
7707	0
7708	0
7709	0
7710	1
7711	1
7712	0
7713	0
7714	0
7715	0
7716	0
7717	0
7718	1
7719	0
7720	0
7721	1
7722	0
7723	0
7724	0
7725	1
7726	0
7727	0
7728	0
7729	0
7730	1
7731	0
7732	0
7733	1
7734	0
7735	0
7736	0
7737	0
7738	1
7739	1
7740	1
7741	1
7742	0
7743	0
7744	1
7745	1
7746	0
7747	0
7748	0
7749	0
7750	0
7751	0
7752	0
7753	0
7754	2
7755	0
7756	0
7757	0
7758	0
7759	0
7760	1
7761	1
7762	1
7763	0
7764	0
7765	0
7766	2
7767	0
7768	0
7769	0
7770	1
7771	0
7772	0
7773	0
7774	1
7775	0
7776	0
7777	0
7778	0
7779	0
7780	0
7781	0
7782	0
7783	0
7784	0
7785	0
7786	0
7787	0
7788	0
7789	0
7790	1
7791	0
7792	0
7793	0
7794	1
7795	0
7796	1
7797	0
7798	0
7799	1
7800	1
7801	0
7802	0
7803	1
7804	0
7805	0
7806	0
7807	0
7808	0
7809	0
7810	0
7811	1
7812	0
7813	0
7814	0
7815	0
7816	1
7817	0
7818	0
7819	0
7820	0
7821	1
7822	0
7823	0
7824	0
7825	0
7826	0
7827	0
7828	0
7829	0
7830	0
7831	1
7832	1
7833	0
7834	0
7835	1
7836	1
7837	0
7838	0
7839	1
7840	1
7841	0
7842	0
7843	1
7844	0
7845	1
7846	0
7847	0
7848	0
7849	2
7850	0
7851	0
7852	0
7853	0
7854	0
7855	0
7856	1
7857	1
7858	0
7859	0
7860	2
7861	0
7862	0
7863	1
7864	1
7865	0
7866	0
7867	2
7868	0
7869	0
7870	0
7871	0
7872	0
7873	0
7874	0
7875	1
7876	0
7877	0
7878	0
7879	0
7880	0
7881	1
7882	0
7883	0
7884	0
7885	0
7886	0
7887	2
7888	0
7889	0
7890	0
7891	0
7892	0
7893	0
7894	2
7895	1
7896	0
7897	0
7898	0
7899	1
7900	0
7901	0
7902	0
7903	0
7904	0
7905	0
7906	0
7907	0
7908	0
7909	0
7910	0
7911	2
7912	0
7913	1
7914	1
7915	0
7916	0
7917	0
7918	0
7919	0
7920	1
7921	0
7922	0
7923	0
7924	0
7925	0
7926	0
7927	0
7928	1
7929	0
7930	0
7931	1
7932	1
7933	0
7934	0
7935	0
7936	0
7937	0
7938	0
7939	1
7940	0
7941	0
7942	0
7943	0
7944	0
7945	0
7946	1
7947	0
7948	1
7949	0
7950	0
7951	0
7952	0
7953	0
7954	0
7955	0
7956	0
7957	0
7958	0
7959	0
7960	0
7961	0
7962	0
7963	0
7964	0
7965	0
7966	1
7967	0
7968	0
7969	0
7970	0
7971	0
7972	1
7973	0
7974	0
7975	0
7976	0
7977	0
7978	0
7979	2
7980	1
7981	0
7982	0
7983	1
7984	0
7985	0
7986	1
7987	0
7988	0
7989	0
7990	0
7991	0
7992	0
7993	0
7994	0
7995	0
7996	0
7997	0
7998	0
7999	0
8000	0
8001	0
8002	0
8003	0
8004	1
8005	0
8006	1
8007	1
8008	0
8009	0
8010	0
8011	5
8012	0
8013	0
8014	0
8015	1
8016	1
8017	0
8018	0
8019	0
8020	0
8021	0
8022	0
8023	0
8024	1
8025	1
8026	0
8027	0
8028	0
8029	0
8030	0
8031	1
8032	1
8033	0
8034	0
8035	0
8036	1
8037	1
8038	1
8039	0
8040	0
8041	0
8042	0
8043	0
8044	0
8045	0
8046	1
8047	0
8048	0
8049	0
8050	0
8051	0
8052	0
8053	0
8054	0
8055	1
8056	0
8057	0
8058	2
8059	0
8060	0
8061	0
8062	0
8063	1
8064	0
8065	0
8066	0
8067	0
8068	0
8069	2
8070	0
8071	0
8072	0
8073	0
8074	0
8075	0
8076	0
8077	0
8078	0
8079	0
8080	0
8081	0
8082	0
8083	0
8084	0
8085	0
8086	0
8087	0
8088	0
8089	0
8090	0
8091	0
8092	0
8093	0
8094	0
8095	0
8096	0
8097	0
8098	0
8099	0
8100	0
8101	0
8102	0
8103	0
8104	0
8105	0
8106	0
8107	0
8108	0
8109	0
8110	0
8111	0
8112	0
8113	0
8114	0
8115	0
8116	0
8117	0
8118	0
8119	0
8120	0
8121	0
8122	0
8123	0
8124	0
8125	0
8126	0
8127	0
8128	0
8129	0
8130	0
8131	0
8132	0
8133	0
8134	0
8135	0
8136	0
8137	0
8138	0
8139	0
8140	0
8141	0
8142	0
8143	0
8144	0
8145	0
8146	0
8147	0
8148	0
8149	0
8150	0
8151	0
8152	0
8153	0
8154	0
8155	0
8156	0
8157	0
8158	0
8159	0
8160	0
8161	0
8162	0
8163	0
8164	0
8165	0
8166	0
8167	0
8168	0
8169	0
8170	0
8171	0
8172	0
8173	0
8174	0
8175	0
8176	0
8177	0
8178	0
8179	0
8180	0
8181	0
8182	0
8183	0
8184	0
8185	0
8186	0
8187	0
8188	0
8189	0
8190	0
8191	0
