0	0
1	0
2	0
3	0
4	0
5	0
6	0
7	0
8	0
9	0
10	0
11	0
12	0
13	0
14	0
15	0
16	0
17	0
18	0
19	0
20	0
21	0
22	0
23	0
24	0
25	0
26	0
27	0
28	0
29	0
30	0
31	0
32	0
33	0
34	0
35	0
36	0
37	0
38	0
39	0
40	0
41	0
42	0
43	0
44	0
45	0
46	0
47	0
48	0
49	0
50	0
51	0
52	0
53	0
54	0
55	0
56	0
57	0
58	0
59	0
60	0
61	0
62	0
63	0
64	0
65	0
66	0
67	0
68	0
69	0
70	0
71	0
72	0
73	0
74	0
75	0
76	0
77	0
78	0
79	0
80	0
81	0
82	0
83	0
84	0
85	0
86	1
87	7
88	13
89	7
90	9
91	14
92	11
93	10
94	9
95	15
96	16
97	12
98	9
99	15
100	14
101	4
102	8
103	10
104	10
105	8
106	7
107	9
108	3
109	10
110	10
111	10
112	10
113	8
114	14
115	10
116	8
117	10
118	9
119	11
120	11
121	11
122	5
123	9
124	9
125	14
126	14
127	10
128	12
129	12
130	8
131	10
132	8
133	13
134	10
135	7
136	9
137	10
138	14
139	7
140	10
141	7
142	13
143	9
144	8
145	13
146	9
147	15
148	5
149	11
150	15
151	6
152	15
153	14
154	12
155	15
156	5
157	11
158	11
159	8
160	10
161	15
162	9
163	10
164	10
165	17
166	8
167	10
168	7
169	7
170	9
171	8
172	7
173	6
174	10
175	13
176	17
177	12
178	5
179	19
180	11
181	10
182	13
183	16
184	6
185	7
186	14
187	12
188	8
189	7
190	13
191	7
192	12
193	14
194	16
195	7
196	9
197	15
198	11
199	13
200	10
201	12
202	10
203	13
204	13
205	14
206	12
207	16
208	11
209	9
210	10
211	7
212	8
213	13
214	16
215	14
216	10
217	10
218	15
219	8
220	9
221	17
222	17
223	13
224	16
225	12
226	13
227	9
228	11
229	14
230	12
231	9
232	14
233	8
234	8
235	5
236	17
237	13
238	8
239	14
240	16
241	9
242	11
243	14
244	12
245	9
246	15
247	9
248	7
249	7
250	9
251	12
252	10
253	3
254	6
255	8
256	7
257	11
258	14
259	12
260	8
261	8
262	12
263	10
264	12
265	8
266	10
267	18
268	5
269	15
270	17
271	7
272	9
273	12
274	13
275	13
276	7
277	13
278	8
279	10
280	12
281	11
282	14
283	7
284	20
285	11
286	15
287	9
288	10
289	11
290	9
291	8
292	14
293	14
294	11
295	11
296	6
297	8
298	13
299	10
300	13
301	9
302	10
303	12
304	12
305	8
306	12
307	10
308	10
309	16
310	13
311	11
312	10
313	9
314	10
315	12
316	8
317	9
318	9
319	13
320	8
321	19
322	18
323	10
324	15
325	8
326	10
327	10
328	13
329	12
330	14
331	15
332	11
333	9
334	13
335	13
336	18
337	10
338	9
339	17
340	8
341	10
342	17
343	14
344	11
345	7
346	10
347	17
348	15
349	10
350	13
351	14
352	12
353	10
354	12
355	9
356	14
357	11
358	13
359	13
360	20
361	14
362	10
363	11
364	12
365	10
366	15
367	14
368	15
369	12
370	14
371	11
372	14
373	12
374	7
375	14
376	11
377	6
378	14
379	14
380	5
381	17
382	12
383	13
384	16
385	8
386	12
387	6
388	10
389	11
390	11
391	19
392	11
393	16
394	14
395	12
396	12
397	16
398	15
399	10
400	14
401	12
402	10
403	9
404	14
405	15
406	14
407	15
408	14
409	14
410	12
411	8
412	8
413	15
414	18
415	15
416	7
417	10
418	23
419	13
420	8
421	13
422	12
423	13
424	10
425	14
426	17
427	9
428	10
429	13
430	10
431	16
432	10
433	13
434	11
435	12
436	21
437	11
438	10
439	16
440	17
441	18
442	18
443	13
444	11
445	14
446	14
447	16
448	12
449	11
450	13
451	13
452	18
453	14
454	8
455	17
456	18
457	10
458	11
459	13
460	11
461	14
462	11
463	11
464	17
465	15
466	9
467	18
468	17
469	14
470	17
471	11
472	16
473	25
474	15
475	12
476	17
477	13
478	11
479	7
480	12
481	12
482	10
483	11
484	15
485	17
486	14
487	15
488	10
489	18
490	12
491	13
492	8
493	11
494	14
495	17
496	15
497	14
498	17
499	18
500	6
501	13
502	15
503	20
504	12
505	23
506	12
507	18
508	9
509	16
510	15
511	18
512	19
513	12
514	10
515	16
516	12
517	28
518	17
519	15
520	9
521	9
522	16
523	23
524	13
525	18
526	8
527	11
528	21
529	16
530	8
531	14
532	15
533	12
534	18
535	27
536	20
537	16
538	17
539	13
540	29
541	20
542	17
543	18
544	12
545	19
546	15
547	16
548	26
549	15
550	10
551	23
552	26
553	23
554	14
555	19
556	16
557	23
558	27
559	19
560	19
561	21
562	25
563	17
564	27
565	24
566	30
567	17
568	16
569	17
570	17
571	25
572	23
573	11
574	28
575	25
576	33
577	27
578	26
579	25
580	17
581	29
582	24
583	28
584	18
585	28
586	28
587	28
588	18
589	17
590	25
591	34
592	24
593	23
594	22
595	23
596	30
597	28
598	20
599	20
600	19
601	22
602	19
603	24
604	30
605	27
606	28
607	29
608	14
609	24
610	24
611	26
612	30
613	18
614	17
615	26
616	26
617	21
618	23
619	21
620	26
621	26
622	21
623	29
624	23
625	8
626	23
627	18
628	22
629	26
630	14
631	29
632	20
633	29
634	19
635	11
636	17
637	17
638	10
639	20
640	25
641	22
642	26
643	26
644	21
645	18
646	22
647	22
648	20
649	19
650	28
651	29
652	19
653	21
654	12
655	17
656	30
657	26
658	14
659	23
660	13
661	17
662	25
663	24
664	19
665	21
666	22
667	16
668	20
669	21
670	22
671	24
672	21
673	21
674	19
675	19
676	17
677	26
678	23
679	24
680	22
681	19
682	23
683	22
684	10
685	23
686	18
687	20
688	17
689	18
690	24
691	13
692	22
693	16
694	21
695	18
696	15
697	27
698	18
699	24
700	18
701	16
702	25
703	23
704	20
705	18
706	22
707	18
708	19
709	18
710	21
711	18
712	20
713	11
714	16
715	20
716	22
717	14
718	12
719	19
720	21
721	12
722	17
723	13
724	15
725	15
726	17
727	19
728	22
729	20
730	11
731	22
732	22
733	16
734	24
735	21
736	18
737	27
738	14
739	24
740	15
741	20
742	19
743	16
744	19
745	19
746	22
747	20
748	15
749	12
750	23
751	19
752	26
753	18
754	19
755	21
756	17
757	20
758	20
759	16
760	14
761	17
762	17
763	17
764	12
765	18
766	13
767	17
768	14
769	11
770	23
771	13
772	23
773	21
774	19
775	25
776	18
777	21
778	10
779	19
780	18
781	24
782	13
783	15
784	26
785	23
786	18
787	29
788	22
789	21
790	26
791	23
792	17
793	20
794	16
795	28
796	13
797	16
798	21
799	24
800	21
801	26
802	16
803	24
804	24
805	17
806	12
807	19
808	20
809	21
810	17
811	16
812	26
813	23
814	16
815	22
816	16
817	22
818	14
819	21
820	20
821	15
822	15
823	13
824	20
825	15
826	17
827	21
828	21
829	18
830	18
831	22
832	15
833	20
834	25
835	20
836	16
837	25
838	21
839	22
840	22
841	16
842	19
843	28
844	20
845	16
846	23
847	23
848	34
849	26
850	21
851	13
852	20
853	17
854	24
855	23
856	23
857	18
858	33
859	27
860	16
861	19
862	13
863	22
864	24
865	17
866	20
867	12
868	28
869	20
870	18
871	20
872	24
873	27
874	25
875	27
876	17
877	22
878	18
879	17
880	28
881	22
882	23
883	17
884	33
885	16
886	25
887	28
888	21
889	25
890	21
891	27
892	20
893	20
894	23
895	28
896	17
897	20
898	19
899	27
900	19
901	22
902	20
903	21
904	20
905	26
906	21
907	23
908	24
909	19
910	26
911	23
912	24
913	28
914	24
915	17
916	19
917	22
918	28
919	20
920	26
921	30
922	25
923	19
924	20
925	21
926	21
927	18
928	29
929	26
930	17
931	16
932	26
933	23
934	21
935	22
936	24
937	24
938	20
939	24
940	19
941	21
942	22
943	24
944	23
945	30
946	18
947	22
948	28
949	23
950	21
951	23
952	29
953	20
954	31
955	25
956	22
957	20
958	18
959	24
960	26
961	28
962	26
963	20
964	26
965	22
966	28
967	23
968	22
969	25
970	23
971	41
972	27
973	25
974	28
975	25
976	26
977	24
978	23
979	22
980	26
981	23
982	31
983	26
984	20
985	22
986	34
987	26
988	28
989	22
990	21
991	27
992	19
993	30
994	22
995	29
996	34
997	22
998	21
999	26
1000	18
1001	23
1002	23
1003	23
1004	30
1005	24
1006	33
1007	19
1008	18
1009	21
1010	24
1011	25
1012	22
1013	29
1014	20
1015	19
1016	25
1017	26
1018	18
1019	20
1020	14
1021	23
1022	24
1023	24
1024	27
1025	24
1026	20
1027	28
1028	34
1029	28
1030	25
1031	27
1032	30
1033	24
1034	22
1035	27
1036	26
1037	22
1038	25
1039	27
1040	28
1041	24
1042	31
1043	21
1044	25
1045	31
1046	27
1047	14
1048	25
1049	29
1050	21
1051	21
1052	24
1053	35
1054	26
1055	26
1056	29
1057	23
1058	28
1059	23
1060	22
1061	29
1062	31
1063	11
1064	26
1065	22
1066	20
1067	28
1068	25
1069	24
1070	27
1071	18
1072	20
1073	33
1074	14
1075	30
1076	23
1077	22
1078	24
1079	22
1080	16
1081	36
1082	33
1083	34
1084	28
1085	24
1086	34
1087	29
1088	36
1089	28
1090	40
1091	22
1092	32
1093	25
1094	21
1095	29
1096	35
1097	25
1098	25
1099	38
1100	27
1101	31
1102	18
1103	28
1104	35
1105	31
1106	31
1107	23
1108	26
1109	21
1110	18
1111	34
1112	34
1113	31
1114	16
1115	25
1116	28
1117	31
1118	31
1119	25
1120	29
1121	33
1122	31
1123	25
1124	27
1125	34
1126	25
1127	15
1128	24
1129	25
1130	29
1131	34
1132	19
1133	35
1134	25
1135	33
1136	22
1137	32
1138	33
1139	30
1140	36
1141	29
1142	24
1143	31
1144	22
1145	27
1146	28
1147	29
1148	29
1149	26
1150	30
1151	35
1152	27
1153	22
1154	17
1155	32
1156	25
1157	36
1158	26
1159	39
1160	30
1161	22
1162	31
1163	22
1164	27
1165	30
1166	40
1167	28
1168	28
1169	28
1170	24
1171	22
1172	27
1173	32
1174	27
1175	24
1176	23
1177	31
1178	25
1179	17
1180	26
1181	22
1182	23
1183	24
1184	22
1185	23
1186	24
1187	21
1188	34
1189	27
1190	27
1191	22
1192	32
1193	26
1194	29
1195	36
1196	27
1197	24
1198	30
1199	24
1200	25
1201	21
1202	22
1203	22
1204	22
1205	29
1206	33
1207	33
1208	26
1209	38
1210	25
1211	28
1212	31
1213	17
1214	27
1215	27
1216	27
1217	25
1218	17
1219	28
1220	26
1221	28
1222	21
1223	34
1224	29
1225	19
1226	29
1227	32
1228	34
1229	30
1230	32
1231	29
1232	32
1233	36
1234	30
1235	31
1236	23
1237	32
1238	27
1239	29
1240	27
1241	34
1242	29
1243	42
1244	29
1245	27
1246	34
1247	32
1248	35
1249	27
1250	23
1251	32
1252	28
1253	25
1254	33
1255	21
1256	23
1257	36
1258	22
1259	31
1260	25
1261	30
1262	29
1263	31
1264	41
1265	27
1266	26
1267	36
1268	29
1269	24
1270	27
1271	25
1272	33
1273	34
1274	19
1275	26
1276	38
1277	40
1278	23
1279	29
1280	38
1281	28
1282	19
1283	32
1284	29
1285	27
1286	40
1287	26
1288	35
1289	19
1290	26
1291	28
1292	34
1293	31
1294	27
1295	23
1296	25
1297	33
1298	31
1299	20
1300	23
1301	31
1302	27
1303	39
1304	33
1305	35
1306	25
1307	26
1308	31
1309	29
1310	39
1311	25
1312	28
1313	39
1314	27
1315	29
1316	36
1317	30
1318	25
1319	31
1320	35
1321	26
1322	31
1323	26
1324	24
1325	34
1326	25
1327	28
1328	27
1329	34
1330	35
1331	31
1332	26
1333	28
1334	26
1335	27
1336	41
1337	42
1338	28
1339	32
1340	35
1341	26
1342	15
1343	39
1344	37
1345	30
1346	25
1347	29
1348	32
1349	29
1350	30
1351	38
1352	27
1353	32
1354	33
1355	37
1356	30
1357	34
1358	29
1359	34
1360	35
1361	31
1362	27
1363	31
1364	37
1365	36
1366	44
1367	33
1368	34
1369	47
1370	30
1371	36
1372	32
1373	26
1374	32
1375	27
1376	31
1377	30
1378	21
1379	33
1380	24
1381	20
1382	30
1383	25
1384	31
1385	28
1386	29
1387	29
1388	28
1389	34
1390	31
1391	28
1392	30
1393	32
1394	23
1395	31
1396	34
1397	29
1398	27
1399	38
1400	22
1401	28
1402	34
1403	39
1404	25
1405	19
1406	46
1407	32
1408	29
1409	36
1410	22
1411	27
1412	33
1413	27
1414	28
1415	43
1416	25
1417	37
1418	25
1419	37
1420	39
1421	31
1422	34
1423	20
1424	27
1425	32
1426	32
1427	38
1428	33
1429	29
1430	25
1431	34
1432	35
1433	30
1434	30
1435	32
1436	29
1437	30
1438	22
1439	38
1440	31
1441	31
1442	26
1443	25
1444	26
1445	29
1446	34
1447	22
1448	33
1449	27
1450	34
1451	26
1452	33
1453	35
1454	37
1455	27
1456	18
1457	36
1458	36
1459	27
1460	33
1461	33
1462	27
1463	28
1464	32
1465	28
1466	35
1467	26
1468	40
1469	38
1470	29
1471	38
1472	47
1473	28
1474	29
1475	29
1476	34
1477	28
1478	21
1479	34
1480	27
1481	32
1482	20
1483	41
1484	30
1485	29
1486	23
1487	36
1488	36
1489	29
1490	25
1491	25
1492	36
1493	32
1494	24
1495	23
1496	24
1497	25
1498	29
1499	30
1500	36
1501	28
1502	40
1503	30
1504	28
1505	29
1506	34
1507	31
1508	31
1509	16
1510	38
1511	31
1512	40
1513	39
1514	44
1515	29
1516	26
1517	27
1518	38
1519	32
1520	25
1521	25
1522	32
1523	33
1524	34
1525	24
1526	42
1527	31
1528	29
1529	28
1530	28
1531	38
1532	27
1533	46
1534	36
1535	27
1536	34
1537	33
1538	25
1539	33
1540	36
1541	27
1542	39
1543	38
1544	36
1545	24
1546	36
1547	28
1548	33
1549	29
1550	30
1551	29
1552	21
1553	34
1554	33
1555	31
1556	27
1557	28
1558	28
1559	38
1560	27
1561	35
1562	32
1563	41
1564	41
1565	28
1566	24
1567	42
1568	29
1569	34
1570	41
1571	30
1572	41
1573	30
1574	38
1575	30
1576	32
1577	19
1578	19
1579	35
1580	28
1581	33
1582	23
1583	28
1584	31
1585	25
1586	26
1587	28
1588	28
1589	25
1590	36
1591	30
1592	31
1593	37
1594	29
1595	29
1596	16
1597	32
1598	37
1599	21
1600	27
1601	34
1602	30
1603	30
1604	26
1605	36
1606	34
1607	33
1608	30
1609	21
1610	31
1611	28
1612	27
1613	24
1614	41
1615	24
1616	34
1617	38
1618	33
1619	22
1620	28
1621	33
1622	29
1623	27
1624	32
1625	33
1626	29
1627	30
1628	30
1629	36
1630	28
1631	25
1632	26
1633	25
1634	20
1635	25
1636	22
1637	32
1638	24
1639	26
1640	29
1641	26
1642	28
1643	32
1644	30
1645	39
1646	31
1647	31
1648	31
1649	26
1650	25
1651	19
1652	18
1653	19
1654	29
1655	30
1656	36
1657	22
1658	29
1659	32
1660	28
1661	26
1662	27
1663	24
1664	26
1665	20
1666	32
1667	21
1668	16
1669	30
1670	27
1671	19
1672	34
1673	22
1674	20
1675	25
1676	17
1677	33
1678	18
1679	28
1680	24
1681	25
1682	24
1683	30
1684	28
1685	26
1686	23
1687	29
1688	23
1689	24
1690	24
1691	20
1692	25
1693	19
1694	27
1695	30
1696	29
1697	21
1698	27
1699	25
1700	30
1701	23
1702	30
1703	37
1704	29
1705	26
1706	18
1707	32
1708	32
1709	20
1710	30
1711	16
1712	32
1713	39
1714	27
1715	25
1716	20
1717	25
1718	22
1719	23
1720	32
1721	30
1722	26
1723	34
1724	27
1725	25
1726	33
1727	23
1728	26
1729	23
1730	25
1731	36
1732	29
1733	26
1734	22
1735	22
1736	27
1737	24
1738	19
1739	25
1740	22
1741	32
1742	21
1743	21
1744	24
1745	26
1746	20
1747	30
1748	26
1749	17
1750	28
1751	25
1752	33
1753	29
1754	31
1755	19
1756	33
1757	17
1758	21
1759	26
1760	16
1761	22
1762	16
1763	28
1764	27
1765	29
1766	19
1767	22
1768	23
1769	23
1770	23
1771	18
1772	18
1773	21
1774	17
1775	34
1776	21
1777	17
1778	20
1779	26
1780	24
1781	27
1782	27
1783	23
1784	18
1785	20
1786	24
1787	19
1788	26
1789	22
1790	21
1791	30
1792	27
1793	21
1794	24
1795	26
1796	20
1797	22
1798	16
1799	15
1800	17
1801	22
1802	17
1803	19
1804	31
1805	13
1806	26
1807	19
1808	24
1809	20
1810	13
1811	19
1812	29
1813	18
1814	21
1815	35
1816	30
1817	26
1818	32
1819	21
1820	19
1821	31
1822	16
1823	22
1824	20
1825	23
1826	21
1827	10
1828	14
1829	20
1830	25
1831	19
1832	31
1833	20
1834	23
1835	30
1836	29
1837	24
1838	20
1839	26
1840	25
1841	30
1842	24
1843	22
1844	28
1845	28
1846	25
1847	23
1848	22
1849	17
1850	18
1851	22
1852	22
1853	15
1854	34
1855	27
1856	25
1857	22
1858	20
1859	15
1860	29
1861	18
1862	28
1863	29
1864	17
1865	18
1866	27
1867	19
1868	19
1869	31
1870	23
1871	25
1872	26
1873	30
1874	21
1875	23
1876	24
1877	29
1878	34
1879	21
1880	26
1881	20
1882	18
1883	22
1884	26
1885	14
1886	22
1887	23
1888	20
1889	14
1890	24
1891	29
1892	17
1893	26
1894	32
1895	21
1896	22
1897	20
1898	25
1899	18
1900	20
1901	33
1902	25
1903	25
1904	34
1905	22
1906	21
1907	19
1908	28
1909	26
1910	26
1911	14
1912	27
1913	37
1914	17
1915	21
1916	29
1917	26
1918	31
1919	24
1920	26
1921	27
1922	31
1923	25
1924	24
1925	25
1926	31
1927	16
1928	20
1929	26
1930	32
1931	28
1932	30
1933	22
1934	27
1935	29
1936	37
1937	23
1938	29
1939	20
1940	28
1941	32
1942	26
1943	30
1944	24
1945	21
1946	31
1947	22
1948	20
1949	23
1950	15
1951	25
1952	19
1953	26
1954	21
1955	35
1956	29
1957	28
1958	23
1959	19
1960	27
1961	30
1962	27
1963	30
1964	17
1965	19
1966	25
1967	24
1968	22
1969	24
1970	21
1971	32
1972	19
1973	21
1974	27
1975	23
1976	37
1977	30
1978	20
1979	35
1980	26
1981	20
1982	30
1983	16
1984	31
1985	30
1986	33
1987	36
1988	25
1989	23
1990	35
1991	25
1992	26
1993	29
1994	25
1995	21
1996	29
1997	24
1998	36
1999	34
2000	28
2001	25
2002	31
2003	29
2004	34
2005	30
2006	27
2007	41
2008	33
2009	34
2010	23
2011	21
2012	27
2013	28
2014	32
2015	27
2016	31
2017	29
2018	22
2019	27
2020	22
2021	32
2022	27
2023	25
2024	23
2025	35
2026	40
2027	28
2028	31
2029	36
2030	28
2031	27
2032	30
2033	35
2034	27
2035	22
2036	27
2037	35
2038	32
2039	37
2040	29
2041	32
2042	27
2043	29
2044	29
2045	40
2046	35
2047	29
2048	41
2049	23
2050	29
2051	36
2052	37
2053	35
2054	19
2055	29
2056	28
2057	38
2058	38
2059	29
2060	30
2061	34
2062	27
2063	35
2064	28
2065	36
2066	35
2067	32
2068	35
2069	29
2070	35
2071	20
2072	28
2073	24
2074	42
2075	29
2076	28
2077	29
2078	31
2079	34
2080	34
2081	31
2082	38
2083	28
2084	39
2085	29
2086	39
2087	33
2088	35
2089	31
2090	25
2091	44
2092	33
2093	33
2094	33
2095	25
2096	37
2097	35
2098	28
2099	25
2100	32
2101	29
2102	29
2103	33
2104	42
2105	25
2106	31
2107	35
2108	31
2109	30
2110	37
2111	39
2112	40
2113	31
2114	31
2115	33
2116	33
2117	49
2118	37
2119	33
2120	32
2121	29
2122	36
2123	39
2124	33
2125	28
2126	29
2127	36
2128	38
2129	36
2130	30
2131	31
2132	33
2133	26
2134	23
2135	29
2136	33
2137	44
2138	33
2139	33
2140	34
2141	27
2142	33
2143	35
2144	35
2145	35
2146	41
2147	46
2148	23
2149	40
2150	26
2151	14
2152	30
2153	40
2154	29
2155	36
2156	50
2157	35
2158	33
2159	38
2160	33
2161	34
2162	24
2163	34
2164	30
2165	24
2166	29
2167	23
2168	28
2169	29
2170	24
2171	42
2172	41
2173	32
2174	27
2175	27
2176	29
2177	32
2178	24
2179	34
2180	31
2181	30
2182	28
2183	36
2184	32
2185	31
2186	33
2187	20
2188	20
2189	32
2190	38
2191	32
2192	33
2193	23
2194	28
2195	35
2196	32
2197	29
2198	29
2199	35
2200	33
2201	28
2202	32
2203	34
2204	31
2205	27
2206	28
2207	34
2208	29
2209	28
2210	26
2211	37
2212	25
2213	31
2214	29
2215	28
2216	23
2217	30
2218	20
2219	19
2220	31
2221	18
2222	27
2223	31
2224	30
2225	34
2226	20
2227	36
2228	26
2229	31
2230	21
2231	38
2232	27
2233	30
2234	26
2235	24
2236	25
2237	37
2238	22
2239	23
2240	37
2241	25
2242	29
2243	28
2244	25
2245	28
2246	21
2247	23
2248	16
2249	26
2250	24
2251	28
2252	20
2253	23
2254	20
2255	28
2256	26
2257	27
2258	18
2259	23
2260	28
2261	29
2262	19
2263	16
2264	21
2265	18
2266	30
2267	14
2268	23
2269	32
2270	22
2271	22
2272	24
2273	20
2274	22
2275	32
2276	32
2277	28
2278	32
2279	20
2280	19
2281	23
2282	26
2283	15
2284	27
2285	16
2286	25
2287	29
2288	21
2289	18
2290	24
2291	17
2292	23
2293	34
2294	19
2295	30
2296	18
2297	24
2298	23
2299	27
2300	24
2301	21
2302	19
2303	19
2304	14
2305	32
2306	23
2307	23
2308	22
2309	23
2310	18
2311	24
2312	22
2313	20
2314	19
2315	21
2316	18
2317	20
2318	15
2319	18
2320	26
2321	22
2322	26
2323	18
2324	15
2325	28
2326	18
2327	23
2328	25
2329	19
2330	19
2331	22
2332	25
2333	20
2334	18
2335	28
2336	19
2337	28
2338	18
2339	21
2340	20
2341	20
2342	15
2343	15
2344	17
2345	22
2346	17
2347	15
2348	19
2349	17
2350	19
2351	27
2352	26
2353	24
2354	18
2355	17
2356	18
2357	17
2358	12
2359	20
2360	16
2361	16
2362	20
2363	16
2364	15
2365	20
2366	20
2367	15
2368	16
2369	17
2370	22
2371	17
2372	15
2373	17
2374	9
2375	12
2376	18
2377	13
2378	19
2379	20
2380	12
2381	20
2382	16
2383	22
2384	16
2385	13
2386	12
2387	13
2388	21
2389	14
2390	16
2391	19
2392	14
2393	19
2394	20
2395	20
2396	18
2397	16
2398	30
2399	11
2400	20
2401	18
2402	18
2403	22
2404	15
2405	19
2406	21
2407	14
2408	19
2409	22
2410	19
2411	16
2412	16
2413	17
2414	14
2415	16
2416	11
2417	18
2418	19
2419	11
2420	17
2421	15
2422	14
2423	20
2424	17
2425	19
2426	14
2427	16
2428	16
2429	18
2430	22
2431	14
2432	15
2433	20
2434	19
2435	17
2436	18
2437	26
2438	19
2439	9
2440	16
2441	11
2442	16
2443	15
2444	17
2445	19
2446	15
2447	16
2448	15
2449	19
2450	21
2451	12
2452	13
2453	12
2454	16
2455	22
2456	12
2457	12
2458	17
2459	18
2460	9
2461	17
2462	15
2463	16
2464	16
2465	15
2466	19
2467	28
2468	14
2469	19
2470	20
2471	20
2472	20
2473	18
2474	13
2475	8
2476	14
2477	11
2478	14
2479	14
2480	15
2481	14
2482	22
2483	12
2484	22
2485	15
2486	17
2487	15
2488	18
2489	15
2490	19
2491	11
2492	12
2493	19
2494	8
2495	15
2496	13
2497	16
2498	9
2499	16
2500	21
2501	11
2502	21
2503	9
2504	17
2505	11
2506	21
2507	14
2508	14
2509	17
2510	13
2511	17
2512	14
2513	12
2514	16
2515	20
2516	18
2517	10
2518	14
2519	11
2520	17
2521	16
2522	14
2523	14
2524	18
2525	20
2526	21
2527	12
2528	26
2529	20
2530	17
2531	20
2532	23
2533	13
2534	15
2535	8
2536	12
2537	12
2538	9
2539	15
2540	15
2541	17
2542	12
2543	14
2544	11
2545	20
2546	12
2547	13
2548	15
2549	18
2550	18
2551	21
2552	11
2553	18
2554	11
2555	12
2556	10
2557	12
2558	10
2559	9
2560	9
2561	15
2562	19
2563	11
2564	11
2565	10
2566	20
2567	16
2568	19
2569	17
2570	20
2571	20
2572	20
2573	20
2574	11
2575	21
2576	13
2577	15
2578	7
2579	15
2580	12
2581	20
2582	12
2583	20
2584	9
2585	22
2586	19
2587	16
2588	14
2589	10
2590	11
2591	19
2592	10
2593	13
2594	12
2595	18
2596	13
2597	8
2598	11
2599	16
2600	13
2601	16
2602	12
2603	10
2604	15
2605	17
2606	17
2607	18
2608	19
2609	13
2610	16
2611	17
2612	14
2613	12
2614	11
2615	13
2616	9
2617	15
2618	12
2619	20
2620	12
2621	12
2622	13
2623	21
2624	13
2625	14
2626	11
2627	10
2628	10
2629	13
2630	10
2631	15
2632	12
2633	12
2634	19
2635	15
2636	14
2637	14
2638	15
2639	21
2640	12
2641	11
2642	12
2643	19
2644	16
2645	15
2646	11
2647	15
2648	19
2649	18
2650	18
2651	14
2652	18
2653	13
2654	16
2655	12
2656	11
2657	19
2658	10
2659	14
2660	13
2661	17
2662	11
2663	11
2664	18
2665	13
2666	11
2667	20
2668	16
2669	17
2670	17
2671	7
2672	10
2673	20
2674	18
2675	16
2676	17
2677	17
2678	18
2679	11
2680	14
2681	21
2682	15
2683	10
2684	6
2685	9
2686	13
2687	13
2688	11
2689	17
2690	12
2691	13
2692	15
2693	14
2694	13
2695	11
2696	22
2697	22
2698	15
2699	11
2700	12
2701	15
2702	16
2703	13
2704	16
2705	12
2706	14
2707	11
2708	6
2709	9
2710	23
2711	22
2712	14
2713	6
2714	11
2715	18
2716	13
2717	19
2718	16
2719	10
2720	11
2721	11
2722	10
2723	14
2724	13
2725	12
2726	11
2727	12
2728	6
2729	11
2730	17
2731	12
2732	18
2733	11
2734	14
2735	16
2736	14
2737	11
2738	18
2739	11
2740	16
2741	23
2742	8
2743	16
2744	15
2745	10
2746	19
2747	12
2748	15
2749	20
2750	15
2751	7
2752	15
2753	10
2754	14
2755	8
2756	14
2757	16
2758	12
2759	13
2760	11
2761	6
2762	11
2763	13
2764	10
2765	12
2766	8
2767	15
2768	13
2769	9
2770	15
2771	14
2772	18
2773	6
2774	7
2775	13
2776	19
2777	10
2778	12
2779	14
2780	15
2781	12
2782	11
2783	13
2784	11
2785	15
2786	12
2787	9
2788	16
2789	14
2790	9
2791	13
2792	12
2793	7
2794	14
2795	10
2796	10
2797	11
2798	20
2799	11
2800	10
2801	10
2802	14
2803	15
2804	7
2805	14
2806	14
2807	6
2808	10
2809	9
2810	10
2811	14
2812	13
2813	12
2814	12
2815	8
2816	13
2817	12
2818	9
2819	12
2820	10
2821	15
2822	12
2823	18
2824	13
2825	13
2826	11
2827	17
2828	12
2829	11
2830	7
2831	15
2832	13
2833	10
2834	15
2835	8
2836	6
2837	12
2838	12
2839	14
2840	11
2841	9
2842	13
2843	14
2844	12
2845	11
2846	9
2847	10
2848	11
2849	12
2850	18
2851	21
2852	17
2853	14
2854	14
2855	12
2856	11
2857	12
2858	12
2859	10
2860	11
2861	12
2862	14
2863	12
2864	16
2865	9
2866	12
2867	16
2868	8
2869	11
2870	11
2871	16
2872	9
2873	8
2874	13
2875	10
2876	12
2877	19
2878	9
2879	12
2880	12
2881	10
2882	11
2883	9
2884	13
2885	9
2886	17
2887	16
2888	14
2889	11
2890	12
2891	8
2892	13
2893	12
2894	12
2895	7
2896	10
2897	11
2898	9
2899	11
2900	11
2901	12
2902	10
2903	21
2904	16
2905	15
2906	14
2907	12
2908	15
2909	11
2910	11
2911	13
2912	14
2913	12
2914	13
2915	8
2916	10
2917	14
2918	8
2919	14
2920	14
2921	9
2922	15
2923	13
2924	14
2925	14
2926	10
2927	9
2928	15
2929	20
2930	14
2931	12
2932	8
2933	7
2934	13
2935	11
2936	19
2937	11
2938	10
2939	11
2940	10
2941	11
2942	12
2943	16
2944	8
2945	12
2946	13
2947	10
2948	13
2949	6
2950	14
2951	12
2952	16
2953	16
2954	14
2955	13
2956	12
2957	16
2958	10
2959	14
2960	6
2961	7
2962	8
2963	10
2964	10
2965	16
2966	9
2967	15
2968	12
2969	12
2970	15
2971	8
2972	11
2973	15
2974	16
2975	10
2976	11
2977	15
2978	10
2979	8
2980	16
2981	14
2982	8
2983	7
2984	6
2985	9
2986	11
2987	20
2988	9
2989	10
2990	14
2991	13
2992	15
2993	8
2994	12
2995	10
2996	17
2997	10
2998	22
2999	8
3000	12
3001	12
3002	18
3003	12
3004	13
3005	15
3006	8
3007	10
3008	11
3009	12
3010	8
3011	17
3012	9
3013	11
3014	12
3015	5
3016	15
3017	15
3018	21
3019	7
3020	5
3021	5
3022	5
3023	18
3024	15
3025	10
3026	12
3027	13
3028	14
3029	11
3030	19
3031	13
3032	9
3033	6
3034	10
3035	8
3036	9
3037	4
3038	13
3039	11
3040	9
3041	8
3042	13
3043	7
3044	7
3045	12
3046	15
3047	7
3048	12
3049	15
3050	13
3051	16
3052	12
3053	16
3054	9
3055	12
3056	6
3057	10
3058	8
3059	5
3060	8
3061	10
3062	15
3063	12
3064	8
3065	16
3066	16
3067	17
3068	9
3069	17
3070	9
3071	6
3072	11
3073	11
3074	10
3075	8
3076	8
3077	17
3078	15
3079	10
3080	13
3081	11
3082	13
3083	15
3084	8
3085	8
3086	9
3087	12
3088	5
3089	9
3090	15
3091	11
3092	7
3093	16
3094	13
3095	15
3096	15
3097	12
3098	9
3099	3
3100	11
3101	14
3102	8
3103	12
3104	17
3105	5
3106	8
3107	20
3108	6
3109	11
3110	13
3111	12
3112	12
3113	8
3114	8
3115	13
3116	14
3117	12
3118	13
3119	14
3120	10
3121	18
3122	11
3123	11
3124	11
3125	11
3126	8
3127	7
3128	8
3129	6
3130	8
3131	10
3132	11
3133	8
3134	13
3135	8
3136	17
3137	16
3138	10
3139	12
3140	11
3141	9
3142	10
3143	9
3144	13
3145	20
3146	13
3147	7
3148	12
3149	15
3150	11
3151	14
3152	11
3153	9
3154	14
3155	11
3156	9
3157	10
3158	11
3159	7
3160	9
3161	8
3162	16
3163	6
3164	10
3165	12
3166	7
3167	13
3168	11
3169	8
3170	8
3171	12
3172	7
3173	10
3174	10
3175	10
3176	10
3177	14
3178	12
3179	15
3180	16
3181	8
3182	13
3183	12
3184	8
3185	17
3186	8
3187	9
3188	5
3189	6
3190	6
3191	7
3192	7
3193	12
3194	7
3195	8
3196	13
3197	12
3198	11
3199	12
3200	9
3201	14
3202	9
3203	11
3204	13
3205	8
3206	12
3207	14
3208	8
3209	8
3210	10
3211	5
3212	10
3213	9
3214	9
3215	10
3216	10
3217	14
3218	8
3219	12
3220	8
3221	10
3222	13
3223	8
3224	10
3225	11
3226	11
3227	11
3228	13
3229	6
3230	8
3231	8
3232	13
3233	14
3234	10
3235	9
3236	12
3237	10
3238	9
3239	16
3240	17
3241	7
3242	11
3243	9
3244	11
3245	8
3246	12
3247	13
3248	12
3249	13
3250	11
3251	7
3252	10
3253	10
3254	11
3255	9
3256	10
3257	13
3258	9
3259	10
3260	11
3261	8
3262	12
3263	9
3264	5
3265	16
3266	12
3267	5
3268	5
3269	8
3270	11
3271	6
3272	7
3273	8
3274	6
3275	7
3276	9
3277	8
3278	8
3279	8
3280	10
3281	5
3282	9
3283	9
3284	9
3285	9
3286	17
3287	13
3288	6
3289	11
3290	14
3291	11
3292	11
3293	6
3294	7
3295	13
3296	14
3297	6
3298	16
3299	12
3300	15
3301	11
3302	13
3303	15
3304	10
3305	9
3306	9
3307	10
3308	6
3309	7
3310	15
3311	10
3312	14
3313	14
3314	11
3315	11
3316	11
3317	6
3318	11
3319	9
3320	9
3321	5
3322	7
3323	7
3324	6
3325	7
3326	13
3327	9
3328	14
3329	7
3330	10
3331	14
3332	9
3333	12
3334	9
3335	7
3336	7
3337	11
3338	9
3339	11
3340	13
3341	11
3342	7
3343	10
3344	12
3345	6
3346	7
3347	13
3348	8
3349	6
3350	8
3351	12
3352	12
3353	10
3354	9
3355	6
3356	16
3357	2
3358	9
3359	8
3360	11
3361	7
3362	11
3363	11
3364	5
3365	10
3366	16
3367	11
3368	15
3369	10
3370	7
3371	5
3372	12
3373	10
3374	8
3375	10
3376	10
3377	15
3378	9
3379	7
3380	7
3381	9
3382	6
3383	10
3384	12
3385	9
3386	12
3387	12
3388	13
3389	6
3390	13
3391	11
3392	9
3393	7
3394	4
3395	5
3396	6
3397	11
3398	6
3399	7
3400	10
3401	3
3402	7
3403	10
3404	14
3405	11
3406	8
3407	8
3408	10
3409	10
3410	11
3411	14
3412	10
3413	9
3414	5
3415	11
3416	7
3417	11
3418	5
3419	8
3420	5
3421	3
3422	12
3423	19
3424	12
3425	9
3426	13
3427	11
3428	10
3429	12
3430	10
3431	14
3432	7
3433	9
3434	11
3435	7
3436	12
3437	6
3438	11
3439	7
3440	8
3441	11
3442	12
3443	20
3444	6
3445	6
3446	9
3447	15
3448	11
3449	8
3450	9
3451	10
3452	5
3453	5
3454	8
3455	9
3456	8
3457	8
3458	12
3459	14
3460	9
3461	6
3462	12
3463	7
3464	11
3465	8
3466	5
3467	16
3468	4
3469	10
3470	3
3471	10
3472	11
3473	9
3474	5
3475	9
3476	10
3477	10
3478	5
3479	12
3480	7
3481	7
3482	12
3483	9
3484	10
3485	12
3486	11
3487	10
3488	11
3489	8
3490	1
3491	6
3492	10
3493	9
3494	13
3495	6
3496	9
3497	12
3498	4
3499	9
3500	10
3501	14
3502	11
3503	13
3504	12
3505	11
3506	6
3507	13
3508	8
3509	13
3510	8
3511	9
3512	7
3513	16
3514	7
3515	12
3516	10
3517	12
3518	9
3519	11
3520	4
3521	7
3522	12
3523	15
3524	17
3525	3
3526	14
3527	6
3528	12
3529	14
3530	7
3531	13
3532	9
3533	7
3534	10
3535	7
3536	5
3537	9
3538	6
3539	7
3540	9
3541	9
3542	6
3543	14
3544	6
3545	12
3546	10
3547	13
3548	12
3549	11
3550	14
3551	6
3552	9
3553	12
3554	15
3555	8
3556	14
3557	8
3558	7
3559	13
3560	7
3561	5
3562	10
3563	13
3564	11
3565	6
3566	6
3567	8
3568	8
3569	9
3570	9
3571	10
3572	12
3573	10
3574	6
3575	12
3576	12
3577	13
3578	9
3579	10
3580	9
3581	10
3582	10
3583	8
3584	8
3585	9
3586	3
3587	8
3588	11
3589	11
3590	8
3591	6
3592	6
3593	7
3594	7
3595	4
3596	7
3597	11
3598	12
3599	3
3600	15
3601	6
3602	6
3603	6
3604	10
3605	12
3606	8
3607	8
3608	12
3609	7
3610	8
3611	3
3612	9
3613	11
3614	7
3615	6
3616	13
3617	9
3618	3
3619	5
3620	10
3621	8
3622	4
3623	9
3624	7
3625	7
3626	9
3627	11
3628	7
3629	7
3630	11
3631	6
3632	8
3633	11
3634	13
3635	8
3636	10
3637	14
3638	8
3639	8
3640	11
3641	8
3642	9
3643	8
3644	14
3645	10
3646	8
3647	11
3648	7
3649	8
3650	18
3651	9
3652	6
3653	7
3654	9
3655	13
3656	8
3657	6
3658	6
3659	7
3660	8
3661	10
3662	10
3663	7
3664	10
3665	5
3666	16
3667	7
3668	6
3669	8
3670	5
3671	12
3672	6
3673	8
3674	11
3675	7
3676	8
3677	7
3678	16
3679	10
3680	12
3681	11
3682	9
3683	8
3684	12
3685	12
3686	9
3687	10
3688	14
3689	13
3690	9
3691	12
3692	8
3693	8
3694	7
3695	10
3696	7
3697	5
3698	15
3699	10
3700	8
3701	9
3702	9
3703	5
3704	10
3705	12
3706	11
3707	6
3708	12
3709	9
3710	13
3711	7
3712	16
3713	4
3714	8
3715	10
3716	14
3717	8
3718	9
3719	13
3720	12
3721	8
3722	9
3723	11
3724	9
3725	10
3726	11
3727	8
3728	11
3729	3
3730	12
3731	7
3732	8
3733	10
3734	7
3735	6
3736	7
3737	5
3738	10
3739	11
3740	13
3741	6
3742	8
3743	6
3744	12
3745	9
3746	4
3747	11
3748	8
3749	7
3750	8
3751	6
3752	10
3753	5
3754	11
3755	11
3756	9
3757	12
3758	10
3759	11
3760	9
3761	7
3762	10
3763	10
3764	7
3765	12
3766	10
3767	10
3768	7
3769	14
3770	10
3771	7
3772	8
3773	14
3774	12
3775	3
3776	10
3777	7
3778	10
3779	5
3780	7
3781	11
3782	7
3783	11
3784	10
3785	7
3786	9
3787	6
3788	9
3789	8
3790	9
3791	9
3792	15
3793	12
3794	5
3795	7
3796	9
3797	7
3798	10
3799	12
3800	7
3801	14
3802	7
3803	15
3804	15
3805	6
3806	10
3807	7
3808	9
3809	11
3810	14
3811	9
3812	8
3813	11
3814	12
3815	8
3816	9
3817	10
3818	8
3819	8
3820	6
3821	7
3822	10
3823	8
3824	4
3825	16
3826	11
3827	10
3828	8
3829	7
3830	9
3831	6
3832	10
3833	7
3834	14
3835	7
3836	12
3837	5
3838	7
3839	7
3840	8
3841	12
3842	11
3843	8
3844	8
3845	11
3846	14
3847	8
3848	7
3849	9
3850	5
3851	6
3852	8
3853	9
3854	8
3855	13
3856	5
3857	7
3858	5
3859	8
3860	10
3861	9
3862	6
3863	6
3864	12
3865	7
3866	4
3867	6
3868	10
3869	2
3870	11
3871	7
3872	10
3873	4
3874	8
3875	10
3876	7
3877	8
3878	7
3879	11
3880	8
3881	7
3882	6
3883	5
3884	7
3885	12
3886	6
3887	7
3888	10
3889	7
3890	6
3891	11
3892	7
3893	13
3894	10
3895	18
3896	4
3897	12
3898	10
3899	7
3900	9
3901	13
3902	6
3903	7
3904	6
3905	12
3906	7
3907	7
3908	12
3909	6
3910	9
3911	13
3912	9
3913	8
3914	5
3915	8
3916	12
3917	8
3918	11
3919	12
3920	11
3921	8
3922	6
3923	4
3924	9
3925	14
3926	9
3927	6
3928	7
3929	13
3930	7
3931	10
3932	11
3933	7
3934	8
3935	6
3936	16
3937	9
3938	10
3939	6
3940	7
3941	8
3942	8
3943	11
3944	10
3945	2
3946	7
3947	10
3948	7
3949	8
3950	18
3951	4
3952	6
3953	7
3954	12
3955	10
3956	10
3957	8
3958	9
3959	10
3960	13
3961	10
3962	7
3963	9
3964	7
3965	11
3966	9
3967	14
3968	3
3969	17
3970	9
3971	9
3972	9
3973	11
3974	8
3975	11
3976	7
3977	11
3978	8
3979	9
3980	10
3981	9
3982	13
3983	7
3984	13
3985	7
3986	10
3987	8
3988	8
3989	10
3990	8
3991	8
3992	15
3993	7
3994	9
3995	9
3996	8
3997	9
3998	7
3999	10
4000	16
4001	11
4002	10
4003	13
4004	8
4005	4
4006	5
4007	11
4008	8
4009	8
4010	15
4011	6
4012	8
4013	10
4014	12
4015	9
4016	4
4017	17
4018	7
4019	11
4020	13
4021	9
4022	8
4023	9
4024	10
4025	6
4026	7
4027	12
4028	13
4029	9
4030	10
4031	9
4032	10
4033	5
4034	8
4035	8
4036	4
4037	11
4038	14
4039	8
4040	9
4041	11
4042	10
4043	17
4044	11
4045	4
4046	10
4047	9
4048	9
4049	9
4050	10
4051	7
4052	9
4053	10
4054	7
4055	14
4056	14
4057	11
4058	11
4059	14
4060	6
4061	8
4062	8
4063	13
4064	7
4065	7
4066	9
4067	8
4068	7
4069	11
4070	9
4071	14
4072	9
4073	9
4074	5
4075	9
4076	6
4077	9
4078	5
4079	13
4080	7
4081	8
4082	7
4083	11
4084	12
4085	5
4086	7
4087	6
4088	9
4089	12
4090	14
4091	5
4092	7
4093	13
4094	6
4095	9
4096	6
4097	9
4098	8
4099	11
4100	14
4101	11
4102	6
4103	9
4104	9
4105	7
4106	9
4107	15
4108	10
4109	15
4110	13
4111	6
4112	8
4113	9
4114	10
4115	12
4116	13
4117	10
4118	6
4119	7
4120	8
4121	14
4122	10
4123	7
4124	12
4125	7
4126	13
4127	12
4128	11
4129	6
4130	13
4131	12
4132	12
4133	15
4134	9
4135	6
4136	9
4137	6
4138	14
4139	10
4140	9
4141	6
4142	13
4143	14
4144	12
4145	12
4146	8
4147	11
4148	7
4149	12
4150	13
4151	8
4152	10
4153	15
4154	3
4155	6
4156	10
4157	13
4158	9
4159	6
4160	12
4161	10
4162	9
4163	5
4164	7
4165	6
4166	6
4167	17
4168	10
4169	11
4170	12
4171	6
4172	6
4173	9
4174	5
4175	11
4176	10
4177	9
4178	14
4179	14
4180	10
4181	10
4182	13
4183	14
4184	11
4185	12
4186	11
4187	9
4188	8
4189	13
4190	7
4191	6
4192	7
4193	15
4194	9
4195	4
4196	10
4197	8
4198	17
4199	9
4200	9
4201	7
4202	12
4203	13
4204	12
4205	6
4206	6
4207	13
4208	13
4209	14
4210	9
4211	11
4212	8
4213	9
4214	10
4215	7
4216	8
4217	13
4218	6
4219	13
4220	9
4221	10
4222	10
4223	13
4224	3
4225	5
4226	6
4227	13
4228	12
4229	12
4230	11
4231	8
4232	7
4233	10
4234	11
4235	11
4236	7
4237	10
4238	9
4239	8
4240	10
4241	11
4242	13
4243	10
4244	6
4245	8
4246	13
4247	5
4248	15
4249	9
4250	9
4251	9
4252	9
4253	14
4254	8
4255	11
4256	7
4257	14
4258	11
4259	12
4260	15
4261	6
4262	12
4263	13
4264	8
4265	11
4266	17
4267	10
4268	8
4269	8
4270	10
4271	12
4272	8
4273	11
4274	7
4275	8
4276	14
4277	11
4278	10
4279	13
4280	13
4281	14
4282	9
4283	6
4284	11
4285	6
4286	8
4287	15
4288	12
4289	10
4290	13
4291	11
4292	9
4293	10
4294	8
4295	11
4296	12
4297	8
4298	11
4299	15
4300	14
4301	4
4302	11
4303	13
4304	6
4305	8
4306	7
4307	4
4308	14
4309	10
4310	5
4311	12
4312	13
4313	6
4314	13
4315	9
4316	18
4317	11
4318	5
4319	9
4320	9
4321	8
4322	10
4323	15
4324	7
4325	12
4326	10
4327	11
4328	12
4329	15
4330	9
4331	17
4332	17
4333	14
4334	9
4335	11
4336	7
4337	16
4338	12
4339	11
4340	9
4341	12
4342	5
4343	6
4344	13
4345	6
4346	11
4347	13
4348	13
4349	12
4350	11
4351	10
4352	13
4353	10
4354	12
4355	10
4356	12
4357	9
4358	7
4359	6
4360	12
4361	11
4362	16
4363	11
4364	10
4365	8
4366	14
4367	8
4368	13
4369	14
4370	10
4371	11
4372	6
4373	17
4374	11
4375	7
4376	13
4377	15
4378	8
4379	7
4380	9
4381	8
4382	14
4383	11
4384	11
4385	6
4386	15
4387	18
4388	8
4389	9
4390	9
4391	8
4392	6
4393	15
4394	6
4395	10
4396	7
4397	16
4398	7
4399	23
4400	11
4401	7
4402	14
4403	7
4404	9
4405	14
4406	14
4407	3
4408	13
4409	12
4410	14
4411	8
4412	15
4413	12
4414	11
4415	7
4416	19
4417	11
4418	10
4419	13
4420	7
4421	16
4422	13
4423	15
4424	22
4425	16
4426	12
4427	12
4428	9
4429	10
4430	11
4431	14
4432	11
4433	11
4434	12
4435	10
4436	6
4437	20
4438	13
4439	17
4440	18
4441	5
4442	13
4443	12
4444	16
4445	9
4446	12
4447	7
4448	12
4449	18
4450	16
4451	18
4452	13
4453	14
4454	14
4455	10
4456	8
4457	10
4458	9
4459	11
4460	10
4461	21
4462	12
4463	9
4464	7
4465	20
4466	13
4467	15
4468	16
4469	8
4470	15
4471	12
4472	23
4473	13
4474	17
4475	14
4476	16
4477	12
4478	21
4479	17
4480	13
4481	15
4482	14
4483	14
4484	11
4485	11
4486	5
4487	18
4488	11
4489	13
4490	11
4491	14
4492	16
4493	17
4494	21
4495	11
4496	21
4497	16
4498	12
4499	20
4500	12
4501	13
4502	17
4503	15
4504	16
4505	13
4506	12
4507	13
4508	5
4509	13
4510	19
4511	9
4512	7
4513	12
4514	18
4515	7
4516	11
4517	13
4518	18
4519	19
4520	21
4521	13
4522	9
4523	17
4524	13
4525	14
4526	10
4527	13
4528	16
4529	13
4530	17
4531	11
4532	13
4533	14
4534	13
4535	12
4536	22
4537	17
4538	20
4539	14
4540	18
4541	14
4542	17
4543	16
4544	10
4545	12
4546	19
4547	15
4548	24
4549	13
4550	9
4551	17
4552	13
4553	19
4554	16
4555	14
4556	9
4557	11
4558	13
4559	8
4560	10
4561	12
4562	12
4563	15
4564	16
4565	11
4566	11
4567	14
4568	11
4569	15
4570	8
4571	17
4572	19
4573	14
4574	19
4575	20
4576	21
4577	12
4578	20
4579	11
4580	16
4581	14
4582	12
4583	19
4584	16
4585	8
4586	18
4587	10
4588	20
4589	17
4590	21
4591	14
4592	15
4593	13
4594	12
4595	15
4596	13
4597	14
4598	10
4599	8
4600	14
4601	13
4602	16
4603	12
4604	11
4605	21
4606	23
4607	18
4608	14
4609	22
4610	22
4611	14
4612	20
4613	25
4614	19
4615	17
4616	13
4617	19
4618	17
4619	24
4620	23
4621	17
4622	11
4623	16
4624	21
4625	15
4626	22
4627	20
4628	14
4629	17
4630	18
4631	25
4632	13
4633	14
4634	20
4635	17
4636	19
4637	18
4638	23
4639	24
4640	17
4641	15
4642	18
4643	21
4644	17
4645	18
4646	20
4647	21
4648	21
4649	14
4650	24
4651	21
4652	19
4653	24
4654	16
4655	18
4656	24
4657	18
4658	15
4659	20
4660	18
4661	16
4662	13
4663	21
4664	15
4665	23
4666	16
4667	21
4668	13
4669	19
4670	17
4671	15
4672	14
4673	14
4674	19
4675	25
4676	19
4677	17
4678	14
4679	20
4680	15
4681	20
4682	18
4683	15
4684	15
4685	21
4686	23
4687	8
4688	11
4689	12
4690	24
4691	13
4692	22
4693	26
4694	11
4695	12
4696	13
4697	19
4698	11
4699	12
4700	18
4701	23
4702	29
4703	20
4704	12
4705	22
4706	22
4707	15
4708	18
4709	17
4710	14
4711	18
4712	23
4713	19
4714	22
4715	9
4716	12
4717	22
4718	12
4719	12
4720	10
4721	18
4722	21
4723	20
4724	24
4725	19
4726	20
4727	20
4728	11
4729	13
4730	12
4731	13
4732	17
4733	16
4734	17
4735	21
4736	22
4737	14
4738	12
4739	15
4740	13
4741	18
4742	17
4743	12
4744	15
4745	21
4746	15
4747	21
4748	17
4749	13
4750	21
4751	14
4752	11
4753	13
4754	13
4755	21
4756	13
4757	20
4758	12
4759	12
4760	14
4761	12
4762	19
4763	8
4764	17
4765	10
4766	10
4767	12
4768	12
4769	19
4770	13
4771	14
4772	14
4773	15
4774	17
4775	20
4776	11
4777	21
4778	13
4779	15
4780	19
4781	16
4782	13
4783	13
4784	12
4785	12
4786	12
4787	21
4788	16
4789	15
4790	15
4791	10
4792	13
4793	16
4794	12
4795	23
4796	14
4797	13
4798	11
4799	11
4800	14
4801	6
4802	12
4803	11
4804	18
4805	14
4806	15
4807	11
4808	12
4809	10
4810	11
4811	8
4812	15
4813	5
4814	12
4815	13
4816	10
4817	15
4818	17
4819	14
4820	11
4821	14
4822	14
4823	8
4824	12
4825	14
4826	13
4827	10
4828	12
4829	6
4830	9
4831	16
4832	8
4833	11
4834	10
4835	7
4836	14
4837	12
4838	9
4839	12
4840	16
4841	9
4842	13
4843	9
4844	14
4845	5
4846	10
4847	12
4848	5
4849	8
4850	12
4851	15
4852	10
4853	12
4854	11
4855	11
4856	11
4857	11
4858	7
4859	6
4860	14
4861	13
4862	9
4863	8
4864	5
4865	10
4866	1
4867	18
4868	9
4869	6
4870	6
4871	4
4872	11
4873	4
4874	5
4875	9
4876	3
4877	8
4878	7
4879	7
4880	11
4881	8
4882	11
4883	12
4884	3
4885	6
4886	6
4887	4
4888	7
4889	8
4890	7
4891	3
4892	6
4893	9
4894	6
4895	7
4896	8
4897	12
4898	10
4899	3
4900	3
4901	4
4902	3
4903	5
4904	5
4905	4
4906	3
4907	9
4908	6
4909	4
4910	8
4911	7
4912	6
4913	7
4914	8
4915	4
4916	7
4917	8
4918	7
4919	4
4920	6
4921	3
4922	3
4923	7
4924	6
4925	7
4926	2
4927	4
4928	4
4929	4
4930	3
4931	8
4932	3
4933	8
4934	4
4935	5
4936	5
4937	9
4938	5
4939	3
4940	2
4941	3
4942	6
4943	6
4944	3
4945	5
4946	7
4947	6
4948	3
4949	3
4950	2
4951	3
4952	6
4953	1
4954	5
4955	4
4956	3
4957	2
4958	4
4959	3
4960	2
4961	5
4962	7
4963	4
4964	4
4965	4
4966	4
4967	3
4968	2
4969	4
4970	6
4971	6
4972	4
4973	4
4974	4
4975	1
4976	1
4977	5
4978	7
4979	6
4980	1
4981	3
4982	4
4983	3
4984	1
4985	3
4986	2
4987	3
4988	2
4989	3
4990	3
4991	3
4992	1
4993	2
4994	4
4995	4
4996	1
4997	1
4998	4
4999	2
5000	3
5001	2
5002	2
5003	2
5004	2
5005	2
5006	2
5007	5
5008	2
5009	3
5010	1
5011	4
5012	0
5013	4
5014	2
5015	2
5016	2
5017	0
5018	3
5019	3
5020	0
5021	1
5022	0
5023	1
5024	2
5025	2
5026	2
5027	2
5028	1
5029	0
5030	3
5031	4
5032	1
5033	1
5034	2
5035	1
5036	1
5037	0
5038	0
5039	2
5040	0
5041	0
5042	1
5043	0
5044	1
5045	1
5046	1
5047	1
5048	2
5049	0
5050	3
5051	0
5052	1
5053	1
5054	2
5055	0
5056	1
5057	0
5058	1
5059	1
5060	2
5061	1
5062	1
5063	2
5064	0
5065	1
5066	1
5067	3
5068	2
5069	1
5070	1
5071	2
5072	1
5073	0
5074	0
5075	0
5076	1
5077	1
5078	1
5079	0
5080	1
5081	1
5082	1
5083	1
5084	1
5085	4
5086	0
5087	2
5088	0
5089	1
5090	1
5091	2
5092	0
5093	1
5094	0
5095	2
5096	0
5097	2
5098	2
5099	0
5100	0
5101	2
5102	0
5103	2
5104	2
5105	2
5106	0
5107	0
5108	2
5109	0
5110	1
5111	0
5112	0
5113	1
5114	0
5115	1
5116	1
5117	1
5118	1
5119	0
5120	1
5121	2
5122	0
5123	1
5124	1
5125	0
5126	0
5127	0
5128	1
5129	0
5130	3
5131	1
5132	2
5133	1
5134	0
5135	2
5136	0
5137	1
5138	1
5139	3
5140	0
5141	0
5142	2
5143	1
5144	0
5145	0
5146	0
5147	2
5148	0
5149	1
5150	3
5151	0
5152	0
5153	0
5154	1
5155	0
5156	1
5157	1
5158	0
5159	1
5160	2
5161	1
5162	1
5163	0
5164	0
5165	0
5166	0
5167	0
5168	1
5169	0
5170	0
5171	1
5172	0
5173	1
5174	3
5175	0
5176	1
5177	0
5178	0
5179	1
5180	0
5181	0
5182	1
5183	1
5184	0
5185	1
5186	0
5187	1
5188	0
5189	1
5190	0
5191	0
5192	1
5193	0
5194	1
5195	1
5196	1
5197	1
5198	0
5199	1
5200	1
5201	0
5202	1
5203	1
5204	0
5205	0
5206	1
5207	0
5208	0
5209	0
5210	0
5211	0
5212	2
5213	0
5214	0
5215	1
5216	0
5217	0
5218	0
5219	0
5220	1
5221	0
5222	0
5223	1
5224	1
5225	2
5226	2
5227	1
5228	0
5229	1
5230	1
5231	0
5232	0
5233	1
5234	1
5235	0
5236	0
5237	0
5238	0
5239	2
5240	0
5241	0
5242	0
5243	1
5244	0
5245	1
5246	0
5247	0
5248	1
5249	2
5250	1
5251	1
5252	0
5253	1
5254	1
5255	1
5256	0
5257	1
5258	2
5259	0
5260	1
5261	2
5262	1
5263	1
5264	0
5265	0
5266	0
5267	0
5268	1
5269	1
5270	1
5271	1
5272	1
5273	0
5274	0
5275	0
5276	1
5277	1
5278	1
5279	0
5280	1
5281	0
5282	1
5283	1
5284	1
5285	2
5286	0
5287	1
5288	0
5289	1
5290	0
5291	0
5292	1
5293	0
5294	0
5295	1
5296	0
5297	1
5298	0
5299	0
5300	0
5301	1
5302	0
5303	0
5304	1
5305	0
5306	0
5307	1
5308	0
5309	1
5310	0
5311	0
5312	1
5313	1
5314	0
5315	1
5316	1
5317	0
5318	0
5319	0
5320	1
5321	1
5322	0
5323	2
5324	0
5325	0
5326	1
5327	1
5328	0
5329	0
5330	0
5331	1
5332	0
5333	0
5334	1
5335	1
5336	0
5337	1
5338	0
5339	1
5340	1
5341	0
5342	0
5343	0
5344	0
5345	1
5346	0
5347	1
5348	1
5349	1
5350	1
5351	1
5352	0
5353	1
5354	0
5355	0
5356	0
5357	1
5358	1
5359	0
5360	1
5361	1
5362	0
5363	0
5364	0
5365	0
5366	0
5367	0
5368	0
5369	0
5370	0
5371	0
5372	0
5373	0
5374	0
5375	0
5376	0
5377	1
5378	0
5379	1
5380	0
5381	1
5382	1
5383	0
5384	0
5385	0
5386	1
5387	0
5388	0
5389	0
5390	0
5391	2
5392	0
5393	1
5394	1
5395	0
5396	0
5397	0
5398	0
5399	1
5400	0
5401	0
5402	0
5403	0
5404	1
5405	1
5406	0
5407	2
5408	0
5409	0
5410	0
5411	0
5412	2
5413	0
5414	0
5415	0
5416	0
5417	0
5418	1
5419	1
5420	0
5421	2
5422	0
5423	1
5424	2
5425	0
5426	0
5427	0
5428	0
5429	1
5430	0
5431	2
5432	1
5433	1
5434	3
5435	1
5436	0
5437	2
5438	1
5439	0
5440	1
5441	0
5442	1
5443	2
5444	0
5445	0
5446	0
5447	1
5448	1
5449	0
5450	1
5451	0
5452	0
5453	0
5454	1
5455	1
5456	0
5457	1
5458	1
5459	0
5460	0
5461	0
5462	1
5463	0
5464	0
5465	0
5466	0
5467	2
5468	1
5469	1
5470	0
5471	1
5472	0
5473	1
5474	1
5475	0
5476	0
5477	1
5478	0
5479	1
5480	1
5481	0
5482	1
5483	0
5484	1
5485	0
5486	0
5487	0
5488	0
5489	1
5490	1
5491	1
5492	0
5493	1
5494	0
5495	1
5496	0
5497	1
5498	0
5499	0
5500	2
5501	0
5502	0
5503	0
5504	2
5505	0
5506	0
5507	0
5508	1
5509	0
5510	0
5511	0
5512	0
5513	1
5514	0
5515	0
5516	1
5517	0
5518	1
5519	0
5520	0
5521	0
5522	1
5523	0
5524	1
5525	1
5526	0
5527	0
5528	2
5529	0
5530	1
5531	0
5532	3
5533	2
5534	0
5535	0
5536	0
5537	2
5538	0
5539	0
5540	0
5541	0
5542	1
5543	0
5544	1
5545	2
5546	1
5547	0
5548	0
5549	0
5550	0
5551	1
5552	0
5553	0
5554	1
5555	2
5556	2
5557	0
5558	0
5559	1
5560	0
5561	0
5562	0
5563	1
5564	0
5565	0
5566	1
5567	0
5568	1
5569	1
5570	0
5571	0
5572	0
5573	0
5574	0
5575	0
5576	0
5577	0
5578	1
5579	1
5580	2
5581	0
5582	0
5583	0
5584	0
5585	0
5586	0
5587	0
5588	2
5589	1
5590	2
5591	0
5592	1
5593	0
5594	1
5595	0
5596	0
5597	1
5598	0
5599	1
5600	1
5601	3
5602	0
5603	1
5604	1
5605	0
5606	1
5607	0
5608	0
5609	0
5610	0
5611	0
5612	1
5613	0
5614	1
5615	0
5616	0
5617	1
5618	0
5619	0
5620	0
5621	1
5622	0
5623	0
5624	1
5625	1
5626	0
5627	1
5628	0
5629	0
5630	0
5631	0
5632	0
5633	2
5634	0
5635	2
5636	0
5637	1
5638	3
5639	3
5640	0
5641	2
5642	1
5643	1
5644	0
5645	0
5646	1
5647	0
5648	1
5649	0
5650	0
5651	0
5652	1
5653	1
5654	0
5655	0
5656	1
5657	0
5658	0
5659	0
5660	0
5661	1
5662	0
5663	1
5664	1
5665	0
5666	0
5667	1
5668	0
5669	1
5670	1
5671	1
5672	0
5673	0
5674	0
5675	1
5676	0
5677	0
5678	0
5679	0
5680	0
5681	0
5682	0
5683	1
5684	0
5685	0
5686	0
5687	0
5688	1
5689	0
5690	0
5691	0
5692	0
5693	0
5694	1
5695	0
5696	0
5697	1
5698	1
5699	0
5700	0
5701	0
5702	0
5703	1
5704	0
5705	0
5706	0
5707	0
5708	0
5709	0
5710	0
5711	2
5712	0
5713	1
5714	1
5715	0
5716	0
5717	0
5718	1
5719	1
5720	1
5721	1
5722	0
5723	0
5724	2
5725	2
5726	0
5727	1
5728	1
5729	0
5730	1
5731	1
5732	1
5733	0
5734	0
5735	1
5736	1
5737	2
5738	0
5739	0
5740	0
5741	0
5742	0
5743	0
5744	1
5745	2
5746	0
5747	1
5748	1
5749	1
5750	0
5751	1
5752	0
5753	0
5754	0
5755	2
5756	0
5757	1
5758	0
5759	0
5760	0
5761	0
5762	1
5763	1
5764	1
5765	0
5766	1
5767	0
5768	0
5769	0
5770	1
5771	0
5772	0
5773	0
5774	0
5775	0
5776	0
5777	0
5778	0
5779	0
5780	0
5781	0
5782	0
5783	1
5784	1
5785	0
5786	2
5787	1
5788	1
5789	0
5790	0
5791	0
5792	0
5793	0
5794	1
5795	0
5796	1
5797	0
5798	0
5799	0
5800	0
5801	0
5802	1
5803	1
5804	0
5805	1
5806	1
5807	1
5808	0
5809	0
5810	0
5811	0
5812	0
5813	0
5814	0
5815	0
5816	1
5817	1
5818	0
5819	0
5820	2
5821	0
5822	0
5823	1
5824	0
5825	2
5826	1
5827	0
5828	0
5829	1
5830	1
5831	1
5832	0
5833	0
5834	0
5835	0
5836	0
5837	1
5838	0
5839	0
5840	1
5841	0
5842	0
5843	0
5844	2
5845	0
5846	1
5847	0
5848	0
5849	0
5850	0
5851	0
5852	0
5853	0
5854	0
5855	1
5856	0
5857	0
5858	1
5859	0
5860	1
5861	0
5862	0
5863	0
5864	0
5865	1
5866	1
5867	0
5868	1
5869	1
5870	0
5871	1
5872	0
5873	2
5874	3
5875	0
5876	0
5877	0
5878	0
5879	0
5880	1
5881	0
5882	0
5883	0
5884	0
5885	0
5886	0
5887	2
5888	1
5889	0
5890	0
5891	1
5892	0
5893	1
5894	0
5895	0
5896	1
5897	0
5898	1
5899	0
5900	0
5901	0
5902	0
5903	1
5904	1
5905	0
5906	0
5907	0
5908	0
5909	0
5910	0
5911	0
5912	1
5913	0
5914	1
5915	1
5916	0
5917	1
5918	0
5919	0
5920	0
5921	1
5922	0
5923	0
5924	0
5925	1
5926	1
5927	0
5928	0
5929	1
5930	0
5931	1
5932	0
5933	0
5934	1
5935	2
5936	0
5937	0
5938	0
5939	1
5940	0
5941	0
5942	1
5943	0
5944	0
5945	0
5946	1
5947	0
5948	0
5949	1
5950	1
5951	0
5952	1
5953	2
5954	1
5955	0
5956	1
5957	0
5958	1
5959	0
5960	0
5961	0
5962	0
5963	0
5964	0
5965	0
5966	0
5967	0
5968	0
5969	1
5970	0
5971	0
5972	0
5973	1
5974	0
5975	0
5976	1
5977	0
5978	1
5979	1
5980	1
5981	1
5982	0
5983	0
5984	0
5985	0
5986	0
5987	0
5988	0
5989	0
5990	2
5991	1
5992	0
5993	1
5994	0
5995	1
5996	0
5997	1
5998	1
5999	0
6000	0
6001	0
6002	1
6003	0
6004	1
6005	0
6006	0
6007	1
6008	0
6009	0
6010	3
6011	0
6012	0
6013	0
6014	0
6015	0
6016	0
6017	1
6018	0
6019	0
6020	0
6021	2
6022	1
6023	0
6024	0
6025	0
6026	1
6027	0
6028	1
6029	1
6030	1
6031	1
6032	0
6033	1
6034	1
6035	0
6036	0
6037	1
6038	0
6039	0
6040	0
6041	0
6042	2
6043	0
6044	0
6045	0
6046	0
6047	0
6048	1
6049	1
6050	1
6051	0
6052	1
6053	1
6054	0
6055	0
6056	0
6057	1
6058	0
6059	0
6060	0
6061	0
6062	0
6063	1
6064	1
6065	1
6066	0
6067	0
6068	1
6069	2
6070	1
6071	0
6072	1
6073	0
6074	0
6075	0
6076	1
6077	0
6078	0
6079	1
6080	1
6081	0
6082	0
6083	0
6084	0
6085	0
6086	1
6087	2
6088	0
6089	0
6090	1
6091	0
6092	0
6093	1
6094	0
6095	1
6096	0
6097	0
6098	0
6099	0
6100	1
6101	0
6102	0
6103	0
6104	1
6105	0
6106	0
6107	0
6108	0
6109	0
6110	0
6111	1
6112	0
6113	0
6114	1
6115	0
6116	2
6117	0
6118	1
6119	1
6120	0
6121	0
6122	0
6123	0
6124	1
6125	2
6126	0
6127	0
6128	0
6129	0
6130	1
6131	0
6132	0
6133	0
6134	1
6135	1
6136	0
6137	1
6138	2
6139	1
6140	0
6141	1
6142	0
6143	0
6144	2
6145	0
6146	1
6147	0
6148	0
6149	1
6150	0
6151	0
6152	1
6153	2
6154	0
6155	0
6156	0
6157	0
6158	0
6159	0
6160	1
6161	0
6162	1
6163	1
6164	0
6165	0
6166	0
6167	0
6168	1
6169	0
6170	0
6171	0
6172	1
6173	0
6174	0
6175	0
6176	0
6177	0
6178	1
6179	1
6180	1
6181	0
6182	1
6183	0
6184	0
6185	0
6186	0
6187	1
6188	0
6189	0
6190	0
6191	0
6192	0
6193	1
6194	1
6195	0
6196	1
6197	0
6198	0
6199	0
6200	1
6201	0
6202	1
6203	1
6204	0
6205	2
6206	0
6207	0
6208	0
6209	1
6210	0
6211	0
6212	1
6213	1
6214	1
6215	0
6216	1
6217	2
6218	1
6219	1
6220	0
6221	1
6222	0
6223	0
6224	1
6225	0
6226	1
6227	1
6228	1
6229	0
6230	0
6231	0
6232	2
6233	1
6234	0
6235	0
6236	0
6237	0
6238	0
6239	0
6240	0
6241	0
6242	2
6243	0
6244	1
6245	0
6246	1
6247	0
6248	0
6249	1
6250	1
6251	2
6252	0
6253	0
6254	0
6255	0
6256	0
6257	0
6258	1
6259	0
6260	1
6261	0
6262	0
6263	0
6264	0
6265	2
6266	0
6267	0
6268	0
6269	0
6270	1
6271	2
6272	0
6273	1
6274	1
6275	0
6276	0
6277	0
6278	2
6279	0
6280	0
6281	1
6282	0
6283	0
6284	1
6285	0
6286	0
6287	0
6288	0
6289	0
6290	1
6291	0
6292	1
6293	0
6294	1
6295	1
6296	0
6297	1
6298	0
6299	2
6300	0
6301	0
6302	0
6303	1
6304	0
6305	0
6306	0
6307	2
6308	0
6309	1
6310	0
6311	0
6312	1
6313	1
6314	0
6315	0
6316	0
6317	0
6318	0
6319	0
6320	0
6321	1
6322	1
6323	0
6324	1
6325	0
6326	1
6327	0
6328	0
6329	2
6330	1
6331	0
6332	0
6333	0
6334	0
6335	1
6336	0
6337	0
6338	0
6339	0
6340	0
6341	2
6342	0
6343	0
6344	0
6345	0
6346	0
6347	0
6348	0
6349	0
6350	0
6351	0
6352	2
6353	1
6354	0
6355	1
6356	1
6357	0
6358	1
6359	0
6360	0
6361	0
6362	1
6363	0
6364	0
6365	1
6366	0
6367	0
6368	1
6369	0
6370	0
6371	1
6372	2
6373	0
6374	1
6375	1
6376	0
6377	0
6378	0
6379	0
6380	0
6381	1
6382	0
6383	0
6384	1
6385	0
6386	0
6387	0
6388	0
6389	0
6390	2
6391	0
6392	0
6393	1
6394	1
6395	0
6396	0
6397	0
6398	0
6399	0
6400	1
6401	1
6402	0
6403	0
6404	0
6405	0
6406	1
6407	0
6408	1
6409	0
6410	1
6411	0
6412	1
6413	0
6414	1
6415	0
6416	0
6417	0
6418	1
6419	0
6420	0
6421	2
6422	0
6423	0
6424	0
6425	0
6426	0
6427	0
6428	1
6429	0
6430	0
6431	0
6432	0
6433	0
6434	0
6435	0
6436	0
6437	1
6438	0
6439	0
6440	2
6441	2
6442	0
6443	0
6444	1
6445	0
6446	0
6447	0
6448	1
6449	1
6450	1
6451	0
6452	0
6453	0
6454	0
6455	0
6456	1
6457	0
6458	1
6459	0
6460	1
6461	0
6462	1
6463	1
6464	0
6465	0
6466	0
6467	1
6468	1
6469	0
6470	0
6471	0
6472	1
6473	0
6474	1
6475	0
6476	0
6477	1
6478	1
6479	0
6480	0
6481	1
6482	0
6483	1
6484	0
6485	0
6486	1
6487	1
6488	0
6489	0
6490	1
6491	0
6492	1
6493	1
6494	0
6495	0
6496	0
6497	1
6498	0
6499	0
6500	1
6501	0
6502	0
6503	0
6504	1
6505	0
6506	0
6507	1
6508	0
6509	0
6510	1
6511	2
6512	1
6513	1
6514	0
6515	0
6516	0
6517	0
6518	0
6519	1
6520	0
6521	0
6522	0
6523	1
6524	0
6525	0
6526	1
6527	0
6528	0
6529	0
6530	1
6531	0
6532	1
6533	2
6534	0
6535	0
6536	0
6537	0
6538	1
6539	0
6540	0
6541	2
6542	0
6543	0
6544	0
6545	0
6546	0
6547	1
6548	0
6549	1
6550	0
6551	0
6552	1
6553	1
6554	0
6555	3
6556	0
6557	1
6558	2
6559	0
6560	0
6561	0
6562	0
6563	1
6564	1
6565	0
6566	0
6567	2
6568	0
6569	0
6570	1
6571	1
6572	1
6573	0
6574	0
6575	0
6576	0
6577	0
6578	0
6579	1
6580	0
6581	1
6582	1
6583	0
6584	0
6585	2
6586	0
6587	0
6588	2
6589	0
6590	0
6591	0
6592	2
6593	0
6594	0
6595	0
6596	0
6597	1
6598	0
6599	0
6600	0
6601	0
6602	0
6603	0
6604	0
6605	0
6606	0
6607	0
6608	1
6609	2
6610	0
6611	0
6612	0
6613	0
6614	0
6615	0
6616	0
6617	1
6618	0
6619	0
6620	0
6621	1
6622	0
6623	2
6624	0
6625	0
6626	0
6627	0
6628	0
6629	0
6630	0
6631	1
6632	1
6633	0
6634	1
6635	0
6636	0
6637	1
6638	0
6639	0
6640	0
6641	1
6642	0
6643	0
6644	1
6645	1
6646	1
6647	1
6648	0
6649	1
6650	0
6651	1
6652	0
6653	0
6654	0
6655	0
6656	0
6657	0
6658	0
6659	0
6660	2
6661	0
6662	0
6663	0
6664	0
6665	1
6666	0
6667	2
6668	1
6669	1
6670	0
6671	2
6672	2
6673	1
6674	0
6675	2
6676	1
6677	1
6678	1
6679	0
6680	1
6681	0
6682	0
6683	1
6684	0
6685	1
6686	0
6687	0
6688	0
6689	1
6690	0
6691	0
6692	1
6693	1
6694	0
6695	0
6696	0
6697	0
6698	0
6699	0
6700	2
6701	1
6702	0
6703	0
6704	0
6705	1
6706	1
6707	1
6708	1
6709	1
6710	1
6711	0
6712	1
6713	0
6714	0
6715	0
6716	1
6717	0
6718	0
6719	1
6720	0
6721	0
6722	0
6723	0
6724	0
6725	0
6726	0
6727	1
6728	0
6729	0
6730	0
6731	1
6732	0
6733	0
6734	0
6735	2
6736	0
6737	0
6738	0
6739	1
6740	2
6741	0
6742	0
6743	1
6744	0
6745	1
6746	1
6747	1
6748	0
6749	1
6750	0
6751	0
6752	1
6753	0
6754	0
6755	0
6756	0
6757	2
6758	0
6759	0
6760	0
6761	1
6762	1
6763	0
6764	0
6765	0
6766	0
6767	0
6768	1
6769	0
6770	1
6771	1
6772	0
6773	1
6774	1
6775	0
6776	0
6777	1
6778	0
6779	0
6780	1
6781	1
6782	0
6783	1
6784	0
6785	1
6786	1
6787	1
6788	0
6789	0
6790	0
6791	0
6792	1
6793	0
6794	2
6795	0
6796	1
6797	0
6798	0
6799	1
6800	0
6801	0
6802	1
6803	0
6804	0
6805	0
6806	1
6807	1
6808	2
6809	0
6810	0
6811	1
6812	2
6813	0
6814	0
6815	1
6816	0
6817	1
6818	1
6819	0
6820	1
6821	0
6822	0
6823	0
6824	0
6825	0
6826	0
6827	0
6828	0
6829	0
6830	0
6831	0
6832	1
6833	0
6834	0
6835	1
6836	0
6837	0
6838	0
6839	1
6840	0
6841	0
6842	0
6843	2
6844	0
6845	1
6846	1
6847	2
6848	1
6849	0
6850	0
6851	0
6852	0
6853	0
6854	0
6855	0
6856	0
6857	0
6858	3
6859	0
6860	0
6861	1
6862	1
6863	1
6864	0
6865	0
6866	0
6867	0
6868	0
6869	0
6870	1
6871	1
6872	0
6873	0
6874	0
6875	0
6876	0
6877	0
6878	0
6879	0
6880	0
6881	1
6882	0
6883	1
6884	0
6885	0
6886	1
6887	1
6888	1
6889	0
6890	0
6891	1
6892	0
6893	1
6894	0
6895	0
6896	1
6897	0
6898	0
6899	0
6900	0
6901	0
6902	0
6903	0
6904	0
6905	0
6906	2
6907	0
6908	1
6909	0
6910	0
6911	0
6912	3
6913	1
6914	1
6915	1
6916	0
6917	0
6918	0
6919	0
6920	0
6921	0
6922	1
6923	1
6924	2
6925	2
6926	0
6927	0
6928	0
6929	0
6930	0
6931	0
6932	1
6933	0
6934	1
6935	0
6936	0
6937	0
6938	3
6939	0
6940	2
6941	0
6942	1
6943	0
6944	2
6945	1
6946	2
6947	1
6948	0
6949	1
6950	0
6951	0
6952	0
6953	0
6954	0
6955	1
6956	0
6957	1
6958	1
6959	0
6960	0
6961	1
6962	0
6963	0
6964	0
6965	1
6966	1
6967	1
6968	0
6969	3
6970	0
6971	0
6972	0
6973	0
6974	1
6975	0
6976	0
6977	0
6978	0
6979	0
6980	1
6981	0
6982	0
6983	1
6984	1
6985	0
6986	0
6987	0
6988	0
6989	1
6990	1
6991	0
6992	1
6993	0
6994	0
6995	1
6996	0
6997	0
6998	0
6999	0
7000	0
7001	0
7002	0
7003	1
7004	0
7005	0
7006	0
7007	0
7008	1
7009	0
7010	1
7011	0
7012	1
7013	0
7014	0
7015	0
7016	0
7017	0
7018	0
7019	1
7020	0
7021	0
7022	0
7023	1
7024	0
7025	0
7026	0
7027	0
7028	1
7029	0
7030	0
7031	0
7032	0
7033	0
7034	0
7035	0
7036	1
7037	0
7038	1
7039	0
7040	0
7041	0
7042	0
7043	0
7044	0
7045	0
7046	0
7047	0
7048	0
7049	0
7050	0
7051	0
7052	0
7053	0
7054	0
7055	0
7056	0
7057	0
7058	1
7059	0
7060	0
7061	0
7062	0
7063	0
7064	0
7065	0
7066	0
7067	0
7068	1
7069	0
7070	0
7071	1
7072	0
7073	0
7074	0
7075	0
7076	1
7077	0
7078	2
7079	0
7080	1
7081	1
7082	0
7083	0
7084	0
7085	0
7086	0
7087	0
7088	0
7089	0
7090	1
7091	0
7092	0
7093	1
7094	0
7095	1
7096	0
7097	0
7098	0
7099	2
7100	0
7101	0
7102	0
7103	0
7104	1
7105	1
7106	1
7107	0
7108	0
7109	2
7110	0
7111	1
7112	1
7113	0
7114	0
7115	1
7116	0
7117	0
7118	0
7119	0
7120	1
7121	0
7122	1
7123	0
7124	0
7125	0
7126	0
7127	0
7128	1
7129	0
7130	0
7131	0
7132	0
7133	1
7134	0
7135	0
7136	0
7137	0
7138	3
7139	1
7140	0
7141	0
7142	0
7143	0
7144	0
7145	1
7146	0
7147	1
7148	0
7149	0
7150	0
7151	0
7152	1
7153	1
7154	1
7155	0
7156	1
7157	1
7158	0
7159	0
7160	0
7161	1
7162	0
7163	0
7164	0
7165	2
7166	0
7167	0
7168	0
7169	0
7170	0
7171	0
7172	0
7173	0
7174	0
7175	0
7176	0
7177	0
7178	1
7179	0
7180	0
7181	0
7182	0
7183	0
7184	0
7185	0
7186	0
7187	0
7188	1
7189	1
7190	0
7191	0
7192	0
7193	1
7194	0
7195	0
7196	0
7197	0
7198	0
7199	0
7200	0
7201	0
7202	0
7203	1
7204	0
7205	0
7206	1
7207	0
7208	1
7209	2
7210	0
7211	0
7212	0
7213	1
7214	1
7215	1
7216	0
7217	0
7218	0
7219	0
7220	0
7221	0
7222	0
7223	0
7224	0
7225	0
7226	0
7227	0
7228	0
7229	0
7230	0
7231	0
7232	0
7233	1
7234	0
7235	0
7236	1
7237	1
7238	0
7239	0
7240	1
7241	1
7242	1
7243	0
7244	0
7245	0
7246	0
7247	0
7248	0
7249	1
7250	1
7251	0
7252	0
7253	0
7254	0
7255	1
7256	0
7257	1
7258	1
7259	0
7260	0
7261	0
7262	0
7263	0
7264	1
7265	1
7266	0
7267	0
7268	1
7269	0
7270	0
7271	0
7272	0
7273	0
7274	0
7275	1
7276	1
7277	1
7278	0
7279	0
7280	0
7281	0
7282	1
7283	0
7284	0
7285	0
7286	0
7287	0
7288	1
7289	2
7290	0
7291	0
7292	0
7293	0
7294	0
7295	0
7296	1
7297	0
7298	1
7299	0
7300	1
7301	1
7302	0
7303	0
7304	0
7305	2
7306	0
7307	0
7308	0
7309	1
7310	0
7311	2
7312	0
7313	0
7314	0
7315	1
7316	0
7317	0
7318	0
7319	0
7320	0
7321	0
7322	0
7323	1
7324	0
7325	0
7326	0
7327	0
7328	0
7329	0
7330	0
7331	0
7332	0
7333	0
7334	1
7335	0
7336	0
7337	0
7338	0
7339	0
7340	1
7341	0
7342	0
7343	0
7344	0
7345	0
7346	0
7347	0
7348	0
7349	0
7350	0
7351	1
7352	0
7353	0
7354	0
7355	0
7356	1
7357	0
7358	0
7359	0
7360	0
7361	1
7362	0
7363	0
7364	0
7365	1
7366	0
7367	0
7368	0
7369	0
7370	0
7371	0
7372	0
7373	0
7374	1
7375	1
7376	1
7377	0
7378	0
7379	0
7380	0
7381	0
7382	0
7383	0
7384	0
7385	0
7386	1
7387	0
7388	0
7389	0
7390	0
7391	0
7392	0
7393	0
7394	0
7395	0
7396	0
7397	0
7398	0
7399	0
7400	0
7401	1
7402	0
7403	1
7404	0
7405	1
7406	0
7407	0
7408	0
7409	2
7410	0
7411	2
7412	0
7413	0
7414	0
7415	1
7416	0
7417	0
7418	1
7419	1
7420	0
7421	0
7422	3
7423	1
7424	0
7425	0
7426	0
7427	0
7428	0
7429	1
7430	0
7431	0
7432	1
7433	0
7434	2
7435	0
7436	1
7437	0
7438	1
7439	0
7440	1
7441	0
7442	0
7443	1
7444	0
7445	1
7446	1
7447	0
7448	0
7449	0
7450	1
7451	0
7452	0
7453	0
7454	1
7455	0
7456	1
7457	2
7458	0
7459	0
7460	0
7461	0
7462	1
7463	1
7464	0
7465	0
7466	1
7467	2
7468	0
7469	0
7470	0
7471	0
7472	0
7473	0
7474	1
7475	0
7476	0
7477	0
7478	0
7479	0
7480	1
7481	0
7482	0
7483	0
7484	0
7485	0
7486	0
7487	0
7488	0
7489	0
7490	0
7491	1
7492	0
7493	0
7494	1
7495	0
7496	1
7497	0
7498	0
7499	0
7500	0
7501	1
7502	0
7503	0
7504	0
7505	0
7506	0
7507	0
7508	1
7509	0
7510	0
7511	1
7512	1
7513	0
7514	0
7515	0
7516	0
7517	0
7518	0
7519	0
7520	0
7521	0
7522	1
7523	0
7524	0
7525	1
7526	0
7527	0
7528	0
7529	1
7530	0
7531	0
7532	0
7533	0
7534	2
7535	2
7536	0
7537	0
7538	3
7539	0
7540	0
7541	2
7542	0
7543	1
7544	0
7545	1
7546	0
7547	0
7548	0
7549	0
7550	0
7551	0
7552	0
7553	0
7554	0
7555	0
7556	0
7557	0
7558	0
7559	0
7560	0
7561	0
7562	0
7563	0
7564	0
7565	0
7566	1
7567	0
7568	0
7569	0
7570	1
7571	0
7572	0
7573	1
7574	0
7575	0
7576	0
7577	1
7578	0
7579	0
7580	0
7581	0
7582	0
7583	0
7584	1
7585	0
7586	0
7587	0
7588	0
7589	1
7590	0
7591	0
7592	0
7593	0
7594	0
7595	0
7596	0
7597	0
7598	0
7599	0
7600	0
7601	0
7602	0
7603	0
7604	0
7605	1
7606	0
7607	1
7608	0
7609	0
7610	0
7611	0
7612	0
7613	0
7614	1
7615	0
7616	0
7617	0
7618	0
7619	0
7620	0
7621	0
7622	0
7623	0
7624	1
7625	0
7626	0
7627	0
7628	0
7629	1
7630	0
7631	0
7632	0
7633	0
7634	0
7635	0
7636	0
7637	1
7638	0
7639	0
7640	0
7641	0
7642	0
7643	0
7644	0
7645	0
7646	0
7647	0
7648	0
7649	0
7650	0
7651	1
7652	0
7653	0
7654	0
7655	0
7656	0
7657	0
7658	0
7659	0
7660	1
7661	1
7662	1
7663	0
7664	0
7665	0
7666	0
7667	0
7668	0
7669	0
7670	0
7671	0
7672	1
7673	1
7674	0
7675	1
7676	0
7677	1
7678	0
7679	0
7680	0
7681	0
7682	1
7683	0
7684	1
7685	0
7686	0
7687	0
7688	0
7689	1
7690	0
7691	0
7692	0
7693	2
7694	0
7695	0
7696	0
7697	0
7698	0
7699	4
7700	0
7701	2
7702	0
7703	0
7704	0
7705	0
7706	0
7707	0
7708	0
7709	0
7710	1
7711	1
7712	0
7713	0
7714	0
7715	0
7716	0
7717	0
7718	0
7719	3
7720	1
7721	0
7722	1
7723	0
7724	0
7725	0
7726	0
7727	0
7728	0
7729	0
7730	0
7731	0
7732	1
7733	1
7734	0
7735	0
7736	1
7737	0
7738	1
7739	0
7740	0
7741	0
7742	0
7743	2
7744	0
7745	0
7746	0
7747	0
7748	0
7749	2
7750	0
7751	0
7752	0
7753	1
7754	0
7755	2
7756	1
7757	0
7758	0
7759	0
7760	1
7761	0
7762	0
7763	0
7764	0
7765	1
7766	1
7767	0
7768	1
7769	1
7770	0
7771	0
7772	1
7773	0
7774	1
7775	0
7776	1
7777	0
7778	0
7779	0
7780	0
7781	0
7782	0
7783	0
7784	1
7785	0
7786	1
7787	0
7788	0
7789	1
7790	0
7791	0
7792	0
7793	0
7794	1
7795	1
7796	1
7797	0
7798	0
7799	0
7800	0
7801	0
7802	1
7803	0
7804	1
7805	0
7806	0
7807	2
7808	0
7809	0
7810	0
7811	1
7812	0
7813	1
7814	0
7815	0
7816	1
7817	0
7818	3
7819	0
7820	0
7821	0
7822	1
7823	1
7824	1
7825	0
7826	1
7827	0
7828	0
7829	0
7830	0
7831	0
7832	0
7833	0
7834	1
7835	0
7836	0
7837	0
7838	1
7839	0
7840	0
7841	1
7842	1
7843	0
7844	0
7845	0
7846	2
7847	0
7848	0
7849	1
7850	0
7851	1
7852	1
7853	1
7854	0
7855	0
7856	0
7857	0
7858	0
7859	0
7860	0
7861	1
7862	2
7863	0
7864	0
7865	0
7866	0
7867	0
7868	0
7869	1
7870	0
7871	1
7872	2
7873	0
7874	0
7875	0
7876	0
7877	0
7878	0
7879	0
7880	0
7881	0
7882	0
7883	0
7884	0
7885	0
7886	0
7887	1
7888	0
7889	1
7890	1
7891	1
7892	0
7893	1
7894	1
7895	1
7896	0
7897	1
7898	1
7899	0
7900	1
7901	0
7902	1
7903	0
7904	0
7905	0
7906	0
7907	0
7908	1
7909	0
7910	0
7911	0
7912	0
7913	0
7914	0
7915	0
7916	0
7917	3
7918	0
7919	0
7920	2
7921	0
7922	1
7923	1
7924	0
7925	0
7926	0
7927	0
7928	1
7929	0
7930	1
7931	0
7932	1
7933	1
7934	1
7935	1
7936	1
7937	1
7938	1
7939	0
7940	0
7941	0
7942	1
7943	0
7944	0
7945	0
7946	0
7947	0
7948	2
7949	0
7950	1
7951	0
7952	1
7953	0
7954	0
7955	1
7956	0
7957	1
7958	0
7959	0
7960	0
7961	0
7962	0
7963	0
7964	0
7965	1
7966	0
7967	1
7968	0
7969	1
7970	1
7971	0
7972	1
7973	1
7974	0
7975	0
7976	0
7977	0
7978	0
7979	0
7980	1
7981	0
7982	1
7983	0
7984	0
7985	0
7986	0
7987	0
7988	0
7989	0
7990	0
7991	2
7992	0
7993	0
7994	0
7995	0
7996	0
7997	0
7998	0
7999	0
8000	0
8001	0
8002	0
8003	0
8004	0
8005	3
8006	0
8007	0
8008	0
8009	1
8010	0
8011	1
8012	1
8013	0
8014	0
8015	1
8016	0
8017	0
8018	0
8019	0
8020	1
8021	0
8022	0
8023	1
8024	0
8025	0
8026	0
8027	1
8028	1
8029	1
8030	0
8031	0
8032	1
8033	0
8034	0
8035	0
8036	0
8037	2
8038	0
8039	1
8040	0
8041	0
8042	0
8043	0
8044	0
8045	0
8046	1
8047	0
8048	0
8049	0
8050	1
8051	0
8052	0
8053	1
8054	0
8055	0
8056	0
8057	0
8058	1
8059	1
8060	0
8061	0
8062	1
8063	1
8064	1
8065	0
8066	0
8067	1
8068	0
8069	0
8070	0
8071	0
8072	1
8073	0
8074	0
8075	0
8076	0
8077	0
8078	0
8079	0
8080	1
8081	2
8082	0
8083	0
8084	0
8085	0
8086	0
8087	0
8088	0
8089	0
8090	0
8091	0
8092	0
8093	0
8094	0
8095	0
8096	0
8097	0
8098	0
8099	0
8100	0
8101	0
8102	0
8103	0
8104	0
8105	0
8106	0
8107	0
8108	0
8109	0
8110	0
8111	0
8112	0
8113	0
8114	0
8115	0
8116	0
8117	0
8118	0
8119	0
8120	0
8121	0
8122	0
8123	0
8124	0
8125	0
8126	0
8127	0
8128	0
8129	0
8130	0
8131	0
8132	0
8133	0
8134	0
8135	0
8136	0
8137	0
8138	0
8139	0
8140	0
8141	0
8142	0
8143	0
8144	0
8145	0
8146	0
8147	0
8148	0
8149	0
8150	0
8151	0
8152	0
8153	0
8154	0
8155	0
8156	0
8157	0
8158	0
8159	0
8160	0
8161	0
8162	0
8163	0
8164	0
8165	0
8166	0
8167	0
8168	0
8169	0
8170	0
8171	0
8172	0
8173	0
8174	0
8175	0
8176	0
8177	0
8178	0
8179	0
8180	0
8181	0
8182	0
8183	0
8184	0
8185	0
8186	0
8187	0
8188	0
8189	0
8190	0
8191	0
