0	0
1	0
2	0
3	0
4	0
5	0
6	0
7	0
8	0
9	0
10	0
11	0
12	0
13	0
14	0
15	0
16	0
17	0
18	0
19	0
20	0
21	0
22	0
23	0
24	0
25	0
26	0
27	0
28	0
29	0
30	0
31	0
32	0
33	0
34	0
35	0
36	0
37	0
38	0
39	0
40	0
41	0
42	0
43	0
44	0
45	0
46	0
47	0
48	0
49	0
50	0
51	0
52	0
53	0
54	0
55	0
56	0
57	0
58	0
59	0
60	0
61	0
62	0
63	0
64	0
65	0
66	0
67	0
68	0
69	0
70	0
71	0
72	0
73	0
74	0
75	0
76	0
77	0
78	0
79	0
80	0
81	0
82	0
83	0
84	0
85	1
86	2
87	9
88	8
89	14
90	10
91	9
92	12
93	16
94	12
95	7
96	8
97	3
98	7
99	7
100	16
101	9
102	8
103	18
104	12
105	10
106	9
107	13
108	9
109	11
110	14
111	5
112	10
113	11
114	7
115	6
116	8
117	9
118	10
119	12
120	14
121	10
122	8
123	4
124	13
125	13
126	8
127	4
128	9
129	14
130	8
131	4
132	16
133	8
134	9
135	9
136	6
137	7
138	12
139	12
140	14
141	9
142	12
143	14
144	11
145	10
146	10
147	13
148	10
149	14
150	6
151	12
152	5
153	12
154	3
155	8
156	10
157	6
158	13
159	11
160	15
161	8
162	7
163	18
164	6
165	5
166	10
167	9
168	9
169	12
170	18
171	13
172	8
173	16
174	13
175	6
176	3
177	8
178	9
179	7
180	13
181	14
182	12
183	10
184	17
185	11
186	10
187	7
188	8
189	8
190	11
191	8
192	16
193	11
194	12
195	17
196	11
197	6
198	15
199	16
200	8
201	13
202	9
203	4
204	9
205	7
206	13
207	9
208	9
209	7
210	13
211	12
212	10
213	7
214	11
215	7
216	11
217	10
218	9
219	11
220	7
221	4
222	10
223	12
224	9
225	16
226	11
227	8
228	8
229	5
230	11
231	8
232	14
233	15
234	5
235	11
236	10
237	10
238	6
239	6
240	8
241	15
242	8
243	17
244	13
245	13
246	11
247	8
248	8
249	15
250	7
251	14
252	15
253	7
254	16
255	12
256	9
257	15
258	11
259	7
260	15
261	11
262	15
263	9
264	6
265	9
266	11
267	8
268	8
269	14
270	5
271	15
272	12
273	17
274	7
275	12
276	9
277	7
278	9
279	10
280	10
281	10
282	15
283	13
284	8
285	7
286	13
287	11
288	13
289	12
290	12
291	7
292	10
293	11
294	11
295	14
296	10
297	19
298	4
299	13
300	13
301	5
302	13
303	13
304	6
305	18
306	14
307	17
308	13
309	15
310	14
311	11
312	16
313	8
314	12
315	21
316	12
317	11
318	10
319	8
320	8
321	15
322	17
323	10
324	7
325	9
326	10
327	13
328	8
329	8
330	11
331	10
332	12
333	11
334	12
335	20
336	11
337	11
338	16
339	13
340	20
341	13
342	7
343	18
344	8
345	10
346	9
347	16
348	18
349	12
350	14
351	14
352	15
353	19
354	13
355	22
356	6
357	9
358	10
359	12
360	16
361	16
362	9
363	17
364	10
365	8
366	12
367	7
368	13
369	14
370	15
371	9
372	15
373	13
374	11
375	9
376	11
377	10
378	15
379	9
380	14
381	10
382	11
383	11
384	13
385	12
386	11
387	16
388	14
389	11
390	18
391	12
392	8
393	16
394	20
395	13
396	5
397	17
398	11
399	10
400	10
401	4
402	6
403	12
404	10
405	14
406	13
407	15
408	19
409	11
410	14
411	8
412	11
413	9
414	12
415	11
416	11
417	9
418	11
419	18
420	10
421	14
422	8
423	8
424	8
425	17
426	16
427	13
428	18
429	17
430	12
431	7
432	10
433	12
434	7
435	11
436	13
437	13
438	18
439	6
440	14
441	15
442	15
443	10
444	11
445	14
446	17
447	14
448	15
449	8
450	12
451	16
452	16
453	17
454	12
455	9
456	8
457	13
458	17
459	12
460	22
461	18
462	17
463	12
464	14
465	12
466	12
467	15
468	16
469	16
470	13
471	10
472	8
473	10
474	13
475	8
476	13
477	13
478	13
479	15
480	14
481	12
482	15
483	12
484	14
485	7
486	12
487	17
488	13
489	8
490	7
491	8
492	17
493	11
494	8
495	18
496	17
497	15
498	16
499	15
500	12
501	11
502	14
503	13
504	9
505	21
506	12
507	16
508	14
509	17
510	13
511	11
512	10
513	15
514	17
515	16
516	14
517	15
518	14
519	16
520	18
521	19
522	17
523	19
524	15
525	9
526	13
527	19
528	17
529	12
530	15
531	19
532	16
533	27
534	12
535	14
536	12
537	20
538	17
539	12
540	24
541	18
542	15
543	25
544	11
545	14
546	20
547	25
548	14
549	18
550	9
551	21
552	19
553	14
554	21
555	17
556	13
557	10
558	16
559	15
560	22
561	19
562	26
563	21
564	24
565	26
566	23
567	25
568	22
569	27
570	17
571	17
572	29
573	23
574	25
575	18
576	21
577	21
578	25
579	12
580	21
581	22
582	21
583	23
584	15
585	23
586	17
587	17
588	20
589	19
590	21
591	16
592	23
593	27
594	20
595	25
596	24
597	15
598	19
599	14
600	15
601	28
602	23
603	25
604	18
605	21
606	20
607	25
608	27
609	19
610	23
611	29
612	29
613	16
614	21
615	17
616	21
617	20
618	13
619	17
620	14
621	13
622	23
623	22
624	27
625	21
626	23
627	17
628	17
629	23
630	18
631	21
632	23
633	23
634	13
635	12
636	18
637	22
638	21
639	17
640	24
641	17
642	18
643	23
644	23
645	21
646	17
647	16
648	17
649	22
650	18
651	21
652	10
653	23
654	17
655	21
656	17
657	14
658	16
659	20
660	19
661	15
662	18
663	18
664	17
665	23
666	19
667	22
668	17
669	16
670	20
671	24
672	15
673	14
674	24
675	20
676	21
677	21
678	19
679	16
680	21
681	18
682	15
683	17
684	16
685	13
686	14
687	15
688	22
689	13
690	21
691	14
692	18
693	23
694	19
695	17
696	12
697	15
698	16
699	16
700	17
701	17
702	19
703	21
704	18
705	22
706	14
707	19
708	18
709	24
710	14
711	22
712	16
713	17
714	22
715	14
716	16
717	16
718	18
719	17
720	9
721	20
722	18
723	16
724	25
725	16
726	10
727	24
728	17
729	26
730	12
731	18
732	24
733	15
734	13
735	21
736	18
737	23
738	15
739	19
740	16
741	18
742	12
743	21
744	26
745	20
746	26
747	15
748	23
749	22
750	21
751	16
752	22
753	11
754	14
755	10
756	11
757	20
758	17
759	17
760	13
761	21
762	22
763	14
764	23
765	14
766	17
767	19
768	20
769	22
770	12
771	12
772	9
773	14
774	16
775	15
776	14
777	17
778	17
779	24
780	22
781	15
782	18
783	15
784	14
785	11
786	20
787	19
788	10
789	16
790	14
791	16
792	18
793	19
794	14
795	17
796	19
797	17
798	15
799	16
800	19
801	23
802	16
803	20
804	13
805	19
806	15
807	21
808	22
809	18
810	14
811	26
812	18
813	15
814	19
815	21
816	13
817	23
818	17
819	7
820	19
821	20
822	21
823	26
824	28
825	18
826	20
827	23
828	14
829	17
830	18
831	14
832	16
833	21
834	18
835	19
836	17
837	25
838	21
839	21
840	17
841	27
842	33
843	21
844	18
845	11
846	17
847	22
848	19
849	16
850	13
851	20
852	20
853	22
854	14
855	23
856	15
857	20
858	20
859	20
860	9
861	25
862	23
863	17
864	20
865	22
866	13
867	22
868	17
869	18
870	27
871	18
872	12
873	29
874	21
875	18
876	19
877	13
878	17
879	24
880	20
881	19
882	14
883	22
884	20
885	27
886	16
887	16
888	24
889	15
890	22
891	14
892	22
893	26
894	22
895	29
896	22
897	22
898	19
899	32
900	28
901	18
902	24
903	20
904	14
905	20
906	20
907	21
908	20
909	24
910	15
911	20
912	18
913	17
914	26
915	26
916	13
917	27
918	25
919	30
920	20
921	22
922	25
923	26
924	30
925	21
926	20
927	24
928	30
929	29
930	15
931	25
932	23
933	23
934	26
935	24
936	26
937	23
938	26
939	17
940	17
941	27
942	23
943	18
944	26
945	26
946	15
947	22
948	24
949	14
950	31
951	18
952	16
953	19
954	20
955	25
956	27
957	20
958	19
959	19
960	18
961	19
962	24
963	39
964	27
965	32
966	21
967	12
968	16
969	22
970	20
971	21
972	21
973	22
974	26
975	22
976	25
977	16
978	30
979	28
980	21
981	25
982	23
983	20
984	29
985	19
986	28
987	22
988	21
989	25
990	23
991	21
992	30
993	23
994	25
995	20
996	29
997	32
998	17
999	20
1000	14
1001	22
1002	27
1003	21
1004	26
1005	25
1006	19
1007	24
1008	17
1009	35
1010	22
1011	27
1012	22
1013	24
1014	26
1015	28
1016	23
1017	23
1018	24
1019	26
1020	29
1021	20
1022	23
1023	30
1024	30
1025	20
1026	26
1027	22
1028	21
1029	29
1030	17
1031	20
1032	16
1033	25
1034	38
1035	27
1036	22
1037	26
1038	26
1039	28
1040	39
1041	18
1042	25
1043	39
1044	22
1045	26
1046	19
1047	12
1048	25
1049	18
1050	30
1051	24
1052	30
1053	25
1054	17
1055	35
1056	21
1057	25
1058	23
1059	26
1060	31
1061	16
1062	25
1063	24
1064	22
1065	32
1066	25
1067	31
1068	25
1069	30
1070	24
1071	26
1072	33
1073	33
1074	13
1075	22
1076	25
1077	25
1078	24
1079	22
1080	31
1081	22
1082	31
1083	15
1084	23
1085	18
1086	17
1087	17
1088	27
1089	30
1090	31
1091	19
1092	17
1093	27
1094	32
1095	36
1096	24
1097	34
1098	23
1099	21
1100	23
1101	20
1102	25
1103	14
1104	26
1105	27
1106	26
1107	24
1108	28
1109	26
1110	22
1111	28
1112	29
1113	26
1114	23
1115	23
1116	31
1117	30
1118	30
1119	21
1120	30
1121	24
1122	18
1123	29
1124	34
1125	31
1126	25
1127	31
1128	29
1129	29
1130	24
1131	22
1132	21
1133	21
1134	22
1135	29
1136	30
1137	21
1138	25
1139	16
1140	25
1141	25
1142	26
1143	29
1144	26
1145	29
1146	32
1147	20
1148	15
1149	18
1150	25
1151	26
1152	26
1153	29
1154	24
1155	19
1156	20
1157	20
1158	18
1159	29
1160	23
1161	29
1162	19
1163	32
1164	22
1165	31
1166	24
1167	18
1168	34
1169	28
1170	21
1171	30
1172	37
1173	31
1174	23
1175	25
1176	29
1177	21
1178	17
1179	25
1180	28
1181	27
1182	15
1183	27
1184	24
1185	28
1186	22
1187	20
1188	32
1189	23
1190	35
1191	25
1192	31
1193	27
1194	29
1195	21
1196	23
1197	19
1198	24
1199	26
1200	29
1201	38
1202	13
1203	18
1204	33
1205	31
1206	31
1207	32
1208	34
1209	37
1210	26
1211	25
1212	28
1213	27
1214	26
1215	28
1216	35
1217	29
1218	20
1219	23
1220	30
1221	28
1222	29
1223	17
1224	29
1225	31
1226	27
1227	21
1228	24
1229	22
1230	24
1231	25
1232	25
1233	24
1234	29
1235	26
1236	17
1237	25
1238	26
1239	16
1240	30
1241	20
1242	22
1243	26
1244	23
1245	32
1246	27
1247	23
1248	24
1249	20
1250	23
1251	28
1252	38
1253	28
1254	21
1255	32
1256	23
1257	28
1258	27
1259	28
1260	27
1261	30
1262	25
1263	34
1264	32
1265	16
1266	25
1267	38
1268	23
1269	24
1270	28
1271	23
1272	22
1273	38
1274	24
1275	20
1276	22
1277	26
1278	34
1279	31
1280	27
1281	32
1282	23
1283	24
1284	32
1285	37
1286	25
1287	22
1288	33
1289	23
1290	20
1291	26
1292	20
1293	28
1294	30
1295	26
1296	29
1297	33
1298	44
1299	32
1300	34
1301	29
1302	29
1303	32
1304	34
1305	24
1306	34
1307	32
1308	36
1309	22
1310	31
1311	31
1312	29
1313	40
1314	33
1315	34
1316	34
1317	26
1318	27
1319	29
1320	25
1321	31
1322	33
1323	26
1324	26
1325	30
1326	34
1327	29
1328	37
1329	26
1330	31
1331	31
1332	29
1333	40
1334	24
1335	32
1336	27
1337	23
1338	27
1339	29
1340	22
1341	35
1342	33
1343	30
1344	37
1345	46
1346	31
1347	27
1348	34
1349	28
1350	26
1351	37
1352	34
1353	29
1354	27
1355	28
1356	29
1357	35
1358	24
1359	26
1360	27
1361	24
1362	25
1363	27
1364	28
1365	24
1366	25
1367	25
1368	27
1369	33
1370	26
1371	35
1372	28
1373	21
1374	41
1375	21
1376	33
1377	30
1378	27
1379	24
1380	25
1381	26
1382	24
1383	29
1384	30
1385	35
1386	25
1387	36
1388	18
1389	33
1390	41
1391	30
1392	16
1393	32
1394	33
1395	31
1396	33
1397	34
1398	32
1399	33
1400	24
1401	30
1402	31
1403	28
1404	35
1405	27
1406	28
1407	33
1408	21
1409	20
1410	34
1411	32
1412	31
1413	37
1414	22
1415	31
1416	22
1417	27
1418	21
1419	27
1420	37
1421	42
1422	31
1423	26
1424	28
1425	25
1426	26
1427	26
1428	34
1429	28
1430	28
1431	28
1432	45
1433	34
1434	25
1435	25
1436	31
1437	26
1438	24
1439	25
1440	31
1441	36
1442	33
1443	34
1444	27
1445	23
1446	34
1447	31
1448	25
1449	29
1450	43
1451	36
1452	24
1453	21
1454	31
1455	34
1456	22
1457	26
1458	34
1459	34
1460	28
1461	30
1462	26
1463	32
1464	26
1465	26
1466	41
1467	32
1468	25
1469	32
1470	32
1471	30
1472	35
1473	26
1474	25
1475	29
1476	31
1477	28
1478	34
1479	38
1480	23
1481	43
1482	35
1483	25
1484	32
1485	31
1486	24
1487	33
1488	34
1489	33
1490	40
1491	27
1492	25
1493	34
1494	29
1495	32
1496	35
1497	40
1498	39
1499	37
1500	26
1501	39
1502	30
1503	28
1504	26
1505	40
1506	43
1507	27
1508	28
1509	28
1510	22
1511	27
1512	38
1513	27
1514	36
1515	38
1516	26
1517	26
1518	30
1519	33
1520	28
1521	30
1522	38
1523	18
1524	21
1525	30
1526	35
1527	23
1528	38
1529	30
1530	30
1531	20
1532	31
1533	27
1534	40
1535	37
1536	29
1537	28
1538	30
1539	32
1540	31
1541	27
1542	26
1543	30
1544	34
1545	29
1546	32
1547	40
1548	42
1549	30
1550	39
1551	28
1552	42
1553	23
1554	38
1555	34
1556	38
1557	32
1558	39
1559	31
1560	27
1561	32
1562	33
1563	29
1564	20
1565	23
1566	33
1567	34
1568	35
1569	29
1570	36
1571	32
1572	34
1573	26
1574	26
1575	21
1576	28
1577	35
1578	28
1579	38
1580	35
1581	23
1582	42
1583	29
1584	29
1585	25
1586	42
1587	25
1588	33
1589	19
1590	21
1591	37
1592	34
1593	26
1594	25
1595	22
1596	31
1597	25
1598	28
1599	36
1600	22
1601	20
1602	36
1603	37
1604	32
1605	26
1606	35
1607	39
1608	32
1609	39
1610	29
1611	36
1612	28
1613	34
1614	39
1615	36
1616	30
1617	34
1618	24
1619	21
1620	21
1621	35
1622	23
1623	28
1624	27
1625	21
1626	23
1627	34
1628	21
1629	34
1630	29
1631	15
1632	30
1633	33
1634	23
1635	29
1636	26
1637	25
1638	24
1639	17
1640	25
1641	32
1642	31
1643	27
1644	23
1645	22
1646	22
1647	28
1648	31
1649	20
1650	23
1651	26
1652	30
1653	24
1654	18
1655	20
1656	22
1657	18
1658	29
1659	36
1660	19
1661	37
1662	29
1663	23
1664	22
1665	26
1666	21
1667	22
1668	40
1669	19
1670	24
1671	29
1672	21
1673	30
1674	15
1675	24
1676	26
1677	26
1678	29
1679	37
1680	15
1681	24
1682	20
1683	29
1684	31
1685	19
1686	35
1687	31
1688	26
1689	23
1690	21
1691	26
1692	25
1693	24
1694	37
1695	26
1696	25
1697	32
1698	25
1699	24
1700	31
1701	20
1702	17
1703	25
1704	22
1705	29
1706	38
1707	25
1708	16
1709	21
1710	26
1711	29
1712	26
1713	22
1714	30
1715	30
1716	24
1717	25
1718	19
1719	25
1720	14
1721	17
1722	34
1723	29
1724	17
1725	29
1726	25
1727	22
1728	20
1729	24
1730	22
1731	23
1732	17
1733	27
1734	24
1735	28
1736	28
1737	24
1738	16
1739	23
1740	15
1741	14
1742	24
1743	24
1744	23
1745	24
1746	19
1747	18
1748	20
1749	26
1750	26
1751	30
1752	26
1753	25
1754	17
1755	23
1756	31
1757	22
1758	16
1759	21
1760	18
1761	20
1762	15
1763	23
1764	26
1765	26
1766	20
1767	25
1768	21
1769	22
1770	22
1771	21
1772	16
1773	24
1774	18
1775	19
1776	20
1777	22
1778	17
1779	16
1780	23
1781	21
1782	23
1783	30
1784	32
1785	27
1786	32
1787	19
1788	17
1789	20
1790	24
1791	25
1792	20
1793	17
1794	19
1795	18
1796	20
1797	18
1798	15
1799	16
1800	23
1801	24
1802	19
1803	20
1804	23
1805	25
1806	29
1807	24
1808	16
1809	16
1810	28
1811	20
1812	15
1813	18
1814	22
1815	18
1816	31
1817	28
1818	28
1819	17
1820	11
1821	23
1822	24
1823	24
1824	14
1825	24
1826	18
1827	20
1828	22
1829	20
1830	17
1831	19
1832	19
1833	15
1834	23
1835	20
1836	30
1837	28
1838	27
1839	29
1840	21
1841	10
1842	27
1843	17
1844	23
1845	15
1846	15
1847	12
1848	10
1849	20
1850	18
1851	24
1852	21
1853	14
1854	15
1855	22
1856	15
1857	27
1858	16
1859	21
1860	21
1861	19
1862	21
1863	17
1864	21
1865	16
1866	20
1867	19
1868	23
1869	22
1870	23
1871	20
1872	30
1873	27
1874	20
1875	20
1876	21
1877	21
1878	18
1879	17
1880	12
1881	15
1882	17
1883	16
1884	18
1885	19
1886	16
1887	19
1888	29
1889	21
1890	15
1891	21
1892	23
1893	23
1894	17
1895	13
1896	20
1897	16
1898	26
1899	17
1900	21
1901	25
1902	28
1903	18
1904	11
1905	15
1906	25
1907	30
1908	14
1909	22
1910	22
1911	11
1912	15
1913	22
1914	30
1915	19
1916	13
1917	21
1918	23
1919	17
1920	19
1921	23
1922	15
1923	17
1924	22
1925	20
1926	16
1927	18
1928	20
1929	20
1930	16
1931	17
1932	19
1933	17
1934	18
1935	22
1936	26
1937	19
1938	18
1939	23
1940	22
1941	14
1942	10
1943	22
1944	19
1945	17
1946	19
1947	15
1948	15
1949	16
1950	16
1951	16
1952	17
1953	21
1954	12
1955	16
1956	20
1957	15
1958	14
1959	20
1960	21
1961	19
1962	17
1963	19
1964	18
1965	18
1966	19
1967	15
1968	24
1969	20
1970	20
1971	22
1972	19
1973	21
1974	25
1975	20
1976	17
1977	20
1978	9
1979	16
1980	24
1981	12
1982	10
1983	15
1984	18
1985	20
1986	18
1987	17
1988	15
1989	18
1990	24
1991	19
1992	17
1993	20
1994	15
1995	18
1996	17
1997	23
1998	20
1999	25
2000	24
2001	27
2002	26
2003	19
2004	15
2005	20
2006	15
2007	17
2008	22
2009	23
2010	23
2011	19
2012	13
2013	15
2014	18
2015	18
2016	20
2017	16
2018	14
2019	30
2020	18
2021	15
2022	16
2023	21
2024	18
2025	19
2026	18
2027	14
2028	18
2029	20
2030	14
2031	20
2032	10
2033	18
2034	19
2035	13
2036	25
2037	18
2038	16
2039	16
2040	15
2041	17
2042	12
2043	17
2044	14
2045	18
2046	15
2047	16
2048	16
2049	22
2050	24
2051	14
2052	16
2053	12
2054	14
2055	16
2056	16
2057	15
2058	21
2059	16
2060	23
2061	21
2062	17
2063	22
2064	25
2065	17
2066	21
2067	10
2068	23
2069	15
2070	19
2071	18
2072	12
2073	12
2074	19
2075	18
2076	18
2077	16
2078	17
2079	19
2080	16
2081	14
2082	19
2083	19
2084	21
2085	21
2086	18
2087	15
2088	19
2089	14
2090	18
2091	16
2092	12
2093	25
2094	16
2095	27
2096	22
2097	16
2098	17
2099	17
2100	13
2101	19
2102	23
2103	18
2104	20
2105	16
2106	9
2107	24
2108	19
2109	20
2110	16
2111	16
2112	15
2113	17
2114	26
2115	16
2116	15
2117	19
2118	11
2119	21
2120	11
2121	19
2122	9
2123	16
2124	14
2125	17
2126	15
2127	17
2128	16
2129	15
2130	7
2131	13
2132	27
2133	22
2134	16
2135	20
2136	21
2137	18
2138	13
2139	16
2140	16
2141	15
2142	18
2143	20
2144	16
2145	24
2146	11
2147	14
2148	18
2149	20
2150	18
2151	12
2152	18
2153	14
2154	14
2155	23
2156	20
2157	15
2158	15
2159	22
2160	11
2161	18
2162	15
2163	17
2164	21
2165	18
2166	11
2167	18
2168	12
2169	21
2170	19
2171	23
2172	15
2173	11
2174	18
2175	15
2176	16
2177	18
2178	25
2179	20
2180	16
2181	12
2182	16
2183	13
2184	16
2185	17
2186	19
2187	13
2188	23
2189	20
2190	13
2191	15
2192	19
2193	19
2194	13
2195	17
2196	20
2197	16
2198	20
2199	22
2200	16
2201	14
2202	19
2203	16
2204	15
2205	16
2206	16
2207	13
2208	19
2209	15
2210	17
2211	19
2212	21
2213	17
2214	17
2215	19
2216	20
2217	17
2218	17
2219	17
2220	28
2221	16
2222	17
2223	16
2224	29
2225	16
2226	14
2227	18
2228	19
2229	15
2230	18
2231	18
2232	19
2233	14
2234	16
2235	17
2236	14
2237	30
2238	23
2239	15
2240	15
2241	19
2242	13
2243	27
2244	15
2245	14
2246	19
2247	16
2248	22
2249	15
2250	11
2251	12
2252	13
2253	16
2254	13
2255	9
2256	15
2257	23
2258	21
2259	16
2260	13
2261	15
2262	18
2263	7
2264	13
2265	14
2266	17
2267	15
2268	18
2269	15
2270	11
2271	17
2272	18
2273	23
2274	16
2275	18
2276	16
2277	17
2278	16
2279	20
2280	15
2281	18
2282	13
2283	10
2284	16
2285	22
2286	17
2287	18
2288	18
2289	14
2290	25
2291	11
2292	15
2293	20
2294	18
2295	15
2296	10
2297	13
2298	16
2299	13
2300	15
2301	17
2302	19
2303	19
2304	11
2305	6
2306	20
2307	23
2308	19
2309	12
2310	15
2311	14
2312	14
2313	10
2314	11
2315	13
2316	14
2317	23
2318	14
2319	13
2320	13
2321	9
2322	15
2323	10
2324	11
2325	11
2326	15
2327	19
2328	15
2329	15
2330	16
2331	18
2332	14
2333	7
2334	14
2335	16
2336	26
2337	19
2338	15
2339	13
2340	19
2341	15
2342	18
2343	11
2344	14
2345	13
2346	17
2347	23
2348	21
2349	11
2350	16
2351	19
2352	17
2353	13
2354	17
2355	17
2356	18
2357	13
2358	16
2359	12
2360	11
2361	11
2362	13
2363	12
2364	8
2365	20
2366	10
2367	13
2368	14
2369	10
2370	12
2371	16
2372	21
2373	16
2374	13
2375	14
2376	17
2377	16
2378	24
2379	12
2380	20
2381	17
2382	19
2383	10
2384	18
2385	16
2386	16
2387	22
2388	13
2389	17
2390	17
2391	10
2392	9
2393	14
2394	16
2395	21
2396	20
2397	21
2398	9
2399	15
2400	18
2401	11
2402	9
2403	13
2404	23
2405	11
2406	18
2407	16
2408	18
2409	20
2410	13
2411	8
2412	14
2413	17
2414	17
2415	12
2416	17
2417	14
2418	19
2419	13
2420	15
2421	15
2422	18
2423	17
2424	18
2425	14
2426	20
2427	17
2428	17
2429	15
2430	20
2431	14
2432	18
2433	16
2434	20
2435	22
2436	9
2437	16
2438	16
2439	15
2440	9
2441	11
2442	14
2443	14
2444	17
2445	16
2446	15
2447	16
2448	17
2449	14
2450	14
2451	14
2452	18
2453	23
2454	13
2455	15
2456	19
2457	14
2458	7
2459	16
2460	12
2461	12
2462	12
2463	13
2464	17
2465	11
2466	7
2467	14
2468	16
2469	11
2470	9
2471	11
2472	15
2473	17
2474	8
2475	12
2476	17
2477	16
2478	18
2479	18
2480	13
2481	9
2482	12
2483	14
2484	17
2485	7
2486	21
2487	13
2488	13
2489	12
2490	13
2491	14
2492	16
2493	11
2494	11
2495	17
2496	14
2497	18
2498	8
2499	12
2500	9
2501	19
2502	5
2503	12
2504	15
2505	17
2506	10
2507	13
2508	13
2509	20
2510	11
2511	14
2512	12
2513	19
2514	11
2515	10
2516	19
2517	17
2518	9
2519	12
2520	20
2521	11
2522	12
2523	19
2524	20
2525	16
2526	14
2527	12
2528	22
2529	9
2530	13
2531	9
2532	12
2533	9
2534	15
2535	14
2536	15
2537	11
2538	17
2539	18
2540	7
2541	9
2542	13
2543	16
2544	16
2545	16
2546	13
2547	18
2548	10
2549	12
2550	16
2551	18
2552	13
2553	18
2554	21
2555	17
2556	14
2557	14
2558	15
2559	16
2560	13
2561	18
2562	10
2563	11
2564	9
2565	13
2566	17
2567	11
2568	20
2569	7
2570	14
2571	12
2572	16
2573	19
2574	12
2575	14
2576	8
2577	15
2578	14
2579	16
2580	19
2581	16
2582	17
2583	20
2584	10
2585	10
2586	20
2587	15
2588	13
2589	14
2590	23
2591	19
2592	21
2593	12
2594	12
2595	11
2596	14
2597	9
2598	10
2599	12
2600	11
2601	12
2602	11
2603	14
2604	9
2605	23
2606	11
2607	19
2608	11
2609	12
2610	14
2611	15
2612	20
2613	13
2614	15
2615	11
2616	16
2617	11
2618	13
2619	13
2620	19
2621	8
2622	9
2623	8
2624	17
2625	13
2626	9
2627	10
2628	13
2629	12
2630	10
2631	11
2632	14
2633	10
2634	16
2635	12
2636	10
2637	12
2638	14
2639	10
2640	11
2641	10
2642	15
2643	15
2644	14
2645	17
2646	12
2647	15
2648	14
2649	16
2650	14
2651	13
2652	20
2653	13
2654	18
2655	16
2656	15
2657	15
2658	13
2659	19
2660	8
2661	19
2662	18
2663	13
2664	19
2665	7
2666	14
2667	12
2668	7
2669	21
2670	8
2671	13
2672	15
2673	16
2674	10
2675	12
2676	8
2677	14
2678	14
2679	11
2680	10
2681	17
2682	11
2683	20
2684	14
2685	15
2686	13
2687	9
2688	20
2689	6
2690	10
2691	15
2692	12
2693	13
2694	11
2695	13
2696	10
2697	11
2698	17
2699	10
2700	6
2701	14
2702	13
2703	16
2704	16
2705	12
2706	10
2707	14
2708	17
2709	12
2710	14
2711	16
2712	13
2713	4
2714	14
2715	16
2716	10
2717	20
2718	9
2719	12
2720	16
2721	17
2722	15
2723	11
2724	10
2725	13
2726	16
2727	7
2728	8
2729	12
2730	17
2731	9
2732	14
2733	14
2734	12
2735	14
2736	15
2737	12
2738	13
2739	18
2740	15
2741	12
2742	10
2743	16
2744	18
2745	8
2746	11
2747	21
2748	18
2749	14
2750	12
2751	16
2752	9
2753	14
2754	10
2755	18
2756	16
2757	14
2758	10
2759	12
2760	18
2761	17
2762	13
2763	14
2764	17
2765	9
2766	11
2767	15
2768	11
2769	15
2770	14
2771	15
2772	18
2773	11
2774	6
2775	12
2776	20
2777	12
2778	14
2779	14
2780	11
2781	14
2782	10
2783	14
2784	7
2785	12
2786	13
2787	15
2788	11
2789	11
2790	11
2791	15
2792	11
2793	9
2794	8
2795	13
2796	13
2797	13
2798	9
2799	12
2800	18
2801	13
2802	14
2803	12
2804	15
2805	13
2806	17
2807	11
2808	9
2809	17
2810	13
2811	9
2812	16
2813	22
2814	15
2815	9
2816	9
2817	9
2818	13
2819	7
2820	8
2821	12
2822	11
2823	10
2824	17
2825	13
2826	12
2827	11
2828	17
2829	13
2830	12
2831	10
2832	10
2833	12
2834	8
2835	14
2836	17
2837	16
2838	12
2839	16
2840	18
2841	9
2842	14
2843	15
2844	15
2845	11
2846	10
2847	10
2848	17
2849	15
2850	8
2851	13
2852	10
2853	15
2854	11
2855	10
2856	9
2857	12
2858	11
2859	12
2860	14
2861	12
2862	13
2863	11
2864	11
2865	15
2866	8
2867	14
2868	11
2869	10
2870	9
2871	7
2872	15
2873	11
2874	14
2875	17
2876	9
2877	15
2878	12
2879	5
2880	16
2881	15
2882	15
2883	14
2884	16
2885	14
2886	9
2887	8
2888	12
2889	16
2890	9
2891	20
2892	11
2893	14
2894	18
2895	10
2896	11
2897	16
2898	13
2899	13
2900	14
2901	8
2902	11
2903	12
2904	16
2905	14
2906	15
2907	10
2908	12
2909	20
2910	9
2911	13
2912	14
2913	17
2914	17
2915	3
2916	14
2917	11
2918	17
2919	13
2920	14
2921	12
2922	11
2923	13
2924	14
2925	20
2926	13
2927	16
2928	11
2929	10
2930	9
2931	8
2932	19
2933	8
2934	11
2935	15
2936	9
2937	15
2938	15
2939	6
2940	10
2941	18
2942	14
2943	13
2944	9
2945	10
2946	11
2947	9
2948	8
2949	12
2950	16
2951	19
2952	7
2953	12
2954	12
2955	8
2956	13
2957	12
2958	8
2959	14
2960	12
2961	14
2962	11
2963	6
2964	14
2965	10
2966	11
2967	12
2968	11
2969	15
2970	14
2971	13
2972	12
2973	9
2974	11
2975	7
2976	10
2977	17
2978	16
2979	12
2980	16
2981	10
2982	13
2983	9
2984	10
2985	9
2986	9
2987	14
2988	11
2989	11
2990	15
2991	7
2992	6
2993	13
2994	8
2995	6
2996	18
2997	10
2998	14
2999	10
3000	18
3001	10
3002	9
3003	10
3004	11
3005	3
3006	11
3007	17
3008	10
3009	10
3010	10
3011	10
3012	13
3013	9
3014	10
3015	7
3016	7
3017	12
3018	13
3019	10
3020	12
3021	8
3022	15
3023	12
3024	13
3025	15
3026	10
3027	9
3028	12
3029	18
3030	10
3031	10
3032	13
3033	14
3034	13
3035	12
3036	16
3037	12
3038	16
3039	12
3040	12
3041	9
3042	8
3043	11
3044	13
3045	8
3046	8
3047	7
3048	9
3049	9
3050	12
3051	6
3052	10
3053	10
3054	14
3055	6
3056	19
3057	8
3058	15
3059	14
3060	12
3061	13
3062	16
3063	10
3064	24
3065	14
3066	7
3067	7
3068	8
3069	23
3070	9
3071	10
3072	11
3073	9
3074	6
3075	12
3076	6
3077	8
3078	12
3079	10
3080	7
3081	11
3082	7
3083	10
3084	13
3085	10
3086	7
3087	10
3088	8
3089	13
3090	11
3091	8
3092	13
3093	7
3094	9
3095	14
3096	7
3097	7
3098	8
3099	9
3100	12
3101	18
3102	9
3103	11
3104	16
3105	7
3106	13
3107	15
3108	12
3109	9
3110	12
3111	13
3112	12
3113	12
3114	11
3115	10
3116	8
3117	16
3118	14
3119	9
3120	11
3121	7
3122	16
3123	13
3124	9
3125	6
3126	11
3127	13
3128	13
3129	10
3130	9
3131	11
3132	14
3133	11
3134	12
3135	13
3136	12
3137	7
3138	4
3139	6
3140	15
3141	11
3142	14
3143	8
3144	13
3145	7
3146	7
3147	11
3148	8
3149	8
3150	13
3151	5
3152	12
3153	12
3154	8
3155	16
3156	11
3157	12
3158	11
3159	11
3160	12
3161	8
3162	17
3163	11
3164	6
3165	10
3166	11
3167	6
3168	9
3169	15
3170	7
3171	12
3172	9
3173	15
3174	6
3175	12
3176	7
3177	8
3178	3
3179	9
3180	13
3181	15
3182	8
3183	12
3184	13
3185	10
3186	8
3187	14
3188	11
3189	9
3190	7
3191	7
3192	8
3193	12
3194	11
3195	4
3196	10
3197	13
3198	14
3199	18
3200	8
3201	5
3202	12
3203	12
3204	11
3205	10
3206	10
3207	22
3208	10
3209	10
3210	11
3211	12
3212	11
3213	11
3214	12
3215	13
3216	3
3217	14
3218	9
3219	9
3220	16
3221	9
3222	10
3223	10
3224	5
3225	7
3226	9
3227	7
3228	15
3229	6
3230	11
3231	9
3232	11
3233	8
3234	10
3235	17
3236	14
3237	8
3238	9
3239	8
3240	10
3241	6
3242	13
3243	7
3244	13
3245	5
3246	10
3247	11
3248	14
3249	10
3250	9
3251	9
3252	18
3253	12
3254	7
3255	10
3256	12
3257	7
3258	8
3259	9
3260	6
3261	12
3262	12
3263	5
3264	11
3265	6
3266	4
3267	10
3268	4
3269	7
3270	12
3271	9
3272	12
3273	15
3274	6
3275	6
3276	9
3277	10
3278	8
3279	4
3280	5
3281	12
3282	14
3283	13
3284	7
3285	9
3286	7
3287	10
3288	14
3289	12
3290	7
3291	11
3292	10
3293	12
3294	9
3295	9
3296	11
3297	13
3298	12
3299	12
3300	9
3301	7
3302	13
3303	12
3304	16
3305	11
3306	17
3307	8
3308	11
3309	8
3310	8
3311	10
3312	9
3313	9
3314	14
3315	5
3316	7
3317	5
3318	7
3319	11
3320	9
3321	12
3322	12
3323	9
3324	9
3325	7
3326	7
3327	9
3328	8
3329	8
3330	16
3331	15
3332	6
3333	8
3334	12
3335	15
3336	12
3337	11
3338	10
3339	7
3340	8
3341	11
3342	10
3343	13
3344	6
3345	8
3346	10
3347	10
3348	14
3349	12
3350	15
3351	10
3352	9
3353	5
3354	7
3355	10
3356	10
3357	8
3358	12
3359	14
3360	9
3361	9
3362	17
3363	5
3364	7
3365	13
3366	7
3367	14
3368	11
3369	8
3370	2
3371	9
3372	6
3373	12
3374	11
3375	15
3376	10
3377	12
3378	9
3379	6
3380	11
3381	8
3382	7
3383	11
3384	11
3385	11
3386	8
3387	9
3388	12
3389	15
3390	11
3391	15
3392	11
3393	11
3394	9
3395	4
3396	11
3397	6
3398	9
3399	3
3400	5
3401	9
3402	7
3403	10
3404	10
3405	9
3406	16
3407	11
3408	13
3409	12
3410	3
3411	4
3412	8
3413	6
3414	8
3415	11
3416	12
3417	7
3418	9
3419	11
3420	9
3421	12
3422	7
3423	9
3424	8
3425	10
3426	13
3427	7
3428	12
3429	10
3430	16
3431	13
3432	9
3433	12
3434	10
3435	12
3436	4
3437	7
3438	6
3439	10
3440	6
3441	4
3442	7
3443	5
3444	10
3445	9
3446	4
3447	12
3448	8
3449	3
3450	8
3451	9
3452	8
3453	10
3454	6
3455	7
3456	9
3457	11
3458	16
3459	11
3460	8
3461	9
3462	7
3463	8
3464	13
3465	12
3466	13
3467	10
3468	8
3469	8
3470	9
3471	8
3472	9
3473	18
3474	16
3475	11
3476	9
3477	7
3478	12
3479	17
3480	7
3481	6
3482	11
3483	8
3484	7
3485	10
3486	4
3487	3
3488	10
3489	10
3490	5
3491	11
3492	7
3493	10
3494	8
3495	6
3496	11
3497	7
3498	6
3499	15
3500	4
3501	11
3502	11
3503	3
3504	7
3505	14
3506	11
3507	15
3508	10
3509	6
3510	8
3511	13
3512	7
3513	16
3514	9
3515	12
3516	11
3517	12
3518	5
3519	6
3520	16
3521	14
3522	11
3523	10
3524	9
3525	10
3526	11
3527	10
3528	6
3529	12
3530	6
3531	9
3532	8
3533	10
3534	16
3535	5
3536	9
3537	3
3538	10
3539	8
3540	7
3541	11
3542	10
3543	7
3544	11
3545	9
3546	11
3547	3
3548	10
3549	6
3550	9
3551	8
3552	11
3553	6
3554	23
3555	3
3556	4
3557	16
3558	13
3559	5
3560	11
3561	7
3562	6
3563	7
3564	4
3565	13
3566	5
3567	6
3568	15
3569	10
3570	8
3571	10
3572	4
3573	26
3574	8
3575	14
3576	13
3577	5
3578	9
3579	9
3580	10
3581	8
3582	11
3583	13
3584	8
3585	5
3586	7
3587	10
3588	10
3589	6
3590	7
3591	7
3592	7
3593	15
3594	5
3595	8
3596	7
3597	10
3598	11
3599	9
3600	5
3601	7
3602	14
3603	11
3604	5
3605	9
3606	8
3607	9
3608	3
3609	7
3610	8
3611	12
3612	6
3613	7
3614	7
3615	9
3616	8
3617	11
3618	14
3619	9
3620	5
3621	4
3622	8
3623	7
3624	11
3625	13
3626	7
3627	6
3628	7
3629	9
3630	8
3631	9
3632	10
3633	11
3634	8
3635	10
3636	6
3637	10
3638	8
3639	6
3640	16
3641	6
3642	8
3643	11
3644	13
3645	7
3646	10
3647	14
3648	8
3649	11
3650	6
3651	12
3652	10
3653	13
3654	5
3655	5
3656	8
3657	4
3658	10
3659	12
3660	9
3661	13
3662	10
3663	8
3664	6
3665	9
3666	9
3667	10
3668	8
3669	10
3670	14
3671	2
3672	10
3673	11
3674	6
3675	9
3676	6
3677	11
3678	7
3679	9
3680	10
3681	6
3682	11
3683	7
3684	7
3685	4
3686	8
3687	8
3688	10
3689	7
3690	11
3691	8
3692	10
3693	6
3694	11
3695	7
3696	10
3697	11
3698	10
3699	8
3700	10
3701	11
3702	6
3703	12
3704	5
3705	7
3706	10
3707	6
3708	9
3709	11
3710	8
3711	5
3712	10
3713	5
3714	15
3715	5
3716	13
3717	15
3718	15
3719	10
3720	11
3721	8
3722	8
3723	9
3724	6
3725	6
3726	11
3727	7
3728	4
3729	8
3730	8
3731	8
3732	11
3733	9
3734	7
3735	9
3736	3
3737	10
3738	8
3739	9
3740	10
3741	12
3742	10
3743	6
3744	5
3745	6
3746	14
3747	9
3748	9
3749	10
3750	12
3751	6
3752	6
3753	12
3754	6
3755	13
3756	10
3757	10
3758	10
3759	15
3760	5
3761	8
3762	10
3763	10
3764	9
3765	4
3766	9
3767	9
3768	14
3769	5
3770	11
3771	8
3772	12
3773	7
3774	21
3775	12
3776	7
3777	6
3778	13
3779	6
3780	8
3781	14
3782	5
3783	4
3784	7
3785	3
3786	11
3787	6
3788	10
3789	7
3790	8
3791	7
3792	10
3793	12
3794	8
3795	8
3796	9
3797	3
3798	6
3799	12
3800	6
3801	14
3802	5
3803	8
3804	13
3805	12
3806	7
3807	9
3808	15
3809	8
3810	8
3811	3
3812	9
3813	10
3814	15
3815	6
3816	6
3817	7
3818	10
3819	7
3820	6
3821	6
3822	9
3823	4
3824	6
3825	8
3826	12
3827	12
3828	12
3829	9
3830	10
3831	6
3832	2
3833	4
3834	9
3835	16
3836	8
3837	9
3838	10
3839	10
3840	8
3841	5
3842	8
3843	10
3844	11
3845	9
3846	10
3847	7
3848	6
3849	14
3850	15
3851	13
3852	12
3853	8
3854	12
3855	9
3856	15
3857	8
3858	13
3859	12
3860	6
3861	5
3862	12
3863	7
3864	11
3865	13
3866	10
3867	5
3868	10
3869	10
3870	6
3871	4
3872	8
3873	6
3874	6
3875	8
3876	11
3877	14
3878	12
3879	11
3880	13
3881	2
3882	9
3883	11
3884	3
3885	11
3886	14
3887	13
3888	9
3889	9
3890	13
3891	9
3892	7
3893	3
3894	14
3895	5
3896	5
3897	10
3898	8
3899	8
3900	13
3901	7
3902	11
3903	5
3904	6
3905	12
3906	6
3907	12
3908	11
3909	11
3910	13
3911	10
3912	5
3913	7
3914	8
3915	7
3916	6
3917	8
3918	14
3919	9
3920	9
3921	12
3922	12
3923	11
3924	5
3925	8
3926	6
3927	9
3928	10
3929	3
3930	12
3931	8
3932	10
3933	6
3934	9
3935	7
3936	12
3937	6
3938	10
3939	7
3940	14
3941	13
3942	15
3943	10
3944	5
3945	5
3946	6
3947	14
3948	6
3949	9
3950	7
3951	10
3952	9
3953	9
3954	9
3955	8
3956	7
3957	11
3958	7
3959	10
3960	16
3961	10
3962	11
3963	12
3964	11
3965	15
3966	17
3967	17
3968	6
3969	7
3970	8
3971	6
3972	6
3973	7
3974	16
3975	12
3976	6
3977	14
3978	9
3979	7
3980	7
3981	12
3982	14
3983	7
3984	6
3985	11
3986	11
3987	14
3988	13
3989	7
3990	13
3991	12
3992	9
3993	6
3994	6
3995	10
3996	5
3997	11
3998	13
3999	12
4000	9
4001	8
4002	7
4003	11
4004	8
4005	10
4006	6
4007	8
4008	5
4009	7
4010	14
4011	6
4012	11
4013	16
4014	8
4015	6
4016	6
4017	6
4018	9
4019	6
4020	8
4021	15
4022	7
4023	11
4024	7
4025	12
4026	11
4027	8
4028	10
4029	12
4030	10
4031	14
4032	9
4033	10
4034	9
4035	10
4036	8
4037	14
4038	12
4039	12
4040	10
4041	9
4042	7
4043	11
4044	5
4045	5
4046	9
4047	11
4048	17
4049	9
4050	9
4051	9
4052	16
4053	13
4054	20
4055	11
4056	10
4057	13
4058	9
4059	14
4060	10
4061	6
4062	9
4063	3
4064	8
4065	15
4066	10
4067	9
4068	11
4069	7
4070	6
4071	7
4072	8
4073	12
4074	7
4075	6
4076	10
4077	11
4078	6
4079	12
4080	6
4081	13
4082	7
4083	6
4084	10
4085	11
4086	11
4087	5
4088	9
4089	6
4090	7
4091	12
4092	6
4093	5
4094	8
4095	11
4096	8
4097	14
4098	9
4099	12
4100	8
4101	10
4102	12
4103	5
4104	10
4105	9
4106	4
4107	4
4108	10
4109	12
4110	7
4111	6
4112	11
4113	9
4114	8
4115	6
4116	7
4117	10
4118	9
4119	10
4120	18
4121	6
4122	6
4123	11
4124	13
4125	10
4126	12
4127	12
4128	7
4129	10
4130	8
4131	9
4132	8
4133	10
4134	9
4135	6
4136	12
4137	13
4138	10
4139	12
4140	11
4141	7
4142	8
4143	21
4144	16
4145	20
4146	11
4147	13
4148	8
4149	12
4150	13
4151	8
4152	13
4153	10
4154	12
4155	14
4156	11
4157	13
4158	9
4159	13
4160	10
4161	11
4162	13
4163	8
4164	8
4165	13
4166	14
4167	7
4168	10
4169	9
4170	8
4171	6
4172	14
4173	9
4174	9
4175	7
4176	13
4177	5
4178	19
4179	10
4180	17
4181	12
4182	8
4183	11
4184	10
4185	11
4186	15
4187	7
4188	12
4189	5
4190	13
4191	8
4192	12
4193	9
4194	10
4195	11
4196	5
4197	13
4198	11
4199	11
4200	10
4201	11
4202	9
4203	8
4204	14
4205	10
4206	8
4207	15
4208	6
4209	8
4210	13
4211	10
4212	11
4213	8
4214	10
4215	9
4216	10
4217	16
4218	10
4219	9
4220	10
4221	8
4222	12
4223	7
4224	5
4225	17
4226	18
4227	8
4228	9
4229	8
4230	7
4231	11
4232	14
4233	14
4234	13
4235	4
4236	12
4237	16
4238	9
4239	14
4240	13
4241	10
4242	6
4243	6
4244	9
4245	14
4246	5
4247	9
4248	14
4249	8
4250	6
4251	4
4252	6
4253	12
4254	11
4255	7
4256	10
4257	10
4258	11
4259	15
4260	16
4261	8
4262	8
4263	15
4264	8
4265	17
4266	13
4267	7
4268	10
4269	11
4270	10
4271	10
4272	8
4273	16
4274	5
4275	7
4276	11
4277	8
4278	12
4279	14
4280	3
4281	12
4282	8
4283	9
4284	12
4285	11
4286	6
4287	7
4288	8
4289	10
4290	5
4291	8
4292	13
4293	16
4294	6
4295	10
4296	8
4297	14
4298	7
4299	9
4300	10
4301	12
4302	11
4303	9
4304	8
4305	14
4306	9
4307	11
4308	14
4309	9
4310	16
4311	13
4312	15
4313	12
4314	15
4315	11
4316	10
4317	10
4318	11
4319	10
4320	10
4321	11
4322	10
4323	11
4324	15
4325	3
4326	12
4327	14
4328	7
4329	6
4330	8
4331	12
4332	14
4333	8
4334	14
4335	9
4336	11
4337	12
4338	10
4339	14
4340	8
4341	12
4342	10
4343	6
4344	5
4345	14
4346	10
4347	4
4348	8
4349	11
4350	8
4351	12
4352	9
4353	13
4354	10
4355	12
4356	7
4357	15
4358	9
4359	14
4360	10
4361	8
4362	12
4363	15
4364	10
4365	17
4366	11
4367	10
4368	8
4369	14
4370	16
4371	11
4372	9
4373	12
4374	11
4375	9
4376	10
4377	17
4378	8
4379	13
4380	10
4381	13
4382	9
4383	14
4384	10
4385	6
4386	12
4387	15
4388	13
4389	5
4390	9
4391	15
4392	14
4393	9
4394	8
4395	7
4396	14
4397	14
4398	13
4399	13
4400	12
4401	12
4402	6
4403	12
4404	10
4405	12
4406	11
4407	8
4408	9
4409	4
4410	11
4411	7
4412	8
4413	8
4414	6
4415	10
4416	8
4417	15
4418	13
4419	11
4420	11
4421	10
4422	6
4423	7
4424	9
4425	15
4426	10
4427	7
4428	15
4429	7
4430	11
4431	7
4432	12
4433	9
4434	15
4435	14
4436	12
4437	14
4438	18
4439	12
4440	10
4441	7
4442	13
4443	15
4444	9
4445	8
4446	15
4447	23
4448	14
4449	12
4450	15
4451	17
4452	12
4453	8
4454	15
4455	12
4456	7
4457	9
4458	22
4459	15
4460	7
4461	12
4462	11
4463	20
4464	14
4465	12
4466	25
4467	14
4468	16
4469	7
4470	19
4471	9
4472	13
4473	9
4474	6
4475	12
4476	11
4477	12
4478	15
4479	11
4480	15
4481	17
4482	7
4483	12
4484	14
4485	9
4486	16
4487	9
4488	19
4489	11
4490	14
4491	10
4492	19
4493	18
4494	12
4495	17
4496	17
4497	14
4498	13
4499	11
4500	14
4501	14
4502	10
4503	17
4504	18
4505	14
4506	13
4507	8
4508	19
4509	9
4510	12
4511	15
4512	16
4513	14
4514	16
4515	13
4516	12
4517	15
4518	16
4519	17
4520	17
4521	18
4522	23
4523	14
4524	14
4525	15
4526	9
4527	13
4528	14
4529	17
4530	21
4531	11
4532	9
4533	14
4534	26
4535	22
4536	13
4537	10
4538	16
4539	13
4540	14
4541	9
4542	14
4543	11
4544	22
4545	19
4546	14
4547	14
4548	23
4549	15
4550	7
4551	12
4552	13
4553	18
4554	13
4555	12
4556	16
4557	15
4558	17
4559	11
4560	17
4561	13
4562	19
4563	18
4564	10
4565	14
4566	23
4567	16
4568	23
4569	15
4570	7
4571	15
4572	7
4573	15
4574	13
4575	17
4576	25
4577	12
4578	13
4579	17
4580	18
4581	13
4582	16
4583	6
4584	17
4585	9
4586	16
4587	11
4588	22
4589	13
4590	13
4591	18
4592	17
4593	20
4594	30
4595	11
4596	18
4597	10
4598	17
4599	14
4600	21
4601	22
4602	17
4603	18
4604	20
4605	17
4606	16
4607	11
4608	15
4609	19
4610	15
4611	12
4612	10
4613	17
4614	16
4615	17
4616	17
4617	16
4618	18
4619	17
4620	11
4621	23
4622	10
4623	22
4624	23
4625	12
4626	16
4627	18
4628	26
4629	22
4630	20
4631	16
4632	13
4633	20
4634	16
4635	19
4636	19
4637	16
4638	23
4639	15
4640	20
4641	10
4642	11
4643	16
4644	21
4645	19
4646	18
4647	20
4648	23
4649	10
4650	13
4651	17
4652	12
4653	17
4654	13
4655	14
4656	13
4657	18
4658	21
4659	24
4660	14
4661	22
4662	11
4663	18
4664	16
4665	19
4666	16
4667	18
4668	17
4669	20
4670	20
4671	17
4672	18
4673	13
4674	18
4675	18
4676	17
4677	18
4678	9
4679	25
4680	21
4681	26
4682	21
4683	18
4684	22
4685	29
4686	19
4687	12
4688	13
4689	13
4690	14
4691	13
4692	16
4693	19
4694	30
4695	8
4696	12
4697	16
4698	19
4699	14
4700	18
4701	21
4702	22
4703	10
4704	20
4705	12
4706	10
4707	15
4708	16
4709	20
4710	16
4711	24
4712	12
4713	30
4714	12
4715	24
4716	21
4717	16
4718	17
4719	14
4720	18
4721	11
4722	20
4723	17
4724	17
4725	16
4726	14
4727	14
4728	8
4729	15
4730	13
4731	19
4732	14
4733	14
4734	10
4735	25
4736	14
4737	18
4738	18
4739	24
4740	18
4741	17
4742	19
4743	16
4744	20
4745	13
4746	16
4747	13
4748	15
4749	14
4750	16
4751	13
4752	22
4753	18
4754	17
4755	22
4756	17
4757	13
4758	20
4759	19
4760	13
4761	9
4762	10
4763	13
4764	14
4765	20
4766	15
4767	16
4768	15
4769	13
4770	19
4771	16
4772	8
4773	11
4774	15
4775	11
4776	17
4777	22
4778	15
4779	14
4780	15
4781	14
4782	11
4783	23
4784	9
4785	11
4786	17
4787	13
4788	21
4789	13
4790	15
4791	13
4792	13
4793	18
4794	16
4795	8
4796	14
4797	17
4798	13
4799	12
4800	8
4801	11
4802	13
4803	13
4804	11
4805	11
4806	17
4807	14
4808	15
4809	13
4810	14
4811	10
4812	12
4813	18
4814	10
4815	15
4816	12
4817	13
4818	13
4819	12
4820	15
4821	14
4822	11
4823	4
4824	13
4825	10
4826	11
4827	18
4828	10
4829	9
4830	7
4831	11
4832	13
4833	6
4834	14
4835	7
4836	18
4837	18
4838	5
4839	11
4840	10
4841	12
4842	5
4843	7
4844	10
4845	7
4846	10
4847	6
4848	15
4849	16
4850	10
4851	8
4852	11
4853	8
4854	9
4855	8
4856	9
4857	6
4858	13
4859	2
4860	13
4861	12
4862	7
4863	12
4864	5
4865	11
4866	7
4867	5
4868	12
4869	7
4870	11
4871	6
4872	8
4873	7
4874	6
4875	7
4876	8
4877	4
4878	11
4879	7
4880	7
4881	5
4882	13
4883	7
4884	8
4885	10
4886	8
4887	4
4888	6
4889	6
4890	11
4891	9
4892	5
4893	6
4894	11
4895	6
4896	11
4897	9
4898	5
4899	6
4900	4
4901	8
4902	8
4903	7
4904	9
4905	7
4906	4
4907	6
4908	5
4909	5
4910	8
4911	3
4912	5
4913	4
4914	10
4915	7
4916	10
4917	8
4918	2
4919	6
4920	6
4921	3
4922	2
4923	1
4924	8
4925	5
4926	9
4927	5
4928	2
4929	9
4930	5
4931	12
4932	7
4933	3
4934	7
4935	6
4936	4
4937	5
4938	2
4939	4
4940	8
4941	3
4942	10
4943	7
4944	4
4945	4
4946	5
4947	10
4948	6
4949	5
4950	6
4951	3
4952	2
4953	4
4954	3
4955	3
4956	2
4957	9
4958	2
4959	6
4960	4
4961	3
4962	5
4963	2
4964	2
4965	3
4966	2
4967	9
4968	1
4969	5
4970	3
4971	2
4972	2
4973	1
4974	4
4975	2
4976	2
4977	3
4978	2
4979	2
4980	5
4981	2
4982	2
4983	3
4984	4
4985	1
4986	9
4987	2
4988	7
4989	2
4990	1
4991	2
4992	2
4993	4
4994	4
4995	4
4996	0
4997	2
4998	2
4999	5
5000	2
5001	2
5002	3
5003	6
5004	2
5005	1
5006	3
5007	1
5008	5
5009	3
5010	2
5011	3
5012	0
5013	0
5014	4
5015	5
5016	4
5017	2
5018	4
5019	1
5020	1
5021	0
5022	3
5023	3
5024	2
5025	1
5026	1
5027	3
5028	2
5029	3
5030	2
5031	2
5032	1
5033	1
5034	0
5035	4
5036	0
5037	1
5038	4
5039	1
5040	2
5041	1
5042	1
5043	1
5044	1
5045	1
5046	2
5047	1
5048	2
5049	6
5050	1
5051	2
5052	1
5053	1
5054	1
5055	1
5056	1
5057	0
5058	1
5059	0
5060	1
5061	0
5062	1
5063	0
5064	0
5065	2
5066	2
5067	3
5068	1
5069	2
5070	0
5071	1
5072	2
5073	2
5074	3
5075	1
5076	2
5077	0
5078	1
5079	1
5080	1
5081	1
5082	2
5083	1
5084	1
5085	1
5086	1
5087	2
5088	0
5089	1
5090	2
5091	0
5092	2
5093	2
5094	0
5095	1
5096	3
5097	0
5098	2
5099	2
5100	1
5101	1
5102	1
5103	2
5104	1
5105	2
5106	0
5107	0
5108	1
5109	1
5110	1
5111	1
5112	1
5113	2
5114	1
5115	2
5116	2
5117	0
5118	0
5119	1
5120	1
5121	0
5122	0
5123	0
5124	0
5125	2
5126	0
5127	0
5128	1
5129	2
5130	0
5131	1
5132	0
5133	0
5134	0
5135	1
5136	2
5137	1
5138	2
5139	1
5140	1
5141	0
5142	1
5143	1
5144	0
5145	0
5146	0
5147	2
5148	0
5149	0
5150	3
5151	1
5152	0
5153	1
5154	0
5155	1
5156	3
5157	0
5158	1
5159	1
5160	3
5161	2
5162	1
5163	0
5164	1
5165	1
5166	3
5167	0
5168	0
5169	2
5170	0
5171	1
5172	2
5173	0
5174	0
5175	1
5176	0
5177	1
5178	1
5179	0
5180	2
5181	1
5182	1
5183	1
5184	1
5185	0
5186	1
5187	0
5188	1
5189	0
5190	1
5191	0
5192	1
5193	1
5194	0
5195	3
5196	0
5197	0
5198	1
5199	1
5200	0
5201	0
5202	0
5203	0
5204	0
5205	2
5206	1
5207	0
5208	2
5209	1
5210	2
5211	0
5212	0
5213	1
5214	0
5215	1
5216	1
5217	1
5218	0
5219	1
5220	0
5221	0
5222	0
5223	0
5224	1
5225	0
5226	0
5227	0
5228	0
5229	1
5230	1
5231	0
5232	0
5233	0
5234	1
5235	0
5236	0
5237	0
5238	1
5239	0
5240	0
5241	1
5242	2
5243	0
5244	1
5245	0
5246	0
5247	1
5248	1
5249	0
5250	2
5251	0
5252	0
5253	1
5254	1
5255	0
5256	1
5257	0
5258	0
5259	1
5260	0
5261	0
5262	0
5263	0
5264	0
5265	1
5266	0
5267	0
5268	1
5269	0
5270	1
5271	0
5272	0
5273	0
5274	0
5275	0
5276	1
5277	0
5278	0
5279	0
5280	0
5281	0
5282	0
5283	1
5284	0
5285	1
5286	0
5287	1
5288	1
5289	0
5290	0
5291	0
5292	0
5293	0
5294	1
5295	1
5296	0
5297	0
5298	0
5299	0
5300	1
5301	0
5302	0
5303	0
5304	0
5305	2
5306	1
5307	0
5308	2
5309	0
5310	0
5311	0
5312	0
5313	0
5314	1
5315	1
5316	3
5317	1
5318	0
5319	0
5320	0
5321	0
5322	0
5323	1
5324	0
5325	1
5326	2
5327	0
5328	1
5329	1
5330	0
5331	0
5332	0
5333	0
5334	0
5335	2
5336	1
5337	1
5338	1
5339	0
5340	1
5341	1
5342	1
5343	0
5344	0
5345	1
5346	0
5347	0
5348	0
5349	2
5350	0
5351	1
5352	0
5353	0
5354	0
5355	0
5356	0
5357	0
5358	2
5359	0
5360	0
5361	1
5362	0
5363	1
5364	2
5365	0
5366	0
5367	1
5368	0
5369	0
5370	0
5371	0
5372	0
5373	1
5374	1
5375	0
5376	0
5377	0
5378	2
5379	0
5380	2
5381	0
5382	2
5383	0
5384	0
5385	0
5386	1
5387	2
5388	0
5389	0
5390	0
5391	1
5392	1
5393	0
5394	0
5395	0
5396	2
5397	0
5398	0
5399	1
5400	1
5401	0
5402	1
5403	1
5404	0
5405	1
5406	1
5407	1
5408	0
5409	0
5410	1
5411	0
5412	1
5413	0
5414	0
5415	0
5416	0
5417	0
5418	0
5419	0
5420	3
5421	0
5422	0
5423	1
5424	0
5425	1
5426	0
5427	1
5428	1
5429	0
5430	2
5431	0
5432	0
5433	1
5434	0
5435	0
5436	0
5437	0
5438	1
5439	0
5440	2
5441	2
5442	2
5443	0
5444	1
5445	1
5446	0
5447	0
5448	1
5449	2
5450	0
5451	1
5452	1
5453	1
5454	0
5455	0
5456	0
5457	1
5458	1
5459	0
5460	0
5461	1
5462	2
5463	1
5464	0
5465	0
5466	1
5467	0
5468	2
5469	1
5470	0
5471	0
5472	1
5473	1
5474	0
5475	1
5476	0
5477	1
5478	2
5479	1
5480	1
5481	0
5482	0
5483	1
5484	4
5485	0
5486	1
5487	0
5488	0
5489	0
5490	0
5491	0
5492	1
5493	0
5494	0
5495	2
5496	0
5497	1
5498	0
5499	0
5500	0
5501	1
5502	1
5503	1
5504	0
5505	0
5506	0
5507	1
5508	0
5509	0
5510	0
5511	1
5512	1
5513	4
5514	0
5515	0
5516	0
5517	0
5518	0
5519	1
5520	0
5521	2
5522	0
5523	0
5524	0
5525	1
5526	2
5527	1
5528	0
5529	1
5530	0
5531	2
5532	0
5533	0
5534	1
5535	1
5536	1
5537	0
5538	1
5539	0
5540	0
5541	0
5542	0
5543	0
5544	0
5545	0
5546	0
5547	0
5548	0
5549	0
5550	2
5551	1
5552	0
5553	0
5554	0
5555	0
5556	1
5557	1
5558	2
5559	0
5560	0
5561	2
5562	0
5563	0
5564	1
5565	1
5566	1
5567	0
5568	2
5569	0
5570	0
5571	0
5572	0
5573	2
5574	0
5575	2
5576	2
5577	0
5578	1
5579	0
5580	0
5581	0
5582	0
5583	0
5584	1
5585	1
5586	0
5587	0
5588	0
5589	0
5590	1
5591	1
5592	0
5593	1
5594	1
5595	0
5596	0
5597	1
5598	0
5599	0
5600	0
5601	0
5602	0
5603	0
5604	0
5605	2
5606	0
5607	2
5608	0
5609	1
5610	1
5611	0
5612	0
5613	2
5614	0
5615	0
5616	0
5617	0
5618	1
5619	0
5620	1
5621	0
5622	2
5623	1
5624	1
5625	1
5626	0
5627	0
5628	0
5629	0
5630	2
5631	0
5632	0
5633	1
5634	0
5635	1
5636	0
5637	0
5638	0
5639	1
5640	0
5641	1
5642	0
5643	1
5644	0
5645	1
5646	0
5647	0
5648	0
5649	0
5650	0
5651	0
5652	0
5653	0
5654	1
5655	0
5656	1
5657	0
5658	1
5659	0
5660	0
5661	1
5662	0
5663	2
5664	0
5665	0
5666	1
5667	0
5668	2
5669	0
5670	1
5671	0
5672	1
5673	0
5674	1
5675	0
5676	1
5677	1
5678	1
5679	0
5680	0
5681	0
5682	1
5683	1
5684	0
5685	0
5686	1
5687	0
5688	0
5689	0
5690	0
5691	2
5692	1
5693	0
5694	1
5695	1
5696	0
5697	1
5698	0
5699	0
5700	0
5701	1
5702	1
5703	0
5704	1
5705	0
5706	0
5707	0
5708	1
5709	0
5710	0
5711	0
5712	0
5713	0
5714	1
5715	1
5716	2
5717	0
5718	0
5719	0
5720	1
5721	0
5722	1
5723	0
5724	1
5725	0
5726	2
5727	1
5728	0
5729	1
5730	1
5731	0
5732	1
5733	0
5734	1
5735	0
5736	0
5737	4
5738	2
5739	2
5740	0
5741	0
5742	1
5743	1
5744	1
5745	1
5746	0
5747	2
5748	0
5749	0
5750	1
5751	0
5752	0
5753	1
5754	0
5755	1
5756	2
5757	0
5758	0
5759	1
5760	0
5761	0
5762	1
5763	0
5764	1
5765	1
5766	0
5767	2
5768	1
5769	0
5770	0
5771	0
5772	0
5773	2
5774	1
5775	0
5776	3
5777	1
5778	0
5779	1
5780	0
5781	0
5782	0
5783	0
5784	0
5785	1
5786	0
5787	2
5788	0
5789	1
5790	0
5791	0
5792	1
5793	0
5794	0
5795	0
5796	0
5797	2
5798	0
5799	0
5800	2
5801	1
5802	1
5803	0
5804	0
5805	0
5806	0
5807	0
5808	0
5809	1
5810	0
5811	0
5812	0
5813	1
5814	0
5815	0
5816	1
5817	0
5818	0
5819	1
5820	0
5821	0
5822	0
5823	0
5824	0
5825	1
5826	3
5827	0
5828	1
5829	0
5830	1
5831	0
5832	1
5833	0
5834	0
5835	0
5836	0
5837	0
5838	1
5839	0
5840	0
5841	0
5842	0
5843	2
5844	1
5845	0
5846	0
5847	0
5848	0
5849	0
5850	0
5851	0
5852	0
5853	0
5854	0
5855	0
5856	0
5857	2
5858	0
5859	1
5860	1
5861	1
5862	0
5863	0
5864	0
5865	0
5866	0
5867	1
5868	0
5869	0
5870	1
5871	1
5872	0
5873	1
5874	1
5875	1
5876	0
5877	0
5878	2
5879	0
5880	0
5881	0
5882	0
5883	0
5884	2
5885	0
5886	0
5887	0
5888	1
5889	1
5890	1
5891	0
5892	0
5893	1
5894	0
5895	0
5896	1
5897	0
5898	0
5899	0
5900	0
5901	0
5902	0
5903	0
5904	0
5905	0
5906	0
5907	0
5908	0
5909	0
5910	0
5911	1
5912	3
5913	0
5914	1
5915	0
5916	0
5917	0
5918	1
5919	0
5920	0
5921	0
5922	0
5923	0
5924	0
5925	0
5926	0
5927	1
5928	1
5929	0
5930	3
5931	0
5932	0
5933	0
5934	2
5935	0
5936	1
5937	0
5938	1
5939	0
5940	0
5941	1
5942	0
5943	0
5944	1
5945	1
5946	0
5947	1
5948	0
5949	0
5950	1
5951	0
5952	0
5953	4
5954	0
5955	0
5956	0
5957	0
5958	0
5959	0
5960	0
5961	0
5962	0
5963	1
5964	0
5965	1
5966	0
5967	0
5968	0
5969	1
5970	0
5971	0
5972	0
5973	1
5974	0
5975	0
5976	1
5977	1
5978	0
5979	2
5980	0
5981	1
5982	0
5983	0
5984	0
5985	0
5986	0
5987	1
5988	0
5989	1
5990	1
5991	0
5992	0
5993	0
5994	0
5995	1
5996	0
5997	0
5998	0
5999	0
6000	0
6001	0
6002	1
6003	0
6004	0
6005	2
6006	0
6007	1
6008	0
6009	1
6010	0
6011	2
6012	0
6013	1
6014	0
6015	0
6016	0
6017	0
6018	1
6019	0
6020	0
6021	1
6022	3
6023	0
6024	1
6025	0
6026	0
6027	0
6028	0
6029	1
6030	0
6031	0
6032	0
6033	0
6034	2
6035	0
6036	1
6037	0
6038	0
6039	0
6040	1
6041	0
6042	0
6043	2
6044	0
6045	0
6046	0
6047	0
6048	1
6049	0
6050	1
6051	2
6052	0
6053	0
6054	0
6055	1
6056	0
6057	2
6058	0
6059	1
6060	0
6061	0
6062	0
6063	2
6064	0
6065	0
6066	0
6067	0
6068	0
6069	2
6070	1
6071	0
6072	1
6073	1
6074	1
6075	1
6076	1
6077	1
6078	0
6079	0
6080	0
6081	0
6082	1
6083	0
6084	0
6085	1
6086	1
6087	0
6088	1
6089	1
6090	0
6091	1
6092	0
6093	0
6094	0
6095	1
6096	1
6097	0
6098	1
6099	0
6100	0
6101	0
6102	0
6103	0
6104	1
6105	0
6106	0
6107	1
6108	0
6109	0
6110	0
6111	1
6112	1
6113	0
6114	0
6115	1
6116	1
6117	2
6118	0
6119	2
6120	0
6121	1
6122	0
6123	0
6124	0
6125	0
6126	1
6127	0
6128	1
6129	0
6130	0
6131	0
6132	1
6133	2
6134	0
6135	2
6136	1
6137	0
6138	1
6139	1
6140	1
6141	0
6142	2
6143	0
6144	0
6145	1
6146	1
6147	0
6148	0
6149	0
6150	1
6151	0
6152	0
6153	2
6154	1
6155	0
6156	0
6157	1
6158	0
6159	2
6160	0
6161	0
6162	2
6163	1
6164	0
6165	0
6166	0
6167	1
6168	0
6169	0
6170	0
6171	0
6172	1
6173	0
6174	1
6175	0
6176	1
6177	1
6178	0
6179	1
6180	0
6181	0
6182	0
6183	0
6184	0
6185	0
6186	2
6187	0
6188	2
6189	0
6190	0
6191	0
6192	0
6193	1
6194	0
6195	2
6196	1
6197	1
6198	2
6199	1
6200	1
6201	0
6202	0
6203	1
6204	1
6205	0
6206	0
6207	1
6208	0
6209	0
6210	0
6211	0
6212	0
6213	1
6214	1
6215	0
6216	1
6217	0
6218	1
6219	0
6220	0
6221	1
6222	0
6223	1
6224	1
6225	0
6226	0
6227	2
6228	0
6229	1
6230	0
6231	0
6232	0
6233	2
6234	2
6235	0
6236	0
6237	0
6238	1
6239	1
6240	0
6241	3
6242	1
6243	0
6244	1
6245	0
6246	2
6247	0
6248	0
6249	1
6250	0
6251	0
6252	0
6253	1
6254	0
6255	0
6256	1
6257	1
6258	0
6259	2
6260	0
6261	0
6262	2
6263	0
6264	1
6265	1
6266	0
6267	0
6268	0
6269	1
6270	2
6271	0
6272	2
6273	1
6274	0
6275	0
6276	1
6277	2
6278	0
6279	0
6280	0
6281	0
6282	0
6283	0
6284	0
6285	1
6286	0
6287	0
6288	0
6289	0
6290	0
6291	0
6292	1
6293	0
6294	1
6295	0
6296	1
6297	1
6298	1
6299	3
6300	0
6301	1
6302	0
6303	3
6304	1
6305	0
6306	0
6307	0
6308	0
6309	1
6310	0
6311	0
6312	1
6313	1
6314	2
6315	0
6316	0
6317	1
6318	0
6319	1
6320	0
6321	0
6322	0
6323	0
6324	0
6325	0
6326	0
6327	2
6328	0
6329	2
6330	0
6331	0
6332	0
6333	1
6334	2
6335	2
6336	0
6337	0
6338	0
6339	0
6340	0
6341	0
6342	3
6343	1
6344	0
6345	0
6346	0
6347	1
6348	0
6349	0
6350	1
6351	0
6352	0
6353	0
6354	0
6355	1
6356	0
6357	2
6358	0
6359	2
6360	3
6361	0
6362	0
6363	1
6364	1
6365	0
6366	0
6367	2
6368	2
6369	0
6370	0
6371	0
6372	0
6373	0
6374	0
6375	0
6376	1
6377	2
6378	0
6379	0
6380	1
6381	0
6382	1
6383	2
6384	0
6385	0
6386	0
6387	0
6388	2
6389	0
6390	0
6391	0
6392	0
6393	0
6394	0
6395	2
6396	0
6397	0
6398	1
6399	0
6400	0
6401	1
6402	1
6403	0
6404	0
6405	1
6406	0
6407	0
6408	1
6409	1
6410	0
6411	0
6412	0
6413	1
6414	1
6415	0
6416	0
6417	0
6418	0
6419	2
6420	0
6421	0
6422	1
6423	0
6424	0
6425	0
6426	0
6427	0
6428	0
6429	0
6430	0
6431	0
6432	1
6433	2
6434	0
6435	0
6436	0
6437	2
6438	1
6439	0
6440	1
6441	0
6442	0
6443	1
6444	0
6445	2
6446	0
6447	1
6448	0
6449	2
6450	0
6451	0
6452	0
6453	1
6454	0
6455	0
6456	1
6457	0
6458	0
6459	2
6460	0
6461	1
6462	1
6463	0
6464	0
6465	0
6466	0
6467	2
6468	1
6469	1
6470	0
6471	0
6472	0
6473	0
6474	0
6475	1
6476	0
6477	2
6478	1
6479	1
6480	0
6481	2
6482	0
6483	0
6484	1
6485	2
6486	0
6487	0
6488	1
6489	0
6490	1
6491	0
6492	0
6493	1
6494	0
6495	1
6496	1
6497	0
6498	0
6499	0
6500	0
6501	0
6502	0
6503	0
6504	0
6505	0
6506	0
6507	0
6508	0
6509	0
6510	0
6511	1
6512	0
6513	0
6514	0
6515	0
6516	1
6517	0
6518	0
6519	0
6520	0
6521	0
6522	0
6523	1
6524	1
6525	0
6526	0
6527	0
6528	0
6529	1
6530	1
6531	1
6532	2
6533	1
6534	0
6535	0
6536	0
6537	0
6538	0
6539	1
6540	0
6541	0
6542	0
6543	0
6544	2
6545	0
6546	0
6547	0
6548	0
6549	2
6550	0
6551	0
6552	0
6553	1
6554	0
6555	1
6556	1
6557	0
6558	0
6559	0
6560	0
6561	0
6562	0
6563	0
6564	0
6565	0
6566	0
6567	0
6568	0
6569	0
6570	0
6571	1
6572	0
6573	0
6574	0
6575	1
6576	2
6577	1
6578	1
6579	1
6580	0
6581	0
6582	2
6583	1
6584	0
6585	1
6586	1
6587	0
6588	2
6589	2
6590	0
6591	0
6592	1
6593	0
6594	0
6595	1
6596	0
6597	0
6598	0
6599	0
6600	0
6601	0
6602	0
6603	1
6604	1
6605	0
6606	0
6607	0
6608	0
6609	0
6610	1
6611	0
6612	0
6613	1
6614	0
6615	1
6616	1
6617	1
6618	0
6619	0
6620	1
6621	0
6622	0
6623	1
6624	1
6625	1
6626	0
6627	0
6628	0
6629	0
6630	0
6631	0
6632	0
6633	0
6634	0
6635	0
6636	0
6637	1
6638	1
6639	0
6640	0
6641	0
6642	0
6643	1
6644	0
6645	0
6646	1
6647	1
6648	0
6649	1
6650	0
6651	1
6652	0
6653	0
6654	0
6655	0
6656	0
6657	0
6658	1
6659	0
6660	0
6661	0
6662	0
6663	0
6664	0
6665	2
6666	1
6667	0
6668	1
6669	0
6670	1
6671	1
6672	0
6673	0
6674	2
6675	0
6676	1
6677	1
6678	0
6679	2
6680	0
6681	0
6682	1
6683	0
6684	0
6685	1
6686	0
6687	0
6688	0
6689	0
6690	0
6691	0
6692	1
6693	1
6694	0
6695	0
6696	2
6697	2
6698	1
6699	1
6700	0
6701	0
6702	0
6703	1
6704	1
6705	0
6706	0
6707	0
6708	2
6709	0
6710	0
6711	0
6712	0
6713	0
6714	0
6715	1
6716	0
6717	0
6718	0
6719	1
6720	1
6721	0
6722	0
6723	0
6724	0
6725	1
6726	0
6727	0
6728	0
6729	0
6730	1
6731	0
6732	1
6733	1
6734	1
6735	0
6736	0
6737	0
6738	1
6739	2
6740	0
6741	0
6742	0
6743	1
6744	0
6745	0
6746	0
6747	0
6748	0
6749	0
6750	0
6751	0
6752	0
6753	0
6754	2
6755	0
6756	1
6757	1
6758	0
6759	0
6760	0
6761	0
6762	0
6763	0
6764	1
6765	0
6766	0
6767	0
6768	2
6769	0
6770	0
6771	0
6772	0
6773	1
6774	1
6775	0
6776	1
6777	1
6778	0
6779	0
6780	0
6781	0
6782	0
6783	0
6784	0
6785	0
6786	2
6787	0
6788	1
6789	1
6790	0
6791	0
6792	0
6793	0
6794	3
6795	0
6796	0
6797	0
6798	1
6799	0
6800	0
6801	0
6802	0
6803	0
6804	1
6805	1
6806	0
6807	1
6808	1
6809	1
6810	1
6811	0
6812	0
6813	2
6814	0
6815	1
6816	0
6817	0
6818	1
6819	1
6820	0
6821	0
6822	0
6823	0
6824	0
6825	1
6826	0
6827	1
6828	0
6829	0
6830	1
6831	0
6832	0
6833	1
6834	0
6835	0
6836	0
6837	0
6838	0
6839	0
6840	0
6841	0
6842	0
6843	2
6844	0
6845	0
6846	0
6847	0
6848	0
6849	0
6850	0
6851	2
6852	0
6853	1
6854	0
6855	0
6856	0
6857	0
6858	0
6859	0
6860	0
6861	1
6862	0
6863	0
6864	0
6865	0
6866	0
6867	0
6868	0
6869	0
6870	0
6871	0
6872	2
6873	3
6874	0
6875	0
6876	1
6877	1
6878	0
6879	0
6880	1
6881	0
6882	2
6883	0
6884	2
6885	0
6886	0
6887	0
6888	0
6889	0
6890	1
6891	1
6892	0
6893	0
6894	2
6895	1
6896	0
6897	0
6898	1
6899	1
6900	1
6901	0
6902	1
6903	0
6904	0
6905	0
6906	0
6907	2
6908	0
6909	0
6910	0
6911	1
6912	0
6913	2
6914	0
6915	1
6916	0
6917	0
6918	0
6919	1
6920	0
6921	0
6922	0
6923	0
6924	0
6925	0
6926	0
6927	0
6928	0
6929	0
6930	1
6931	1
6932	1
6933	0
6934	0
6935	1
6936	0
6937	1
6938	0
6939	0
6940	0
6941	0
6942	2
6943	0
6944	1
6945	0
6946	0
6947	0
6948	2
6949	1
6950	2
6951	0
6952	0
6953	0
6954	1
6955	0
6956	1
6957	0
6958	0
6959	2
6960	0
6961	0
6962	0
6963	0
6964	1
6965	0
6966	0
6967	0
6968	0
6969	1
6970	1
6971	0
6972	0
6973	0
6974	0
6975	1
6976	0
6977	1
6978	0
6979	0
6980	0
6981	0
6982	0
6983	1
6984	0
6985	2
6986	0
6987	2
6988	1
6989	0
6990	1
6991	0
6992	0
6993	0
6994	0
6995	1
6996	0
6997	0
6998	1
6999	0
7000	2
7001	0
7002	0
7003	0
7004	0
7005	1
7006	0
7007	0
7008	2
7009	0
7010	2
7011	0
7012	0
7013	0
7014	0
7015	0
7016	0
7017	0
7018	0
7019	0
7020	0
7021	1
7022	2
7023	0
7024	0
7025	0
7026	0
7027	0
7028	0
7029	0
7030	0
7031	1
7032	0
7033	0
7034	1
7035	0
7036	0
7037	0
7038	0
7039	0
7040	0
7041	0
7042	0
7043	0
7044	0
7045	0
7046	1
7047	1
7048	0
7049	0
7050	1
7051	0
7052	2
7053	0
7054	0
7055	0
7056	0
7057	0
7058	0
7059	0
7060	0
7061	0
7062	0
7063	2
7064	0
7065	0
7066	0
7067	0
7068	0
7069	1
7070	0
7071	0
7072	1
7073	0
7074	3
7075	0
7076	1
7077	0
7078	0
7079	0
7080	0
7081	1
7082	0
7083	0
7084	2
7085	0
7086	0
7087	1
7088	0
7089	0
7090	0
7091	0
7092	0
7093	0
7094	0
7095	1
7096	0
7097	0
7098	0
7099	1
7100	0
7101	0
7102	0
7103	0
7104	0
7105	0
7106	0
7107	0
7108	1
7109	0
7110	0
7111	0
7112	1
7113	1
7114	0
7115	1
7116	1
7117	0
7118	0
7119	0
7120	0
7121	0
7122	1
7123	0
7124	0
7125	0
7126	0
7127	1
7128	2
7129	0
7130	0
7131	2
7132	0
7133	0
7134	0
7135	0
7136	0
7137	2
7138	0
7139	0
7140	0
7141	1
7142	0
7143	0
7144	0
7145	0
7146	1
7147	0
7148	0
7149	0
7150	0
7151	2
7152	0
7153	0
7154	0
7155	0
7156	0
7157	0
7158	1
7159	0
7160	0
7161	1
7162	1
7163	0
7164	0
7165	0
7166	0
7167	0
7168	1
7169	0
7170	0
7171	0
7172	0
7173	1
7174	0
7175	0
7176	0
7177	0
7178	0
7179	0
7180	2
7181	0
7182	3
7183	0
7184	0
7185	1
7186	0
7187	0
7188	2
7189	1
7190	0
7191	0
7192	0
7193	0
7194	1
7195	0
7196	1
7197	0
7198	1
7199	0
7200	0
7201	0
7202	1
7203	0
7204	0
7205	2
7206	0
7207	0
7208	0
7209	1
7210	0
7211	0
7212	1
7213	0
7214	0
7215	0
7216	0
7217	1
7218	0
7219	0
7220	0
7221	1
7222	0
7223	0
7224	0
7225	0
7226	0
7227	0
7228	0
7229	0
7230	0
7231	1
7232	0
7233	1
7234	0
7235	0
7236	1
7237	0
7238	0
7239	0
7240	0
7241	0
7242	1
7243	1
7244	0
7245	0
7246	0
7247	0
7248	0
7249	0
7250	0
7251	0
7252	0
7253	0
7254	0
7255	0
7256	1
7257	0
7258	0
7259	1
7260	0
7261	0
7262	0
7263	1
7264	0
7265	1
7266	1
7267	0
7268	1
7269	0
7270	0
7271	0
7272	0
7273	0
7274	0
7275	2
7276	0
7277	1
7278	0
7279	0
7280	0
7281	1
7282	2
7283	0
7284	0
7285	0
7286	1
7287	0
7288	0
7289	0
7290	1
7291	0
7292	0
7293	0
7294	1
7295	1
7296	0
7297	0
7298	0
7299	0
7300	0
7301	0
7302	0
7303	0
7304	0
7305	0
7306	0
7307	0
7308	0
7309	0
7310	0
7311	0
7312	0
7313	0
7314	0
7315	1
7316	0
7317	0
7318	0
7319	0
7320	3
7321	0
7322	0
7323	0
7324	0
7325	0
7326	1
7327	0
7328	0
7329	0
7330	0
7331	0
7332	0
7333	0
7334	0
7335	0
7336	0
7337	0
7338	0
7339	1
7340	0
7341	0
7342	0
7343	1
7344	1
7345	0
7346	0
7347	0
7348	0
7349	0
7350	0
7351	0
7352	0
7353	0
7354	0
7355	0
7356	0
7357	1
7358	0
7359	0
7360	0
7361	0
7362	0
7363	1
7364	1
7365	1
7366	0
7367	1
7368	0
7369	0
7370	0
7371	0
7372	1
7373	1
7374	0
7375	0
7376	0
7377	1
7378	0
7379	1
7380	0
7381	2
7382	0
7383	0
7384	0
7385	0
7386	0
7387	1
7388	0
7389	0
7390	0
7391	1
7392	1
7393	0
7394	0
7395	0
7396	0
7397	0
7398	0
7399	0
7400	0
7401	0
7402	0
7403	1
7404	0
7405	1
7406	1
7407	0
7408	0
7409	0
7410	0
7411	0
7412	1
7413	0
7414	0
7415	1
7416	0
7417	1
7418	0
7419	0
7420	0
7421	0
7422	0
7423	0
7424	0
7425	1
7426	0
7427	0
7428	0
7429	0
7430	1
7431	0
7432	0
7433	2
7434	0
7435	1
7436	0
7437	0
7438	0
7439	0
7440	0
7441	0
7442	0
7443	1
7444	0
7445	0
7446	0
7447	1
7448	1
7449	1
7450	1
7451	1
7452	0
7453	1
7454	0
7455	0
7456	0
7457	0
7458	0
7459	0
7460	0
7461	0
7462	0
7463	0
7464	0
7465	0
7466	0
7467	0
7468	0
7469	0
7470	0
7471	0
7472	0
7473	0
7474	0
7475	0
7476	1
7477	1
7478	1
7479	0
7480	0
7481	0
7482	0
7483	0
7484	1
7485	0
7486	0
7487	0
7488	0
7489	0
7490	0
7491	0
7492	0
7493	2
7494	0
7495	0
7496	0
7497	0
7498	0
7499	0
7500	0
7501	0
7502	0
7503	1
7504	0
7505	0
7506	1
7507	0
7508	0
7509	0
7510	1
7511	0
7512	0
7513	0
7514	0
7515	1
7516	0
7517	0
7518	1
7519	1
7520	0
7521	1
7522	1
7523	0
7524	0
7525	0
7526	0
7527	0
7528	0
7529	0
7530	0
7531	0
7532	0
7533	1
7534	0
7535	0
7536	0
7537	1
7538	0
7539	0
7540	0
7541	1
7542	1
7543	0
7544	0
7545	1
7546	0
7547	0
7548	0
7549	0
7550	0
7551	1
7552	0
7553	0
7554	0
7555	0
7556	0
7557	0
7558	0
7559	0
7560	0
7561	0
7562	0
7563	0
7564	2
7565	0
7566	0
7567	0
7568	0
7569	0
7570	0
7571	1
7572	3
7573	0
7574	0
7575	1
7576	0
7577	0
7578	0
7579	1
7580	1
7581	0
7582	0
7583	0
7584	0
7585	0
7586	0
7587	0
7588	1
7589	0
7590	1
7591	2
7592	0
7593	0
7594	0
7595	1
7596	0
7597	1
7598	0
7599	0
7600	0
7601	0
7602	2
7603	1
7604	0
7605	0
7606	1
7607	1
7608	0
7609	2
7610	0
7611	1
7612	0
7613	0
7614	0
7615	1
7616	0
7617	1
7618	0
7619	0
7620	0
7621	0
7622	0
7623	0
7624	0
7625	2
7626	0
7627	0
7628	2
7629	1
7630	1
7631	0
7632	1
7633	0
7634	0
7635	0
7636	0
7637	2
7638	1
7639	0
7640	0
7641	0
7642	0
7643	0
7644	0
7645	1
7646	0
7647	0
7648	0
7649	0
7650	1
7651	0
7652	2
7653	0
7654	0
7655	1
7656	0
7657	0
7658	0
7659	0
7660	1
7661	1
7662	0
7663	0
7664	0
7665	0
7666	0
7667	0
7668	1
7669	0
7670	0
7671	0
7672	0
7673	0
7674	1
7675	4
7676	0
7677	0
7678	1
7679	0
7680	0
7681	0
7682	1
7683	1
7684	0
7685	0
7686	0
7687	0
7688	0
7689	1
7690	0
7691	0
7692	0
7693	1
7694	0
7695	0
7696	0
7697	0
7698	1
7699	0
7700	1
7701	1
7702	0
7703	0
7704	0
7705	0
7706	0
7707	1
7708	1
7709	0
7710	0
7711	0
7712	0
7713	1
7714	2
7715	0
7716	0
7717	0
7718	0
7719	0
7720	0
7721	0
7722	0
7723	0
7724	0
7725	0
7726	1
7727	0
7728	0
7729	1
7730	0
7731	0
7732	0
7733	1
7734	0
7735	1
7736	1
7737	0
7738	0
7739	0
7740	0
7741	1
7742	0
7743	0
7744	1
7745	0
7746	0
7747	0
7748	0
7749	1
7750	2
7751	0
7752	1
7753	0
7754	0
7755	0
7756	1
7757	0
7758	0
7759	1
7760	0
7761	0
7762	0
7763	0
7764	0
7765	0
7766	0
7767	0
7768	1
7769	2
7770	1
7771	1
7772	0
7773	0
7774	0
7775	1
7776	0
7777	1
7778	0
7779	0
7780	0
7781	0
7782	0
7783	0
7784	2
7785	1
7786	0
7787	0
7788	0
7789	1
7790	0
7791	0
7792	1
7793	0
7794	0
7795	0
7796	2
7797	0
7798	1
7799	2
7800	0
7801	0
7802	0
7803	0
7804	0
7805	0
7806	0
7807	0
7808	1
7809	0
7810	0
7811	1
7812	2
7813	0
7814	0
7815	0
7816	1
7817	1
7818	0
7819	1
7820	0
7821	0
7822	0
7823	0
7824	0
7825	0
7826	0
7827	0
7828	0
7829	1
7830	0
7831	0
7832	0
7833	0
7834	0
7835	0
7836	1
7837	0
7838	1
7839	0
7840	0
7841	0
7842	0
7843	0
7844	0
7845	1
7846	0
7847	1
7848	0
7849	0
7850	1
7851	0
7852	0
7853	0
7854	0
7855	0
7856	0
7857	0
7858	0
7859	0
7860	0
7861	0
7862	0
7863	0
7864	0
7865	1
7866	0
7867	0
7868	1
7869	0
7870	0
7871	0
7872	1
7873	0
7874	1
7875	0
7876	0
7877	1
7878	1
7879	0
7880	0
7881	0
7882	0
7883	0
7884	0
7885	0
7886	1
7887	0
7888	0
7889	0
7890	2
7891	0
7892	0
7893	1
7894	0
7895	0
7896	0
7897	0
7898	0
7899	0
7900	2
7901	0
7902	0
7903	1
7904	0
7905	0
7906	1
7907	0
7908	0
7909	1
7910	1
7911	0
7912	0
7913	1
7914	0
7915	1
7916	1
7917	1
7918	1
7919	0
7920	0
7921	0
7922	1
7923	0
7924	0
7925	0
7926	1
7927	0
7928	0
7929	1
7930	0
7931	0
7932	0
7933	0
7934	0
7935	0
7936	0
7937	0
7938	0
7939	0
7940	0
7941	0
7942	1
7943	2
7944	0
7945	0
7946	0
7947	0
7948	0
7949	0
7950	2
7951	1
7952	0
7953	2
7954	1
7955	0
7956	0
7957	0
7958	0
7959	0
7960	0
7961	0
7962	0
7963	1
7964	0
7965	0
7966	3
7967	0
7968	0
7969	1
7970	1
7971	0
7972	1
7973	1
7974	0
7975	0
7976	0
7977	0
7978	0
7979	0
7980	0
7981	0
7982	0
7983	0
7984	1
7985	0
7986	0
7987	1
7988	1
7989	0
7990	0
7991	0
7992	0
7993	0
7994	0
7995	1
7996	0
7997	0
7998	0
7999	2
8000	1
8001	0
8002	0
8003	0
8004	0
8005	0
8006	1
8007	1
8008	0
8009	0
8010	0
8011	0
8012	1
8013	0
8014	1
8015	0
8016	0
8017	2
8018	2
8019	1
8020	0
8021	1
8022	0
8023	0
8024	0
8025	1
8026	0
8027	0
8028	0
8029	2
8030	1
8031	0
8032	0
8033	0
8034	0
8035	0
8036	0
8037	0
8038	0
8039	0
8040	1
8041	0
8042	0
8043	0
8044	0
8045	0
8046	1
8047	2
8048	0
8049	0
8050	1
8051	0
8052	1
8053	0
8054	0
8055	0
8056	1
8057	0
8058	1
8059	0
8060	1
8061	1
8062	0
8063	0
8064	0
8065	0
8066	3
8067	1
8068	0
8069	0
8070	0
8071	0
8072	1
8073	0
8074	0
8075	0
8076	0
8077	0
8078	0
8079	0
8080	0
8081	0
8082	0
8083	0
8084	0
8085	0
8086	0
8087	0
8088	0
8089	0
8090	0
8091	0
8092	0
8093	0
8094	0
8095	0
8096	0
8097	0
8098	0
8099	0
8100	0
8101	0
8102	0
8103	0
8104	0
8105	0
8106	0
8107	0
8108	0
8109	0
8110	0
8111	0
8112	0
8113	0
8114	0
8115	0
8116	0
8117	0
8118	0
8119	0
8120	0
8121	0
8122	0
8123	0
8124	0
8125	0
8126	0
8127	0
8128	0
8129	0
8130	0
8131	0
8132	0
8133	0
8134	0
8135	0
8136	0
8137	0
8138	0
8139	0
8140	0
8141	0
8142	0
8143	0
8144	0
8145	0
8146	0
8147	0
8148	0
8149	0
8150	0
8151	0
8152	0
8153	0
8154	0
8155	0
8156	0
8157	0
8158	0
8159	0
8160	0
8161	0
8162	0
8163	0
8164	0
8165	0
8166	0
8167	0
8168	0
8169	0
8170	0
8171	0
8172	0
8173	0
8174	0
8175	0
8176	0
8177	0
8178	0
8179	0
8180	0
8181	0
8182	0
8183	0
8184	0
8185	0
8186	0
8187	0
8188	0
8189	0
8190	0
8191	0
