0	0
1	0
2	0
3	0
4	0
5	0
6	0
7	0
8	0
9	0
10	0
11	0
12	0
13	0
14	0
15	0
16	0
17	0
18	0
19	0
20	0
21	0
22	0
23	0
24	0
25	0
26	0
27	0
28	0
29	0
30	0
31	0
32	0
33	0
34	0
35	0
36	0
37	0
38	0
39	0
40	0
41	0
42	0
43	0
44	0
45	0
46	0
47	0
48	0
49	0
50	0
51	0
52	0
53	0
54	0
55	0
56	0
57	0
58	0
59	0
60	0
61	0
62	0
63	0
64	0
65	0
66	0
67	0
68	0
69	0
70	0
71	0
72	0
73	0
74	0
75	0
76	0
77	0
78	0
79	0
80	0
81	0
82	0
83	0
84	0
85	2
86	4
87	13
88	7
89	8
90	11
91	8
92	15
93	11
94	9
95	11
96	14
97	12
98	11
99	15
100	10
101	8
102	14
103	8
104	9
105	15
106	15
107	13
108	14
109	11
110	8
111	8
112	10
113	11
114	9
115	14
116	15
117	7
118	15
119	10
120	13
121	8
122	6
123	16
124	11
125	8
126	16
127	17
128	11
129	18
130	16
131	10
132	13
133	6
134	10
135	16
136	15
137	6
138	4
139	15
140	14
141	15
142	11
143	10
144	16
145	13
146	5
147	9
148	5
149	12
150	6
151	7
152	14
153	17
154	15
155	12
156	9
157	9
158	3
159	21
160	10
161	10
162	12
163	7
164	12
165	8
166	14
167	12
168	14
169	12
170	8
171	12
172	11
173	13
174	7
175	9
176	11
177	13
178	12
179	13
180	12
181	13
182	9
183	12
184	7
185	17
186	13
187	15
188	6
189	11
190	13
191	10
192	9
193	9
194	12
195	18
196	14
197	18
198	17
199	12
200	12
201	13
202	10
203	10
204	9
205	13
206	10
207	12
208	11
209	16
210	6
211	16
212	12
213	13
214	11
215	9
216	11
217	10
218	9
219	16
220	10
221	14
222	13
223	17
224	15
225	17
226	9
227	13
228	8
229	13
230	15
231	15
232	15
233	16
234	12
235	12
236	10
237	16
238	12
239	11
240	16
241	15
242	13
243	12
244	13
245	10
246	12
247	12
248	11
249	12
250	16
251	15
252	12
253	20
254	10
255	17
256	14
257	5
258	10
259	12
260	15
261	12
262	11
263	10
264	13
265	9
266	10
267	13
268	11
269	19
270	18
271	12
272	15
273	12
274	8
275	9
276	16
277	8
278	14
279	11
280	10
281	17
282	17
283	10
284	19
285	7
286	19
287	18
288	12
289	17
290	13
291	15
292	16
293	17
294	10
295	8
296	12
297	17
298	15
299	11
300	16
301	16
302	16
303	19
304	11
305	11
306	19
307	17
308	9
309	20
310	19
311	13
312	11
313	16
314	5
315	9
316	13
317	20
318	14
319	9
320	10
321	14
322	12
323	17
324	12
325	12
326	14
327	10
328	10
329	14
330	20
331	16
332	11
333	8
334	13
335	16
336	11
337	17
338	12
339	19
340	20
341	15
342	20
343	19
344	14
345	16
346	10
347	13
348	24
349	18
350	14
351	18
352	15
353	19
354	8
355	13
356	15
357	17
358	16
359	14
360	16
361	16
362	18
363	10
364	18
365	11
366	19
367	23
368	13
369	11
370	16
371	13
372	14
373	15
374	15
375	16
376	15
377	12
378	10
379	15
380	12
381	10
382	10
383	14
384	11
385	14
386	18
387	15
388	19
389	18
390	9
391	10
392	20
393	12
394	12
395	16
396	16
397	12
398	14
399	18
400	14
401	11
402	23
403	10
404	12
405	15
406	13
407	9
408	19
409	13
410	11
411	17
412	23
413	16
414	13
415	12
416	10
417	12
418	16
419	23
420	7
421	16
422	23
423	11
424	9
425	7
426	8
427	15
428	18
429	15
430	19
431	18
432	14
433	14
434	18
435	12
436	11
437	17
438	17
439	8
440	10
441	18
442	19
443	11
444	14
445	20
446	18
447	18
448	18
449	14
450	11
451	9
452	7
453	20
454	12
455	11
456	11
457	18
458	13
459	12
460	14
461	21
462	13
463	17
464	25
465	12
466	14
467	8
468	18
469	17
470	20
471	14
472	11
473	14
474	20
475	18
476	19
477	15
478	18
479	14
480	10
481	12
482	11
483	13
484	12
485	15
486	18
487	11
488	12
489	22
490	10
491	19
492	19
493	16
494	16
495	9
496	14
497	20
498	11
499	8
500	8
501	13
502	12
503	20
504	15
505	9
506	17
507	22
508	29
509	13
510	20
511	10
512	14
513	21
514	16
515	24
516	20
517	16
518	21
519	15
520	18
521	23
522	17
523	20
524	23
525	19
526	21
527	19
528	13
529	20
530	21
531	16
532	20
533	32
534	24
535	18
536	32
537	22
538	15
539	23
540	15
541	20
542	18
543	19
544	15
545	26
546	21
547	21
548	15
549	18
550	11
551	17
552	12
553	21
554	27
555	17
556	25
557	21
558	20
559	17
560	22
561	24
562	22
563	24
564	29
565	20
566	19
567	24
568	24
569	27
570	23
571	33
572	16
573	21
574	15
575	25
576	22
577	33
578	20
579	31
580	34
581	28
582	25
583	20
584	25
585	22
586	33
587	28
588	25
589	30
590	30
591	31
592	20
593	26
594	21
595	22
596	29
597	28
598	21
599	23
600	23
601	33
602	31
603	28
604	28
605	30
606	32
607	19
608	29
609	24
610	21
611	26
612	28
613	33
614	25
615	28
616	31
617	21
618	18
619	24
620	17
621	31
622	18
623	21
624	19
625	17
626	28
627	19
628	21
629	22
630	15
631	10
632	22
633	17
634	23
635	35
636	26
637	23
638	18
639	31
640	21
641	25
642	18
643	27
644	20
645	20
646	24
647	21
648	17
649	23
650	18
651	26
652	18
653	23
654	23
655	20
656	22
657	21
658	18
659	18
660	21
661	22
662	20
663	20
664	17
665	22
666	28
667	22
668	16
669	17
670	17
671	23
672	30
673	17
674	25
675	23
676	24
677	26
678	27
679	19
680	17
681	20
682	17
683	15
684	17
685	20
686	12
687	25
688	23
689	15
690	19
691	28
692	23
693	26
694	16
695	12
696	23
697	20
698	19
699	21
700	20
701	10
702	19
703	26
704	12
705	29
706	24
707	18
708	20
709	27
710	21
711	16
712	19
713	20
714	12
715	24
716	27
717	28
718	26
719	28
720	17
721	24
722	19
723	23
724	29
725	29
726	19
727	12
728	18
729	18
730	12
731	22
732	20
733	20
734	30
735	16
736	23
737	11
738	22
739	17
740	14
741	16
742	28
743	18
744	21
745	17
746	20
747	21
748	25
749	22
750	30
751	17
752	18
753	22
754	26
755	21
756	34
757	19
758	23
759	12
760	10
761	11
762	20
763	33
764	23
765	15
766	14
767	28
768	19
769	15
770	18
771	19
772	21
773	21
774	16
775	26
776	30
777	16
778	21
779	19
780	19
781	26
782	19
783	23
784	18
785	14
786	26
787	21
788	17
789	18
790	28
791	17
792	13
793	24
794	26
795	17
796	8
797	14
798	19
799	23
800	22
801	18
802	21
803	21
804	21
805	11
806	31
807	21
808	24
809	22
810	15
811	17
812	25
813	20
814	23
815	24
816	22
817	20
818	20
819	20
820	24
821	11
822	23
823	22
824	24
825	23
826	18
827	22
828	19
829	20
830	28
831	20
832	18
833	22
834	20
835	26
836	24
837	23
838	26
839	18
840	28
841	18
842	24
843	24
844	20
845	24
846	19
847	28
848	28
849	21
850	25
851	21
852	18
853	34
854	19
855	17
856	22
857	26
858	17
859	31
860	29
861	27
862	25
863	26
864	24
865	26
866	10
867	25
868	22
869	29
870	31
871	23
872	24
873	27
874	25
875	25
876	15
877	28
878	19
879	26
880	26
881	22
882	26
883	25
884	18
885	20
886	26
887	22
888	22
889	21
890	21
891	27
892	20
893	25
894	22
895	21
896	21
897	13
898	25
899	28
900	22
901	24
902	31
903	32
904	27
905	27
906	33
907	26
908	27
909	29
910	23
911	23
912	19
913	22
914	28
915	25
916	17
917	33
918	25
919	34
920	21
921	14
922	24
923	21
924	27
925	28
926	25
927	17
928	30
929	27
930	24
931	25
932	30
933	24
934	28
935	21
936	24
937	22
938	31
939	24
940	27
941	27
942	25
943	18
944	27
945	39
946	28
947	21
948	27
949	18
950	17
951	25
952	16
953	21
954	27
955	27
956	32
957	24
958	34
959	22
960	28
961	38
962	23
963	24
964	28
965	28
966	30
967	33
968	23
969	23
970	31
971	30
972	30
973	21
974	20
975	23
976	32
977	18
978	22
979	25
980	18
981	21
982	27
983	30
984	31
985	19
986	16
987	36
988	27
989	28
990	31
991	25
992	30
993	24
994	27
995	18
996	23
997	33
998	22
999	29
1000	16
1001	29
1002	18
1003	26
1004	21
1005	30
1006	21
1007	32
1008	28
1009	20
1010	25
1011	36
1012	29
1013	29
1014	26
1015	20
1016	23
1017	15
1018	33
1019	23
1020	27
1021	28
1022	19
1023	31
1024	29
1025	31
1026	24
1027	21
1028	27
1029	26
1030	30
1031	33
1032	28
1033	28
1034	28
1035	21
1036	27
1037	28
1038	35
1039	38
1040	33
1041	22
1042	34
1043	17
1044	32
1045	35
1046	28
1047	40
1048	22
1049	37
1050	36
1051	31
1052	24
1053	31
1054	29
1055	38
1056	31
1057	34
1058	36
1059	35
1060	29
1061	29
1062	31
1063	20
1064	25
1065	24
1066	33
1067	28
1068	26
1069	24
1070	28
1071	30
1072	32
1073	24
1074	21
1075	30
1076	31
1077	35
1078	24
1079	27
1080	23
1081	31
1082	22
1083	37
1084	28
1085	14
1086	39
1087	24
1088	33
1089	18
1090	39
1091	20
1092	28
1093	21
1094	31
1095	40
1096	22
1097	16
1098	36
1099	37
1100	18
1101	29
1102	27
1103	17
1104	25
1105	30
1106	25
1107	35
1108	20
1109	36
1110	28
1111	27
1112	32
1113	33
1114	29
1115	28
1116	27
1117	36
1118	35
1119	25
1120	28
1121	25
1122	31
1123	30
1124	19
1125	29
1126	25
1127	28
1128	37
1129	25
1130	27
1131	26
1132	28
1133	31
1134	32
1135	29
1136	29
1137	24
1138	23
1139	27
1140	23
1141	21
1142	25
1143	35
1144	31
1145	24
1146	39
1147	20
1148	25
1149	31
1150	26
1151	27
1152	35
1153	38
1154	31
1155	28
1156	28
1157	27
1158	33
1159	38
1160	38
1161	33
1162	25
1163	25
1164	34
1165	35
1166	24
1167	21
1168	36
1169	23
1170	23
1171	23
1172	32
1173	31
1174	25
1175	31
1176	24
1177	15
1178	40
1179	32
1180	36
1181	27
1182	29
1183	28
1184	40
1185	28
1186	28
1187	24
1188	32
1189	33
1190	26
1191	28
1192	24
1193	35
1194	27
1195	30
1196	32
1197	25
1198	30
1199	23
1200	34
1201	21
1202	25
1203	28
1204	37
1205	29
1206	28
1207	31
1208	31
1209	29
1210	24
1211	28
1212	32
1213	25
1214	33
1215	30
1216	27
1217	32
1218	34
1219	30
1220	22
1221	19
1222	30
1223	32
1224	32
1225	29
1226	29
1227	23
1228	31
1229	33
1230	27
1231	29
1232	29
1233	37
1234	33
1235	30
1236	32
1237	28
1238	19
1239	36
1240	23
1241	22
1242	31
1243	24
1244	29
1245	29
1246	28
1247	31
1248	37
1249	26
1250	34
1251	32
1252	28
1253	31
1254	27
1255	37
1256	28
1257	24
1258	38
1259	36
1260	41
1261	35
1262	32
1263	28
1264	34
1265	31
1266	34
1267	27
1268	31
1269	28
1270	38
1271	30
1272	38
1273	30
1274	35
1275	26
1276	31
1277	27
1278	32
1279	33
1280	36
1281	23
1282	25
1283	34
1284	38
1285	25
1286	33
1287	32
1288	37
1289	24
1290	34
1291	29
1292	25
1293	28
1294	36
1295	33
1296	31
1297	27
1298	27
1299	43
1300	51
1301	34
1302	19
1303	33
1304	29
1305	29
1306	31
1307	28
1308	28
1309	31
1310	25
1311	26
1312	32
1313	27
1314	30
1315	24
1316	31
1317	26
1318	33
1319	37
1320	21
1321	29
1322	33
1323	29
1324	34
1325	37
1326	43
1327	37
1328	29
1329	31
1330	31
1331	39
1332	38
1333	41
1334	34
1335	36
1336	29
1337	32
1338	32
1339	34
1340	32
1341	31
1342	45
1343	32
1344	28
1345	35
1346	24
1347	34
1348	39
1349	29
1350	35
1351	26
1352	36
1353	31
1354	37
1355	35
1356	42
1357	39
1358	45
1359	33
1360	29
1361	41
1362	35
1363	43
1364	36
1365	30
1366	25
1367	33
1368	37
1369	30
1370	41
1371	26
1372	24
1373	33
1374	36
1375	34
1376	26
1377	27
1378	34
1379	32
1380	34
1381	53
1382	37
1383	34
1384	28
1385	34
1386	36
1387	36
1388	28
1389	31
1390	30
1391	31
1392	35
1393	22
1394	33
1395	25
1396	40
1397	30
1398	40
1399	43
1400	50
1401	29
1402	32
1403	33
1404	32
1405	29
1406	33
1407	35
1408	32
1409	28
1410	31
1411	27
1412	36
1413	35
1414	37
1415	34
1416	34
1417	29
1418	25
1419	31
1420	21
1421	30
1422	25
1423	26
1424	33
1425	30
1426	30
1427	34
1428	31
1429	37
1430	38
1431	30
1432	31
1433	35
1434	20
1435	34
1436	26
1437	34
1438	27
1439	29
1440	33
1441	36
1442	37
1443	37
1444	29
1445	35
1446	31
1447	27
1448	31
1449	31
1450	37
1451	29
1452	36
1453	38
1454	28
1455	30
1456	30
1457	36
1458	45
1459	40
1460	33
1461	37
1462	35
1463	33
1464	42
1465	36
1466	35
1467	28
1468	38
1469	26
1470	31
1471	39
1472	34
1473	22
1474	35
1475	40
1476	40
1477	38
1478	29
1479	41
1480	31
1481	46
1482	47
1483	33
1484	41
1485	18
1486	31
1487	25
1488	32
1489	25
1490	37
1491	30
1492	44
1493	39
1494	31
1495	37
1496	24
1497	26
1498	32
1499	42
1500	35
1501	30
1502	28
1503	31
1504	35
1505	34
1506	31
1507	34
1508	28
1509	24
1510	33
1511	27
1512	32
1513	33
1514	28
1515	35
1516	28
1517	27
1518	31
1519	24
1520	41
1521	26
1522	29
1523	25
1524	29
1525	32
1526	34
1527	29
1528	29
1529	29
1530	28
1531	37
1532	31
1533	38
1534	36
1535	39
1536	36
1537	20
1538	29
1539	27
1540	31
1541	24
1542	36
1543	26
1544	33
1545	24
1546	30
1547	34
1548	27
1549	44
1550	33
1551	32
1552	31
1553	30
1554	27
1555	35
1556	33
1557	45
1558	35
1559	38
1560	32
1561	22
1562	30
1563	28
1564	33
1565	26
1566	29
1567	29
1568	40
1569	41
1570	31
1571	28
1572	32
1573	31
1574	33
1575	29
1576	30
1577	31
1578	31
1579	27
1580	34
1581	30
1582	30
1583	27
1584	28
1585	26
1586	29
1587	23
1588	32
1589	33
1590	23
1591	24
1592	37
1593	23
1594	28
1595	30
1596	35
1597	30
1598	34
1599	33
1600	31
1601	20
1602	26
1603	28
1604	30
1605	25
1606	37
1607	42
1608	30
1609	28
1610	42
1611	31
1612	26
1613	26
1614	34
1615	26
1616	26
1617	16
1618	28
1619	30
1620	28
1621	26
1622	19
1623	31
1624	33
1625	34
1626	37
1627	23
1628	20
1629	25
1630	24
1631	29
1632	30
1633	32
1634	30
1635	23
1636	21
1637	26
1638	20
1639	26
1640	39
1641	36
1642	36
1643	20
1644	29
1645	30
1646	37
1647	30
1648	25
1649	40
1650	34
1651	28
1652	27
1653	28
1654	29
1655	30
1656	27
1657	32
1658	32
1659	34
1660	29
1661	27
1662	22
1663	29
1664	33
1665	22
1666	38
1667	32
1668	24
1669	23
1670	28
1671	26
1672	32
1673	27
1674	39
1675	28
1676	28
1677	33
1678	42
1679	27
1680	26
1681	34
1682	26
1683	31
1684	33
1685	22
1686	30
1687	19
1688	22
1689	40
1690	27
1691	29
1692	32
1693	29
1694	27
1695	32
1696	27
1697	30
1698	25
1699	25
1700	33
1701	22
1702	26
1703	31
1704	32
1705	18
1706	26
1707	25
1708	31
1709	26
1710	28
1711	31
1712	33
1713	28
1714	31
1715	35
1716	31
1717	27
1718	33
1719	27
1720	34
1721	28
1722	21
1723	19
1724	19
1725	30
1726	37
1727	46
1728	36
1729	34
1730	37
1731	23
1732	35
1733	36
1734	33
1735	31
1736	41
1737	23
1738	39
1739	31
1740	30
1741	23
1742	33
1743	34
1744	19
1745	25
1746	27
1747	32
1748	29
1749	30
1750	36
1751	30
1752	21
1753	19
1754	35
1755	36
1756	24
1757	27
1758	24
1759	31
1760	38
1761	37
1762	28
1763	26
1764	28
1765	37
1766	31
1767	36
1768	22
1769	33
1770	29
1771	24
1772	40
1773	34
1774	26
1775	32
1776	28
1777	34
1778	36
1779	23
1780	23
1781	22
1782	30
1783	31
1784	25
1785	18
1786	26
1787	38
1788	34
1789	31
1790	32
1791	29
1792	43
1793	25
1794	35
1795	31
1796	29
1797	31
1798	39
1799	33
1800	41
1801	30
1802	42
1803	24
1804	33
1805	26
1806	38
1807	31
1808	28
1809	25
1810	34
1811	31
1812	30
1813	32
1814	29
1815	45
1816	38
1817	36
1818	31
1819	34
1820	24
1821	38
1822	34
1823	29
1824	46
1825	39
1826	38
1827	27
1828	43
1829	37
1830	35
1831	27
1832	42
1833	30
1834	39
1835	30
1836	41
1837	46
1838	52
1839	37
1840	38
1841	32
1842	31
1843	31
1844	39
1845	44
1846	41
1847	30
1848	47
1849	37
1850	37
1851	49
1852	38
1853	36
1854	38
1855	30
1856	48
1857	33
1858	39
1859	30
1860	44
1861	46
1862	42
1863	42
1864	39
1865	38
1866	45
1867	35
1868	49
1869	33
1870	36
1871	34
1872	41
1873	41
1874	33
1875	34
1876	43
1877	36
1878	45
1879	42
1880	57
1881	37
1882	45
1883	40
1884	46
1885	36
1886	36
1887	50
1888	26
1889	43
1890	37
1891	41
1892	37
1893	47
1894	45
1895	37
1896	34
1897	49
1898	34
1899	27
1900	40
1901	47
1902	43
1903	38
1904	41
1905	37
1906	37
1907	34
1908	44
1909	44
1910	45
1911	35
1912	37
1913	40
1914	44
1915	43
1916	39
1917	38
1918	53
1919	46
1920	33
1921	43
1922	45
1923	43
1924	33
1925	44
1926	49
1927	34
1928	47
1929	38
1930	39
1931	47
1932	40
1933	40
1934	43
1935	38
1936	38
1937	41
1938	33
1939	40
1940	41
1941	37
1942	49
1943	46
1944	32
1945	52
1946	43
1947	38
1948	38
1949	43
1950	49
1951	38
1952	44
1953	39
1954	36
1955	48
1956	40
1957	45
1958	36
1959	49
1960	35
1961	29
1962	34
1963	38
1964	34
1965	34
1966	44
1967	38
1968	45
1969	39
1970	59
1971	29
1972	28
1973	48
1974	50
1975	42
1976	36
1977	48
1978	53
1979	36
1980	32
1981	39
1982	28
1983	34
1984	21
1985	34
1986	39
1987	35
1988	43
1989	34
1990	37
1991	25
1992	35
1993	46
1994	31
1995	31
1996	35
1997	30
1998	48
1999	34
2000	35
2001	41
2002	48
2003	46
2004	37
2005	34
2006	36
2007	40
2008	38
2009	31
2010	47
2011	36
2012	34
2013	31
2014	34
2015	35
2016	40
2017	29
2018	41
2019	31
2020	40
2021	35
2022	37
2023	34
2024	47
2025	41
2026	33
2027	28
2028	35
2029	46
2030	42
2031	26
2032	32
2033	45
2034	31
2035	39
2036	36
2037	37
2038	27
2039	43
2040	36
2041	32
2042	26
2043	36
2044	36
2045	40
2046	33
2047	34
2048	29
2049	30
2050	28
2051	28
2052	41
2053	34
2054	39
2055	32
2056	35
2057	28
2058	31
2059	30
2060	29
2061	26
2062	40
2063	27
2064	19
2065	27
2066	30
2067	36
2068	44
2069	38
2070	35
2071	35
2072	37
2073	22
2074	28
2075	25
2076	23
2077	28
2078	19
2079	30
2080	29
2081	30
2082	30
2083	35
2084	27
2085	28
2086	23
2087	29
2088	30
2089	26
2090	40
2091	21
2092	25
2093	25
2094	34
2095	36
2096	22
2097	24
2098	22
2099	26
2100	23
2101	21
2102	26
2103	28
2104	24
2105	31
2106	24
2107	25
2108	35
2109	25
2110	30
2111	26
2112	31
2113	31
2114	25
2115	23
2116	23
2117	23
2118	21
2119	23
2120	19
2121	27
2122	28
2123	37
2124	18
2125	20
2126	25
2127	18
2128	25
2129	17
2130	22
2131	28
2132	28
2133	29
2134	19
2135	33
2136	28
2137	29
2138	32
2139	21
2140	20
2141	20
2142	22
2143	27
2144	21
2145	30
2146	24
2147	21
2148	13
2149	26
2150	26
2151	23
2152	27
2153	23
2154	28
2155	24
2156	22
2157	18
2158	25
2159	26
2160	17
2161	21
2162	23
2163	23
2164	23
2165	21
2166	23
2167	19
2168	26
2169	19
2170	14
2171	26
2172	16
2173	16
2174	28
2175	25
2176	24
2177	22
2178	7
2179	19
2180	17
2181	19
2182	17
2183	23
2184	22
2185	24
2186	19
2187	24
2188	19
2189	14
2190	19
2191	20
2192	18
2193	27
2194	19
2195	14
2196	14
2197	18
2198	24
2199	21
2200	11
2201	21
2202	20
2203	20
2204	20
2205	30
2206	19
2207	23
2208	22
2209	10
2210	19
2211	13
2212	23
2213	27
2214	20
2215	13
2216	17
2217	26
2218	19
2219	17
2220	15
2221	20
2222	19
2223	19
2224	22
2225	23
2226	18
2227	23
2228	21
2229	13
2230	18
2231	10
2232	12
2233	21
2234	20
2235	23
2236	22
2237	23
2238	21
2239	23
2240	16
2241	14
2242	23
2243	21
2244	19
2245	22
2246	23
2247	21
2248	23
2249	13
2250	19
2251	15
2252	20
2253	17
2254	20
2255	17
2256	27
2257	17
2258	24
2259	18
2260	19
2261	24
2262	20
2263	13
2264	18
2265	17
2266	21
2267	16
2268	19
2269	18
2270	14
2271	20
2272	14
2273	19
2274	18
2275	16
2276	23
2277	16
2278	13
2279	13
2280	15
2281	12
2282	17
2283	15
2284	16
2285	16
2286	13
2287	15
2288	21
2289	19
2290	26
2291	15
2292	13
2293	28
2294	23
2295	14
2296	18
2297	18
2298	24
2299	12
2300	18
2301	24
2302	23
2303	17
2304	25
2305	16
2306	14
2307	20
2308	16
2309	14
2310	20
2311	10
2312	14
2313	17
2314	11
2315	19
2316	27
2317	21
2318	16
2319	20
2320	29
2321	16
2322	17
2323	17
2324	19
2325	19
2326	13
2327	20
2328	25
2329	13
2330	19
2331	17
2332	19
2333	19
2334	24
2335	17
2336	19
2337	18
2338	27
2339	15
2340	18
2341	18
2342	19
2343	26
2344	15
2345	14
2346	17
2347	13
2348	15
2349	14
2350	27
2351	19
2352	16
2353	11
2354	16
2355	12
2356	11
2357	16
2358	19
2359	23
2360	21
2361	14
2362	19
2363	18
2364	23
2365	17
2366	21
2367	19
2368	15
2369	18
2370	20
2371	20
2372	20
2373	28
2374	18
2375	17
2376	15
2377	23
2378	16
2379	11
2380	23
2381	12
2382	15
2383	16
2384	16
2385	20
2386	25
2387	14
2388	16
2389	16
2390	16
2391	18
2392	25
2393	21
2394	19
2395	19
2396	9
2397	11
2398	21
2399	14
2400	15
2401	21
2402	14
2403	13
2404	24
2405	16
2406	20
2407	14
2408	23
2409	10
2410	18
2411	19
2412	15
2413	17
2414	13
2415	25
2416	15
2417	24
2418	19
2419	14
2420	13
2421	16
2422	16
2423	12
2424	21
2425	26
2426	18
2427	24
2428	18
2429	22
2430	11
2431	24
2432	23
2433	11
2434	16
2435	16
2436	19
2437	22
2438	12
2439	22
2440	20
2441	18
2442	16
2443	21
2444	20
2445	13
2446	24
2447	17
2448	16
2449	14
2450	20
2451	12
2452	20
2453	23
2454	17
2455	14
2456	22
2457	16
2458	24
2459	14
2460	13
2461	15
2462	14
2463	19
2464	22
2465	22
2466	14
2467	14
2468	14
2469	13
2470	19
2471	16
2472	17
2473	13
2474	16
2475	17
2476	18
2477	15
2478	16
2479	19
2480	11
2481	10
2482	13
2483	8
2484	18
2485	26
2486	15
2487	23
2488	10
2489	21
2490	24
2491	20
2492	11
2493	14
2494	14
2495	20
2496	14
2497	14
2498	19
2499	16
2500	17
2501	21
2502	16
2503	18
2504	22
2505	7
2506	17
2507	17
2508	16
2509	14
2510	19
2511	15
2512	17
2513	15
2514	13
2515	25
2516	13
2517	11
2518	15
2519	17
2520	12
2521	16
2522	18
2523	15
2524	20
2525	18
2526	12
2527	10
2528	22
2529	18
2530	16
2531	15
2532	14
2533	17
2534	20
2535	14
2536	11
2537	13
2538	22
2539	14
2540	13
2541	22
2542	21
2543	15
2544	11
2545	19
2546	17
2547	9
2548	15
2549	14
2550	16
2551	26
2552	22
2553	5
2554	19
2555	16
2556	11
2557	11
2558	16
2559	13
2560	12
2561	13
2562	15
2563	16
2564	13
2565	9
2566	12
2567	15
2568	13
2569	14
2570	14
2571	18
2572	16
2573	14
2574	16
2575	17
2576	17
2577	18
2578	21
2579	15
2580	18
2581	12
2582	21
2583	14
2584	15
2585	13
2586	24
2587	17
2588	14
2589	16
2590	23
2591	21
2592	6
2593	25
2594	15
2595	13
2596	21
2597	15
2598	15
2599	19
2600	16
2601	18
2602	21
2603	13
2604	14
2605	21
2606	12
2607	12
2608	16
2609	17
2610	17
2611	9
2612	16
2613	17
2614	4
2615	13
2616	12
2617	13
2618	16
2619	22
2620	9
2621	18
2622	15
2623	14
2624	11
2625	14
2626	19
2627	15
2628	15
2629	19
2630	17
2631	17
2632	21
2633	13
2634	14
2635	14
2636	27
2637	22
2638	28
2639	10
2640	15
2641	16
2642	15
2643	17
2644	14
2645	16
2646	20
2647	16
2648	16
2649	10
2650	20
2651	21
2652	14
2653	14
2654	15
2655	15
2656	11
2657	12
2658	7
2659	18
2660	16
2661	16
2662	8
2663	16
2664	17
2665	20
2666	25
2667	12
2668	11
2669	20
2670	18
2671	12
2672	19
2673	16
2674	21
2675	18
2676	16
2677	16
2678	19
2679	12
2680	22
2681	16
2682	8
2683	11
2684	19
2685	17
2686	17
2687	15
2688	18
2689	14
2690	19
2691	13
2692	15
2693	11
2694	16
2695	18
2696	17
2697	11
2698	12
2699	14
2700	20
2701	24
2702	22
2703	22
2704	11
2705	15
2706	22
2707	20
2708	18
2709	17
2710	22
2711	18
2712	13
2713	12
2714	11
2715	12
2716	13
2717	19
2718	18
2719	9
2720	17
2721	16
2722	9
2723	24
2724	19
2725	13
2726	14
2727	16
2728	12
2729	19
2730	15
2731	12
2732	23
2733	20
2734	15
2735	15
2736	15
2737	9
2738	16
2739	12
2740	22
2741	9
2742	13
2743	14
2744	15
2745	15
2746	14
2747	9
2748	15
2749	13
2750	10
2751	16
2752	12
2753	17
2754	6
2755	13
2756	13
2757	22
2758	13
2759	19
2760	7
2761	9
2762	18
2763	17
2764	13
2765	10
2766	17
2767	18
2768	14
2769	15
2770	10
2771	15
2772	17
2773	18
2774	19
2775	20
2776	15
2777	6
2778	12
2779	14
2780	16
2781	16
2782	12
2783	11
2784	15
2785	9
2786	12
2787	16
2788	10
2789	8
2790	15
2791	23
2792	15
2793	14
2794	15
2795	15
2796	12
2797	15
2798	15
2799	21
2800	17
2801	13
2802	16
2803	20
2804	16
2805	15
2806	20
2807	14
2808	8
2809	16
2810	9
2811	13
2812	15
2813	15
2814	11
2815	18
2816	26
2817	15
2818	16
2819	18
2820	12
2821	8
2822	20
2823	17
2824	12
2825	18
2826	15
2827	22
2828	13
2829	14
2830	19
2831	15
2832	9
2833	10
2834	18
2835	12
2836	18
2837	12
2838	18
2839	15
2840	13
2841	14
2842	15
2843	12
2844	15
2845	14
2846	14
2847	11
2848	13
2849	14
2850	17
2851	9
2852	15
2853	18
2854	14
2855	22
2856	22
2857	19
2858	12
2859	12
2860	18
2861	13
2862	12
2863	23
2864	15
2865	14
2866	15
2867	12
2868	10
2869	14
2870	16
2871	12
2872	13
2873	14
2874	14
2875	22
2876	20
2877	10
2878	8
2879	18
2880	17
2881	17
2882	12
2883	16
2884	21
2885	19
2886	11
2887	13
2888	13
2889	18
2890	19
2891	24
2892	17
2893	16
2894	10
2895	16
2896	8
2897	9
2898	14
2899	17
2900	12
2901	20
2902	16
2903	18
2904	17
2905	13
2906	24
2907	14
2908	13
2909	19
2910	17
2911	15
2912	14
2913	15
2914	15
2915	8
2916	11
2917	15
2918	20
2919	19
2920	16
2921	24
2922	18
2923	14
2924	15
2925	15
2926	12
2927	14
2928	15
2929	9
2930	20
2931	6
2932	13
2933	12
2934	16
2935	17
2936	9
2937	12
2938	17
2939	9
2940	20
2941	17
2942	11
2943	15
2944	10
2945	11
2946	11
2947	20
2948	19
2949	15
2950	11
2951	20
2952	13
2953	15
2954	13
2955	9
2956	20
2957	17
2958	16
2959	19
2960	13
2961	18
2962	12
2963	19
2964	11
2965	16
2966	11
2967	13
2968	9
2969	7
2970	21
2971	16
2972	5
2973	13
2974	12
2975	11
2976	17
2977	14
2978	16
2979	16
2980	14
2981	12
2982	15
2983	13
2984	12
2985	14
2986	20
2987	9
2988	15
2989	15
2990	19
2991	10
2992	12
2993	18
2994	12
2995	12
2996	18
2997	13
2998	15
2999	11
3000	6
3001	15
3002	13
3003	16
3004	11
3005	17
3006	17
3007	17
3008	18
3009	15
3010	15
3011	12
3012	19
3013	12
3014	15
3015	15
3016	14
3017	17
3018	13
3019	14
3020	16
3021	14
3022	15
3023	20
3024	15
3025	12
3026	13
3027	9
3028	13
3029	14
3030	13
3031	14
3032	16
3033	15
3034	12
3035	16
3036	15
3037	10
3038	10
3039	9
3040	14
3041	15
3042	13
3043	12
3044	14
3045	13
3046	14
3047	12
3048	15
3049	10
3050	16
3051	8
3052	9
3053	18
3054	15
3055	9
3056	19
3057	13
3058	12
3059	10
3060	8
3061	14
3062	17
3063	9
3064	13
3065	16
3066	13
3067	14
3068	13
3069	11
3070	21
3071	13
3072	9
3073	12
3074	17
3075	10
3076	15
3077	10
3078	15
3079	12
3080	12
3081	15
3082	11
3083	18
3084	18
3085	16
3086	10
3087	18
3088	16
3089	9
3090	14
3091	9
3092	17
3093	15
3094	10
3095	17
3096	13
3097	13
3098	15
3099	10
3100	8
3101	19
3102	25
3103	20
3104	18
3105	15
3106	11
3107	14
3108	15
3109	17
3110	16
3111	11
3112	13
3113	9
3114	14
3115	10
3116	13
3117	13
3118	12
3119	16
3120	15
3121	17
3122	17
3123	12
3124	13
3125	12
3126	10
3127	10
3128	9
3129	13
3130	11
3131	12
3132	19
3133	21
3134	15
3135	12
3136	15
3137	18
3138	9
3139	20
3140	17
3141	13
3142	15
3143	12
3144	12
3145	13
3146	13
3147	15
3148	16
3149	12
3150	8
3151	10
3152	10
3153	11
3154	11
3155	10
3156	15
3157	23
3158	10
3159	22
3160	9
3161	13
3162	11
3163	14
3164	13
3165	18
3166	16
3167	10
3168	4
3169	15
3170	9
3171	11
3172	12
3173	15
3174	15
3175	11
3176	18
3177	11
3178	10
3179	19
3180	22
3181	15
3182	11
3183	11
3184	20
3185	10
3186	12
3187	15
3188	17
3189	20
3190	19
3191	20
3192	11
3193	13
3194	13
3195	9
3196	15
3197	20
3198	13
3199	11
3200	11
3201	17
3202	15
3203	11
3204	12
3205	17
3206	13
3207	7
3208	12
3209	15
3210	10
3211	13
3212	7
3213	8
3214	17
3215	18
3216	15
3217	16
3218	13
3219	9
3220	19
3221	18
3222	13
3223	9
3224	11
3225	12
3226	9
3227	15
3228	24
3229	11
3230	9
3231	18
3232	10
3233	15
3234	4
3235	12
3236	15
3237	12
3238	11
3239	9
3240	10
3241	6
3242	10
3243	10
3244	12
3245	17
3246	13
3247	19
3248	6
3249	12
3250	15
3251	10
3252	11
3253	13
3254	9
3255	13
3256	13
3257	11
3258	17
3259	15
3260	17
3261	6
3262	9
3263	13
3264	11
3265	13
3266	12
3267	15
3268	13
3269	10
3270	16
3271	7
3272	15
3273	12
3274	12
3275	11
3276	14
3277	10
3278	13
3279	9
3280	10
3281	17
3282	15
3283	10
3284	11
3285	16
3286	12
3287	9
3288	14
3289	14
3290	11
3291	16
3292	11
3293	14
3294	9
3295	10
3296	12
3297	9
3298	8
3299	21
3300	9
3301	9
3302	20
3303	10
3304	18
3305	10
3306	11
3307	9
3308	15
3309	9
3310	9
3311	18
3312	12
3313	9
3314	11
3315	10
3316	13
3317	12
3318	11
3319	16
3320	12
3321	12
3322	14
3323	13
3324	7
3325	12
3326	7
3327	12
3328	10
3329	17
3330	15
3331	18
3332	10
3333	14
3334	12
3335	12
3336	13
3337	7
3338	16
3339	8
3340	9
3341	14
3342	11
3343	9
3344	16
3345	10
3346	9
3347	8
3348	11
3349	8
3350	14
3351	12
3352	15
3353	10
3354	15
3355	10
3356	6
3357	9
3358	13
3359	10
3360	6
3361	10
3362	11
3363	11
3364	11
3365	11
3366	16
3367	7
3368	20
3369	14
3370	8
3371	19
3372	13
3373	12
3374	14
3375	10
3376	13
3377	14
3378	7
3379	9
3380	12
3381	8
3382	14
3383	8
3384	11
3385	10
3386	9
3387	10
3388	12
3389	10
3390	14
3391	10
3392	11
3393	15
3394	16
3395	14
3396	16
3397	6
3398	15
3399	8
3400	12
3401	7
3402	13
3403	10
3404	4
3405	11
3406	13
3407	12
3408	10
3409	7
3410	8
3411	11
3412	10
3413	9
3414	11
3415	13
3416	10
3417	12
3418	9
3419	13
3420	11
3421	7
3422	12
3423	11
3424	8
3425	19
3426	6
3427	3
3428	14
3429	13
3430	12
3431	9
3432	15
3433	7
3434	11
3435	17
3436	10
3437	8
3438	9
3439	7
3440	12
3441	11
3442	10
3443	12
3444	13
3445	10
3446	12
3447	5
3448	8
3449	12
3450	21
3451	9
3452	6
3453	20
3454	14
3455	11
3456	11
3457	8
3458	12
3459	16
3460	13
3461	16
3462	14
3463	7
3464	8
3465	14
3466	14
3467	11
3468	13
3469	16
3470	11
3471	6
3472	8
3473	11
3474	17
3475	14
3476	12
3477	6
3478	10
3479	9
3480	19
3481	14
3482	9
3483	11
3484	24
3485	10
3486	15
3487	8
3488	16
3489	8
3490	5
3491	7
3492	13
3493	5
3494	9
3495	14
3496	7
3497	17
3498	11
3499	10
3500	16
3501	7
3502	13
3503	11
3504	5
3505	8
3506	10
3507	8
3508	12
3509	7
3510	3
3511	12
3512	11
3513	11
3514	13
3515	8
3516	10
3517	11
3518	13
3519	10
3520	10
3521	13
3522	15
3523	17
3524	10
3525	10
3526	9
3527	9
3528	9
3529	12
3530	7
3531	8
3532	7
3533	8
3534	13
3535	10
3536	18
3537	17
3538	14
3539	13
3540	11
3541	11
3542	10
3543	9
3544	13
3545	14
3546	10
3547	8
3548	9
3549	11
3550	7
3551	13
3552	6
3553	15
3554	13
3555	7
3556	11
3557	5
3558	10
3559	8
3560	9
3561	3
3562	14
3563	19
3564	8
3565	10
3566	18
3567	9
3568	14
3569	18
3570	14
3571	12
3572	13
3573	11
3574	12
3575	8
3576	10
3577	10
3578	8
3579	15
3580	8
3581	9
3582	9
3583	14
3584	6
3585	9
3586	13
3587	15
3588	9
3589	8
3590	12
3591	9
3592	20
3593	8
3594	8
3595	11
3596	10
3597	12
3598	11
3599	10
3600	3
3601	9
3602	12
3603	12
3604	11
3605	9
3606	8
3607	4
3608	9
3609	15
3610	13
3611	14
3612	6
3613	14
3614	6
3615	5
3616	12
3617	11
3618	10
3619	10
3620	12
3621	11
3622	9
3623	7
3624	8
3625	10
3626	14
3627	11
3628	11
3629	9
3630	10
3631	12
3632	9
3633	12
3634	9
3635	15
3636	9
3637	10
3638	10
3639	15
3640	6
3641	10
3642	5
3643	17
3644	14
3645	9
3646	14
3647	9
3648	14
3649	19
3650	9
3651	12
3652	10
3653	8
3654	8
3655	10
3656	11
3657	12
3658	15
3659	8
3660	16
3661	11
3662	10
3663	21
3664	13
3665	14
3666	11
3667	6
3668	10
3669	13
3670	11
3671	13
3672	15
3673	15
3674	10
3675	12
3676	9
3677	8
3678	15
3679	9
3680	10
3681	14
3682	16
3683	16
3684	10
3685	8
3686	13
3687	11
3688	13
3689	12
3690	13
3691	9
3692	13
3693	13
3694	7
3695	10
3696	11
3697	8
3698	11
3699	9
3700	8
3701	10
3702	12
3703	15
3704	10
3705	14
3706	14
3707	8
3708	9
3709	12
3710	13
3711	11
3712	12
3713	8
3714	8
3715	16
3716	11
3717	11
3718	15
3719	13
3720	12
3721	13
3722	9
3723	10
3724	14
3725	10
3726	13
3727	9
3728	14
3729	14
3730	8
3731	15
3732	8
3733	13
3734	11
3735	9
3736	13
3737	15
3738	15
3739	5
3740	8
3741	6
3742	11
3743	13
3744	8
3745	10
3746	14
3747	10
3748	11
3749	13
3750	12
3751	8
3752	9
3753	11
3754	22
3755	7
3756	6
3757	9
3758	8
3759	15
3760	5
3761	5
3762	15
3763	8
3764	9
3765	11
3766	12
3767	12
3768	10
3769	15
3770	9
3771	12
3772	5
3773	5
3774	9
3775	7
3776	14
3777	9
3778	7
3779	12
3780	6
3781	15
3782	8
3783	10
3784	14
3785	14
3786	12
3787	14
3788	17
3789	11
3790	5
3791	10
3792	14
3793	8
3794	9
3795	7
3796	19
3797	10
3798	18
3799	12
3800	11
3801	8
3802	11
3803	8
3804	10
3805	13
3806	8
3807	9
3808	9
3809	8
3810	10
3811	3
3812	11
3813	16
3814	11
3815	7
3816	11
3817	15
3818	13
3819	11
3820	10
3821	13
3822	8
3823	18
3824	8
3825	14
3826	11
3827	9
3828	10
3829	8
3830	9
3831	7
3832	11
3833	14
3834	12
3835	14
3836	10
3837	9
3838	3
3839	5
3840	15
3841	5
3842	12
3843	12
3844	15
3845	8
3846	12
3847	7
3848	16
3849	8
3850	13
3851	9
3852	8
3853	18
3854	10
3855	16
3856	13
3857	9
3858	13
3859	6
3860	14
3861	17
3862	11
3863	11
3864	8
3865	7
3866	13
3867	9
3868	13
3869	11
3870	9
3871	9
3872	15
3873	5
3874	12
3875	11
3876	5
3877	6
3878	10
3879	12
3880	8
3881	17
3882	11
3883	6
3884	13
3885	11
3886	10
3887	6
3888	9
3889	9
3890	11
3891	12
3892	9
3893	11
3894	11
3895	8
3896	11
3897	15
3898	8
3899	7
3900	4
3901	6
3902	9
3903	6
3904	8
3905	12
3906	15
3907	10
3908	11
3909	8
3910	14
3911	12
3912	16
3913	12
3914	17
3915	11
3916	15
3917	15
3918	11
3919	11
3920	12
3921	11
3922	14
3923	10
3924	13
3925	9
3926	10
3927	8
3928	7
3929	10
3930	14
3931	16
3932	12
3933	19
3934	8
3935	7
3936	11
3937	9
3938	8
3939	18
3940	7
3941	6
3942	10
3943	7
3944	11
3945	14
3946	13
3947	14
3948	13
3949	8
3950	11
3951	12
3952	11
3953	4
3954	16
3955	11
3956	8
3957	10
3958	10
3959	12
3960	15
3961	10
3962	17
3963	15
3964	7
3965	16
3966	12
3967	14
3968	15
3969	8
3970	15
3971	7
3972	9
3973	14
3974	9
3975	8
3976	11
3977	8
3978	6
3979	15
3980	8
3981	16
3982	7
3983	15
3984	4
3985	8
3986	11
3987	12
3988	7
3989	15
3990	17
3991	5
3992	11
3993	11
3994	8
3995	3
3996	17
3997	15
3998	12
3999	15
4000	8
4001	11
4002	10
4003	14
4004	7
4005	15
4006	12
4007	12
4008	19
4009	9
4010	18
4011	12
4012	9
4013	8
4014	11
4015	10
4016	6
4017	11
4018	11
4019	6
4020	9
4021	12
4022	15
4023	10
4024	15
4025	14
4026	9
4027	14
4028	11
4029	12
4030	4
4031	10
4032	13
4033	16
4034	2
4035	12
4036	14
4037	11
4038	12
4039	16
4040	12
4041	12
4042	15
4043	9
4044	12
4045	16
4046	9
4047	13
4048	14
4049	12
4050	12
4051	15
4052	14
4053	8
4054	9
4055	18
4056	12
4057	14
4058	13
4059	9
4060	9
4061	17
4062	10
4063	6
4064	6
4065	14
4066	15
4067	13
4068	9
4069	12
4070	8
4071	7
4072	13
4073	9
4074	15
4075	15
4076	17
4077	12
4078	9
4079	10
4080	12
4081	8
4082	11
4083	13
4084	10
4085	10
4086	10
4087	22
4088	7
4089	12
4090	12
4091	6
4092	9
4093	10
4094	12
4095	16
4096	22
4097	14
4098	11
4099	6
4100	10
4101	11
4102	16
4103	17
4104	11
4105	11
4106	12
4107	7
4108	12
4109	12
4110	11
4111	7
4112	16
4113	9
4114	8
4115	17
4116	19
4117	12
4118	11
4119	15
4120	6
4121	16
4122	15
4123	10
4124	22
4125	7
4126	11
4127	7
4128	15
4129	16
4130	12
4131	9
4132	11
4133	18
4134	4
4135	16
4136	14
4137	20
4138	13
4139	8
4140	11
4141	11
4142	9
4143	13
4144	12
4145	20
4146	16
4147	14
4148	10
4149	4
4150	19
4151	13
4152	15
4153	13
4154	8
4155	14
4156	15
4157	9
4158	13
4159	16
4160	8
4161	8
4162	12
4163	15
4164	12
4165	6
4166	6
4167	16
4168	6
4169	10
4170	11
4171	7
4172	11
4173	18
4174	10
4175	16
4176	6
4177	13
4178	8
4179	9
4180	5
4181	18
4182	18
4183	9
4184	10
4185	12
4186	13
4187	10
4188	14
4189	13
4190	10
4191	5
4192	14
4193	9
4194	14
4195	9
4196	9
4197	15
4198	18
4199	16
4200	7
4201	11
4202	16
4203	9
4204	7
4205	11
4206	14
4207	13
4208	17
4209	7
4210	13
4211	14
4212	15
4213	10
4214	15
4215	12
4216	6
4217	15
4218	14
4219	15
4220	11
4221	12
4222	12
4223	11
4224	12
4225	18
4226	9
4227	9
4228	13
4229	11
4230	12
4231	6
4232	14
4233	14
4234	14
4235	23
4236	13
4237	11
4238	10
4239	10
4240	15
4241	10
4242	4
4243	10
4244	12
4245	13
4246	17
4247	11
4248	14
4249	9
4250	17
4251	9
4252	15
4253	6
4254	14
4255	11
4256	15
4257	9
4258	18
4259	11
4260	13
4261	11
4262	15
4263	11
4264	9
4265	12
4266	10
4267	15
4268	15
4269	13
4270	13
4271	12
4272	8
4273	23
4274	13
4275	12
4276	16
4277	12
4278	12
4279	12
4280	11
4281	7
4282	10
4283	13
4284	16
4285	11
4286	15
4287	15
4288	16
4289	9
4290	18
4291	14
4292	7
4293	12
4294	16
4295	11
4296	11
4297	14
4298	8
4299	8
4300	17
4301	8
4302	12
4303	18
4304	9
4305	11
4306	16
4307	16
4308	10
4309	8
4310	18
4311	9
4312	15
4313	11
4314	15
4315	8
4316	11
4317	14
4318	7
4319	15
4320	14
4321	14
4322	16
4323	9
4324	17
4325	8
4326	15
4327	11
4328	22
4329	13
4330	20
4331	17
4332	13
4333	14
4334	11
4335	8
4336	15
4337	18
4338	14
4339	10
4340	11
4341	12
4342	15
4343	4
4344	4
4345	17
4346	15
4347	13
4348	10
4349	20
4350	16
4351	23
4352	15
4353	13
4354	17
4355	9
4356	15
4357	14
4358	13
4359	17
4360	11
4361	13
4362	14
4363	14
4364	11
4365	9
4366	14
4367	16
4368	16
4369	11
4370	8
4371	15
4372	17
4373	16
4374	18
4375	7
4376	11
4377	16
4378	19
4379	10
4380	13
4381	18
4382	18
4383	17
4384	18
4385	14
4386	10
4387	12
4388	12
4389	8
4390	14
4391	12
4392	17
4393	15
4394	15
4395	12
4396	12
4397	10
4398	13
4399	13
4400	14
4401	9
4402	18
4403	14
4404	20
4405	13
4406	13
4407	19
4408	16
4409	14
4410	15
4411	15
4412	19
4413	12
4414	6
4415	18
4416	10
4417	17
4418	10
4419	11
4420	14
4421	11
4422	9
4423	14
4424	15
4425	16
4426	10
4427	11
4428	20
4429	18
4430	17
4431	13
4432	13
4433	15
4434	10
4435	13
4436	10
4437	18
4438	11
4439	17
4440	9
4441	12
4442	14
4443	10
4444	16
4445	15
4446	16
4447	13
4448	17
4449	12
4450	18
4451	22
4452	12
4453	16
4454	16
4455	13
4456	6
4457	13
4458	18
4459	15
4460	14
4461	19
4462	17
4463	18
4464	15
4465	19
4466	18
4467	18
4468	15
4469	15
4470	16
4471	17
4472	19
4473	14
4474	11
4475	12
4476	11
4477	12
4478	18
4479	16
4480	14
4481	16
4482	19
4483	13
4484	14
4485	22
4486	19
4487	23
4488	22
4489	23
4490	17
4491	20
4492	17
4493	15
4494	14
4495	17
4496	13
4497	14
4498	15
4499	16
4500	21
4501	11
4502	18
4503	21
4504	16
4505	24
4506	11
4507	14
4508	13
4509	18
4510	16
4511	19
4512	14
4513	14
4514	22
4515	30
4516	13
4517	16
4518	14
4519	18
4520	14
4521	24
4522	24
4523	15
4524	12
4525	17
4526	17
4527	18
4528	22
4529	22
4530	26
4531	22
4532	18
4533	19
4534	19
4535	22
4536	17
4537	18
4538	22
4539	13
4540	22
4541	14
4542	15
4543	15
4544	20
4545	18
4546	17
4547	22
4548	18
4549	26
4550	16
4551	22
4552	18
4553	23
4554	20
4555	18
4556	18
4557	23
4558	19
4559	18
4560	19
4561	17
4562	22
4563	21
4564	19
4565	25
4566	23
4567	16
4568	15
4569	24
4570	17
4571	16
4572	11
4573	22
4574	17
4575	23
4576	21
4577	23
4578	21
4579	20
4580	10
4581	26
4582	21
4583	29
4584	21
4585	19
4586	23
4587	21
4588	20
4589	19
4590	17
4591	14
4592	18
4593	16
4594	19
4595	21
4596	25
4597	17
4598	23
4599	16
4600	16
4601	13
4602	24
4603	28
4604	26
4605	19
4606	26
4607	21
4608	18
4609	17
4610	22
4611	15
4612	19
4613	18
4614	29
4615	15
4616	24
4617	25
4618	28
4619	29
4620	20
4621	16
4622	22
4623	19
4624	20
4625	30
4626	18
4627	16
4628	22
4629	25
4630	16
4631	19
4632	23
4633	27
4634	21
4635	21
4636	25
4637	25
4638	40
4639	22
4640	16
4641	27
4642	21
4643	19
4644	15
4645	28
4646	28
4647	28
4648	23
4649	18
4650	18
4651	22
4652	18
4653	17
4654	25
4655	28
4656	20
4657	24
4658	29
4659	25
4660	25
4661	19
4662	28
4663	17
4664	18
4665	22
4666	27
4667	20
4668	24
4669	31
4670	25
4671	24
4672	18
4673	25
4674	27
4675	20
4676	23
4677	20
4678	28
4679	19
4680	18
4681	21
4682	27
4683	19
4684	19
4685	19
4686	25
4687	22
4688	27
4689	20
4690	23
4691	21
4692	27
4693	21
4694	24
4695	25
4696	18
4697	34
4698	21
4699	15
4700	20
4701	12
4702	23
4703	20
4704	19
4705	24
4706	19
4707	15
4708	23
4709	22
4710	22
4711	26
4712	23
4713	28
4714	23
4715	17
4716	21
4717	18
4718	24
4719	21
4720	16
4721	29
4722	11
4723	20
4724	12
4725	24
4726	20
4727	32
4728	12
4729	24
4730	22
4731	17
4732	22
4733	21
4734	21
4735	21
4736	18
4737	16
4738	18
4739	27
4740	18
4741	16
4742	18
4743	19
4744	19
4745	16
4746	32
4747	19
4748	19
4749	10
4750	18
4751	23
4752	19
4753	23
4754	21
4755	16
4756	24
4757	16
4758	17
4759	24
4760	26
4761	22
4762	17
4763	17
4764	17
4765	18
4766	18
4767	15
4768	14
4769	20
4770	25
4771	19
4772	18
4773	21
4774	18
4775	11
4776	22
4777	14
4778	19
4779	15
4780	14
4781	17
4782	22
4783	23
4784	20
4785	16
4786	17
4787	11
4788	17
4789	19
4790	16
4791	25
4792	17
4793	19
4794	18
4795	20
4796	8
4797	15
4798	18
4799	19
4800	22
4801	16
4802	13
4803	13
4804	17
4805	14
4806	18
4807	13
4808	10
4809	20
4810	19
4811	12
4812	7
4813	17
4814	19
4815	15
4816	14
4817	16
4818	12
4819	9
4820	15
4821	16
4822	25
4823	14
4824	13
4825	18
4826	15
4827	14
4828	16
4829	18
4830	9
4831	17
4832	11
4833	16
4834	15
4835	16
4836	11
4837	11
4838	11
4839	20
4840	22
4841	13
4842	10
4843	11
4844	15
4845	18
4846	17
4847	13
4848	11
4849	17
4850	8
4851	13
4852	19
4853	12
4854	12
4855	17
4856	8
4857	12
4858	13
4859	12
4860	6
4861	12
4862	13
4863	13
4864	8
4865	8
4866	13
4867	11
4868	18
4869	5
4870	13
4871	7
4872	8
4873	14
4874	13
4875	11
4876	11
4877	4
4878	9
4879	12
4880	11
4881	15
4882	6
4883	14
4884	9
4885	5
4886	5
4887	8
4888	7
4889	9
4890	13
4891	9
4892	9
4893	11
4894	3
4895	5
4896	9
4897	4
4898	10
4899	8
4900	6
4901	13
4902	5
4903	8
4904	9
4905	10
4906	8
4907	6
4908	6
4909	8
4910	7
4911	9
4912	3
4913	6
4914	7
4915	8
4916	7
4917	8
4918	8
4919	9
4920	7
4921	11
4922	6
4923	9
4924	7
4925	8
4926	17
4927	6
4928	6
4929	8
4930	4
4931	9
4932	9
4933	8
4934	3
4935	8
4936	8
4937	5
4938	9
4939	7
4940	2
4941	7
4942	4
4943	5
4944	2
4945	3
4946	4
4947	3
4948	10
4949	3
4950	4
4951	8
4952	6
4953	3
4954	4
4955	9
4956	5
4957	5
4958	2
4959	3
4960	5
4961	4
4962	4
4963	9
4964	1
4965	3
4966	2
4967	3
4968	2
4969	7
4970	3
4971	3
4972	4
4973	4
4974	5
4975	3
4976	1
4977	6
4978	4
4979	2
4980	2
4981	1
4982	4
4983	0
4984	3
4985	2
4986	4
4987	2
4988	5
4989	1
4990	5
4991	4
4992	1
4993	3
4994	1
4995	1
4996	3
4997	2
4998	2
4999	2
5000	2
5001	1
5002	0
5003	2
5004	1
5005	4
5006	1
5007	3
5008	1
5009	1
5010	3
5011	1
5012	0
5013	3
5014	1
5015	2
5016	2
5017	2
5018	0
5019	0
5020	5
5021	2
5022	1
5023	3
5024	4
5025	1
5026	1
5027	3
5028	2
5029	1
5030	1
5031	1
5032	1
5033	2
5034	1
5035	4
5036	3
5037	3
5038	0
5039	2
5040	1
5041	2
5042	1
5043	0
5044	2
5045	4
5046	2
5047	1
5048	3
5049	1
5050	0
5051	0
5052	1
5053	1
5054	1
5055	3
5056	2
5057	1
5058	3
5059	3
5060	3
5061	0
5062	1
5063	2
5064	0
5065	2
5066	2
5067	0
5068	2
5069	0
5070	0
5071	1
5072	1
5073	2
5074	2
5075	3
5076	0
5077	2
5078	0
5079	1
5080	0
5081	1
5082	2
5083	3
5084	2
5085	0
5086	1
5087	2
5088	1
5089	0
5090	1
5091	0
5092	2
5093	2
5094	0
5095	1
5096	0
5097	1
5098	0
5099	0
5100	1
5101	1
5102	0
5103	2
5104	1
5105	2
5106	0
5107	1
5108	0
5109	2
5110	1
5111	2
5112	0
5113	1
5114	0
5115	0
5116	0
5117	1
5118	1
5119	1
5120	1
5121	0
5122	0
5123	0
5124	1
5125	1
5126	0
5127	1
5128	1
5129	2
5130	3
5131	1
5132	0
5133	1
5134	0
5135	1
5136	1
5137	2
5138	0
5139	2
5140	2
5141	0
5142	1
5143	0
5144	1
5145	0
5146	0
5147	1
5148	1
5149	1
5150	1
5151	0
5152	0
5153	0
5154	0
5155	0
5156	0
5157	0
5158	1
5159	0
5160	0
5161	1
5162	0
5163	0
5164	1
5165	0
5166	2
5167	0
5168	0
5169	1
5170	0
5171	1
5172	0
5173	0
5174	0
5175	1
5176	3
5177	2
5178	1
5179	0
5180	0
5181	0
5182	0
5183	0
5184	0
5185	1
5186	0
5187	0
5188	0
5189	1
5190	2
5191	0
5192	1
5193	0
5194	0
5195	0
5196	1
5197	1
5198	1
5199	1
5200	1
5201	0
5202	1
5203	1
5204	2
5205	1
5206	5
5207	2
5208	0
5209	0
5210	1
5211	0
5212	0
5213	0
5214	0
5215	0
5216	0
5217	0
5218	0
5219	3
5220	1
5221	1
5222	0
5223	0
5224	2
5225	2
5226	0
5227	0
5228	1
5229	0
5230	1
5231	1
5232	0
5233	0
5234	0
5235	1
5236	0
5237	0
5238	0
5239	1
5240	0
5241	0
5242	0
5243	0
5244	0
5245	0
5246	1
5247	2
5248	1
5249	1
5250	0
5251	1
5252	0
5253	1
5254	0
5255	2
5256	0
5257	2
5258	2
5259	0
5260	0
5261	1
5262	1
5263	0
5264	0
5265	0
5266	0
5267	1
5268	0
5269	1
5270	0
5271	0
5272	0
5273	0
5274	0
5275	0
5276	0
5277	0
5278	0
5279	1
5280	0
5281	0
5282	2
5283	1
5284	0
5285	1
5286	0
5287	1
5288	2
5289	1
5290	0
5291	0
5292	0
5293	0
5294	0
5295	0
5296	3
5297	0
5298	0
5299	1
5300	1
5301	1
5302	0
5303	1
5304	1
5305	0
5306	2
5307	2
5308	2
5309	1
5310	0
5311	0
5312	0
5313	0
5314	1
5315	0
5316	0
5317	0
5318	1
5319	0
5320	3
5321	0
5322	1
5323	1
5324	0
5325	0
5326	1
5327	0
5328	0
5329	0
5330	0
5331	0
5332	3
5333	1
5334	3
5335	0
5336	1
5337	0
5338	0
5339	1
5340	0
5341	1
5342	1
5343	0
5344	0
5345	1
5346	0
5347	0
5348	0
5349	0
5350	1
5351	0
5352	1
5353	0
5354	0
5355	1
5356	0
5357	1
5358	0
5359	0
5360	0
5361	1
5362	0
5363	2
5364	1
5365	1
5366	2
5367	0
5368	0
5369	1
5370	0
5371	0
5372	0
5373	0
5374	1
5375	0
5376	0
5377	0
5378	2
5379	2
5380	0
5381	0
5382	0
5383	0
5384	0
5385	0
5386	0
5387	2
5388	1
5389	0
5390	0
5391	0
5392	0
5393	0
5394	0
5395	1
5396	1
5397	1
5398	0
5399	0
5400	0
5401	0
5402	0
5403	0
5404	1
5405	0
5406	1
5407	0
5408	1
5409	0
5410	0
5411	0
5412	1
5413	0
5414	0
5415	0
5416	2
5417	1
5418	1
5419	0
5420	0
5421	0
5422	1
5423	0
5424	1
5425	0
5426	0
5427	0
5428	0
5429	2
5430	0
5431	1
5432	0
5433	1
5434	0
5435	1
5436	0
5437	1
5438	0
5439	0
5440	0
5441	1
5442	1
5443	0
5444	0
5445	0
5446	0
5447	0
5448	0
5449	0
5450	1
5451	0
5452	0
5453	0
5454	0
5455	0
5456	2
5457	0
5458	1
5459	0
5460	1
5461	0
5462	0
5463	0
5464	1
5465	0
5466	0
5467	0
5468	2
5469	0
5470	0
5471	1
5472	0
5473	0
5474	0
5475	0
5476	3
5477	0
5478	0
5479	1
5480	0
5481	0
5482	0
5483	1
5484	0
5485	2
5486	0
5487	0
5488	1
5489	1
5490	1
5491	0
5492	0
5493	0
5494	1
5495	0
5496	1
5497	1
5498	0
5499	0
5500	0
5501	0
5502	0
5503	0
5504	0
5505	1
5506	1
5507	0
5508	1
5509	0
5510	0
5511	0
5512	1
5513	2
5514	1
5515	0
5516	2
5517	1
5518	0
5519	0
5520	2
5521	0
5522	1
5523	0
5524	1
5525	0
5526	0
5527	2
5528	0
5529	1
5530	0
5531	0
5532	0
5533	2
5534	2
5535	0
5536	0
5537	2
5538	1
5539	0
5540	1
5541	0
5542	0
5543	0
5544	1
5545	0
5546	2
5547	2
5548	0
5549	1
5550	0
5551	1
5552	0
5553	0
5554	0
5555	1
5556	0
5557	0
5558	2
5559	0
5560	1
5561	0
5562	1
5563	0
5564	1
5565	0
5566	0
5567	1
5568	0
5569	0
5570	0
5571	0
5572	0
5573	1
5574	0
5575	0
5576	0
5577	0
5578	0
5579	0
5580	2
5581	1
5582	1
5583	0
5584	1
5585	0
5586	0
5587	0
5588	0
5589	1
5590	0
5591	1
5592	1
5593	0
5594	0
5595	1
5596	1
5597	1
5598	0
5599	0
5600	0
5601	0
5602	1
5603	0
5604	0
5605	0
5606	1
5607	0
5608	0
5609	1
5610	2
5611	2
5612	1
5613	1
5614	0
5615	1
5616	1
5617	1
5618	0
5619	1
5620	0
5621	0
5622	1
5623	2
5624	1
5625	0
5626	3
5627	0
5628	0
5629	1
5630	0
5631	2
5632	0
5633	1
5634	0
5635	0
5636	1
5637	0
5638	1
5639	0
5640	1
5641	0
5642	0
5643	0
5644	0
5645	0
5646	0
5647	1
5648	1
5649	1
5650	3
5651	0
5652	2
5653	0
5654	0
5655	0
5656	0
5657	1
5658	0
5659	1
5660	1
5661	0
5662	1
5663	0
5664	1
5665	0
5666	0
5667	1
5668	0
5669	0
5670	0
5671	2
5672	0
5673	0
5674	3
5675	0
5676	0
5677	0
5678	0
5679	1
5680	1
5681	0
5682	0
5683	0
5684	1
5685	1
5686	1
5687	0
5688	0
5689	1
5690	0
5691	0
5692	0
5693	0
5694	0
5695	0
5696	0
5697	0
5698	0
5699	0
5700	0
5701	2
5702	2
5703	1
5704	1
5705	1
5706	0
5707	1
5708	0
5709	0
5710	1
5711	0
5712	0
5713	0
5714	2
5715	0
5716	0
5717	1
5718	0
5719	0
5720	2
5721	0
5722	0
5723	0
5724	0
5725	1
5726	0
5727	0
5728	0
5729	0
5730	0
5731	0
5732	0
5733	0
5734	0
5735	1
5736	0
5737	0
5738	0
5739	2
5740	0
5741	0
5742	0
5743	0
5744	1
5745	0
5746	3
5747	1
5748	0
5749	1
5750	0
5751	0
5752	0
5753	0
5754	1
5755	0
5756	1
5757	0
5758	0
5759	0
5760	2
5761	0
5762	0
5763	0
5764	1
5765	0
5766	0
5767	0
5768	2
5769	2
5770	0
5771	0
5772	1
5773	1
5774	0
5775	0
5776	0
5777	0
5778	0
5779	1
5780	0
5781	0
5782	0
5783	0
5784	0
5785	1
5786	0
5787	0
5788	0
5789	0
5790	0
5791	0
5792	1
5793	0
5794	0
5795	0
5796	1
5797	1
5798	1
5799	0
5800	2
5801	2
5802	0
5803	1
5804	0
5805	1
5806	0
5807	2
5808	1
5809	0
5810	0
5811	1
5812	0
5813	0
5814	0
5815	2
5816	1
5817	0
5818	0
5819	0
5820	0
5821	1
5822	0
5823	2
5824	1
5825	0
5826	0
5827	1
5828	1
5829	0
5830	0
5831	0
5832	0
5833	0
5834	0
5835	0
5836	1
5837	0
5838	0
5839	2
5840	0
5841	1
5842	1
5843	0
5844	1
5845	0
5846	0
5847	0
5848	1
5849	1
5850	1
5851	1
5852	1
5853	2
5854	1
5855	0
5856	0
5857	1
5858	0
5859	0
5860	0
5861	1
5862	1
5863	0
5864	1
5865	0
5866	1
5867	0
5868	1
5869	2
5870	0
5871	0
5872	0
5873	0
5874	0
5875	0
5876	0
5877	0
5878	0
5879	1
5880	0
5881	0
5882	1
5883	0
5884	0
5885	0
5886	0
5887	0
5888	1
5889	1
5890	0
5891	0
5892	2
5893	0
5894	0
5895	0
5896	0
5897	0
5898	2
5899	0
5900	0
5901	0
5902	0
5903	1
5904	0
5905	0
5906	0
5907	0
5908	0
5909	1
5910	0
5911	1
5912	0
5913	0
5914	0
5915	0
5916	0
5917	0
5918	0
5919	0
5920	0
5921	0
5922	0
5923	0
5924	0
5925	0
5926	0
5927	0
5928	0
5929	1
5930	1
5931	0
5932	0
5933	0
5934	1
5935	0
5936	1
5937	0
5938	1
5939	1
5940	1
5941	0
5942	0
5943	1
5944	0
5945	0
5946	0
5947	1
5948	1
5949	0
5950	0
5951	0
5952	0
5953	0
5954	0
5955	1
5956	0
5957	0
5958	0
5959	2
5960	1
5961	0
5962	0
5963	1
5964	1
5965	0
5966	0
5967	1
5968	1
5969	0
5970	1
5971	0
5972	1
5973	0
5974	0
5975	1
5976	0
5977	0
5978	0
5979	0
5980	0
5981	0
5982	0
5983	2
5984	0
5985	1
5986	0
5987	0
5988	0
5989	0
5990	3
5991	0
5992	0
5993	0
5994	0
5995	0
5996	2
5997	1
5998	0
5999	1
6000	0
6001	0
6002	0
6003	2
6004	1
6005	0
6006	1
6007	0
6008	1
6009	0
6010	0
6011	1
6012	0
6013	0
6014	0
6015	1
6016	2
6017	1
6018	0
6019	0
6020	0
6021	0
6022	0
6023	0
6024	1
6025	0
6026	0
6027	0
6028	0
6029	0
6030	0
6031	1
6032	0
6033	0
6034	1
6035	0
6036	0
6037	1
6038	0
6039	2
6040	1
6041	2
6042	1
6043	1
6044	0
6045	0
6046	0
6047	1
6048	0
6049	0
6050	1
6051	1
6052	1
6053	1
6054	2
6055	0
6056	3
6057	0
6058	0
6059	0
6060	1
6061	0
6062	0
6063	0
6064	0
6065	0
6066	0
6067	0
6068	1
6069	0
6070	0
6071	2
6072	1
6073	0
6074	0
6075	0
6076	2
6077	0
6078	2
6079	0
6080	0
6081	1
6082	0
6083	0
6084	0
6085	0
6086	0
6087	1
6088	0
6089	2
6090	0
6091	2
6092	1
6093	0
6094	0
6095	0
6096	1
6097	0
6098	1
6099	2
6100	0
6101	0
6102	0
6103	1
6104	0
6105	0
6106	0
6107	0
6108	0
6109	0
6110	2
6111	0
6112	1
6113	1
6114	0
6115	0
6116	2
6117	0
6118	1
6119	0
6120	1
6121	1
6122	2
6123	1
6124	0
6125	0
6126	2
6127	1
6128	0
6129	0
6130	1
6131	0
6132	0
6133	0
6134	0
6135	0
6136	0
6137	0
6138	1
6139	0
6140	2
6141	0
6142	0
6143	0
6144	0
6145	0
6146	2
6147	0
6148	2
6149	1
6150	0
6151	2
6152	0
6153	1
6154	0
6155	0
6156	1
6157	1
6158	0
6159	0
6160	0
6161	0
6162	0
6163	1
6164	1
6165	0
6166	1
6167	0
6168	1
6169	1
6170	0
6171	0
6172	0
6173	1
6174	0
6175	0
6176	0
6177	0
6178	0
6179	0
6180	1
6181	0
6182	0
6183	2
6184	1
6185	1
6186	0
6187	1
6188	0
6189	0
6190	0
6191	0
6192	0
6193	1
6194	2
6195	0
6196	1
6197	0
6198	1
6199	0
6200	0
6201	1
6202	1
6203	1
6204	0
6205	1
6206	1
6207	1
6208	2
6209	0
6210	1
6211	0
6212	0
6213	0
6214	0
6215	2
6216	1
6217	0
6218	0
6219	0
6220	0
6221	0
6222	0
6223	0
6224	1
6225	0
6226	0
6227	1
6228	1
6229	1
6230	1
6231	0
6232	0
6233	0
6234	0
6235	0
6236	0
6237	1
6238	0
6239	2
6240	1
6241	3
6242	1
6243	0
6244	0
6245	0
6246	1
6247	0
6248	0
6249	1
6250	0
6251	0
6252	0
6253	0
6254	0
6255	1
6256	0
6257	0
6258	0
6259	0
6260	1
6261	0
6262	0
6263	0
6264	1
6265	1
6266	0
6267	0
6268	0
6269	0
6270	0
6271	0
6272	0
6273	0
6274	0
6275	0
6276	0
6277	2
6278	1
6279	0
6280	2
6281	0
6282	1
6283	0
6284	1
6285	0
6286	0
6287	1
6288	1
6289	0
6290	0
6291	0
6292	0
6293	2
6294	0
6295	1
6296	0
6297	1
6298	1
6299	0
6300	0
6301	0
6302	0
6303	0
6304	2
6305	0
6306	3
6307	1
6308	0
6309	0
6310	0
6311	0
6312	0
6313	1
6314	1
6315	1
6316	0
6317	0
6318	1
6319	0
6320	0
6321	0
6322	0
6323	1
6324	1
6325	0
6326	0
6327	0
6328	2
6329	2
6330	1
6331	0
6332	0
6333	0
6334	0
6335	0
6336	1
6337	0
6338	0
6339	0
6340	0
6341	1
6342	0
6343	1
6344	1
6345	0
6346	0
6347	1
6348	1
6349	0
6350	0
6351	1
6352	0
6353	0
6354	1
6355	0
6356	0
6357	0
6358	0
6359	0
6360	0
6361	0
6362	0
6363	1
6364	0
6365	1
6366	2
6367	1
6368	0
6369	0
6370	1
6371	1
6372	0
6373	1
6374	0
6375	1
6376	1
6377	0
6378	0
6379	1
6380	0
6381	1
6382	1
6383	0
6384	0
6385	0
6386	1
6387	1
6388	0
6389	0
6390	1
6391	0
6392	0
6393	0
6394	0
6395	0
6396	0
6397	1
6398	0
6399	1
6400	1
6401	1
6402	0
6403	0
6404	0
6405	1
6406	0
6407	1
6408	0
6409	0
6410	0
6411	0
6412	0
6413	2
6414	1
6415	1
6416	0
6417	0
6418	1
6419	0
6420	1
6421	0
6422	1
6423	2
6424	0
6425	1
6426	1
6427	0
6428	0
6429	2
6430	0
6431	0
6432	0
6433	1
6434	0
6435	1
6436	1
6437	0
6438	2
6439	2
6440	0
6441	0
6442	1
6443	1
6444	0
6445	1
6446	0
6447	0
6448	0
6449	0
6450	0
6451	0
6452	0
6453	2
6454	0
6455	1
6456	0
6457	0
6458	0
6459	0
6460	2
6461	1
6462	0
6463	0
6464	0
6465	0
6466	0
6467	0
6468	2
6469	0
6470	1
6471	0
6472	0
6473	0
6474	0
6475	0
6476	0
6477	1
6478	0
6479	1
6480	1
6481	1
6482	0
6483	0
6484	0
6485	0
6486	0
6487	0
6488	0
6489	0
6490	0
6491	2
6492	2
6493	0
6494	0
6495	0
6496	1
6497	0
6498	0
6499	0
6500	0
6501	0
6502	2
6503	0
6504	1
6505	0
6506	0
6507	0
6508	0
6509	0
6510	1
6511	1
6512	1
6513	2
6514	0
6515	0
6516	1
6517	2
6518	0
6519	0
6520	0
6521	0
6522	0
6523	0
6524	1
6525	0
6526	0
6527	2
6528	1
6529	0
6530	0
6531	0
6532	0
6533	0
6534	2
6535	0
6536	0
6537	0
6538	1
6539	1
6540	0
6541	0
6542	0
6543	2
6544	1
6545	2
6546	1
6547	0
6548	0
6549	1
6550	0
6551	1
6552	0
6553	2
6554	1
6555	0
6556	0
6557	2
6558	0
6559	1
6560	0
6561	0
6562	1
6563	0
6564	0
6565	0
6566	1
6567	1
6568	0
6569	0
6570	0
6571	0
6572	0
6573	0
6574	0
6575	0
6576	0
6577	1
6578	1
6579	0
6580	0
6581	0
6582	0
6583	0
6584	0
6585	0
6586	0
6587	0
6588	1
6589	0
6590	1
6591	0
6592	0
6593	0
6594	0
6595	0
6596	0
6597	0
6598	0
6599	1
6600	0
6601	1
6602	0
6603	2
6604	0
6605	0
6606	0
6607	0
6608	0
6609	2
6610	1
6611	1
6612	0
6613	1
6614	0
6615	2
6616	0
6617	0
6618	1
6619	0
6620	0
6621	0
6622	1
6623	0
6624	1
6625	0
6626	2
6627	1
6628	0
6629	0
6630	0
6631	0
6632	0
6633	0
6634	1
6635	0
6636	0
6637	0
6638	0
6639	1
6640	0
6641	0
6642	0
6643	0
6644	0
6645	0
6646	1
6647	0
6648	1
6649	1
6650	0
6651	0
6652	0
6653	2
6654	0
6655	1
6656	1
6657	1
6658	0
6659	0
6660	0
6661	0
6662	0
6663	1
6664	1
6665	0
6666	0
6667	0
6668	0
6669	0
6670	0
6671	0
6672	1
6673	0
6674	0
6675	1
6676	1
6677	1
6678	2
6679	0
6680	0
6681	1
6682	0
6683	0
6684	0
6685	0
6686	0
6687	1
6688	0
6689	0
6690	0
6691	1
6692	0
6693	1
6694	0
6695	0
6696	1
6697	0
6698	1
6699	0
6700	0
6701	1
6702	0
6703	0
6704	0
6705	1
6706	0
6707	2
6708	0
6709	0
6710	3
6711	1
6712	0
6713	0
6714	0
6715	2
6716	0
6717	0
6718	0
6719	2
6720	0
6721	0
6722	0
6723	0
6724	1
6725	0
6726	0
6727	0
6728	0
6729	0
6730	0
6731	1
6732	1
6733	0
6734	0
6735	1
6736	0
6737	0
6738	1
6739	1
6740	1
6741	0
6742	0
6743	0
6744	1
6745	0
6746	0
6747	0
6748	0
6749	0
6750	0
6751	0
6752	0
6753	0
6754	0
6755	1
6756	2
6757	0
6758	0
6759	0
6760	1
6761	0
6762	0
6763	0
6764	0
6765	0
6766	0
6767	0
6768	0
6769	0
6770	1
6771	0
6772	0
6773	0
6774	0
6775	1
6776	0
6777	1
6778	0
6779	0
6780	0
6781	1
6782	0
6783	0
6784	0
6785	0
6786	0
6787	0
6788	1
6789	0
6790	0
6791	1
6792	0
6793	0
6794	1
6795	0
6796	0
6797	0
6798	0
6799	0
6800	1
6801	0
6802	0
6803	0
6804	0
6805	1
6806	0
6807	0
6808	1
6809	0
6810	0
6811	1
6812	0
6813	1
6814	0
6815	0
6816	0
6817	0
6818	1
6819	0
6820	0
6821	0
6822	0
6823	0
6824	0
6825	0
6826	0
6827	1
6828	0
6829	0
6830	0
6831	1
6832	1
6833	1
6834	1
6835	0
6836	1
6837	0
6838	2
6839	1
6840	0
6841	1
6842	0
6843	1
6844	1
6845	0
6846	0
6847	0
6848	1
6849	0
6850	0
6851	0
6852	1
6853	1
6854	1
6855	0
6856	0
6857	0
6858	1
6859	0
6860	0
6861	1
6862	0
6863	1
6864	0
6865	0
6866	0
6867	0
6868	1
6869	0
6870	1
6871	1
6872	0
6873	0
6874	0
6875	0
6876	1
6877	1
6878	1
6879	0
6880	1
6881	0
6882	1
6883	1
6884	0
6885	0
6886	0
6887	1
6888	1
6889	0
6890	1
6891	2
6892	0
6893	0
6894	0
6895	1
6896	1
6897	0
6898	1
6899	2
6900	0
6901	0
6902	0
6903	1
6904	0
6905	1
6906	0
6907	0
6908	0
6909	0
6910	0
6911	0
6912	1
6913	0
6914	1
6915	1
6916	0
6917	0
6918	1
6919	1
6920	1
6921	0
6922	0
6923	0
6924	0
6925	0
6926	2
6927	0
6928	0
6929	0
6930	1
6931	0
6932	1
6933	0
6934	0
6935	0
6936	1
6937	0
6938	0
6939	0
6940	0
6941	0
6942	0
6943	0
6944	0
6945	1
6946	1
6947	0
6948	0
6949	0
6950	0
6951	0
6952	1
6953	1
6954	1
6955	1
6956	0
6957	1
6958	0
6959	1
6960	0
6961	0
6962	0
6963	0
6964	1
6965	0
6966	0
6967	0
6968	0
6969	1
6970	0
6971	0
6972	0
6973	0
6974	0
6975	0
6976	0
6977	0
6978	1
6979	0
6980	0
6981	2
6982	0
6983	0
6984	1
6985	0
6986	0
6987	2
6988	0
6989	0
6990	0
6991	1
6992	1
6993	0
6994	1
6995	1
6996	0
6997	0
6998	0
6999	0
7000	0
7001	1
7002	0
7003	1
7004	0
7005	0
7006	0
7007	0
7008	0
7009	2
7010	0
7011	1
7012	0
7013	1
7014	0
7015	0
7016	0
7017	1
7018	0
7019	0
7020	1
7021	1
7022	0
7023	0
7024	0
7025	0
7026	1
7027	0
7028	0
7029	0
7030	1
7031	0
7032	1
7033	1
7034	1
7035	0
7036	1
7037	0
7038	0
7039	0
7040	2
7041	0
7042	0
7043	0
7044	0
7045	0
7046	1
7047	0
7048	1
7049	0
7050	0
7051	2
7052	0
7053	0
7054	0
7055	0
7056	0
7057	0
7058	0
7059	1
7060	0
7061	1
7062	0
7063	0
7064	0
7065	0
7066	0
7067	2
7068	0
7069	0
7070	0
7071	0
7072	2
7073	0
7074	0
7075	0
7076	0
7077	1
7078	0
7079	0
7080	0
7081	2
7082	1
7083	1
7084	0
7085	1
7086	1
7087	0
7088	0
7089	0
7090	0
7091	0
7092	1
7093	0
7094	2
7095	0
7096	0
7097	0
7098	0
7099	0
7100	2
7101	0
7102	1
7103	1
7104	1
7105	1
7106	0
7107	0
7108	0
7109	1
7110	0
7111	1
7112	1
7113	0
7114	2
7115	1
7116	0
7117	0
7118	0
7119	0
7120	1
7121	1
7122	1
7123	0
7124	0
7125	0
7126	0
7127	0
7128	2
7129	1
7130	0
7131	0
7132	0
7133	0
7134	1
7135	0
7136	1
7137	0
7138	0
7139	1
7140	0
7141	0
7142	0
7143	0
7144	1
7145	1
7146	0
7147	1
7148	0
7149	1
7150	0
7151	0
7152	0
7153	0
7154	0
7155	0
7156	2
7157	0
7158	0
7159	0
7160	0
7161	0
7162	0
7163	0
7164	0
7165	0
7166	0
7167	0
7168	0
7169	2
7170	0
7171	0
7172	1
7173	0
7174	0
7175	0
7176	2
7177	0
7178	0
7179	0
7180	1
7181	0
7182	0
7183	0
7184	0
7185	0
7186	0
7187	0
7188	0
7189	0
7190	0
7191	0
7192	0
7193	1
7194	0
7195	0
7196	0
7197	0
7198	1
7199	0
7200	0
7201	0
7202	0
7203	1
7204	1
7205	0
7206	0
7207	1
7208	0
7209	0
7210	0
7211	1
7212	0
7213	0
7214	0
7215	1
7216	0
7217	0
7218	0
7219	0
7220	1
7221	0
7222	0
7223	0
7224	1
7225	0
7226	0
7227	0
7228	1
7229	1
7230	0
7231	0
7232	0
7233	0
7234	0
7235	1
7236	0
7237	0
7238	0
7239	0
7240	1
7241	0
7242	0
7243	0
7244	1
7245	0
7246	0
7247	1
7248	0
7249	0
7250	1
7251	1
7252	0
7253	0
7254	0
7255	1
7256	0
7257	1
7258	0
7259	0
7260	0
7261	0
7262	0
7263	0
7264	1
7265	2
7266	0
7267	1
7268	0
7269	0
7270	0
7271	1
7272	1
7273	0
7274	0
7275	0
7276	0
7277	0
7278	0
7279	0
7280	0
7281	0
7282	0
7283	0
7284	1
7285	0
7286	1
7287	0
7288	0
7289	0
7290	0
7291	0
7292	0
7293	2
7294	0
7295	0
7296	0
7297	0
7298	0
7299	1
7300	0
7301	1
7302	1
7303	0
7304	0
7305	1
7306	0
7307	0
7308	1
7309	3
7310	0
7311	0
7312	0
7313	1
7314	0
7315	0
7316	1
7317	0
7318	0
7319	0
7320	0
7321	0
7322	0
7323	1
7324	0
7325	2
7326	0
7327	0
7328	0
7329	0
7330	0
7331	0
7332	0
7333	0
7334	0
7335	0
7336	0
7337	0
7338	0
7339	1
7340	0
7341	0
7342	1
7343	0
7344	0
7345	1
7346	0
7347	0
7348	0
7349	0
7350	0
7351	0
7352	1
7353	0
7354	0
7355	0
7356	0
7357	0
7358	0
7359	0
7360	0
7361	0
7362	1
7363	0
7364	0
7365	0
7366	1
7367	0
7368	0
7369	0
7370	1
7371	0
7372	1
7373	0
7374	0
7375	1
7376	1
7377	1
7378	0
7379	0
7380	2
7381	0
7382	0
7383	1
7384	1
7385	0
7386	0
7387	0
7388	0
7389	0
7390	0
7391	0
7392	0
7393	0
7394	0
7395	0
7396	0
7397	0
7398	0
7399	0
7400	0
7401	1
7402	1
7403	0
7404	0
7405	0
7406	2
7407	0
7408	0
7409	0
7410	0
7411	1
7412	0
7413	0
7414	0
7415	0
7416	1
7417	0
7418	0
7419	0
7420	1
7421	1
7422	0
7423	0
7424	1
7425	1
7426	0
7427	0
7428	0
7429	0
7430	0
7431	2
7432	0
7433	0
7434	0
7435	0
7436	0
7437	0
7438	0
7439	0
7440	1
7441	0
7442	1
7443	0
7444	1
7445	0
7446	0
7447	0
7448	0
7449	0
7450	0
7451	1
7452	0
7453	1
7454	0
7455	0
7456	0
7457	1
7458	0
7459	0
7460	1
7461	0
7462	0
7463	0
7464	1
7465	1
7466	0
7467	1
7468	0
7469	0
7470	0
7471	1
7472	0
7473	2
7474	0
7475	0
7476	0
7477	1
7478	0
7479	1
7480	0
7481	0
7482	0
7483	0
7484	1
7485	0
7486	0
7487	0
7488	1
7489	0
7490	0
7491	0
7492	0
7493	0
7494	0
7495	1
7496	0
7497	1
7498	1
7499	0
7500	0
7501	1
7502	0
7503	0
7504	0
7505	1
7506	0
7507	1
7508	0
7509	1
7510	0
7511	2
7512	0
7513	1
7514	0
7515	0
7516	2
7517	1
7518	0
7519	1
7520	0
7521	0
7522	2
7523	0
7524	0
7525	1
7526	0
7527	0
7528	0
7529	0
7530	0
7531	0
7532	0
7533	0
7534	1
7535	1
7536	0
7537	0
7538	0
7539	0
7540	1
7541	0
7542	0
7543	0
7544	0
7545	0
7546	1
7547	0
7548	0
7549	1
7550	0
7551	1
7552	1
7553	0
7554	1
7555	0
7556	0
7557	0
7558	0
7559	1
7560	0
7561	0
7562	0
7563	0
7564	1
7565	0
7566	1
7567	0
7568	0
7569	0
7570	0
7571	0
7572	0
7573	1
7574	0
7575	1
7576	0
7577	0
7578	1
7579	0
7580	1
7581	0
7582	0
7583	0
7584	0
7585	0
7586	0
7587	0
7588	0
7589	0
7590	0
7591	0
7592	1
7593	0
7594	1
7595	1
7596	0
7597	0
7598	0
7599	0
7600	0
7601	0
7602	1
7603	0
7604	0
7605	2
7606	0
7607	2
7608	1
7609	1
7610	0
7611	0
7612	0
7613	0
7614	0
7615	0
7616	0
7617	1
7618	0
7619	0
7620	0
7621	1
7622	0
7623	0
7624	0
7625	0
7626	1
7627	0
7628	0
7629	0
7630	1
7631	0
7632	0
7633	0
7634	1
7635	0
7636	0
7637	0
7638	0
7639	0
7640	0
7641	0
7642	0
7643	1
7644	2
7645	0
7646	0
7647	0
7648	0
7649	0
7650	0
7651	0
7652	0
7653	0
7654	0
7655	0
7656	1
7657	0
7658	0
7659	2
7660	0
7661	0
7662	0
7663	0
7664	0
7665	0
7666	0
7667	0
7668	1
7669	0
7670	1
7671	1
7672	0
7673	0
7674	0
7675	0
7676	0
7677	0
7678	2
7679	0
7680	0
7681	0
7682	0
7683	0
7684	0
7685	0
7686	3
7687	0
7688	0
7689	0
7690	0
7691	0
7692	0
7693	0
7694	1
7695	1
7696	1
7697	1
7698	0
7699	2
7700	0
7701	1
7702	0
7703	0
7704	0
7705	0
7706	0
7707	1
7708	1
7709	1
7710	1
7711	0
7712	0
7713	2
7714	1
7715	0
7716	0
7717	0
7718	1
7719	0
7720	0
7721	0
7722	0
7723	0
7724	0
7725	0
7726	1
7727	0
7728	0
7729	0
7730	0
7731	1
7732	0
7733	1
7734	0
7735	0
7736	0
7737	1
7738	0
7739	0
7740	0
7741	0
7742	1
7743	1
7744	0
7745	0
7746	0
7747	0
7748	1
7749	0
7750	0
7751	0
7752	0
7753	0
7754	2
7755	0
7756	0
7757	0
7758	0
7759	0
7760	0
7761	0
7762	0
7763	1
7764	0
7765	0
7766	1
7767	0
7768	1
7769	0
7770	0
7771	0
7772	0
7773	0
7774	2
7775	0
7776	0
7777	0
7778	0
7779	0
7780	0
7781	2
7782	0
7783	1
7784	1
7785	0
7786	0
7787	1
7788	0
7789	0
7790	0
7791	2
7792	0
7793	0
7794	0
7795	0
7796	0
7797	0
7798	1
7799	2
7800	0
7801	0
7802	1
7803	1
7804	2
7805	0
7806	1
7807	0
7808	0
7809	0
7810	0
7811	0
7812	0
7813	1
7814	0
7815	0
7816	0
7817	1
7818	0
7819	0
7820	0
7821	0
7822	2
7823	1
7824	0
7825	1
7826	0
7827	0
7828	0
7829	0
7830	1
7831	0
7832	0
7833	0
7834	1
7835	0
7836	0
7837	0
7838	1
7839	0
7840	1
7841	0
7842	0
7843	0
7844	1
7845	1
7846	0
7847	1
7848	0
7849	0
7850	0
7851	0
7852	1
7853	0
7854	1
7855	2
7856	1
7857	0
7858	1
7859	1
7860	0
7861	0
7862	0
7863	0
7864	1
7865	1
7866	0
7867	0
7868	0
7869	0
7870	0
7871	1
7872	0
7873	0
7874	1
7875	1
7876	1
7877	1
7878	0
7879	0
7880	0
7881	0
7882	0
7883	0
7884	0
7885	0
7886	1
7887	0
7888	0
7889	0
7890	0
7891	0
7892	0
7893	0
7894	0
7895	0
7896	1
7897	0
7898	1
7899	0
7900	0
7901	0
7902	0
7903	0
7904	1
7905	0
7906	0
7907	0
7908	1
7909	0
7910	0
7911	0
7912	1
7913	0
7914	0
7915	0
7916	1
7917	1
7918	1
7919	0
7920	0
7921	0
7922	0
7923	1
7924	0
7925	0
7926	1
7927	0
7928	0
7929	0
7930	0
7931	0
7932	0
7933	0
7934	0
7935	0
7936	0
7937	0
7938	1
7939	0
7940	0
7941	0
7942	0
7943	0
7944	1
7945	1
7946	0
7947	0
7948	0
7949	0
7950	0
7951	0
7952	0
7953	0
7954	0
7955	1
7956	0
7957	0
7958	0
7959	0
7960	0
7961	1
7962	0
7963	0
7964	0
7965	1
7966	1
7967	1
7968	0
7969	0
7970	1
7971	1
7972	0
7973	0
7974	0
7975	0
7976	0
7977	0
7978	0
7979	0
7980	1
7981	0
7982	0
7983	0
7984	0
7985	2
7986	0
7987	1
7988	0
7989	0
7990	0
7991	1
7992	0
7993	1
7994	0
7995	1
7996	0
7997	0
7998	3
7999	0
8000	0
8001	0
8002	0
8003	2
8004	1
8005	0
8006	0
8007	1
8008	1
8009	0
8010	1
8011	0
8012	0
8013	1
8014	1
8015	0
8016	1
8017	1
8018	0
8019	0
8020	1
8021	1
8022	0
8023	0
8024	0
8025	1
8026	0
8027	1
8028	1
8029	0
8030	0
8031	0
8032	1
8033	1
8034	0
8035	0
8036	0
8037	0
8038	0
8039	0
8040	2
8041	0
8042	0
8043	0
8044	0
8045	1
8046	0
8047	0
8048	0
8049	1
8050	0
8051	1
8052	0
8053	0
8054	0
8055	1
8056	0
8057	1
8058	0
8059	1
8060	3
8061	0
8062	0
8063	0
8064	0
8065	0
8066	0
8067	0
8068	0
8069	0
8070	0
8071	0
8072	0
8073	1
8074	0
8075	1
8076	0
8077	0
8078	1
8079	0
8080	0
8081	0
8082	0
8083	0
8084	0
8085	0
8086	0
8087	0
8088	0
8089	0
8090	0
8091	0
8092	0
8093	0
8094	0
8095	0
8096	0
8097	0
8098	0
8099	0
8100	0
8101	0
8102	0
8103	0
8104	0
8105	0
8106	0
8107	0
8108	0
8109	0
8110	0
8111	0
8112	0
8113	0
8114	0
8115	0
8116	0
8117	0
8118	0
8119	0
8120	0
8121	0
8122	0
8123	0
8124	0
8125	0
8126	0
8127	0
8128	0
8129	0
8130	0
8131	0
8132	0
8133	0
8134	0
8135	0
8136	0
8137	0
8138	0
8139	0
8140	0
8141	0
8142	0
8143	0
8144	0
8145	0
8146	0
8147	0
8148	0
8149	0
8150	0
8151	0
8152	0
8153	0
8154	0
8155	0
8156	0
8157	0
8158	0
8159	0
8160	0
8161	0
8162	0
8163	0
8164	0
8165	0
8166	0
8167	0
8168	0
8169	0
8170	0
8171	0
8172	0
8173	0
8174	0
8175	0
8176	0
8177	0
8178	0
8179	0
8180	0
8181	0
8182	0
8183	0
8184	0
8185	0
8186	0
8187	0
8188	0
8189	0
8190	0
8191	0
