0	0
1	0
2	0
3	0
4	0
5	0
6	0
7	0
8	0
9	0
10	0
11	0
12	0
13	0
14	0
15	0
16	0
17	0
18	0
19	0
20	0
21	0
22	0
23	0
24	0
25	0
26	0
27	0
28	0
29	0
30	0
31	0
32	0
33	0
34	0
35	0
36	0
37	0
38	0
39	0
40	0
41	0
42	0
43	0
44	0
45	0
46	0
47	0
48	0
49	0
50	0
51	0
52	0
53	0
54	0
55	0
56	0
57	0
58	0
59	0
60	0
61	0
62	0
63	0
64	0
65	0
66	0
67	0
68	0
69	0
70	0
71	0
72	0
73	0
74	0
75	0
76	0
77	0
78	0
79	0
80	0
81	0
82	0
83	0
84	0
85	3
86	5
87	14
88	7
89	10
90	11
91	15
92	10
93	9
94	10
95	13
96	9
97	11
98	9
99	16
100	16
101	9
102	7
103	7
104	11
105	12
106	10
107	8
108	15
109	12
110	14
111	9
112	14
113	11
114	13
115	7
116	5
117	15
118	7
119	8
120	9
121	10
122	10
123	17
124	10
125	11
126	17
127	13
128	11
129	14
130	15
131	10
132	11
133	10
134	7
135	8
136	8
137	17
138	7
139	7
140	9
141	12
142	10
143	8
144	9
145	9
146	9
147	6
148	2
149	18
150	11
151	14
152	9
153	8
154	8
155	11
156	8
157	8
158	17
159	17
160	6
161	12
162	7
163	5
164	10
165	16
166	16
167	10
168	8
169	10
170	7
171	8
172	10
173	10
174	17
175	8
176	16
177	10
178	10
179	9
180	9
181	10
182	12
183	12
184	12
185	11
186	11
187	15
188	11
189	12
190	10
191	18
192	13
193	18
194	14
195	9
196	10
197	9
198	18
199	6
200	14
201	7
202	10
203	15
204	14
205	12
206	16
207	13
208	9
209	9
210	11
211	11
212	9
213	12
214	9
215	8
216	10
217	18
218	19
219	13
220	8
221	14
222	8
223	8
224	13
225	13
226	9
227	9
228	14
229	9
230	17
231	12
232	14
233	11
234	8
235	16
236	11
237	13
238	13
239	14
240	12
241	11
242	8
243	11
244	9
245	8
246	7
247	8
248	6
249	14
250	19
251	10
252	12
253	7
254	17
255	15
256	10
257	8
258	10
259	12
260	10
261	9
262	11
263	15
264	12
265	14
266	9
267	12
268	11
269	11
270	14
271	13
272	17
273	13
274	12
275	11
276	8
277	11
278	10
279	15
280	18
281	20
282	14
283	14
284	7
285	12
286	7
287	17
288	10
289	12
290	10
291	16
292	17
293	11
294	17
295	7
296	11
297	19
298	15
299	9
300	16
301	13
302	8
303	15
304	11
305	16
306	14
307	15
308	15
309	7
310	13
311	14
312	15
313	10
314	12
315	14
316	12
317	13
318	15
319	5
320	12
321	19
322	13
323	8
324	11
325	13
326	13
327	5
328	14
329	19
330	13
331	10
332	10
333	20
334	14
335	13
336	9
337	14
338	18
339	18
340	20
341	11
342	11
343	16
344	11
345	10
346	14
347	5
348	18
349	14
350	9
351	9
352	10
353	14
354	16
355	27
356	15
357	13
358	11
359	20
360	13
361	14
362	12
363	11
364	18
365	17
366	12
367	13
368	10
369	14
370	15
371	8
372	12
373	12
374	14
375	13
376	14
377	18
378	12
379	16
380	18
381	16
382	12
383	26
384	13
385	11
386	11
387	10
388	12
389	12
390	13
391	10
392	5
393	21
394	11
395	19
396	10
397	13
398	6
399	24
400	8
401	19
402	12
403	9
404	9
405	15
406	10
407	9
408	11
409	8
410	14
411	16
412	8
413	16
414	11
415	16
416	10
417	10
418	18
419	16
420	17
421	12
422	7
423	10
424	15
425	14
426	13
427	20
428	20
429	12
430	8
431	12
432	22
433	8
434	18
435	13
436	12
437	12
438	13
439	15
440	15
441	8
442	12
443	14
444	13
445	17
446	13
447	21
448	9
449	9
450	10
451	17
452	12
453	17
454	15
455	9
456	22
457	17
458	13
459	22
460	8
461	19
462	14
463	14
464	12
465	17
466	11
467	17
468	14
469	14
470	12
471	20
472	12
473	11
474	13
475	13
476	9
477	11
478	16
479	14
480	14
481	14
482	12
483	7
484	13
485	15
486	11
487	15
488	19
489	14
490	14
491	12
492	18
493	15
494	13
495	12
496	14
497	21
498	20
499	10
500	24
501	14
502	16
503	20
504	17
505	18
506	11
507	16
508	13
509	21
510	13
511	10
512	11
513	18
514	8
515	14
516	17
517	15
518	19
519	15
520	20
521	16
522	16
523	17
524	18
525	13
526	21
527	19
528	11
529	21
530	28
531	15
532	15
533	21
534	19
535	22
536	12
537	22
538	15
539	18
540	16
541	21
542	22
543	21
544	22
545	13
546	19
547	17
548	24
549	21
550	18
551	31
552	32
553	16
554	28
555	19
556	17
557	21
558	18
559	17
560	12
561	27
562	22
563	25
564	24
565	26
566	24
567	21
568	32
569	28
570	26
571	24
572	25
573	27
574	29
575	18
576	32
577	21
578	21
579	27
580	20
581	23
582	20
583	28
584	31
585	24
586	14
587	30
588	23
589	29
590	19
591	32
592	32
593	22
594	35
595	21
596	33
597	30
598	31
599	25
600	30
601	35
602	25
603	18
604	27
605	24
606	21
607	26
608	21
609	14
610	34
611	31
612	16
613	24
614	16
615	28
616	15
617	13
618	19
619	27
620	23
621	25
622	19
623	28
624	18
625	24
626	24
627	21
628	25
629	31
630	24
631	41
632	32
633	16
634	28
635	24
636	30
637	23
638	21
639	21
640	20
641	15
642	19
643	18
644	25
645	17
646	22
647	16
648	27
649	15
650	29
651	30
652	26
653	18
654	27
655	17
656	22
657	17
658	25
659	25
660	23
661	21
662	22
663	16
664	21
665	24
666	23
667	21
668	25
669	17
670	26
671	18
672	15
673	18
674	24
675	24
676	31
677	13
678	20
679	19
680	17
681	17
682	20
683	29
684	12
685	25
686	23
687	30
688	17
689	27
690	24
691	16
692	15
693	17
694	22
695	25
696	11
697	24
698	25
699	21
700	21
701	24
702	18
703	18
704	13
705	23
706	23
707	20
708	24
709	22
710	26
711	37
712	24
713	32
714	26
715	24
716	17
717	20
718	19
719	19
720	14
721	19
722	22
723	22
724	20
725	17
726	17
727	16
728	19
729	14
730	20
731	28
732	22
733	20
734	16
735	14
736	19
737	19
738	12
739	25
740	10
741	17
742	18
743	23
744	19
745	19
746	23
747	14
748	22
749	16
750	22
751	13
752	19
753	18
754	14
755	13
756	22
757	24
758	20
759	14
760	12
761	23
762	14
763	18
764	23
765	15
766	22
767	25
768	9
769	13
770	16
771	22
772	20
773	23
774	16
775	20
776	12
777	23
778	21
779	15
780	15
781	19
782	19
783	17
784	16
785	16
786	20
787	20
788	27
789	19
790	17
791	17
792	23
793	20
794	24
795	20
796	17
797	15
798	13
799	15
800	22
801	26
802	15
803	12
804	16
805	18
806	24
807	18
808	25
809	21
810	18
811	20
812	16
813	14
814	18
815	15
816	20
817	23
818	23
819	19
820	20
821	14
822	22
823	23
824	24
825	25
826	29
827	16
828	14
829	20
830	19
831	21
832	25
833	14
834	24
835	8
836	19
837	19
838	24
839	25
840	23
841	18
842	14
843	11
844	27
845	18
846	24
847	20
848	23
849	8
850	17
851	16
852	21
853	20
854	19
855	17
856	23
857	16
858	26
859	23
860	21
861	14
862	25
863	22
864	23
865	20
866	17
867	23
868	28
869	22
870	26
871	19
872	19
873	19
874	24
875	23
876	21
877	22
878	21
879	21
880	15
881	36
882	17
883	13
884	17
885	26
886	27
887	27
888	20
889	20
890	22
891	25
892	28
893	29
894	12
895	16
896	16
897	22
898	16
899	27
900	27
901	24
902	25
903	27
904	22
905	17
906	27
907	29
908	30
909	19
910	21
911	20
912	25
913	27
914	19
915	14
916	29
917	27
918	22
919	25
920	24
921	17
922	25
923	24
924	27
925	21
926	24
927	32
928	24
929	18
930	20
931	23
932	28
933	23
934	21
935	30
936	30
937	25
938	21
939	27
940	19
941	23
942	34
943	21
944	26
945	25
946	24
947	32
948	20
949	22
950	17
951	26
952	18
953	28
954	28
955	27
956	31
957	25
958	26
959	26
960	20
961	17
962	30
963	28
964	19
965	21
966	28
967	32
968	19
969	19
970	30
971	26
972	30
973	22
974	33
975	24
976	34
977	32
978	25
979	29
980	32
981	37
982	34
983	33
984	30
985	20
986	22
987	20
988	25
989	26
990	19
991	21
992	15
993	27
994	29
995	25
996	26
997	20
998	37
999	25
1000	24
1001	17
1002	30
1003	23
1004	35
1005	29
1006	18
1007	29
1008	25
1009	31
1010	34
1011	19
1012	36
1013	21
1014	27
1015	17
1016	29
1017	25
1018	32
1019	39
1020	17
1021	20
1022	32
1023	33
1024	25
1025	26
1026	19
1027	31
1028	27
1029	27
1030	28
1031	18
1032	23
1033	42
1034	29
1035	19
1036	27
1037	29
1038	33
1039	32
1040	20
1041	26
1042	24
1043	21
1044	27
1045	28
1046	21
1047	21
1048	21
1049	25
1050	33
1051	31
1052	30
1053	24
1054	29
1055	28
1056	30
1057	23
1058	29
1059	29
1060	28
1061	29
1062	28
1063	21
1064	42
1065	21
1066	27
1067	24
1068	32
1069	36
1070	27
1071	26
1072	27
1073	21
1074	24
1075	30
1076	23
1077	24
1078	24
1079	30
1080	27
1081	28
1082	28
1083	24
1084	32
1085	21
1086	20
1087	35
1088	24
1089	23
1090	32
1091	31
1092	23
1093	21
1094	32
1095	29
1096	21
1097	24
1098	32
1099	29
1100	31
1101	30
1102	29
1103	25
1104	21
1105	25
1106	29
1107	34
1108	33
1109	29
1110	28
1111	25
1112	31
1113	19
1114	24
1115	29
1116	29
1117	24
1118	30
1119	24
1120	32
1121	24
1122	38
1123	21
1124	22
1125	23
1126	23
1127	35
1128	30
1129	26
1130	33
1131	23
1132	23
1133	32
1134	33
1135	37
1136	22
1137	28
1138	32
1139	31
1140	33
1141	28
1142	19
1143	34
1144	32
1145	17
1146	31
1147	37
1148	22
1149	26
1150	26
1151	27
1152	29
1153	22
1154	34
1155	27
1156	41
1157	26
1158	24
1159	38
1160	31
1161	22
1162	31
1163	29
1164	26
1165	28
1166	30
1167	30
1168	32
1169	22
1170	31
1171	24
1172	26
1173	21
1174	26
1175	33
1176	29
1177	30
1178	30
1179	35
1180	26
1181	30
1182	29
1183	38
1184	30
1185	24
1186	32
1187	36
1188	37
1189	30
1190	26
1191	29
1192	26
1193	26
1194	32
1195	26
1196	28
1197	27
1198	29
1199	30
1200	21
1201	35
1202	34
1203	31
1204	27
1205	24
1206	34
1207	33
1208	22
1209	34
1210	31
1211	26
1212	21
1213	30
1214	34
1215	30
1216	26
1217	32
1218	29
1219	22
1220	48
1221	20
1222	24
1223	27
1224	25
1225	28
1226	33
1227	37
1228	28
1229	26
1230	20
1231	35
1232	27
1233	30
1234	34
1235	25
1236	25
1237	26
1238	45
1239	32
1240	37
1241	33
1242	29
1243	20
1244	23
1245	22
1246	24
1247	29
1248	21
1249	34
1250	35
1251	38
1252	23
1253	33
1254	26
1255	32
1256	28
1257	43
1258	30
1259	36
1260	37
1261	29
1262	33
1263	25
1264	40
1265	29
1266	27
1267	30
1268	23
1269	27
1270	25
1271	38
1272	37
1273	33
1274	33
1275	28
1276	30
1277	25
1278	38
1279	22
1280	24
1281	29
1282	16
1283	35
1284	35
1285	29
1286	30
1287	40
1288	25
1289	30
1290	23
1291	20
1292	27
1293	26
1294	30
1295	29
1296	28
1297	24
1298	20
1299	28
1300	31
1301	28
1302	28
1303	40
1304	33
1305	24
1306	26
1307	35
1308	26
1309	30
1310	28
1311	35
1312	32
1313	36
1314	27
1315	36
1316	25
1317	30
1318	33
1319	32
1320	39
1321	30
1322	36
1323	21
1324	37
1325	32
1326	27
1327	32
1328	31
1329	34
1330	27
1331	28
1332	42
1333	30
1334	26
1335	35
1336	35
1337	28
1338	34
1339	34
1340	34
1341	34
1342	30
1343	25
1344	30
1345	32
1346	34
1347	21
1348	28
1349	26
1350	36
1351	38
1352	39
1353	35
1354	32
1355	34
1356	21
1357	22
1358	31
1359	34
1360	35
1361	26
1362	30
1363	28
1364	28
1365	24
1366	40
1367	36
1368	37
1369	28
1370	48
1371	33
1372	32
1373	32
1374	32
1375	28
1376	34
1377	35
1378	34
1379	36
1380	30
1381	32
1382	41
1383	26
1384	34
1385	34
1386	35
1387	34
1388	40
1389	30
1390	35
1391	43
1392	35
1393	41
1394	33
1395	23
1396	30
1397	29
1398	25
1399	36
1400	20
1401	28
1402	38
1403	42
1404	22
1405	32
1406	47
1407	33
1408	35
1409	32
1410	43
1411	22
1412	27
1413	32
1414	37
1415	31
1416	33
1417	33
1418	36
1419	35
1420	33
1421	35
1422	29
1423	25
1424	33
1425	32
1426	28
1427	22
1428	40
1429	30
1430	30
1431	35
1432	26
1433	35
1434	40
1435	40
1436	32
1437	41
1438	33
1439	32
1440	42
1441	38
1442	27
1443	24
1444	31
1445	37
1446	35
1447	26
1448	40
1449	34
1450	30
1451	29
1452	33
1453	20
1454	32
1455	34
1456	44
1457	28
1458	31
1459	31
1460	42
1461	35
1462	29
1463	31
1464	28
1465	38
1466	30
1467	23
1468	42
1469	36
1470	29
1471	27
1472	37
1473	34
1474	33
1475	34
1476	38
1477	29
1478	41
1479	38
1480	34
1481	26
1482	36
1483	25
1484	42
1485	35
1486	32
1487	31
1488	32
1489	31
1490	30
1491	38
1492	47
1493	29
1494	34
1495	25
1496	32
1497	35
1498	32
1499	31
1500	35
1501	35
1502	38
1503	32
1504	28
1505	37
1506	22
1507	40
1508	35
1509	30
1510	43
1511	39
1512	27
1513	39
1514	36
1515	31
1516	30
1517	33
1518	28
1519	30
1520	38
1521	28
1522	29
1523	29
1524	31
1525	30
1526	26
1527	28
1528	35
1529	32
1530	34
1531	29
1532	32
1533	39
1534	30
1535	23
1536	30
1537	25
1538	26
1539	24
1540	35
1541	33
1542	27
1543	34
1544	29
1545	29
1546	26
1547	39
1548	29
1549	47
1550	22
1551	35
1552	35
1553	29
1554	34
1555	31
1556	22
1557	31
1558	30
1559	29
1560	33
1561	27
1562	35
1563	34
1564	32
1565	35
1566	31
1567	31
1568	29
1569	39
1570	26
1571	31
1572	30
1573	26
1574	34
1575	25
1576	36
1577	34
1578	43
1579	43
1580	35
1581	30
1582	30
1583	35
1584	29
1585	33
1586	31
1587	27
1588	27
1589	32
1590	32
1591	34
1592	25
1593	32
1594	31
1595	33
1596	35
1597	28
1598	26
1599	30
1600	36
1601	32
1602	39
1603	31
1604	30
1605	27
1606	33
1607	21
1608	35
1609	26
1610	23
1611	23
1612	29
1613	38
1614	38
1615	23
1616	44
1617	25
1618	18
1619	26
1620	28
1621	26
1622	25
1623	35
1624	25
1625	28
1626	31
1627	26
1628	35
1629	35
1630	31
1631	30
1632	27
1633	37
1634	36
1635	26
1636	26
1637	27
1638	28
1639	24
1640	36
1641	42
1642	19
1643	27
1644	35
1645	27
1646	40
1647	34
1648	30
1649	37
1650	22
1651	28
1652	25
1653	34
1654	27
1655	29
1656	35
1657	30
1658	30
1659	32
1660	24
1661	30
1662	29
1663	29
1664	25
1665	21
1666	25
1667	22
1668	21
1669	35
1670	25
1671	31
1672	26
1673	30
1674	27
1675	28
1676	26
1677	27
1678	23
1679	22
1680	35
1681	22
1682	25
1683	27
1684	29
1685	32
1686	32
1687	29
1688	30
1689	13
1690	20
1691	32
1692	32
1693	23
1694	25
1695	32
1696	27
1697	24
1698	29
1699	15
1700	29
1701	30
1702	25
1703	26
1704	34
1705	22
1706	36
1707	22
1708	30
1709	19
1710	30
1711	32
1712	27
1713	22
1714	27
1715	20
1716	21
1717	27
1718	18
1719	27
1720	32
1721	32
1722	19
1723	25
1724	20
1725	22
1726	27
1727	32
1728	19
1729	23
1730	26
1731	25
1732	34
1733	35
1734	27
1735	21
1736	31
1737	27
1738	25
1739	26
1740	29
1741	20
1742	33
1743	30
1744	21
1745	18
1746	30
1747	23
1748	22
1749	32
1750	32
1751	27
1752	23
1753	37
1754	22
1755	13
1756	27
1757	29
1758	26
1759	33
1760	28
1761	32
1762	28
1763	25
1764	22
1765	31
1766	24
1767	32
1768	33
1769	26
1770	23
1771	17
1772	20
1773	20
1774	32
1775	27
1776	29
1777	26
1778	26
1779	20
1780	25
1781	28
1782	28
1783	25
1784	22
1785	28
1786	19
1787	21
1788	27
1789	24
1790	24
1791	28
1792	16
1793	25
1794	24
1795	22
1796	28
1797	27
1798	34
1799	39
1800	23
1801	24
1802	25
1803	27
1804	27
1805	32
1806	32
1807	31
1808	19
1809	28
1810	33
1811	23
1812	25
1813	32
1814	28
1815	25
1816	15
1817	22
1818	26
1819	25
1820	28
1821	32
1822	33
1823	26
1824	30
1825	33
1826	30
1827	30
1828	32
1829	28
1830	16
1831	23
1832	30
1833	22
1834	30
1835	28
1836	31
1837	26
1838	26
1839	32
1840	38
1841	39
1842	29
1843	36
1844	24
1845	25
1846	26
1847	31
1848	17
1849	31
1850	34
1851	27
1852	26
1853	30
1854	31
1855	27
1856	33
1857	28
1858	30
1859	34
1860	25
1861	37
1862	19
1863	26
1864	33
1865	32
1866	19
1867	26
1868	24
1869	26
1870	26
1871	31
1872	25
1873	25
1874	32
1875	30
1876	30
1877	24
1878	28
1879	30
1880	26
1881	39
1882	33
1883	34
1884	31
1885	35
1886	27
1887	36
1888	30
1889	31
1890	25
1891	32
1892	22
1893	32
1894	22
1895	29
1896	36
1897	18
1898	36
1899	30
1900	42
1901	23
1902	25
1903	46
1904	44
1905	28
1906	34
1907	33
1908	34
1909	34
1910	28
1911	40
1912	24
1913	26
1914	35
1915	27
1916	40
1917	46
1918	40
1919	38
1920	32
1921	34
1922	29
1923	33
1924	28
1925	27
1926	32
1927	37
1928	38
1929	31
1930	32
1931	32
1932	32
1933	29
1934	24
1935	36
1936	40
1937	36
1938	34
1939	40
1940	25
1941	44
1942	37
1943	27
1944	34
1945	32
1946	33
1947	42
1948	31
1949	25
1950	27
1951	40
1952	38
1953	46
1954	31
1955	32
1956	44
1957	40
1958	37
1959	32
1960	34
1961	37
1962	33
1963	37
1964	35
1965	38
1966	38
1967	45
1968	40
1969	36
1970	35
1971	38
1972	32
1973	33
1974	29
1975	39
1976	35
1977	35
1978	27
1979	37
1980	44
1981	37
1982	30
1983	38
1984	40
1985	37
1986	39
1987	31
1988	38
1989	28
1990	36
1991	40
1992	34
1993	40
1994	45
1995	22
1996	38
1997	48
1998	37
1999	37
2000	32
2001	50
2002	21
2003	37
2004	35
2005	48
2006	46
2007	38
2008	35
2009	42
2010	41
2011	38
2012	33
2013	39
2014	42
2015	45
2016	40
2017	21
2018	34
2019	37
2020	27
2021	35
2022	34
2023	37
2024	42
2025	36
2026	39
2027	37
2028	45
2029	27
2030	33
2031	35
2032	36
2033	49
2034	31
2035	40
2036	36
2037	35
2038	36
2039	31
2040	45
2041	43
2042	29
2043	36
2044	36
2045	36
2046	37
2047	36
2048	34
2049	36
2050	31
2051	41
2052	22
2053	39
2054	31
2055	45
2056	30
2057	31
2058	31
2059	30
2060	32
2061	39
2062	33
2063	41
2064	32
2065	28
2066	37
2067	27
2068	43
2069	32
2070	39
2071	27
2072	40
2073	33
2074	32
2075	38
2076	36
2077	25
2078	38
2079	34
2080	31
2081	33
2082	42
2083	40
2084	36
2085	21
2086	32
2087	32
2088	33
2089	39
2090	46
2091	27
2092	25
2093	32
2094	27
2095	37
2096	39
2097	37
2098	44
2099	24
2100	37
2101	31
2102	36
2103	31
2104	37
2105	25
2106	32
2107	35
2108	34
2109	28
2110	41
2111	40
2112	31
2113	24
2114	29
2115	26
2116	32
2117	27
2118	22
2119	41
2120	36
2121	30
2122	29
2123	27
2124	32
2125	33
2126	29
2127	35
2128	33
2129	27
2130	26
2131	41
2132	32
2133	30
2134	24
2135	21
2136	26
2137	28
2138	20
2139	37
2140	23
2141	27
2142	26
2143	27
2144	29
2145	41
2146	22
2147	32
2148	27
2149	30
2150	38
2151	21
2152	18
2153	22
2154	25
2155	35
2156	25
2157	28
2158	34
2159	24
2160	26
2161	30
2162	26
2163	29
2164	24
2165	23
2166	23
2167	23
2168	28
2169	27
2170	30
2171	19
2172	25
2173	25
2174	30
2175	19
2176	27
2177	23
2178	17
2179	33
2180	30
2181	18
2182	26
2183	30
2184	23
2185	25
2186	22
2187	17
2188	26
2189	24
2190	20
2191	21
2192	25
2193	32
2194	18
2195	17
2196	22
2197	26
2198	24
2199	21
2200	23
2201	28
2202	23
2203	17
2204	19
2205	24
2206	31
2207	19
2208	18
2209	34
2210	28
2211	22
2212	20
2213	25
2214	27
2215	17
2216	21
2217	25
2218	15
2219	21
2220	20
2221	17
2222	27
2223	22
2224	18
2225	23
2226	14
2227	19
2228	13
2229	17
2230	23
2231	23
2232	35
2233	27
2234	15
2235	15
2236	22
2237	19
2238	18
2239	19
2240	25
2241	19
2242	21
2243	19
2244	19
2245	27
2246	25
2247	19
2248	20
2249	24
2250	20
2251	10
2252	21
2253	25
2254	17
2255	20
2256	20
2257	14
2258	15
2259	12
2260	17
2261	14
2262	13
2263	25
2264	24
2265	24
2266	16
2267	14
2268	18
2269	21
2270	23
2271	15
2272	22
2273	28
2274	20
2275	25
2276	16
2277	18
2278	29
2279	13
2280	17
2281	21
2282	21
2283	19
2284	19
2285	18
2286	20
2287	23
2288	26
2289	20
2290	19
2291	27
2292	25
2293	17
2294	15
2295	17
2296	15
2297	15
2298	14
2299	24
2300	19
2301	7
2302	14
2303	21
2304	18
2305	18
2306	21
2307	27
2308	20
2309	20
2310	17
2311	21
2312	23
2313	11
2314	24
2315	24
2316	32
2317	14
2318	16
2319	12
2320	18
2321	10
2322	20
2323	16
2324	21
2325	23
2326	15
2327	14
2328	11
2329	19
2330	17
2331	16
2332	15
2333	21
2334	18
2335	16
2336	27
2337	26
2338	21
2339	18
2340	18
2341	18
2342	17
2343	15
2344	17
2345	12
2346	19
2347	15
2348	18
2349	21
2350	10
2351	13
2352	17
2353	13
2354	23
2355	21
2356	16
2357	22
2358	11
2359	14
2360	19
2361	17
2362	17
2363	15
2364	14
2365	20
2366	23
2367	13
2368	18
2369	19
2370	18
2371	14
2372	21
2373	19
2374	14
2375	11
2376	18
2377	17
2378	14
2379	25
2380	18
2381	13
2382	20
2383	21
2384	11
2385	20
2386	16
2387	13
2388	14
2389	19
2390	16
2391	16
2392	19
2393	18
2394	13
2395	16
2396	20
2397	18
2398	22
2399	18
2400	16
2401	18
2402	14
2403	20
2404	10
2405	18
2406	20
2407	19
2408	13
2409	10
2410	17
2411	14
2412	11
2413	15
2414	17
2415	17
2416	8
2417	15
2418	24
2419	16
2420	19
2421	12
2422	15
2423	18
2424	24
2425	15
2426	15
2427	19
2428	22
2429	24
2430	15
2431	14
2432	14
2433	15
2434	17
2435	23
2436	17
2437	12
2438	15
2439	12
2440	13
2441	18
2442	13
2443	17
2444	24
2445	14
2446	14
2447	16
2448	13
2449	16
2450	12
2451	11
2452	17
2453	22
2454	19
2455	9
2456	16
2457	17
2458	17
2459	14
2460	17
2461	13
2462	19
2463	25
2464	12
2465	16
2466	10
2467	13
2468	17
2469	16
2470	17
2471	18
2472	18
2473	22
2474	16
2475	15
2476	14
2477	17
2478	18
2479	15
2480	13
2481	12
2482	26
2483	13
2484	14
2485	11
2486	18
2487	15
2488	14
2489	19
2490	13
2491	15
2492	18
2493	19
2494	5
2495	14
2496	25
2497	19
2498	20
2499	15
2500	17
2501	12
2502	17
2503	12
2504	11
2505	11
2506	15
2507	11
2508	12
2509	21
2510	19
2511	15
2512	14
2513	18
2514	21
2515	7
2516	11
2517	15
2518	15
2519	16
2520	5
2521	12
2522	12
2523	17
2524	15
2525	18
2526	22
2527	12
2528	22
2529	23
2530	19
2531	12
2532	15
2533	10
2534	19
2535	16
2536	18
2537	12
2538	19
2539	15
2540	12
2541	11
2542	15
2543	21
2544	14
2545	18
2546	17
2547	12
2548	18
2549	16
2550	14
2551	14
2552	9
2553	21
2554	31
2555	9
2556	18
2557	17
2558	11
2559	15
2560	7
2561	19
2562	11
2563	14
2564	9
2565	15
2566	10
2567	16
2568	13
2569	14
2570	15
2571	17
2572	12
2573	17
2574	15
2575	23
2576	18
2577	13
2578	15
2579	18
2580	14
2581	17
2582	14
2583	19
2584	9
2585	18
2586	13
2587	13
2588	14
2589	19
2590	16
2591	7
2592	18
2593	14
2594	19
2595	7
2596	19
2597	17
2598	14
2599	18
2600	14
2601	10
2602	11
2603	12
2604	15
2605	12
2606	16
2607	19
2608	19
2609	18
2610	12
2611	13
2612	19
2613	12
2614	25
2615	20
2616	17
2617	9
2618	17
2619	15
2620	17
2621	22
2622	14
2623	14
2624	16
2625	18
2626	16
2627	13
2628	19
2629	18
2630	17
2631	14
2632	17
2633	13
2634	17
2635	15
2636	7
2637	11
2638	17
2639	11
2640	14
2641	18
2642	18
2643	16
2644	15
2645	14
2646	20
2647	11
2648	9
2649	14
2650	12
2651	21
2652	8
2653	23
2654	14
2655	9
2656	13
2657	14
2658	10
2659	9
2660	16
2661	17
2662	13
2663	9
2664	14
2665	12
2666	17
2667	15
2668	18
2669	7
2670	21
2671	11
2672	21
2673	17
2674	15
2675	10
2676	12
2677	14
2678	15
2679	7
2680	19
2681	16
2682	17
2683	24
2684	11
2685	23
2686	15
2687	12
2688	14
2689	20
2690	16
2691	8
2692	14
2693	15
2694	16
2695	11
2696	13
2697	11
2698	14
2699	12
2700	18
2701	12
2702	7
2703	16
2704	15
2705	10
2706	16
2707	13
2708	12
2709	22
2710	14
2711	18
2712	15
2713	15
2714	15
2715	6
2716	15
2717	13
2718	14
2719	17
2720	17
2721	17
2722	13
2723	14
2724	16
2725	19
2726	10
2727	11
2728	18
2729	16
2730	11
2731	16
2732	15
2733	14
2734	15
2735	10
2736	14
2737	7
2738	15
2739	13
2740	11
2741	15
2742	7
2743	14
2744	16
2745	16
2746	9
2747	9
2748	22
2749	13
2750	15
2751	10
2752	13
2753	11
2754	14
2755	15
2756	14
2757	10
2758	11
2759	10
2760	15
2761	22
2762	16
2763	16
2764	12
2765	15
2766	12
2767	14
2768	15
2769	18
2770	9
2771	10
2772	21
2773	12
2774	12
2775	15
2776	8
2777	10
2778	14
2779	23
2780	14
2781	11
2782	17
2783	11
2784	13
2785	11
2786	17
2787	16
2788	15
2789	14
2790	18
2791	14
2792	15
2793	18
2794	19
2795	13
2796	9
2797	11
2798	20
2799	9
2800	17
2801	17
2802	17
2803	18
2804	15
2805	14
2806	25
2807	14
2808	14
2809	14
2810	14
2811	14
2812	15
2813	26
2814	14
2815	7
2816	14
2817	11
2818	22
2819	15
2820	13
2821	13
2822	11
2823	13
2824	15
2825	12
2826	10
2827	7
2828	18
2829	8
2830	19
2831	14
2832	11
2833	17
2834	16
2835	18
2836	13
2837	13
2838	14
2839	19
2840	15
2841	17
2842	20
2843	13
2844	15
2845	7
2846	8
2847	20
2848	12
2849	9
2850	14
2851	15
2852	11
2853	7
2854	19
2855	16
2856	7
2857	4
2858	10
2859	13
2860	9
2861	10
2862	19
2863	13
2864	15
2865	12
2866	12
2867	15
2868	17
2869	12
2870	13
2871	12
2872	12
2873	10
2874	18
2875	17
2876	10
2877	9
2878	10
2879	12
2880	19
2881	8
2882	7
2883	13
2884	8
2885	7
2886	14
2887	14
2888	10
2889	12
2890	10
2891	15
2892	9
2893	18
2894	14
2895	11
2896	14
2897	21
2898	15
2899	9
2900	12
2901	15
2902	12
2903	12
2904	14
2905	13
2906	14
2907	14
2908	13
2909	14
2910	14
2911	6
2912	13
2913	15
2914	13
2915	9
2916	14
2917	17
2918	11
2919	16
2920	14
2921	14
2922	15
2923	13
2924	16
2925	15
2926	20
2927	15
2928	7
2929	12
2930	14
2931	12
2932	12
2933	13
2934	24
2935	12
2936	18
2937	16
2938	10
2939	10
2940	19
2941	20
2942	14
2943	15
2944	11
2945	14
2946	14
2947	11
2948	13
2949	13
2950	10
2951	10
2952	15
2953	10
2954	7
2955	15
2956	16
2957	18
2958	15
2959	8
2960	12
2961	9
2962	14
2963	9
2964	16
2965	14
2966	12
2967	10
2968	14
2969	16
2970	20
2971	8
2972	11
2973	16
2974	7
2975	22
2976	15
2977	21
2978	7
2979	9
2980	11
2981	13
2982	15
2983	14
2984	7
2985	9
2986	4
2987	16
2988	13
2989	13
2990	3
2991	19
2992	14
2993	14
2994	19
2995	8
2996	14
2997	16
2998	17
2999	11
3000	16
3001	8
3002	8
3003	13
3004	19
3005	19
3006	10
3007	11
3008	17
3009	11
3010	13
3011	8
3012	15
3013	12
3014	14
3015	13
3016	16
3017	8
3018	11
3019	17
3020	10
3021	9
3022	16
3023	11
3024	13
3025	9
3026	12
3027	14
3028	12
3029	13
3030	16
3031	17
3032	13
3033	15
3034	12
3035	10
3036	10
3037	12
3038	9
3039	13
3040	11
3041	5
3042	10
3043	20
3044	15
3045	15
3046	8
3047	10
3048	19
3049	15
3050	13
3051	10
3052	8
3053	10
3054	12
3055	7
3056	16
3057	17
3058	15
3059	14
3060	16
3061	9
3062	10
3063	7
3064	12
3065	17
3066	9
3067	16
3068	15
3069	6
3070	17
3071	11
3072	8
3073	9
3074	14
3075	15
3076	10
3077	18
3078	11
3079	8
3080	7
3081	16
3082	9
3083	7
3084	11
3085	14
3086	19
3087	10
3088	14
3089	10
3090	19
3091	14
3092	18
3093	12
3094	19
3095	11
3096	8
3097	10
3098	12
3099	12
3100	14
3101	13
3102	15
3103	15
3104	10
3105	12
3106	14
3107	17
3108	9
3109	10
3110	10
3111	16
3112	11
3113	12
3114	13
3115	11
3116	15
3117	12
3118	10
3119	11
3120	14
3121	23
3122	9
3123	13
3124	13
3125	14
3126	12
3127	14
3128	8
3129	10
3130	12
3131	13
3132	10
3133	15
3134	11
3135	17
3136	12
3137	12
3138	8
3139	14
3140	12
3141	11
3142	14
3143	19
3144	16
3145	21
3146	7
3147	14
3148	6
3149	15
3150	13
3151	9
3152	14
3153	11
3154	13
3155	15
3156	12
3157	16
3158	10
3159	10
3160	10
3161	6
3162	11
3163	12
3164	10
3165	14
3166	12
3167	9
3168	15
3169	13
3170	11
3171	4
3172	15
3173	12
3174	15
3175	13
3176	6
3177	8
3178	8
3179	10
3180	18
3181	14
3182	12
3183	14
3184	18
3185	14
3186	11
3187	10
3188	6
3189	13
3190	11
3191	13
3192	16
3193	20
3194	18
3195	8
3196	14
3197	12
3198	9
3199	15
3200	12
3201	14
3202	14
3203	13
3204	13
3205	11
3206	14
3207	13
3208	11
3209	9
3210	16
3211	11
3212	8
3213	8
3214	10
3215	20
3216	13
3217	8
3218	13
3219	15
3220	10
3221	9
3222	11
3223	10
3224	8
3225	3
3226	9
3227	13
3228	10
3229	13
3230	15
3231	22
3232	9
3233	10
3234	13
3235	18
3236	6
3237	8
3238	13
3239	8
3240	17
3241	16
3242	9
3243	12
3244	12
3245	18
3246	9
3247	15
3248	9
3249	13
3250	7
3251	11
3252	9
3253	12
3254	10
3255	8
3256	9
3257	13
3258	12
3259	11
3260	9
3261	10
3262	9
3263	6
3264	12
3265	14
3266	16
3267	8
3268	17
3269	10
3270	11
3271	6
3272	15
3273	16
3274	9
3275	10
3276	9
3277	15
3278	7
3279	10
3280	11
3281	11
3282	9
3283	11
3284	9
3285	10
3286	12
3287	11
3288	7
3289	18
3290	4
3291	9
3292	9
3293	8
3294	7
3295	14
3296	7
3297	14
3298	12
3299	6
3300	10
3301	9
3302	12
3303	9
3304	12
3305	15
3306	8
3307	14
3308	7
3309	6
3310	9
3311	13
3312	9
3313	14
3314	13
3315	5
3316	13
3317	6
3318	10
3319	9
3320	15
3321	3
3322	8
3323	8
3324	13
3325	9
3326	8
3327	13
3328	13
3329	12
3330	17
3331	20
3332	5
3333	12
3334	10
3335	11
3336	7
3337	7
3338	9
3339	7
3340	12
3341	11
3342	9
3343	10
3344	16
3345	10
3346	12
3347	13
3348	7
3349	7
3350	6
3351	5
3352	16
3353	13
3354	7
3355	8
3356	10
3357	11
3358	8
3359	7
3360	11
3361	12
3362	11
3363	13
3364	14
3365	15
3366	9
3367	8
3368	9
3369	12
3370	8
3371	13
3372	5
3373	11
3374	5
3375	15
3376	14
3377	9
3378	9
3379	8
3380	22
3381	10
3382	8
3383	11
3384	10
3385	12
3386	14
3387	9
3388	11
3389	9
3390	17
3391	15
3392	7
3393	11
3394	12
3395	9
3396	11
3397	8
3398	8
3399	12
3400	6
3401	11
3402	13
3403	10
3404	8
3405	8
3406	9
3407	11
3408	11
3409	8
3410	12
3411	7
3412	16
3413	8
3414	6
3415	8
3416	5
3417	9
3418	13
3419	7
3420	10
3421	9
3422	7
3423	8
3424	5
3425	11
3426	12
3427	9
3428	13
3429	16
3430	8
3431	6
3432	11
3433	9
3434	10
3435	9
3436	16
3437	7
3438	5
3439	8
3440	8
3441	9
3442	11
3443	12
3444	6
3445	15
3446	8
3447	10
3448	8
3449	13
3450	13
3451	9
3452	8
3453	8
3454	8
3455	6
3456	15
3457	14
3458	9
3459	9
3460	9
3461	7
3462	16
3463	8
3464	7
3465	8
3466	9
3467	15
3468	16
3469	11
3470	7
3471	11
3472	12
3473	12
3474	4
3475	10
3476	10
3477	11
3478	8
3479	12
3480	14
3481	17
3482	8
3483	12
3484	7
3485	11
3486	11
3487	12
3488	12
3489	13
3490	10
3491	13
3492	12
3493	11
3494	13
3495	6
3496	12
3497	10
3498	8
3499	13
3500	12
3501	3
3502	14
3503	8
3504	8
3505	5
3506	5
3507	15
3508	4
3509	11
3510	11
3511	8
3512	8
3513	11
3514	10
3515	12
3516	14
3517	12
3518	9
3519	10
3520	9
3521	10
3522	6
3523	17
3524	12
3525	12
3526	8
3527	14
3528	8
3529	5
3530	9
3531	11
3532	13
3533	8
3534	9
3535	13
3536	9
3537	8
3538	16
3539	10
3540	9
3541	12
3542	12
3543	6
3544	6
3545	14
3546	6
3547	9
3548	7
3549	16
3550	12
3551	13
3552	6
3553	8
3554	6
3555	6
3556	8
3557	9
3558	6
3559	10
3560	4
3561	13
3562	5
3563	7
3564	15
3565	11
3566	9
3567	14
3568	17
3569	5
3570	9
3571	8
3572	9
3573	9
3574	8
3575	10
3576	8
3577	9
3578	12
3579	14
3580	18
3581	16
3582	13
3583	13
3584	15
3585	3
3586	15
3587	9
3588	9
3589	8
3590	5
3591	10
3592	14
3593	13
3594	12
3595	16
3596	10
3597	9
3598	13
3599	10
3600	9
3601	11
3602	15
3603	8
3604	10
3605	10
3606	12
3607	16
3608	14
3609	10
3610	13
3611	14
3612	10
3613	15
3614	14
3615	12
3616	4
3617	8
3618	11
3619	9
3620	16
3621	11
3622	12
3623	4
3624	8
3625	10
3626	18
3627	9
3628	9
3629	10
3630	15
3631	8
3632	10
3633	10
3634	7
3635	13
3636	6
3637	14
3638	8
3639	12
3640	8
3641	9
3642	15
3643	5
3644	7
3645	3
3646	12
3647	6
3648	9
3649	12
3650	20
3651	13
3652	11
3653	6
3654	13
3655	14
3656	8
3657	7
3658	17
3659	9
3660	7
3661	8
3662	11
3663	10
3664	13
3665	11
3666	3
3667	11
3668	3
3669	15
3670	10
3671	5
3672	13
3673	9
3674	1
3675	10
3676	7
3677	8
3678	9
3679	10
3680	7
3681	11
3682	9
3683	2
3684	12
3685	5
3686	13
3687	13
3688	10
3689	17
3690	9
3691	9
3692	12
3693	10
3694	14
3695	11
3696	16
3697	11
3698	6
3699	6
3700	9
3701	9
3702	13
3703	6
3704	10
3705	7
3706	8
3707	8
3708	12
3709	10
3710	9
3711	7
3712	11
3713	13
3714	6
3715	14
3716	9
3717	10
3718	6
3719	14
3720	8
3721	10
3722	9
3723	7
3724	3
3725	12
3726	8
3727	11
3728	10
3729	13
3730	15
3731	10
3732	8
3733	8
3734	6
3735	10
3736	9
3737	6
3738	10
3739	15
3740	13
3741	9
3742	5
3743	7
3744	12
3745	5
3746	11
3747	11
3748	9
3749	11
3750	11
3751	10
3752	11
3753	12
3754	16
3755	13
3756	10
3757	6
3758	11
3759	13
3760	9
3761	11
3762	12
3763	8
3764	15
3765	5
3766	6
3767	6
3768	6
3769	16
3770	11
3771	7
3772	11
3773	10
3774	13
3775	12
3776	13
3777	10
3778	12
3779	8
3780	11
3781	7
3782	8
3783	17
3784	11
3785	9
3786	9
3787	14
3788	16
3789	12
3790	10
3791	4
3792	11
3793	12
3794	11
3795	7
3796	11
3797	5
3798	13
3799	13
3800	11
3801	12
3802	6
3803	11
3804	11
3805	13
3806	10
3807	9
3808	10
3809	9
3810	14
3811	8
3812	15
3813	5
3814	9
3815	10
3816	13
3817	7
3818	8
3819	13
3820	11
3821	11
3822	10
3823	9
3824	11
3825	6
3826	14
3827	10
3828	6
3829	7
3830	4
3831	12
3832	13
3833	10
3834	13
3835	4
3836	12
3837	14
3838	9
3839	11
3840	9
3841	16
3842	8
3843	9
3844	11
3845	9
3846	9
3847	12
3848	10
3849	8
3850	9
3851	11
3852	8
3853	6
3854	16
3855	5
3856	11
3857	12
3858	8
3859	8
3860	8
3861	16
3862	7
3863	12
3864	10
3865	11
3866	11
3867	4
3868	9
3869	11
3870	12
3871	5
3872	9
3873	11
3874	10
3875	12
3876	15
3877	13
3878	10
3879	19
3880	9
3881	9
3882	12
3883	7
3884	12
3885	13
3886	11
3887	11
3888	9
3889	6
3890	7
3891	11
3892	7
3893	12
3894	18
3895	16
3896	9
3897	11
3898	8
3899	13
3900	14
3901	5
3902	11
3903	8
3904	11
3905	9
3906	8
3907	8
3908	9
3909	16
3910	8
3911	7
3912	10
3913	9
3914	13
3915	4
3916	12
3917	11
3918	14
3919	13
3920	10
3921	8
3922	11
3923	5
3924	7
3925	6
3926	9
3927	9
3928	14
3929	10
3930	14
3931	6
3932	12
3933	8
3934	11
3935	13
3936	10
3937	10
3938	7
3939	14
3940	6
3941	12
3942	15
3943	11
3944	6
3945	11
3946	11
3947	10
3948	10
3949	6
3950	10
3951	7
3952	7
3953	12
3954	10
3955	7
3956	5
3957	9
3958	8
3959	12
3960	13
3961	5
3962	8
3963	11
3964	6
3965	17
3966	6
3967	15
3968	12
3969	9
3970	11
3971	8
3972	8
3973	12
3974	10
3975	14
3976	6
3977	11
3978	9
3979	15
3980	12
3981	12
3982	10
3983	11
3984	15
3985	6
3986	7
3987	7
3988	18
3989	16
3990	14
3991	13
3992	13
3993	8
3994	9
3995	10
3996	14
3997	7
3998	9
3999	10
4000	9
4001	9
4002	14
4003	10
4004	9
4005	10
4006	6
4007	12
4008	6
4009	11
4010	14
4011	11
4012	5
4013	9
4014	7
4015	12
4016	9
4017	4
4018	5
4019	14
4020	9
4021	9
4022	6
4023	15
4024	7
4025	12
4026	15
4027	7
4028	9
4029	11
4030	12
4031	10
4032	7
4033	13
4034	13
4035	11
4036	5
4037	15
4038	12
4039	11
4040	11
4041	9
4042	19
4043	10
4044	11
4045	9
4046	7
4047	12
4048	6
4049	7
4050	10
4051	13
4052	12
4053	9
4054	12
4055	6
4056	12
4057	10
4058	12
4059	12
4060	4
4061	6
4062	9
4063	9
4064	9
4065	10
4066	9
4067	9
4068	11
4069	14
4070	10
4071	5
4072	12
4073	9
4074	5
4075	13
4076	9
4077	13
4078	11
4079	7
4080	7
4081	8
4082	7
4083	6
4084	7
4085	15
4086	11
4087	5
4088	9
4089	11
4090	6
4091	10
4092	12
4093	13
4094	14
4095	6
4096	13
4097	14
4098	7
4099	17
4100	8
4101	13
4102	11
4103	9
4104	12
4105	14
4106	12
4107	10
4108	22
4109	10
4110	10
4111	10
4112	5
4113	11
4114	16
4115	7
4116	8
4117	9
4118	14
4119	12
4120	13
4121	17
4122	9
4123	7
4124	11
4125	7
4126	15
4127	5
4128	8
4129	9
4130	13
4131	10
4132	10
4133	6
4134	17
4135	14
4136	9
4137	9
4138	9
4139	15
4140	8
4141	7
4142	12
4143	6
4144	13
4145	10
4146	10
4147	8
4148	9
4149	15
4150	8
4151	12
4152	21
4153	9
4154	17
4155	14
4156	10
4157	13
4158	9
4159	9
4160	12
4161	11
4162	10
4163	8
4164	8
4165	19
4166	16
4167	18
4168	9
4169	11
4170	8
4171	16
4172	5
4173	12
4174	11
4175	12
4176	11
4177	9
4178	8
4179	12
4180	8
4181	11
4182	12
4183	14
4184	17
4185	14
4186	4
4187	12
4188	14
4189	11
4190	12
4191	14
4192	15
4193	14
4194	15
4195	18
4196	14
4197	13
4198	7
4199	16
4200	14
4201	9
4202	9
4203	12
4204	8
4205	18
4206	11
4207	6
4208	17
4209	13
4210	9
4211	15
4212	10
4213	13
4214	6
4215	7
4216	7
4217	8
4218	9
4219	8
4220	12
4221	16
4222	8
4223	10
4224	16
4225	6
4226	14
4227	7
4228	14
4229	14
4230	14
4231	9
4232	11
4233	18
4234	11
4235	12
4236	6
4237	14
4238	7
4239	10
4240	12
4241	8
4242	11
4243	13
4244	12
4245	4
4246	12
4247	15
4248	3
4249	12
4250	15
4251	7
4252	13
4253	17
4254	14
4255	10
4256	12
4257	12
4258	12
4259	7
4260	16
4261	12
4262	12
4263	9
4264	20
4265	16
4266	14
4267	13
4268	8
4269	12
4270	15
4271	12
4272	5
4273	5
4274	9
4275	6
4276	11
4277	9
4278	14
4279	7
4280	14
4281	9
4282	14
4283	13
4284	7
4285	14
4286	9
4287	13
4288	18
4289	14
4290	11
4291	14
4292	17
4293	9
4294	16
4295	10
4296	13
4297	12
4298	19
4299	11
4300	11
4301	11
4302	11
4303	10
4304	12
4305	11
4306	4
4307	17
4308	7
4309	10
4310	13
4311	15
4312	12
4313	9
4314	8
4315	10
4316	13
4317	13
4318	10
4319	12
4320	9
4321	14
4322	7
4323	14
4324	9
4325	26
4326	14
4327	16
4328	13
4329	12
4330	12
4331	21
4332	12
4333	11
4334	13
4335	15
4336	14
4337	14
4338	11
4339	14
4340	13
4341	12
4342	11
4343	17
4344	10
4345	16
4346	12
4347	12
4348	8
4349	6
4350	10
4351	12
4352	10
4353	8
4354	11
4355	16
4356	14
4357	10
4358	13
4359	10
4360	13
4361	15
4362	16
4363	12
4364	7
4365	12
4366	12
4367	15
4368	14
4369	18
4370	19
4371	15
4372	7
4373	13
4374	9
4375	17
4376	16
4377	15
4378	14
4379	12
4380	11
4381	12
4382	12
4383	13
4384	14
4385	13
4386	10
4387	14
4388	12
4389	10
4390	14
4391	7
4392	6
4393	4
4394	8
4395	14
4396	13
4397	12
4398	18
4399	10
4400	12
4401	16
4402	15
4403	9
4404	13
4405	11
4406	20
4407	16
4408	16
4409	15
4410	14
4411	12
4412	13
4413	8
4414	14
4415	12
4416	10
4417	18
4418	11
4419	24
4420	7
4421	14
4422	17
4423	10
4424	10
4425	22
4426	10
4427	19
4428	17
4429	14
4430	16
4431	12
4432	18
4433	11
4434	20
4435	18
4436	14
4437	17
4438	15
4439	17
4440	18
4441	11
4442	8
4443	19
4444	13
4445	7
4446	10
4447	10
4448	26
4449	12
4450	19
4451	14
4452	16
4453	17
4454	15
4455	10
4456	12
4457	10
4458	15
4459	10
4460	12
4461	11
4462	12
4463	12
4464	20
4465	17
4466	10
4467	18
4468	16
4469	16
4470	17
4471	7
4472	18
4473	25
4474	19
4475	15
4476	20
4477	18
4478	17
4479	13
4480	12
4481	18
4482	15
4483	15
4484	20
4485	9
4486	18
4487	13
4488	21
4489	11
4490	15
4491	19
4492	14
4493	16
4494	17
4495	13
4496	17
4497	12
4498	15
4499	11
4500	21
4501	21
4502	20
4503	13
4504	24
4505	18
4506	18
4507	18
4508	19
4509	12
4510	16
4511	25
4512	12
4513	20
4514	10
4515	14
4516	23
4517	16
4518	13
4519	22
4520	14
4521	14
4522	13
4523	16
4524	13
4525	10
4526	13
4527	17
4528	18
4529	14
4530	25
4531	20
4532	18
4533	16
4534	28
4535	9
4536	13
4537	22
4538	20
4539	12
4540	15
4541	15
4542	12
4543	12
4544	13
4545	16
4546	10
4547	13
4548	17
4549	18
4550	12
4551	18
4552	18
4553	11
4554	15
4555	20
4556	16
4557	14
4558	21
4559	17
4560	12
4561	17
4562	15
4563	6
4564	19
4565	21
4566	21
4567	11
4568	23
4569	16
4570	18
4571	18
4572	21
4573	24
4574	13
4575	22
4576	18
4577	18
4578	20
4579	15
4580	19
4581	18
4582	21
4583	19
4584	17
4585	17
4586	24
4587	24
4588	20
4589	17
4590	18
4591	14
4592	18
4593	17
4594	18
4595	14
4596	16
4597	24
4598	15
4599	21
4600	17
4601	18
4602	29
4603	18
4604	16
4605	18
4606	17
4607	26
4608	19
4609	16
4610	32
4611	14
4612	21
4613	13
4614	19
4615	22
4616	13
4617	18
4618	17
4619	26
4620	20
4621	20
4622	25
4623	20
4624	25
4625	22
4626	25
4627	21
4628	20
4629	13
4630	22
4631	24
4632	15
4633	20
4634	19
4635	10
4636	22
4637	20
4638	18
4639	19
4640	20
4641	16
4642	17
4643	15
4644	21
4645	21
4646	12
4647	24
4648	18
4649	15
4650	25
4651	9
4652	19
4653	15
4654	22
4655	24
4656	23
4657	21
4658	12
4659	21
4660	18
4661	23
4662	16
4663	19
4664	15
4665	18
4666	21
4667	23
4668	17
4669	14
4670	19
4671	29
4672	21
4673	16
4674	15
4675	24
4676	25
4677	23
4678	24
4679	19
4680	20
4681	17
4682	27
4683	22
4684	21
4685	16
4686	14
4687	17
4688	18
4689	17
4690	15
4691	20
4692	19
4693	16
4694	17
4695	22
4696	17
4697	20
4698	11
4699	15
4700	25
4701	22
4702	16
4703	25
4704	14
4705	16
4706	23
4707	18
4708	20
4709	24
4710	19
4711	15
4712	27
4713	20
4714	18
4715	19
4716	17
4717	24
4718	18
4719	16
4720	15
4721	16
4722	26
4723	23
4724	22
4725	16
4726	14
4727	24
4728	24
4729	15
4730	20
4731	18
4732	14
4733	15
4734	14
4735	23
4736	16
4737	20
4738	18
4739	19
4740	15
4741	20
4742	15
4743	20
4744	29
4745	16
4746	17
4747	15
4748	23
4749	12
4750	19
4751	19
4752	22
4753	19
4754	15
4755	20
4756	22
4757	22
4758	16
4759	23
4760	18
4761	15
4762	21
4763	13
4764	22
4765	15
4766	20
4767	17
4768	22
4769	11
4770	17
4771	13
4772	10
4773	16
4774	18
4775	15
4776	21
4777	14
4778	17
4779	9
4780	15
4781	20
4782	23
4783	21
4784	17
4785	11
4786	15
4787	15
4788	19
4789	22
4790	10
4791	20
4792	14
4793	15
4794	16
4795	18
4796	19
4797	11
4798	14
4799	16
4800	12
4801	8
4802	20
4803	9
4804	14
4805	9
4806	19
4807	17
4808	12
4809	17
4810	11
4811	17
4812	12
4813	14
4814	15
4815	12
4816	20
4817	14
4818	14
4819	8
4820	15
4821	15
4822	13
4823	17
4824	13
4825	10
4826	14
4827	12
4828	11
4829	7
4830	11
4831	14
4832	13
4833	11
4834	11
4835	8
4836	21
4837	13
4838	14
4839	10
4840	13
4841	11
4842	7
4843	8
4844	21
4845	4
4846	18
4847	10
4848	9
4849	9
4850	9
4851	12
4852	12
4853	8
4854	13
4855	17
4856	11
4857	13
4858	14
4859	9
4860	11
4861	8
4862	7
4863	12
4864	14
4865	4
4866	18
4867	13
4868	10
4869	7
4870	10
4871	10
4872	11
4873	9
4874	7
4875	8
4876	8
4877	9
4878	5
4879	9
4880	11
4881	11
4882	6
4883	10
4884	11
4885	15
4886	6
4887	6
4888	4
4889	9
4890	13
4891	3
4892	12
4893	4
4894	9
4895	3
4896	6
4897	8
4898	4
4899	8
4900	8
4901	10
4902	10
4903	16
4904	9
4905	7
4906	5
4907	14
4908	4
4909	7
4910	4
4911	3
4912	9
4913	8
4914	5
4915	5
4916	4
4917	8
4918	5
4919	4
4920	6
4921	7
4922	8
4923	5
4924	9
4925	4
4926	7
4927	7
4928	7
4929	5
4930	5
4931	2
4932	3
4933	4
4934	7
4935	6
4936	3
4937	8
4938	4
4939	3
4940	6
4941	8
4942	8
4943	3
4944	5
4945	7
4946	7
4947	4
4948	6
4949	5
4950	3
4951	8
4952	3
4953	4
4954	5
4955	3
4956	3
4957	5
4958	3
4959	1
4960	7
4961	3
4962	4
4963	1
4964	5
4965	3
4966	7
4967	4
4968	2
4969	4
4970	8
4971	3
4972	4
4973	5
4974	4
4975	3
4976	4
4977	5
4978	1
4979	3
4980	6
4981	0
4982	4
4983	3
4984	6
4985	5
4986	4
4987	1
4988	3
4989	1
4990	3
4991	5
4992	3
4993	4
4994	0
4995	3
4996	3
4997	2
4998	3
4999	2
5000	2
5001	1
5002	4
5003	0
5004	2
5005	1
5006	4
5007	2
5008	3
5009	1
5010	1
5011	2
5012	4
5013	1
5014	3
5015	0
5016	3
5017	1
5018	3
5019	2
5020	2
5021	3
5022	2
5023	3
5024	2
5025	5
5026	1
5027	1
5028	0
5029	0
5030	2
5031	1
5032	1
5033	1
5034	3
5035	2
5036	3
5037	5
5038	0
5039	1
5040	1
5041	0
5042	6
5043	1
5044	3
5045	3
5046	1
5047	1
5048	1
5049	1
5050	2
5051	2
5052	1
5053	1
5054	0
5055	2
5056	1
5057	4
5058	1
5059	3
5060	0
5061	2
5062	1
5063	0
5064	1
5065	1
5066	1
5067	0
5068	5
5069	0
5070	1
5071	1
5072	4
5073	0
5074	1
5075	0
5076	0
5077	1
5078	1
5079	0
5080	2
5081	1
5082	0
5083	2
5084	0
5085	2
5086	1
5087	0
5088	0
5089	0
5090	0
5091	0
5092	0
5093	2
5094	1
5095	0
5096	0
5097	4
5098	0
5099	0
5100	1
5101	0
5102	0
5103	2
5104	0
5105	2
5106	0
5107	1
5108	0
5109	1
5110	2
5111	1
5112	1
5113	0
5114	1
5115	0
5116	0
5117	0
5118	0
5119	0
5120	0
5121	0
5122	1
5123	0
5124	0
5125	0
5126	1
5127	0
5128	2
5129	2
5130	0
5131	0
5132	1
5133	0
5134	1
5135	0
5136	0
5137	1
5138	0
5139	1
5140	1
5141	0
5142	2
5143	0
5144	0
5145	1
5146	0
5147	1
5148	0
5149	0
5150	1
5151	2
5152	0
5153	0
5154	1
5155	0
5156	0
5157	0
5158	1
5159	0
5160	0
5161	1
5162	0
5163	0
5164	0
5165	1
5166	2
5167	1
5168	2
5169	0
5170	0
5171	2
5172	0
5173	0
5174	2
5175	0
5176	0
5177	0
5178	1
5179	1
5180	1
5181	0
5182	0
5183	0
5184	1
5185	0
5186	2
5187	0
5188	1
5189	2
5190	2
5191	0
5192	0
5193	0
5194	0
5195	0
5196	1
5197	0
5198	0
5199	1
5200	0
5201	1
5202	1
5203	2
5204	0
5205	0
5206	0
5207	0
5208	1
5209	0
5210	1
5211	1
5212	0
5213	1
5214	2
5215	0
5216	0
5217	0
5218	0
5219	2
5220	0
5221	0
5222	0
5223	1
5224	0
5225	0
5226	1
5227	0
5228	0
5229	1
5230	0
5231	0
5232	0
5233	2
5234	0
5235	2
5236	1
5237	0
5238	1
5239	2
5240	0
5241	0
5242	1
5243	0
5244	0
5245	0
5246	1
5247	0
5248	2
5249	3
5250	2
5251	1
5252	0
5253	0
5254	1
5255	0
5256	2
5257	0
5258	0
5259	0
5260	1
5261	1
5262	0
5263	0
5264	0
5265	1
5266	0
5267	1
5268	1
5269	2
5270	1
5271	1
5272	1
5273	1
5274	0
5275	0
5276	2
5277	0
5278	0
5279	0
5280	0
5281	0
5282	3
5283	0
5284	1
5285	1
5286	0
5287	0
5288	0
5289	1
5290	0
5291	0
5292	1
5293	1
5294	0
5295	2
5296	0
5297	0
5298	0
5299	0
5300	0
5301	1
5302	0
5303	1
5304	0
5305	2
5306	0
5307	0
5308	0
5309	0
5310	2
5311	0
5312	0
5313	0
5314	1
5315	0
5316	0
5317	0
5318	1
5319	0
5320	0
5321	0
5322	1
5323	0
5324	3
5325	0
5326	1
5327	0
5328	0
5329	0
5330	0
5331	1
5332	0
5333	1
5334	0
5335	0
5336	1
5337	1
5338	0
5339	0
5340	2
5341	0
5342	1
5343	0
5344	0
5345	0
5346	1
5347	0
5348	0
5349	0
5350	0
5351	1
5352	0
5353	0
5354	0
5355	0
5356	0
5357	0
5358	1
5359	0
5360	0
5361	0
5362	1
5363	1
5364	2
5365	0
5366	0
5367	1
5368	0
5369	0
5370	0
5371	0
5372	0
5373	1
5374	0
5375	1
5376	1
5377	0
5378	1
5379	1
5380	0
5381	1
5382	1
5383	0
5384	0
5385	0
5386	2
5387	0
5388	0
5389	1
5390	0
5391	0
5392	1
5393	0
5394	0
5395	1
5396	1
5397	0
5398	0
5399	0
5400	0
5401	3
5402	1
5403	0
5404	0
5405	0
5406	0
5407	0
5408	0
5409	0
5410	0
5411	0
5412	1
5413	0
5414	1
5415	1
5416	0
5417	0
5418	1
5419	0
5420	0
5421	1
5422	1
5423	0
5424	1
5425	0
5426	1
5427	0
5428	0
5429	0
5430	0
5431	2
5432	1
5433	0
5434	0
5435	0
5436	0
5437	0
5438	2
5439	2
5440	1
5441	0
5442	0
5443	0
5444	0
5445	0
5446	1
5447	0
5448	1
5449	1
5450	0
5451	0
5452	0
5453	0
5454	0
5455	0
5456	0
5457	0
5458	1
5459	0
5460	0
5461	1
5462	0
5463	0
5464	1
5465	0
5466	0
5467	2
5468	0
5469	0
5470	0
5471	1
5472	0
5473	0
5474	0
5475	2
5476	0
5477	1
5478	1
5479	1
5480	1
5481	0
5482	0
5483	1
5484	1
5485	0
5486	2
5487	1
5488	1
5489	0
5490	0
5491	0
5492	0
5493	0
5494	0
5495	1
5496	1
5497	0
5498	0
5499	1
5500	1
5501	0
5502	1
5503	0
5504	0
5505	0
5506	0
5507	1
5508	0
5509	0
5510	1
5511	0
5512	0
5513	0
5514	0
5515	1
5516	0
5517	1
5518	0
5519	0
5520	0
5521	2
5522	1
5523	0
5524	1
5525	0
5526	0
5527	2
5528	0
5529	1
5530	1
5531	1
5532	1
5533	0
5534	1
5535	0
5536	0
5537	0
5538	0
5539	0
5540	1
5541	0
5542	0
5543	0
5544	1
5545	0
5546	1
5547	0
5548	1
5549	1
5550	1
5551	0
5552	0
5553	1
5554	0
5555	0
5556	1
5557	0
5558	0
5559	0
5560	0
5561	0
5562	1
5563	0
5564	0
5565	0
5566	0
5567	0
5568	0
5569	1
5570	0
5571	1
5572	1
5573	1
5574	0
5575	0
5576	1
5577	0
5578	1
5579	0
5580	1
5581	0
5582	0
5583	1
5584	1
5585	0
5586	1
5587	0
5588	0
5589	1
5590	0
5591	2
5592	0
5593	1
5594	0
5595	1
5596	0
5597	0
5598	1
5599	0
5600	1
5601	0
5602	1
5603	0
5604	1
5605	0
5606	0
5607	1
5608	0
5609	1
5610	0
5611	1
5612	0
5613	0
5614	0
5615	1
5616	0
5617	1
5618	0
5619	0
5620	1
5621	1
5622	1
5623	0
5624	1
5625	0
5626	1
5627	0
5628	2
5629	2
5630	1
5631	3
5632	0
5633	0
5634	0
5635	2
5636	0
5637	0
5638	2
5639	1
5640	0
5641	0
5642	0
5643	0
5644	0
5645	1
5646	1
5647	1
5648	0
5649	0
5650	2
5651	0
5652	0
5653	0
5654	0
5655	0
5656	0
5657	0
5658	0
5659	1
5660	1
5661	1
5662	1
5663	0
5664	2
5665	2
5666	0
5667	0
5668	1
5669	0
5670	1
5671	2
5672	0
5673	0
5674	2
5675	1
5676	0
5677	0
5678	1
5679	1
5680	1
5681	0
5682	0
5683	1
5684	1
5685	0
5686	1
5687	0
5688	0
5689	1
5690	0
5691	0
5692	1
5693	0
5694	0
5695	0
5696	0
5697	1
5698	0
5699	2
5700	0
5701	0
5702	0
5703	0
5704	0
5705	0
5706	1
5707	1
5708	0
5709	0
5710	0
5711	1
5712	0
5713	1
5714	1
5715	0
5716	0
5717	1
5718	1
5719	0
5720	0
5721	0
5722	1
5723	0
5724	0
5725	1
5726	2
5727	0
5728	0
5729	1
5730	0
5731	0
5732	0
5733	0
5734	1
5735	1
5736	3
5737	0
5738	0
5739	1
5740	1
5741	1
5742	0
5743	2
5744	0
5745	0
5746	1
5747	1
5748	2
5749	1
5750	0
5751	0
5752	1
5753	0
5754	0
5755	1
5756	1
5757	1
5758	0
5759	2
5760	0
5761	0
5762	1
5763	0
5764	1
5765	0
5766	1
5767	0
5768	0
5769	0
5770	0
5771	1
5772	0
5773	1
5774	1
5775	0
5776	0
5777	1
5778	0
5779	0
5780	0
5781	2
5782	1
5783	1
5784	1
5785	1
5786	1
5787	0
5788	0
5789	0
5790	0
5791	0
5792	0
5793	1
5794	0
5795	0
5796	0
5797	0
5798	0
5799	0
5800	0
5801	0
5802	0
5803	0
5804	0
5805	1
5806	0
5807	1
5808	1
5809	0
5810	1
5811	1
5812	2
5813	0
5814	1
5815	1
5816	0
5817	1
5818	0
5819	0
5820	0
5821	1
5822	0
5823	0
5824	0
5825	1
5826	1
5827	0
5828	0
5829	1
5830	0
5831	0
5832	0
5833	1
5834	0
5835	1
5836	1
5837	0
5838	0
5839	0
5840	1
5841	2
5842	0
5843	0
5844	1
5845	1
5846	1
5847	0
5848	0
5849	2
5850	0
5851	1
5852	0
5853	1
5854	0
5855	0
5856	0
5857	1
5858	1
5859	1
5860	1
5861	1
5862	1
5863	1
5864	0
5865	0
5866	2
5867	0
5868	0
5869	0
5870	1
5871	0
5872	1
5873	0
5874	0
5875	1
5876	0
5877	1
5878	1
5879	0
5880	0
5881	2
5882	0
5883	1
5884	0
5885	2
5886	1
5887	0
5888	0
5889	0
5890	2
5891	0
5892	0
5893	0
5894	0
5895	0
5896	2
5897	2
5898	0
5899	0
5900	0
5901	1
5902	0
5903	2
5904	1
5905	2
5906	0
5907	1
5908	0
5909	2
5910	1
5911	0
5912	0
5913	1
5914	1
5915	0
5916	0
5917	0
5918	1
5919	0
5920	0
5921	2
5922	0
5923	1
5924	1
5925	1
5926	0
5927	2
5928	1
5929	0
5930	0
5931	0
5932	0
5933	2
5934	1
5935	0
5936	0
5937	1
5938	0
5939	0
5940	3
5941	0
5942	0
5943	0
5944	1
5945	0
5946	0
5947	0
5948	0
5949	0
5950	0
5951	1
5952	0
5953	1
5954	0
5955	0
5956	0
5957	0
5958	0
5959	0
5960	0
5961	0
5962	0
5963	0
5964	1
5965	0
5966	0
5967	0
5968	0
5969	0
5970	0
5971	0
5972	1
5973	0
5974	1
5975	0
5976	1
5977	1
5978	2
5979	1
5980	1
5981	0
5982	0
5983	0
5984	0
5985	0
5986	0
5987	1
5988	0
5989	1
5990	1
5991	1
5992	2
5993	0
5994	0
5995	1
5996	0
5997	0
5998	0
5999	0
6000	1
6001	1
6002	1
6003	0
6004	1
6005	1
6006	0
6007	1
6008	0
6009	0
6010	0
6011	0
6012	1
6013	0
6014	0
6015	1
6016	0
6017	2
6018	0
6019	0
6020	0
6021	2
6022	1
6023	1
6024	0
6025	0
6026	1
6027	1
6028	0
6029	0
6030	0
6031	1
6032	0
6033	0
6034	0
6035	0
6036	0
6037	1
6038	0
6039	1
6040	0
6041	0
6042	0
6043	0
6044	0
6045	1
6046	1
6047	0
6048	1
6049	1
6050	0
6051	3
6052	0
6053	1
6054	1
6055	0
6056	0
6057	1
6058	0
6059	0
6060	0
6061	0
6062	0
6063	0
6064	0
6065	0
6066	0
6067	0
6068	0
6069	1
6070	0
6071	0
6072	1
6073	0
6074	1
6075	0
6076	0
6077	1
6078	0
6079	0
6080	2
6081	0
6082	0
6083	0
6084	2
6085	0
6086	0
6087	0
6088	0
6089	1
6090	0
6091	0
6092	0
6093	1
6094	0
6095	0
6096	0
6097	1
6098	0
6099	1
6100	0
6101	0
6102	0
6103	0
6104	0
6105	1
6106	1
6107	0
6108	0
6109	0
6110	2
6111	1
6112	0
6113	1
6114	0
6115	0
6116	0
6117	0
6118	0
6119	1
6120	1
6121	0
6122	0
6123	1
6124	0
6125	1
6126	0
6127	1
6128	0
6129	0
6130	0
6131	1
6132	3
6133	0
6134	0
6135	2
6136	1
6137	0
6138	1
6139	0
6140	0
6141	0
6142	0
6143	0
6144	0
6145	0
6146	0
6147	0
6148	1
6149	0
6150	1
6151	0
6152	0
6153	2
6154	0
6155	0
6156	2
6157	0
6158	0
6159	0
6160	0
6161	2
6162	0
6163	0
6164	0
6165	0
6166	0
6167	1
6168	0
6169	0
6170	0
6171	0
6172	0
6173	0
6174	0
6175	0
6176	0
6177	0
6178	0
6179	1
6180	1
6181	0
6182	0
6183	0
6184	1
6185	0
6186	2
6187	1
6188	0
6189	0
6190	0
6191	1
6192	0
6193	0
6194	1
6195	0
6196	0
6197	0
6198	0
6199	1
6200	1
6201	0
6202	0
6203	1
6204	1
6205	1
6206	0
6207	0
6208	0
6209	0
6210	0
6211	0
6212	1
6213	0
6214	0
6215	0
6216	1
6217	0
6218	1
6219	1
6220	0
6221	0
6222	0
6223	0
6224	1
6225	1
6226	1
6227	1
6228	1
6229	1
6230	0
6231	0
6232	1
6233	0
6234	1
6235	0
6236	1
6237	1
6238	0
6239	0
6240	0
6241	0
6242	1
6243	0
6244	0
6245	0
6246	0
6247	0
6248	1
6249	0
6250	0
6251	0
6252	1
6253	0
6254	0
6255	0
6256	0
6257	0
6258	0
6259	0
6260	0
6261	0
6262	0
6263	1
6264	0
6265	0
6266	0
6267	0
6268	0
6269	0
6270	0
6271	1
6272	0
6273	1
6274	0
6275	1
6276	0
6277	1
6278	0
6279	1
6280	0
6281	0
6282	0
6283	0
6284	0
6285	1
6286	0
6287	1
6288	0
6289	0
6290	0
6291	1
6292	0
6293	0
6294	3
6295	0
6296	0
6297	0
6298	2
6299	0
6300	1
6301	0
6302	1
6303	0
6304	0
6305	1
6306	0
6307	0
6308	1
6309	0
6310	0
6311	0
6312	0
6313	0
6314	2
6315	0
6316	0
6317	1
6318	0
6319	0
6320	1
6321	1
6322	0
6323	0
6324	1
6325	1
6326	2
6327	2
6328	0
6329	1
6330	0
6331	1
6332	1
6333	0
6334	0
6335	0
6336	0
6337	0
6338	0
6339	1
6340	0
6341	0
6342	1
6343	1
6344	0
6345	0
6346	0
6347	0
6348	0
6349	1
6350	0
6351	1
6352	0
6353	0
6354	1
6355	0
6356	1
6357	0
6358	0
6359	0
6360	0
6361	1
6362	0
6363	0
6364	0
6365	0
6366	1
6367	1
6368	0
6369	1
6370	3
6371	2
6372	1
6373	1
6374	0
6375	1
6376	2
6377	0
6378	0
6379	2
6380	1
6381	1
6382	1
6383	1
6384	1
6385	0
6386	0
6387	1
6388	0
6389	0
6390	0
6391	0
6392	2
6393	0
6394	0
6395	0
6396	1
6397	1
6398	1
6399	2
6400	0
6401	0
6402	1
6403	0
6404	0
6405	0
6406	1
6407	1
6408	0
6409	0
6410	0
6411	0
6412	1
6413	2
6414	1
6415	1
6416	0
6417	1
6418	0
6419	1
6420	0
6421	0
6422	0
6423	1
6424	0
6425	0
6426	0
6427	1
6428	1
6429	0
6430	0
6431	1
6432	0
6433	0
6434	0
6435	0
6436	2
6437	0
6438	2
6439	0
6440	0
6441	1
6442	3
6443	0
6444	2
6445	2
6446	1
6447	2
6448	0
6449	0
6450	1
6451	0
6452	1
6453	0
6454	0
6455	0
6456	0
6457	2
6458	1
6459	0
6460	0
6461	0
6462	0
6463	0
6464	1
6465	1
6466	2
6467	1
6468	1
6469	0
6470	1
6471	1
6472	0
6473	0
6474	2
6475	2
6476	0
6477	0
6478	0
6479	2
6480	1
6481	0
6482	0
6483	0
6484	1
6485	1
6486	1
6487	0
6488	0
6489	0
6490	0
6491	0
6492	1
6493	1
6494	1
6495	0
6496	0
6497	0
6498	0
6499	0
6500	0
6501	1
6502	0
6503	1
6504	0
6505	0
6506	0
6507	1
6508	0
6509	1
6510	1
6511	1
6512	1
6513	1
6514	0
6515	1
6516	0
6517	2
6518	0
6519	1
6520	1
6521	1
6522	0
6523	0
6524	0
6525	0
6526	0
6527	0
6528	0
6529	0
6530	0
6531	1
6532	1
6533	1
6534	1
6535	0
6536	2
6537	0
6538	2
6539	0
6540	0
6541	1
6542	0
6543	0
6544	1
6545	0
6546	1
6547	1
6548	2
6549	0
6550	0
6551	0
6552	0
6553	0
6554	2
6555	1
6556	2
6557	0
6558	0
6559	1
6560	1
6561	1
6562	0
6563	1
6564	0
6565	0
6566	1
6567	0
6568	0
6569	1
6570	0
6571	0
6572	1
6573	0
6574	1
6575	0
6576	0
6577	0
6578	0
6579	0
6580	0
6581	1
6582	1
6583	1
6584	0
6585	1
6586	1
6587	1
6588	0
6589	0
6590	1
6591	0
6592	1
6593	0
6594	0
6595	0
6596	0
6597	1
6598	0
6599	1
6600	0
6601	0
6602	0
6603	0
6604	0
6605	0
6606	0
6607	0
6608	0
6609	0
6610	0
6611	1
6612	0
6613	0
6614	1
6615	0
6616	1
6617	0
6618	0
6619	1
6620	0
6621	0
6622	0
6623	0
6624	1
6625	0
6626	1
6627	1
6628	1
6629	1
6630	0
6631	0
6632	2
6633	0
6634	1
6635	0
6636	0
6637	0
6638	1
6639	0
6640	0
6641	0
6642	1
6643	0
6644	0
6645	0
6646	0
6647	0
6648	1
6649	0
6650	1
6651	0
6652	1
6653	0
6654	1
6655	0
6656	0
6657	1
6658	0
6659	0
6660	0
6661	0
6662	0
6663	2
6664	1
6665	1
6666	0
6667	0
6668	0
6669	0
6670	0
6671	1
6672	0
6673	1
6674	0
6675	1
6676	1
6677	0
6678	0
6679	0
6680	0
6681	1
6682	0
6683	1
6684	0
6685	0
6686	1
6687	1
6688	0
6689	1
6690	0
6691	0
6692	0
6693	0
6694	0
6695	1
6696	1
6697	1
6698	0
6699	1
6700	0
6701	1
6702	0
6703	0
6704	0
6705	0
6706	0
6707	0
6708	0
6709	0
6710	1
6711	0
6712	1
6713	1
6714	0
6715	1
6716	1
6717	0
6718	2
6719	0
6720	0
6721	1
6722	0
6723	0
6724	0
6725	0
6726	2
6727	0
6728	1
6729	0
6730	0
6731	0
6732	0
6733	1
6734	0
6735	0
6736	1
6737	0
6738	0
6739	0
6740	1
6741	1
6742	0
6743	1
6744	0
6745	1
6746	1
6747	0
6748	0
6749	1
6750	0
6751	0
6752	0
6753	0
6754	0
6755	0
6756	0
6757	0
6758	0
6759	0
6760	0
6761	1
6762	1
6763	0
6764	0
6765	0
6766	0
6767	0
6768	0
6769	1
6770	1
6771	0
6772	0
6773	0
6774	0
6775	0
6776	0
6777	1
6778	0
6779	0
6780	0
6781	1
6782	0
6783	0
6784	0
6785	0
6786	0
6787	0
6788	2
6789	1
6790	1
6791	0
6792	0
6793	0
6794	0
6795	0
6796	0
6797	2
6798	1
6799	1
6800	1
6801	1
6802	0
6803	1
6804	0
6805	2
6806	0
6807	0
6808	1
6809	0
6810	3
6811	3
6812	0
6813	1
6814	0
6815	0
6816	1
6817	0
6818	0
6819	3
6820	1
6821	0
6822	0
6823	0
6824	0
6825	0
6826	2
6827	1
6828	0
6829	2
6830	0
6831	0
6832	1
6833	0
6834	1
6835	0
6836	0
6837	0
6838	0
6839	1
6840	2
6841	1
6842	0
6843	0
6844	1
6845	0
6846	1
6847	0
6848	1
6849	0
6850	1
6851	0
6852	1
6853	2
6854	1
6855	1
6856	0
6857	1
6858	1
6859	0
6860	2
6861	1
6862	1
6863	0
6864	1
6865	0
6866	0
6867	0
6868	0
6869	0
6870	0
6871	0
6872	0
6873	0
6874	1
6875	2
6876	0
6877	2
6878	0
6879	0
6880	3
6881	0
6882	2
6883	0
6884	0
6885	0
6886	0
6887	0
6888	1
6889	2
6890	1
6891	1
6892	0
6893	0
6894	0
6895	0
6896	0
6897	1
6898	1
6899	0
6900	1
6901	0
6902	1
6903	1
6904	0
6905	2
6906	0
6907	1
6908	2
6909	1
6910	0
6911	1
6912	0
6913	1
6914	0
6915	0
6916	0
6917	0
6918	0
6919	0
6920	1
6921	1
6922	0
6923	1
6924	0
6925	0
6926	0
6927	0
6928	0
6929	0
6930	1
6931	2
6932	0
6933	0
6934	0
6935	0
6936	0
6937	0
6938	1
6939	0
6940	1
6941	0
6942	1
6943	2
6944	0
6945	1
6946	0
6947	0
6948	1
6949	1
6950	0
6951	0
6952	1
6953	0
6954	0
6955	0
6956	0
6957	0
6958	1
6959	0
6960	0
6961	0
6962	2
6963	0
6964	0
6965	0
6966	1
6967	0
6968	0
6969	0
6970	1
6971	0
6972	0
6973	0
6974	0
6975	0
6976	0
6977	0
6978	0
6979	0
6980	0
6981	0
6982	0
6983	0
6984	1
6985	0
6986	0
6987	2
6988	1
6989	0
6990	0
6991	1
6992	0
6993	1
6994	0
6995	0
6996	0
6997	1
6998	1
6999	0
7000	0
7001	1
7002	1
7003	0
7004	1
7005	0
7006	1
7007	1
7008	1
7009	0
7010	0
7011	0
7012	0
7013	0
7014	0
7015	1
7016	0
7017	0
7018	0
7019	0
7020	0
7021	1
7022	0
7023	0
7024	0
7025	1
7026	0
7027	0
7028	1
7029	0
7030	0
7031	0
7032	0
7033	0
7034	0
7035	0
7036	0
7037	1
7038	0
7039	0
7040	0
7041	0
7042	0
7043	1
7044	2
7045	1
7046	0
7047	1
7048	0
7049	0
7050	0
7051	1
7052	0
7053	0
7054	0
7055	1
7056	1
7057	1
7058	0
7059	1
7060	1
7061	1
7062	2
7063	1
7064	0
7065	0
7066	0
7067	0
7068	0
7069	0
7070	1
7071	0
7072	0
7073	0
7074	0
7075	0
7076	0
7077	2
7078	0
7079	1
7080	0
7081	0
7082	0
7083	0
7084	0
7085	0
7086	1
7087	1
7088	1
7089	0
7090	1
7091	2
7092	0
7093	0
7094	0
7095	0
7096	1
7097	0
7098	1
7099	0
7100	0
7101	0
7102	0
7103	0
7104	0
7105	1
7106	0
7107	1
7108	0
7109	1
7110	1
7111	0
7112	0
7113	0
7114	0
7115	0
7116	1
7117	0
7118	0
7119	0
7120	1
7121	0
7122	2
7123	0
7124	2
7125	0
7126	1
7127	0
7128	1
7129	0
7130	0
7131	1
7132	1
7133	0
7134	0
7135	0
7136	0
7137	0
7138	1
7139	1
7140	0
7141	1
7142	0
7143	1
7144	0
7145	0
7146	0
7147	0
7148	0
7149	0
7150	0
7151	0
7152	0
7153	0
7154	0
7155	2
7156	0
7157	0
7158	0
7159	0
7160	0
7161	0
7162	0
7163	1
7164	1
7165	0
7166	0
7167	0
7168	0
7169	0
7170	0
7171	0
7172	0
7173	1
7174	0
7175	0
7176	0
7177	0
7178	1
7179	1
7180	0
7181	0
7182	0
7183	0
7184	0
7185	0
7186	0
7187	1
7188	0
7189	1
7190	0
7191	0
7192	1
7193	0
7194	0
7195	0
7196	0
7197	0
7198	0
7199	0
7200	0
7201	2
7202	0
7203	0
7204	1
7205	0
7206	0
7207	1
7208	0
7209	0
7210	0
7211	0
7212	0
7213	0
7214	0
7215	0
7216	0
7217	0
7218	0
7219	1
7220	0
7221	1
7222	0
7223	1
7224	0
7225	0
7226	2
7227	0
7228	0
7229	0
7230	0
7231	0
7232	1
7233	0
7234	0
7235	0
7236	0
7237	1
7238	0
7239	0
7240	0
7241	0
7242	0
7243	0
7244	0
7245	0
7246	0
7247	0
7248	1
7249	0
7250	1
7251	0
7252	0
7253	0
7254	0
7255	1
7256	1
7257	0
7258	0
7259	1
7260	0
7261	0
7262	0
7263	1
7264	1
7265	0
7266	0
7267	2
7268	0
7269	0
7270	0
7271	0
7272	0
7273	0
7274	0
7275	1
7276	0
7277	2
7278	1
7279	1
7280	1
7281	1
7282	0
7283	0
7284	0
7285	0
7286	1
7287	0
7288	0
7289	0
7290	2
7291	0
7292	0
7293	0
7294	0
7295	0
7296	0
7297	0
7298	0
7299	0
7300	0
7301	0
7302	0
7303	0
7304	0
7305	0
7306	0
7307	0
7308	0
7309	0
7310	1
7311	0
7312	0
7313	0
7314	0
7315	0
7316	0
7317	0
7318	0
7319	1
7320	0
7321	0
7322	0
7323	0
7324	0
7325	0
7326	0
7327	0
7328	0
7329	0
7330	1
7331	0
7332	1
7333	0
7334	0
7335	0
7336	1
7337	1
7338	0
7339	0
7340	1
7341	0
7342	1
7343	0
7344	0
7345	0
7346	1
7347	1
7348	0
7349	0
7350	1
7351	0
7352	0
7353	0
7354	0
7355	0
7356	0
7357	0
7358	1
7359	0
7360	0
7361	0
7362	1
7363	1
7364	0
7365	0
7366	0
7367	1
7368	0
7369	0
7370	1
7371	0
7372	0
7373	0
7374	0
7375	1
7376	0
7377	1
7378	1
7379	0
7380	0
7381	1
7382	0
7383	0
7384	0
7385	1
7386	3
7387	0
7388	0
7389	0
7390	0
7391	1
7392	0
7393	0
7394	0
7395	0
7396	0
7397	0
7398	0
7399	0
7400	1
7401	0
7402	0
7403	0
7404	0
7405	1
7406	0
7407	0
7408	0
7409	2
7410	0
7411	0
7412	2
7413	0
7414	0
7415	1
7416	0
7417	1
7418	2
7419	1
7420	0
7421	0
7422	0
7423	0
7424	0
7425	2
7426	0
7427	0
7428	0
7429	0
7430	0
7431	3
7432	0
7433	0
7434	0
7435	0
7436	0
7437	1
7438	0
7439	0
7440	0
7441	0
7442	0
7443	0
7444	0
7445	0
7446	1
7447	0
7448	0
7449	0
7450	0
7451	1
7452	0
7453	0
7454	0
7455	0
7456	0
7457	0
7458	0
7459	0
7460	1
7461	0
7462	0
7463	0
7464	0
7465	0
7466	0
7467	1
7468	2
7469	0
7470	0
7471	0
7472	0
7473	1
7474	0
7475	1
7476	1
7477	1
7478	0
7479	0
7480	0
7481	1
7482	0
7483	0
7484	0
7485	0
7486	0
7487	0
7488	0
7489	0
7490	0
7491	0
7492	0
7493	0
7494	0
7495	2
7496	0
7497	0
7498	1
7499	0
7500	0
7501	1
7502	0
7503	2
7504	1
7505	0
7506	0
7507	0
7508	0
7509	1
7510	0
7511	0
7512	0
7513	0
7514	0
7515	1
7516	0
7517	2
7518	0
7519	0
7520	0
7521	0
7522	0
7523	0
7524	2
7525	0
7526	0
7527	0
7528	0
7529	1
7530	0
7531	1
7532	2
7533	0
7534	1
7535	0
7536	1
7537	0
7538	0
7539	0
7540	0
7541	0
7542	0
7543	0
7544	1
7545	0
7546	0
7547	0
7548	0
7549	0
7550	0
7551	0
7552	1
7553	0
7554	0
7555	1
7556	0
7557	2
7558	0
7559	1
7560	0
7561	0
7562	1
7563	0
7564	1
7565	0
7566	0
7567	0
7568	1
7569	0
7570	2
7571	1
7572	0
7573	0
7574	0
7575	0
7576	0
7577	1
7578	0
7579	1
7580	0
7581	1
7582	0
7583	0
7584	1
7585	0
7586	1
7587	0
7588	0
7589	2
7590	0
7591	0
7592	0
7593	0
7594	1
7595	0
7596	0
7597	1
7598	0
7599	0
7600	1
7601	0
7602	0
7603	0
7604	0
7605	0
7606	0
7607	2
7608	0
7609	0
7610	0
7611	1
7612	0
7613	0
7614	0
7615	0
7616	0
7617	0
7618	1
7619	0
7620	0
7621	1
7622	0
7623	1
7624	0
7625	0
7626	0
7627	0
7628	0
7629	1
7630	0
7631	0
7632	0
7633	0
7634	0
7635	0
7636	0
7637	0
7638	1
7639	0
7640	2
7641	2
7642	0
7643	1
7644	1
7645	0
7646	1
7647	0
7648	0
7649	1
7650	0
7651	0
7652	1
7653	0
7654	0
7655	0
7656	0
7657	0
7658	1
7659	0
7660	0
7661	0
7662	0
7663	0
7664	0
7665	0
7666	1
7667	0
7668	0
7669	1
7670	0
7671	0
7672	1
7673	2
7674	2
7675	1
7676	1
7677	0
7678	0
7679	1
7680	0
7681	0
7682	2
7683	0
7684	1
7685	0
7686	2
7687	0
7688	3
7689	0
7690	1
7691	2
7692	1
7693	0
7694	0
7695	0
7696	0
7697	0
7698	0
7699	0
7700	1
7701	0
7702	0
7703	0
7704	0
7705	0
7706	0
7707	0
7708	1
7709	0
7710	1
7711	0
7712	1
7713	0
7714	0
7715	0
7716	0
7717	0
7718	0
7719	1
7720	0
7721	0
7722	0
7723	1
7724	0
7725	0
7726	0
7727	0
7728	0
7729	1
7730	0
7731	0
7732	0
7733	1
7734	1
7735	0
7736	1
7737	0
7738	0
7739	0
7740	0
7741	0
7742	0
7743	1
7744	1
7745	1
7746	0
7747	1
7748	0
7749	1
7750	1
7751	0
7752	0
7753	0
7754	0
7755	0
7756	0
7757	2
7758	0
7759	0
7760	1
7761	0
7762	0
7763	0
7764	0
7765	0
7766	1
7767	0
7768	0
7769	0
7770	0
7771	0
7772	0
7773	1
7774	2
7775	0
7776	0
7777	0
7778	0
7779	1
7780	2
7781	0
7782	0
7783	1
7784	0
7785	0
7786	0
7787	1
7788	0
7789	2
7790	0
7791	0
7792	0
7793	0
7794	0
7795	0
7796	0
7797	0
7798	0
7799	1
7800	1
7801	0
7802	0
7803	1
7804	1
7805	0
7806	0
7807	0
7808	1
7809	0
7810	1
7811	1
7812	1
7813	1
7814	0
7815	0
7816	1
7817	0
7818	1
7819	0
7820	0
7821	1
7822	1
7823	0
7824	1
7825	0
7826	0
7827	0
7828	0
7829	1
7830	0
7831	1
7832	1
7833	0
7834	0
7835	0
7836	0
7837	0
7838	0
7839	0
7840	0
7841	1
7842	0
7843	0
7844	0
7845	0
7846	1
7847	0
7848	0
7849	1
7850	0
7851	2
7852	0
7853	0
7854	0
7855	1
7856	0
7857	1
7858	1
7859	0
7860	0
7861	0
7862	1
7863	1
7864	0
7865	0
7866	1
7867	0
7868	0
7869	0
7870	0
7871	1
7872	0
7873	0
7874	1
7875	1
7876	1
7877	0
7878	0
7879	0
7880	3
7881	0
7882	0
7883	0
7884	2
7885	1
7886	0
7887	0
7888	0
7889	0
7890	1
7891	1
7892	0
7893	0
7894	0
7895	0
7896	1
7897	0
7898	0
7899	1
7900	0
7901	0
7902	0
7903	1
7904	2
7905	1
7906	0
7907	0
7908	1
7909	0
7910	0
7911	0
7912	1
7913	0
7914	1
7915	0
7916	0
7917	0
7918	0
7919	0
7920	0
7921	1
7922	0
7923	1
7924	0
7925	1
7926	1
7927	0
7928	2
7929	0
7930	0
7931	0
7932	1
7933	0
7934	1
7935	0
7936	0
7937	0
7938	0
7939	1
7940	1
7941	0
7942	0
7943	1
7944	1
7945	1
7946	0
7947	1
7948	0
7949	0
7950	0
7951	0
7952	0
7953	0
7954	1
7955	1
7956	0
7957	1
7958	0
7959	0
7960	0
7961	0
7962	1
7963	0
7964	0
7965	0
7966	0
7967	1
7968	0
7969	0
7970	1
7971	0
7972	1
7973	0
7974	0
7975	2
7976	0
7977	0
7978	0
7979	0
7980	0
7981	0
7982	0
7983	0
7984	0
7985	1
7986	0
7987	0
7988	1
7989	0
7990	0
7991	0
7992	0
7993	0
7994	0
7995	0
7996	1
7997	0
7998	0
7999	2
8000	0
8001	1
8002	1
8003	0
8004	1
8005	1
8006	0
8007	0
8008	0
8009	0
8010	0
8011	0
8012	0
8013	1
8014	0
8015	0
8016	1
8017	0
8018	0
8019	0
8020	0
8021	0
8022	1
8023	0
8024	0
8025	0
8026	2
8027	1
8028	0
8029	0
8030	1
8031	2
8032	0
8033	1
8034	0
8035	0
8036	0
8037	0
8038	0
8039	1
8040	0
8041	0
8042	1
8043	0
8044	0
8045	0
8046	0
8047	0
8048	0
8049	0
8050	0
8051	0
8052	0
8053	0
8054	0
8055	0
8056	1
8057	0
8058	0
8059	0
8060	0
8061	0
8062	0
8063	1
8064	0
8065	1
8066	0
8067	0
8068	0
8069	0
8070	0
8071	0
8072	0
8073	1
8074	0
8075	1
8076	0
8077	0
8078	0
8079	0
8080	1
8081	0
8082	0
8083	0
8084	0
8085	0
8086	0
8087	0
8088	0
8089	0
8090	0
8091	0
8092	0
8093	0
8094	0
8095	0
8096	0
8097	0
8098	0
8099	0
8100	0
8101	0
8102	0
8103	0
8104	0
8105	0
8106	0
8107	0
8108	0
8109	0
8110	0
8111	0
8112	0
8113	0
8114	0
8115	0
8116	0
8117	0
8118	0
8119	0
8120	0
8121	0
8122	0
8123	0
8124	0
8125	0
8126	0
8127	0
8128	0
8129	0
8130	0
8131	0
8132	0
8133	0
8134	0
8135	0
8136	0
8137	0
8138	0
8139	0
8140	0
8141	0
8142	0
8143	0
8144	0
8145	0
8146	0
8147	0
8148	0
8149	0
8150	0
8151	0
8152	0
8153	0
8154	0
8155	0
8156	0
8157	0
8158	0
8159	0
8160	0
8161	0
8162	0
8163	0
8164	0
8165	0
8166	0
8167	0
8168	0
8169	0
8170	0
8171	0
8172	0
8173	0
8174	0
8175	0
8176	0
8177	0
8178	0
8179	0
8180	0
8181	0
8182	0
8183	0
8184	0
8185	0
8186	0
8187	0
8188	0
8189	0
8190	0
8191	0
