0	0
1	0
2	0
3	0
4	0
5	0
6	0
7	0
8	0
9	0
10	0
11	0
12	0
13	0
14	0
15	0
16	0
17	0
18	0
19	0
20	0
21	0
22	0
23	0
24	0
25	0
26	0
27	0
28	0
29	0
30	0
31	0
32	0
33	0
34	0
35	0
36	0
37	0
38	0
39	0
40	0
41	0
42	0
43	0
44	0
45	0
46	0
47	0
48	0
49	0
50	0
51	0
52	0
53	0
54	0
55	0
56	0
57	0
58	0
59	0
60	0
61	0
62	0
63	0
64	0
65	0
66	0
67	0
68	0
69	0
70	0
71	0
72	0
73	0
74	0
75	0
76	0
77	0
78	0
79	0
80	0
81	0
82	0
83	0
84	0
85	0
86	6
87	4
88	15
89	14
90	13
91	10
92	13
93	9
94	12
95	10
96	11
97	7
98	7
99	11
100	7
101	10
102	10
103	18
104	7
105	15
106	6
107	10
108	10
109	11
110	9
111	9
112	6
113	11
114	11
115	13
116	11
117	8
118	5
119	8
120	10
121	9
122	10
123	7
124	7
125	11
126	9
127	8
128	12
129	13
130	7
131	8
132	10
133	8
134	12
135	16
136	7
137	8
138	10
139	9
140	12
141	11
142	8
143	16
144	8
145	13
146	8
147	9
148	11
149	11
150	13
151	8
152	14
153	7
154	7
155	12
156	8
157	12
158	15
159	13
160	14
161	8
162	13
163	13
164	19
165	19
166	13
167	6
168	18
169	11
170	12
171	10
172	15
173	11
174	9
175	9
176	10
177	8
178	16
179	8
180	13
181	10
182	11
183	13
184	9
185	12
186	10
187	7
188	13
189	10
190	12
191	8
192	7
193	16
194	13
195	11
196	10
197	6
198	11
199	5
200	9
201	13
202	13
203	11
204	10
205	6
206	5
207	16
208	11
209	15
210	8
211	15
212	9
213	10
214	12
215	9
216	9
217	15
218	12
219	12
220	8
221	13
222	12
223	10
224	14
225	12
226	20
227	8
228	11
229	10
230	16
231	11
232	13
233	14
234	17
235	11
236	12
237	14
238	10
239	14
240	16
241	13
242	9
243	11
244	14
245	18
246	12
247	14
248	10
249	8
250	7
251	15
252	8
253	12
254	10
255	10
256	10
257	9
258	13
259	14
260	15
261	16
262	8
263	13
264	11
265	14
266	9
267	9
268	14
269	10
270	13
271	11
272	13
273	10
274	13
275	9
276	9
277	14
278	8
279	12
280	8
281	12
282	9
283	8
284	11
285	16
286	8
287	11
288	15
289	14
290	17
291	15
292	11
293	12
294	10
295	6
296	14
297	10
298	6
299	4
300	8
301	12
302	14
303	13
304	12
305	15
306	10
307	13
308	11
309	7
310	13
311	13
312	12
313	7
314	7
315	10
316	7
317	6
318	13
319	8
320	15
321	8
322	8
323	14
324	14
325	11
326	10
327	12
328	15
329	18
330	17
331	16
332	12
333	18
334	11
335	15
336	15
337	14
338	6
339	15
340	12
341	6
342	16
343	25
344	10
345	15
346	14
347	12
348	14
349	11
350	13
351	10
352	12
353	14
354	11
355	10
356	9
357	16
358	15
359	13
360	15
361	7
362	9
363	17
364	11
365	12
366	7
367	24
368	7
369	14
370	17
371	12
372	12
373	19
374	13
375	8
376	16
377	18
378	12
379	20
380	7
381	12
382	10
383	15
384	10
385	6
386	11
387	14
388	18
389	16
390	16
391	12
392	8
393	14
394	14
395	6
396	10
397	7
398	10
399	11
400	13
401	9
402	13
403	11
404	10
405	18
406	15
407	11
408	13
409	12
410	9
411	9
412	16
413	9
414	8
415	9
416	14
417	15
418	7
419	14
420	18
421	10
422	8
423	15
424	17
425	13
426	12
427	11
428	17
429	14
430	9
431	15
432	10
433	20
434	11
435	15
436	10
437	11
438	15
439	13
440	10
441	11
442	16
443	8
444	17
445	16
446	11
447	17
448	8
449	12
450	10
451	19
452	12
453	9
454	5
455	15
456	14
457	12
458	9
459	12
460	7
461	14
462	11
463	14
464	9
465	19
466	12
467	11
468	9
469	13
470	5
471	9
472	15
473	7
474	17
475	13
476	14
477	10
478	10
479	14
480	10
481	15
482	17
483	11
484	12
485	17
486	10
487	18
488	19
489	16
490	14
491	14
492	12
493	19
494	18
495	15
496	9
497	17
498	15
499	12
500	14
501	15
502	12
503	14
504	15
505	25
506	9
507	13
508	15
509	20
510	15
511	17
512	9
513	15
514	19
515	12
516	10
517	16
518	17
519	17
520	13
521	21
522	21
523	25
524	17
525	25
526	18
527	8
528	16
529	14
530	18
531	13
532	15
533	15
534	19
535	17
536	14
537	20
538	14
539	17
540	9
541	11
542	13
543	25
544	28
545	13
546	29
547	28
548	27
549	13
550	23
551	16
552	13
553	25
554	15
555	31
556	25
557	23
558	30
559	21
560	21
561	19
562	17
563	19
564	27
565	17
566	21
567	26
568	28
569	15
570	18
571	23
572	23
573	28
574	28
575	21
576	25
577	19
578	31
579	27
580	19
581	27
582	20
583	22
584	22
585	19
586	24
587	24
588	13
589	23
590	18
591	29
592	18
593	15
594	20
595	26
596	22
597	22
598	21
599	17
600	26
601	15
602	35
603	20
604	13
605	19
606	23
607	30
608	24
609	24
610	24
611	14
612	19
613	14
614	25
615	21
616	24
617	26
618	21
619	24
620	23
621	28
622	21
623	24
624	24
625	17
626	11
627	20
628	23
629	11
630	14
631	16
632	18
633	26
634	18
635	24
636	19
637	29
638	25
639	8
640	22
641	19
642	30
643	28
644	21
645	16
646	32
647	22
648	16
649	24
650	17
651	16
652	13
653	15
654	27
655	16
656	22
657	20
658	20
659	14
660	36
661	24
662	20
663	16
664	17
665	24
666	18
667	14
668	17
669	23
670	18
671	27
672	27
673	18
674	21
675	16
676	24
677	21
678	16
679	17
680	18
681	24
682	25
683	19
684	20
685	24
686	20
687	18
688	17
689	16
690	17
691	16
692	11
693	22
694	19
695	18
696	21
697	24
698	16
699	23
700	21
701	20
702	13
703	20
704	24
705	25
706	21
707	15
708	22
709	16
710	24
711	14
712	11
713	19
714	16
715	18
716	24
717	14
718	15
719	16
720	17
721	18
722	24
723	13
724	15
725	19
726	18
727	14
728	17
729	18
730	14
731	14
732	16
733	15
734	18
735	19
736	24
737	18
738	23
739	23
740	19
741	23
742	24
743	16
744	27
745	20
746	28
747	26
748	13
749	13
750	18
751	16
752	21
753	27
754	16
755	18
756	19
757	20
758	21
759	12
760	20
761	23
762	14
763	16
764	21
765	20
766	12
767	11
768	23
769	14
770	25
771	19
772	14
773	14
774	17
775	15
776	23
777	18
778	22
779	22
780	17
781	18
782	19
783	19
784	29
785	19
786	16
787	20
788	16
789	15
790	15
791	22
792	16
793	23
794	17
795	19
796	17
797	19
798	12
799	16
800	25
801	25
802	17
803	26
804	15
805	21
806	22
807	21
808	17
809	17
810	19
811	24
812	13
813	13
814	13
815	18
816	20
817	20
818	19
819	15
820	15
821	22
822	23
823	21
824	19
825	21
826	21
827	23
828	16
829	15
830	20
831	17
832	25
833	22
834	23
835	17
836	21
837	18
838	24
839	19
840	26
841	24
842	20
843	22
844	16
845	25
846	25
847	19
848	19
849	18
850	16
851	13
852	22
853	21
854	18
855	22
856	27
857	23
858	16
859	23
860	16
861	26
862	16
863	19
864	23
865	15
866	23
867	20
868	26
869	19
870	18
871	19
872	22
873	23
874	22
875	18
876	21
877	14
878	28
879	23
880	18
881	28
882	23
883	21
884	22
885	21
886	20
887	20
888	25
889	20
890	23
891	25
892	14
893	19
894	32
895	18
896	16
897	18
898	23
899	20
900	26
901	22
902	23
903	23
904	18
905	21
906	22
907	37
908	31
909	24
910	24
911	22
912	30
913	28
914	21
915	26
916	28
917	21
918	27
919	18
920	28
921	21
922	28
923	23
924	21
925	23
926	26
927	22
928	25
929	21
930	27
931	18
932	18
933	22
934	21
935	23
936	23
937	26
938	25
939	25
940	23
941	27
942	24
943	19
944	25
945	22
946	24
947	20
948	21
949	32
950	21
951	19
952	22
953	12
954	26
955	17
956	22
957	31
958	25
959	23
960	25
961	27
962	19
963	23
964	27
965	26
966	25
967	25
968	16
969	24
970	19
971	11
972	25
973	20
974	30
975	28
976	18
977	24
978	29
979	22
980	25
981	18
982	28
983	26
984	23
985	30
986	24
987	21
988	25
989	27
990	17
991	24
992	18
993	29
994	21
995	26
996	24
997	28
998	21
999	26
1000	27
1001	21
1002	26
1003	23
1004	25
1005	16
1006	18
1007	27
1008	18
1009	19
1010	26
1011	22
1012	14
1013	26
1014	16
1015	34
1016	27
1017	24
1018	33
1019	30
1020	20
1021	15
1022	19
1023	20
1024	18
1025	27
1026	35
1027	24
1028	22
1029	17
1030	26
1031	22
1032	25
1033	23
1034	18
1035	26
1036	24
1037	25
1038	28
1039	24
1040	17
1041	35
1042	27
1043	16
1044	30
1045	25
1046	24
1047	25
1048	19
1049	28
1050	33
1051	19
1052	21
1053	17
1054	24
1055	20
1056	20
1057	43
1058	27
1059	31
1060	26
1061	19
1062	26
1063	24
1064	27
1065	22
1066	42
1067	28
1068	26
1069	27
1070	27
1071	18
1072	35
1073	25
1074	26
1075	25
1076	31
1077	15
1078	20
1079	21
1080	26
1081	29
1082	23
1083	19
1084	23
1085	15
1086	31
1087	27
1088	20
1089	24
1090	25
1091	26
1092	21
1093	16
1094	40
1095	24
1096	23
1097	26
1098	21
1099	14
1100	24
1101	24
1102	29
1103	24
1104	20
1105	21
1106	19
1107	21
1108	29
1109	27
1110	21
1111	19
1112	29
1113	26
1114	29
1115	29
1116	31
1117	30
1118	21
1119	30
1120	22
1121	19
1122	17
1123	29
1124	24
1125	26
1126	21
1127	30
1128	33
1129	24
1130	19
1131	30
1132	25
1133	30
1134	32
1135	41
1136	28
1137	27
1138	31
1139	30
1140	22
1141	22
1142	32
1143	22
1144	22
1145	26
1146	31
1147	40
1148	33
1149	29
1150	21
1151	22
1152	24
1153	32
1154	31
1155	30
1156	25
1157	33
1158	33
1159	22
1160	18
1161	27
1162	33
1163	25
1164	26
1165	34
1166	34
1167	29
1168	20
1169	28
1170	27
1171	20
1172	27
1173	25
1174	27
1175	23
1176	24
1177	20
1178	27
1179	34
1180	27
1181	29
1182	16
1183	22
1184	30
1185	23
1186	27
1187	22
1188	21
1189	32
1190	25
1191	30
1192	27
1193	23
1194	17
1195	35
1196	29
1197	25
1198	42
1199	17
1200	22
1201	30
1202	23
1203	27
1204	31
1205	38
1206	33
1207	24
1208	26
1209	25
1210	29
1211	34
1212	23
1213	32
1214	23
1215	25
1216	28
1217	27
1218	23
1219	30
1220	28
1221	21
1222	25
1223	26
1224	29
1225	23
1226	27
1227	31
1228	24
1229	25
1230	29
1231	22
1232	22
1233	32
1234	19
1235	33
1236	25
1237	30
1238	32
1239	29
1240	22
1241	35
1242	22
1243	22
1244	25
1245	31
1246	28
1247	22
1248	32
1249	31
1250	34
1251	28
1252	23
1253	27
1254	20
1255	38
1256	30
1257	28
1258	26
1259	25
1260	31
1261	32
1262	33
1263	29
1264	30
1265	32
1266	29
1267	21
1268	24
1269	32
1270	23
1271	23
1272	29
1273	30
1274	28
1275	35
1276	29
1277	24
1278	21
1279	23
1280	29
1281	32
1282	22
1283	17
1284	22
1285	21
1286	31
1287	31
1288	28
1289	28
1290	48
1291	26
1292	30
1293	24
1294	15
1295	21
1296	27
1297	24
1298	25
1299	34
1300	30
1301	30
1302	20
1303	30
1304	27
1305	34
1306	25
1307	34
1308	25
1309	22
1310	17
1311	29
1312	35
1313	25
1314	26
1315	34
1316	29
1317	23
1318	34
1319	26
1320	29
1321	27
1322	42
1323	29
1324	24
1325	28
1326	31
1327	41
1328	34
1329	25
1330	31
1331	26
1332	21
1333	38
1334	30
1335	34
1336	26
1337	32
1338	35
1339	27
1340	26
1341	27
1342	29
1343	32
1344	26
1345	28
1346	34
1347	35
1348	32
1349	29
1350	24
1351	40
1352	28
1353	24
1354	34
1355	30
1356	34
1357	26
1358	33
1359	35
1360	30
1361	27
1362	27
1363	34
1364	33
1365	45
1366	25
1367	37
1368	37
1369	33
1370	30
1371	34
1372	29
1373	23
1374	32
1375	28
1376	28
1377	27
1378	28
1379	34
1380	35
1381	28
1382	32
1383	36
1384	28
1385	33
1386	33
1387	31
1388	30
1389	32
1390	32
1391	28
1392	39
1393	34
1394	29
1395	31
1396	31
1397	30
1398	21
1399	42
1400	32
1401	24
1402	34
1403	21
1404	42
1405	32
1406	37
1407	34
1408	26
1409	27
1410	40
1411	30
1412	29
1413	25
1414	30
1415	29
1416	35
1417	41
1418	26
1419	39
1420	39
1421	26
1422	16
1423	42
1424	32
1425	35
1426	41
1427	21
1428	33
1429	25
1430	44
1431	33
1432	47
1433	27
1434	39
1435	35
1436	32
1437	29
1438	28
1439	29
1440	29
1441	31
1442	31
1443	38
1444	29
1445	29
1446	35
1447	29
1448	24
1449	35
1450	42
1451	29
1452	24
1453	37
1454	34
1455	21
1456	31
1457	41
1458	28
1459	31
1460	33
1461	24
1462	27
1463	44
1464	29
1465	26
1466	20
1467	42
1468	26
1469	32
1470	42
1471	31
1472	25
1473	29
1474	35
1475	32
1476	39
1477	34
1478	30
1479	34
1480	32
1481	29
1482	28
1483	41
1484	31
1485	37
1486	35
1487	24
1488	27
1489	31
1490	27
1491	36
1492	30
1493	33
1494	35
1495	39
1496	30
1497	24
1498	27
1499	28
1500	29
1501	28
1502	36
1503	29
1504	30
1505	33
1506	45
1507	27
1508	48
1509	32
1510	38
1511	34
1512	44
1513	28
1514	26
1515	25
1516	28
1517	35
1518	46
1519	36
1520	30
1521	35
1522	30
1523	33
1524	19
1525	29
1526	32
1527	34
1528	30
1529	33
1530	27
1531	32
1532	33
1533	42
1534	34
1535	30
1536	28
1537	38
1538	25
1539	42
1540	33
1541	28
1542	42
1543	30
1544	36
1545	24
1546	34
1547	32
1548	31
1549	35
1550	23
1551	27
1552	24
1553	33
1554	30
1555	28
1556	26
1557	18
1558	30
1559	44
1560	36
1561	34
1562	38
1563	26
1564	19
1565	26
1566	18
1567	40
1568	22
1569	25
1570	27
1571	34
1572	27
1573	23
1574	27
1575	29
1576	27
1577	31
1578	31
1579	34
1580	26
1581	30
1582	28
1583	30
1584	22
1585	26
1586	33
1587	21
1588	36
1589	30
1590	33
1591	31
1592	24
1593	35
1594	29
1595	28
1596	27
1597	23
1598	20
1599	29
1600	30
1601	28
1602	25
1603	29
1604	31
1605	31
1606	32
1607	27
1608	34
1609	25
1610	35
1611	31
1612	25
1613	27
1614	27
1615	24
1616	21
1617	25
1618	44
1619	34
1620	25
1621	26
1622	25
1623	27
1624	19
1625	25
1626	24
1627	16
1628	24
1629	37
1630	18
1631	38
1632	30
1633	17
1634	35
1635	31
1636	30
1637	35
1638	29
1639	31
1640	18
1641	34
1642	27
1643	24
1644	37
1645	21
1646	23
1647	22
1648	27
1649	35
1650	20
1651	25
1652	31
1653	23
1654	27
1655	19
1656	26
1657	27
1658	25
1659	27
1660	34
1661	29
1662	27
1663	19
1664	28
1665	19
1666	25
1667	23
1668	24
1669	26
1670	28
1671	22
1672	39
1673	16
1674	20
1675	31
1676	23
1677	32
1678	21
1679	22
1680	22
1681	28
1682	17
1683	21
1684	33
1685	30
1686	21
1687	22
1688	23
1689	24
1690	35
1691	21
1692	27
1693	21
1694	24
1695	24
1696	29
1697	16
1698	28
1699	27
1700	18
1701	27
1702	27
1703	19
1704	33
1705	24
1706	30
1707	24
1708	24
1709	17
1710	24
1711	28
1712	30
1713	26
1714	20
1715	19
1716	20
1717	32
1718	24
1719	20
1720	16
1721	22
1722	25
1723	26
1724	29
1725	15
1726	18
1727	22
1728	24
1729	25
1730	27
1731	28
1732	20
1733	28
1734	23
1735	27
1736	16
1737	37
1738	21
1739	15
1740	24
1741	24
1742	24
1743	28
1744	21
1745	23
1746	18
1747	18
1748	19
1749	26
1750	28
1751	18
1752	38
1753	26
1754	25
1755	28
1756	23
1757	33
1758	27
1759	25
1760	23
1761	19
1762	26
1763	31
1764	21
1765	29
1766	16
1767	27
1768	17
1769	33
1770	22
1771	17
1772	26
1773	16
1774	24
1775	20
1776	15
1777	20
1778	21
1779	23
1780	29
1781	22
1782	18
1783	19
1784	23
1785	23
1786	10
1787	26
1788	20
1789	25
1790	12
1791	19
1792	34
1793	26
1794	24
1795	23
1796	23
1797	14
1798	24
1799	23
1800	26
1801	23
1802	23
1803	26
1804	24
1805	29
1806	23
1807	19
1808	22
1809	21
1810	22
1811	27
1812	18
1813	22
1814	20
1815	15
1816	23
1817	28
1818	30
1819	26
1820	18
1821	14
1822	16
1823	23
1824	31
1825	18
1826	24
1827	29
1828	21
1829	33
1830	28
1831	21
1832	30
1833	22
1834	17
1835	22
1836	21
1837	26
1838	24
1839	20
1840	18
1841	24
1842	29
1843	22
1844	20
1845	14
1846	17
1847	19
1848	25
1849	21
1850	14
1851	27
1852	22
1853	10
1854	25
1855	22
1856	33
1857	28
1858	21
1859	28
1860	21
1861	23
1862	22
1863	16
1864	16
1865	27
1866	18
1867	22
1868	16
1869	29
1870	23
1871	15
1872	15
1873	25
1874	20
1875	19
1876	22
1877	19
1878	24
1879	25
1880	26
1881	22
1882	26
1883	21
1884	25
1885	17
1886	15
1887	14
1888	30
1889	20
1890	18
1891	22
1892	15
1893	21
1894	21
1895	30
1896	17
1897	20
1898	21
1899	16
1900	18
1901	20
1902	19
1903	25
1904	23
1905	19
1906	21
1907	19
1908	19
1909	26
1910	26
1911	29
1912	19
1913	21
1914	28
1915	17
1916	24
1917	12
1918	22
1919	16
1920	16
1921	24
1922	25
1923	21
1924	21
1925	11
1926	20
1927	20
1928	25
1929	18
1930	27
1931	14
1932	20
1933	21
1934	19
1935	24
1936	22
1937	23
1938	16
1939	26
1940	22
1941	17
1942	27
1943	25
1944	17
1945	18
1946	31
1947	17
1948	26
1949	21
1950	12
1951	19
1952	14
1953	19
1954	21
1955	33
1956	28
1957	14
1958	24
1959	19
1960	17
1961	31
1962	21
1963	18
1964	24
1965	21
1966	18
1967	18
1968	14
1969	13
1970	15
1971	16
1972	22
1973	29
1974	22
1975	19
1976	26
1977	11
1978	21
1979	15
1980	16
1981	15
1982	16
1983	15
1984	14
1985	18
1986	23
1987	16
1988	20
1989	17
1990	19
1991	13
1992	21
1993	21
1994	25
1995	23
1996	19
1997	26
1998	25
1999	23
2000	26
2001	23
2002	17
2003	15
2004	25
2005	19
2006	17
2007	27
2008	16
2009	19
2010	20
2011	22
2012	18
2013	21
2014	18
2015	16
2016	13
2017	19
2018	23
2019	17
2020	20
2021	26
2022	14
2023	28
2024	18
2025	27
2026	23
2027	17
2028	16
2029	15
2030	16
2031	24
2032	21
2033	22
2034	19
2035	19
2036	23
2037	18
2038	19
2039	21
2040	22
2041	16
2042	19
2043	24
2044	24
2045	22
2046	25
2047	9
2048	26
2049	17
2050	23
2051	19
2052	20
2053	22
2054	16
2055	16
2056	19
2057	15
2058	15
2059	24
2060	17
2061	20
2062	12
2063	20
2064	16
2065	16
2066	23
2067	21
2068	17
2069	22
2070	12
2071	18
2072	14
2073	11
2074	12
2075	23
2076	25
2077	18
2078	14
2079	16
2080	15
2081	17
2082	13
2083	22
2084	24
2085	26
2086	23
2087	25
2088	18
2089	19
2090	8
2091	17
2092	24
2093	22
2094	16
2095	26
2096	25
2097	16
2098	16
2099	21
2100	24
2101	27
2102	19
2103	20
2104	17
2105	20
2106	15
2107	16
2108	18
2109	17
2110	17
2111	20
2112	21
2113	17
2114	27
2115	19
2116	21
2117	13
2118	14
2119	22
2120	14
2121	21
2122	22
2123	22
2124	16
2125	11
2126	18
2127	14
2128	18
2129	18
2130	22
2131	18
2132	18
2133	17
2134	24
2135	10
2136	12
2137	18
2138	16
2139	13
2140	23
2141	16
2142	27
2143	22
2144	24
2145	23
2146	16
2147	12
2148	22
2149	21
2150	24
2151	15
2152	22
2153	23
2154	24
2155	10
2156	14
2157	26
2158	21
2159	22
2160	17
2161	15
2162	17
2163	16
2164	23
2165	18
2166	14
2167	10
2168	23
2169	13
2170	19
2171	28
2172	17
2173	15
2174	19
2175	12
2176	20
2177	12
2178	7
2179	19
2180	22
2181	20
2182	17
2183	28
2184	21
2185	19
2186	17
2187	16
2188	17
2189	17
2190	16
2191	19
2192	10
2193	20
2194	21
2195	18
2196	13
2197	17
2198	21
2199	14
2200	15
2201	16
2202	19
2203	18
2204	17
2205	18
2206	15
2207	22
2208	18
2209	20
2210	17
2211	16
2212	16
2213	19
2214	19
2215	18
2216	14
2217	13
2218	14
2219	17
2220	18
2221	14
2222	13
2223	22
2224	18
2225	21
2226	20
2227	22
2228	20
2229	22
2230	17
2231	17
2232	17
2233	15
2234	19
2235	23
2236	18
2237	19
2238	21
2239	15
2240	15
2241	16
2242	15
2243	9
2244	17
2245	19
2246	20
2247	12
2248	22
2249	10
2250	11
2251	15
2252	20
2253	17
2254	21
2255	19
2256	16
2257	16
2258	17
2259	13
2260	19
2261	16
2262	15
2263	13
2264	17
2265	21
2266	16
2267	20
2268	13
2269	14
2270	17
2271	21
2272	21
2273	13
2274	20
2275	19
2276	16
2277	14
2278	20
2279	18
2280	27
2281	20
2282	15
2283	16
2284	14
2285	12
2286	18
2287	26
2288	23
2289	21
2290	13
2291	17
2292	16
2293	22
2294	17
2295	15
2296	23
2297	17
2298	18
2299	10
2300	5
2301	16
2302	19
2303	9
2304	17
2305	19
2306	18
2307	19
2308	16
2309	13
2310	17
2311	20
2312	13
2313	15
2314	24
2315	24
2316	13
2317	11
2318	17
2319	22
2320	26
2321	12
2322	15
2323	13
2324	17
2325	19
2326	16
2327	15
2328	17
2329	16
2330	14
2331	16
2332	16
2333	16
2334	8
2335	14
2336	13
2337	22
2338	13
2339	15
2340	19
2341	13
2342	30
2343	20
2344	18
2345	17
2346	21
2347	11
2348	12
2349	17
2350	12
2351	20
2352	20
2353	17
2354	19
2355	16
2356	12
2357	11
2358	14
2359	6
2360	17
2361	17
2362	18
2363	21
2364	13
2365	17
2366	17
2367	17
2368	13
2369	9
2370	21
2371	19
2372	20
2373	21
2374	16
2375	20
2376	9
2377	18
2378	16
2379	22
2380	10
2381	12
2382	16
2383	15
2384	12
2385	8
2386	22
2387	13
2388	21
2389	11
2390	16
2391	14
2392	15
2393	10
2394	16
2395	23
2396	8
2397	23
2398	15
2399	13
2400	15
2401	16
2402	17
2403	14
2404	14
2405	16
2406	15
2407	13
2408	15
2409	14
2410	16
2411	21
2412	12
2413	7
2414	12
2415	23
2416	6
2417	15
2418	21
2419	17
2420	17
2421	14
2422	11
2423	15
2424	14
2425	13
2426	17
2427	15
2428	15
2429	18
2430	27
2431	14
2432	26
2433	8
2434	19
2435	17
2436	20
2437	11
2438	15
2439	20
2440	12
2441	13
2442	14
2443	12
2444	9
2445	14
2446	16
2447	17
2448	12
2449	14
2450	14
2451	15
2452	21
2453	15
2454	16
2455	13
2456	11
2457	13
2458	12
2459	10
2460	16
2461	17
2462	17
2463	8
2464	11
2465	13
2466	12
2467	12
2468	15
2469	22
2470	16
2471	11
2472	12
2473	14
2474	14
2475	9
2476	17
2477	16
2478	26
2479	22
2480	14
2481	12
2482	16
2483	22
2484	13
2485	12
2486	12
2487	15
2488	18
2489	12
2490	15
2491	18
2492	20
2493	21
2494	18
2495	9
2496	10
2497	11
2498	17
2499	18
2500	16
2501	16
2502	22
2503	18
2504	17
2505	15
2506	13
2507	20
2508	17
2509	14
2510	11
2511	9
2512	14
2513	15
2514	18
2515	10
2516	9
2517	19
2518	16
2519	17
2520	18
2521	14
2522	8
2523	17
2524	10
2525	17
2526	14
2527	11
2528	13
2529	21
2530	11
2531	18
2532	10
2533	19
2534	20
2535	18
2536	15
2537	21
2538	17
2539	15
2540	20
2541	20
2542	17
2543	13
2544	10
2545	18
2546	10
2547	13
2548	18
2549	16
2550	20
2551	23
2552	23
2553	17
2554	12
2555	8
2556	9
2557	16
2558	7
2559	10
2560	18
2561	15
2562	12
2563	19
2564	17
2565	12
2566	14
2567	21
2568	11
2569	10
2570	12
2571	15
2572	15
2573	13
2574	19
2575	10
2576	16
2577	8
2578	15
2579	16
2580	8
2581	15
2582	12
2583	15
2584	13
2585	11
2586	20
2587	12
2588	25
2589	15
2590	6
2591	12
2592	11
2593	15
2594	17
2595	18
2596	15
2597	16
2598	11
2599	18
2600	13
2601	12
2602	11
2603	16
2604	19
2605	12
2606	15
2607	12
2608	10
2609	15
2610	16
2611	11
2612	18
2613	17
2614	18
2615	16
2616	22
2617	20
2618	9
2619	16
2620	18
2621	20
2622	10
2623	9
2624	11
2625	17
2626	18
2627	18
2628	12
2629	20
2630	23
2631	12
2632	18
2633	17
2634	20
2635	15
2636	11
2637	14
2638	12
2639	14
2640	18
2641	9
2642	12
2643	13
2644	13
2645	16
2646	12
2647	16
2648	17
2649	17
2650	13
2651	17
2652	14
2653	19
2654	12
2655	17
2656	16
2657	17
2658	12
2659	15
2660	21
2661	20
2662	14
2663	15
2664	16
2665	11
2666	10
2667	11
2668	13
2669	17
2670	14
2671	18
2672	14
2673	16
2674	9
2675	12
2676	16
2677	10
2678	18
2679	19
2680	10
2681	14
2682	14
2683	11
2684	17
2685	10
2686	12
2687	23
2688	9
2689	15
2690	10
2691	20
2692	11
2693	10
2694	12
2695	18
2696	16
2697	26
2698	14
2699	10
2700	9
2701	17
2702	17
2703	18
2704	11
2705	11
2706	14
2707	15
2708	17
2709	19
2710	11
2711	7
2712	8
2713	14
2714	10
2715	11
2716	18
2717	14
2718	13
2719	8
2720	23
2721	17
2722	6
2723	22
2724	16
2725	13
2726	13
2727	16
2728	12
2729	14
2730	12
2731	14
2732	15
2733	15
2734	18
2735	18
2736	17
2737	12
2738	10
2739	24
2740	8
2741	14
2742	15
2743	13
2744	13
2745	17
2746	11
2747	16
2748	18
2749	12
2750	10
2751	16
2752	12
2753	14
2754	16
2755	12
2756	22
2757	14
2758	12
2759	11
2760	15
2761	15
2762	7
2763	25
2764	23
2765	11
2766	14
2767	9
2768	10
2769	15
2770	16
2771	13
2772	9
2773	11
2774	8
2775	20
2776	10
2777	9
2778	20
2779	14
2780	10
2781	14
2782	12
2783	17
2784	19
2785	19
2786	18
2787	16
2788	15
2789	15
2790	16
2791	18
2792	11
2793	9
2794	11
2795	12
2796	12
2797	13
2798	13
2799	11
2800	14
2801	13
2802	15
2803	14
2804	16
2805	9
2806	15
2807	14
2808	16
2809	10
2810	14
2811	14
2812	17
2813	15
2814	15
2815	16
2816	18
2817	11
2818	9
2819	9
2820	8
2821	15
2822	10
2823	10
2824	14
2825	9
2826	11
2827	16
2828	11
2829	9
2830	13
2831	9
2832	19
2833	18
2834	9
2835	18
2836	18
2837	12
2838	14
2839	12
2840	18
2841	15
2842	23
2843	16
2844	15
2845	15
2846	13
2847	11
2848	19
2849	17
2850	10
2851	10
2852	18
2853	9
2854	8
2855	23
2856	5
2857	9
2858	17
2859	14
2860	8
2861	15
2862	13
2863	14
2864	11
2865	20
2866	17
2867	13
2868	22
2869	13
2870	17
2871	13
2872	15
2873	8
2874	18
2875	17
2876	18
2877	10
2878	18
2879	15
2880	12
2881	13
2882	10
2883	10
2884	11
2885	14
2886	13
2887	16
2888	10
2889	10
2890	22
2891	10
2892	15
2893	12
2894	10
2895	19
2896	17
2897	13
2898	12
2899	16
2900	16
2901	9
2902	13
2903	13
2904	14
2905	8
2906	13
2907	10
2908	8
2909	11
2910	12
2911	14
2912	13
2913	11
2914	9
2915	21
2916	19
2917	20
2918	14
2919	18
2920	16
2921	21
2922	11
2923	9
2924	8
2925	14
2926	13
2927	18
2928	9
2929	7
2930	15
2931	17
2932	13
2933	25
2934	10
2935	14
2936	17
2937	11
2938	9
2939	19
2940	10
2941	14
2942	15
2943	7
2944	12
2945	15
2946	17
2947	6
2948	14
2949	8
2950	14
2951	14
2952	11
2953	13
2954	16
2955	11
2956	18
2957	19
2958	7
2959	10
2960	15
2961	6
2962	13
2963	10
2964	14
2965	13
2966	13
2967	9
2968	15
2969	13
2970	15
2971	13
2972	9
2973	8
2974	12
2975	12
2976	14
2977	15
2978	11
2979	20
2980	15
2981	17
2982	21
2983	12
2984	14
2985	17
2986	12
2987	13
2988	13
2989	14
2990	12
2991	16
2992	9
2993	8
2994	15
2995	9
2996	19
2997	8
2998	9
2999	15
3000	11
3001	17
3002	9
3003	20
3004	9
3005	15
3006	21
3007	20
3008	14
3009	17
3010	11
3011	11
3012	15
3013	15
3014	10
3015	11
3016	10
3017	15
3018	11
3019	10
3020	16
3021	18
3022	12
3023	13
3024	13
3025	13
3026	14
3027	16
3028	16
3029	11
3030	8
3031	13
3032	9
3033	12
3034	20
3035	14
3036	16
3037	11
3038	12
3039	7
3040	12
3041	13
3042	11
3043	12
3044	9
3045	15
3046	14
3047	15
3048	6
3049	13
3050	9
3051	17
3052	9
3053	9
3054	15
3055	15
3056	9
3057	11
3058	12
3059	13
3060	17
3061	15
3062	13
3063	19
3064	5
3065	18
3066	17
3067	14
3068	11
3069	13
3070	9
3071	12
3072	12
3073	11
3074	9
3075	11
3076	9
3077	21
3078	15
3079	8
3080	16
3081	12
3082	15
3083	15
3084	13
3085	8
3086	18
3087	18
3088	10
3089	7
3090	6
3091	15
3092	11
3093	12
3094	13
3095	9
3096	12
3097	11
3098	13
3099	15
3100	13
3101	7
3102	14
3103	14
3104	15
3105	13
3106	10
3107	13
3108	13
3109	15
3110	11
3111	8
3112	13
3113	7
3114	13
3115	14
3116	12
3117	15
3118	19
3119	9
3120	10
3121	13
3122	19
3123	20
3124	16
3125	12
3126	20
3127	16
3128	15
3129	9
3130	5
3131	12
3132	14
3133	10
3134	11
3135	16
3136	18
3137	14
3138	11
3139	16
3140	12
3141	9
3142	13
3143	10
3144	14
3145	11
3146	5
3147	8
3148	8
3149	11
3150	16
3151	13
3152	14
3153	11
3154	12
3155	9
3156	9
3157	16
3158	11
3159	7
3160	8
3161	9
3162	14
3163	12
3164	17
3165	14
3166	12
3167	11
3168	13
3169	14
3170	9
3171	13
3172	9
3173	7
3174	8
3175	8
3176	11
3177	15
3178	12
3179	14
3180	9
3181	11
3182	11
3183	10
3184	16
3185	14
3186	11
3187	12
3188	13
3189	8
3190	10
3191	13
3192	12
3193	11
3194	10
3195	9
3196	14
3197	9
3198	14
3199	13
3200	10
3201	12
3202	8
3203	10
3204	15
3205	15
3206	10
3207	9
3208	10
3209	15
3210	7
3211	12
3212	17
3213	9
3214	10
3215	16
3216	11
3217	16
3218	11
3219	7
3220	9
3221	14
3222	12
3223	6
3224	10
3225	16
3226	13
3227	12
3228	13
3229	11
3230	6
3231	14
3232	13
3233	18
3234	14
3235	13
3236	15
3237	13
3238	10
3239	11
3240	13
3241	12
3242	17
3243	8
3244	14
3245	12
3246	9
3247	12
3248	11
3249	15
3250	14
3251	18
3252	10
3253	14
3254	11
3255	11
3256	9
3257	9
3258	11
3259	16
3260	11
3261	12
3262	15
3263	9
3264	16
3265	9
3266	12
3267	5
3268	6
3269	11
3270	11
3271	11
3272	6
3273	6
3274	11
3275	7
3276	14
3277	10
3278	9
3279	12
3280	15
3281	11
3282	6
3283	14
3284	11
3285	7
3286	12
3287	12
3288	17
3289	10
3290	8
3291	7
3292	18
3293	19
3294	15
3295	11
3296	11
3297	13
3298	11
3299	12
3300	7
3301	12
3302	12
3303	15
3304	10
3305	11
3306	10
3307	17
3308	16
3309	12
3310	15
3311	11
3312	12
3313	6
3314	6
3315	6
3316	10
3317	13
3318	9
3319	14
3320	7
3321	22
3322	11
3323	11
3324	9
3325	12
3326	14
3327	12
3328	6
3329	14
3330	9
3331	5
3332	17
3333	11
3334	11
3335	12
3336	12
3337	8
3338	10
3339	12
3340	11
3341	5
3342	12
3343	13
3344	10
3345	11
3346	16
3347	9
3348	13
3349	15
3350	9
3351	9
3352	8
3353	13
3354	14
3355	8
3356	16
3357	13
3358	9
3359	12
3360	7
3361	8
3362	7
3363	21
3364	6
3365	11
3366	15
3367	8
3368	15
3369	10
3370	11
3371	11
3372	17
3373	14
3374	8
3375	11
3376	9
3377	15
3378	10
3379	12
3380	9
3381	12
3382	8
3383	10
3384	10
3385	13
3386	7
3387	7
3388	12
3389	8
3390	10
3391	10
3392	13
3393	12
3394	16
3395	12
3396	12
3397	7
3398	5
3399	15
3400	8
3401	10
3402	10
3403	9
3404	15
3405	9
3406	12
3407	9
3408	18
3409	12
3410	6
3411	7
3412	12
3413	9
3414	9
3415	10
3416	12
3417	6
3418	8
3419	13
3420	7
3421	14
3422	9
3423	13
3424	8
3425	7
3426	14
3427	13
3428	15
3429	12
3430	14
3431	8
3432	10
3433	19
3434	7
3435	12
3436	11
3437	10
3438	10
3439	12
3440	11
3441	11
3442	5
3443	15
3444	7
3445	3
3446	8
3447	15
3448	14
3449	10
3450	9
3451	12
3452	11
3453	11
3454	8
3455	12
3456	11
3457	10
3458	10
3459	12
3460	11
3461	10
3462	16
3463	11
3464	12
3465	9
3466	17
3467	10
3468	11
3469	8
3470	11
3471	7
3472	10
3473	9
3474	10
3475	6
3476	8
3477	13
3478	6
3479	7
3480	14
3481	14
3482	14
3483	11
3484	12
3485	12
3486	7
3487	18
3488	6
3489	14
3490	11
3491	6
3492	12
3493	8
3494	11
3495	10
3496	8
3497	18
3498	8
3499	10
3500	5
3501	13
3502	8
3503	12
3504	8
3505	7
3506	10
3507	7
3508	15
3509	7
3510	12
3511	11
3512	9
3513	13
3514	9
3515	9
3516	10
3517	11
3518	11
3519	6
3520	7
3521	7
3522	8
3523	5
3524	7
3525	10
3526	6
3527	5
3528	8
3529	13
3530	9
3531	10
3532	4
3533	11
3534	15
3535	10
3536	6
3537	5
3538	10
3539	9
3540	10
3541	11
3542	8
3543	12
3544	13
3545	17
3546	14
3547	9
3548	10
3549	6
3550	10
3551	17
3552	9
3553	5
3554	9
3555	9
3556	7
3557	18
3558	10
3559	12
3560	8
3561	13
3562	15
3563	5
3564	13
3565	8
3566	11
3567	7
3568	7
3569	11
3570	13
3571	8
3572	4
3573	10
3574	8
3575	14
3576	17
3577	7
3578	7
3579	13
3580	18
3581	12
3582	17
3583	7
3584	11
3585	8
3586	13
3587	12
3588	10
3589	8
3590	16
3591	12
3592	11
3593	13
3594	10
3595	10
3596	10
3597	11
3598	11
3599	17
3600	5
3601	8
3602	8
3603	5
3604	13
3605	6
3606	7
3607	5
3608	8
3609	14
3610	5
3611	11
3612	11
3613	10
3614	14
3615	18
3616	16
3617	15
3618	7
3619	7
3620	8
3621	13
3622	18
3623	11
3624	8
3625	15
3626	10
3627	6
3628	16
3629	6
3630	11
3631	2
3632	17
3633	13
3634	12
3635	8
3636	15
3637	9
3638	10
3639	11
3640	14
3641	8
3642	19
3643	5
3644	11
3645	6
3646	7
3647	12
3648	6
3649	10
3650	8
3651	8
3652	5
3653	10
3654	16
3655	9
3656	8
3657	9
3658	8
3659	5
3660	9
3661	7
3662	6
3663	12
3664	9
3665	14
3666	7
3667	9
3668	9
3669	6
3670	9
3671	10
3672	7
3673	14
3674	14
3675	11
3676	11
3677	9
3678	10
3679	12
3680	13
3681	8
3682	10
3683	10
3684	11
3685	9
3686	9
3687	8
3688	10
3689	8
3690	16
3691	9
3692	10
3693	9
3694	9
3695	7
3696	6
3697	13
3698	9
3699	6
3700	14
3701	7
3702	11
3703	12
3704	11
3705	5
3706	6
3707	8
3708	9
3709	7
3710	8
3711	9
3712	7
3713	10
3714	15
3715	10
3716	12
3717	3
3718	9
3719	9
3720	6
3721	13
3722	14
3723	16
3724	12
3725	6
3726	13
3727	5
3728	8
3729	14
3730	8
3731	12
3732	16
3733	13
3734	13
3735	6
3736	11
3737	12
3738	10
3739	14
3740	1
3741	8
3742	9
3743	14
3744	11
3745	15
3746	16
3747	20
3748	10
3749	12
3750	15
3751	15
3752	8
3753	15
3754	10
3755	9
3756	11
3757	8
3758	7
3759	4
3760	16
3761	11
3762	9
3763	6
3764	14
3765	10
3766	12
3767	5
3768	6
3769	8
3770	7
3771	10
3772	10
3773	10
3774	12
3775	9
3776	8
3777	10
3778	12
3779	7
3780	13
3781	8
3782	14
3783	10
3784	5
3785	8
3786	10
3787	9
3788	17
3789	11
3790	9
3791	11
3792	6
3793	14
3794	17
3795	11
3796	11
3797	10
3798	10
3799	7
3800	12
3801	17
3802	8
3803	3
3804	9
3805	10
3806	13
3807	10
3808	9
3809	13
3810	7
3811	12
3812	7
3813	15
3814	11
3815	4
3816	9
3817	19
3818	6
3819	13
3820	4
3821	12
3822	17
3823	15
3824	13
3825	13
3826	17
3827	12
3828	10
3829	8
3830	10
3831	6
3832	10
3833	9
3834	12
3835	10
3836	13
3837	7
3838	12
3839	6
3840	9
3841	8
3842	11
3843	7
3844	12
3845	9
3846	9
3847	17
3848	13
3849	10
3850	7
3851	11
3852	9
3853	15
3854	6
3855	11
3856	14
3857	10
3858	19
3859	15
3860	12
3861	6
3862	13
3863	9
3864	9
3865	9
3866	10
3867	15
3868	12
3869	5
3870	4
3871	9
3872	8
3873	10
3874	10
3875	8
3876	5
3877	6
3878	9
3879	12
3880	6
3881	14
3882	7
3883	6
3884	13
3885	8
3886	9
3887	9
3888	10
3889	7
3890	10
3891	8
3892	10
3893	7
3894	11
3895	4
3896	13
3897	8
3898	12
3899	8
3900	14
3901	8
3902	8
3903	11
3904	6
3905	8
3906	12
3907	14
3908	8
3909	7
3910	15
3911	9
3912	16
3913	9
3914	11
3915	12
3916	10
3917	16
3918	13
3919	14
3920	9
3921	16
3922	18
3923	6
3924	9
3925	11
3926	6
3927	8
3928	6
3929	10
3930	11
3931	5
3932	11
3933	6
3934	5
3935	7
3936	10
3937	7
3938	10
3939	13
3940	8
3941	9
3942	12
3943	13
3944	8
3945	6
3946	11
3947	10
3948	9
3949	4
3950	12
3951	11
3952	13
3953	6
3954	10
3955	7
3956	9
3957	10
3958	9
3959	12
3960	10
3961	12
3962	11
3963	10
3964	11
3965	8
3966	10
3967	9
3968	12
3969	8
3970	11
3971	9
3972	4
3973	8
3974	6
3975	11
3976	8
3977	14
3978	15
3979	6
3980	15
3981	11
3982	7
3983	13
3984	17
3985	10
3986	8
3987	6
3988	6
3989	11
3990	5
3991	11
3992	8
3993	12
3994	11
3995	6
3996	14
3997	9
3998	14
3999	9
4000	10
4001	11
4002	8
4003	9
4004	10
4005	11
4006	11
4007	12
4008	9
4009	10
4010	6
4011	21
4012	7
4013	10
4014	9
4015	8
4016	6
4017	12
4018	7
4019	13
4020	14
4021	7
4022	6
4023	9
4024	8
4025	15
4026	12
4027	6
4028	11
4029	14
4030	10
4031	19
4032	16
4033	10
4034	16
4035	7
4036	7
4037	7
4038	9
4039	15
4040	12
4041	8
4042	14
4043	8
4044	13
4045	9
4046	8
4047	7
4048	10
4049	8
4050	6
4051	12
4052	10
4053	15
4054	9
4055	8
4056	14
4057	10
4058	13
4059	10
4060	12
4061	12
4062	11
4063	9
4064	7
4065	10
4066	9
4067	15
4068	6
4069	6
4070	9
4071	6
4072	9
4073	10
4074	12
4075	13
4076	9
4077	5
4078	12
4079	8
4080	7
4081	7
4082	9
4083	3
4084	9
4085	15
4086	9
4087	14
4088	6
4089	8
4090	8
4091	7
4092	24
4093	11
4094	10
4095	9
4096	13
4097	15
4098	8
4099	7
4100	6
4101	5
4102	19
4103	14
4104	6
4105	5
4106	16
4107	14
4108	10
4109	10
4110	12
4111	12
4112	12
4113	10
4114	10
4115	10
4116	4
4117	7
4118	11
4119	7
4120	9
4121	8
4122	13
4123	11
4124	8
4125	6
4126	13
4127	6
4128	7
4129	14
4130	10
4131	10
4132	9
4133	12
4134	6
4135	13
4136	17
4137	14
4138	6
4139	12
4140	11
4141	8
4142	12
4143	7
4144	13
4145	7
4146	12
4147	11
4148	13
4149	6
4150	11
4151	8
4152	20
4153	7
4154	7
4155	8
4156	12
4157	15
4158	7
4159	12
4160	10
4161	8
4162	14
4163	11
4164	13
4165	15
4166	12
4167	12
4168	13
4169	17
4170	12
4171	12
4172	6
4173	11
4174	11
4175	8
4176	14
4177	8
4178	11
4179	9
4180	5
4181	10
4182	13
4183	15
4184	7
4185	11
4186	9
4187	6
4188	10
4189	14
4190	14
4191	9
4192	13
4193	8
4194	9
4195	9
4196	10
4197	13
4198	7
4199	13
4200	16
4201	16
4202	16
4203	11
4204	6
4205	16
4206	6
4207	11
4208	13
4209	8
4210	10
4211	10
4212	12
4213	9
4214	8
4215	9
4216	10
4217	11
4218	8
4219	18
4220	5
4221	13
4222	11
4223	13
4224	11
4225	9
4226	8
4227	10
4228	8
4229	11
4230	8
4231	10
4232	12
4233	10
4234	8
4235	11
4236	9
4237	3
4238	11
4239	10
4240	9
4241	9
4242	12
4243	11
4244	14
4245	15
4246	12
4247	11
4248	5
4249	11
4250	10
4251	9
4252	13
4253	15
4254	8
4255	9
4256	13
4257	10
4258	9
4259	16
4260	13
4261	13
4262	16
4263	13
4264	7
4265	15
4266	7
4267	11
4268	15
4269	13
4270	17
4271	4
4272	14
4273	14
4274	10
4275	12
4276	14
4277	11
4278	10
4279	11
4280	13
4281	13
4282	12
4283	8
4284	18
4285	8
4286	12
4287	13
4288	11
4289	12
4290	10
4291	10
4292	11
4293	11
4294	12
4295	17
4296	10
4297	20
4298	17
4299	19
4300	14
4301	6
4302	10
4303	16
4304	11
4305	15
4306	16
4307	3
4308	7
4309	13
4310	12
4311	11
4312	12
4313	13
4314	4
4315	13
4316	16
4317	12
4318	9
4319	14
4320	5
4321	16
4322	11
4323	14
4324	12
4325	9
4326	9
4327	13
4328	15
4329	15
4330	11
4331	14
4332	18
4333	12
4334	8
4335	15
4336	12
4337	17
4338	16
4339	16
4340	15
4341	14
4342	15
4343	13
4344	9
4345	16
4346	11
4347	8
4348	16
4349	13
4350	12
4351	16
4352	8
4353	5
4354	10
4355	15
4356	12
4357	16
4358	19
4359	13
4360	13
4361	12
4362	10
4363	12
4364	14
4365	13
4366	15
4367	10
4368	15
4369	12
4370	16
4371	14
4372	10
4373	17
4374	21
4375	10
4376	9
4377	15
4378	10
4379	16
4380	13
4381	13
4382	5
4383	10
4384	16
4385	10
4386	23
4387	18
4388	10
4389	12
4390	13
4391	14
4392	14
4393	15
4394	17
4395	14
4396	18
4397	12
4398	10
4399	13
4400	15
4401	14
4402	11
4403	13
4404	8
4405	11
4406	10
4407	10
4408	14
4409	18
4410	17
4411	9
4412	10
4413	9
4414	7
4415	9
4416	13
4417	13
4418	20
4419	8
4420	13
4421	16
4422	14
4423	14
4424	11
4425	11
4426	11
4427	18
4428	16
4429	14
4430	13
4431	13
4432	12
4433	15
4434	6
4435	15
4436	17
4437	17
4438	12
4439	19
4440	16
4441	10
4442	9
4443	23
4444	11
4445	18
4446	10
4447	9
4448	11
4449	19
4450	11
4451	13
4452	17
4453	16
4454	17
4455	11
4456	12
4457	12
4458	14
4459	18
4460	11
4461	10
4462	11
4463	16
4464	11
4465	11
4466	16
4467	10
4468	16
4469	13
4470	13
4471	14
4472	16
4473	13
4474	9
4475	16
4476	18
4477	19
4478	17
4479	14
4480	15
4481	14
4482	19
4483	16
4484	5
4485	16
4486	16
4487	17
4488	12
4489	15
4490	12
4491	19
4492	10
4493	14
4494	23
4495	7
4496	11
4497	11
4498	15
4499	15
4500	19
4501	5
4502	11
4503	11
4504	13
4505	12
4506	13
4507	18
4508	11
4509	13
4510	9
4511	10
4512	13
4513	18
4514	10
4515	13
4516	12
4517	18
4518	24
4519	17
4520	16
4521	16
4522	25
4523	19
4524	13
4525	26
4526	18
4527	20
4528	13
4529	17
4530	22
4531	18
4532	21
4533	11
4534	17
4535	12
4536	19
4537	25
4538	16
4539	15
4540	15
4541	20
4542	14
4543	15
4544	21
4545	15
4546	9
4547	15
4548	19
4549	17
4550	21
4551	19
4552	13
4553	18
4554	14
4555	11
4556	10
4557	13
4558	20
4559	21
4560	18
4561	17
4562	16
4563	14
4564	22
4565	16
4566	32
4567	23
4568	28
4569	19
4570	20
4571	24
4572	30
4573	18
4574	11
4575	25
4576	17
4577	18
4578	15
4579	20
4580	14
4581	17
4582	17
4583	15
4584	13
4585	16
4586	14
4587	19
4588	21
4589	21
4590	22
4591	19
4592	24
4593	11
4594	16
4595	17
4596	21
4597	23
4598	9
4599	20
4600	24
4601	28
4602	17
4603	18
4604	20
4605	15
4606	23
4607	20
4608	15
4609	25
4610	17
4611	20
4612	20
4613	15
4614	32
4615	10
4616	12
4617	20
4618	18
4619	20
4620	18
4621	17
4622	15
4623	28
4624	16
4625	19
4626	17
4627	19
4628	23
4629	24
4630	14
4631	19
4632	23
4633	18
4634	20
4635	17
4636	15
4637	16
4638	37
4639	18
4640	15
4641	15
4642	26
4643	21
4644	25
4645	24
4646	22
4647	21
4648	22
4649	20
4650	14
4651	26
4652	13
4653	26
4654	24
4655	28
4656	15
4657	19
4658	25
4659	17
4660	25
4661	7
4662	17
4663	21
4664	20
4665	24
4666	21
4667	26
4668	20
4669	15
4670	17
4671	19
4672	22
4673	17
4674	22
4675	13
4676	34
4677	25
4678	17
4679	22
4680	33
4681	16
4682	20
4683	23
4684	21
4685	18
4686	27
4687	27
4688	22
4689	19
4690	20
4691	20
4692	13
4693	14
4694	13
4695	22
4696	21
4697	15
4698	19
4699	18
4700	17
4701	18
4702	22
4703	28
4704	16
4705	18
4706	13
4707	24
4708	19
4709	20
4710	19
4711	24
4712	24
4713	22
4714	12
4715	12
4716	17
4717	13
4718	16
4719	16
4720	22
4721	22
4722	16
4723	17
4724	16
4725	23
4726	27
4727	19
4728	22
4729	19
4730	16
4731	22
4732	26
4733	13
4734	28
4735	20
4736	16
4737	17
4738	22
4739	12
4740	13
4741	23
4742	11
4743	22
4744	15
4745	19
4746	17
4747	17
4748	21
4749	15
4750	20
4751	18
4752	13
4753	15
4754	29
4755	9
4756	20
4757	23
4758	14
4759	25
4760	19
4761	20
4762	16
4763	17
4764	22
4765	17
4766	12
4767	21
4768	21
4769	14
4770	17
4771	14
4772	21
4773	12
4774	16
4775	17
4776	15
4777	18
4778	21
4779	12
4780	15
4781	17
4782	21
4783	18
4784	9
4785	17
4786	19
4787	10
4788	11
4789	13
4790	16
4791	18
4792	11
4793	20
4794	15
4795	9
4796	14
4797	15
4798	17
4799	16
4800	8
4801	15
4802	13
4803	17
4804	14
4805	13
4806	16
4807	19
4808	16
4809	11
4810	15
4811	11
4812	6
4813	20
4814	9
4815	14
4816	16
4817	12
4818	15
4819	18
4820	11
4821	12
4822	22
4823	12
4824	17
4825	13
4826	18
4827	10
4828	10
4829	10
4830	8
4831	14
4832	10
4833	12
4834	17
4835	16
4836	17
4837	9
4838	15
4839	11
4840	9
4841	10
4842	11
4843	13
4844	16
4845	13
4846	11
4847	10
4848	21
4849	12
4850	14
4851	12
4852	7
4853	13
4854	10
4855	9
4856	14
4857	9
4858	11
4859	10
4860	12
4861	6
4862	8
4863	7
4864	11
4865	17
4866	11
4867	20
4868	7
4869	9
4870	9
4871	13
4872	8
4873	4
4874	10
4875	5
4876	4
4877	11
4878	7
4879	3
4880	13
4881	10
4882	13
4883	14
4884	3
4885	8
4886	10
4887	5
4888	10
4889	7
4890	8
4891	8
4892	5
4893	11
4894	12
4895	12
4896	6
4897	10
4898	6
4899	8
4900	7
4901	2
4902	7
4903	4
4904	4
4905	11
4906	12
4907	5
4908	9
4909	8
4910	12
4911	7
4912	5
4913	8
4914	7
4915	8
4916	9
4917	12
4918	5
4919	9
4920	8
4921	6
4922	7
4923	10
4924	5
4925	5
4926	10
4927	6
4928	7
4929	9
4930	6
4931	12
4932	9
4933	7
4934	8
4935	1
4936	6
4937	5
4938	6
4939	4
4940	1
4941	6
4942	5
4943	5
4944	4
4945	5
4946	5
4947	3
4948	8
4949	4
4950	3
4951	2
4952	4
4953	2
4954	2
4955	6
4956	5
4957	5
4958	5
4959	2
4960	3
4961	4
4962	1
4963	6
4964	1
4965	1
4966	3
4967	6
4968	2
4969	7
4970	4
4971	3
4972	1
4973	4
4974	1
4975	3
4976	5
4977	4
4978	8
4979	3
4980	1
4981	1
4982	6
4983	0
4984	4
4985	3
4986	0
4987	0
4988	2
4989	2
4990	0
4991	0
4992	5
4993	2
4994	5
4995	1
4996	2
4997	3
4998	0
4999	2
5000	5
5001	2
5002	1
5003	1
5004	4
5005	2
5006	1
5007	4
5008	1
5009	4
5010	4
5011	3
5012	2
5013	1
5014	2
5015	1
5016	3
5017	0
5018	4
5019	3
5020	1
5021	4
5022	3
5023	2
5024	0
5025	1
5026	3
5027	2
5028	4
5029	3
5030	2
5031	1
5032	2
5033	1
5034	1
5035	1
5036	1
5037	2
5038	1
5039	0
5040	0
5041	2
5042	2
5043	3
5044	0
5045	2
5046	3
5047	0
5048	1
5049	2
5050	2
5051	0
5052	1
5053	2
5054	3
5055	1
5056	1
5057	1
5058	3
5059	2
5060	3
5061	3
5062	1
5063	0
5064	2
5065	2
5066	2
5067	4
5068	1
5069	2
5070	0
5071	2
5072	2
5073	2
5074	0
5075	1
5076	0
5077	2
5078	0
5079	1
5080	1
5081	3
5082	4
5083	0
5084	1
5085	1
5086	3
5087	2
5088	0
5089	2
5090	1
5091	2
5092	3
5093	1
5094	0
5095	1
5096	0
5097	2
5098	4
5099	0
5100	2
5101	1
5102	1
5103	2
5104	2
5105	1
5106	0
5107	1
5108	3
5109	1
5110	0
5111	0
5112	0
5113	1
5114	1
5115	1
5116	0
5117	2
5118	1
5119	0
5120	1
5121	0
5122	0
5123	3
5124	0
5125	0
5126	1
5127	0
5128	0
5129	0
5130	0
5131	0
5132	0
5133	0
5134	1
5135	0
5136	2
5137	0
5138	3
5139	2
5140	0
5141	2
5142	0
5143	0
5144	0
5145	0
5146	2
5147	0
5148	1
5149	1
5150	2
5151	1
5152	2
5153	1
5154	0
5155	1
5156	0
5157	0
5158	0
5159	0
5160	0
5161	1
5162	0
5163	0
5164	2
5165	1
5166	1
5167	0
5168	1
5169	0
5170	2
5171	0
5172	0
5173	0
5174	2
5175	1
5176	2
5177	2
5178	0
5179	0
5180	0
5181	1
5182	0
5183	0
5184	4
5185	1
5186	0
5187	2
5188	0
5189	0
5190	0
5191	0
5192	1
5193	0
5194	1
5195	1
5196	1
5197	0
5198	0
5199	1
5200	1
5201	1
5202	0
5203	1
5204	2
5205	0
5206	1
5207	0
5208	0
5209	2
5210	1
5211	0
5212	0
5213	0
5214	0
5215	1
5216	0
5217	0
5218	1
5219	0
5220	2
5221	0
5222	1
5223	1
5224	1
5225	1
5226	1
5227	2
5228	1
5229	0
5230	0
5231	1
5232	0
5233	1
5234	1
5235	1
5236	0
5237	2
5238	1
5239	1
5240	0
5241	0
5242	1
5243	1
5244	0
5245	1
5246	0
5247	0
5248	0
5249	2
5250	0
5251	1
5252	0
5253	3
5254	0
5255	0
5256	1
5257	0
5258	1
5259	0
5260	3
5261	0
5262	0
5263	0
5264	0
5265	0
5266	0
5267	0
5268	0
5269	0
5270	0
5271	0
5272	0
5273	0
5274	0
5275	0
5276	1
5277	1
5278	0
5279	1
5280	2
5281	1
5282	1
5283	1
5284	1
5285	0
5286	0
5287	0
5288	0
5289	0
5290	1
5291	0
5292	1
5293	0
5294	1
5295	0
5296	0
5297	0
5298	1
5299	1
5300	0
5301	1
5302	0
5303	0
5304	1
5305	0
5306	0
5307	1
5308	0
5309	0
5310	1
5311	0
5312	0
5313	2
5314	1
5315	1
5316	0
5317	0
5318	0
5319	1
5320	0
5321	0
5322	0
5323	0
5324	0
5325	1
5326	0
5327	4
5328	0
5329	1
5330	1
5331	0
5332	2
5333	0
5334	2
5335	0
5336	1
5337	1
5338	0
5339	2
5340	2
5341	1
5342	0
5343	0
5344	0
5345	0
5346	0
5347	1
5348	1
5349	0
5350	1
5351	1
5352	2
5353	0
5354	0
5355	0
5356	1
5357	0
5358	0
5359	1
5360	3
5361	1
5362	2
5363	2
5364	1
5365	0
5366	0
5367	0
5368	0
5369	0
5370	0
5371	1
5372	1
5373	0
5374	0
5375	0
5376	3
5377	0
5378	1
5379	0
5380	0
5381	0
5382	0
5383	0
5384	0
5385	1
5386	0
5387	0
5388	0
5389	0
5390	1
5391	0
5392	0
5393	0
5394	0
5395	0
5396	0
5397	0
5398	0
5399	0
5400	0
5401	0
5402	0
5403	0
5404	1
5405	0
5406	1
5407	0
5408	0
5409	0
5410	0
5411	0
5412	1
5413	0
5414	2
5415	0
5416	0
5417	0
5418	1
5419	0
5420	0
5421	2
5422	0
5423	2
5424	1
5425	1
5426	0
5427	1
5428	1
5429	0
5430	0
5431	0
5432	0
5433	1
5434	0
5435	1
5436	0
5437	2
5438	0
5439	2
5440	1
5441	1
5442	2
5443	1
5444	1
5445	0
5446	0
5447	0
5448	0
5449	0
5450	1
5451	1
5452	1
5453	1
5454	0
5455	0
5456	1
5457	1
5458	0
5459	2
5460	1
5461	0
5462	0
5463	0
5464	0
5465	2
5466	1
5467	1
5468	0
5469	2
5470	0
5471	0
5472	0
5473	1
5474	0
5475	0
5476	0
5477	0
5478	0
5479	0
5480	0
5481	0
5482	0
5483	2
5484	0
5485	2
5486	0
5487	0
5488	1
5489	0
5490	0
5491	0
5492	1
5493	0
5494	0
5495	1
5496	0
5497	0
5498	0
5499	0
5500	0
5501	0
5502	0
5503	1
5504	0
5505	1
5506	0
5507	1
5508	0
5509	3
5510	1
5511	1
5512	0
5513	0
5514	0
5515	1
5516	0
5517	3
5518	1
5519	0
5520	1
5521	0
5522	0
5523	1
5524	0
5525	0
5526	1
5527	0
5528	2
5529	2
5530	0
5531	1
5532	1
5533	1
5534	0
5535	0
5536	0
5537	1
5538	0
5539	0
5540	1
5541	0
5542	0
5543	0
5544	0
5545	1
5546	0
5547	1
5548	1
5549	0
5550	0
5551	0
5552	0
5553	0
5554	1
5555	0
5556	0
5557	0
5558	0
5559	0
5560	0
5561	2
5562	0
5563	0
5564	0
5565	2
5566	1
5567	0
5568	0
5569	0
5570	0
5571	0
5572	1
5573	0
5574	0
5575	1
5576	0
5577	0
5578	0
5579	1
5580	0
5581	1
5582	1
5583	1
5584	1
5585	1
5586	2
5587	0
5588	1
5589	1
5590	0
5591	1
5592	2
5593	0
5594	0
5595	1
5596	2
5597	1
5598	0
5599	1
5600	0
5601	0
5602	0
5603	0
5604	0
5605	1
5606	0
5607	3
5608	0
5609	1
5610	0
5611	1
5612	0
5613	2
5614	1
5615	1
5616	0
5617	0
5618	0
5619	0
5620	0
5621	1
5622	2
5623	0
5624	1
5625	0
5626	0
5627	0
5628	0
5629	0
5630	1
5631	1
5632	1
5633	0
5634	0
5635	0
5636	0
5637	1
5638	0
5639	2
5640	0
5641	3
5642	0
5643	1
5644	0
5645	2
5646	1
5647	2
5648	1
5649	0
5650	0
5651	0
5652	0
5653	1
5654	1
5655	0
5656	0
5657	0
5658	1
5659	2
5660	0
5661	0
5662	0
5663	0
5664	2
5665	0
5666	1
5667	0
5668	1
5669	0
5670	1
5671	1
5672	1
5673	0
5674	0
5675	0
5676	0
5677	1
5678	0
5679	1
5680	1
5681	1
5682	0
5683	0
5684	1
5685	1
5686	0
5687	1
5688	0
5689	0
5690	0
5691	0
5692	0
5693	0
5694	0
5695	0
5696	1
5697	1
5698	1
5699	0
5700	0
5701	0
5702	0
5703	0
5704	1
5705	1
5706	0
5707	1
5708	1
5709	1
5710	0
5711	0
5712	1
5713	1
5714	0
5715	0
5716	3
5717	1
5718	0
5719	0
5720	0
5721	0
5722	0
5723	1
5724	0
5725	0
5726	1
5727	1
5728	2
5729	0
5730	1
5731	0
5732	0
5733	2
5734	0
5735	1
5736	0
5737	0
5738	0
5739	0
5740	0
5741	0
5742	0
5743	0
5744	3
5745	0
5746	1
5747	1
5748	0
5749	0
5750	0
5751	1
5752	1
5753	2
5754	0
5755	0
5756	0
5757	2
5758	0
5759	2
5760	0
5761	0
5762	1
5763	3
5764	0
5765	0
5766	0
5767	0
5768	0
5769	0
5770	2
5771	0
5772	0
5773	1
5774	2
5775	0
5776	1
5777	0
5778	0
5779	0
5780	1
5781	0
5782	0
5783	0
5784	1
5785	0
5786	0
5787	0
5788	1
5789	1
5790	1
5791	1
5792	0
5793	0
5794	0
5795	1
5796	1
5797	0
5798	0
5799	0
5800	0
5801	2
5802	0
5803	0
5804	1
5805	0
5806	0
5807	0
5808	0
5809	0
5810	3
5811	0
5812	0
5813	0
5814	1
5815	1
5816	1
5817	1
5818	1
5819	0
5820	0
5821	0
5822	0
5823	0
5824	2
5825	0
5826	0
5827	1
5828	0
5829	0
5830	2
5831	0
5832	0
5833	0
5834	0
5835	0
5836	0
5837	1
5838	2
5839	0
5840	0
5841	0
5842	1
5843	2
5844	3
5845	0
5846	0
5847	0
5848	1
5849	1
5850	0
5851	0
5852	0
5853	1
5854	0
5855	0
5856	1
5857	1
5858	0
5859	0
5860	1
5861	0
5862	1
5863	0
5864	0
5865	0
5866	0
5867	1
5868	0
5869	0
5870	0
5871	0
5872	1
5873	3
5874	0
5875	0
5876	0
5877	0
5878	1
5879	2
5880	0
5881	0
5882	0
5883	0
5884	1
5885	0
5886	0
5887	2
5888	1
5889	0
5890	1
5891	1
5892	2
5893	0
5894	0
5895	0
5896	1
5897	1
5898	1
5899	0
5900	0
5901	0
5902	0
5903	0
5904	0
5905	1
5906	0
5907	0
5908	0
5909	0
5910	1
5911	0
5912	0
5913	0
5914	0
5915	0
5916	0
5917	0
5918	1
5919	0
5920	0
5921	0
5922	0
5923	1
5924	0
5925	0
5926	1
5927	1
5928	0
5929	0
5930	0
5931	0
5932	0
5933	0
5934	0
5935	0
5936	1
5937	1
5938	0
5939	0
5940	0
5941	1
5942	1
5943	0
5944	1
5945	0
5946	2
5947	0
5948	0
5949	2
5950	2
5951	0
5952	0
5953	0
5954	0
5955	0
5956	0
5957	0
5958	1
5959	0
5960	1
5961	0
5962	2
5963	2
5964	0
5965	1
5966	1
5967	0
5968	0
5969	1
5970	0
5971	1
5972	1
5973	0
5974	1
5975	1
5976	1
5977	0
5978	1
5979	0
5980	0
5981	2
5982	1
5983	3
5984	0
5985	0
5986	0
5987	0
5988	0
5989	1
5990	0
5991	1
5992	1
5993	0
5994	1
5995	0
5996	0
5997	0
5998	1
5999	0
6000	0
6001	0
6002	0
6003	0
6004	0
6005	0
6006	0
6007	0
6008	0
6009	0
6010	0
6011	0
6012	0
6013	0
6014	0
6015	1
6016	0
6017	1
6018	1
6019	1
6020	0
6021	2
6022	1
6023	0
6024	0
6025	0
6026	0
6027	2
6028	0
6029	0
6030	1
6031	1
6032	0
6033	1
6034	1
6035	1
6036	0
6037	0
6038	0
6039	0
6040	0
6041	1
6042	1
6043	0
6044	0
6045	0
6046	1
6047	0
6048	0
6049	1
6050	0
6051	0
6052	0
6053	3
6054	0
6055	0
6056	0
6057	0
6058	0
6059	0
6060	0
6061	0
6062	1
6063	0
6064	2
6065	1
6066	0
6067	0
6068	2
6069	0
6070	0
6071	0
6072	1
6073	2
6074	1
6075	0
6076	0
6077	0
6078	0
6079	0
6080	0
6081	0
6082	1
6083	2
6084	0
6085	1
6086	0
6087	1
6088	2
6089	2
6090	2
6091	1
6092	2
6093	1
6094	0
6095	1
6096	0
6097	0
6098	1
6099	1
6100	2
6101	0
6102	0
6103	0
6104	1
6105	0
6106	0
6107	0
6108	1
6109	0
6110	0
6111	0
6112	0
6113	0
6114	0
6115	2
6116	0
6117	1
6118	0
6119	0
6120	0
6121	0
6122	0
6123	0
6124	0
6125	0
6126	0
6127	1
6128	0
6129	1
6130	0
6131	1
6132	0
6133	1
6134	1
6135	0
6136	0
6137	0
6138	0
6139	1
6140	0
6141	0
6142	0
6143	0
6144	0
6145	0
6146	0
6147	0
6148	0
6149	1
6150	0
6151	1
6152	0
6153	1
6154	0
6155	0
6156	2
6157	0
6158	0
6159	0
6160	1
6161	0
6162	0
6163	0
6164	1
6165	0
6166	0
6167	1
6168	0
6169	1
6170	0
6171	0
6172	2
6173	0
6174	0
6175	0
6176	2
6177	1
6178	0
6179	0
6180	0
6181	0
6182	1
6183	0
6184	1
6185	2
6186	1
6187	0
6188	0
6189	0
6190	0
6191	0
6192	1
6193	1
6194	0
6195	0
6196	0
6197	1
6198	0
6199	0
6200	0
6201	0
6202	0
6203	0
6204	0
6205	0
6206	0
6207	1
6208	2
6209	0
6210	1
6211	0
6212	0
6213	0
6214	0
6215	0
6216	0
6217	2
6218	0
6219	1
6220	0
6221	0
6222	1
6223	0
6224	1
6225	0
6226	0
6227	0
6228	0
6229	0
6230	1
6231	1
6232	0
6233	0
6234	0
6235	0
6236	0
6237	0
6238	0
6239	1
6240	0
6241	0
6242	0
6243	1
6244	0
6245	0
6246	0
6247	0
6248	1
6249	0
6250	0
6251	1
6252	0
6253	0
6254	0
6255	2
6256	1
6257	2
6258	0
6259	0
6260	0
6261	0
6262	0
6263	0
6264	2
6265	2
6266	1
6267	0
6268	0
6269	0
6270	1
6271	0
6272	0
6273	0
6274	0
6275	0
6276	0
6277	0
6278	3
6279	0
6280	0
6281	0
6282	1
6283	0
6284	1
6285	0
6286	1
6287	0
6288	0
6289	0
6290	1
6291	3
6292	0
6293	1
6294	0
6295	0
6296	1
6297	1
6298	0
6299	2
6300	0
6301	0
6302	0
6303	0
6304	2
6305	0
6306	0
6307	0
6308	1
6309	0
6310	0
6311	0
6312	0
6313	0
6314	1
6315	0
6316	0
6317	0
6318	1
6319	0
6320	1
6321	0
6322	1
6323	0
6324	1
6325	1
6326	1
6327	1
6328	1
6329	2
6330	0
6331	1
6332	0
6333	0
6334	0
6335	0
6336	0
6337	1
6338	0
6339	0
6340	1
6341	1
6342	0
6343	0
6344	0
6345	1
6346	0
6347	2
6348	0
6349	0
6350	0
6351	0
6352	0
6353	1
6354	2
6355	0
6356	2
6357	1
6358	1
6359	0
6360	0
6361	1
6362	0
6363	1
6364	0
6365	0
6366	1
6367	1
6368	1
6369	0
6370	1
6371	0
6372	0
6373	1
6374	1
6375	0
6376	0
6377	0
6378	1
6379	0
6380	0
6381	0
6382	0
6383	0
6384	0
6385	1
6386	0
6387	1
6388	0
6389	2
6390	0
6391	0
6392	2
6393	1
6394	0
6395	0
6396	0
6397	0
6398	0
6399	0
6400	0
6401	1
6402	1
6403	0
6404	1
6405	1
6406	0
6407	1
6408	0
6409	0
6410	0
6411	1
6412	0
6413	0
6414	2
6415	0
6416	0
6417	0
6418	2
6419	0
6420	0
6421	1
6422	0
6423	0
6424	0
6425	0
6426	0
6427	0
6428	0
6429	0
6430	1
6431	0
6432	0
6433	0
6434	0
6435	0
6436	0
6437	1
6438	0
6439	1
6440	0
6441	0
6442	1
6443	0
6444	0
6445	1
6446	0
6447	0
6448	1
6449	1
6450	0
6451	0
6452	1
6453	0
6454	0
6455	1
6456	0
6457	0
6458	0
6459	1
6460	1
6461	2
6462	0
6463	1
6464	1
6465	1
6466	1
6467	0
6468	0
6469	0
6470	1
6471	0
6472	0
6473	0
6474	0
6475	0
6476	0
6477	2
6478	0
6479	0
6480	0
6481	1
6482	0
6483	0
6484	0
6485	0
6486	0
6487	0
6488	1
6489	0
6490	1
6491	0
6492	0
6493	0
6494	0
6495	0
6496	0
6497	0
6498	0
6499	1
6500	0
6501	0
6502	0
6503	1
6504	0
6505	0
6506	0
6507	0
6508	0
6509	0
6510	0
6511	0
6512	1
6513	1
6514	0
6515	1
6516	1
6517	1
6518	0
6519	1
6520	1
6521	1
6522	0
6523	0
6524	0
6525	1
6526	0
6527	0
6528	2
6529	0
6530	0
6531	1
6532	1
6533	0
6534	0
6535	0
6536	0
6537	1
6538	0
6539	0
6540	0
6541	1
6542	0
6543	0
6544	1
6545	1
6546	0
6547	1
6548	0
6549	0
6550	2
6551	0
6552	1
6553	0
6554	0
6555	0
6556	1
6557	0
6558	1
6559	0
6560	1
6561	1
6562	2
6563	0
6564	1
6565	3
6566	1
6567	0
6568	1
6569	1
6570	0
6571	0
6572	1
6573	0
6574	1
6575	0
6576	0
6577	1
6578	1
6579	1
6580	0
6581	0
6582	2
6583	0
6584	0
6585	0
6586	1
6587	0
6588	0
6589	0
6590	0
6591	0
6592	0
6593	0
6594	2
6595	0
6596	0
6597	1
6598	2
6599	0
6600	0
6601	1
6602	1
6603	0
6604	0
6605	0
6606	1
6607	0
6608	0
6609	0
6610	0
6611	1
6612	0
6613	1
6614	0
6615	0
6616	1
6617	0
6618	1
6619	0
6620	0
6621	3
6622	1
6623	1
6624	1
6625	0
6626	0
6627	1
6628	0
6629	1
6630	0
6631	1
6632	0
6633	0
6634	1
6635	0
6636	0
6637	1
6638	1
6639	0
6640	1
6641	0
6642	0
6643	1
6644	0
6645	1
6646	0
6647	2
6648	0
6649	1
6650	1
6651	0
6652	1
6653	1
6654	0
6655	0
6656	0
6657	1
6658	0
6659	1
6660	0
6661	0
6662	1
6663	0
6664	0
6665	1
6666	1
6667	0
6668	1
6669	1
6670	0
6671	0
6672	1
6673	1
6674	2
6675	0
6676	0
6677	0
6678	0
6679	0
6680	0
6681	0
6682	1
6683	1
6684	0
6685	0
6686	0
6687	0
6688	0
6689	0
6690	1
6691	0
6692	0
6693	1
6694	0
6695	0
6696	1
6697	1
6698	0
6699	1
6700	1
6701	1
6702	0
6703	0
6704	0
6705	0
6706	1
6707	0
6708	1
6709	1
6710	1
6711	1
6712	0
6713	0
6714	0
6715	1
6716	0
6717	0
6718	0
6719	0
6720	0
6721	0
6722	1
6723	0
6724	0
6725	0
6726	0
6727	1
6728	0
6729	0
6730	1
6731	0
6732	0
6733	0
6734	0
6735	0
6736	0
6737	1
6738	0
6739	1
6740	0
6741	1
6742	0
6743	0
6744	1
6745	0
6746	0
6747	0
6748	0
6749	0
6750	0
6751	0
6752	0
6753	1
6754	0
6755	0
6756	1
6757	1
6758	0
6759	0
6760	0
6761	0
6762	0
6763	1
6764	0
6765	0
6766	0
6767	1
6768	0
6769	0
6770	1
6771	1
6772	0
6773	0
6774	0
6775	0
6776	0
6777	0
6778	0
6779	1
6780	2
6781	0
6782	0
6783	0
6784	0
6785	0
6786	1
6787	0
6788	1
6789	0
6790	0
6791	1
6792	0
6793	1
6794	0
6795	0
6796	1
6797	0
6798	0
6799	0
6800	0
6801	0
6802	0
6803	0
6804	0
6805	1
6806	0
6807	0
6808	0
6809	0
6810	2
6811	0
6812	0
6813	0
6814	4
6815	0
6816	0
6817	0
6818	0
6819	0
6820	0
6821	0
6822	1
6823	1
6824	1
6825	1
6826	0
6827	0
6828	1
6829	0
6830	1
6831	0
6832	2
6833	0
6834	0
6835	0
6836	0
6837	0
6838	1
6839	1
6840	0
6841	0
6842	0
6843	0
6844	0
6845	3
6846	0
6847	0
6848	0
6849	0
6850	2
6851	0
6852	0
6853	1
6854	0
6855	1
6856	0
6857	1
6858	0
6859	0
6860	1
6861	1
6862	0
6863	1
6864	3
6865	1
6866	1
6867	0
6868	1
6869	0
6870	0
6871	2
6872	0
6873	1
6874	0
6875	0
6876	1
6877	1
6878	2
6879	0
6880	0
6881	0
6882	0
6883	1
6884	0
6885	1
6886	0
6887	2
6888	0
6889	2
6890	0
6891	1
6892	0
6893	0
6894	0
6895	0
6896	0
6897	0
6898	0
6899	0
6900	0
6901	0
6902	0
6903	0
6904	0
6905	0
6906	0
6907	2
6908	1
6909	2
6910	0
6911	1
6912	1
6913	0
6914	0
6915	0
6916	0
6917	0
6918	1
6919	0
6920	1
6921	0
6922	0
6923	0
6924	1
6925	0
6926	0
6927	0
6928	0
6929	1
6930	0
6931	0
6932	0
6933	0
6934	0
6935	0
6936	2
6937	2
6938	2
6939	2
6940	0
6941	0
6942	0
6943	1
6944	2
6945	0
6946	0
6947	0
6948	0
6949	0
6950	0
6951	0
6952	0
6953	0
6954	2
6955	0
6956	0
6957	0
6958	0
6959	0
6960	0
6961	1
6962	2
6963	1
6964	0
6965	0
6966	0
6967	2
6968	0
6969	0
6970	1
6971	0
6972	0
6973	1
6974	0
6975	0
6976	1
6977	1
6978	0
6979	0
6980	0
6981	0
6982	0
6983	0
6984	0
6985	0
6986	0
6987	0
6988	0
6989	1
6990	0
6991	1
6992	1
6993	0
6994	0
6995	0
6996	0
6997	1
6998	0
6999	0
7000	0
7001	0
7002	0
7003	0
7004	1
7005	0
7006	0
7007	0
7008	0
7009	0
7010	0
7011	0
7012	0
7013	1
7014	2
7015	2
7016	0
7017	0
7018	0
7019	0
7020	0
7021	0
7022	0
7023	0
7024	0
7025	0
7026	0
7027	2
7028	1
7029	0
7030	0
7031	1
7032	2
7033	1
7034	0
7035	0
7036	1
7037	0
7038	0
7039	1
7040	1
7041	0
7042	0
7043	1
7044	0
7045	0
7046	0
7047	1
7048	0
7049	1
7050	0
7051	0
7052	0
7053	1
7054	1
7055	0
7056	0
7057	0
7058	1
7059	0
7060	0
7061	0
7062	0
7063	0
7064	0
7065	0
7066	1
7067	0
7068	0
7069	0
7070	0
7071	0
7072	0
7073	0
7074	0
7075	0
7076	0
7077	0
7078	1
7079	0
7080	0
7081	1
7082	0
7083	1
7084	0
7085	1
7086	1
7087	1
7088	0
7089	0
7090	0
7091	1
7092	0
7093	1
7094	0
7095	2
7096	0
7097	0
7098	1
7099	0
7100	0
7101	0
7102	0
7103	0
7104	0
7105	0
7106	0
7107	0
7108	0
7109	0
7110	1
7111	1
7112	1
7113	0
7114	0
7115	0
7116	0
7117	1
7118	0
7119	1
7120	0
7121	0
7122	0
7123	0
7124	0
7125	0
7126	0
7127	0
7128	1
7129	2
7130	0
7131	0
7132	1
7133	0
7134	2
7135	0
7136	1
7137	0
7138	1
7139	0
7140	0
7141	1
7142	0
7143	0
7144	0
7145	0
7146	0
7147	1
7148	0
7149	0
7150	0
7151	0
7152	0
7153	0
7154	0
7155	0
7156	0
7157	0
7158	0
7159	0
7160	0
7161	0
7162	0
7163	0
7164	1
7165	0
7166	1
7167	0
7168	0
7169	0
7170	0
7171	1
7172	0
7173	1
7174	0
7175	0
7176	0
7177	0
7178	0
7179	1
7180	0
7181	0
7182	1
7183	1
7184	0
7185	1
7186	0
7187	1
7188	0
7189	0
7190	0
7191	1
7192	0
7193	1
7194	0
7195	0
7196	0
7197	0
7198	0
7199	0
7200	0
7201	0
7202	2
7203	1
7204	0
7205	0
7206	0
7207	0
7208	0
7209	0
7210	0
7211	0
7212	0
7213	0
7214	0
7215	0
7216	0
7217	0
7218	0
7219	0
7220	0
7221	0
7222	0
7223	0
7224	0
7225	0
7226	0
7227	0
7228	0
7229	0
7230	0
7231	0
7232	0
7233	0
7234	0
7235	0
7236	1
7237	0
7238	0
7239	0
7240	0
7241	0
7242	0
7243	1
7244	0
7245	1
7246	1
7247	0
7248	0
7249	1
7250	0
7251	1
7252	0
7253	0
7254	0
7255	1
7256	0
7257	0
7258	0
7259	0
7260	1
7261	1
7262	0
7263	0
7264	1
7265	1
7266	0
7267	0
7268	0
7269	0
7270	1
7271	0
7272	0
7273	0
7274	0
7275	0
7276	1
7277	0
7278	0
7279	1
7280	0
7281	0
7282	0
7283	1
7284	0
7285	0
7286	0
7287	0
7288	0
7289	0
7290	0
7291	0
7292	0
7293	0
7294	1
7295	0
7296	0
7297	1
7298	0
7299	0
7300	0
7301	0
7302	0
7303	0
7304	0
7305	0
7306	1
7307	1
7308	1
7309	0
7310	0
7311	0
7312	1
7313	1
7314	0
7315	1
7316	0
7317	0
7318	0
7319	1
7320	0
7321	0
7322	1
7323	1
7324	0
7325	0
7326	0
7327	0
7328	0
7329	0
7330	1
7331	0
7332	2
7333	2
7334	0
7335	0
7336	0
7337	1
7338	0
7339	0
7340	0
7341	0
7342	0
7343	0
7344	1
7345	1
7346	0
7347	0
7348	0
7349	0
7350	0
7351	0
7352	0
7353	0
7354	1
7355	0
7356	0
7357	1
7358	0
7359	1
7360	0
7361	0
7362	0
7363	0
7364	0
7365	0
7366	1
7367	0
7368	1
7369	0
7370	0
7371	1
7372	1
7373	0
7374	1
7375	0
7376	0
7377	0
7378	0
7379	1
7380	0
7381	0
7382	1
7383	0
7384	0
7385	0
7386	0
7387	0
7388	0
7389	0
7390	0
7391	0
7392	0
7393	0
7394	1
7395	0
7396	0
7397	0
7398	0
7399	0
7400	0
7401	1
7402	0
7403	2
7404	0
7405	0
7406	0
7407	1
7408	0
7409	0
7410	1
7411	0
7412	1
7413	0
7414	0
7415	0
7416	0
7417	0
7418	0
7419	0
7420	1
7421	0
7422	0
7423	0
7424	0
7425	0
7426	0
7427	0
7428	2
7429	0
7430	1
7431	1
7432	1
7433	0
7434	0
7435	1
7436	1
7437	0
7438	0
7439	1
7440	0
7441	0
7442	0
7443	0
7444	1
7445	1
7446	0
7447	0
7448	0
7449	0
7450	0
7451	0
7452	1
7453	0
7454	0
7455	1
7456	2
7457	0
7458	1
7459	0
7460	0
7461	1
7462	1
7463	0
7464	1
7465	0
7466	0
7467	0
7468	1
7469	0
7470	0
7471	0
7472	0
7473	0
7474	1
7475	0
7476	0
7477	1
7478	0
7479	0
7480	1
7481	0
7482	0
7483	0
7484	0
7485	0
7486	0
7487	0
7488	1
7489	0
7490	0
7491	1
7492	0
7493	0
7494	0
7495	0
7496	0
7497	0
7498	0
7499	0
7500	0
7501	0
7502	0
7503	0
7504	0
7505	1
7506	0
7507	0
7508	1
7509	0
7510	1
7511	0
7512	0
7513	2
7514	0
7515	1
7516	0
7517	0
7518	0
7519	0
7520	0
7521	1
7522	0
7523	0
7524	0
7525	2
7526	0
7527	0
7528	1
7529	0
7530	0
7531	0
7532	1
7533	0
7534	0
7535	0
7536	0
7537	1
7538	0
7539	0
7540	0
7541	0
7542	0
7543	0
7544	0
7545	0
7546	0
7547	1
7548	0
7549	0
7550	0
7551	1
7552	0
7553	0
7554	0
7555	0
7556	0
7557	1
7558	1
7559	1
7560	1
7561	0
7562	0
7563	0
7564	1
7565	0
7566	0
7567	0
7568	0
7569	0
7570	0
7571	0
7572	0
7573	0
7574	0
7575	1
7576	0
7577	0
7578	0
7579	1
7580	0
7581	1
7582	0
7583	0
7584	0
7585	0
7586	1
7587	0
7588	0
7589	0
7590	1
7591	0
7592	1
7593	0
7594	0
7595	0
7596	0
7597	0
7598	0
7599	0
7600	0
7601	1
7602	0
7603	0
7604	0
7605	0
7606	0
7607	1
7608	0
7609	0
7610	0
7611	1
7612	0
7613	1
7614	0
7615	0
7616	0
7617	1
7618	0
7619	0
7620	0
7621	2
7622	0
7623	3
7624	0
7625	1
7626	0
7627	0
7628	1
7629	0
7630	2
7631	0
7632	0
7633	1
7634	0
7635	0
7636	1
7637	0
7638	0
7639	0
7640	0
7641	0
7642	1
7643	0
7644	0
7645	0
7646	0
7647	0
7648	0
7649	0
7650	0
7651	3
7652	1
7653	0
7654	0
7655	0
7656	0
7657	0
7658	0
7659	0
7660	1
7661	0
7662	0
7663	1
7664	1
7665	0
7666	2
7667	0
7668	0
7669	0
7670	1
7671	0
7672	0
7673	0
7674	0
7675	0
7676	0
7677	1
7678	0
7679	0
7680	0
7681	1
7682	1
7683	0
7684	0
7685	0
7686	0
7687	0
7688	1
7689	1
7690	1
7691	0
7692	0
7693	0
7694	2
7695	1
7696	0
7697	0
7698	0
7699	0
7700	1
7701	0
7702	1
7703	0
7704	0
7705	0
7706	0
7707	0
7708	0
7709	0
7710	0
7711	0
7712	0
7713	1
7714	0
7715	0
7716	0
7717	0
7718	0
7719	0
7720	0
7721	0
7722	0
7723	1
7724	0
7725	0
7726	0
7727	0
7728	0
7729	2
7730	0
7731	0
7732	0
7733	0
7734	0
7735	1
7736	0
7737	1
7738	0
7739	0
7740	0
7741	0
7742	0
7743	0
7744	1
7745	1
7746	0
7747	0
7748	0
7749	1
7750	0
7751	0
7752	0
7753	0
7754	0
7755	0
7756	0
7757	0
7758	0
7759	0
7760	0
7761	1
7762	0
7763	1
7764	0
7765	0
7766	0
7767	0
7768	2
7769	0
7770	0
7771	1
7772	0
7773	0
7774	1
7775	0
7776	0
7777	0
7778	0
7779	0
7780	1
7781	0
7782	0
7783	0
7784	1
7785	0
7786	0
7787	0
7788	0
7789	0
7790	2
7791	0
7792	0
7793	0
7794	0
7795	0
7796	0
7797	0
7798	2
7799	0
7800	2
7801	0
7802	1
7803	2
7804	1
7805	0
7806	1
7807	0
7808	0
7809	1
7810	0
7811	0
7812	0
7813	0
7814	0
7815	0
7816	0
7817	0
7818	0
7819	0
7820	0
7821	1
7822	0
7823	0
7824	1
7825	0
7826	0
7827	0
7828	0
7829	0
7830	1
7831	0
7832	0
7833	0
7834	1
7835	2
7836	0
7837	1
7838	0
7839	0
7840	0
7841	2
7842	1
7843	0
7844	0
7845	1
7846	0
7847	0
7848	0
7849	0
7850	0
7851	0
7852	0
7853	0
7854	0
7855	1
7856	0
7857	0
7858	0
7859	0
7860	0
7861	0
7862	0
7863	0
7864	0
7865	0
7866	0
7867	1
7868	0
7869	1
7870	0
7871	0
7872	0
7873	0
7874	1
7875	1
7876	0
7877	0
7878	1
7879	1
7880	1
7881	0
7882	0
7883	0
7884	0
7885	1
7886	0
7887	1
7888	1
7889	2
7890	2
7891	0
7892	0
7893	0
7894	0
7895	0
7896	2
7897	1
7898	0
7899	2
7900	1
7901	1
7902	0
7903	0
7904	0
7905	1
7906	0
7907	0
7908	0
7909	0
7910	0
7911	1
7912	1
7913	0
7914	0
7915	0
7916	0
7917	1
7918	0
7919	0
7920	0
7921	0
7922	0
7923	0
7924	1
7925	0
7926	0
7927	0
7928	1
7929	0
7930	0
7931	1
7932	0
7933	0
7934	0
7935	0
7936	0
7937	0
7938	0
7939	1
7940	0
7941	0
7942	0
7943	1
7944	0
7945	0
7946	1
7947	0
7948	0
7949	0
7950	0
7951	0
7952	0
7953	0
7954	0
7955	0
7956	0
7957	0
7958	0
7959	0
7960	0
7961	1
7962	0
7963	1
7964	0
7965	0
7966	0
7967	0
7968	0
7969	0
7970	0
7971	1
7972	0
7973	0
7974	1
7975	0
7976	1
7977	1
7978	0
7979	0
7980	1
7981	1
7982	1
7983	2
7984	0
7985	0
7986	1
7987	0
7988	0
7989	0
7990	1
7991	2
7992	0
7993	0
7994	0
7995	1
7996	2
7997	0
7998	1
7999	0
8000	0
8001	0
8002	0
8003	0
8004	1
8005	1
8006	2
8007	1
8008	0
8009	0
8010	0
8011	1
8012	0
8013	1
8014	1
8015	0
8016	0
8017	1
8018	0
8019	1
8020	0
8021	0
8022	0
8023	0
8024	0
8025	0
8026	0
8027	0
8028	1
8029	0
8030	0
8031	0
8032	0
8033	2
8034	1
8035	1
8036	0
8037	0
8038	0
8039	0
8040	1
8041	0
8042	0
8043	0
8044	0
8045	0
8046	0
8047	0
8048	0
8049	0
8050	0
8051	0
8052	0
8053	0
8054	1
8055	1
8056	0
8057	0
8058	1
8059	0
8060	2
8061	0
8062	0
8063	0
8064	1
8065	0
8066	0
8067	1
8068	0
8069	0
8070	0
8071	0
8072	0
8073	0
8074	0
8075	0
8076	0
8077	0
8078	0
8079	1
8080	0
8081	0
8082	0
8083	0
8084	0
8085	0
8086	0
8087	0
8088	0
8089	0
8090	0
8091	0
8092	0
8093	0
8094	0
8095	0
8096	0
8097	0
8098	0
8099	0
8100	0
8101	0
8102	0
8103	0
8104	0
8105	0
8106	0
8107	0
8108	0
8109	0
8110	0
8111	0
8112	0
8113	0
8114	0
8115	0
8116	0
8117	0
8118	0
8119	0
8120	0
8121	0
8122	0
8123	0
8124	0
8125	0
8126	0
8127	0
8128	0
8129	0
8130	0
8131	0
8132	0
8133	0
8134	0
8135	0
8136	0
8137	0
8138	0
8139	0
8140	0
8141	0
8142	0
8143	0
8144	0
8145	0
8146	0
8147	0
8148	0
8149	0
8150	0
8151	0
8152	0
8153	0
8154	0
8155	0
8156	0
8157	0
8158	0
8159	0
8160	0
8161	0
8162	0
8163	0
8164	0
8165	0
8166	0
8167	0
8168	0
8169	0
8170	0
8171	0
8172	0
8173	0
8174	0
8175	0
8176	0
8177	0
8178	0
8179	0
8180	0
8181	0
8182	0
8183	0
8184	0
8185	0
8186	0
8187	0
8188	0
8189	0
8190	0
8191	0
