0	0
1	0
2	0
3	0
4	0
5	0
6	0
7	0
8	0
9	0
10	0
11	0
12	0
13	0
14	0
15	0
16	0
17	0
18	0
19	0
20	0
21	0
22	0
23	0
24	0
25	0
26	0
27	0
28	0
29	0
30	0
31	0
32	0
33	0
34	0
35	0
36	0
37	0
38	0
39	0
40	0
41	0
42	0
43	0
44	0
45	0
46	0
47	0
48	0
49	0
50	0
51	0
52	0
53	0
54	0
55	0
56	0
57	0
58	0
59	0
60	0
61	0
62	0
63	0
64	0
65	0
66	0
67	0
68	0
69	0
70	0
71	0
72	0
73	0
74	0
75	0
76	0
77	0
78	0
79	0
80	0
81	0
82	0
83	0
84	0
85	0
86	8
87	13
88	17
89	14
90	12
91	19
92	15
93	15
94	11
95	15
96	12
97	10
98	13
99	14
100	4
101	9
102	11
103	8
104	9
105	10
106	16
107	9
108	16
109	12
110	11
111	12
112	3
113	13
114	9
115	14
116	6
117	12
118	11
119	9
120	15
121	13
122	5
123	10
124	9
125	14
126	11
127	11
128	10
129	11
130	16
131	15
132	10
133	10
134	8
135	9
136	11
137	10
138	16
139	7
140	10
141	9
142	11
143	16
144	12
145	14
146	11
147	13
148	5
149	8
150	8
151	10
152	17
153	18
154	15
155	13
156	9
157	13
158	13
159	9
160	11
161	14
162	12
163	11
164	12
165	12
166	14
167	8
168	9
169	13
170	15
171	9
172	19
173	25
174	14
175	12
176	12
177	15
178	12
179	8
180	12
181	10
182	16
183	12
184	7
185	10
186	14
187	12
188	16
189	12
190	13
191	16
192	12
193	12
194	7
195	16
196	19
197	11
198	12
199	10
200	10
201	5
202	12
203	15
204	10
205	16
206	10
207	11
208	14
209	17
210	16
211	17
212	15
213	14
214	11
215	14
216	15
217	11
218	17
219	24
220	18
221	8
222	10
223	7
224	14
225	10
226	9
227	13
228	12
229	10
230	18
231	10
232	11
233	10
234	17
235	10
236	13
237	18
238	18
239	11
240	12
241	10
242	16
243	16
244	17
245	11
246	15
247	15
248	12
249	10
250	15
251	13
252	12
253	12
254	9
255	18
256	14
257	17
258	15
259	15
260	17
261	17
262	18
263	6
264	12
265	10
266	11
267	10
268	12
269	11
270	16
271	13
272	10
273	13
274	20
275	8
276	16
277	13
278	11
279	11
280	17
281	14
282	12
283	18
284	18
285	15
286	19
287	8
288	21
289	12
290	14
291	8
292	23
293	13
294	12
295	13
296	16
297	18
298	8
299	19
300	5
301	14
302	14
303	10
304	10
305	12
306	19
307	14
308	7
309	11
310	13
311	9
312	19
313	10
314	15
315	11
316	14
317	9
318	16
319	13
320	15
321	10
322	17
323	14
324	19
325	14
326	6
327	10
328	8
329	15
330	14
331	13
332	17
333	16
334	16
335	19
336	9
337	13
338	17
339	12
340	18
341	13
342	9
343	17
344	14
345	13
346	14
347	20
348	22
349	18
350	12
351	9
352	16
353	15
354	19
355	19
356	18
357	16
358	18
359	12
360	16
361	13
362	14
363	14
364	10
365	9
366	15
367	11
368	10
369	13
370	9
371	14
372	14
373	10
374	11
375	21
376	13
377	14
378	13
379	13
380	16
381	16
382	15
383	13
384	11
385	11
386	19
387	10
388	18
389	15
390	9
391	13
392	17
393	9
394	18
395	19
396	15
397	12
398	19
399	11
400	14
401	12
402	16
403	14
404	21
405	17
406	13
407	16
408	8
409	12
410	13
411	12
412	13
413	20
414	16
415	14
416	12
417	22
418	13
419	13
420	13
421	17
422	23
423	17
424	19
425	13
426	16
427	12
428	16
429	14
430	14
431	10
432	13
433	18
434	14
435	13
436	11
437	13
438	13
439	17
440	16
441	13
442	12
443	19
444	13
445	10
446	11
447	18
448	17
449	15
450	13
451	19
452	14
453	12
454	17
455	15
456	10
457	14
458	9
459	10
460	12
461	16
462	17
463	19
464	18
465	17
466	11
467	13
468	12
469	14
470	11
471	13
472	20
473	14
474	12
475	13
476	17
477	15
478	15
479	12
480	20
481	18
482	17
483	21
484	15
485	7
486	18
487	20
488	19
489	14
490	21
491	17
492	16
493	21
494	14
495	11
496	11
497	17
498	23
499	24
500	14
501	20
502	9
503	15
504	11
505	14
506	18
507	18
508	18
509	17
510	13
511	13
512	14
513	21
514	15
515	13
516	25
517	17
518	30
519	22
520	18
521	16
522	20
523	18
524	25
525	16
526	16
527	23
528	14
529	21
530	12
531	12
532	19
533	14
534	13
535	15
536	16
537	20
538	19
539	10
540	16
541	18
542	20
543	19
544	30
545	17
546	14
547	25
548	12
549	14
550	20
551	23
552	18
553	22
554	21
555	22
556	23
557	17
558	24
559	25
560	29
561	30
562	18
563	14
564	23
565	28
566	30
567	13
568	17
569	25
570	26
571	18
572	26
573	25
574	31
575	24
576	27
577	15
578	26
579	29
580	27
581	12
582	34
583	17
584	30
585	26
586	19
587	18
588	15
589	26
590	29
591	24
592	27
593	24
594	24
595	20
596	19
597	29
598	30
599	25
600	25
601	29
602	20
603	24
604	29
605	19
606	35
607	28
608	22
609	26
610	30
611	33
612	21
613	31
614	24
615	24
616	28
617	24
618	27
619	35
620	24
621	26
622	35
623	27
624	27
625	19
626	23
627	20
628	20
629	21
630	22
631	27
632	16
633	27
634	19
635	18
636	22
637	23
638	21
639	22
640	29
641	27
642	25
643	22
644	21
645	18
646	23
647	30
648	26
649	17
650	13
651	18
652	22
653	11
654	19
655	23
656	19
657	19
658	14
659	21
660	28
661	18
662	13
663	27
664	21
665	20
666	21
667	25
668	16
669	16
670	18
671	17
672	16
673	21
674	18
675	23
676	17
677	21
678	17
679	18
680	27
681	12
682	19
683	24
684	16
685	21
686	23
687	16
688	22
689	17
690	24
691	17
692	19
693	15
694	31
695	20
696	15
697	21
698	18
699	18
700	19
701	20
702	21
703	22
704	20
705	24
706	31
707	18
708	14
709	29
710	18
711	28
712	23
713	19
714	16
715	18
716	28
717	17
718	18
719	28
720	28
721	15
722	19
723	22
724	20
725	22
726	23
727	25
728	14
729	23
730	10
731	14
732	25
733	22
734	18
735	19
736	18
737	32
738	24
739	18
740	17
741	20
742	14
743	20
744	23
745	20
746	21
747	17
748	20
749	18
750	21
751	17
752	20
753	12
754	23
755	17
756	19
757	22
758	15
759	15
760	25
761	26
762	18
763	13
764	23
765	17
766	15
767	29
768	20
769	12
770	17
771	19
772	17
773	15
774	23
775	24
776	10
777	21
778	18
779	34
780	30
781	16
782	20
783	13
784	21
785	21
786	26
787	23
788	16
789	21
790	16
791	14
792	23
793	15
794	13
795	15
796	10
797	27
798	14
799	13
800	18
801	16
802	23
803	22
804	24
805	17
806	25
807	21
808	20
809	16
810	21
811	14
812	23
813	21
814	17
815	14
816	18
817	25
818	21
819	19
820	24
821	25
822	17
823	14
824	22
825	20
826	17
827	23
828	22
829	25
830	31
831	17
832	16
833	17
834	21
835	22
836	22
837	30
838	22
839	15
840	19
841	32
842	15
843	26
844	19
845	30
846	19
847	20
848	29
849	18
850	26
851	35
852	15
853	17
854	22
855	20
856	24
857	26
858	20
859	17
860	31
861	21
862	15
863	22
864	27
865	21
866	38
867	19
868	16
869	16
870	22
871	28
872	22
873	20
874	19
875	21
876	17
877	32
878	20
879	17
880	17
881	29
882	28
883	21
884	15
885	24
886	25
887	18
888	24
889	29
890	29
891	20
892	30
893	17
894	21
895	25
896	19
897	20
898	26
899	33
900	24
901	23
902	18
903	36
904	24
905	19
906	21
907	25
908	17
909	22
910	29
911	24
912	23
913	20
914	25
915	30
916	33
917	17
918	29
919	21
920	21
921	26
922	23
923	33
924	18
925	22
926	29
927	23
928	22
929	20
930	17
931	23
932	21
933	28
934	22
935	23
936	25
937	28
938	26
939	24
940	29
941	24
942	24
943	19
944	32
945	19
946	27
947	33
948	29
949	23
950	18
951	19
952	28
953	18
954	35
955	25
956	18
957	28
958	23
959	20
960	21
961	21
962	21
963	26
964	24
965	25
966	23
967	32
968	22
969	23
970	21
971	26
972	32
973	28
974	24
975	26
976	28
977	25
978	21
979	20
980	17
981	32
982	23
983	30
984	21
985	25
986	25
987	26
988	25
989	32
990	26
991	35
992	29
993	26
994	20
995	28
996	33
997	28
998	14
999	22
1000	30
1001	29
1002	40
1003	28
1004	22
1005	27
1006	27
1007	30
1008	30
1009	20
1010	29
1011	30
1012	24
1013	31
1014	17
1015	32
1016	34
1017	26
1018	26
1019	28
1020	24
1021	24
1022	29
1023	24
1024	27
1025	29
1026	29
1027	27
1028	27
1029	25
1030	30
1031	26
1032	23
1033	28
1034	19
1035	25
1036	33
1037	27
1038	24
1039	28
1040	29
1041	23
1042	27
1043	37
1044	24
1045	31
1046	29
1047	34
1048	27
1049	24
1050	22
1051	26
1052	32
1053	29
1054	23
1055	31
1056	35
1057	25
1058	20
1059	32
1060	30
1061	36
1062	34
1063	17
1064	26
1065	27
1066	33
1067	24
1068	25
1069	23
1070	19
1071	29
1072	28
1073	25
1074	32
1075	29
1076	26
1077	36
1078	21
1079	25
1080	25
1081	28
1082	28
1083	27
1084	24
1085	36
1086	26
1087	40
1088	23
1089	26
1090	26
1091	33
1092	27
1093	32
1094	37
1095	36
1096	24
1097	22
1098	21
1099	27
1100	31
1101	27
1102	26
1103	31
1104	28
1105	31
1106	20
1107	23
1108	21
1109	30
1110	29
1111	28
1112	29
1113	25
1114	27
1115	22
1116	19
1117	32
1118	34
1119	26
1120	16
1121	24
1122	22
1123	23
1124	22
1125	28
1126	31
1127	27
1128	27
1129	32
1130	30
1131	24
1132	30
1133	30
1134	28
1135	34
1136	32
1137	35
1138	25
1139	26
1140	26
1141	33
1142	33
1143	25
1144	28
1145	35
1146	25
1147	33
1148	21
1149	32
1150	32
1151	28
1152	28
1153	19
1154	36
1155	29
1156	26
1157	29
1158	30
1159	30
1160	37
1161	30
1162	33
1163	38
1164	27
1165	30
1166	30
1167	22
1168	37
1169	32
1170	30
1171	30
1172	32
1173	23
1174	25
1175	19
1176	27
1177	35
1178	27
1179	38
1180	35
1181	25
1182	33
1183	38
1184	30
1185	35
1186	32
1187	28
1188	26
1189	24
1190	20
1191	34
1192	41
1193	29
1194	37
1195	29
1196	35
1197	27
1198	30
1199	51
1200	29
1201	33
1202	28
1203	23
1204	34
1205	20
1206	26
1207	36
1208	31
1209	40
1210	27
1211	35
1212	33
1213	28
1214	37
1215	23
1216	31
1217	28
1218	29
1219	33
1220	32
1221	40
1222	28
1223	33
1224	35
1225	25
1226	32
1227	31
1228	26
1229	32
1230	33
1231	33
1232	36
1233	17
1234	31
1235	34
1236	26
1237	23
1238	25
1239	21
1240	23
1241	25
1242	22
1243	27
1244	37
1245	37
1246	30
1247	35
1248	29
1249	28
1250	34
1251	33
1252	29
1253	20
1254	26
1255	28
1256	32
1257	36
1258	23
1259	34
1260	31
1261	27
1262	35
1263	35
1264	48
1265	30
1266	34
1267	30
1268	30
1269	22
1270	36
1271	38
1272	41
1273	25
1274	23
1275	24
1276	29
1277	35
1278	26
1279	41
1280	40
1281	44
1282	43
1283	39
1284	41
1285	27
1286	25
1287	25
1288	26
1289	21
1290	32
1291	35
1292	27
1293	28
1294	31
1295	27
1296	29
1297	23
1298	32
1299	22
1300	30
1301	30
1302	25
1303	35
1304	31
1305	32
1306	30
1307	30
1308	23
1309	31
1310	31
1311	32
1312	31
1313	26
1314	30
1315	23
1316	22
1317	27
1318	32
1319	38
1320	26
1321	32
1322	30
1323	30
1324	31
1325	35
1326	35
1327	23
1328	33
1329	23
1330	29
1331	32
1332	26
1333	42
1334	39
1335	37
1336	40
1337	28
1338	33
1339	38
1340	43
1341	28
1342	32
1343	46
1344	38
1345	37
1346	34
1347	37
1348	23
1349	27
1350	34
1351	24
1352	26
1353	27
1354	25
1355	25
1356	24
1357	29
1358	32
1359	29
1360	39
1361	37
1362	15
1363	30
1364	35
1365	38
1366	23
1367	38
1368	26
1369	25
1370	39
1371	32
1372	37
1373	30
1374	25
1375	41
1376	27
1377	28
1378	38
1379	32
1380	38
1381	23
1382	31
1383	34
1384	22
1385	31
1386	28
1387	36
1388	41
1389	40
1390	34
1391	29
1392	38
1393	27
1394	26
1395	26
1396	32
1397	31
1398	34
1399	34
1400	41
1401	25
1402	33
1403	34
1404	23
1405	32
1406	38
1407	36
1408	30
1409	35
1410	27
1411	31
1412	37
1413	23
1414	30
1415	25
1416	40
1417	22
1418	37
1419	24
1420	36
1421	33
1422	38
1423	28
1424	32
1425	39
1426	29
1427	31
1428	36
1429	35
1430	38
1431	32
1432	36
1433	29
1434	23
1435	17
1436	34
1437	47
1438	30
1439	33
1440	37
1441	30
1442	38
1443	40
1444	33
1445	32
1446	32
1447	27
1448	30
1449	38
1450	34
1451	41
1452	32
1453	37
1454	36
1455	36
1456	36
1457	39
1458	38
1459	28
1460	32
1461	33
1462	27
1463	30
1464	41
1465	20
1466	37
1467	32
1468	30
1469	31
1470	45
1471	35
1472	34
1473	27
1474	26
1475	33
1476	34
1477	39
1478	37
1479	23
1480	36
1481	37
1482	36
1483	37
1484	34
1485	41
1486	34
1487	36
1488	46
1489	39
1490	28
1491	35
1492	40
1493	28
1494	37
1495	31
1496	27
1497	34
1498	28
1499	44
1500	39
1501	41
1502	31
1503	25
1504	31
1505	30
1506	30
1507	42
1508	30
1509	40
1510	43
1511	30
1512	24
1513	32
1514	34
1515	35
1516	30
1517	27
1518	35
1519	30
1520	29
1521	35
1522	37
1523	25
1524	34
1525	31
1526	32
1527	38
1528	38
1529	14
1530	39
1531	29
1532	33
1533	41
1534	31
1535	30
1536	27
1537	33
1538	32
1539	30
1540	39
1541	32
1542	33
1543	31
1544	22
1545	23
1546	38
1547	49
1548	31
1549	40
1550	34
1551	36
1552	35
1553	34
1554	30
1555	28
1556	22
1557	29
1558	30
1559	27
1560	32
1561	36
1562	31
1563	28
1564	30
1565	29
1566	31
1567	28
1568	30
1569	35
1570	25
1571	30
1572	31
1573	38
1574	42
1575	38
1576	26
1577	33
1578	26
1579	26
1580	23
1581	32
1582	35
1583	34
1584	30
1585	27
1586	22
1587	33
1588	35
1589	32
1590	27
1591	25
1592	33
1593	34
1594	27
1595	28
1596	31
1597	38
1598	21
1599	19
1600	22
1601	33
1602	40
1603	33
1604	40
1605	27
1606	24
1607	24
1608	25
1609	28
1610	22
1611	25
1612	27
1613	36
1614	27
1615	31
1616	29
1617	36
1618	40
1619	45
1620	23
1621	31
1622	37
1623	27
1624	27
1625	37
1626	23
1627	29
1628	30
1629	26
1630	24
1631	30
1632	22
1633	31
1634	26
1635	35
1636	33
1637	28
1638	25
1639	28
1640	31
1641	26
1642	27
1643	33
1644	18
1645	19
1646	31
1647	41
1648	24
1649	32
1650	22
1651	32
1652	24
1653	22
1654	31
1655	23
1656	13
1657	31
1658	24
1659	22
1660	25
1661	30
1662	42
1663	37
1664	34
1665	34
1666	42
1667	33
1668	27
1669	34
1670	28
1671	37
1672	33
1673	41
1674	28
1675	38
1676	30
1677	29
1678	25
1679	26
1680	28
1681	25
1682	25
1683	22
1684	32
1685	36
1686	34
1687	20
1688	29
1689	39
1690	20
1691	27
1692	35
1693	29
1694	22
1695	40
1696	25
1697	28
1698	25
1699	33
1700	28
1701	29
1702	22
1703	30
1704	19
1705	27
1706	31
1707	23
1708	25
1709	26
1710	24
1711	24
1712	23
1713	25
1714	28
1715	28
1716	31
1717	33
1718	25
1719	35
1720	32
1721	33
1722	31
1723	29
1724	28
1725	39
1726	29
1727	37
1728	29
1729	25
1730	28
1731	30
1732	25
1733	32
1734	33
1735	36
1736	27
1737	39
1738	32
1739	28
1740	37
1741	34
1742	39
1743	25
1744	24
1745	33
1746	22
1747	32
1748	45
1749	30
1750	30
1751	26
1752	27
1753	28
1754	32
1755	32
1756	30
1757	27
1758	46
1759	32
1760	27
1761	35
1762	30
1763	35
1764	36
1765	29
1766	28
1767	24
1768	35
1769	31
1770	30
1771	29
1772	24
1773	22
1774	23
1775	37
1776	35
1777	34
1778	35
1779	44
1780	30
1781	38
1782	37
1783	25
1784	29
1785	29
1786	33
1787	18
1788	41
1789	29
1790	36
1791	40
1792	33
1793	32
1794	32
1795	26
1796	33
1797	23
1798	35
1799	30
1800	40
1801	34
1802	35
1803	27
1804	37
1805	26
1806	35
1807	43
1808	24
1809	32
1810	27
1811	43
1812	24
1813	25
1814	33
1815	31
1816	36
1817	34
1818	33
1819	40
1820	32
1821	29
1822	40
1823	31
1824	35
1825	34
1826	51
1827	41
1828	27
1829	36
1830	31
1831	34
1832	35
1833	36
1834	28
1835	37
1836	49
1837	34
1838	37
1839	41
1840	41
1841	41
1842	38
1843	39
1844	28
1845	41
1846	37
1847	46
1848	28
1849	31
1850	33
1851	53
1852	46
1853	34
1854	29
1855	32
1856	42
1857	32
1858	30
1859	41
1860	31
1861	31
1862	34
1863	39
1864	42
1865	39
1866	38
1867	49
1868	40
1869	29
1870	42
1871	41
1872	36
1873	39
1874	40
1875	43
1876	32
1877	35
1878	43
1879	34
1880	38
1881	40
1882	37
1883	47
1884	41
1885	46
1886	40
1887	39
1888	40
1889	43
1890	36
1891	45
1892	30
1893	51
1894	35
1895	46
1896	47
1897	43
1898	38
1899	39
1900	36
1901	37
1902	34
1903	44
1904	39
1905	41
1906	34
1907	46
1908	47
1909	37
1910	40
1911	42
1912	51
1913	38
1914	37
1915	46
1916	35
1917	49
1918	46
1919	50
1920	31
1921	46
1922	42
1923	40
1924	43
1925	36
1926	33
1927	37
1928	47
1929	54
1930	42
1931	38
1932	39
1933	40
1934	50
1935	42
1936	37
1937	38
1938	54
1939	30
1940	50
1941	42
1942	47
1943	52
1944	31
1945	44
1946	36
1947	50
1948	45
1949	33
1950	30
1951	36
1952	43
1953	32
1954	45
1955	43
1956	45
1957	37
1958	45
1959	42
1960	46
1961	39
1962	39
1963	33
1964	40
1965	50
1966	55
1967	25
1968	34
1969	52
1970	39
1971	43
1972	28
1973	44
1974	34
1975	35
1976	44
1977	40
1978	42
1979	44
1980	61
1981	33
1982	41
1983	42
1984	34
1985	45
1986	39
1987	48
1988	31
1989	31
1990	34
1991	35
1992	39
1993	46
1994	33
1995	41
1996	41
1997	40
1998	37
1999	26
2000	37
2001	41
2002	45
2003	38
2004	39
2005	37
2006	41
2007	35
2008	30
2009	33
2010	43
2011	27
2012	34
2013	31
2014	34
2015	33
2016	39
2017	33
2018	43
2019	37
2020	43
2021	42
2022	33
2023	43
2024	34
2025	37
2026	35
2027	41
2028	35
2029	41
2030	38
2031	30
2032	27
2033	32
2034	26
2035	27
2036	43
2037	46
2038	42
2039	27
2040	31
2041	39
2042	36
2043	36
2044	36
2045	32
2046	30
2047	35
2048	33
2049	39
2050	40
2051	27
2052	40
2053	32
2054	37
2055	40
2056	30
2057	37
2058	23
2059	34
2060	36
2061	32
2062	30
2063	38
2064	36
2065	29
2066	42
2067	34
2068	29
2069	29
2070	32
2071	25
2072	30
2073	24
2074	31
2075	33
2076	36
2077	27
2078	31
2079	27
2080	31
2081	22
2082	32
2083	32
2084	31
2085	35
2086	29
2087	36
2088	32
2089	33
2090	26
2091	27
2092	19
2093	26
2094	38
2095	19
2096	27
2097	34
2098	26
2099	29
2100	31
2101	23
2102	25
2103	27
2104	21
2105	27
2106	32
2107	25
2108	17
2109	24
2110	27
2111	26
2112	29
2113	26
2114	24
2115	36
2116	35
2117	28
2118	17
2119	19
2120	19
2121	25
2122	19
2123	19
2124	32
2125	26
2126	34
2127	27
2128	23
2129	28
2130	23
2131	18
2132	26
2133	24
2134	27
2135	24
2136	21
2137	19
2138	23
2139	20
2140	27
2141	26
2142	24
2143	26
2144	28
2145	28
2146	26
2147	27
2148	32
2149	25
2150	23
2151	19
2152	19
2153	28
2154	32
2155	22
2156	17
2157	17
2158	16
2159	21
2160	22
2161	24
2162	24
2163	27
2164	24
2165	22
2166	22
2167	23
2168	19
2169	18
2170	23
2171	20
2172	28
2173	19
2174	26
2175	18
2176	27
2177	21
2178	20
2179	24
2180	21
2181	23
2182	18
2183	18
2184	20
2185	17
2186	16
2187	30
2188	16
2189	16
2190	17
2191	22
2192	16
2193	27
2194	20
2195	17
2196	23
2197	23
2198	15
2199	13
2200	19
2201	34
2202	17
2203	18
2204	21
2205	23
2206	23
2207	23
2208	25
2209	16
2210	19
2211	22
2212	26
2213	24
2214	18
2215	26
2216	15
2217	19
2218	24
2219	20
2220	18
2221	14
2222	11
2223	17
2224	23
2225	16
2226	21
2227	20
2228	27
2229	22
2230	15
2231	16
2232	17
2233	16
2234	20
2235	30
2236	23
2237	18
2238	12
2239	28
2240	21
2241	15
2242	22
2243	14
2244	14
2245	25
2246	18
2247	19
2248	22
2249	15
2250	20
2251	22
2252	24
2253	16
2254	20
2255	14
2256	13
2257	16
2258	14
2259	14
2260	15
2261	21
2262	14
2263	19
2264	15
2265	13
2266	22
2267	19
2268	15
2269	27
2270	18
2271	15
2272	20
2273	16
2274	15
2275	13
2276	21
2277	9
2278	15
2279	19
2280	21
2281	16
2282	9
2283	20
2284	26
2285	11
2286	16
2287	18
2288	17
2289	22
2290	16
2291	24
2292	12
2293	13
2294	12
2295	13
2296	22
2297	17
2298	20
2299	18
2300	18
2301	21
2302	16
2303	9
2304	19
2305	24
2306	13
2307	22
2308	17
2309	20
2310	11
2311	17
2312	19
2313	13
2314	14
2315	17
2316	24
2317	23
2318	28
2319	18
2320	25
2321	20
2322	24
2323	19
2324	28
2325	19
2326	20
2327	17
2328	17
2329	19
2330	25
2331	18
2332	19
2333	18
2334	24
2335	25
2336	13
2337	15
2338	18
2339	13
2340	15
2341	18
2342	18
2343	26
2344	22
2345	17
2346	15
2347	21
2348	20
2349	25
2350	22
2351	17
2352	15
2353	18
2354	18
2355	15
2356	27
2357	14
2358	20
2359	14
2360	23
2361	23
2362	20
2363	16
2364	22
2365	25
2366	15
2367	11
2368	17
2369	19
2370	21
2371	11
2372	22
2373	20
2374	19
2375	22
2376	22
2377	12
2378	25
2379	14
2380	15
2381	15
2382	13
2383	16
2384	18
2385	25
2386	17
2387	17
2388	16
2389	17
2390	19
2391	15
2392	18
2393	20
2394	15
2395	23
2396	9
2397	19
2398	20
2399	16
2400	20
2401	28
2402	16
2403	18
2404	13
2405	18
2406	15
2407	20
2408	21
2409	22
2410	19
2411	17
2412	17
2413	22
2414	21
2415	14
2416	13
2417	17
2418	20
2419	16
2420	16
2421	26
2422	20
2423	8
2424	19
2425	19
2426	20
2427	12
2428	20
2429	25
2430	19
2431	18
2432	22
2433	16
2434	16
2435	9
2436	14
2437	23
2438	12
2439	19
2440	21
2441	10
2442	19
2443	16
2444	16
2445	16
2446	13
2447	23
2448	15
2449	17
2450	17
2451	8
2452	16
2453	23
2454	17
2455	13
2456	6
2457	11
2458	16
2459	14
2460	22
2461	18
2462	15
2463	17
2464	17
2465	18
2466	25
2467	10
2468	17
2469	17
2470	16
2471	11
2472	24
2473	14
2474	8
2475	12
2476	24
2477	20
2478	15
2479	14
2480	15
2481	15
2482	19
2483	22
2484	21
2485	11
2486	20
2487	15
2488	10
2489	15
2490	9
2491	10
2492	14
2493	15
2494	21
2495	14
2496	15
2497	17
2498	12
2499	16
2500	16
2501	15
2502	17
2503	22
2504	20
2505	17
2506	15
2507	15
2508	7
2509	17
2510	20
2511	27
2512	17
2513	22
2514	24
2515	11
2516	10
2517	23
2518	11
2519	20
2520	13
2521	16
2522	26
2523	17
2524	12
2525	14
2526	19
2527	17
2528	19
2529	18
2530	19
2531	19
2532	13
2533	15
2534	14
2535	15
2536	21
2537	17
2538	11
2539	17
2540	15
2541	17
2542	21
2543	14
2544	20
2545	27
2546	15
2547	15
2548	18
2549	11
2550	25
2551	11
2552	20
2553	15
2554	14
2555	18
2556	15
2557	14
2558	18
2559	11
2560	19
2561	19
2562	18
2563	13
2564	14
2565	12
2566	18
2567	19
2568	11
2569	12
2570	25
2571	14
2572	18
2573	22
2574	15
2575	15
2576	14
2577	15
2578	13
2579	20
2580	18
2581	11
2582	16
2583	12
2584	12
2585	16
2586	17
2587	12
2588	23
2589	12
2590	12
2591	20
2592	20
2593	17
2594	17
2595	8
2596	23
2597	19
2598	15
2599	16
2600	18
2601	17
2602	20
2603	18
2604	13
2605	18
2606	15
2607	12
2608	18
2609	10
2610	18
2611	13
2612	13
2613	17
2614	17
2615	16
2616	18
2617	18
2618	13
2619	12
2620	15
2621	14
2622	20
2623	19
2624	15
2625	18
2626	18
2627	21
2628	16
2629	17
2630	25
2631	13
2632	11
2633	14
2634	14
2635	12
2636	28
2637	16
2638	12
2639	8
2640	18
2641	18
2642	17
2643	6
2644	14
2645	14
2646	12
2647	12
2648	16
2649	17
2650	16
2651	10
2652	11
2653	9
2654	16
2655	22
2656	11
2657	13
2658	20
2659	20
2660	13
2661	15
2662	17
2663	12
2664	9
2665	9
2666	13
2667	15
2668	19
2669	12
2670	15
2671	19
2672	10
2673	19
2674	25
2675	18
2676	12
2677	17
2678	13
2679	18
2680	9
2681	12
2682	19
2683	22
2684	16
2685	8
2686	22
2687	16
2688	15
2689	14
2690	17
2691	17
2692	14
2693	13
2694	14
2695	18
2696	13
2697	19
2698	15
2699	12
2700	20
2701	19
2702	13
2703	13
2704	19
2705	14
2706	15
2707	25
2708	16
2709	13
2710	13
2711	24
2712	16
2713	11
2714	15
2715	13
2716	16
2717	14
2718	15
2719	16
2720	10
2721	15
2722	14
2723	14
2724	12
2725	18
2726	12
2727	15
2728	18
2729	12
2730	14
2731	17
2732	14
2733	19
2734	11
2735	14
2736	16
2737	12
2738	17
2739	26
2740	18
2741	13
2742	11
2743	12
2744	17
2745	8
2746	16
2747	16
2748	22
2749	22
2750	15
2751	14
2752	8
2753	18
2754	22
2755	24
2756	18
2757	25
2758	13
2759	11
2760	20
2761	19
2762	10
2763	15
2764	13
2765	20
2766	12
2767	15
2768	16
2769	13
2770	25
2771	22
2772	8
2773	22
2774	17
2775	8
2776	13
2777	17
2778	13
2779	21
2780	14
2781	16
2782	14
2783	16
2784	19
2785	13
2786	15
2787	17
2788	13
2789	11
2790	23
2791	19
2792	10
2793	12
2794	17
2795	15
2796	17
2797	13
2798	13
2799	16
2800	11
2801	14
2802	15
2803	12
2804	16
2805	18
2806	26
2807	16
2808	15
2809	15
2810	12
2811	12
2812	10
2813	20
2814	15
2815	10
2816	23
2817	19
2818	23
2819	23
2820	19
2821	22
2822	18
2823	18
2824	15
2825	28
2826	15
2827	17
2828	10
2829	11
2830	10
2831	13
2832	10
2833	16
2834	11
2835	9
2836	13
2837	13
2838	11
2839	12
2840	12
2841	13
2842	16
2843	15
2844	15
2845	15
2846	14
2847	19
2848	12
2849	14
2850	10
2851	19
2852	11
2853	12
2854	16
2855	11
2856	24
2857	10
2858	16
2859	13
2860	9
2861	15
2862	11
2863	18
2864	18
2865	18
2866	16
2867	14
2868	12
2869	12
2870	18
2871	19
2872	17
2873	13
2874	19
2875	18
2876	13
2877	15
2878	16
2879	11
2880	21
2881	13
2882	15
2883	13
2884	22
2885	14
2886	15
2887	14
2888	18
2889	16
2890	14
2891	16
2892	13
2893	13
2894	13
2895	15
2896	18
2897	17
2898	15
2899	14
2900	13
2901	11
2902	13
2903	9
2904	11
2905	19
2906	5
2907	13
2908	11
2909	18
2910	13
2911	13
2912	14
2913	21
2914	18
2915	10
2916	11
2917	14
2918	16
2919	13
2920	16
2921	17
2922	18
2923	11
2924	18
2925	11
2926	17
2927	10
2928	17
2929	13
2930	16
2931	16
2932	12
2933	9
2934	18
2935	20
2936	17
2937	23
2938	21
2939	18
2940	16
2941	14
2942	8
2943	14
2944	13
2945	14
2946	12
2947	15
2948	14
2949	11
2950	15
2951	16
2952	14
2953	12
2954	19
2955	11
2956	22
2957	17
2958	9
2959	14
2960	14
2961	11
2962	17
2963	16
2964	15
2965	16
2966	17
2967	13
2968	16
2969	11
2970	16
2971	9
2972	15
2973	12
2974	12
2975	18
2976	14
2977	11
2978	19
2979	13
2980	15
2981	20
2982	19
2983	20
2984	11
2985	15
2986	15
2987	14
2988	17
2989	10
2990	10
2991	11
2992	7
2993	10
2994	14
2995	13
2996	13
2997	15
2998	3
2999	15
3000	10
3001	17
3002	16
3003	13
3004	19
3005	13
3006	13
3007	11
3008	20
3009	15
3010	14
3011	14
3012	13
3013	13
3014	9
3015	12
3016	23
3017	16
3018	21
3019	14
3020	15
3021	17
3022	16
3023	7
3024	16
3025	15
3026	16
3027	11
3028	11
3029	11
3030	17
3031	16
3032	15
3033	14
3034	15
3035	8
3036	9
3037	13
3038	17
3039	11
3040	12
3041	15
3042	19
3043	12
3044	13
3045	14
3046	13
3047	11
3048	20
3049	11
3050	17
3051	14
3052	13
3053	12
3054	15
3055	10
3056	11
3057	16
3058	12
3059	14
3060	16
3061	16
3062	10
3063	20
3064	16
3065	13
3066	16
3067	19
3068	11
3069	13
3070	5
3071	12
3072	14
3073	9
3074	14
3075	17
3076	14
3077	14
3078	14
3079	10
3080	11
3081	13
3082	11
3083	19
3084	6
3085	13
3086	15
3087	11
3088	12
3089	11
3090	23
3091	7
3092	14
3093	9
3094	14
3095	12
3096	16
3097	12
3098	15
3099	12
3100	18
3101	16
3102	15
3103	10
3104	14
3105	13
3106	8
3107	16
3108	14
3109	12
3110	13
3111	12
3112	12
3113	12
3114	9
3115	14
3116	13
3117	15
3118	14
3119	9
3120	12
3121	15
3122	17
3123	8
3124	5
3125	15
3126	19
3127	12
3128	14
3129	11
3130	17
3131	19
3132	10
3133	12
3134	10
3135	8
3136	8
3137	10
3138	15
3139	9
3140	10
3141	13
3142	5
3143	11
3144	13
3145	15
3146	16
3147	8
3148	14
3149	13
3150	16
3151	15
3152	13
3153	12
3154	13
3155	22
3156	7
3157	15
3158	13
3159	10
3160	12
3161	11
3162	10
3163	12
3164	14
3165	14
3166	7
3167	15
3168	17
3169	10
3170	16
3171	18
3172	14
3173	14
3174	14
3175	19
3176	17
3177	10
3178	10
3179	10
3180	12
3181	18
3182	8
3183	13
3184	10
3185	14
3186	20
3187	18
3188	10
3189	8
3190	11
3191	11
3192	12
3193	14
3194	10
3195	17
3196	11
3197	7
3198	13
3199	15
3200	15
3201	12
3202	5
3203	16
3204	10
3205	13
3206	13
3207	14
3208	8
3209	12
3210	9
3211	11
3212	13
3213	17
3214	13
3215	12
3216	11
3217	8
3218	16
3219	18
3220	14
3221	18
3222	6
3223	8
3224	10
3225	14
3226	21
3227	21
3228	12
3229	15
3230	19
3231	12
3232	14
3233	11
3234	11
3235	6
3236	10
3237	17
3238	13
3239	10
3240	18
3241	13
3242	14
3243	13
3244	5
3245	9
3246	11
3247	15
3248	12
3249	11
3250	10
3251	10
3252	14
3253	12
3254	15
3255	9
3256	11
3257	10
3258	13
3259	11
3260	14
3261	9
3262	18
3263	14
3264	15
3265	10
3266	15
3267	13
3268	12
3269	10
3270	13
3271	14
3272	11
3273	9
3274	19
3275	15
3276	14
3277	8
3278	14
3279	12
3280	12
3281	7
3282	7
3283	10
3284	13
3285	12
3286	23
3287	8
3288	11
3289	11
3290	11
3291	19
3292	5
3293	16
3294	14
3295	11
3296	18
3297	12
3298	11
3299	14
3300	8
3301	6
3302	7
3303	15
3304	12
3305	15
3306	13
3307	10
3308	14
3309	15
3310	17
3311	8
3312	10
3313	8
3314	7
3315	11
3316	5
3317	12
3318	12
3319	9
3320	7
3321	12
3322	13
3323	11
3324	10
3325	11
3326	14
3327	12
3328	7
3329	12
3330	17
3331	10
3332	12
3333	15
3334	10
3335	15
3336	15
3337	11
3338	13
3339	10
3340	9
3341	18
3342	10
3343	11
3344	17
3345	10
3346	12
3347	15
3348	10
3349	11
3350	15
3351	7
3352	7
3353	12
3354	6
3355	18
3356	9
3357	16
3358	20
3359	8
3360	12
3361	12
3362	8
3363	14
3364	12
3365	9
3366	17
3367	12
3368	17
3369	10
3370	7
3371	8
3372	8
3373	16
3374	8
3375	14
3376	12
3377	8
3378	11
3379	18
3380	13
3381	7
3382	7
3383	16
3384	16
3385	16
3386	9
3387	12
3388	14
3389	11
3390	8
3391	20
3392	18
3393	10
3394	10
3395	12
3396	19
3397	9
3398	9
3399	12
3400	12
3401	9
3402	17
3403	8
3404	8
3405	12
3406	11
3407	11
3408	6
3409	14
3410	10
3411	13
3412	18
3413	14
3414	10
3415	8
3416	12
3417	15
3418	9
3419	12
3420	7
3421	11
3422	6
3423	9
3424	11
3425	12
3426	11
3427	5
3428	14
3429	11
3430	9
3431	9
3432	5
3433	9
3434	8
3435	13
3436	15
3437	12
3438	9
3439	10
3440	11
3441	16
3442	15
3443	15
3444	11
3445	9
3446	12
3447	9
3448	17
3449	13
3450	14
3451	6
3452	13
3453	13
3454	12
3455	14
3456	10
3457	12
3458	11
3459	12
3460	14
3461	7
3462	12
3463	11
3464	8
3465	13
3466	8
3467	2
3468	12
3469	10
3470	10
3471	6
3472	10
3473	11
3474	15
3475	5
3476	8
3477	9
3478	16
3479	9
3480	7
3481	9
3482	11
3483	8
3484	11
3485	15
3486	10
3487	15
3488	12
3489	10
3490	13
3491	11
3492	13
3493	7
3494	8
3495	9
3496	12
3497	9
3498	8
3499	6
3500	9
3501	16
3502	9
3503	7
3504	8
3505	8
3506	11
3507	15
3508	18
3509	11
3510	13
3511	6
3512	12
3513	11
3514	7
3515	14
3516	15
3517	13
3518	18
3519	11
3520	9
3521	9
3522	9
3523	14
3524	13
3525	8
3526	5
3527	9
3528	10
3529	10
3530	13
3531	13
3532	8
3533	19
3534	16
3535	10
3536	14
3537	5
3538	9
3539	13
3540	10
3541	12
3542	8
3543	5
3544	15
3545	11
3546	10
3547	16
3548	7
3549	11
3550	15
3551	9
3552	7
3553	13
3554	7
3555	17
3556	6
3557	3
3558	12
3559	12
3560	10
3561	10
3562	11
3563	8
3564	6
3565	13
3566	14
3567	16
3568	15
3569	15
3570	12
3571	13
3572	14
3573	9
3574	8
3575	11
3576	10
3577	12
3578	10
3579	7
3580	14
3581	8
3582	9
3583	6
3584	13
3585	11
3586	8
3587	9
3588	11
3589	14
3590	11
3591	11
3592	10
3593	8
3594	12
3595	14
3596	13
3597	10
3598	7
3599	9
3600	7
3601	9
3602	10
3603	11
3604	6
3605	10
3606	14
3607	9
3608	15
3609	16
3610	10
3611	13
3612	11
3613	16
3614	12
3615	10
3616	9
3617	4
3618	15
3619	12
3620	10
3621	4
3622	12
3623	12
3624	3
3625	9
3626	9
3627	5
3628	8
3629	11
3630	12
3631	15
3632	9
3633	12
3634	10
3635	11
3636	8
3637	11
3638	9
3639	11
3640	10
3641	10
3642	14
3643	9
3644	9
3645	11
3646	11
3647	14
3648	14
3649	5
3650	9
3651	8
3652	11
3653	11
3654	8
3655	8
3656	8
3657	14
3658	8
3659	14
3660	8
3661	9
3662	11
3663	9
3664	13
3665	11
3666	13
3667	6
3668	9
3669	14
3670	8
3671	6
3672	11
3673	7
3674	12
3675	10
3676	8
3677	7
3678	7
3679	6
3680	12
3681	7
3682	10
3683	10
3684	10
3685	12
3686	5
3687	10
3688	11
3689	9
3690	9
3691	16
3692	11
3693	9
3694	11
3695	4
3696	11
3697	10
3698	11
3699	13
3700	14
3701	7
3702	17
3703	10
3704	12
3705	19
3706	16
3707	9
3708	11
3709	8
3710	13
3711	12
3712	4
3713	10
3714	9
3715	6
3716	6
3717	8
3718	8
3719	7
3720	10
3721	10
3722	11
3723	13
3724	11
3725	10
3726	8
3727	13
3728	10
3729	16
3730	10
3731	10
3732	10
3733	9
3734	13
3735	9
3736	15
3737	5
3738	16
3739	9
3740	5
3741	7
3742	11
3743	8
3744	17
3745	19
3746	6
3747	10
3748	14
3749	10
3750	6
3751	9
3752	13
3753	12
3754	9
3755	12
3756	12
3757	11
3758	9
3759	11
3760	11
3761	9
3762	3
3763	11
3764	13
3765	15
3766	8
3767	9
3768	9
3769	16
3770	13
3771	13
3772	15
3773	12
3774	10
3775	9
3776	7
3777	13
3778	10
3779	6
3780	19
3781	12
3782	8
3783	6
3784	16
3785	15
3786	9
3787	9
3788	11
3789	8
3790	9
3791	7
3792	9
3793	10
3794	12
3795	5
3796	10
3797	9
3798	8
3799	16
3800	13
3801	9
3802	13
3803	9
3804	7
3805	5
3806	8
3807	7
3808	9
3809	7
3810	12
3811	13
3812	9
3813	12
3814	9
3815	12
3816	18
3817	9
3818	10
3819	9
3820	10
3821	17
3822	14
3823	11
3824	19
3825	12
3826	10
3827	9
3828	6
3829	13
3830	6
3831	10
3832	10
3833	13
3834	15
3835	14
3836	8
3837	10
3838	10
3839	12
3840	10
3841	10
3842	23
3843	10
3844	11
3845	10
3846	8
3847	8
3848	10
3849	16
3850	7
3851	15
3852	14
3853	7
3854	11
3855	10
3856	13
3857	16
3858	15
3859	8
3860	6
3861	14
3862	6
3863	14
3864	13
3865	8
3866	12
3867	11
3868	8
3869	8
3870	8
3871	14
3872	15
3873	10
3874	11
3875	10
3876	14
3877	9
3878	17
3879	10
3880	8
3881	12
3882	16
3883	12
3884	13
3885	10
3886	5
3887	13
3888	6
3889	10
3890	10
3891	9
3892	10
3893	8
3894	10
3895	8
3896	13
3897	12
3898	7
3899	8
3900	3
3901	15
3902	12
3903	13
3904	6
3905	11
3906	9
3907	14
3908	13
3909	7
3910	14
3911	9
3912	8
3913	11
3914	12
3915	15
3916	15
3917	7
3918	13
3919	11
3920	12
3921	12
3922	11
3923	14
3924	11
3925	17
3926	17
3927	9
3928	9
3929	5
3930	11
3931	16
3932	12
3933	8
3934	12
3935	10
3936	7
3937	12
3938	8
3939	13
3940	6
3941	9
3942	15
3943	9
3944	9
3945	19
3946	13
3947	10
3948	10
3949	7
3950	12
3951	14
3952	12
3953	14
3954	12
3955	13
3956	10
3957	12
3958	7
3959	13
3960	11
3961	7
3962	10
3963	10
3964	18
3965	9
3966	11
3967	14
3968	9
3969	18
3970	5
3971	14
3972	15
3973	6
3974	10
3975	8
3976	13
3977	11
3978	13
3979	11
3980	10
3981	15
3982	9
3983	9
3984	17
3985	13
3986	17
3987	13
3988	12
3989	13
3990	19
3991	11
3992	10
3993	7
3994	12
3995	11
3996	15
3997	11
3998	11
3999	15
4000	12
4001	9
4002	8
4003	11
4004	12
4005	11
4006	13
4007	7
4008	6
4009	12
4010	10
4011	10
4012	8
4013	7
4014	10
4015	19
4016	18
4017	9
4018	11
4019	12
4020	14
4021	9
4022	8
4023	10
4024	18
4025	7
4026	6
4027	12
4028	9
4029	12
4030	11
4031	9
4032	10
4033	12
4034	15
4035	14
4036	13
4037	8
4038	7
4039	10
4040	10
4041	11
4042	12
4043	11
4044	13
4045	16
4046	14
4047	7
4048	10
4049	13
4050	13
4051	9
4052	13
4053	13
4054	14
4055	12
4056	15
4057	9
4058	13
4059	11
4060	12
4061	8
4062	17
4063	22
4064	14
4065	17
4066	19
4067	14
4068	20
4069	9
4070	13
4071	6
4072	7
4073	17
4074	10
4075	15
4076	16
4077	11
4078	10
4079	13
4080	14
4081	15
4082	9
4083	15
4084	17
4085	7
4086	8
4087	13
4088	11
4089	8
4090	14
4091	13
4092	16
4093	13
4094	15
4095	17
4096	19
4097	14
4098	12
4099	13
4100	8
4101	15
4102	11
4103	18
4104	12
4105	16
4106	12
4107	12
4108	11
4109	8
4110	14
4111	13
4112	13
4113	14
4114	12
4115	8
4116	16
4117	13
4118	11
4119	13
4120	17
4121	11
4122	7
4123	14
4124	18
4125	9
4126	8
4127	12
4128	5
4129	17
4130	12
4131	11
4132	11
4133	17
4134	10
4135	13
4136	13
4137	4
4138	12
4139	11
4140	11
4141	14
4142	11
4143	13
4144	17
4145	9
4146	15
4147	15
4148	11
4149	10
4150	11
4151	21
4152	9
4153	12
4154	10
4155	11
4156	17
4157	15
4158	15
4159	13
4160	13
4161	13
4162	12
4163	10
4164	12
4165	11
4166	15
4167	12
4168	10
4169	14
4170	9
4171	15
4172	11
4173	10
4174	13
4175	13
4176	4
4177	18
4178	16
4179	12
4180	11
4181	9
4182	13
4183	20
4184	14
4185	16
4186	10
4187	11
4188	10
4189	12
4190	12
4191	11
4192	12
4193	15
4194	9
4195	10
4196	9
4197	15
4198	7
4199	14
4200	13
4201	10
4202	5
4203	13
4204	22
4205	13
4206	13
4207	17
4208	10
4209	12
4210	14
4211	6
4212	12
4213	16
4214	9
4215	8
4216	11
4217	16
4218	15
4219	7
4220	14
4221	14
4222	19
4223	11
4224	9
4225	9
4226	12
4227	12
4228	10
4229	11
4230	11
4231	8
4232	9
4233	9
4234	14
4235	13
4236	12
4237	17
4238	17
4239	23
4240	8
4241	14
4242	10
4243	9
4244	7
4245	16
4246	12
4247	12
4248	13
4249	12
4250	14
4251	12
4252	6
4253	10
4254	12
4255	14
4256	11
4257	19
4258	12
4259	14
4260	8
4261	19
4262	6
4263	14
4264	19
4265	21
4266	10
4267	16
4268	15
4269	6
4270	19
4271	8
4272	11
4273	8
4274	10
4275	12
4276	18
4277	7
4278	14
4279	9
4280	14
4281	11
4282	11
4283	11
4284	9
4285	11
4286	13
4287	10
4288	11
4289	14
4290	9
4291	12
4292	11
4293	14
4294	13
4295	16
4296	9
4297	13
4298	12
4299	13
4300	11
4301	13
4302	7
4303	14
4304	16
4305	15
4306	15
4307	20
4308	17
4309	10
4310	10
4311	14
4312	10
4313	9
4314	16
4315	10
4316	15
4317	13
4318	12
4319	18
4320	17
4321	5
4322	9
4323	7
4324	17
4325	20
4326	19
4327	19
4328	10
4329	11
4330	10
4331	7
4332	8
4333	15
4334	15
4335	13
4336	12
4337	12
4338	11
4339	17
4340	15
4341	11
4342	18
4343	11
4344	22
4345	16
4346	8
4347	14
4348	14
4349	11
4350	18
4351	14
4352	16
4353	13
4354	11
4355	14
4356	14
4357	16
4358	18
4359	13
4360	14
4361	14
4362	9
4363	12
4364	14
4365	14
4366	16
4367	18
4368	18
4369	21
4370	9
4371	13
4372	17
4373	10
4374	15
4375	14
4376	17
4377	11
4378	15
4379	14
4380	20
4381	10
4382	14
4383	16
4384	12
4385	17
4386	15
4387	20
4388	11
4389	16
4390	16
4391	12
4392	18
4393	15
4394	10
4395	10
4396	16
4397	12
4398	12
4399	9
4400	16
4401	15
4402	16
4403	11
4404	9
4405	16
4406	14
4407	15
4408	15
4409	11
4410	8
4411	15
4412	11
4413	13
4414	10
4415	19
4416	12
4417	14
4418	13
4419	20
4420	12
4421	11
4422	15
4423	14
4424	16
4425	16
4426	12
4427	16
4428	15
4429	24
4430	17
4431	16
4432	10
4433	20
4434	17
4435	10
4436	21
4437	15
4438	9
4439	8
4440	23
4441	16
4442	14
4443	11
4444	16
4445	21
4446	15
4447	19
4448	11
4449	21
4450	16
4451	14
4452	14
4453	16
4454	12
4455	16
4456	11
4457	10
4458	14
4459	18
4460	20
4461	15
4462	19
4463	11
4464	11
4465	10
4466	16
4467	23
4468	26
4469	9
4470	17
4471	20
4472	9
4473	11
4474	19
4475	24
4476	17
4477	9
4478	20
4479	27
4480	18
4481	18
4482	21
4483	14
4484	23
4485	16
4486	17
4487	14
4488	15
4489	15
4490	20
4491	13
4492	19
4493	22
4494	15
4495	16
4496	14
4497	17
4498	21
4499	21
4500	23
4501	18
4502	15
4503	16
4504	23
4505	20
4506	14
4507	16
4508	15
4509	28
4510	15
4511	19
4512	20
4513	13
4514	18
4515	15
4516	13
4517	20
4518	18
4519	17
4520	23
4521	16
4522	19
4523	18
4524	13
4525	15
4526	15
4527	20
4528	17
4529	11
4530	18
4531	17
4532	17
4533	27
4534	19
4535	18
4536	13
4537	19
4538	18
4539	19
4540	16
4541	22
4542	25
4543	22
4544	20
4545	15
4546	15
4547	17
4548	16
4549	9
4550	17
4551	23
4552	14
4553	14
4554	21
4555	20
4556	15
4557	11
4558	21
4559	25
4560	23
4561	17
4562	23
4563	17
4564	12
4565	19
4566	10
4567	21
4568	20
4569	21
4570	18
4571	24
4572	16
4573	16
4574	18
4575	13
4576	19
4577	14
4578	20
4579	20
4580	16
4581	19
4582	17
4583	21
4584	30
4585	23
4586	17
4587	33
4588	18
4589	18
4590	18
4591	22
4592	28
4593	18
4594	21
4595	24
4596	27
4597	31
4598	17
4599	16
4600	19
4601	21
4602	15
4603	26
4604	20
4605	11
4606	18
4607	21
4608	22
4609	21
4610	23
4611	16
4612	18
4613	30
4614	17
4615	23
4616	20
4617	22
4618	23
4619	23
4620	30
4621	18
4622	21
4623	18
4624	24
4625	17
4626	17
4627	26
4628	34
4629	15
4630	25
4631	24
4632	25
4633	27
4634	28
4635	23
4636	19
4637	24
4638	26
4639	23
4640	25
4641	28
4642	24
4643	24
4644	17
4645	15
4646	23
4647	17
4648	22
4649	20
4650	25
4651	15
4652	14
4653	16
4654	21
4655	24
4656	17
4657	25
4658	24
4659	30
4660	23
4661	20
4662	32
4663	21
4664	19
4665	18
4666	17
4667	24
4668	16
4669	17
4670	13
4671	19
4672	22
4673	16
4674	21
4675	19
4676	23
4677	27
4678	21
4679	16
4680	20
4681	22
4682	21
4683	21
4684	20
4685	21
4686	26
4687	24
4688	28
4689	21
4690	29
4691	26
4692	22
4693	25
4694	17
4695	20
4696	17
4697	22
4698	20
4699	9
4700	21
4701	16
4702	19
4703	24
4704	14
4705	25
4706	22
4707	20
4708	20
4709	25
4710	18
4711	26
4712	26
4713	14
4714	20
4715	30
4716	20
4717	24
4718	23
4719	19
4720	26
4721	20
4722	28
4723	24
4724	27
4725	26
4726	17
4727	19
4728	20
4729	20
4730	17
4731	13
4732	15
4733	22
4734	20
4735	16
4736	17
4737	15
4738	32
4739	14
4740	15
4741	24
4742	24
4743	22
4744	19
4745	12
4746	30
4747	26
4748	17
4749	21
4750	16
4751	25
4752	17
4753	24
4754	24
4755	26
4756	26
4757	17
4758	23
4759	14
4760	16
4761	27
4762	25
4763	18
4764	19
4765	24
4766	25
4767	18
4768	19
4769	15
4770	21
4771	18
4772	12
4773	24
4774	11
4775	20
4776	18
4777	18
4778	24
4779	17
4780	15
4781	16
4782	22
4783	16
4784	9
4785	18
4786	20
4787	20
4788	28
4789	13
4790	21
4791	21
4792	18
4793	20
4794	9
4795	13
4796	23
4797	17
4798	21
4799	13
4800	19
4801	24
4802	13
4803	18
4804	22
4805	23
4806	21
4807	21
4808	10
4809	23
4810	21
4811	15
4812	23
4813	14
4814	11
4815	14
4816	18
4817	13
4818	16
4819	11
4820	16
4821	15
4822	21
4823	13
4824	21
4825	22
4826	10
4827	17
4828	12
4829	12
4830	12
4831	16
4832	13
4833	13
4834	16
4835	9
4836	14
4837	21
4838	14
4839	9
4840	13
4841	11
4842	13
4843	14
4844	13
4845	13
4846	10
4847	11
4848	14
4849	18
4850	9
4851	14
4852	14
4853	11
4854	17
4855	13
4856	11
4857	11
4858	4
4859	9
4860	9
4861	12
4862	16
4863	7
4864	6
4865	15
4866	10
4867	12
4868	9
4869	14
4870	6
4871	8
4872	10
4873	12
4874	10
4875	5
4876	17
4877	14
4878	6
4879	12
4880	8
4881	11
4882	13
4883	12
4884	6
4885	11
4886	11
4887	12
4888	10
4889	2
4890	14
4891	9
4892	10
4893	12
4894	8
4895	11
4896	9
4897	8
4898	8
4899	7
4900	7
4901	15
4902	12
4903	9
4904	8
4905	4
4906	16
4907	8
4908	7
4909	9
4910	9
4911	2
4912	10
4913	5
4914	13
4915	7
4916	8
4917	3
4918	6
4919	6
4920	4
4921	9
4922	6
4923	2
4924	2
4925	7
4926	8
4927	8
4928	6
4929	9
4930	13
4931	7
4932	6
4933	5
4934	8
4935	2
4936	5
4937	7
4938	3
4939	5
4940	10
4941	4
4942	6
4943	4
4944	9
4945	3
4946	6
4947	7
4948	5
4949	4
4950	8
4951	11
4952	2
4953	2
4954	5
4955	5
4956	4
4957	3
4958	5
4959	3
4960	1
4961	4
4962	6
4963	5
4964	8
4965	5
4966	5
4967	8
4968	3
4969	6
4970	1
4971	3
4972	4
4973	7
4974	3
4975	4
4976	2
4977	3
4978	2
4979	5
4980	3
4981	3
4982	1
4983	2
4984	4
4985	0
4986	3
4987	1
4988	3
4989	5
4990	4
4991	0
4992	0
4993	3
4994	2
4995	3
4996	3
4997	2
4998	3
4999	1
5000	0
5001	4
5002	2
5003	1
5004	2
5005	5
5006	3
5007	1
5008	2
5009	4
5010	4
5011	2
5012	5
5013	2
5014	3
5015	0
5016	3
5017	1
5018	1
5019	2
5020	6
5021	1
5022	2
5023	2
5024	2
5025	0
5026	1
5027	0
5028	4
5029	1
5030	2
5031	2
5032	7
5033	1
5034	1
5035	2
5036	1
5037	1
5038	3
5039	0
5040	1
5041	1
5042	2
5043	1
5044	3
5045	1
5046	0
5047	1
5048	1
5049	3
5050	2
5051	1
5052	2
5053	3
5054	2
5055	4
5056	3
5057	1
5058	0
5059	1
5060	1
5061	1
5062	2
5063	0
5064	2
5065	1
5066	1
5067	1
5068	2
5069	2
5070	2
5071	3
5072	1
5073	1
5074	2
5075	4
5076	1
5077	1
5078	1
5079	0
5080	1
5081	0
5082	4
5083	1
5084	1
5085	1
5086	1
5087	3
5088	0
5089	0
5090	2
5091	3
5092	4
5093	2
5094	0
5095	2
5096	1
5097	0
5098	0
5099	1
5100	2
5101	0
5102	1
5103	2
5104	2
5105	0
5106	0
5107	0
5108	2
5109	1
5110	1
5111	3
5112	0
5113	0
5114	1
5115	0
5116	1
5117	2
5118	0
5119	0
5120	0
5121	1
5122	1
5123	0
5124	1
5125	1
5126	0
5127	0
5128	0
5129	0
5130	1
5131	4
5132	1
5133	2
5134	0
5135	4
5136	0
5137	0
5138	1
5139	0
5140	0
5141	1
5142	1
5143	0
5144	0
5145	1
5146	0
5147	2
5148	1
5149	1
5150	1
5151	1
5152	2
5153	0
5154	0
5155	2
5156	0
5157	0
5158	0
5159	0
5160	1
5161	0
5162	0
5163	1
5164	1
5165	1
5166	1
5167	0
5168	1
5169	1
5170	2
5171	1
5172	2
5173	0
5174	0
5175	1
5176	0
5177	1
5178	0
5179	0
5180	0
5181	0
5182	2
5183	0
5184	0
5185	1
5186	0
5187	2
5188	0
5189	1
5190	2
5191	0
5192	3
5193	1
5194	0
5195	0
5196	1
5197	0
5198	2
5199	2
5200	1
5201	0
5202	0
5203	0
5204	0
5205	0
5206	0
5207	0
5208	0
5209	0
5210	0
5211	3
5212	2
5213	0
5214	0
5215	0
5216	2
5217	2
5218	2
5219	1
5220	1
5221	0
5222	0
5223	0
5224	1
5225	0
5226	1
5227	1
5228	0
5229	0
5230	0
5231	0
5232	0
5233	0
5234	0
5235	0
5236	2
5237	1
5238	1
5239	0
5240	1
5241	1
5242	1
5243	1
5244	0
5245	0
5246	0
5247	0
5248	0
5249	1
5250	0
5251	2
5252	0
5253	0
5254	0
5255	1
5256	0
5257	0
5258	1
5259	0
5260	1
5261	1
5262	0
5263	0
5264	1
5265	1
5266	0
5267	0
5268	1
5269	1
5270	0
5271	2
5272	0
5273	1
5274	0
5275	1
5276	1
5277	0
5278	2
5279	0
5280	0
5281	0
5282	1
5283	2
5284	0
5285	1
5286	1
5287	0
5288	0
5289	0
5290	0
5291	1
5292	0
5293	0
5294	1
5295	1
5296	0
5297	0
5298	1
5299	0
5300	0
5301	1
5302	0
5303	0
5304	0
5305	0
5306	1
5307	0
5308	2
5309	0
5310	0
5311	0
5312	1
5313	3
5314	2
5315	0
5316	0
5317	2
5318	1
5319	0
5320	0
5321	0
5322	0
5323	1
5324	0
5325	1
5326	0
5327	0
5328	0
5329	1
5330	1
5331	1
5332	0
5333	0
5334	0
5335	0
5336	0
5337	0
5338	1
5339	2
5340	0
5341	1
5342	0
5343	2
5344	1
5345	2
5346	1
5347	1
5348	1
5349	0
5350	1
5351	0
5352	1
5353	2
5354	0
5355	2
5356	1
5357	1
5358	0
5359	0
5360	0
5361	1
5362	0
5363	2
5364	0
5365	0
5366	0
5367	1
5368	1
5369	0
5370	0
5371	0
5372	1
5373	0
5374	1
5375	1
5376	0
5377	2
5378	0
5379	2
5380	1
5381	0
5382	1
5383	0
5384	0
5385	1
5386	0
5387	0
5388	1
5389	0
5390	0
5391	0
5392	0
5393	2
5394	1
5395	1
5396	0
5397	3
5398	0
5399	0
5400	0
5401	0
5402	0
5403	0
5404	1
5405	0
5406	1
5407	0
5408	2
5409	0
5410	2
5411	0
5412	0
5413	0
5414	0
5415	0
5416	0
5417	2
5418	1
5419	0
5420	0
5421	1
5422	1
5423	1
5424	0
5425	0
5426	1
5427	0
5428	1
5429	0
5430	1
5431	0
5432	1
5433	0
5434	1
5435	0
5436	1
5437	1
5438	2
5439	1
5440	0
5441	0
5442	0
5443	0
5444	0
5445	0
5446	0
5447	1
5448	1
5449	1
5450	0
5451	0
5452	2
5453	0
5454	1
5455	2
5456	0
5457	0
5458	0
5459	0
5460	1
5461	1
5462	0
5463	2
5464	2
5465	0
5466	2
5467	1
5468	0
5469	0
5470	1
5471	2
5472	1
5473	1
5474	0
5475	1
5476	1
5477	0
5478	1
5479	0
5480	1
5481	0
5482	1
5483	0
5484	0
5485	0
5486	2
5487	0
5488	1
5489	1
5490	0
5491	2
5492	1
5493	0
5494	0
5495	1
5496	1
5497	0
5498	0
5499	0
5500	0
5501	0
5502	0
5503	0
5504	1
5505	0
5506	0
5507	1
5508	0
5509	0
5510	1
5511	1
5512	1
5513	0
5514	0
5515	1
5516	0
5517	0
5518	2
5519	1
5520	1
5521	0
5522	0
5523	2
5524	0
5525	1
5526	0
5527	0
5528	0
5529	1
5530	1
5531	0
5532	0
5533	1
5534	0
5535	1
5536	0
5537	1
5538	1
5539	0
5540	1
5541	0
5542	0
5543	1
5544	1
5545	0
5546	0
5547	0
5548	0
5549	0
5550	0
5551	0
5552	0
5553	1
5554	2
5555	0
5556	0
5557	1
5558	0
5559	1
5560	1
5561	0
5562	1
5563	0
5564	0
5565	0
5566	1
5567	0
5568	1
5569	2
5570	1
5571	1
5572	0
5573	0
5574	0
5575	0
5576	3
5577	0
5578	1
5579	1
5580	0
5581	0
5582	1
5583	2
5584	0
5585	1
5586	1
5587	1
5588	1
5589	1
5590	0
5591	1
5592	2
5593	0
5594	0
5595	1
5596	0
5597	2
5598	1
5599	0
5600	0
5601	2
5602	0
5603	0
5604	2
5605	0
5606	0
5607	1
5608	0
5609	0
5610	0
5611	0
5612	0
5613	1
5614	1
5615	0
5616	1
5617	0
5618	1
5619	0
5620	0
5621	0
5622	1
5623	0
5624	0
5625	1
5626	0
5627	1
5628	0
5629	1
5630	1
5631	1
5632	0
5633	1
5634	0
5635	1
5636	0
5637	1
5638	1
5639	0
5640	0
5641	0
5642	3
5643	0
5644	0
5645	1
5646	0
5647	1
5648	2
5649	0
5650	1
5651	0
5652	0
5653	0
5654	0
5655	0
5656	0
5657	0
5658	0
5659	0
5660	0
5661	1
5662	1
5663	0
5664	0
5665	0
5666	0
5667	0
5668	0
5669	0
5670	0
5671	0
5672	0
5673	1
5674	1
5675	1
5676	0
5677	0
5678	0
5679	1
5680	0
5681	0
5682	1
5683	1
5684	0
5685	0
5686	0
5687	0
5688	1
5689	0
5690	0
5691	1
5692	1
5693	0
5694	0
5695	0
5696	1
5697	0
5698	0
5699	0
5700	0
5701	1
5702	1
5703	0
5704	0
5705	0
5706	0
5707	0
5708	0
5709	0
5710	0
5711	1
5712	2
5713	0
5714	0
5715	0
5716	0
5717	2
5718	0
5719	1
5720	0
5721	0
5722	1
5723	0
5724	0
5725	1
5726	0
5727	1
5728	0
5729	0
5730	2
5731	0
5732	0
5733	0
5734	0
5735	0
5736	2
5737	0
5738	0
5739	0
5740	1
5741	1
5742	1
5743	0
5744	0
5745	0
5746	0
5747	0
5748	0
5749	0
5750	1
5751	0
5752	1
5753	0
5754	0
5755	0
5756	0
5757	0
5758	0
5759	0
5760	2
5761	1
5762	0
5763	1
5764	0
5765	1
5766	1
5767	0
5768	0
5769	0
5770	0
5771	0
5772	1
5773	0
5774	0
5775	0
5776	1
5777	0
5778	1
5779	0
5780	0
5781	0
5782	0
5783	1
5784	1
5785	0
5786	0
5787	0
5788	0
5789	2
5790	0
5791	0
5792	0
5793	0
5794	0
5795	1
5796	0
5797	0
5798	0
5799	1
5800	0
5801	0
5802	0
5803	1
5804	0
5805	0
5806	0
5807	1
5808	0
5809	0
5810	1
5811	0
5812	0
5813	0
5814	0
5815	0
5816	0
5817	0
5818	0
5819	0
5820	1
5821	1
5822	0
5823	0
5824	1
5825	0
5826	0
5827	0
5828	0
5829	0
5830	0
5831	0
5832	0
5833	1
5834	0
5835	0
5836	0
5837	0
5838	0
5839	0
5840	0
5841	0
5842	1
5843	1
5844	0
5845	0
5846	2
5847	1
5848	2
5849	1
5850	0
5851	0
5852	0
5853	0
5854	0
5855	0
5856	0
5857	0
5858	1
5859	1
5860	1
5861	1
5862	1
5863	1
5864	1
5865	0
5866	0
5867	1
5868	0
5869	1
5870	0
5871	0
5872	5
5873	1
5874	0
5875	0
5876	0
5877	0
5878	0
5879	0
5880	0
5881	2
5882	1
5883	0
5884	2
5885	0
5886	0
5887	1
5888	0
5889	0
5890	0
5891	0
5892	0
5893	2
5894	0
5895	1
5896	0
5897	1
5898	0
5899	1
5900	0
5901	0
5902	0
5903	2
5904	2
5905	0
5906	0
5907	0
5908	0
5909	0
5910	1
5911	1
5912	1
5913	0
5914	0
5915	0
5916	0
5917	0
5918	0
5919	0
5920	0
5921	0
5922	0
5923	1
5924	0
5925	0
5926	1
5927	0
5928	0
5929	0
5930	0
5931	1
5932	0
5933	1
5934	0
5935	1
5936	1
5937	0
5938	0
5939	1
5940	0
5941	0
5942	0
5943	0
5944	0
5945	1
5946	1
5947	0
5948	0
5949	0
5950	1
5951	0
5952	1
5953	0
5954	0
5955	0
5956	0
5957	0
5958	0
5959	0
5960	0
5961	0
5962	1
5963	0
5964	1
5965	0
5966	0
5967	1
5968	0
5969	1
5970	1
5971	1
5972	0
5973	0
5974	2
5975	0
5976	1
5977	1
5978	0
5979	1
5980	1
5981	1
5982	0
5983	0
5984	0
5985	0
5986	1
5987	0
5988	0
5989	0
5990	0
5991	0
5992	0
5993	2
5994	1
5995	0
5996	1
5997	0
5998	0
5999	0
6000	1
6001	0
6002	0
6003	0
6004	0
6005	1
6006	0
6007	0
6008	1
6009	0
6010	0
6011	0
6012	0
6013	0
6014	0
6015	0
6016	1
6017	1
6018	0
6019	0
6020	0
6021	0
6022	0
6023	0
6024	0
6025	1
6026	0
6027	0
6028	0
6029	1
6030	0
6031	1
6032	1
6033	0
6034	0
6035	0
6036	0
6037	2
6038	0
6039	0
6040	2
6041	0
6042	1
6043	0
6044	0
6045	0
6046	0
6047	1
6048	0
6049	0
6050	1
6051	2
6052	0
6053	1
6054	1
6055	1
6056	0
6057	0
6058	0
6059	1
6060	1
6061	0
6062	0
6063	1
6064	0
6065	2
6066	1
6067	0
6068	1
6069	0
6070	0
6071	0
6072	0
6073	0
6074	1
6075	0
6076	0
6077	0
6078	0
6079	1
6080	0
6081	0
6082	2
6083	3
6084	1
6085	0
6086	0
6087	0
6088	0
6089	0
6090	0
6091	1
6092	0
6093	0
6094	0
6095	0
6096	0
6097	0
6098	0
6099	0
6100	0
6101	0
6102	0
6103	0
6104	0
6105	0
6106	2
6107	1
6108	0
6109	0
6110	0
6111	1
6112	1
6113	0
6114	0
6115	0
6116	0
6117	1
6118	0
6119	0
6120	1
6121	0
6122	0
6123	1
6124	1
6125	0
6126	0
6127	0
6128	1
6129	0
6130	0
6131	0
6132	0
6133	0
6134	0
6135	0
6136	0
6137	0
6138	1
6139	0
6140	0
6141	0
6142	0
6143	2
6144	0
6145	1
6146	0
6147	0
6148	1
6149	0
6150	0
6151	1
6152	2
6153	2
6154	1
6155	1
6156	0
6157	1
6158	0
6159	0
6160	0
6161	1
6162	2
6163	0
6164	0
6165	0
6166	0
6167	0
6168	0
6169	0
6170	0
6171	1
6172	1
6173	0
6174	0
6175	0
6176	1
6177	0
6178	0
6179	0
6180	1
6181	1
6182	1
6183	0
6184	0
6185	0
6186	1
6187	1
6188	1
6189	0
6190	1
6191	2
6192	0
6193	0
6194	0
6195	0
6196	0
6197	1
6198	0
6199	1
6200	1
6201	1
6202	2
6203	1
6204	0
6205	2
6206	0
6207	0
6208	0
6209	1
6210	0
6211	0
6212	0
6213	0
6214	1
6215	0
6216	0
6217	0
6218	0
6219	1
6220	0
6221	2
6222	0
6223	0
6224	0
6225	0
6226	0
6227	0
6228	1
6229	0
6230	0
6231	1
6232	0
6233	0
6234	1
6235	0
6236	0
6237	1
6238	0
6239	0
6240	1
6241	0
6242	0
6243	0
6244	0
6245	0
6246	0
6247	1
6248	0
6249	2
6250	0
6251	1
6252	0
6253	1
6254	0
6255	0
6256	0
6257	0
6258	1
6259	0
6260	1
6261	0
6262	0
6263	0
6264	1
6265	0
6266	1
6267	1
6268	0
6269	0
6270	1
6271	0
6272	1
6273	0
6274	0
6275	1
6276	0
6277	2
6278	0
6279	0
6280	1
6281	1
6282	1
6283	0
6284	0
6285	0
6286	1
6287	1
6288	1
6289	0
6290	0
6291	2
6292	0
6293	0
6294	0
6295	0
6296	0
6297	0
6298	0
6299	0
6300	0
6301	1
6302	2
6303	1
6304	0
6305	1
6306	0
6307	0
6308	0
6309	0
6310	1
6311	0
6312	0
6313	2
6314	0
6315	1
6316	0
6317	1
6318	3
6319	1
6320	0
6321	0
6322	2
6323	0
6324	0
6325	1
6326	0
6327	0
6328	0
6329	0
6330	1
6331	0
6332	0
6333	0
6334	0
6335	0
6336	0
6337	1
6338	0
6339	0
6340	0
6341	0
6342	0
6343	0
6344	1
6345	0
6346	0
6347	1
6348	1
6349	0
6350	0
6351	0
6352	0
6353	1
6354	0
6355	0
6356	1
6357	0
6358	1
6359	1
6360	1
6361	1
6362	1
6363	0
6364	0
6365	0
6366	2
6367	0
6368	0
6369	0
6370	0
6371	0
6372	0
6373	0
6374	1
6375	0
6376	1
6377	0
6378	0
6379	0
6380	1
6381	0
6382	0
6383	0
6384	0
6385	0
6386	0
6387	0
6388	2
6389	0
6390	0
6391	0
6392	1
6393	0
6394	2
6395	2
6396	0
6397	2
6398	1
6399	0
6400	0
6401	0
6402	0
6403	0
6404	0
6405	0
6406	0
6407	0
6408	1
6409	0
6410	0
6411	0
6412	0
6413	0
6414	0
6415	0
6416	0
6417	0
6418	0
6419	0
6420	2
6421	0
6422	0
6423	1
6424	1
6425	1
6426	0
6427	0
6428	0
6429	1
6430	0
6431	0
6432	1
6433	0
6434	0
6435	1
6436	1
6437	0
6438	1
6439	1
6440	0
6441	1
6442	0
6443	1
6444	0
6445	0
6446	1
6447	2
6448	2
6449	0
6450	0
6451	1
6452	1
6453	1
6454	1
6455	0
6456	0
6457	0
6458	0
6459	2
6460	1
6461	1
6462	2
6463	0
6464	0
6465	0
6466	2
6467	0
6468	1
6469	0
6470	1
6471	0
6472	0
6473	1
6474	1
6475	0
6476	2
6477	1
6478	0
6479	0
6480	1
6481	1
6482	0
6483	0
6484	0
6485	0
6486	1
6487	0
6488	1
6489	0
6490	1
6491	1
6492	0
6493	0
6494	0
6495	0
6496	0
6497	2
6498	0
6499	0
6500	0
6501	1
6502	0
6503	1
6504	1
6505	1
6506	1
6507	0
6508	0
6509	0
6510	0
6511	0
6512	0
6513	0
6514	1
6515	2
6516	0
6517	1
6518	1
6519	0
6520	0
6521	1
6522	0
6523	0
6524	2
6525	0
6526	0
6527	1
6528	0
6529	0
6530	0
6531	2
6532	0
6533	0
6534	0
6535	0
6536	0
6537	1
6538	0
6539	1
6540	1
6541	0
6542	0
6543	0
6544	0
6545	0
6546	0
6547	0
6548	0
6549	0
6550	0
6551	0
6552	2
6553	0
6554	1
6555	2
6556	2
6557	0
6558	1
6559	1
6560	0
6561	0
6562	0
6563	0
6564	1
6565	0
6566	1
6567	0
6568	1
6569	1
6570	0
6571	0
6572	0
6573	1
6574	0
6575	0
6576	0
6577	0
6578	0
6579	1
6580	0
6581	0
6582	0
6583	1
6584	1
6585	0
6586	1
6587	1
6588	1
6589	0
6590	0
6591	1
6592	1
6593	2
6594	0
6595	0
6596	0
6597	0
6598	1
6599	0
6600	1
6601	0
6602	0
6603	2
6604	1
6605	0
6606	0
6607	0
6608	2
6609	1
6610	2
6611	0
6612	0
6613	2
6614	0
6615	0
6616	0
6617	0
6618	1
6619	1
6620	1
6621	1
6622	0
6623	0
6624	0
6625	0
6626	0
6627	0
6628	0
6629	0
6630	3
6631	0
6632	1
6633	1
6634	0
6635	0
6636	0
6637	0
6638	1
6639	0
6640	2
6641	0
6642	0
6643	0
6644	0
6645	1
6646	0
6647	1
6648	0
6649	1
6650	1
6651	1
6652	0
6653	0
6654	0
6655	0
6656	0
6657	0
6658	1
6659	0
6660	2
6661	0
6662	1
6663	2
6664	1
6665	1
6666	1
6667	1
6668	0
6669	1
6670	0
6671	0
6672	0
6673	1
6674	0
6675	1
6676	0
6677	0
6678	1
6679	0
6680	0
6681	0
6682	1
6683	0
6684	0
6685	0
6686	1
6687	0
6688	0
6689	0
6690	0
6691	0
6692	0
6693	0
6694	0
6695	1
6696	0
6697	1
6698	0
6699	0
6700	0
6701	1
6702	0
6703	0
6704	0
6705	2
6706	0
6707	1
6708	0
6709	0
6710	0
6711	1
6712	0
6713	1
6714	1
6715	0
6716	1
6717	0
6718	0
6719	0
6720	0
6721	0
6722	1
6723	1
6724	1
6725	0
6726	0
6727	0
6728	2
6729	0
6730	1
6731	3
6732	1
6733	0
6734	0
6735	0
6736	0
6737	1
6738	0
6739	1
6740	0
6741	0
6742	0
6743	1
6744	0
6745	0
6746	0
6747	1
6748	1
6749	3
6750	0
6751	0
6752	0
6753	0
6754	1
6755	0
6756	0
6757	0
6758	0
6759	1
6760	0
6761	1
6762	1
6763	0
6764	0
6765	0
6766	1
6767	1
6768	0
6769	0
6770	2
6771	0
6772	1
6773	0
6774	0
6775	1
6776	0
6777	0
6778	1
6779	0
6780	0
6781	0
6782	0
6783	0
6784	0
6785	1
6786	1
6787	0
6788	1
6789	2
6790	1
6791	0
6792	1
6793	0
6794	1
6795	0
6796	1
6797	0
6798	1
6799	0
6800	0
6801	0
6802	0
6803	0
6804	1
6805	0
6806	0
6807	0
6808	0
6809	0
6810	0
6811	0
6812	2
6813	1
6814	0
6815	1
6816	0
6817	1
6818	0
6819	2
6820	1
6821	0
6822	0
6823	0
6824	2
6825	1
6826	1
6827	0
6828	0
6829	2
6830	0
6831	0
6832	0
6833	0
6834	0
6835	0
6836	0
6837	2
6838	0
6839	0
6840	0
6841	0
6842	0
6843	0
6844	1
6845	0
6846	0
6847	1
6848	2
6849	1
6850	0
6851	2
6852	0
6853	0
6854	1
6855	0
6856	0
6857	0
6858	0
6859	0
6860	0
6861	1
6862	0
6863	0
6864	1
6865	0
6866	0
6867	0
6868	0
6869	0
6870	0
6871	0
6872	0
6873	0
6874	1
6875	0
6876	0
6877	0
6878	0
6879	1
6880	0
6881	1
6882	0
6883	1
6884	0
6885	0
6886	0
6887	0
6888	1
6889	0
6890	1
6891	1
6892	1
6893	1
6894	0
6895	0
6896	0
6897	0
6898	1
6899	1
6900	0
6901	0
6902	1
6903	1
6904	0
6905	1
6906	0
6907	0
6908	1
6909	0
6910	0
6911	0
6912	0
6913	0
6914	0
6915	2
6916	0
6917	1
6918	0
6919	1
6920	0
6921	1
6922	0
6923	0
6924	0
6925	0
6926	0
6927	1
6928	0
6929	0
6930	0
6931	0
6932	1
6933	1
6934	0
6935	1
6936	0
6937	0
6938	0
6939	0
6940	0
6941	0
6942	1
6943	1
6944	1
6945	0
6946	0
6947	1
6948	0
6949	0
6950	0
6951	0
6952	1
6953	0
6954	0
6955	0
6956	0
6957	0
6958	1
6959	0
6960	0
6961	0
6962	1
6963	1
6964	0
6965	0
6966	1
6967	0
6968	1
6969	0
6970	0
6971	0
6972	0
6973	0
6974	0
6975	0
6976	0
6977	1
6978	0
6979	0
6980	0
6981	1
6982	0
6983	0
6984	2
6985	1
6986	2
6987	1
6988	1
6989	1
6990	0
6991	0
6992	1
6993	0
6994	0
6995	0
6996	0
6997	0
6998	0
6999	0
7000	0
7001	0
7002	0
7003	0
7004	0
7005	0
7006	1
7007	0
7008	0
7009	0
7010	0
7011	0
7012	0
7013	0
7014	0
7015	0
7016	0
7017	1
7018	0
7019	0
7020	0
7021	1
7022	2
7023	1
7024	0
7025	2
7026	1
7027	0
7028	0
7029	0
7030	0
7031	1
7032	0
7033	1
7034	1
7035	0
7036	2
7037	0
7038	0
7039	0
7040	0
7041	0
7042	0
7043	1
7044	0
7045	2
7046	0
7047	1
7048	1
7049	1
7050	1
7051	0
7052	0
7053	0
7054	1
7055	0
7056	1
7057	0
7058	0
7059	0
7060	0
7061	0
7062	0
7063	0
7064	0
7065	2
7066	0
7067	0
7068	0
7069	0
7070	1
7071	0
7072	0
7073	1
7074	1
7075	1
7076	0
7077	2
7078	0
7079	0
7080	0
7081	0
7082	0
7083	0
7084	0
7085	0
7086	0
7087	0
7088	1
7089	0
7090	1
7091	1
7092	0
7093	0
7094	1
7095	0
7096	0
7097	0
7098	0
7099	0
7100	1
7101	0
7102	1
7103	0
7104	0
7105	0
7106	0
7107	0
7108	0
7109	1
7110	1
7111	0
7112	2
7113	0
7114	0
7115	0
7116	0
7117	0
7118	0
7119	0
7120	0
7121	0
7122	0
7123	1
7124	0
7125	1
7126	1
7127	1
7128	0
7129	1
7130	0
7131	0
7132	0
7133	1
7134	0
7135	0
7136	1
7137	0
7138	0
7139	1
7140	1
7141	0
7142	2
7143	0
7144	0
7145	0
7146	0
7147	0
7148	0
7149	1
7150	2
7151	0
7152	0
7153	0
7154	0
7155	0
7156	0
7157	1
7158	1
7159	1
7160	0
7161	0
7162	0
7163	0
7164	2
7165	0
7166	0
7167	0
7168	1
7169	1
7170	1
7171	0
7172	0
7173	0
7174	0
7175	0
7176	0
7177	0
7178	0
7179	0
7180	1
7181	0
7182	1
7183	0
7184	0
7185	0
7186	1
7187	3
7188	0
7189	0
7190	0
7191	0
7192	0
7193	1
7194	1
7195	0
7196	1
7197	2
7198	0
7199	0
7200	2
7201	1
7202	0
7203	1
7204	0
7205	0
7206	1
7207	1
7208	0
7209	0
7210	1
7211	0
7212	0
7213	0
7214	0
7215	1
7216	1
7217	0
7218	0
7219	0
7220	0
7221	0
7222	1
7223	0
7224	0
7225	0
7226	0
7227	0
7228	0
7229	1
7230	1
7231	0
7232	0
7233	0
7234	1
7235	0
7236	0
7237	0
7238	0
7239	0
7240	1
7241	0
7242	0
7243	0
7244	1
7245	0
7246	0
7247	1
7248	0
7249	0
7250	0
7251	0
7252	2
7253	0
7254	0
7255	0
7256	0
7257	0
7258	0
7259	1
7260	0
7261	2
7262	0
7263	1
7264	0
7265	0
7266	1
7267	1
7268	0
7269	0
7270	2
7271	0
7272	0
7273	0
7274	0
7275	0
7276	0
7277	1
7278	0
7279	0
7280	0
7281	0
7282	0
7283	0
7284	1
7285	0
7286	1
7287	1
7288	0
7289	1
7290	0
7291	1
7292	0
7293	0
7294	0
7295	0
7296	0
7297	0
7298	0
7299	1
7300	0
7301	0
7302	0
7303	1
7304	0
7305	0
7306	0
7307	1
7308	1
7309	0
7310	2
7311	0
7312	1
7313	0
7314	0
7315	0
7316	1
7317	0
7318	0
7319	0
7320	0
7321	1
7322	0
7323	0
7324	0
7325	0
7326	1
7327	0
7328	1
7329	0
7330	0
7331	0
7332	0
7333	0
7334	0
7335	0
7336	0
7337	0
7338	0
7339	0
7340	0
7341	0
7342	1
7343	0
7344	1
7345	0
7346	0
7347	1
7348	0
7349	0
7350	0
7351	1
7352	0
7353	0
7354	1
7355	0
7356	0
7357	1
7358	0
7359	1
7360	2
7361	0
7362	1
7363	0
7364	1
7365	1
7366	0
7367	1
7368	0
7369	0
7370	0
7371	0
7372	0
7373	0
7374	0
7375	0
7376	0
7377	0
7378	0
7379	1
7380	0
7381	0
7382	0
7383	0
7384	1
7385	0
7386	0
7387	0
7388	0
7389	0
7390	0
7391	0
7392	0
7393	0
7394	1
7395	0
7396	0
7397	0
7398	0
7399	0
7400	1
7401	1
7402	1
7403	0
7404	0
7405	0
7406	0
7407	1
7408	0
7409	0
7410	0
7411	0
7412	0
7413	0
7414	0
7415	0
7416	0
7417	1
7418	0
7419	0
7420	1
7421	0
7422	0
7423	0
7424	1
7425	0
7426	0
7427	0
7428	0
7429	1
7430	0
7431	0
7432	1
7433	0
7434	0
7435	0
7436	0
7437	0
7438	0
7439	0
7440	0
7441	0
7442	1
7443	0
7444	0
7445	0
7446	0
7447	0
7448	0
7449	1
7450	0
7451	0
7452	0
7453	0
7454	0
7455	1
7456	0
7457	0
7458	0
7459	0
7460	0
7461	0
7462	0
7463	0
7464	0
7465	0
7466	1
7467	1
7468	1
7469	0
7470	0
7471	0
7472	2
7473	0
7474	0
7475	1
7476	1
7477	0
7478	0
7479	0
7480	0
7481	0
7482	1
7483	0
7484	0
7485	0
7486	1
7487	0
7488	0
7489	0
7490	0
7491	0
7492	0
7493	0
7494	0
7495	1
7496	0
7497	0
7498	0
7499	1
7500	1
7501	0
7502	0
7503	0
7504	0
7505	0
7506	0
7507	0
7508	0
7509	1
7510	0
7511	0
7512	0
7513	0
7514	0
7515	0
7516	0
7517	0
7518	0
7519	1
7520	0
7521	0
7522	0
7523	0
7524	0
7525	0
7526	0
7527	0
7528	0
7529	0
7530	0
7531	0
7532	1
7533	0
7534	1
7535	0
7536	0
7537	1
7538	0
7539	1
7540	0
7541	0
7542	2
7543	0
7544	1
7545	0
7546	1
7547	0
7548	0
7549	0
7550	0
7551	0
7552	0
7553	0
7554	0
7555	0
7556	0
7557	1
7558	0
7559	0
7560	1
7561	0
7562	0
7563	0
7564	0
7565	2
7566	1
7567	0
7568	1
7569	0
7570	0
7571	0
7572	0
7573	0
7574	0
7575	0
7576	0
7577	0
7578	0
7579	1
7580	0
7581	0
7582	0
7583	0
7584	0
7585	0
7586	0
7587	0
7588	2
7589	0
7590	1
7591	1
7592	0
7593	0
7594	0
7595	0
7596	0
7597	0
7598	0
7599	0
7600	1
7601	0
7602	1
7603	0
7604	0
7605	0
7606	0
7607	0
7608	2
7609	1
7610	0
7611	0
7612	0
7613	0
7614	0
7615	2
7616	0
7617	1
7618	0
7619	0
7620	0
7621	0
7622	0
7623	0
7624	0
7625	1
7626	1
7627	0
7628	0
7629	1
7630	1
7631	0
7632	0
7633	0
7634	0
7635	2
7636	1
7637	1
7638	0
7639	0
7640	1
7641	0
7642	0
7643	1
7644	0
7645	0
7646	1
7647	0
7648	0
7649	0
7650	0
7651	0
7652	1
7653	0
7654	0
7655	0
7656	0
7657	0
7658	0
7659	1
7660	1
7661	2
7662	0
7663	0
7664	1
7665	0
7666	0
7667	0
7668	0
7669	0
7670	0
7671	0
7672	0
7673	0
7674	0
7675	0
7676	0
7677	1
7678	1
7679	0
7680	1
7681	0
7682	0
7683	0
7684	1
7685	0
7686	0
7687	0
7688	0
7689	1
7690	1
7691	0
7692	0
7693	0
7694	2
7695	0
7696	1
7697	0
7698	0
7699	1
7700	0
7701	2
7702	0
7703	1
7704	0
7705	0
7706	0
7707	0
7708	1
7709	1
7710	0
7711	0
7712	0
7713	1
7714	0
7715	0
7716	0
7717	0
7718	1
7719	0
7720	0
7721	3
7722	1
7723	0
7724	1
7725	0
7726	0
7727	2
7728	0
7729	0
7730	0
7731	0
7732	0
7733	0
7734	0
7735	0
7736	1
7737	1
7738	0
7739	0
7740	0
7741	0
7742	0
7743	0
7744	1
7745	0
7746	0
7747	0
7748	0
7749	0
7750	0
7751	0
7752	0
7753	1
7754	0
7755	2
7756	0
7757	1
7758	1
7759	0
7760	0
7761	0
7762	0
7763	0
7764	0
7765	0
7766	0
7767	0
7768	1
7769	1
7770	0
7771	0
7772	0
7773	0
7774	0
7775	1
7776	0
7777	0
7778	0
7779	1
7780	1
7781	0
7782	0
7783	0
7784	0
7785	0
7786	0
7787	0
7788	0
7789	1
7790	0
7791	0
7792	0
7793	0
7794	0
7795	1
7796	0
7797	0
7798	0
7799	0
7800	1
7801	1
7802	0
7803	0
7804	0
7805	0
7806	0
7807	0
7808	1
7809	0
7810	0
7811	0
7812	1
7813	1
7814	1
7815	0
7816	2
7817	2
7818	0
7819	2
7820	1
7821	0
7822	1
7823	0
7824	0
7825	0
7826	0
7827	0
7828	1
7829	1
7830	0
7831	0
7832	0
7833	0
7834	0
7835	1
7836	0
7837	0
7838	0
7839	0
7840	0
7841	0
7842	0
7843	0
7844	0
7845	0
7846	0
7847	0
7848	1
7849	0
7850	0
7851	0
7852	0
7853	0
7854	0
7855	1
7856	0
7857	0
7858	0
7859	0
7860	0
7861	0
7862	0
7863	1
7864	0
7865	1
7866	0
7867	0
7868	0
7869	0
7870	0
7871	1
7872	0
7873	1
7874	2
7875	0
7876	0
7877	1
7878	0
7879	0
7880	0
7881	0
7882	0
7883	0
7884	0
7885	1
7886	1
7887	0
7888	0
7889	0
7890	0
7891	0
7892	0
7893	0
7894	0
7895	1
7896	0
7897	0
7898	0
7899	1
7900	0
7901	0
7902	0
7903	0
7904	0
7905	0
7906	0
7907	0
7908	1
7909	1
7910	1
7911	0
7912	0
7913	1
7914	0
7915	0
7916	0
7917	0
7918	1
7919	0
7920	2
7921	0
7922	0
7923	1
7924	0
7925	0
7926	0
7927	0
7928	1
7929	0
7930	0
7931	0
7932	0
7933	0
7934	0
7935	2
7936	0
7937	0
7938	0
7939	0
7940	0
7941	1
7942	0
7943	0
7944	0
7945	0
7946	0
7947	0
7948	0
7949	0
7950	1
7951	0
7952	0
7953	0
7954	0
7955	0
7956	0
7957	1
7958	1
7959	1
7960	0
7961	0
7962	0
7963	0
7964	0
7965	1
7966	0
7967	0
7968	0
7969	0
7970	0
7971	0
7972	0
7973	0
7974	0
7975	0
7976	1
7977	1
7978	0
7979	1
7980	0
7981	0
7982	0
7983	0
7984	0
7985	0
7986	0
7987	0
7988	0
7989	0
7990	0
7991	0
7992	0
7993	0
7994	0
7995	1
7996	0
7997	0
7998	0
7999	0
8000	1
8001	0
8002	0
8003	0
8004	0
8005	0
8006	1
8007	0
8008	0
8009	1
8010	0
8011	2
8012	1
8013	0
8014	1
8015	0
8016	0
8017	0
8018	0
8019	0
8020	0
8021	0
8022	0
8023	1
8024	0
8025	0
8026	1
8027	0
8028	0
8029	0
8030	1
8031	0
8032	0
8033	0
8034	2
8035	1
8036	0
8037	0
8038	0
8039	0
8040	0
8041	0
8042	0
8043	0
8044	0
8045	0
8046	1
8047	0
8048	0
8049	0
8050	0
8051	0
8052	0
8053	0
8054	0
8055	0
8056	0
8057	0
8058	0
8059	0
8060	0
8061	0
8062	1
8063	1
8064	0
8065	0
8066	0
8067	2
8068	0
8069	0
8070	0
8071	0
8072	1
8073	0
8074	0
8075	0
8076	0
8077	0
8078	2
8079	0
8080	0
8081	0
8082	0
8083	0
8084	0
8085	0
8086	0
8087	0
8088	0
8089	0
8090	0
8091	0
8092	0
8093	0
8094	0
8095	0
8096	0
8097	0
8098	0
8099	0
8100	0
8101	0
8102	0
8103	0
8104	0
8105	0
8106	0
8107	0
8108	0
8109	0
8110	0
8111	0
8112	0
8113	0
8114	0
8115	0
8116	0
8117	0
8118	0
8119	0
8120	0
8121	0
8122	0
8123	0
8124	0
8125	0
8126	0
8127	0
8128	0
8129	0
8130	0
8131	0
8132	0
8133	0
8134	0
8135	0
8136	0
8137	0
8138	0
8139	0
8140	0
8141	0
8142	0
8143	0
8144	0
8145	0
8146	0
8147	0
8148	0
8149	0
8150	0
8151	0
8152	0
8153	0
8154	0
8155	0
8156	0
8157	0
8158	0
8159	0
8160	0
8161	0
8162	0
8163	0
8164	0
8165	0
8166	0
8167	0
8168	0
8169	0
8170	0
8171	0
8172	0
8173	0
8174	0
8175	0
8176	0
8177	0
8178	0
8179	0
8180	0
8181	0
8182	0
8183	0
8184	0
8185	0
8186	0
8187	0
8188	0
8189	0
8190	0
8191	0
