0	0
1	0
2	0
3	0
4	0
5	0
6	0
7	0
8	0
9	0
10	0
11	0
12	0
13	0
14	0
15	0
16	0
17	0
18	0
19	0
20	0
21	0
22	0
23	0
24	0
25	0
26	0
27	0
28	0
29	0
30	0
31	0
32	0
33	0
34	0
35	0
36	0
37	0
38	0
39	0
40	0
41	0
42	0
43	0
44	0
45	0
46	0
47	0
48	0
49	0
50	0
51	0
52	0
53	0
54	0
55	0
56	0
57	0
58	0
59	0
60	0
61	0
62	0
63	0
64	0
65	0
66	0
67	0
68	0
69	0
70	0
71	0
72	0
73	0
74	0
75	0
76	0
77	0
78	0
79	0
80	0
81	0
82	0
83	0
84	0
85	0
86	10
87	6
88	9
89	3
90	9
91	10
92	15
93	12
94	5
95	14
96	5
97	13
98	16
99	15
100	9
101	5
102	12
103	13
104	13
105	10
106	11
107	12
108	12
109	7
110	14
111	10
112	10
113	8
114	8
115	14
116	14
117	12
118	16
119	11
120	18
121	9
122	15
123	11
124	12
125	9
126	7
127	11
128	8
129	16
130	9
131	11
132	10
133	18
134	12
135	10
136	13
137	25
138	15
139	17
140	13
141	17
142	11
143	7
144	12
145	5
146	7
147	11
148	12
149	7
150	11
151	17
152	6
153	14
154	9
155	4
156	8
157	11
158	10
159	9
160	10
161	16
162	11
163	12
164	14
165	15
166	16
167	13
168	10
169	12
170	12
171	10
172	11
173	12
174	15
175	13
176	13
177	9
178	7
179	10
180	15
181	10
182	11
183	13
184	9
185	9
186	12
187	16
188	12
189	12
190	10
191	10
192	5
193	8
194	17
195	11
196	10
197	10
198	14
199	7
200	16
201	17
202	12
203	12
204	13
205	16
206	13
207	7
208	14
209	11
210	7
211	9
212	17
213	9
214	8
215	13
216	12
217	11
218	10
219	9
220	10
221	10
222	15
223	5
224	11
225	10
226	7
227	17
228	23
229	19
230	10
231	11
232	11
233	10
234	9
235	14
236	17
237	15
238	6
239	15
240	12
241	16
242	13
243	8
244	7
245	21
246	10
247	14
248	11
249	11
250	6
251	12
252	12
253	11
254	14
255	13
256	14
257	11
258	11
259	11
260	15
261	12
262	11
263	7
264	7
265	10
266	13
267	10
268	24
269	13
270	12
271	15
272	8
273	6
274	9
275	11
276	13
277	6
278	9
279	21
280	15
281	18
282	10
283	22
284	10
285	10
286	22
287	12
288	6
289	11
290	14
291	14
292	10
293	13
294	16
295	21
296	14
297	8
298	8
299	18
300	15
301	19
302	23
303	8
304	16
305	11
306	15
307	11
308	11
309	9
310	13
311	13
312	21
313	14
314	14
315	12
316	11
317	9
318	19
319	12
320	12
321	2
322	6
323	19
324	15
325	9
326	15
327	11
328	10
329	7
330	20
331	13
332	16
333	15
334	14
335	12
336	16
337	10
338	16
339	18
340	14
341	19
342	16
343	12
344	19
345	17
346	12
347	12
348	16
349	12
350	18
351	15
352	12
353	12
354	10
355	15
356	12
357	12
358	10
359	15
360	15
361	14
362	17
363	13
364	19
365	15
366	11
367	11
368	11
369	10
370	13
371	7
372	14
373	9
374	21
375	13
376	10
377	17
378	22
379	14
380	18
381	10
382	12
383	11
384	20
385	11
386	12
387	15
388	11
389	14
390	14
391	20
392	9
393	10
394	9
395	14
396	9
397	12
398	13
399	10
400	6
401	23
402	11
403	12
404	9
405	21
406	11
407	9
408	15
409	15
410	11
411	17
412	8
413	18
414	13
415	11
416	17
417	14
418	10
419	18
420	13
421	13
422	13
423	19
424	11
425	15
426	9
427	17
428	15
429	11
430	17
431	12
432	13
433	17
434	13
435	12
436	10
437	15
438	12
439	12
440	13
441	13
442	12
443	12
444	25
445	18
446	17
447	18
448	14
449	12
450	15
451	17
452	10
453	11
454	16
455	13
456	11
457	12
458	12
459	7
460	12
461	22
462	13
463	13
464	19
465	18
466	10
467	10
468	13
469	10
470	16
471	18
472	17
473	17
474	17
475	14
476	20
477	14
478	12
479	14
480	17
481	9
482	12
483	20
484	23
485	13
486	14
487	17
488	17
489	10
490	9
491	13
492	20
493	17
494	12
495	17
496	21
497	20
498	15
499	18
500	15
501	12
502	12
503	25
504	18
505	15
506	7
507	10
508	14
509	16
510	13
511	17
512	12
513	21
514	13
515	7
516	12
517	13
518	11
519	15
520	14
521	19
522	16
523	14
524	22
525	27
526	12
527	15
528	24
529	13
530	16
531	16
532	18
533	16
534	18
535	20
536	12
537	16
538	14
539	21
540	26
541	13
542	21
543	17
544	27
545	20
546	22
547	23
548	22
549	23
550	17
551	18
552	16
553	18
554	14
555	23
556	30
557	17
558	14
559	13
560	12
561	22
562	19
563	22
564	18
565	21
566	26
567	25
568	20
569	23
570	14
571	25
572	11
573	27
574	20
575	22
576	19
577	33
578	16
579	24
580	24
581	21
582	31
583	26
584	27
585	27
586	21
587	20
588	21
589	27
590	20
591	25
592	23
593	23
594	21
595	23
596	28
597	21
598	33
599	23
600	27
601	29
602	27
603	25
604	25
605	25
606	20
607	27
608	27
609	17
610	24
611	26
612	24
613	21
614	25
615	19
616	16
617	25
618	17
619	18
620	26
621	17
622	33
623	23
624	23
625	22
626	23
627	19
628	17
629	23
630	24
631	14
632	26
633	15
634	30
635	27
636	30
637	26
638	21
639	16
640	18
641	16
642	17
643	24
644	21
645	19
646	28
647	25
648	19
649	18
650	26
651	16
652	19
653	18
654	27
655	23
656	20
657	21
658	28
659	20
660	24
661	22
662	15
663	21
664	20
665	17
666	17
667	18
668	26
669	21
670	18
671	33
672	25
673	13
674	22
675	23
676	20
677	18
678	23
679	32
680	20
681	20
682	21
683	18
684	21
685	20
686	23
687	24
688	15
689	18
690	25
691	26
692	21
693	14
694	19
695	18
696	22
697	20
698	27
699	23
700	15
701	21
702	19
703	22
704	26
705	18
706	27
707	15
708	17
709	25
710	18
711	18
712	22
713	16
714	11
715	14
716	21
717	23
718	11
719	21
720	17
721	20
722	24
723	19
724	17
725	18
726	23
727	16
728	11
729	16
730	18
731	12
732	18
733	16
734	20
735	18
736	20
737	19
738	14
739	20
740	22
741	17
742	16
743	16
744	19
745	12
746	18
747	15
748	18
749	17
750	15
751	18
752	16
753	19
754	18
755	26
756	11
757	13
758	16
759	15
760	17
761	18
762	21
763	12
764	23
765	19
766	17
767	14
768	17
769	27
770	9
771	11
772	18
773	20
774	23
775	21
776	25
777	27
778	16
779	19
780	21
781	22
782	14
783	13
784	18
785	23
786	18
787	18
788	22
789	30
790	17
791	20
792	15
793	22
794	19
795	21
796	17
797	22
798	13
799	24
800	25
801	22
802	14
803	18
804	20
805	13
806	23
807	11
808	20
809	17
810	22
811	19
812	19
813	28
814	15
815	23
816	20
817	18
818	15
819	13
820	21
821	22
822	25
823	24
824	23
825	12
826	22
827	21
828	14
829	25
830	17
831	26
832	13
833	19
834	28
835	16
836	17
837	24
838	18
839	18
840	21
841	23
842	14
843	21
844	29
845	23
846	18
847	11
848	18
849	31
850	24
851	14
852	21
853	23
854	21
855	22
856	14
857	23
858	20
859	13
860	22
861	13
862	16
863	19
864	19
865	22
866	12
867	23
868	24
869	21
870	20
871	24
872	21
873	20
874	23
875	33
876	25
877	19
878	19
879	28
880	25
881	16
882	19
883	25
884	16
885	20
886	25
887	28
888	28
889	20
890	26
891	34
892	26
893	24
894	18
895	24
896	24
897	11
898	26
899	20
900	22
901	23
902	19
903	23
904	25
905	26
906	24
907	20
908	19
909	24
910	24
911	22
912	18
913	21
914	25
915	25
916	23
917	23
918	24
919	19
920	14
921	27
922	26
923	30
924	24
925	22
926	29
927	25
928	31
929	24
930	32
931	26
932	29
933	25
934	18
935	25
936	32
937	26
938	16
939	27
940	25
941	31
942	25
943	28
944	27
945	22
946	29
947	17
948	26
949	26
950	25
951	27
952	25
953	22
954	23
955	29
956	35
957	24
958	20
959	23
960	24
961	28
962	26
963	22
964	26
965	17
966	20
967	23
968	21
969	31
970	26
971	19
972	29
973	21
974	21
975	24
976	31
977	27
978	21
979	22
980	24
981	27
982	23
983	29
984	33
985	25
986	14
987	24
988	30
989	41
990	20
991	19
992	32
993	30
994	23
995	25
996	16
997	31
998	21
999	29
1000	32
1001	23
1002	29
1003	23
1004	15
1005	20
1006	40
1007	16
1008	33
1009	27
1010	21
1011	19
1012	25
1013	21
1014	33
1015	22
1016	20
1017	19
1018	27
1019	23
1020	29
1021	24
1022	15
1023	26
1024	17
1025	20
1026	28
1027	26
1028	29
1029	11
1030	23
1031	29
1032	21
1033	28
1034	20
1035	26
1036	20
1037	27
1038	26
1039	28
1040	27
1041	31
1042	26
1043	27
1044	26
1045	26
1046	27
1047	27
1048	30
1049	22
1050	25
1051	21
1052	33
1053	27
1054	38
1055	29
1056	24
1057	29
1058	31
1059	22
1060	23
1061	20
1062	27
1063	24
1064	22
1065	23
1066	27
1067	27
1068	21
1069	35
1070	31
1071	13
1072	23
1073	36
1074	25
1075	23
1076	21
1077	22
1078	24
1079	24
1080	31
1081	37
1082	19
1083	21
1084	28
1085	31
1086	29
1087	30
1088	28
1089	25
1090	23
1091	31
1092	23
1093	29
1094	29
1095	33
1096	26
1097	19
1098	26
1099	20
1100	24
1101	28
1102	22
1103	27
1104	36
1105	24
1106	15
1107	26
1108	35
1109	21
1110	20
1111	25
1112	18
1113	24
1114	19
1115	32
1116	24
1117	26
1118	27
1119	27
1120	25
1121	36
1122	29
1123	32
1124	32
1125	23
1126	14
1127	27
1128	26
1129	33
1130	27
1131	24
1132	35
1133	17
1134	23
1135	19
1136	28
1137	30
1138	34
1139	21
1140	30
1141	28
1142	29
1143	30
1144	33
1145	35
1146	32
1147	30
1148	27
1149	31
1150	23
1151	27
1152	34
1153	21
1154	34
1155	25
1156	34
1157	22
1158	32
1159	28
1160	27
1161	22
1162	32
1163	28
1164	35
1165	33
1166	35
1167	28
1168	30
1169	32
1170	27
1171	25
1172	24
1173	32
1174	32
1175	29
1176	30
1177	35
1178	30
1179	29
1180	28
1181	29
1182	29
1183	19
1184	25
1185	22
1186	28
1187	27
1188	26
1189	26
1190	35
1191	29
1192	30
1193	18
1194	35
1195	21
1196	23
1197	29
1198	23
1199	37
1200	26
1201	25
1202	30
1203	32
1204	26
1205	21
1206	28
1207	32
1208	27
1209	37
1210	26
1211	29
1212	32
1213	37
1214	24
1215	31
1216	27
1217	33
1218	22
1219	31
1220	23
1221	24
1222	29
1223	32
1224	24
1225	30
1226	27
1227	34
1228	39
1229	37
1230	31
1231	26
1232	28
1233	26
1234	35
1235	21
1236	29
1237	24
1238	23
1239	23
1240	33
1241	25
1242	35
1243	27
1244	23
1245	33
1246	27
1247	22
1248	24
1249	28
1250	29
1251	27
1252	25
1253	23
1254	28
1255	30
1256	33
1257	36
1258	30
1259	33
1260	30
1261	28
1262	31
1263	27
1264	38
1265	29
1266	39
1267	26
1268	21
1269	33
1270	28
1271	19
1272	42
1273	29
1274	32
1275	28
1276	27
1277	27
1278	28
1279	32
1280	31
1281	25
1282	28
1283	39
1284	32
1285	23
1286	28
1287	27
1288	36
1289	25
1290	28
1291	23
1292	27
1293	36
1294	32
1295	30
1296	30
1297	30
1298	33
1299	26
1300	33
1301	26
1302	38
1303	36
1304	27
1305	31
1306	43
1307	32
1308	31
1309	30
1310	32
1311	22
1312	23
1313	35
1314	28
1315	18
1316	33
1317	32
1318	31
1319	32
1320	32
1321	22
1322	22
1323	34
1324	36
1325	34
1326	37
1327	30
1328	30
1329	24
1330	29
1331	36
1332	43
1333	35
1334	29
1335	30
1336	40
1337	25
1338	26
1339	27
1340	29
1341	25
1342	35
1343	32
1344	26
1345	25
1346	32
1347	34
1348	41
1349	27
1350	30
1351	36
1352	34
1353	31
1354	20
1355	20
1356	18
1357	39
1358	32
1359	30
1360	29
1361	33
1362	31
1363	28
1364	27
1365	28
1366	28
1367	28
1368	34
1369	26
1370	33
1371	29
1372	47
1373	29
1374	35
1375	24
1376	34
1377	24
1378	34
1379	38
1380	42
1381	49
1382	29
1383	42
1384	27
1385	33
1386	44
1387	25
1388	27
1389	31
1390	20
1391	37
1392	27
1393	34
1394	32
1395	37
1396	36
1397	26
1398	25
1399	30
1400	29
1401	31
1402	29
1403	31
1404	30
1405	33
1406	41
1407	32
1408	29
1409	36
1410	34
1411	35
1412	36
1413	47
1414	31
1415	29
1416	30
1417	34
1418	29
1419	27
1420	33
1421	42
1422	42
1423	37
1424	33
1425	38
1426	28
1427	33
1428	26
1429	34
1430	23
1431	27
1432	33
1433	24
1434	41
1435	24
1436	28
1437	26
1438	32
1439	40
1440	40
1441	39
1442	27
1443	31
1444	27
1445	30
1446	23
1447	36
1448	29
1449	31
1450	35
1451	26
1452	24
1453	23
1454	36
1455	34
1456	34
1457	44
1458	30
1459	45
1460	31
1461	34
1462	32
1463	29
1464	24
1465	37
1466	22
1467	30
1468	33
1469	32
1470	34
1471	22
1472	24
1473	31
1474	26
1475	39
1476	31
1477	31
1478	33
1479	22
1480	47
1481	35
1482	31
1483	42
1484	21
1485	38
1486	36
1487	29
1488	37
1489	31
1490	36
1491	17
1492	34
1493	34
1494	31
1495	22
1496	31
1497	26
1498	36
1499	38
1500	30
1501	29
1502	32
1503	34
1504	31
1505	26
1506	34
1507	22
1508	31
1509	36
1510	31
1511	32
1512	22
1513	24
1514	23
1515	28
1516	24
1517	21
1518	32
1519	35
1520	28
1521	26
1522	32
1523	32
1524	36
1525	35
1526	32
1527	29
1528	24
1529	27
1530	22
1531	26
1532	32
1533	27
1534	24
1535	21
1536	28
1537	28
1538	34
1539	29
1540	28
1541	31
1542	28
1543	30
1544	26
1545	25
1546	34
1547	44
1548	35
1549	35
1550	31
1551	35
1552	32
1553	20
1554	29
1555	38
1556	35
1557	40
1558	33
1559	33
1560	29
1561	24
1562	34
1563	31
1564	30
1565	30
1566	22
1567	30
1568	29
1569	39
1570	26
1571	29
1572	29
1573	29
1574	32
1575	24
1576	22
1577	21
1578	27
1579	31
1580	24
1581	33
1582	24
1583	28
1584	33
1585	38
1586	26
1587	34
1588	25
1589	29
1590	20
1591	22
1592	31
1593	33
1594	23
1595	30
1596	22
1597	28
1598	20
1599	24
1600	26
1601	20
1602	27
1603	37
1604	26
1605	34
1606	27
1607	26
1608	27
1609	26
1610	21
1611	27
1612	28
1613	40
1614	29
1615	25
1616	25
1617	33
1618	26
1619	30
1620	39
1621	25
1622	26
1623	40
1624	31
1625	29
1626	31
1627	20
1628	32
1629	29
1630	23
1631	28
1632	28
1633	26
1634	26
1635	34
1636	22
1637	22
1638	26
1639	28
1640	22
1641	36
1642	27
1643	26
1644	33
1645	17
1646	24
1647	34
1648	18
1649	29
1650	21
1651	34
1652	25
1653	27
1654	26
1655	16
1656	17
1657	21
1658	22
1659	23
1660	40
1661	30
1662	29
1663	33
1664	27
1665	28
1666	26
1667	30
1668	22
1669	23
1670	21
1671	17
1672	21
1673	30
1674	25
1675	25
1676	27
1677	25
1678	19
1679	26
1680	23
1681	26
1682	38
1683	28
1684	20
1685	27
1686	34
1687	27
1688	33
1689	37
1690	26
1691	35
1692	26
1693	23
1694	25
1695	27
1696	30
1697	23
1698	23
1699	29
1700	31
1701	26
1702	31
1703	35
1704	28
1705	19
1706	22
1707	33
1708	23
1709	25
1710	24
1711	23
1712	22
1713	26
1714	28
1715	32
1716	26
1717	23
1718	34
1719	26
1720	29
1721	21
1722	16
1723	19
1724	19
1725	24
1726	24
1727	32
1728	31
1729	24
1730	26
1731	19
1732	29
1733	21
1734	24
1735	29
1736	23
1737	14
1738	32
1739	25
1740	26
1741	20
1742	20
1743	21
1744	17
1745	23
1746	33
1747	28
1748	33
1749	21
1750	19
1751	23
1752	22
1753	26
1754	22
1755	19
1756	18
1757	27
1758	21
1759	25
1760	25
1761	28
1762	32
1763	24
1764	26
1765	17
1766	21
1767	30
1768	30
1769	21
1770	22
1771	29
1772	19
1773	32
1774	16
1775	34
1776	26
1777	24
1778	24
1779	27
1780	32
1781	25
1782	25
1783	22
1784	30
1785	32
1786	25
1787	25
1788	19
1789	25
1790	23
1791	27
1792	25
1793	15
1794	22
1795	17
1796	16
1797	37
1798	22
1799	16
1800	24
1801	22
1802	36
1803	29
1804	21
1805	25
1806	19
1807	19
1808	30
1809	20
1810	30
1811	23
1812	28
1813	30
1814	25
1815	28
1816	22
1817	17
1818	23
1819	17
1820	20
1821	32
1822	22
1823	19
1824	31
1825	13
1826	24
1827	25
1828	22
1829	18
1830	26
1831	18
1832	20
1833	19
1834	23
1835	22
1836	20
1837	24
1838	24
1839	23
1840	32
1841	21
1842	28
1843	19
1844	27
1845	22
1846	29
1847	20
1848	24
1849	25
1850	19
1851	27
1852	26
1853	26
1854	24
1855	24
1856	15
1857	28
1858	33
1859	27
1860	18
1861	23
1862	28
1863	26
1864	17
1865	24
1866	22
1867	28
1868	19
1869	30
1870	20
1871	18
1872	19
1873	23
1874	29
1875	28
1876	22
1877	19
1878	19
1879	18
1880	24
1881	22
1882	31
1883	21
1884	8
1885	19
1886	22
1887	23
1888	19
1889	22
1890	23
1891	17
1892	15
1893	28
1894	21
1895	16
1896	19
1897	23
1898	22
1899	16
1900	29
1901	21
1902	28
1903	23
1904	18
1905	16
1906	16
1907	40
1908	21
1909	20
1910	31
1911	20
1912	24
1913	22
1914	12
1915	22
1916	14
1917	25
1918	19
1919	21
1920	17
1921	23
1922	22
1923	32
1924	18
1925	15
1926	21
1927	19
1928	25
1929	24
1930	20
1931	21
1932	18
1933	27
1934	23
1935	18
1936	20
1937	22
1938	27
1939	16
1940	19
1941	19
1942	15
1943	25
1944	32
1945	14
1946	17
1947	25
1948	20
1949	25
1950	26
1951	23
1952	16
1953	19
1954	23
1955	13
1956	16
1957	17
1958	14
1959	25
1960	17
1961	19
1962	30
1963	24
1964	21
1965	23
1966	18
1967	22
1968	25
1969	21
1970	18
1971	17
1972	19
1973	22
1974	17
1975	17
1976	32
1977	22
1978	23
1979	34
1980	15
1981	25
1982	19
1983	36
1984	26
1985	26
1986	22
1987	24
1988	18
1989	28
1990	24
1991	25
1992	18
1993	27
1994	22
1995	24
1996	19
1997	17
1998	23
1999	20
2000	20
2001	18
2002	18
2003	26
2004	24
2005	28
2006	23
2007	21
2008	15
2009	12
2010	18
2011	17
2012	23
2013	19
2014	19
2015	22
2016	14
2017	20
2018	26
2019	21
2020	25
2021	15
2022	20
2023	17
2024	19
2025	20
2026	25
2027	24
2028	20
2029	23
2030	15
2031	19
2032	21
2033	24
2034	24
2035	20
2036	22
2037	24
2038	15
2039	25
2040	12
2041	15
2042	18
2043	25
2044	11
2045	18
2046	31
2047	16
2048	26
2049	28
2050	19
2051	23
2052	26
2053	23
2054	16
2055	25
2056	11
2057	20
2058	13
2059	17
2060	22
2061	22
2062	26
2063	23
2064	16
2065	21
2066	33
2067	20
2068	15
2069	21
2070	10
2071	19
2072	26
2073	20
2074	12
2075	29
2076	20
2077	25
2078	14
2079	18
2080	23
2081	15
2082	15
2083	21
2084	22
2085	18
2086	17
2087	12
2088	29
2089	15
2090	17
2091	21
2092	22
2093	16
2094	17
2095	16
2096	17
2097	16
2098	17
2099	19
2100	10
2101	15
2102	19
2103	19
2104	14
2105	16
2106	15
2107	17
2108	20
2109	18
2110	13
2111	19
2112	17
2113	20
2114	19
2115	24
2116	29
2117	25
2118	15
2119	15
2120	16
2121	17
2122	21
2123	22
2124	26
2125	23
2126	17
2127	30
2128	18
2129	13
2130	17
2131	24
2132	21
2133	23
2134	20
2135	23
2136	28
2137	20
2138	18
2139	14
2140	13
2141	13
2142	27
2143	17
2144	17
2145	25
2146	13
2147	9
2148	18
2149	19
2150	16
2151	14
2152	18
2153	14
2154	16
2155	9
2156	20
2157	20
2158	19
2159	14
2160	20
2161	22
2162	14
2163	23
2164	18
2165	21
2166	15
2167	18
2168	26
2169	12
2170	15
2171	27
2172	29
2173	18
2174	23
2175	14
2176	16
2177	21
2178	18
2179	22
2180	22
2181	16
2182	28
2183	20
2184	21
2185	33
2186	18
2187	16
2188	30
2189	13
2190	15
2191	20
2192	18
2193	26
2194	19
2195	22
2196	21
2197	21
2198	23
2199	20
2200	21
2201	23
2202	19
2203	14
2204	14
2205	13
2206	19
2207	17
2208	14
2209	16
2210	21
2211	18
2212	17
2213	26
2214	15
2215	13
2216	20
2217	12
2218	25
2219	15
2220	17
2221	18
2222	22
2223	22
2224	21
2225	9
2226	23
2227	17
2228	15
2229	16
2230	12
2231	21
2232	25
2233	19
2234	20
2235	17
2236	14
2237	18
2238	16
2239	26
2240	15
2241	22
2242	19
2243	23
2244	24
2245	25
2246	15
2247	18
2248	13
2249	22
2250	15
2251	16
2252	24
2253	11
2254	17
2255	14
2256	13
2257	18
2258	16
2259	17
2260	23
2261	15
2262	18
2263	20
2264	21
2265	22
2266	18
2267	18
2268	17
2269	20
2270	20
2271	17
2272	19
2273	18
2274	16
2275	19
2276	12
2277	16
2278	19
2279	18
2280	18
2281	9
2282	21
2283	16
2284	21
2285	20
2286	20
2287	22
2288	18
2289	14
2290	17
2291	20
2292	21
2293	22
2294	18
2295	20
2296	27
2297	17
2298	11
2299	17
2300	9
2301	17
2302	13
2303	13
2304	12
2305	17
2306	20
2307	22
2308	31
2309	10
2310	21
2311	15
2312	19
2313	24
2314	18
2315	20
2316	17
2317	18
2318	18
2319	20
2320	12
2321	13
2322	29
2323	19
2324	19
2325	21
2326	12
2327	19
2328	19
2329	21
2330	19
2331	16
2332	16
2333	14
2334	17
2335	18
2336	24
2337	19
2338	21
2339	17
2340	21
2341	12
2342	12
2343	21
2344	18
2345	16
2346	16
2347	15
2348	13
2349	18
2350	21
2351	31
2352	13
2353	15
2354	28
2355	19
2356	16
2357	20
2358	15
2359	16
2360	10
2361	12
2362	14
2363	21
2364	15
2365	10
2366	14
2367	22
2368	14
2369	15
2370	14
2371	13
2372	21
2373	15
2374	13
2375	16
2376	15
2377	18
2378	22
2379	17
2380	22
2381	18
2382	18
2383	13
2384	24
2385	19
2386	21
2387	19
2388	23
2389	14
2390	18
2391	18
2392	20
2393	19
2394	22
2395	21
2396	19
2397	19
2398	18
2399	16
2400	16
2401	18
2402	14
2403	21
2404	12
2405	21
2406	18
2407	13
2408	22
2409	15
2410	13
2411	17
2412	21
2413	10
2414	19
2415	21
2416	15
2417	8
2418	25
2419	24
2420	16
2421	17
2422	14
2423	16
2424	19
2425	17
2426	18
2427	15
2428	15
2429	17
2430	13
2431	23
2432	15
2433	18
2434	19
2435	13
2436	16
2437	20
2438	18
2439	18
2440	16
2441	17
2442	19
2443	19
2444	20
2445	18
2446	17
2447	10
2448	14
2449	18
2450	20
2451	17
2452	10
2453	9
2454	13
2455	19
2456	13
2457	18
2458	17
2459	13
2460	16
2461	14
2462	17
2463	22
2464	23
2465	16
2466	8
2467	20
2468	21
2469	15
2470	16
2471	9
2472	16
2473	16
2474	20
2475	17
2476	15
2477	15
2478	21
2479	19
2480	16
2481	24
2482	20
2483	13
2484	11
2485	16
2486	20
2487	17
2488	19
2489	18
2490	14
2491	17
2492	16
2493	13
2494	8
2495	17
2496	15
2497	26
2498	14
2499	17
2500	13
2501	13
2502	16
2503	9
2504	23
2505	21
2506	23
2507	22
2508	12
2509	12
2510	16
2511	21
2512	15
2513	21
2514	20
2515	21
2516	23
2517	16
2518	5
2519	20
2520	8
2521	19
2522	21
2523	14
2524	13
2525	21
2526	14
2527	17
2528	7
2529	14
2530	12
2531	13
2532	16
2533	15
2534	12
2535	9
2536	11
2537	17
2538	19
2539	14
2540	15
2541	21
2542	15
2543	18
2544	19
2545	30
2546	20
2547	23
2548	16
2549	16
2550	16
2551	28
2552	20
2553	21
2554	22
2555	14
2556	11
2557	16
2558	18
2559	9
2560	10
2561	15
2562	22
2563	14
2564	15
2565	13
2566	10
2567	17
2568	14
2569	17
2570	19
2571	20
2572	14
2573	12
2574	12
2575	17
2576	16
2577	15
2578	11
2579	11
2580	13
2581	17
2582	9
2583	15
2584	10
2585	15
2586	12
2587	9
2588	13
2589	12
2590	15
2591	8
2592	13
2593	16
2594	20
2595	13
2596	16
2597	17
2598	15
2599	24
2600	17
2601	13
2602	10
2603	15
2604	16
2605	17
2606	11
2607	15
2608	16
2609	16
2610	19
2611	16
2612	15
2613	23
2614	19
2615	15
2616	13
2617	21
2618	21
2619	17
2620	26
2621	13
2622	17
2623	15
2624	11
2625	8
2626	22
2627	21
2628	16
2629	19
2630	13
2631	21
2632	15
2633	12
2634	19
2635	20
2636	22
2637	15
2638	11
2639	10
2640	18
2641	15
2642	10
2643	10
2644	11
2645	19
2646	11
2647	17
2648	10
2649	27
2650	19
2651	22
2652	17
2653	13
2654	18
2655	11
2656	20
2657	12
2658	17
2659	16
2660	24
2661	17
2662	19
2663	14
2664	24
2665	16
2666	17
2667	15
2668	19
2669	14
2670	11
2671	13
2672	15
2673	15
2674	13
2675	15
2676	14
2677	17
2678	16
2679	15
2680	13
2681	19
2682	15
2683	14
2684	10
2685	14
2686	22
2687	11
2688	19
2689	17
2690	18
2691	13
2692	10
2693	10
2694	10
2695	18
2696	15
2697	8
2698	14
2699	9
2700	13
2701	12
2702	9
2703	19
2704	11
2705	13
2706	11
2707	18
2708	21
2709	14
2710	17
2711	17
2712	13
2713	13
2714	17
2715	12
2716	18
2717	18
2718	10
2719	18
2720	18
2721	11
2722	11
2723	17
2724	11
2725	13
2726	18
2727	20
2728	5
2729	21
2730	14
2731	15
2732	17
2733	11
2734	26
2735	11
2736	17
2737	13
2738	17
2739	15
2740	11
2741	6
2742	8
2743	15
2744	19
2745	16
2746	10
2747	17
2748	14
2749	12
2750	15
2751	13
2752	11
2753	13
2754	16
2755	19
2756	20
2757	12
2758	13
2759	11
2760	20
2761	13
2762	21
2763	13
2764	18
2765	9
2766	14
2767	12
2768	15
2769	9
2770	9
2771	20
2772	22
2773	20
2774	17
2775	17
2776	12
2777	6
2778	18
2779	20
2780	15
2781	23
2782	12
2783	14
2784	16
2785	12
2786	18
2787	18
2788	14
2789	14
2790	18
2791	18
2792	13
2793	16
2794	18
2795	23
2796	15
2797	16
2798	14
2799	15
2800	16
2801	12
2802	16
2803	12
2804	18
2805	14
2806	16
2807	18
2808	17
2809	20
2810	10
2811	14
2812	13
2813	11
2814	13
2815	11
2816	10
2817	16
2818	13
2819	12
2820	14
2821	18
2822	15
2823	7
2824	12
2825	11
2826	12
2827	13
2828	19
2829	20
2830	11
2831	16
2832	17
2833	18
2834	16
2835	6
2836	14
2837	10
2838	15
2839	16
2840	15
2841	11
2842	9
2843	13
2844	14
2845	16
2846	14
2847	22
2848	12
2849	18
2850	21
2851	14
2852	20
2853	11
2854	14
2855	8
2856	16
2857	12
2858	14
2859	15
2860	17
2861	20
2862	11
2863	18
2864	13
2865	9
2866	16
2867	15
2868	12
2869	13
2870	16
2871	13
2872	9
2873	10
2874	17
2875	19
2876	12
2877	14
2878	14
2879	19
2880	15
2881	18
2882	17
2883	12
2884	9
2885	14
2886	15
2887	11
2888	13
2889	8
2890	20
2891	18
2892	17
2893	11
2894	16
2895	12
2896	11
2897	16
2898	15
2899	19
2900	18
2901	12
2902	16
2903	13
2904	15
2905	12
2906	12
2907	12
2908	10
2909	10
2910	11
2911	16
2912	12
2913	7
2914	18
2915	12
2916	12
2917	20
2918	22
2919	9
2920	15
2921	20
2922	15
2923	16
2924	10
2925	14
2926	13
2927	16
2928	13
2929	13
2930	9
2931	20
2932	15
2933	21
2934	15
2935	15
2936	11
2937	15
2938	12
2939	8
2940	13
2941	15
2942	9
2943	14
2944	10
2945	13
2946	7
2947	13
2948	11
2949	18
2950	7
2951	16
2952	14
2953	12
2954	14
2955	14
2956	22
2957	12
2958	22
2959	17
2960	18
2961	13
2962	16
2963	12
2964	16
2965	16
2966	23
2967	9
2968	13
2969	19
2970	10
2971	17
2972	14
2973	10
2974	13
2975	18
2976	13
2977	9
2978	16
2979	17
2980	11
2981	10
2982	14
2983	12
2984	16
2985	13
2986	15
2987	23
2988	14
2989	12
2990	17
2991	18
2992	12
2993	12
2994	15
2995	5
2996	11
2997	16
2998	10
2999	18
3000	11
3001	17
3002	15
3003	19
3004	18
3005	16
3006	8
3007	12
3008	9
3009	17
3010	15
3011	8
3012	19
3013	17
3014	14
3015	16
3016	12
3017	12
3018	13
3019	11
3020	16
3021	8
3022	13
3023	14
3024	18
3025	19
3026	9
3027	13
3028	17
3029	17
3030	7
3031	10
3032	17
3033	13
3034	18
3035	15
3036	15
3037	21
3038	6
3039	12
3040	15
3041	12
3042	13
3043	9
3044	11
3045	18
3046	10
3047	11
3048	14
3049	11
3050	12
3051	17
3052	14
3053	15
3054	6
3055	16
3056	11
3057	19
3058	16
3059	17
3060	13
3061	16
3062	13
3063	15
3064	19
3065	13
3066	11
3067	10
3068	16
3069	15
3070	15
3071	19
3072	16
3073	11
3074	15
3075	15
3076	19
3077	19
3078	12
3079	13
3080	18
3081	9
3082	15
3083	10
3084	12
3085	18
3086	11
3087	13
3088	13
3089	13
3090	6
3091	7
3092	11
3093	10
3094	15
3095	10
3096	15
3097	12
3098	13
3099	12
3100	10
3101	9
3102	19
3103	11
3104	16
3105	20
3106	16
3107	14
3108	16
3109	21
3110	11
3111	16
3112	6
3113	17
3114	8
3115	19
3116	15
3117	16
3118	14
3119	13
3120	7
3121	11
3122	13
3123	7
3124	13
3125	16
3126	19
3127	18
3128	19
3129	17
3130	16
3131	18
3132	14
3133	11
3134	16
3135	12
3136	17
3137	16
3138	13
3139	17
3140	18
3141	19
3142	19
3143	9
3144	16
3145	11
3146	13
3147	13
3148	14
3149	11
3150	6
3151	11
3152	10
3153	13
3154	19
3155	11
3156	12
3157	15
3158	9
3159	12
3160	13
3161	13
3162	7
3163	19
3164	15
3165	14
3166	14
3167	14
3168	14
3169	14
3170	12
3171	12
3172	7
3173	13
3174	14
3175	18
3176	15
3177	14
3178	17
3179	13
3180	16
3181	15
3182	7
3183	15
3184	12
3185	14
3186	13
3187	15
3188	12
3189	14
3190	13
3191	7
3192	5
3193	7
3194	11
3195	16
3196	9
3197	15
3198	19
3199	10
3200	9
3201	14
3202	11
3203	9
3204	5
3205	16
3206	19
3207	11
3208	23
3209	17
3210	10
3211	18
3212	12
3213	16
3214	12
3215	6
3216	5
3217	18
3218	12
3219	12
3220	9
3221	15
3222	6
3223	15
3224	16
3225	10
3226	18
3227	10
3228	10
3229	8
3230	18
3231	12
3232	12
3233	14
3234	12
3235	12
3236	10
3237	10
3238	16
3239	11
3240	17
3241	8
3242	9
3243	13
3244	14
3245	15
3246	14
3247	10
3248	15
3249	14
3250	17
3251	10
3252	14
3253	5
3254	12
3255	9
3256	10
3257	14
3258	16
3259	17
3260	21
3261	9
3262	12
3263	9
3264	17
3265	13
3266	11
3267	11
3268	16
3269	13
3270	11
3271	16
3272	8
3273	13
3274	18
3275	9
3276	14
3277	13
3278	8
3279	10
3280	14
3281	8
3282	13
3283	16
3284	13
3285	18
3286	13
3287	10
3288	13
3289	10
3290	18
3291	14
3292	10
3293	11
3294	6
3295	13
3296	11
3297	15
3298	16
3299	7
3300	6
3301	13
3302	9
3303	14
3304	12
3305	12
3306	13
3307	13
3308	13
3309	9
3310	13
3311	12
3312	11
3313	8
3314	16
3315	14
3316	7
3317	15
3318	13
3319	8
3320	13
3321	13
3322	11
3323	9
3324	10
3325	6
3326	13
3327	14
3328	18
3329	15
3330	12
3331	14
3332	10
3333	9
3334	11
3335	11
3336	12
3337	9
3338	16
3339	13
3340	8
3341	17
3342	13
3343	13
3344	11
3345	12
3346	12
3347	18
3348	3
3349	7
3350	12
3351	12
3352	16
3353	6
3354	8
3355	13
3356	10
3357	12
3358	4
3359	8
3360	7
3361	13
3362	8
3363	11
3364	4
3365	11
3366	9
3367	9
3368	11
3369	15
3370	15
3371	11
3372	19
3373	10
3374	8
3375	10
3376	8
3377	8
3378	7
3379	9
3380	8
3381	14
3382	8
3383	12
3384	8
3385	10
3386	15
3387	10
3388	11
3389	13
3390	9
3391	15
3392	9
3393	10
3394	16
3395	16
3396	20
3397	11
3398	11
3399	15
3400	11
3401	10
3402	9
3403	16
3404	12
3405	12
3406	12
3407	9
3408	13
3409	15
3410	18
3411	13
3412	14
3413	12
3414	15
3415	6
3416	14
3417	11
3418	6
3419	14
3420	17
3421	13
3422	5
3423	19
3424	14
3425	7
3426	10
3427	11
3428	11
3429	7
3430	10
3431	17
3432	10
3433	11
3434	11
3435	17
3436	7
3437	9
3438	8
3439	9
3440	10
3441	8
3442	12
3443	8
3444	11
3445	15
3446	9
3447	19
3448	5
3449	10
3450	18
3451	17
3452	10
3453	9
3454	18
3455	5
3456	12
3457	12
3458	11
3459	8
3460	7
3461	10
3462	9
3463	3
3464	10
3465	12
3466	13
3467	14
3468	11
3469	11
3470	6
3471	13
3472	12
3473	10
3474	11
3475	8
3476	16
3477	10
3478	13
3479	11
3480	14
3481	12
3482	9
3483	11
3484	12
3485	8
3486	7
3487	12
3488	11
3489	12
3490	8
3491	11
3492	7
3493	10
3494	17
3495	13
3496	12
3497	9
3498	15
3499	18
3500	11
3501	6
3502	12
3503	13
3504	12
3505	13
3506	8
3507	9
3508	7
3509	11
3510	9
3511	15
3512	11
3513	12
3514	15
3515	13
3516	14
3517	13
3518	10
3519	7
3520	9
3521	9
3522	8
3523	11
3524	17
3525	9
3526	16
3527	7
3528	11
3529	14
3530	16
3531	7
3532	12
3533	11
3534	9
3535	18
3536	8
3537	16
3538	11
3539	11
3540	9
3541	14
3542	10
3543	13
3544	12
3545	5
3546	10
3547	8
3548	10
3549	10
3550	15
3551	10
3552	11
3553	14
3554	11
3555	10
3556	14
3557	16
3558	10
3559	12
3560	13
3561	9
3562	13
3563	14
3564	8
3565	11
3566	10
3567	10
3568	14
3569	14
3570	7
3571	17
3572	8
3573	13
3574	16
3575	10
3576	13
3577	13
3578	12
3579	15
3580	10
3581	17
3582	13
3583	10
3584	6
3585	9
3586	9
3587	15
3588	12
3589	14
3590	8
3591	10
3592	6
3593	11
3594	11
3595	16
3596	12
3597	13
3598	8
3599	14
3600	8
3601	10
3602	11
3603	13
3604	13
3605	11
3606	12
3607	19
3608	13
3609	15
3610	15
3611	7
3612	12
3613	13
3614	11
3615	20
3616	10
3617	14
3618	7
3619	17
3620	10
3621	13
3622	16
3623	13
3624	11
3625	11
3626	16
3627	12
3628	17
3629	11
3630	15
3631	8
3632	7
3633	14
3634	7
3635	6
3636	7
3637	15
3638	14
3639	8
3640	9
3641	16
3642	7
3643	11
3644	8
3645	11
3646	10
3647	9
3648	15
3649	13
3650	9
3651	13
3652	6
3653	11
3654	16
3655	15
3656	9
3657	12
3658	9
3659	14
3660	15
3661	21
3662	8
3663	15
3664	8
3665	8
3666	6
3667	5
3668	5
3669	7
3670	7
3671	11
3672	7
3673	11
3674	12
3675	12
3676	13
3677	17
3678	16
3679	7
3680	11
3681	13
3682	16
3683	15
3684	8
3685	14
3686	9
3687	12
3688	7
3689	9
3690	8
3691	10
3692	11
3693	9
3694	9
3695	15
3696	14
3697	10
3698	11
3699	11
3700	10
3701	11
3702	11
3703	9
3704	7
3705	13
3706	15
3707	6
3708	7
3709	15
3710	12
3711	14
3712	14
3713	12
3714	16
3715	14
3716	5
3717	17
3718	8
3719	8
3720	10
3721	9
3722	11
3723	8
3724	12
3725	14
3726	11
3727	11
3728	5
3729	9
3730	10
3731	19
3732	10
3733	12
3734	7
3735	9
3736	10
3737	10
3738	12
3739	9
3740	13
3741	6
3742	11
3743	9
3744	15
3745	11
3746	11
3747	12
3748	13
3749	9
3750	11
3751	9
3752	12
3753	14
3754	10
3755	12
3756	7
3757	13
3758	12
3759	9
3760	5
3761	13
3762	5
3763	11
3764	9
3765	12
3766	11
3767	11
3768	14
3769	14
3770	20
3771	12
3772	12
3773	13
3774	8
3775	11
3776	8
3777	11
3778	9
3779	13
3780	14
3781	19
3782	14
3783	10
3784	6
3785	11
3786	12
3787	8
3788	12
3789	9
3790	15
3791	11
3792	10
3793	8
3794	5
3795	12
3796	12
3797	13
3798	13
3799	8
3800	13
3801	15
3802	16
3803	10
3804	13
3805	10
3806	13
3807	14
3808	12
3809	11
3810	6
3811	13
3812	10
3813	8
3814	9
3815	12
3816	16
3817	5
3818	18
3819	12
3820	7
3821	14
3822	11
3823	7
3824	9
3825	11
3826	7
3827	12
3828	6
3829	12
3830	11
3831	14
3832	9
3833	8
3834	14
3835	16
3836	16
3837	19
3838	8
3839	14
3840	10
3841	14
3842	12
3843	9
3844	9
3845	16
3846	8
3847	7
3848	11
3849	8
3850	16
3851	12
3852	11
3853	17
3854	7
3855	16
3856	4
3857	11
3858	10
3859	10
3860	8
3861	11
3862	17
3863	11
3864	7
3865	8
3866	12
3867	10
3868	9
3869	10
3870	5
3871	11
3872	10
3873	10
3874	11
3875	15
3876	8
3877	13
3878	3
3879	12
3880	11
3881	11
3882	9
3883	5
3884	16
3885	17
3886	8
3887	9
3888	7
3889	10
3890	12
3891	10
3892	14
3893	6
3894	13
3895	14
3896	10
3897	15
3898	13
3899	6
3900	9
3901	11
3902	7
3903	17
3904	16
3905	11
3906	7
3907	6
3908	7
3909	12
3910	7
3911	7
3912	15
3913	10
3914	19
3915	9
3916	10
3917	14
3918	6
3919	12
3920	13
3921	11
3922	16
3923	10
3924	14
3925	15
3926	19
3927	8
3928	19
3929	13
3930	10
3931	8
3932	9
3933	7
3934	10
3935	15
3936	10
3937	10
3938	9
3939	16
3940	17
3941	11
3942	6
3943	16
3944	13
3945	12
3946	11
3947	9
3948	14
3949	12
3950	8
3951	16
3952	8
3953	9
3954	8
3955	14
3956	8
3957	10
3958	7
3959	6
3960	12
3961	9
3962	8
3963	7
3964	8
3965	13
3966	10
3967	8
3968	9
3969	18
3970	15
3971	13
3972	8
3973	17
3974	10
3975	6
3976	13
3977	15
3978	15
3979	12
3980	10
3981	14
3982	14
3983	11
3984	12
3985	14
3986	9
3987	9
3988	16
3989	9
3990	12
3991	13
3992	13
3993	11
3994	14
3995	13
3996	2
3997	14
3998	11
3999	9
4000	17
4001	14
4002	10
4003	8
4004	10
4005	7
4006	7
4007	8
4008	11
4009	11
4010	14
4011	2
4012	14
4013	6
4014	11
4015	16
4016	8
4017	13
4018	11
4019	10
4020	12
4021	13
4022	8
4023	9
4024	11
4025	16
4026	10
4027	13
4028	15
4029	9
4030	9
4031	10
4032	10
4033	10
4034	11
4035	8
4036	14
4037	8
4038	18
4039	15
4040	5
4041	14
4042	13
4043	18
4044	8
4045	12
4046	11
4047	9
4048	11
4049	9
4050	9
4051	17
4052	13
4053	17
4054	12
4055	9
4056	13
4057	12
4058	9
4059	9
4060	10
4061	16
4062	11
4063	13
4064	6
4065	11
4066	9
4067	12
4068	19
4069	14
4070	12
4071	8
4072	15
4073	15
4074	13
4075	15
4076	12
4077	9
4078	7
4079	14
4080	13
4081	12
4082	10
4083	7
4084	10
4085	8
4086	13
4087	12
4088	8
4089	13
4090	8
4091	12
4092	10
4093	12
4094	7
4095	5
4096	11
4097	11
4098	10
4099	13
4100	11
4101	9
4102	13
4103	14
4104	8
4105	11
4106	9
4107	8
4108	14
4109	13
4110	13
4111	10
4112	17
4113	7
4114	16
4115	14
4116	16
4117	9
4118	15
4119	5
4120	14
4121	12
4122	9
4123	12
4124	11
4125	10
4126	15
4127	15
4128	14
4129	6
4130	9
4131	11
4132	16
4133	4
4134	15
4135	11
4136	19
4137	10
4138	16
4139	14
4140	17
4141	17
4142	12
4143	9
4144	16
4145	9
4146	8
4147	9
4148	11
4149	9
4150	18
4151	6
4152	17
4153	6
4154	11
4155	12
4156	6
4157	7
4158	10
4159	4
4160	13
4161	11
4162	14
4163	12
4164	13
4165	9
4166	13
4167	8
4168	19
4169	13
4170	26
4171	15
4172	9
4173	14
4174	7
4175	16
4176	19
4177	11
4178	15
4179	10
4180	14
4181	16
4182	10
4183	8
4184	14
4185	11
4186	11
4187	13
4188	13
4189	15
4190	8
4191	11
4192	10
4193	11
4194	11
4195	4
4196	8
4197	13
4198	11
4199	12
4200	10
4201	14
4202	13
4203	12
4204	7
4205	5
4206	13
4207	11
4208	10
4209	18
4210	13
4211	13
4212	6
4213	17
4214	16
4215	14
4216	11
4217	16
4218	12
4219	13
4220	10
4221	10
4222	10
4223	12
4224	12
4225	7
4226	14
4227	19
4228	12
4229	10
4230	8
4231	6
4232	16
4233	12
4234	11
4235	13
4236	12
4237	13
4238	12
4239	17
4240	8
4241	17
4242	11
4243	17
4244	10
4245	9
4246	7
4247	10
4248	16
4249	13
4250	14
4251	13
4252	18
4253	10
4254	10
4255	15
4256	17
4257	16
4258	16
4259	9
4260	10
4261	12
4262	15
4263	12
4264	10
4265	12
4266	10
4267	7
4268	12
4269	14
4270	13
4271	9
4272	16
4273	9
4274	18
4275	14
4276	10
4277	10
4278	13
4279	12
4280	11
4281	15
4282	13
4283	9
4284	11
4285	16
4286	14
4287	13
4288	10
4289	18
4290	10
4291	13
4292	13
4293	18
4294	14
4295	12
4296	11
4297	9
4298	9
4299	15
4300	13
4301	18
4302	14
4303	15
4304	21
4305	10
4306	16
4307	14
4308	16
4309	20
4310	11
4311	12
4312	16
4313	16
4314	8
4315	12
4316	9
4317	16
4318	7
4319	14
4320	15
4321	17
4322	11
4323	13
4324	11
4325	14
4326	12
4327	11
4328	15
4329	14
4330	9
4331	11
4332	18
4333	13
4334	13
4335	19
4336	12
4337	11
4338	13
4339	9
4340	11
4341	3
4342	13
4343	19
4344	7
4345	7
4346	10
4347	7
4348	13
4349	12
4350	14
4351	16
4352	13
4353	15
4354	19
4355	13
4356	15
4357	15
4358	14
4359	14
4360	18
4361	14
4362	8
4363	15
4364	9
4365	18
4366	12
4367	20
4368	17
4369	18
4370	17
4371	14
4372	10
4373	13
4374	12
4375	17
4376	12
4377	13
4378	14
4379	18
4380	18
4381	22
4382	14
4383	13
4384	11
4385	12
4386	7
4387	9
4388	6
4389	12
4390	11
4391	9
4392	14
4393	17
4394	15
4395	12
4396	16
4397	18
4398	19
4399	17
4400	6
4401	12
4402	14
4403	14
4404	8
4405	9
4406	16
4407	12
4408	15
4409	12
4410	6
4411	9
4412	8
4413	15
4414	18
4415	7
4416	13
4417	11
4418	19
4419	12
4420	21
4421	13
4422	15
4423	19
4424	12
4425	19
4426	21
4427	15
4428	18
4429	12
4430	16
4431	11
4432	12
4433	11
4434	12
4435	23
4436	18
4437	13
4438	11
4439	17
4440	18
4441	23
4442	13
4443	9
4444	14
4445	15
4446	7
4447	12
4448	19
4449	18
4450	11
4451	13
4452	16
4453	13
4454	7
4455	16
4456	12
4457	16
4458	18
4459	21
4460	12
4461	28
4462	18
4463	11
4464	17
4465	14
4466	10
4467	16
4468	16
4469	10
4470	12
4471	17
4472	18
4473	18
4474	19
4475	10
4476	18
4477	15
4478	8
4479	18
4480	13
4481	23
4482	30
4483	16
4484	16
4485	16
4486	21
4487	18
4488	13
4489	18
4490	10
4491	15
4492	21
4493	16
4494	17
4495	22
4496	18
4497	19
4498	16
4499	25
4500	15
4501	18
4502	14
4503	19
4504	18
4505	8
4506	15
4507	21
4508	14
4509	18
4510	17
4511	27
4512	19
4513	25
4514	27
4515	20
4516	23
4517	15
4518	17
4519	12
4520	21
4521	14
4522	16
4523	21
4524	15
4525	26
4526	17
4527	24
4528	25
4529	14
4530	21
4531	21
4532	20
4533	16
4534	19
4535	19
4536	21
4537	19
4538	16
4539	27
4540	17
4541	16
4542	15
4543	12
4544	27
4545	15
4546	19
4547	10
4548	17
4549	18
4550	21
4551	21
4552	17
4553	21
4554	19
4555	22
4556	23
4557	21
4558	24
4559	27
4560	16
4561	14
4562	11
4563	22
4564	15
4565	26
4566	15
4567	31
4568	15
4569	23
4570	18
4571	18
4572	25
4573	22
4574	20
4575	13
4576	17
4577	20
4578	21
4579	18
4580	15
4581	14
4582	20
4583	24
4584	15
4585	13
4586	11
4587	17
4588	22
4589	25
4590	20
4591	21
4592	22
4593	17
4594	28
4595	10
4596	29
4597	18
4598	22
4599	15
4600	13
4601	12
4602	29
4603	21
4604	29
4605	27
4606	26
4607	15
4608	23
4609	19
4610	25
4611	28
4612	21
4613	27
4614	29
4615	30
4616	20
4617	17
4618	15
4619	23
4620	18
4621	20
4622	20
4623	21
4624	20
4625	20
4626	16
4627	23
4628	19
4629	24
4630	22
4631	24
4632	20
4633	18
4634	19
4635	27
4636	21
4637	26
4638	22
4639	21
4640	16
4641	23
4642	20
4643	29
4644	20
4645	27
4646	15
4647	25
4648	23
4649	26
4650	22
4651	19
4652	18
4653	17
4654	16
4655	19
4656	30
4657	25
4658	21
4659	18
4660	20
4661	16
4662	12
4663	30
4664	18
4665	22
4666	17
4667	18
4668	18
4669	38
4670	21
4671	19
4672	12
4673	21
4674	30
4675	23
4676	19
4677	28
4678	16
4679	20
4680	15
4681	19
4682	22
4683	23
4684	19
4685	18
4686	29
4687	25
4688	21
4689	21
4690	26
4691	22
4692	26
4693	27
4694	19
4695	23
4696	27
4697	20
4698	13
4699	18
4700	21
4701	20
4702	25
4703	16
4704	24
4705	14
4706	14
4707	14
4708	21
4709	29
4710	17
4711	24
4712	16
4713	19
4714	14
4715	16
4716	20
4717	16
4718	18
4719	23
4720	22
4721	11
4722	16
4723	17
4724	21
4725	21
4726	20
4727	21
4728	18
4729	27
4730	17
4731	26
4732	26
4733	21
4734	17
4735	18
4736	17
4737	17
4738	15
4739	13
4740	23
4741	27
4742	20
4743	22
4744	19
4745	16
4746	24
4747	19
4748	22
4749	20
4750	13
4751	19
4752	16
4753	28
4754	17
4755	23
4756	19
4757	25
4758	21
4759	19
4760	20
4761	19
4762	26
4763	20
4764	15
4765	21
4766	20
4767	12
4768	14
4769	19
4770	17
4771	20
4772	19
4773	24
4774	22
4775	17
4776	21
4777	19
4778	15
4779	14
4780	10
4781	23
4782	21
4783	22
4784	10
4785	19
4786	18
4787	20
4788	22
4789	19
4790	21
4791	16
4792	14
4793	13
4794	22
4795	19
4796	21
4797	23
4798	21
4799	11
4800	18
4801	19
4802	19
4803	20
4804	12
4805	12
4806	12
4807	17
4808	18
4809	18
4810	20
4811	22
4812	17
4813	12
4814	14
4815	11
4816	14
4817	13
4818	21
4819	18
4820	19
4821	9
4822	15
4823	15
4824	14
4825	11
4826	16
4827	20
4828	11
4829	16
4830	15
4831	12
4832	13
4833	10
4834	10
4835	13
4836	18
4837	6
4838	13
4839	16
4840	8
4841	11
4842	9
4843	11
4844	13
4845	18
4846	9
4847	19
4848	13
4849	10
4850	10
4851	16
4852	15
4853	13
4854	9
4855	12
4856	13
4857	10
4858	13
4859	6
4860	10
4861	14
4862	15
4863	10
4864	9
4865	12
4866	11
4867	16
4868	9
4869	10
4870	9
4871	11
4872	4
4873	12
4874	10
4875	12
4876	10
4877	11
4878	4
4879	7
4880	12
4881	12
4882	9
4883	14
4884	18
4885	11
4886	12
4887	14
4888	14
4889	10
4890	5
4891	6
4892	9
4893	11
4894	7
4895	9
4896	4
4897	6
4898	9
4899	6
4900	7
4901	6
4902	8
4903	4
4904	8
4905	7
4906	9
4907	7
4908	10
4909	7
4910	5
4911	5
4912	11
4913	12
4914	5
4915	8
4916	8
4917	11
4918	7
4919	7
4920	8
4921	4
4922	9
4923	7
4924	3
4925	7
4926	7
4927	6
4928	6
4929	7
4930	7
4931	4
4932	4
4933	10
4934	6
4935	7
4936	6
4937	5
4938	2
4939	8
4940	8
4941	7
4942	5
4943	2
4944	8
4945	3
4946	6
4947	2
4948	5
4949	6
4950	5
4951	6
4952	4
4953	5
4954	7
4955	4
4956	8
4957	8
4958	6
4959	3
4960	4
4961	6
4962	3
4963	5
4964	2
4965	2
4966	7
4967	5
4968	2
4969	3
4970	5
4971	3
4972	4
4973	3
4974	3
4975	0
4976	5
4977	4
4978	2
4979	7
4980	3
4981	4
4982	4
4983	4
4984	5
4985	3
4986	7
4987	9
4988	3
4989	6
4990	5
4991	2
4992	3
4993	2
4994	2
4995	5
4996	1
4997	6
4998	1
4999	2
5000	3
5001	4
5002	0
5003	0
5004	3
5005	1
5006	1
5007	2
5008	3
5009	2
5010	8
5011	3
5012	4
5013	6
5014	2
5015	2
5016	2
5017	1
5018	3
5019	1
5020	3
5021	1
5022	1
5023	4
5024	2
5025	2
5026	0
5027	4
5028	1
5029	8
5030	1
5031	3
5032	1
5033	2
5034	1
5035	0
5036	3
5037	3
5038	2
5039	1
5040	4
5041	1
5042	1
5043	0
5044	2
5045	0
5046	0
5047	5
5048	0
5049	1
5050	0
5051	0
5052	2
5053	1
5054	0
5055	0
5056	0
5057	1
5058	2
5059	1
5060	1
5061	2
5062	2
5063	0
5064	3
5065	1
5066	1
5067	1
5068	0
5069	2
5070	0
5071	2
5072	0
5073	0
5074	0
5075	2
5076	4
5077	3
5078	1
5079	2
5080	1
5081	2
5082	1
5083	1
5084	3
5085	1
5086	1
5087	1
5088	2
5089	1
5090	0
5091	3
5092	2
5093	0
5094	1
5095	2
5096	1
5097	0
5098	1
5099	1
5100	1
5101	1
5102	0
5103	2
5104	0
5105	2
5106	0
5107	0
5108	0
5109	0
5110	0
5111	0
5112	3
5113	1
5114	0
5115	0
5116	0
5117	0
5118	1
5119	2
5120	3
5121	0
5122	0
5123	1
5124	1
5125	1
5126	2
5127	4
5128	2
5129	1
5130	3
5131	0
5132	1
5133	1
5134	1
5135	1
5136	1
5137	1
5138	1
5139	2
5140	2
5141	1
5142	2
5143	0
5144	1
5145	0
5146	1
5147	0
5148	2
5149	0
5150	0
5151	1
5152	2
5153	1
5154	1
5155	0
5156	1
5157	0
5158	1
5159	0
5160	2
5161	1
5162	0
5163	0
5164	2
5165	0
5166	1
5167	1
5168	0
5169	1
5170	0
5171	2
5172	1
5173	1
5174	0
5175	1
5176	1
5177	0
5178	1
5179	1
5180	1
5181	1
5182	0
5183	1
5184	0
5185	2
5186	0
5187	2
5188	0
5189	0
5190	1
5191	2
5192	1
5193	0
5194	0
5195	2
5196	0
5197	0
5198	0
5199	1
5200	0
5201	0
5202	1
5203	0
5204	0
5205	0
5206	0
5207	1
5208	1
5209	1
5210	1
5211	1
5212	0
5213	0
5214	2
5215	0
5216	0
5217	1
5218	1
5219	0
5220	0
5221	1
5222	1
5223	1
5224	2
5225	0
5226	0
5227	0
5228	1
5229	0
5230	0
5231	0
5232	0
5233	1
5234	1
5235	0
5236	0
5237	0
5238	0
5239	1
5240	1
5241	1
5242	1
5243	1
5244	1
5245	1
5246	1
5247	1
5248	1
5249	0
5250	1
5251	1
5252	0
5253	0
5254	0
5255	1
5256	0
5257	1
5258	0
5259	0
5260	1
5261	0
5262	0
5263	0
5264	0
5265	0
5266	0
5267	0
5268	1
5269	0
5270	1
5271	0
5272	2
5273	2
5274	1
5275	0
5276	1
5277	0
5278	0
5279	0
5280	0
5281	0
5282	1
5283	0
5284	1
5285	1
5286	0
5287	2
5288	0
5289	1
5290	1
5291	0
5292	1
5293	0
5294	1
5295	1
5296	0
5297	0
5298	0
5299	1
5300	1
5301	0
5302	1
5303	0
5304	0
5305	1
5306	0
5307	1
5308	0
5309	0
5310	2
5311	0
5312	0
5313	0
5314	0
5315	0
5316	1
5317	0
5318	0
5319	0
5320	0
5321	0
5322	1
5323	1
5324	0
5325	1
5326	1
5327	1
5328	3
5329	2
5330	1
5331	0
5332	1
5333	0
5334	0
5335	0
5336	3
5337	0
5338	1
5339	1
5340	0
5341	2
5342	1
5343	0
5344	0
5345	1
5346	1
5347	0
5348	0
5349	1
5350	1
5351	0
5352	2
5353	0
5354	2
5355	0
5356	2
5357	0
5358	0
5359	0
5360	0
5361	0
5362	0
5363	0
5364	1
5365	1
5366	1
5367	0
5368	0
5369	2
5370	0
5371	0
5372	0
5373	2
5374	0
5375	0
5376	0
5377	1
5378	2
5379	1
5380	0
5381	0
5382	1
5383	1
5384	0
5385	0
5386	0
5387	0
5388	0
5389	0
5390	1
5391	1
5392	0
5393	1
5394	0
5395	0
5396	0
5397	0
5398	0
5399	0
5400	1
5401	0
5402	0
5403	0
5404	0
5405	0
5406	1
5407	0
5408	0
5409	1
5410	1
5411	0
5412	0
5413	0
5414	1
5415	0
5416	0
5417	4
5418	0
5419	0
5420	1
5421	0
5422	1
5423	0
5424	1
5425	1
5426	0
5427	0
5428	2
5429	1
5430	2
5431	0
5432	0
5433	1
5434	0
5435	0
5436	1
5437	0
5438	2
5439	0
5440	1
5441	2
5442	0
5443	0
5444	0
5445	1
5446	0
5447	2
5448	0
5449	0
5450	0
5451	1
5452	0
5453	1
5454	2
5455	0
5456	0
5457	0
5458	1
5459	0
5460	1
5461	1
5462	2
5463	0
5464	0
5465	0
5466	0
5467	1
5468	0
5469	0
5470	0
5471	0
5472	1
5473	0
5474	2
5475	1
5476	1
5477	0
5478	2
5479	0
5480	0
5481	0
5482	1
5483	0
5484	0
5485	0
5486	0
5487	0
5488	1
5489	1
5490	0
5491	0
5492	1
5493	0
5494	0
5495	1
5496	0
5497	0
5498	2
5499	1
5500	0
5501	1
5502	0
5503	0
5504	0
5505	1
5506	1
5507	0
5508	0
5509	0
5510	0
5511	0
5512	0
5513	0
5514	0
5515	0
5516	1
5517	0
5518	1
5519	2
5520	1
5521	0
5522	0
5523	0
5524	0
5525	0
5526	0
5527	1
5528	0
5529	1
5530	0
5531	0
5532	0
5533	2
5534	0
5535	0
5536	0
5537	0
5538	1
5539	0
5540	0
5541	0
5542	1
5543	2
5544	0
5545	3
5546	3
5547	1
5548	1
5549	0
5550	2
5551	2
5552	0
5553	0
5554	0
5555	0
5556	1
5557	0
5558	0
5559	1
5560	0
5561	1
5562	0
5563	0
5564	0
5565	0
5566	0
5567	0
5568	1
5569	0
5570	0
5571	0
5572	1
5573	0
5574	0
5575	0
5576	1
5577	1
5578	0
5579	0
5580	2
5581	1
5582	1
5583	0
5584	1
5585	0
5586	0
5587	1
5588	1
5589	2
5590	1
5591	1
5592	1
5593	1
5594	0
5595	0
5596	0
5597	0
5598	1
5599	1
5600	0
5601	0
5602	1
5603	0
5604	0
5605	1
5606	0
5607	0
5608	0
5609	1
5610	0
5611	2
5612	0
5613	0
5614	2
5615	2
5616	1
5617	0
5618	0
5619	0
5620	0
5621	1
5622	0
5623	1
5624	0
5625	0
5626	0
5627	0
5628	2
5629	0
5630	1
5631	0
5632	1
5633	0
5634	0
5635	0
5636	0
5637	0
5638	0
5639	3
5640	0
5641	1
5642	3
5643	0
5644	1
5645	0
5646	1
5647	0
5648	1
5649	1
5650	1
5651	0
5652	1
5653	2
5654	0
5655	1
5656	0
5657	2
5658	3
5659	0
5660	0
5661	0
5662	0
5663	0
5664	0
5665	0
5666	1
5667	2
5668	2
5669	0
5670	0
5671	1
5672	1
5673	1
5674	1
5675	0
5676	1
5677	0
5678	0
5679	0
5680	0
5681	1
5682	1
5683	1
5684	2
5685	2
5686	3
5687	1
5688	0
5689	0
5690	0
5691	0
5692	0
5693	1
5694	0
5695	1
5696	0
5697	1
5698	0
5699	0
5700	2
5701	0
5702	1
5703	2
5704	1
5705	0
5706	1
5707	0
5708	0
5709	1
5710	0
5711	0
5712	0
5713	0
5714	2
5715	0
5716	0
5717	1
5718	0
5719	1
5720	0
5721	1
5722	2
5723	2
5724	0
5725	1
5726	0
5727	0
5728	0
5729	0
5730	0
5731	0
5732	0
5733	0
5734	1
5735	1
5736	1
5737	0
5738	0
5739	1
5740	1
5741	2
5742	0
5743	0
5744	0
5745	0
5746	0
5747	1
5748	0
5749	0
5750	0
5751	2
5752	0
5753	0
5754	0
5755	0
5756	0
5757	0
5758	1
5759	0
5760	0
5761	1
5762	1
5763	0
5764	1
5765	0
5766	0
5767	1
5768	0
5769	1
5770	0
5771	0
5772	1
5773	0
5774	0
5775	0
5776	2
5777	0
5778	0
5779	0
5780	0
5781	1
5782	0
5783	0
5784	1
5785	0
5786	1
5787	0
5788	1
5789	0
5790	0
5791	1
5792	0
5793	0
5794	0
5795	1
5796	0
5797	1
5798	0
5799	0
5800	1
5801	0
5802	1
5803	0
5804	1
5805	1
5806	0
5807	1
5808	0
5809	2
5810	0
5811	1
5812	1
5813	0
5814	0
5815	0
5816	1
5817	0
5818	0
5819	0
5820	0
5821	0
5822	0
5823	2
5824	0
5825	1
5826	0
5827	0
5828	0
5829	0
5830	0
5831	0
5832	1
5833	0
5834	1
5835	0
5836	1
5837	0
5838	1
5839	0
5840	1
5841	0
5842	0
5843	0
5844	1
5845	0
5846	0
5847	0
5848	0
5849	1
5850	1
5851	0
5852	0
5853	1
5854	0
5855	0
5856	0
5857	0
5858	0
5859	0
5860	0
5861	1
5862	0
5863	0
5864	0
5865	1
5866	1
5867	0
5868	1
5869	2
5870	1
5871	0
5872	0
5873	1
5874	0
5875	0
5876	1
5877	0
5878	0
5879	1
5880	1
5881	1
5882	1
5883	2
5884	1
5885	1
5886	1
5887	0
5888	0
5889	0
5890	0
5891	0
5892	1
5893	0
5894	0
5895	0
5896	0
5897	1
5898	0
5899	0
5900	0
5901	0
5902	0
5903	1
5904	0
5905	0
5906	0
5907	0
5908	1
5909	0
5910	0
5911	0
5912	0
5913	0
5914	1
5915	0
5916	0
5917	1
5918	1
5919	1
5920	0
5921	1
5922	1
5923	0
5924	0
5925	2
5926	0
5927	0
5928	0
5929	0
5930	0
5931	0
5932	0
5933	3
5934	1
5935	0
5936	1
5937	1
5938	0
5939	1
5940	0
5941	0
5942	0
5943	0
5944	0
5945	0
5946	0
5947	0
5948	0
5949	1
5950	0
5951	1
5952	0
5953	2
5954	1
5955	0
5956	0
5957	3
5958	1
5959	0
5960	1
5961	0
5962	0
5963	0
5964	0
5965	1
5966	1
5967	1
5968	1
5969	0
5970	0
5971	0
5972	0
5973	1
5974	0
5975	1
5976	1
5977	1
5978	0
5979	0
5980	1
5981	0
5982	0
5983	0
5984	1
5985	0
5986	0
5987	2
5988	0
5989	0
5990	0
5991	0
5992	0
5993	0
5994	0
5995	2
5996	0
5997	0
5998	0
5999	0
6000	1
6001	0
6002	1
6003	0
6004	1
6005	0
6006	0
6007	1
6008	0
6009	2
6010	1
6011	0
6012	3
6013	0
6014	1
6015	0
6016	1
6017	0
6018	1
6019	1
6020	0
6021	1
6022	0
6023	0
6024	0
6025	1
6026	0
6027	0
6028	0
6029	0
6030	0
6031	0
6032	1
6033	0
6034	1
6035	2
6036	0
6037	0
6038	0
6039	0
6040	0
6041	0
6042	0
6043	0
6044	2
6045	1
6046	0
6047	0
6048	1
6049	1
6050	0
6051	0
6052	0
6053	1
6054	1
6055	0
6056	0
6057	0
6058	1
6059	0
6060	0
6061	2
6062	0
6063	0
6064	0
6065	0
6066	0
6067	0
6068	1
6069	1
6070	0
6071	0
6072	0
6073	0
6074	0
6075	0
6076	0
6077	0
6078	1
6079	2
6080	0
6081	1
6082	0
6083	1
6084	0
6085	0
6086	0
6087	2
6088	0
6089	0
6090	0
6091	1
6092	1
6093	2
6094	0
6095	1
6096	1
6097	0
6098	1
6099	0
6100	0
6101	1
6102	0
6103	0
6104	0
6105	0
6106	0
6107	0
6108	1
6109	1
6110	0
6111	1
6112	0
6113	0
6114	0
6115	1
6116	0
6117	1
6118	1
6119	0
6120	1
6121	1
6122	0
6123	0
6124	2
6125	1
6126	1
6127	0
6128	0
6129	0
6130	0
6131	0
6132	0
6133	0
6134	0
6135	1
6136	0
6137	1
6138	0
6139	0
6140	0
6141	0
6142	0
6143	0
6144	1
6145	0
6146	0
6147	0
6148	0
6149	1
6150	1
6151	0
6152	0
6153	1
6154	0
6155	1
6156	0
6157	0
6158	2
6159	1
6160	0
6161	0
6162	0
6163	0
6164	1
6165	0
6166	0
6167	1
6168	1
6169	1
6170	0
6171	0
6172	1
6173	0
6174	1
6175	0
6176	2
6177	0
6178	0
6179	0
6180	1
6181	0
6182	0
6183	0
6184	1
6185	0
6186	0
6187	1
6188	2
6189	1
6190	0
6191	0
6192	1
6193	0
6194	0
6195	0
6196	0
6197	0
6198	0
6199	0
6200	2
6201	0
6202	1
6203	0
6204	0
6205	0
6206	0
6207	0
6208	1
6209	0
6210	0
6211	0
6212	0
6213	1
6214	0
6215	0
6216	1
6217	0
6218	0
6219	0
6220	0
6221	1
6222	0
6223	1
6224	1
6225	0
6226	0
6227	1
6228	0
6229	0
6230	0
6231	0
6232	1
6233	0
6234	0
6235	1
6236	0
6237	0
6238	0
6239	0
6240	0
6241	0
6242	2
6243	0
6244	1
6245	1
6246	0
6247	0
6248	0
6249	2
6250	0
6251	2
6252	0
6253	0
6254	0
6255	0
6256	1
6257	1
6258	0
6259	0
6260	0
6261	0
6262	0
6263	1
6264	0
6265	0
6266	0
6267	0
6268	0
6269	1
6270	0
6271	0
6272	1
6273	0
6274	0
6275	0
6276	1
6277	0
6278	0
6279	0
6280	2
6281	0
6282	1
6283	0
6284	0
6285	0
6286	1
6287	2
6288	1
6289	1
6290	1
6291	3
6292	1
6293	0
6294	0
6295	0
6296	0
6297	0
6298	0
6299	0
6300	0
6301	1
6302	0
6303	1
6304	0
6305	2
6306	1
6307	0
6308	0
6309	0
6310	1
6311	0
6312	0
6313	0
6314	0
6315	1
6316	1
6317	0
6318	1
6319	0
6320	0
6321	0
6322	0
6323	0
6324	0
6325	0
6326	0
6327	1
6328	1
6329	3
6330	1
6331	1
6332	0
6333	0
6334	0
6335	0
6336	0
6337	1
6338	0
6339	1
6340	0
6341	0
6342	0
6343	1
6344	1
6345	1
6346	0
6347	0
6348	0
6349	0
6350	0
6351	0
6352	1
6353	1
6354	1
6355	3
6356	0
6357	0
6358	1
6359	0
6360	0
6361	0
6362	1
6363	1
6364	0
6365	1
6366	0
6367	1
6368	0
6369	0
6370	0
6371	0
6372	1
6373	0
6374	0
6375	0
6376	1
6377	0
6378	0
6379	1
6380	1
6381	2
6382	2
6383	0
6384	0
6385	0
6386	0
6387	0
6388	0
6389	2
6390	0
6391	0
6392	1
6393	0
6394	2
6395	2
6396	0
6397	0
6398	0
6399	1
6400	1
6401	0
6402	0
6403	1
6404	0
6405	2
6406	0
6407	0
6408	0
6409	1
6410	0
6411	1
6412	0
6413	0
6414	1
6415	0
6416	1
6417	0
6418	1
6419	1
6420	2
6421	1
6422	0
6423	1
6424	0
6425	0
6426	1
6427	1
6428	1
6429	0
6430	0
6431	1
6432	0
6433	0
6434	0
6435	1
6436	0
6437	1
6438	1
6439	1
6440	0
6441	0
6442	0
6443	1
6444	0
6445	0
6446	1
6447	1
6448	0
6449	0
6450	0
6451	0
6452	1
6453	0
6454	1
6455	1
6456	0
6457	2
6458	0
6459	2
6460	0
6461	0
6462	0
6463	0
6464	0
6465	2
6466	1
6467	0
6468	1
6469	1
6470	0
6471	0
6472	0
6473	1
6474	1
6475	0
6476	0
6477	3
6478	0
6479	0
6480	0
6481	0
6482	1
6483	0
6484	1
6485	1
6486	0
6487	0
6488	1
6489	1
6490	0
6491	0
6492	0
6493	0
6494	0
6495	1
6496	0
6497	0
6498	0
6499	0
6500	0
6501	1
6502	0
6503	0
6504	0
6505	0
6506	2
6507	0
6508	0
6509	0
6510	1
6511	2
6512	0
6513	1
6514	1
6515	0
6516	0
6517	0
6518	0
6519	0
6520	0
6521	0
6522	0
6523	0
6524	0
6525	0
6526	0
6527	0
6528	0
6529	0
6530	0
6531	0
6532	0
6533	1
6534	0
6535	1
6536	1
6537	0
6538	0
6539	2
6540	0
6541	0
6542	0
6543	0
6544	0
6545	0
6546	1
6547	1
6548	0
6549	0
6550	1
6551	1
6552	1
6553	0
6554	0
6555	0
6556	0
6557	1
6558	2
6559	0
6560	1
6561	1
6562	0
6563	0
6564	0
6565	0
6566	1
6567	0
6568	2
6569	0
6570	1
6571	0
6572	0
6573	0
6574	1
6575	0
6576	0
6577	0
6578	0
6579	1
6580	0
6581	0
6582	1
6583	1
6584	0
6585	2
6586	0
6587	0
6588	0
6589	0
6590	0
6591	0
6592	0
6593	0
6594	1
6595	2
6596	0
6597	1
6598	1
6599	0
6600	0
6601	0
6602	1
6603	0
6604	0
6605	0
6606	0
6607	0
6608	0
6609	0
6610	0
6611	0
6612	0
6613	1
6614	0
6615	1
6616	0
6617	1
6618	1
6619	1
6620	0
6621	1
6622	0
6623	0
6624	0
6625	0
6626	0
6627	0
6628	0
6629	0
6630	0
6631	0
6632	1
6633	0
6634	0
6635	1
6636	0
6637	1
6638	1
6639	0
6640	1
6641	1
6642	1
6643	0
6644	0
6645	0
6646	0
6647	0
6648	0
6649	0
6650	0
6651	0
6652	0
6653	0
6654	0
6655	1
6656	1
6657	0
6658	0
6659	0
6660	1
6661	0
6662	0
6663	1
6664	0
6665	2
6666	0
6667	0
6668	1
6669	2
6670	0
6671	0
6672	1
6673	0
6674	0
6675	0
6676	2
6677	1
6678	0
6679	0
6680	0
6681	1
6682	0
6683	0
6684	0
6685	1
6686	0
6687	0
6688	1
6689	0
6690	0
6691	1
6692	0
6693	0
6694	0
6695	0
6696	0
6697	0
6698	0
6699	0
6700	1
6701	1
6702	0
6703	0
6704	0
6705	0
6706	0
6707	0
6708	0
6709	0
6710	0
6711	0
6712	0
6713	1
6714	0
6715	1
6716	0
6717	1
6718	0
6719	1
6720	0
6721	0
6722	0
6723	1
6724	1
6725	0
6726	0
6727	0
6728	0
6729	0
6730	0
6731	0
6732	1
6733	0
6734	0
6735	0
6736	1
6737	1
6738	0
6739	1
6740	0
6741	0
6742	0
6743	0
6744	0
6745	0
6746	0
6747	0
6748	0
6749	0
6750	0
6751	0
6752	0
6753	0
6754	0
6755	1
6756	1
6757	0
6758	0
6759	0
6760	3
6761	1
6762	0
6763	1
6764	1
6765	1
6766	2
6767	1
6768	0
6769	0
6770	2
6771	0
6772	0
6773	0
6774	0
6775	0
6776	1
6777	0
6778	2
6779	0
6780	0
6781	1
6782	2
6783	0
6784	2
6785	1
6786	2
6787	0
6788	1
6789	0
6790	1
6791	0
6792	0
6793	0
6794	1
6795	0
6796	0
6797	0
6798	0
6799	1
6800	0
6801	1
6802	0
6803	0
6804	0
6805	0
6806	0
6807	0
6808	1
6809	0
6810	0
6811	0
6812	0
6813	0
6814	0
6815	1
6816	1
6817	0
6818	0
6819	1
6820	0
6821	0
6822	1
6823	0
6824	0
6825	0
6826	1
6827	0
6828	1
6829	0
6830	1
6831	2
6832	0
6833	0
6834	0
6835	1
6836	2
6837	1
6838	1
6839	0
6840	0
6841	0
6842	1
6843	0
6844	1
6845	1
6846	0
6847	0
6848	1
6849	0
6850	1
6851	0
6852	1
6853	0
6854	0
6855	0
6856	0
6857	0
6858	1
6859	2
6860	0
6861	0
6862	1
6863	2
6864	0
6865	0
6866	0
6867	0
6868	0
6869	0
6870	0
6871	0
6872	0
6873	0
6874	2
6875	0
6876	1
6877	0
6878	0
6879	0
6880	1
6881	0
6882	0
6883	1
6884	0
6885	1
6886	1
6887	0
6888	0
6889	0
6890	0
6891	0
6892	1
6893	0
6894	0
6895	0
6896	0
6897	1
6898	1
6899	0
6900	1
6901	0
6902	1
6903	1
6904	2
6905	0
6906	0
6907	1
6908	1
6909	0
6910	1
6911	1
6912	1
6913	0
6914	0
6915	1
6916	0
6917	0
6918	0
6919	0
6920	0
6921	1
6922	1
6923	0
6924	1
6925	0
6926	0
6927	0
6928	1
6929	0
6930	1
6931	0
6932	0
6933	1
6934	2
6935	0
6936	0
6937	1
6938	0
6939	0
6940	1
6941	1
6942	2
6943	1
6944	1
6945	0
6946	0
6947	0
6948	1
6949	1
6950	2
6951	0
6952	0
6953	1
6954	0
6955	0
6956	0
6957	0
6958	0
6959	1
6960	1
6961	1
6962	0
6963	1
6964	0
6965	1
6966	0
6967	2
6968	1
6969	0
6970	0
6971	0
6972	0
6973	0
6974	1
6975	0
6976	1
6977	0
6978	0
6979	0
6980	0
6981	3
6982	0
6983	0
6984	1
6985	0
6986	0
6987	0
6988	0
6989	0
6990	0
6991	0
6992	0
6993	0
6994	0
6995	0
6996	0
6997	0
6998	0
6999	0
7000	1
7001	0
7002	0
7003	1
7004	1
7005	2
7006	0
7007	0
7008	0
7009	2
7010	1
7011	0
7012	0
7013	0
7014	2
7015	0
7016	0
7017	0
7018	0
7019	0
7020	0
7021	1
7022	0
7023	0
7024	0
7025	0
7026	0
7027	0
7028	0
7029	0
7030	1
7031	0
7032	0
7033	0
7034	0
7035	0
7036	0
7037	0
7038	0
7039	2
7040	0
7041	1
7042	0
7043	1
7044	0
7045	0
7046	0
7047	0
7048	0
7049	0
7050	1
7051	0
7052	0
7053	0
7054	0
7055	0
7056	1
7057	1
7058	0
7059	0
7060	0
7061	0
7062	1
7063	0
7064	0
7065	0
7066	0
7067	0
7068	0
7069	0
7070	0
7071	0
7072	0
7073	0
7074	0
7075	0
7076	0
7077	0
7078	0
7079	0
7080	0
7081	0
7082	0
7083	0
7084	0
7085	0
7086	0
7087	0
7088	0
7089	0
7090	0
7091	0
7092	1
7093	2
7094	0
7095	0
7096	1
7097	0
7098	0
7099	0
7100	0
7101	0
7102	0
7103	1
7104	1
7105	0
7106	1
7107	0
7108	0
7109	0
7110	0
7111	0
7112	0
7113	0
7114	0
7115	0
7116	0
7117	0
7118	0
7119	0
7120	0
7121	1
7122	0
7123	0
7124	0
7125	1
7126	0
7127	0
7128	0
7129	1
7130	0
7131	0
7132	0
7133	0
7134	0
7135	1
7136	1
7137	3
7138	1
7139	0
7140	0
7141	0
7142	0
7143	0
7144	0
7145	0
7146	2
7147	1
7148	1
7149	0
7150	0
7151	0
7152	1
7153	0
7154	0
7155	1
7156	0
7157	0
7158	0
7159	0
7160	0
7161	0
7162	0
7163	0
7164	1
7165	0
7166	0
7167	1
7168	0
7169	0
7170	0
7171	1
7172	2
7173	0
7174	0
7175	0
7176	0
7177	0
7178	0
7179	0
7180	1
7181	0
7182	0
7183	1
7184	2
7185	0
7186	2
7187	1
7188	0
7189	0
7190	0
7191	0
7192	0
7193	0
7194	0
7195	0
7196	0
7197	0
7198	0
7199	1
7200	0
7201	0
7202	0
7203	0
7204	0
7205	0
7206	0
7207	1
7208	0
7209	1
7210	0
7211	0
7212	1
7213	0
7214	1
7215	0
7216	0
7217	0
7218	0
7219	0
7220	0
7221	1
7222	0
7223	1
7224	0
7225	0
7226	2
7227	0
7228	0
7229	1
7230	0
7231	1
7232	0
7233	0
7234	0
7235	0
7236	0
7237	1
7238	0
7239	1
7240	0
7241	1
7242	0
7243	0
7244	1
7245	2
7246	0
7247	1
7248	0
7249	0
7250	0
7251	0
7252	0
7253	0
7254	1
7255	0
7256	0
7257	0
7258	0
7259	1
7260	2
7261	0
7262	0
7263	0
7264	0
7265	1
7266	1
7267	0
7268	0
7269	0
7270	0
7271	1
7272	1
7273	0
7274	1
7275	1
7276	0
7277	1
7278	0
7279	0
7280	1
7281	1
7282	0
7283	0
7284	0
7285	1
7286	0
7287	0
7288	0
7289	0
7290	0
7291	0
7292	0
7293	0
7294	0
7295	0
7296	0
7297	0
7298	0
7299	2
7300	0
7301	0
7302	1
7303	1
7304	0
7305	0
7306	1
7307	0
7308	0
7309	1
7310	0
7311	0
7312	1
7313	3
7314	1
7315	0
7316	0
7317	0
7318	0
7319	0
7320	0
7321	0
7322	0
7323	0
7324	0
7325	0
7326	0
7327	0
7328	0
7329	2
7330	0
7331	1
7332	0
7333	0
7334	1
7335	0
7336	0
7337	0
7338	0
7339	0
7340	0
7341	0
7342	0
7343	0
7344	0
7345	1
7346	0
7347	0
7348	0
7349	0
7350	1
7351	0
7352	0
7353	0
7354	0
7355	0
7356	0
7357	0
7358	0
7359	0
7360	1
7361	0
7362	0
7363	0
7364	0
7365	0
7366	1
7367	0
7368	0
7369	0
7370	0
7371	1
7372	0
7373	0
7374	1
7375	0
7376	0
7377	0
7378	0
7379	0
7380	0
7381	0
7382	0
7383	0
7384	0
7385	0
7386	0
7387	0
7388	1
7389	0
7390	1
7391	0
7392	0
7393	0
7394	0
7395	0
7396	0
7397	0
7398	0
7399	0
7400	0
7401	0
7402	0
7403	0
7404	2
7405	1
7406	0
7407	0
7408	0
7409	0
7410	1
7411	1
7412	0
7413	0
7414	0
7415	0
7416	0
7417	0
7418	1
7419	1
7420	0
7421	1
7422	0
7423	0
7424	0
7425	0
7426	0
7427	1
7428	0
7429	0
7430	1
7431	0
7432	0
7433	0
7434	1
7435	0
7436	0
7437	1
7438	0
7439	0
7440	0
7441	0
7442	0
7443	0
7444	0
7445	0
7446	0
7447	0
7448	0
7449	0
7450	1
7451	0
7452	0
7453	1
7454	2
7455	1
7456	1
7457	1
7458	1
7459	1
7460	0
7461	0
7462	0
7463	1
7464	1
7465	0
7466	0
7467	0
7468	0
7469	1
7470	0
7471	1
7472	0
7473	0
7474	0
7475	1
7476	0
7477	0
7478	0
7479	1
7480	0
7481	0
7482	1
7483	0
7484	0
7485	0
7486	2
7487	1
7488	1
7489	0
7490	1
7491	0
7492	0
7493	1
7494	1
7495	0
7496	0
7497	0
7498	0
7499	0
7500	0
7501	0
7502	1
7503	0
7504	0
7505	1
7506	0
7507	1
7508	0
7509	0
7510	0
7511	0
7512	1
7513	1
7514	0
7515	0
7516	0
7517	1
7518	0
7519	0
7520	0
7521	1
7522	0
7523	0
7524	1
7525	0
7526	0
7527	0
7528	3
7529	0
7530	0
7531	0
7532	0
7533	2
7534	0
7535	1
7536	0
7537	0
7538	1
7539	1
7540	0
7541	0
7542	2
7543	0
7544	0
7545	0
7546	0
7547	0
7548	0
7549	0
7550	0
7551	0
7552	0
7553	0
7554	0
7555	0
7556	0
7557	1
7558	1
7559	0
7560	0
7561	1
7562	0
7563	0
7564	0
7565	0
7566	0
7567	2
7568	0
7569	0
7570	0
7571	0
7572	0
7573	0
7574	0
7575	0
7576	0
7577	0
7578	1
7579	0
7580	0
7581	2
7582	0
7583	0
7584	0
7585	1
7586	0
7587	0
7588	0
7589	0
7590	0
7591	0
7592	0
7593	1
7594	0
7595	0
7596	0
7597	0
7598	1
7599	1
7600	0
7601	0
7602	1
7603	0
7604	0
7605	0
7606	0
7607	0
7608	0
7609	0
7610	0
7611	0
7612	0
7613	0
7614	0
7615	1
7616	1
7617	0
7618	0
7619	1
7620	2
7621	0
7622	0
7623	1
7624	0
7625	0
7626	0
7627	0
7628	0
7629	0
7630	2
7631	1
7632	1
7633	1
7634	1
7635	1
7636	0
7637	0
7638	0
7639	0
7640	0
7641	0
7642	0
7643	0
7644	1
7645	0
7646	2
7647	0
7648	0
7649	0
7650	0
7651	0
7652	0
7653	1
7654	0
7655	1
7656	0
7657	0
7658	1
7659	0
7660	1
7661	0
7662	0
7663	0
7664	1
7665	0
7666	0
7667	0
7668	0
7669	1
7670	1
7671	0
7672	0
7673	0
7674	0
7675	2
7676	1
7677	1
7678	0
7679	0
7680	0
7681	0
7682	0
7683	0
7684	0
7685	1
7686	0
7687	1
7688	0
7689	0
7690	0
7691	0
7692	0
7693	0
7694	0
7695	0
7696	0
7697	0
7698	1
7699	0
7700	1
7701	1
7702	0
7703	1
7704	1
7705	0
7706	0
7707	0
7708	0
7709	0
7710	0
7711	0
7712	1
7713	0
7714	0
7715	0
7716	0
7717	1
7718	1
7719	0
7720	0
7721	0
7722	0
7723	0
7724	0
7725	0
7726	0
7727	0
7728	1
7729	0
7730	0
7731	0
7732	0
7733	1
7734	0
7735	1
7736	0
7737	0
7738	0
7739	0
7740	0
7741	1
7742	0
7743	0
7744	1
7745	0
7746	1
7747	2
7748	0
7749	0
7750	0
7751	0
7752	0
7753	0
7754	0
7755	0
7756	0
7757	0
7758	1
7759	0
7760	0
7761	0
7762	0
7763	2
7764	0
7765	0
7766	0
7767	0
7768	0
7769	0
7770	0
7771	0
7772	2
7773	1
7774	1
7775	0
7776	0
7777	0
7778	0
7779	0
7780	0
7781	1
7782	1
7783	1
7784	0
7785	0
7786	0
7787	0
7788	0
7789	0
7790	1
7791	1
7792	0
7793	1
7794	0
7795	0
7796	0
7797	0
7798	0
7799	0
7800	0
7801	0
7802	0
7803	1
7804	1
7805	0
7806	1
7807	0
7808	0
7809	0
7810	0
7811	0
7812	0
7813	1
7814	0
7815	0
7816	1
7817	0
7818	0
7819	0
7820	0
7821	0
7822	0
7823	0
7824	0
7825	0
7826	0
7827	0
7828	0
7829	0
7830	0
7831	1
7832	0
7833	0
7834	1
7835	1
7836	0
7837	1
7838	0
7839	0
7840	0
7841	0
7842	0
7843	0
7844	0
7845	0
7846	0
7847	0
7848	1
7849	0
7850	0
7851	0
7852	0
7853	0
7854	1
7855	0
7856	0
7857	1
7858	0
7859	0
7860	0
7861	1
7862	2
7863	1
7864	0
7865	1
7866	0
7867	0
7868	0
7869	0
7870	0
7871	0
7872	0
7873	0
7874	0
7875	0
7876	0
7877	0
7878	1
7879	0
7880	0
7881	0
7882	0
7883	0
7884	1
7885	1
7886	0
7887	0
7888	0
7889	0
7890	0
7891	0
7892	0
7893	0
7894	1
7895	0
7896	1
7897	0
7898	1
7899	1
7900	0
7901	2
7902	0
7903	1
7904	1
7905	0
7906	1
7907	0
7908	0
7909	1
7910	0
7911	0
7912	0
7913	0
7914	0
7915	1
7916	0
7917	0
7918	0
7919	0
7920	1
7921	1
7922	1
7923	1
7924	0
7925	1
7926	0
7927	0
7928	2
7929	0
7930	0
7931	1
7932	0
7933	0
7934	0
7935	0
7936	0
7937	0
7938	0
7939	1
7940	0
7941	2
7942	0
7943	0
7944	1
7945	0
7946	0
7947	0
7948	0
7949	0
7950	1
7951	0
7952	0
7953	1
7954	0
7955	0
7956	1
7957	1
7958	1
7959	1
7960	0
7961	0
7962	0
7963	0
7964	1
7965	0
7966	0
7967	0
7968	0
7969	0
7970	0
7971	1
7972	1
7973	1
7974	1
7975	0
7976	0
7977	3
7978	0
7979	0
7980	1
7981	0
7982	0
7983	1
7984	0
7985	0
7986	0
7987	0
7988	1
7989	0
7990	0
7991	1
7992	2
7993	0
7994	0
7995	0
7996	2
7997	1
7998	0
7999	0
8000	0
8001	0
8002	0
8003	1
8004	1
8005	2
8006	0
8007	0
8008	0
8009	0
8010	0
8011	0
8012	1
8013	0
8014	0
8015	0
8016	0
8017	0
8018	0
8019	0
8020	0
8021	1
8022	0
8023	1
8024	0
8025	0
8026	0
8027	0
8028	0
8029	0
8030	0
8031	1
8032	0
8033	1
8034	0
8035	0
8036	0
8037	0
8038	0
8039	0
8040	0
8041	1
8042	1
8043	0
8044	0
8045	0
8046	0
8047	0
8048	1
8049	1
8050	0
8051	0
8052	0
8053	1
8054	1
8055	0
8056	0
8057	0
8058	0
8059	0
8060	0
8061	0
8062	1
8063	0
8064	0
8065	1
8066	1
8067	0
8068	0
8069	0
8070	0
8071	0
8072	0
8073	1
8074	0
8075	0
8076	1
8077	0
8078	0
8079	0
8080	0
8081	0
8082	0
8083	0
8084	0
8085	0
8086	0
8087	0
8088	0
8089	0
8090	0
8091	0
8092	0
8093	0
8094	0
8095	0
8096	0
8097	0
8098	0
8099	0
8100	0
8101	0
8102	0
8103	0
8104	0
8105	0
8106	0
8107	0
8108	0
8109	0
8110	0
8111	0
8112	0
8113	0
8114	0
8115	0
8116	0
8117	0
8118	0
8119	0
8120	0
8121	0
8122	0
8123	0
8124	0
8125	0
8126	0
8127	0
8128	0
8129	0
8130	0
8131	0
8132	0
8133	0
8134	0
8135	0
8136	0
8137	0
8138	0
8139	0
8140	0
8141	0
8142	0
8143	0
8144	0
8145	0
8146	0
8147	0
8148	0
8149	0
8150	0
8151	0
8152	0
8153	0
8154	0
8155	0
8156	0
8157	0
8158	0
8159	0
8160	0
8161	0
8162	0
8163	0
8164	0
8165	0
8166	0
8167	0
8168	0
8169	0
8170	0
8171	0
8172	0
8173	0
8174	0
8175	0
8176	0
8177	0
8178	0
8179	0
8180	0
8181	0
8182	0
8183	0
8184	0
8185	0
8186	0
8187	0
8188	0
8189	0
8190	0
8191	0
