0	0
1	0
2	0
3	0
4	0
5	0
6	0
7	0
8	0
9	0
10	0
11	0
12	0
13	0
14	0
15	0
16	0
17	0
18	0
19	0
20	0
21	0
22	0
23	0
24	0
25	0
26	0
27	0
28	0
29	0
30	0
31	0
32	0
33	0
34	0
35	0
36	0
37	0
38	0
39	0
40	0
41	0
42	0
43	0
44	0
45	0
46	0
47	0
48	0
49	0
50	0
51	0
52	0
53	0
54	0
55	0
56	0
57	0
58	0
59	0
60	0
61	0
62	0
63	0
64	0
65	0
66	0
67	0
68	0
69	0
70	0
71	0
72	0
73	0
74	0
75	0
76	0
77	0
78	0
79	0
80	0
81	0
82	0
83	0
84	0
85	1
86	3
87	9
88	14
89	19
90	13
91	12
92	18
93	10
94	11
95	10
96	8
97	19
98	11
99	16
100	8
101	19
102	10
103	15
104	12
105	19
106	8
107	8
108	11
109	13
110	9
111	16
112	13
113	16
114	8
115	14
116	11
117	9
118	8
119	16
120	12
121	12
122	12
123	13
124	10
125	9
126	15
127	12
128	15
129	12
130	14
131	14
132	22
133	9
134	13
135	14
136	9
137	12
138	19
139	16
140	15
141	16
142	14
143	9
144	16
145	16
146	10
147	13
148	7
149	11
150	14
151	8
152	12
153	9
154	16
155	12
156	12
157	14
158	13
159	15
160	10
161	4
162	13
163	16
164	7
165	12
166	14
167	8
168	9
169	9
170	16
171	16
172	17
173	8
174	19
175	12
176	11
177	14
178	8
179	14
180	16
181	10
182	20
183	8
184	16
185	13
186	9
187	10
188	20
189	10
190	20
191	13
192	21
193	20
194	21
195	13
196	13
197	13
198	11
199	13
200	14
201	15
202	13
203	15
204	14
205	17
206	11
207	13
208	13
209	14
210	14
211	12
212	15
213	11
214	19
215	24
216	15
217	8
218	10
219	10
220	19
221	7
222	13
223	18
224	12
225	8
226	12
227	12
228	8
229	10
230	7
231	11
232	14
233	14
234	14
235	12
236	16
237	16
238	15
239	13
240	20
241	16
242	12
243	11
244	14
245	12
246	12
247	11
248	18
249	15
250	12
251	13
252	11
253	13
254	17
255	19
256	22
257	14
258	11
259	11
260	12
261	14
262	16
263	16
264	7
265	21
266	11
267	18
268	17
269	17
270	14
271	14
272	11
273	7
274	13
275	17
276	11
277	15
278	17
279	14
280	13
281	22
282	18
283	12
284	14
285	10
286	15
287	10
288	14
289	11
290	15
291	9
292	14
293	13
294	12
295	13
296	17
297	13
298	17
299	16
300	20
301	18
302	23
303	18
304	8
305	21
306	20
307	11
308	21
309	17
310	16
311	17
312	13
313	17
314	11
315	11
316	14
317	11
318	16
319	10
320	18
321	13
322	14
323	11
324	5
325	15
326	11
327	13
328	19
329	16
330	18
331	19
332	15
333	16
334	20
335	21
336	9
337	16
338	18
339	16
340	16
341	10
342	18
343	15
344	14
345	21
346	18
347	11
348	17
349	16
350	21
351	13
352	13
353	20
354	13
355	12
356	16
357	17
358	13
359	19
360	9
361	21
362	14
363	10
364	17
365	18
366	11
367	11
368	11
369	12
370	14
371	21
372	14
373	16
374	18
375	16
376	12
377	18
378	21
379	17
380	12
381	19
382	15
383	15
384	14
385	14
386	13
387	10
388	12
389	15
390	18
391	19
392	18
393	15
394	14
395	20
396	13
397	11
398	9
399	17
400	12
401	14
402	17
403	13
404	15
405	12
406	19
407	12
408	20
409	18
410	15
411	16
412	15
413	17
414	17
415	9
416	19
417	13
418	14
419	16
420	18
421	22
422	16
423	15
424	10
425	17
426	9
427	15
428	16
429	12
430	18
431	16
432	21
433	15
434	14
435	13
436	12
437	12
438	12
439	18
440	16
441	12
442	10
443	16
444	19
445	9
446	8
447	19
448	14
449	17
450	16
451	20
452	14
453	20
454	15
455	22
456	18
457	18
458	16
459	21
460	17
461	23
462	12
463	13
464	17
465	18
466	17
467	9
468	9
469	18
470	16
471	15
472	16
473	14
474	11
475	14
476	12
477	16
478	18
479	12
480	11
481	14
482	10
483	16
484	16
485	11
486	17
487	21
488	21
489	25
490	24
491	17
492	21
493	21
494	17
495	14
496	13
497	20
498	7
499	12
500	15
501	25
502	15
503	16
504	22
505	15
506	18
507	7
508	12
509	12
510	16
511	25
512	23
513	10
514	18
515	21
516	22
517	20
518	18
519	33
520	22
521	17
522	23
523	24
524	15
525	19
526	30
527	14
528	24
529	25
530	16
531	19
532	18
533	13
534	19
535	7
536	12
537	26
538	12
539	23
540	21
541	19
542	30
543	23
544	20
545	19
546	17
547	26
548	25
549	19
550	30
551	18
552	22
553	20
554	18
555	20
556	21
557	25
558	19
559	35
560	19
561	24
562	33
563	21
564	24
565	33
566	31
567	35
568	23
569	23
570	20
571	27
572	32
573	25
574	24
575	34
576	20
577	18
578	29
579	22
580	27
581	27
582	20
583	25
584	23
585	28
586	35
587	26
588	24
589	31
590	19
591	21
592	33
593	28
594	28
595	35
596	26
597	18
598	27
599	27
600	29
601	23
602	32
603	18
604	27
605	32
606	43
607	26
608	21
609	28
610	28
611	18
612	24
613	29
614	20
615	28
616	24
617	25
618	22
619	29
620	24
621	22
622	39
623	21
624	21
625	18
626	30
627	28
628	19
629	27
630	22
631	31
632	23
633	21
634	37
635	31
636	24
637	22
638	22
639	24
640	29
641	23
642	30
643	32
644	20
645	24
646	23
647	28
648	20
649	16
650	23
651	22
652	18
653	31
654	23
655	23
656	27
657	23
658	23
659	23
660	30
661	11
662	17
663	18
664	21
665	24
666	22
667	25
668	22
669	25
670	16
671	29
672	21
673	20
674	24
675	20
676	24
677	24
678	22
679	14
680	22
681	20
682	25
683	19
684	25
685	30
686	26
687	27
688	18
689	27
690	17
691	22
692	16
693	19
694	16
695	15
696	27
697	21
698	20
699	28
700	18
701	15
702	20
703	20
704	21
705	17
706	17
707	20
708	29
709	24
710	16
711	21
712	23
713	37
714	17
715	26
716	24
717	13
718	22
719	13
720	21
721	33
722	20
723	25
724	20
725	16
726	16
727	24
728	20
729	18
730	22
731	18
732	16
733	20
734	12
735	14
736	26
737	14
738	21
739	27
740	23
741	22
742	26
743	16
744	17
745	18
746	19
747	21
748	19
749	22
750	18
751	16
752	22
753	20
754	27
755	18
756	22
757	26
758	23
759	24
760	23
761	13
762	18
763	21
764	14
765	15
766	17
767	17
768	22
769	18
770	21
771	22
772	23
773	22
774	10
775	25
776	21
777	24
778	14
779	21
780	21
781	21
782	15
783	24
784	21
785	18
786	17
787	24
788	21
789	24
790	25
791	21
792	18
793	23
794	27
795	31
796	23
797	27
798	18
799	11
800	22
801	22
802	26
803	18
804	21
805	28
806	23
807	26
808	21
809	15
810	19
811	13
812	31
813	28
814	29
815	17
816	23
817	27
818	17
819	35
820	18
821	21
822	20
823	29
824	26
825	19
826	13
827	26
828	14
829	11
830	24
831	30
832	19
833	22
834	24
835	20
836	21
837	32
838	20
839	19
840	16
841	27
842	18
843	20
844	23
845	24
846	25
847	19
848	20
849	17
850	25
851	17
852	28
853	28
854	24
855	17
856	17
857	18
858	21
859	21
860	23
861	16
862	21
863	25
864	21
865	26
866	26
867	41
868	22
869	20
870	26
871	30
872	19
873	21
874	16
875	24
876	36
877	15
878	23
879	25
880	25
881	24
882	26
883	21
884	27
885	37
886	17
887	29
888	32
889	20
890	24
891	32
892	31
893	31
894	29
895	37
896	35
897	32
898	21
899	19
900	22
901	25
902	27
903	18
904	22
905	26
906	21
907	28
908	25
909	35
910	21
911	27
912	26
913	27
914	30
915	17
916	32
917	22
918	26
919	32
920	22
921	27
922	22
923	29
924	25
925	22
926	29
927	23
928	19
929	25
930	34
931	28
932	29
933	30
934	24
935	26
936	23
937	23
938	24
939	29
940	33
941	25
942	30
943	29
944	30
945	36
946	31
947	24
948	24
949	24
950	29
951	23
952	26
953	34
954	20
955	26
956	27
957	32
958	29
959	25
960	33
961	29
962	27
963	29
964	33
965	25
966	20
967	30
968	31
969	30
970	24
971	34
972	35
973	32
974	24
975	32
976	27
977	29
978	21
979	33
980	25
981	30
982	30
983	34
984	19
985	25
986	16
987	27
988	21
989	30
990	30
991	28
992	30
993	32
994	32
995	31
996	25
997	31
998	37
999	20
1000	27
1001	25
1002	39
1003	28
1004	23
1005	40
1006	29
1007	23
1008	27
1009	26
1010	28
1011	22
1012	33
1013	24
1014	15
1015	31
1016	27
1017	28
1018	33
1019	27
1020	25
1021	25
1022	38
1023	31
1024	27
1025	23
1026	26
1027	30
1028	33
1029	26
1030	21
1031	25
1032	22
1033	31
1034	26
1035	25
1036	26
1037	25
1038	34
1039	29
1040	33
1041	33
1042	25
1043	26
1044	36
1045	35
1046	20
1047	34
1048	32
1049	21
1050	29
1051	20
1052	19
1053	31
1054	36
1055	22
1056	16
1057	36
1058	29
1059	27
1060	29
1061	17
1062	30
1063	45
1064	32
1065	18
1066	31
1067	31
1068	32
1069	24
1070	28
1071	34
1072	34
1073	25
1074	17
1075	24
1076	24
1077	22
1078	25
1079	26
1080	34
1081	33
1082	30
1083	27
1084	30
1085	36
1086	26
1087	27
1088	33
1089	29
1090	35
1091	30
1092	39
1093	24
1094	39
1095	35
1096	34
1097	30
1098	36
1099	29
1100	38
1101	34
1102	24
1103	29
1104	41
1105	18
1106	23
1107	31
1108	23
1109	26
1110	26
1111	18
1112	30
1113	30
1114	29
1115	45
1116	31
1117	29
1118	30
1119	29
1120	24
1121	34
1122	33
1123	28
1124	26
1125	33
1126	29
1127	33
1128	31
1129	33
1130	23
1131	32
1132	33
1133	26
1134	34
1135	38
1136	17
1137	35
1138	25
1139	24
1140	36
1141	27
1142	42
1143	26
1144	36
1145	36
1146	30
1147	32
1148	31
1149	37
1150	29
1151	28
1152	29
1153	32
1154	30
1155	32
1156	30
1157	24
1158	31
1159	34
1160	29
1161	25
1162	32
1163	29
1164	34
1165	24
1166	34
1167	22
1168	31
1169	23
1170	29
1171	26
1172	25
1173	30
1174	26
1175	26
1176	26
1177	25
1178	31
1179	30
1180	35
1181	34
1182	27
1183	36
1184	38
1185	31
1186	33
1187	30
1188	25
1189	24
1190	30
1191	35
1192	34
1193	23
1194	34
1195	27
1196	27
1197	36
1198	39
1199	16
1200	26
1201	40
1202	24
1203	44
1204	35
1205	23
1206	32
1207	31
1208	27
1209	31
1210	36
1211	28
1212	27
1213	30
1214	38
1215	33
1216	27
1217	25
1218	31
1219	35
1220	33
1221	34
1222	36
1223	43
1224	31
1225	37
1226	30
1227	24
1228	31
1229	28
1230	33
1231	32
1232	31
1233	31
1234	26
1235	31
1236	26
1237	37
1238	21
1239	26
1240	29
1241	42
1242	25
1243	32
1244	25
1245	37
1246	35
1247	40
1248	28
1249	21
1250	27
1251	48
1252	30
1253	41
1254	32
1255	28
1256	22
1257	23
1258	24
1259	35
1260	37
1261	34
1262	34
1263	28
1264	40
1265	25
1266	31
1267	33
1268	18
1269	20
1270	31
1271	33
1272	28
1273	34
1274	28
1275	32
1276	33
1277	30
1278	23
1279	30
1280	29
1281	29
1282	32
1283	29
1284	32
1285	30
1286	31
1287	32
1288	27
1289	26
1290	38
1291	32
1292	37
1293	20
1294	32
1295	30
1296	29
1297	27
1298	34
1299	35
1300	35
1301	35
1302	23
1303	36
1304	38
1305	27
1306	26
1307	43
1308	35
1309	35
1310	39
1311	32
1312	23
1313	33
1314	35
1315	38
1316	40
1317	33
1318	44
1319	31
1320	26
1321	38
1322	31
1323	33
1324	37
1325	34
1326	33
1327	38
1328	36
1329	27
1330	31
1331	38
1332	35
1333	30
1334	30
1335	36
1336	32
1337	37
1338	30
1339	42
1340	39
1341	33
1342	29
1343	44
1344	36
1345	30
1346	27
1347	28
1348	29
1349	38
1350	34
1351	36
1352	44
1353	31
1354	37
1355	34
1356	26
1357	40
1358	31
1359	28
1360	28
1361	38
1362	39
1363	31
1364	27
1365	25
1366	30
1367	30
1368	35
1369	20
1370	19
1371	29
1372	38
1373	35
1374	16
1375	36
1376	24
1377	26
1378	36
1379	32
1380	27
1381	32
1382	22
1383	32
1384	20
1385	36
1386	38
1387	34
1388	32
1389	34
1390	27
1391	30
1392	29
1393	33
1394	37
1395	32
1396	33
1397	30
1398	35
1399	29
1400	44
1401	34
1402	36
1403	32
1404	44
1405	35
1406	37
1407	22
1408	40
1409	28
1410	28
1411	30
1412	42
1413	33
1414	25
1415	37
1416	34
1417	28
1418	34
1419	33
1420	38
1421	31
1422	42
1423	29
1424	24
1425	35
1426	31
1427	26
1428	28
1429	31
1430	34
1431	27
1432	29
1433	33
1434	40
1435	35
1436	38
1437	34
1438	43
1439	38
1440	36
1441	41
1442	39
1443	25
1444	28
1445	38
1446	24
1447	35
1448	37
1449	39
1450	36
1451	34
1452	41
1453	36
1454	32
1455	33
1456	32
1457	39
1458	31
1459	34
1460	27
1461	28
1462	36
1463	30
1464	29
1465	40
1466	36
1467	34
1468	35
1469	36
1470	35
1471	32
1472	29
1473	37
1474	38
1475	17
1476	33
1477	25
1478	45
1479	35
1480	32
1481	41
1482	40
1483	33
1484	27
1485	48
1486	26
1487	35
1488	38
1489	41
1490	32
1491	33
1492	37
1493	30
1494	36
1495	23
1496	37
1497	41
1498	31
1499	27
1500	31
1501	21
1502	32
1503	37
1504	29
1505	35
1506	30
1507	27
1508	39
1509	37
1510	45
1511	29
1512	32
1513	30
1514	37
1515	29
1516	37
1517	50
1518	35
1519	24
1520	30
1521	24
1522	33
1523	40
1524	32
1525	31
1526	26
1527	23
1528	40
1529	30
1530	38
1531	32
1532	36
1533	43
1534	29
1535	31
1536	32
1537	27
1538	31
1539	35
1540	31
1541	38
1542	32
1543	29
1544	34
1545	29
1546	32
1547	40
1548	27
1549	27
1550	26
1551	27
1552	35
1553	32
1554	35
1555	38
1556	28
1557	39
1558	23
1559	33
1560	37
1561	29
1562	34
1563	35
1564	31
1565	26
1566	34
1567	33
1568	33
1569	27
1570	36
1571	24
1572	36
1573	33
1574	30
1575	24
1576	29
1577	34
1578	30
1579	37
1580	20
1581	36
1582	33
1583	37
1584	28
1585	32
1586	29
1587	29
1588	29
1589	33
1590	29
1591	24
1592	32
1593	30
1594	29
1595	41
1596	38
1597	32
1598	29
1599	37
1600	34
1601	29
1602	26
1603	37
1604	34
1605	27
1606	37
1607	28
1608	35
1609	27
1610	25
1611	20
1612	35
1613	16
1614	34
1615	35
1616	33
1617	33
1618	33
1619	31
1620	32
1621	28
1622	27
1623	33
1624	31
1625	33
1626	34
1627	25
1628	28
1629	34
1630	38
1631	37
1632	27
1633	33
1634	27
1635	32
1636	22
1637	28
1638	35
1639	28
1640	24
1641	31
1642	34
1643	27
1644	27
1645	34
1646	29
1647	43
1648	44
1649	26
1650	27
1651	31
1652	30
1653	32
1654	33
1655	33
1656	25
1657	37
1658	31
1659	32
1660	29
1661	30
1662	46
1663	38
1664	32
1665	43
1666	22
1667	18
1668	23
1669	19
1670	29
1671	31
1672	29
1673	31
1674	40
1675	33
1676	28
1677	34
1678	35
1679	27
1680	32
1681	28
1682	49
1683	24
1684	30
1685	37
1686	22
1687	27
1688	27
1689	46
1690	30
1691	36
1692	40
1693	30
1694	29
1695	31
1696	39
1697	31
1698	34
1699	36
1700	41
1701	34
1702	28
1703	38
1704	35
1705	37
1706	37
1707	43
1708	26
1709	25
1710	37
1711	30
1712	47
1713	36
1714	40
1715	32
1716	36
1717	34
1718	36
1719	34
1720	54
1721	34
1722	30
1723	38
1724	41
1725	38
1726	47
1727	24
1728	31
1729	38
1730	41
1731	53
1732	39
1733	30
1734	39
1735	45
1736	37
1737	47
1738	35
1739	42
1740	40
1741	32
1742	41
1743	32
1744	34
1745	46
1746	32
1747	38
1748	43
1749	31
1750	38
1751	37
1752	33
1753	50
1754	36
1755	49
1756	23
1757	44
1758	37
1759	36
1760	32
1761	38
1762	49
1763	41
1764	46
1765	39
1766	40
1767	49
1768	50
1769	33
1770	40
1771	44
1772	37
1773	50
1774	53
1775	50
1776	40
1777	34
1778	37
1779	29
1780	27
1781	33
1782	43
1783	43
1784	39
1785	37
1786	47
1787	51
1788	42
1789	29
1790	43
1791	40
1792	35
1793	41
1794	40
1795	47
1796	49
1797	39
1798	31
1799	49
1800	43
1801	56
1802	34
1803	50
1804	45
1805	39
1806	36
1807	30
1808	47
1809	40
1810	38
1811	42
1812	46
1813	36
1814	48
1815	49
1816	30
1817	38
1818	39
1819	55
1820	51
1821	56
1822	41
1823	36
1824	39
1825	45
1826	45
1827	44
1828	40
1829	34
1830	41
1831	45
1832	49
1833	46
1834	46
1835	45
1836	42
1837	48
1838	41
1839	44
1840	42
1841	38
1842	31
1843	43
1844	42
1845	42
1846	54
1847	50
1848	39
1849	49
1850	60
1851	41
1852	43
1853	50
1854	46
1855	38
1856	41
1857	44
1858	34
1859	45
1860	45
1861	39
1862	49
1863	51
1864	47
1865	38
1866	44
1867	37
1868	46
1869	63
1870	46
1871	37
1872	44
1873	37
1874	47
1875	49
1876	42
1877	58
1878	56
1879	43
1880	57
1881	51
1882	35
1883	31
1884	40
1885	36
1886	38
1887	37
1888	40
1889	37
1890	52
1891	42
1892	47
1893	44
1894	34
1895	44
1896	35
1897	45
1898	45
1899	60
1900	42
1901	42
1902	51
1903	54
1904	45
1905	40
1906	43
1907	37
1908	46
1909	41
1910	58
1911	39
1912	38
1913	45
1914	36
1915	50
1916	39
1917	42
1918	46
1919	40
1920	39
1921	40
1922	35
1923	32
1924	45
1925	33
1926	30
1927	39
1928	36
1929	43
1930	52
1931	50
1932	37
1933	32
1934	41
1935	45
1936	40
1937	41
1938	39
1939	34
1940	30
1941	29
1942	47
1943	36
1944	46
1945	41
1946	31
1947	46
1948	33
1949	43
1950	34
1951	36
1952	42
1953	32
1954	43
1955	38
1956	46
1957	35
1958	47
1959	50
1960	45
1961	40
1962	43
1963	42
1964	35
1965	27
1966	35
1967	40
1968	43
1969	30
1970	38
1971	41
1972	31
1973	35
1974	35
1975	28
1976	21
1977	35
1978	39
1979	31
1980	38
1981	29
1982	27
1983	35
1984	22
1985	31
1986	35
1987	33
1988	34
1989	44
1990	29
1991	34
1992	38
1993	33
1994	43
1995	27
1996	27
1997	27
1998	36
1999	36
2000	27
2001	32
2002	26
2003	46
2004	37
2005	30
2006	30
2007	34
2008	38
2009	34
2010	31
2011	37
2012	21
2013	31
2014	37
2015	46
2016	32
2017	31
2018	37
2019	44
2020	25
2021	26
2022	21
2023	26
2024	47
2025	24
2026	26
2027	23
2028	33
2029	32
2030	29
2031	38
2032	24
2033	28
2034	14
2035	20
2036	25
2037	30
2038	28
2039	21
2040	26
2041	27
2042	24
2043	28
2044	22
2045	21
2046	26
2047	23
2048	29
2049	31
2050	23
2051	18
2052	29
2053	32
2054	27
2055	27
2056	35
2057	20
2058	31
2059	33
2060	21
2061	25
2062	21
2063	20
2064	26
2065	16
2066	26
2067	22
2068	24
2069	25
2070	30
2071	24
2072	18
2073	19
2074	24
2075	26
2076	23
2077	28
2078	34
2079	23
2080	26
2081	19
2082	22
2083	19
2084	21
2085	26
2086	27
2087	22
2088	24
2089	24
2090	19
2091	27
2092	19
2093	26
2094	32
2095	22
2096	19
2097	24
2098	15
2099	16
2100	21
2101	32
2102	26
2103	24
2104	18
2105	16
2106	20
2107	26
2108	21
2109	27
2110	16
2111	16
2112	17
2113	20
2114	24
2115	18
2116	29
2117	26
2118	20
2119	29
2120	27
2121	20
2122	23
2123	19
2124	19
2125	20
2126	17
2127	28
2128	24
2129	22
2130	25
2131	23
2132	17
2133	25
2134	18
2135	17
2136	16
2137	25
2138	19
2139	13
2140	28
2141	18
2142	22
2143	20
2144	19
2145	16
2146	18
2147	12
2148	19
2149	20
2150	19
2151	16
2152	17
2153	17
2154	25
2155	29
2156	19
2157	18
2158	16
2159	21
2160	27
2161	16
2162	24
2163	19
2164	24
2165	23
2166	35
2167	21
2168	19
2169	16
2170	16
2171	18
2172	30
2173	23
2174	21
2175	15
2176	25
2177	24
2178	17
2179	16
2180	18
2181	18
2182	14
2183	21
2184	19
2185	18
2186	21
2187	20
2188	25
2189	21
2190	17
2191	16
2192	19
2193	24
2194	15
2195	30
2196	18
2197	18
2198	20
2199	15
2200	20
2201	10
2202	21
2203	18
2204	17
2205	19
2206	9
2207	22
2208	30
2209	25
2210	20
2211	28
2212	17
2213	21
2214	16
2215	21
2216	25
2217	16
2218	29
2219	19
2220	26
2221	15
2222	26
2223	17
2224	27
2225	19
2226	20
2227	17
2228	19
2229	19
2230	22
2231	24
2232	23
2233	19
2234	11
2235	21
2236	21
2237	17
2238	14
2239	20
2240	15
2241	26
2242	16
2243	18
2244	18
2245	27
2246	21
2247	20
2248	27
2249	31
2250	26
2251	19
2252	21
2253	23
2254	22
2255	14
2256	20
2257	19
2258	15
2259	28
2260	22
2261	22
2262	14
2263	14
2264	15
2265	14
2266	16
2267	19
2268	33
2269	23
2270	17
2271	15
2272	17
2273	25
2274	18
2275	20
2276	27
2277	21
2278	26
2279	19
2280	17
2281	22
2282	15
2283	26
2284	12
2285	16
2286	14
2287	16
2288	28
2289	15
2290	19
2291	17
2292	18
2293	15
2294	16
2295	15
2296	18
2297	24
2298	18
2299	18
2300	31
2301	15
2302	20
2303	14
2304	17
2305	18
2306	21
2307	22
2308	14
2309	23
2310	26
2311	15
2312	17
2313	23
2314	21
2315	19
2316	19
2317	15
2318	15
2319	17
2320	12
2321	16
2322	9
2323	21
2324	21
2325	27
2326	15
2327	17
2328	25
2329	16
2330	23
2331	26
2332	19
2333	14
2334	19
2335	18
2336	27
2337	17
2338	18
2339	18
2340	24
2341	17
2342	21
2343	23
2344	20
2345	21
2346	22
2347	20
2348	21
2349	23
2350	27
2351	22
2352	29
2353	16
2354	23
2355	12
2356	23
2357	11
2358	15
2359	20
2360	22
2361	16
2362	22
2363	24
2364	19
2365	22
2366	21
2367	17
2368	15
2369	15
2370	17
2371	16
2372	14
2373	24
2374	17
2375	24
2376	14
2377	20
2378	24
2379	22
2380	15
2381	19
2382	15
2383	14
2384	21
2385	23
2386	14
2387	14
2388	18
2389	22
2390	15
2391	22
2392	15
2393	16
2394	20
2395	18
2396	19
2397	23
2398	18
2399	20
2400	14
2401	16
2402	14
2403	27
2404	21
2405	14
2406	14
2407	17
2408	25
2409	20
2410	13
2411	20
2412	24
2413	25
2414	15
2415	19
2416	14
2417	20
2418	25
2419	20
2420	19
2421	24
2422	12
2423	17
2424	23
2425	19
2426	19
2427	19
2428	16
2429	12
2430	11
2431	23
2432	20
2433	15
2434	22
2435	15
2436	20
2437	21
2438	13
2439	14
2440	12
2441	19
2442	20
2443	17
2444	19
2445	19
2446	20
2447	21
2448	17
2449	24
2450	19
2451	19
2452	12
2453	13
2454	19
2455	17
2456	26
2457	11
2458	16
2459	14
2460	19
2461	15
2462	16
2463	22
2464	16
2465	20
2466	23
2467	15
2468	24
2469	17
2470	10
2471	15
2472	20
2473	23
2474	17
2475	13
2476	22
2477	14
2478	24
2479	23
2480	17
2481	23
2482	21
2483	19
2484	26
2485	16
2486	18
2487	13
2488	24
2489	18
2490	23
2491	15
2492	15
2493	14
2494	9
2495	16
2496	13
2497	19
2498	17
2499	16
2500	22
2501	26
2502	20
2503	17
2504	21
2505	14
2506	17
2507	13
2508	17
2509	19
2510	19
2511	22
2512	17
2513	24
2514	27
2515	22
2516	24
2517	14
2518	17
2519	13
2520	13
2521	21
2522	14
2523	17
2524	24
2525	17
2526	19
2527	18
2528	23
2529	22
2530	21
2531	21
2532	22
2533	10
2534	19
2535	16
2536	15
2537	27
2538	20
2539	15
2540	18
2541	12
2542	13
2543	9
2544	18
2545	8
2546	14
2547	15
2548	16
2549	14
2550	17
2551	16
2552	21
2553	15
2554	17
2555	13
2556	17
2557	8
2558	13
2559	12
2560	16
2561	18
2562	17
2563	17
2564	14
2565	16
2566	19
2567	22
2568	19
2569	20
2570	18
2571	19
2572	23
2573	20
2574	15
2575	27
2576	12
2577	14
2578	9
2579	12
2580	15
2581	15
2582	17
2583	21
2584	13
2585	15
2586	13
2587	8
2588	20
2589	19
2590	16
2591	13
2592	21
2593	13
2594	21
2595	12
2596	15
2597	21
2598	19
2599	12
2600	19
2601	15
2602	19
2603	25
2604	15
2605	23
2606	14
2607	18
2608	11
2609	14
2610	19
2611	21
2612	25
2613	11
2614	11
2615	22
2616	14
2617	22
2618	17
2619	19
2620	23
2621	25
2622	20
2623	19
2624	22
2625	7
2626	27
2627	17
2628	15
2629	19
2630	17
2631	19
2632	25
2633	17
2634	9
2635	25
2636	16
2637	15
2638	13
2639	15
2640	15
2641	19
2642	10
2643	24
2644	18
2645	10
2646	18
2647	21
2648	18
2649	14
2650	16
2651	14
2652	11
2653	23
2654	11
2655	16
2656	12
2657	20
2658	15
2659	16
2660	21
2661	23
2662	15
2663	12
2664	11
2665	20
2666	13
2667	9
2668	14
2669	15
2670	15
2671	17
2672	14
2673	17
2674	21
2675	29
2676	14
2677	9
2678	15
2679	16
2680	18
2681	20
2682	17
2683	25
2684	20
2685	20
2686	18
2687	21
2688	20
2689	8
2690	14
2691	16
2692	13
2693	8
2694	18
2695	12
2696	24
2697	19
2698	17
2699	15
2700	13
2701	8
2702	20
2703	13
2704	16
2705	15
2706	25
2707	14
2708	16
2709	13
2710	20
2711	11
2712	16
2713	9
2714	15
2715	11
2716	13
2717	14
2718	17
2719	12
2720	15
2721	12
2722	21
2723	17
2724	11
2725	20
2726	23
2727	18
2728	17
2729	13
2730	10
2731	20
2732	14
2733	17
2734	18
2735	20
2736	11
2737	19
2738	19
2739	23
2740	14
2741	23
2742	18
2743	19
2744	18
2745	11
2746	10
2747	12
2748	8
2749	20
2750	12
2751	18
2752	8
2753	14
2754	18
2755	15
2756	11
2757	16
2758	14
2759	17
2760	13
2761	17
2762	20
2763	23
2764	20
2765	14
2766	12
2767	11
2768	15
2769	16
2770	9
2771	11
2772	14
2773	14
2774	16
2775	18
2776	16
2777	20
2778	17
2779	12
2780	18
2781	24
2782	19
2783	17
2784	8
2785	10
2786	15
2787	12
2788	11
2789	19
2790	8
2791	14
2792	15
2793	16
2794	19
2795	15
2796	14
2797	15
2798	11
2799	11
2800	15
2801	20
2802	27
2803	12
2804	15
2805	17
2806	20
2807	14
2808	12
2809	15
2810	22
2811	12
2812	21
2813	20
2814	21
2815	15
2816	19
2817	12
2818	17
2819	9
2820	21
2821	13
2822	21
2823	18
2824	15
2825	15
2826	15
2827	13
2828	12
2829	17
2830	15
2831	16
2832	17
2833	17
2834	13
2835	14
2836	15
2837	25
2838	22
2839	16
2840	16
2841	18
2842	17
2843	25
2844	9
2845	14
2846	14
2847	13
2848	11
2849	16
2850	23
2851	12
2852	13
2853	11
2854	11
2855	22
2856	24
2857	16
2858	14
2859	23
2860	18
2861	9
2862	14
2863	14
2864	16
2865	14
2866	19
2867	11
2868	9
2869	15
2870	17
2871	13
2872	12
2873	16
2874	15
2875	14
2876	16
2877	14
2878	14
2879	12
2880	10
2881	9
2882	21
2883	15
2884	13
2885	12
2886	15
2887	20
2888	15
2889	24
2890	22
2891	18
2892	24
2893	13
2894	13
2895	19
2896	8
2897	16
2898	19
2899	19
2900	15
2901	11
2902	13
2903	16
2904	10
2905	17
2906	14
2907	14
2908	14
2909	15
2910	11
2911	13
2912	13
2913	18
2914	13
2915	10
2916	12
2917	16
2918	11
2919	13
2920	19
2921	12
2922	16
2923	16
2924	11
2925	14
2926	22
2927	27
2928	18
2929	19
2930	15
2931	14
2932	13
2933	23
2934	14
2935	15
2936	15
2937	6
2938	13
2939	15
2940	21
2941	17
2942	18
2943	8
2944	19
2945	23
2946	16
2947	15
2948	17
2949	6
2950	16
2951	14
2952	10
2953	16
2954	18
2955	17
2956	18
2957	14
2958	16
2959	23
2960	18
2961	17
2962	16
2963	15
2964	17
2965	14
2966	16
2967	15
2968	10
2969	12
2970	12
2971	14
2972	14
2973	15
2974	8
2975	9
2976	17
2977	11
2978	20
2979	14
2980	18
2981	13
2982	19
2983	19
2984	16
2985	12
2986	16
2987	14
2988	16
2989	12
2990	20
2991	16
2992	6
2993	13
2994	17
2995	18
2996	10
2997	26
2998	18
2999	19
3000	18
3001	17
3002	19
3003	12
3004	15
3005	15
3006	19
3007	16
3008	9
3009	13
3010	22
3011	14
3012	19
3013	10
3014	12
3015	12
3016	15
3017	17
3018	18
3019	12
3020	15
3021	21
3022	13
3023	21
3024	13
3025	13
3026	19
3027	13
3028	14
3029	19
3030	10
3031	12
3032	13
3033	14
3034	15
3035	9
3036	23
3037	19
3038	17
3039	14
3040	16
3041	12
3042	14
3043	19
3044	12
3045	15
3046	17
3047	9
3048	20
3049	10
3050	16
3051	12
3052	10
3053	17
3054	13
3055	17
3056	21
3057	18
3058	18
3059	15
3060	13
3061	14
3062	15
3063	11
3064	14
3065	18
3066	19
3067	11
3068	16
3069	17
3070	15
3071	8
3072	14
3073	15
3074	11
3075	19
3076	12
3077	15
3078	16
3079	17
3080	18
3081	18
3082	14
3083	17
3084	13
3085	13
3086	15
3087	20
3088	21
3089	20
3090	10
3091	16
3092	20
3093	14
3094	11
3095	19
3096	12
3097	14
3098	14
3099	12
3100	23
3101	12
3102	10
3103	10
3104	15
3105	12
3106	17
3107	18
3108	19
3109	20
3110	13
3111	17
3112	13
3113	13
3114	13
3115	15
3116	20
3117	13
3118	13
3119	10
3120	10
3121	15
3122	7
3123	9
3124	8
3125	12
3126	27
3127	10
3128	12
3129	16
3130	14
3131	7
3132	10
3133	14
3134	17
3135	10
3136	18
3137	13
3138	16
3139	6
3140	20
3141	16
3142	16
3143	12
3144	10
3145	14
3146	21
3147	7
3148	12
3149	20
3150	15
3151	17
3152	18
3153	11
3154	12
3155	10
3156	10
3157	19
3158	14
3159	13
3160	15
3161	15
3162	12
3163	18
3164	21
3165	12
3166	15
3167	17
3168	14
3169	16
3170	12
3171	17
3172	16
3173	10
3174	12
3175	16
3176	16
3177	24
3178	15
3179	8
3180	12
3181	12
3182	11
3183	13
3184	16
3185	19
3186	13
3187	16
3188	14
3189	14
3190	9
3191	13
3192	12
3193	18
3194	6
3195	12
3196	16
3197	14
3198	7
3199	14
3200	10
3201	18
3202	18
3203	12
3204	9
3205	8
3206	18
3207	17
3208	15
3209	16
3210	10
3211	14
3212	15
3213	15
3214	13
3215	10
3216	11
3217	16
3218	11
3219	12
3220	8
3221	14
3222	12
3223	12
3224	12
3225	12
3226	14
3227	18
3228	17
3229	16
3230	21
3231	13
3232	17
3233	22
3234	15
3235	21
3236	15
3237	14
3238	10
3239	10
3240	11
3241	12
3242	15
3243	12
3244	16
3245	12
3246	22
3247	9
3248	12
3249	14
3250	10
3251	16
3252	12
3253	12
3254	15
3255	8
3256	10
3257	13
3258	13
3259	11
3260	8
3261	14
3262	13
3263	9
3264	11
3265	19
3266	13
3267	14
3268	19
3269	13
3270	9
3271	16
3272	10
3273	14
3274	14
3275	16
3276	16
3277	8
3278	15
3279	9
3280	17
3281	19
3282	16
3283	9
3284	11
3285	14
3286	13
3287	16
3288	11
3289	12
3290	19
3291	13
3292	9
3293	19
3294	10
3295	18
3296	12
3297	10
3298	14
3299	13
3300	18
3301	13
3302	14
3303	15
3304	15
3305	12
3306	10
3307	13
3308	14
3309	16
3310	14
3311	21
3312	11
3313	10
3314	11
3315	11
3316	17
3317	19
3318	14
3319	7
3320	14
3321	13
3322	16
3323	9
3324	10
3325	9
3326	13
3327	12
3328	10
3329	12
3330	13
3331	18
3332	10
3333	11
3334	13
3335	13
3336	13
3337	15
3338	14
3339	14
3340	15
3341	15
3342	11
3343	15
3344	14
3345	12
3346	11
3347	10
3348	19
3349	15
3350	17
3351	9
3352	11
3353	16
3354	12
3355	11
3356	9
3357	12
3358	13
3359	10
3360	12
3361	15
3362	13
3363	11
3364	14
3365	19
3366	15
3367	5
3368	15
3369	14
3370	9
3371	10
3372	14
3373	18
3374	15
3375	14
3376	18
3377	13
3378	15
3379	20
3380	12
3381	17
3382	9
3383	11
3384	15
3385	16
3386	16
3387	9
3388	14
3389	11
3390	12
3391	11
3392	15
3393	13
3394	8
3395	9
3396	11
3397	14
3398	10
3399	10
3400	11
3401	11
3402	7
3403	14
3404	17
3405	13
3406	10
3407	7
3408	16
3409	12
3410	6
3411	14
3412	16
3413	10
3414	9
3415	12
3416	8
3417	14
3418	16
3419	8
3420	10
3421	14
3422	13
3423	7
3424	9
3425	11
3426	11
3427	8
3428	9
3429	10
3430	11
3431	9
3432	19
3433	15
3434	15
3435	7
3436	18
3437	6
3438	10
3439	9
3440	10
3441	12
3442	9
3443	7
3444	11
3445	11
3446	8
3447	11
3448	8
3449	11
3450	15
3451	8
3452	11
3453	10
3454	9
3455	9
3456	8
3457	8
3458	18
3459	17
3460	19
3461	7
3462	9
3463	14
3464	10
3465	10
3466	10
3467	15
3468	12
3469	8
3470	13
3471	13
3472	8
3473	13
3474	12
3475	11
3476	10
3477	11
3478	9
3479	17
3480	17
3481	13
3482	11
3483	14
3484	9
3485	13
3486	12
3487	10
3488	11
3489	15
3490	10
3491	13
3492	10
3493	10
3494	6
3495	9
3496	11
3497	12
3498	14
3499	13
3500	15
3501	17
3502	21
3503	11
3504	13
3505	15
3506	8
3507	10
3508	13
3509	4
3510	10
3511	11
3512	21
3513	13
3514	10
3515	9
3516	16
3517	7
3518	11
3519	12
3520	17
3521	17
3522	14
3523	13
3524	19
3525	13
3526	7
3527	8
3528	12
3529	9
3530	7
3531	10
3532	9
3533	14
3534	21
3535	14
3536	15
3537	5
3538	17
3539	10
3540	12
3541	11
3542	9
3543	9
3544	14
3545	15
3546	6
3547	9
3548	11
3549	12
3550	9
3551	12
3552	13
3553	13
3554	15
3555	11
3556	24
3557	15
3558	13
3559	5
3560	13
3561	10
3562	14
3563	12
3564	20
3565	9
3566	8
3567	17
3568	10
3569	16
3570	11
3571	13
3572	13
3573	9
3574	10
3575	9
3576	13
3577	10
3578	12
3579	11
3580	12
3581	12
3582	10
3583	12
3584	11
3585	12
3586	8
3587	14
3588	4
3589	8
3590	11
3591	19
3592	7
3593	5
3594	16
3595	16
3596	18
3597	13
3598	10
3599	9
3600	11
3601	12
3602	13
3603	14
3604	13
3605	12
3606	16
3607	12
3608	11
3609	16
3610	10
3611	12
3612	9
3613	10
3614	10
3615	12
3616	15
3617	12
3618	17
3619	8
3620	12
3621	11
3622	9
3623	12
3624	8
3625	16
3626	9
3627	13
3628	10
3629	10
3630	11
3631	10
3632	9
3633	8
3634	9
3635	10
3636	15
3637	14
3638	12
3639	7
3640	13
3641	9
3642	8
3643	6
3644	14
3645	13
3646	12
3647	12
3648	12
3649	12
3650	15
3651	15
3652	12
3653	13
3654	15
3655	14
3656	18
3657	12
3658	16
3659	7
3660	9
3661	15
3662	10
3663	13
3664	12
3665	12
3666	13
3667	17
3668	10
3669	6
3670	9
3671	14
3672	13
3673	13
3674	10
3675	5
3676	12
3677	11
3678	15
3679	12
3680	14
3681	14
3682	6
3683	7
3684	11
3685	13
3686	19
3687	11
3688	9
3689	8
3690	14
3691	19
3692	9
3693	7
3694	10
3695	21
3696	12
3697	13
3698	11
3699	12
3700	13
3701	7
3702	6
3703	10
3704	12
3705	10
3706	6
3707	18
3708	11
3709	10
3710	12
3711	21
3712	15
3713	6
3714	15
3715	15
3716	16
3717	10
3718	8
3719	15
3720	13
3721	7
3722	11
3723	11
3724	15
3725	6
3726	10
3727	6
3728	10
3729	13
3730	13
3731	8
3732	7
3733	9
3734	13
3735	10
3736	10
3737	9
3738	7
3739	10
3740	20
3741	14
3742	6
3743	14
3744	18
3745	8
3746	9
3747	14
3748	16
3749	12
3750	15
3751	14
3752	23
3753	7
3754	9
3755	12
3756	12
3757	11
3758	11
3759	11
3760	17
3761	9
3762	18
3763	11
3764	11
3765	7
3766	9
3767	9
3768	11
3769	16
3770	14
3771	11
3772	9
3773	14
3774	17
3775	8
3776	14
3777	10
3778	12
3779	16
3780	10
3781	8
3782	16
3783	10
3784	12
3785	12
3786	16
3787	9
3788	9
3789	7
3790	14
3791	14
3792	15
3793	15
3794	17
3795	8
3796	14
3797	10
3798	8
3799	11
3800	16
3801	13
3802	14
3803	5
3804	10
3805	11
3806	11
3807	13
3808	11
3809	19
3810	11
3811	15
3812	9
3813	11
3814	14
3815	13
3816	14
3817	14
3818	15
3819	8
3820	13
3821	13
3822	18
3823	11
3824	10
3825	14
3826	13
3827	10
3828	11
3829	14
3830	14
3831	14
3832	16
3833	10
3834	7
3835	15
3836	16
3837	13
3838	11
3839	12
3840	10
3841	15
3842	10
3843	11
3844	11
3845	13
3846	11
3847	13
3848	5
3849	24
3850	6
3851	14
3852	13
3853	15
3854	13
3855	11
3856	17
3857	12
3858	6
3859	9
3860	5
3861	12
3862	18
3863	13
3864	6
3865	6
3866	15
3867	18
3868	15
3869	12
3870	11
3871	10
3872	12
3873	12
3874	14
3875	12
3876	10
3877	15
3878	15
3879	8
3880	14
3881	11
3882	11
3883	15
3884	10
3885	7
3886	15
3887	13
3888	11
3889	11
3890	9
3891	20
3892	10
3893	10
3894	16
3895	11
3896	14
3897	12
3898	16
3899	12
3900	14
3901	6
3902	9
3903	12
3904	4
3905	14
3906	15
3907	12
3908	17
3909	4
3910	15
3911	8
3912	14
3913	16
3914	18
3915	15
3916	22
3917	10
3918	11
3919	12
3920	6
3921	12
3922	19
3923	12
3924	8
3925	8
3926	14
3927	10
3928	11
3929	9
3930	11
3931	7
3932	13
3933	8
3934	12
3935	18
3936	18
3937	15
3938	19
3939	9
3940	7
3941	10
3942	12
3943	15
3944	7
3945	11
3946	19
3947	14
3948	9
3949	9
3950	15
3951	12
3952	12
3953	11
3954	13
3955	11
3956	15
3957	15
3958	11
3959	13
3960	13
3961	14
3962	17
3963	11
3964	11
3965	14
3966	10
3967	8
3968	14
3969	13
3970	9
3971	14
3972	20
3973	13
3974	12
3975	7
3976	9
3977	11
3978	17
3979	8
3980	16
3981	7
3982	11
3983	13
3984	9
3985	15
3986	9
3987	19
3988	5
3989	11
3990	14
3991	12
3992	16
3993	8
3994	16
3995	15
3996	12
3997	11
3998	16
3999	11
4000	9
4001	10
4002	10
4003	9
4004	15
4005	11
4006	19
4007	4
4008	11
4009	9
4010	12
4011	10
4012	8
4013	12
4014	12
4015	13
4016	7
4017	11
4018	12
4019	19
4020	14
4021	6
4022	12
4023	18
4024	15
4025	6
4026	11
4027	10
4028	10
4029	11
4030	11
4031	9
4032	7
4033	11
4034	10
4035	10
4036	15
4037	14
4038	14
4039	13
4040	7
4041	16
4042	10
4043	15
4044	12
4045	22
4046	13
4047	12
4048	10
4049	17
4050	10
4051	9
4052	3
4053	11
4054	9
4055	13
4056	12
4057	18
4058	19
4059	13
4060	13
4061	20
4062	10
4063	14
4064	12
4065	17
4066	10
4067	9
4068	14
4069	12
4070	15
4071	19
4072	17
4073	12
4074	21
4075	18
4076	12
4077	21
4078	12
4079	13
4080	15
4081	14
4082	14
4083	8
4084	9
4085	8
4086	11
4087	17
4088	10
4089	11
4090	11
4091	14
4092	18
4093	12
4094	12
4095	19
4096	22
4097	7
4098	18
4099	13
4100	7
4101	15
4102	11
4103	11
4104	13
4105	14
4106	11
4107	12
4108	12
4109	9
4110	14
4111	12
4112	12
4113	17
4114	13
4115	9
4116	15
4117	12
4118	11
4119	9
4120	17
4121	11
4122	13
4123	8
4124	14
4125	14
4126	6
4127	15
4128	14
4129	13
4130	10
4131	21
4132	6
4133	11
4134	18
4135	17
4136	10
4137	11
4138	17
4139	12
4140	8
4141	15
4142	6
4143	14
4144	11
4145	10
4146	14
4147	13
4148	15
4149	13
4150	9
4151	14
4152	16
4153	17
4154	11
4155	13
4156	17
4157	18
4158	3
4159	5
4160	12
4161	17
4162	11
4163	21
4164	13
4165	14
4166	18
4167	16
4168	11
4169	18
4170	14
4171	18
4172	11
4173	9
4174	11
4175	13
4176	13
4177	16
4178	8
4179	11
4180	14
4181	17
4182	9
4183	13
4184	14
4185	10
4186	4
4187	10
4188	11
4189	14
4190	12
4191	17
4192	10
4193	13
4194	18
4195	12
4196	14
4197	14
4198	10
4199	14
4200	11
4201	16
4202	16
4203	22
4204	14
4205	9
4206	18
4207	8
4208	14
4209	18
4210	11
4211	16
4212	8
4213	18
4214	14
4215	13
4216	13
4217	14
4218	9
4219	15
4220	16
4221	11
4222	9
4223	13
4224	13
4225	10
4226	18
4227	12
4228	14
4229	12
4230	13
4231	12
4232	16
4233	11
4234	12
4235	16
4236	14
4237	7
4238	12
4239	19
4240	10
4241	9
4242	16
4243	13
4244	11
4245	13
4246	17
4247	10
4248	16
4249	7
4250	13
4251	11
4252	11
4253	12
4254	8
4255	13
4256	10
4257	15
4258	10
4259	11
4260	14
4261	14
4262	16
4263	4
4264	12
4265	13
4266	14
4267	13
4268	11
4269	12
4270	22
4271	10
4272	13
4273	15
4274	18
4275	11
4276	19
4277	13
4278	13
4279	22
4280	12
4281	16
4282	6
4283	15
4284	19
4285	20
4286	18
4287	13
4288	14
4289	14
4290	10
4291	14
4292	15
4293	14
4294	11
4295	19
4296	21
4297	15
4298	9
4299	11
4300	14
4301	12
4302	7
4303	27
4304	18
4305	14
4306	13
4307	16
4308	14
4309	16
4310	15
4311	13
4312	18
4313	15
4314	15
4315	14
4316	18
4317	21
4318	22
4319	11
4320	11
4321	15
4322	10
4323	13
4324	13
4325	20
4326	19
4327	14
4328	14
4329	8
4330	17
4331	21
4332	17
4333	14
4334	15
4335	15
4336	19
4337	12
4338	13
4339	13
4340	9
4341	8
4342	17
4343	15
4344	17
4345	11
4346	16
4347	11
4348	13
4349	21
4350	17
4351	12
4352	8
4353	16
4354	8
4355	16
4356	10
4357	14
4358	14
4359	14
4360	17
4361	10
4362	12
4363	11
4364	18
4365	17
4366	11
4367	12
4368	17
4369	18
4370	13
4371	13
4372	14
4373	20
4374	10
4375	16
4376	9
4377	17
4378	15
4379	19
4380	12
4381	19
4382	18
4383	10
4384	17
4385	17
4386	20
4387	15
4388	11
4389	16
4390	16
4391	14
4392	22
4393	17
4394	14
4395	13
4396	25
4397	15
4398	19
4399	13
4400	12
4401	14
4402	17
4403	15
4404	13
4405	20
4406	12
4407	20
4408	14
4409	13
4410	20
4411	15
4412	12
4413	17
4414	14
4415	11
4416	17
4417	17
4418	17
4419	14
4420	21
4421	17
4422	15
4423	10
4424	12
4425	9
4426	14
4427	19
4428	18
4429	13
4430	15
4431	15
4432	16
4433	16
4434	22
4435	17
4436	16
4437	24
4438	15
4439	12
4440	17
4441	17
4442	18
4443	15
4444	21
4445	9
4446	7
4447	15
4448	18
4449	11
4450	18
4451	15
4452	16
4453	11
4454	21
4455	13
4456	20
4457	16
4458	18
4459	14
4460	22
4461	16
4462	10
4463	9
4464	16
4465	11
4466	27
4467	19
4468	21
4469	16
4470	13
4471	14
4472	24
4473	25
4474	14
4475	17
4476	18
4477	18
4478	20
4479	22
4480	23
4481	10
4482	22
4483	15
4484	25
4485	19
4486	26
4487	18
4488	12
4489	10
4490	14
4491	11
4492	21
4493	15
4494	26
4495	24
4496	15
4497	19
4498	19
4499	23
4500	20
4501	14
4502	35
4503	22
4504	15
4505	16
4506	25
4507	17
4508	19
4509	18
4510	21
4511	18
4512	20
4513	14
4514	19
4515	23
4516	20
4517	16
4518	13
4519	24
4520	15
4521	12
4522	17
4523	22
4524	22
4525	29
4526	20
4527	14
4528	17
4529	12
4530	25
4531	23
4532	31
4533	19
4534	21
4535	22
4536	17
4537	31
4538	27
4539	22
4540	24
4541	26
4542	26
4543	15
4544	27
4545	17
4546	24
4547	21
4548	17
4549	18
4550	11
4551	22
4552	19
4553	20
4554	18
4555	18
4556	26
4557	18
4558	13
4559	22
4560	20
4561	20
4562	21
4563	17
4564	25
4565	24
4566	18
4567	19
4568	22
4569	20
4570	25
4571	27
4572	18
4573	25
4574	18
4575	19
4576	23
4577	23
4578	19
4579	25
4580	26
4581	24
4582	14
4583	15
4584	21
4585	20
4586	27
4587	21
4588	17
4589	20
4590	23
4591	29
4592	19
4593	19
4594	19
4595	35
4596	28
4597	23
4598	30
4599	26
4600	21
4601	20
4602	16
4603	33
4604	21
4605	18
4606	22
4607	34
4608	19
4609	20
4610	18
4611	26
4612	25
4613	30
4614	21
4615	20
4616	18
4617	33
4618	30
4619	34
4620	34
4621	24
4622	16
4623	22
4624	31
4625	28
4626	27
4627	26
4628	27
4629	24
4630	36
4631	21
4632	12
4633	26
4634	24
4635	29
4636	15
4637	24
4638	18
4639	23
4640	28
4641	27
4642	30
4643	26
4644	23
4645	22
4646	20
4647	27
4648	28
4649	27
4650	28
4651	19
4652	27
4653	31
4654	21
4655	19
4656	33
4657	18
4658	22
4659	29
4660	25
4661	25
4662	23
4663	15
4664	31
4665	17
4666	27
4667	25
4668	33
4669	23
4670	19
4671	27
4672	36
4673	27
4674	26
4675	22
4676	22
4677	26
4678	23
4679	24
4680	25
4681	27
4682	28
4683	26
4684	17
4685	32
4686	18
4687	16
4688	30
4689	31
4690	23
4691	23
4692	25
4693	24
4694	18
4695	28
4696	24
4697	22
4698	28
4699	20
4700	25
4701	27
4702	25
4703	19
4704	18
4705	21
4706	31
4707	24
4708	29
4709	28
4710	30
4711	25
4712	20
4713	21
4714	30
4715	22
4716	15
4717	20
4718	22
4719	21
4720	17
4721	22
4722	27
4723	29
4724	20
4725	28
4726	20
4727	25
4728	25
4729	23
4730	25
4731	20
4732	25
4733	29
4734	21
4735	26
4736	30
4737	27
4738	27
4739	24
4740	21
4741	23
4742	24
4743	20
4744	19
4745	31
4746	26
4747	28
4748	24
4749	23
4750	16
4751	21
4752	28
4753	29
4754	18
4755	23
4756	20
4757	15
4758	13
4759	15
4760	16
4761	16
4762	29
4763	20
4764	17
4765	23
4766	25
4767	16
4768	19
4769	24
4770	25
4771	15
4772	18
4773	20
4774	19
4775	14
4776	25
4777	24
4778	13
4779	29
4780	16
4781	18
4782	12
4783	16
4784	20
4785	16
4786	25
4787	15
4788	19
4789	27
4790	24
4791	20
4792	14
4793	17
4794	15
4795	22
4796	17
4797	21
4798	21
4799	19
4800	26
4801	30
4802	14
4803	16
4804	16
4805	7
4806	15
4807	21
4808	15
4809	16
4810	20
4811	22
4812	17
4813	11
4814	16
4815	19
4816	15
4817	15
4818	17
4819	20
4820	20
4821	15
4822	22
4823	14
4824	15
4825	10
4826	10
4827	16
4828	22
4829	15
4830	13
4831	11
4832	17
4833	12
4834	18
4835	14
4836	12
4837	15
4838	12
4839	15
4840	14
4841	13
4842	10
4843	13
4844	13
4845	11
4846	20
4847	14
4848	12
4849	13
4850	11
4851	17
4852	12
4853	15
4854	17
4855	11
4856	15
4857	14
4858	14
4859	11
4860	15
4861	13
4862	11
4863	11
4864	10
4865	11
4866	10
4867	7
4868	9
4869	14
4870	6
4871	14
4872	12
4873	9
4874	9
4875	13
4876	7
4877	6
4878	14
4879	5
4880	18
4881	12
4882	8
4883	14
4884	8
4885	7
4886	12
4887	15
4888	13
4889	3
4890	14
4891	7
4892	13
4893	10
4894	6
4895	9
4896	14
4897	4
4898	6
4899	11
4900	10
4901	11
4902	12
4903	13
4904	9
4905	8
4906	9
4907	12
4908	6
4909	7
4910	6
4911	7
4912	8
4913	6
4914	4
4915	5
4916	7
4917	5
4918	6
4919	10
4920	13
4921	5
4922	11
4923	7
4924	8
4925	6
4926	8
4927	7
4928	9
4929	6
4930	5
4931	8
4932	2
4933	10
4934	2
4935	8
4936	6
4937	3
4938	7
4939	10
4940	3
4941	3
4942	6
4943	5
4944	4
4945	6
4946	6
4947	6
4948	5
4949	4
4950	4
4951	5
4952	7
4953	4
4954	7
4955	4
4956	5
4957	4
4958	2
4959	5
4960	5
4961	2
4962	7
4963	1
4964	4
4965	6
4966	9
4967	4
4968	7
4969	1
4970	3
4971	4
4972	4
4973	1
4974	5
4975	1
4976	5
4977	5
4978	3
4979	3
4980	5
4981	6
4982	5
4983	3
4984	3
4985	6
4986	5
4987	3
4988	1
4989	6
4990	2
4991	5
4992	2
4993	2
4994	2
4995	5
4996	3
4997	2
4998	3
4999	4
5000	3
5001	7
5002	3
5003	4
5004	3
5005	3
5006	3
5007	3
5008	0
5009	2
5010	0
5011	2
5012	5
5013	1
5014	1
5015	2
5016	5
5017	6
5018	1
5019	2
5020	1
5021	5
5022	1
5023	1
5024	3
5025	4
5026	4
5027	3
5028	1
5029	3
5030	0
5031	0
5032	1
5033	3
5034	3
5035	3
5036	3
5037	1
5038	3
5039	4
5040	1
5041	0
5042	1
5043	1
5044	2
5045	4
5046	1
5047	2
5048	2
5049	3
5050	2
5051	2
5052	2
5053	1
5054	1
5055	0
5056	1
5057	1
5058	2
5059	2
5060	1
5061	2
5062	1
5063	4
5064	1
5065	1
5066	1
5067	1
5068	1
5069	1
5070	0
5071	0
5072	2
5073	1
5074	0
5075	0
5076	0
5077	1
5078	0
5079	3
5080	1
5081	1
5082	4
5083	3
5084	0
5085	0
5086	0
5087	0
5088	1
5089	0
5090	0
5091	0
5092	2
5093	0
5094	0
5095	0
5096	1
5097	4
5098	1
5099	1
5100	1
5101	1
5102	0
5103	3
5104	1
5105	1
5106	1
5107	2
5108	1
5109	1
5110	3
5111	1
5112	0
5113	2
5114	1
5115	0
5116	4
5117	0
5118	1
5119	0
5120	1
5121	0
5122	0
5123	0
5124	0
5125	0
5126	2
5127	0
5128	0
5129	0
5130	0
5131	0
5132	0
5133	1
5134	1
5135	2
5136	0
5137	0
5138	0
5139	1
5140	2
5141	0
5142	1
5143	2
5144	0
5145	2
5146	2
5147	0
5148	0
5149	1
5150	2
5151	0
5152	0
5153	0
5154	0
5155	1
5156	1
5157	0
5158	1
5159	0
5160	2
5161	1
5162	1
5163	0
5164	0
5165	0
5166	1
5167	0
5168	0
5169	2
5170	0
5171	0
5172	0
5173	0
5174	0
5175	0
5176	0
5177	2
5178	1
5179	1
5180	0
5181	1
5182	0
5183	1
5184	3
5185	1
5186	2
5187	0
5188	1
5189	2
5190	2
5191	0
5192	1
5193	1
5194	0
5195	1
5196	0
5197	1
5198	2
5199	0
5200	2
5201	0
5202	2
5203	0
5204	0
5205	0
5206	2
5207	0
5208	0
5209	2
5210	1
5211	1
5212	1
5213	0
5214	0
5215	2
5216	0
5217	1
5218	0
5219	0
5220	0
5221	0
5222	1
5223	0
5224	1
5225	0
5226	0
5227	0
5228	0
5229	0
5230	3
5231	0
5232	1
5233	0
5234	1
5235	0
5236	1
5237	0
5238	0
5239	0
5240	0
5241	0
5242	1
5243	1
5244	0
5245	1
5246	1
5247	1
5248	0
5249	0
5250	1
5251	3
5252	0
5253	0
5254	0
5255	0
5256	0
5257	0
5258	0
5259	0
5260	1
5261	0
5262	0
5263	0
5264	0
5265	0
5266	1
5267	0
5268	1
5269	0
5270	0
5271	0
5272	0
5273	0
5274	0
5275	0
5276	1
5277	2
5278	0
5279	1
5280	3
5281	0
5282	1
5283	0
5284	0
5285	0
5286	0
5287	0
5288	0
5289	0
5290	1
5291	0
5292	0
5293	2
5294	1
5295	0
5296	0
5297	0
5298	0
5299	0
5300	2
5301	1
5302	2
5303	0
5304	1
5305	0
5306	2
5307	4
5308	1
5309	0
5310	2
5311	2
5312	0
5313	1
5314	0
5315	1
5316	0
5317	0
5318	0
5319	0
5320	2
5321	0
5322	1
5323	1
5324	3
5325	1
5326	1
5327	0
5328	0
5329	1
5330	0
5331	1
5332	1
5333	0
5334	1
5335	0
5336	0
5337	2
5338	0
5339	0
5340	0
5341	1
5342	1
5343	1
5344	0
5345	2
5346	1
5347	0
5348	0
5349	0
5350	2
5351	0
5352	0
5353	0
5354	0
5355	0
5356	0
5357	0
5358	0
5359	1
5360	0
5361	1
5362	2
5363	1
5364	1
5365	0
5366	1
5367	1
5368	0
5369	0
5370	1
5371	0
5372	0
5373	0
5374	1
5375	0
5376	1
5377	0
5378	0
5379	0
5380	0
5381	2
5382	1
5383	2
5384	0
5385	1
5386	0
5387	0
5388	1
5389	0
5390	0
5391	0
5392	2
5393	1
5394	0
5395	1
5396	1
5397	0
5398	0
5399	1
5400	1
5401	0
5402	0
5403	0
5404	1
5405	0
5406	0
5407	2
5408	2
5409	0
5410	2
5411	1
5412	0
5413	1
5414	0
5415	1
5416	0
5417	0
5418	0
5419	1
5420	1
5421	0
5422	0
5423	2
5424	0
5425	0
5426	1
5427	1
5428	1
5429	0
5430	0
5431	0
5432	0
5433	1
5434	1
5435	0
5436	1
5437	1
5438	1
5439	0
5440	0
5441	0
5442	0
5443	0
5444	1
5445	0
5446	0
5447	3
5448	0
5449	1
5450	1
5451	1
5452	1
5453	0
5454	0
5455	0
5456	1
5457	0
5458	0
5459	0
5460	1
5461	1
5462	1
5463	0
5464	0
5465	0
5466	0
5467	0
5468	1
5469	0
5470	0
5471	0
5472	0
5473	0
5474	1
5475	1
5476	0
5477	0
5478	1
5479	1
5480	0
5481	1
5482	1
5483	0
5484	0
5485	0
5486	0
5487	1
5488	1
5489	0
5490	0
5491	1
5492	1
5493	0
5494	0
5495	0
5496	0
5497	2
5498	0
5499	0
5500	0
5501	0
5502	2
5503	2
5504	0
5505	0
5506	0
5507	0
5508	0
5509	0
5510	0
5511	1
5512	0
5513	2
5514	1
5515	1
5516	2
5517	0
5518	0
5519	1
5520	1
5521	0
5522	0
5523	0
5524	1
5525	0
5526	0
5527	1
5528	0
5529	0
5530	1
5531	0
5532	0
5533	0
5534	0
5535	0
5536	0
5537	1
5538	0
5539	0
5540	0
5541	1
5542	0
5543	2
5544	1
5545	1
5546	0
5547	0
5548	0
5549	0
5550	1
5551	1
5552	0
5553	0
5554	1
5555	0
5556	2
5557	1
5558	0
5559	1
5560	0
5561	0
5562	0
5563	0
5564	0
5565	1
5566	1
5567	0
5568	1
5569	0
5570	0
5571	1
5572	0
5573	1
5574	0
5575	0
5576	0
5577	0
5578	1
5579	0
5580	0
5581	0
5582	0
5583	1
5584	0
5585	0
5586	0
5587	0
5588	0
5589	0
5590	0
5591	0
5592	2
5593	0
5594	1
5595	1
5596	1
5597	0
5598	0
5599	0
5600	0
5601	1
5602	0
5603	0
5604	0
5605	1
5606	1
5607	1
5608	0
5609	0
5610	0
5611	0
5612	0
5613	0
5614	0
5615	0
5616	0
5617	0
5618	1
5619	1
5620	0
5621	0
5622	0
5623	0
5624	0
5625	1
5626	0
5627	0
5628	0
5629	1
5630	1
5631	0
5632	1
5633	1
5634	1
5635	0
5636	0
5637	0
5638	1
5639	1
5640	0
5641	0
5642	0
5643	0
5644	1
5645	1
5646	1
5647	0
5648	0
5649	0
5650	0
5651	3
5652	0
5653	0
5654	2
5655	0
5656	1
5657	0
5658	0
5659	0
5660	0
5661	0
5662	0
5663	0
5664	0
5665	0
5666	1
5667	1
5668	2
5669	0
5670	0
5671	1
5672	3
5673	1
5674	1
5675	1
5676	0
5677	2
5678	0
5679	1
5680	0
5681	2
5682	2
5683	0
5684	0
5685	0
5686	0
5687	0
5688	0
5689	1
5690	0
5691	1
5692	0
5693	1
5694	0
5695	0
5696	0
5697	1
5698	1
5699	0
5700	1
5701	0
5702	1
5703	1
5704	0
5705	0
5706	0
5707	0
5708	0
5709	0
5710	1
5711	0
5712	0
5713	1
5714	0
5715	0
5716	1
5717	0
5718	0
5719	0
5720	2
5721	0
5722	0
5723	2
5724	0
5725	0
5726	1
5727	0
5728	0
5729	0
5730	0
5731	0
5732	2
5733	0
5734	0
5735	0
5736	1
5737	0
5738	0
5739	0
5740	0
5741	2
5742	0
5743	1
5744	1
5745	0
5746	0
5747	0
5748	0
5749	0
5750	1
5751	2
5752	0
5753	0
5754	0
5755	0
5756	1
5757	0
5758	1
5759	0
5760	1
5761	1
5762	1
5763	0
5764	0
5765	0
5766	0
5767	1
5768	2
5769	2
5770	1
5771	1
5772	1
5773	0
5774	1
5775	0
5776	0
5777	0
5778	1
5779	0
5780	0
5781	0
5782	0
5783	1
5784	1
5785	0
5786	0
5787	1
5788	1
5789	0
5790	1
5791	2
5792	1
5793	0
5794	1
5795	0
5796	1
5797	0
5798	0
5799	0
5800	0
5801	0
5802	0
5803	0
5804	0
5805	0
5806	1
5807	0
5808	0
5809	0
5810	0
5811	1
5812	0
5813	0
5814	0
5815	0
5816	0
5817	0
5818	1
5819	0
5820	1
5821	0
5822	0
5823	1
5824	0
5825	0
5826	0
5827	0
5828	3
5829	1
5830	1
5831	0
5832	0
5833	0
5834	0
5835	0
5836	0
5837	0
5838	2
5839	0
5840	1
5841	0
5842	0
5843	0
5844	0
5845	0
5846	0
5847	0
5848	0
5849	3
5850	0
5851	0
5852	2
5853	0
5854	0
5855	0
5856	0
5857	0
5858	1
5859	1
5860	1
5861	0
5862	2
5863	0
5864	0
5865	0
5866	2
5867	0
5868	0
5869	0
5870	0
5871	1
5872	2
5873	0
5874	0
5875	2
5876	0
5877	0
5878	0
5879	3
5880	1
5881	0
5882	0
5883	0
5884	0
5885	0
5886	0
5887	0
5888	0
5889	0
5890	0
5891	0
5892	0
5893	0
5894	0
5895	0
5896	2
5897	1
5898	0
5899	1
5900	0
5901	0
5902	0
5903	0
5904	0
5905	0
5906	0
5907	0
5908	0
5909	2
5910	1
5911	0
5912	2
5913	0
5914	0
5915	1
5916	0
5917	2
5918	1
5919	0
5920	0
5921	0
5922	0
5923	1
5924	0
5925	0
5926	0
5927	2
5928	0
5929	0
5930	0
5931	1
5932	0
5933	0
5934	0
5935	1
5936	2
5937	0
5938	0
5939	0
5940	1
5941	0
5942	0
5943	0
5944	1
5945	0
5946	0
5947	0
5948	2
5949	1
5950	0
5951	0
5952	0
5953	0
5954	0
5955	1
5956	0
5957	0
5958	0
5959	0
5960	1
5961	1
5962	0
5963	0
5964	0
5965	0
5966	0
5967	0
5968	0
5969	0
5970	1
5971	0
5972	0
5973	2
5974	0
5975	0
5976	0
5977	2
5978	1
5979	0
5980	0
5981	0
5982	0
5983	1
5984	0
5985	1
5986	0
5987	0
5988	1
5989	2
5990	0
5991	0
5992	0
5993	0
5994	1
5995	0
5996	0
5997	0
5998	0
5999	1
6000	0
6001	1
6002	1
6003	0
6004	2
6005	0
6006	0
6007	0
6008	2
6009	1
6010	1
6011	0
6012	0
6013	0
6014	1
6015	0
6016	0
6017	0
6018	0
6019	0
6020	0
6021	2
6022	1
6023	1
6024	0
6025	0
6026	1
6027	0
6028	1
6029	0
6030	1
6031	2
6032	1
6033	2
6034	1
6035	1
6036	0
6037	0
6038	0
6039	0
6040	0
6041	0
6042	1
6043	2
6044	0
6045	1
6046	0
6047	0
6048	0
6049	2
6050	1
6051	0
6052	0
6053	0
6054	1
6055	0
6056	1
6057	0
6058	0
6059	0
6060	1
6061	0
6062	1
6063	1
6064	1
6065	0
6066	1
6067	1
6068	0
6069	0
6070	1
6071	0
6072	0
6073	0
6074	0
6075	1
6076	1
6077	0
6078	1
6079	1
6080	1
6081	0
6082	2
6083	2
6084	0
6085	0
6086	1
6087	0
6088	0
6089	0
6090	0
6091	0
6092	0
6093	0
6094	1
6095	0
6096	0
6097	2
6098	0
6099	0
6100	0
6101	0
6102	2
6103	0
6104	1
6105	0
6106	0
6107	0
6108	1
6109	1
6110	0
6111	0
6112	1
6113	0
6114	1
6115	0
6116	0
6117	1
6118	0
6119	1
6120	0
6121	1
6122	1
6123	1
6124	0
6125	1
6126	0
6127	0
6128	0
6129	2
6130	0
6131	1
6132	0
6133	0
6134	0
6135	0
6136	1
6137	0
6138	1
6139	2
6140	0
6141	2
6142	1
6143	0
6144	1
6145	1
6146	2
6147	0
6148	1
6149	0
6150	0
6151	1
6152	2
6153	0
6154	1
6155	0
6156	0
6157	1
6158	1
6159	0
6160	2
6161	0
6162	1
6163	0
6164	0
6165	0
6166	1
6167	0
6168	0
6169	1
6170	0
6171	0
6172	0
6173	0
6174	2
6175	0
6176	0
6177	1
6178	0
6179	0
6180	0
6181	1
6182	0
6183	0
6184	1
6185	0
6186	0
6187	0
6188	1
6189	0
6190	1
6191	0
6192	0
6193	1
6194	0
6195	0
6196	0
6197	0
6198	1
6199	0
6200	0
6201	1
6202	0
6203	2
6204	0
6205	0
6206	1
6207	0
6208	0
6209	1
6210	0
6211	1
6212	0
6213	2
6214	0
6215	0
6216	0
6217	0
6218	2
6219	0
6220	0
6221	0
6222	2
6223	0
6224	0
6225	2
6226	0
6227	0
6228	0
6229	0
6230	0
6231	1
6232	1
6233	0
6234	1
6235	0
6236	0
6237	0
6238	0
6239	1
6240	1
6241	0
6242	0
6243	2
6244	0
6245	1
6246	0
6247	1
6248	0
6249	0
6250	0
6251	0
6252	0
6253	1
6254	1
6255	0
6256	1
6257	0
6258	0
6259	0
6260	0
6261	1
6262	1
6263	0
6264	0
6265	0
6266	0
6267	0
6268	1
6269	0
6270	0
6271	1
6272	1
6273	1
6274	0
6275	0
6276	1
6277	0
6278	0
6279	0
6280	0
6281	1
6282	0
6283	0
6284	0
6285	0
6286	0
6287	0
6288	0
6289	0
6290	0
6291	0
6292	0
6293	1
6294	1
6295	0
6296	0
6297	0
6298	0
6299	0
6300	1
6301	1
6302	0
6303	0
6304	2
6305	0
6306	0
6307	2
6308	0
6309	0
6310	0
6311	0
6312	0
6313	0
6314	1
6315	0
6316	2
6317	0
6318	4
6319	0
6320	0
6321	0
6322	0
6323	1
6324	0
6325	0
6326	1
6327	2
6328	0
6329	0
6330	0
6331	0
6332	0
6333	0
6334	0
6335	0
6336	0
6337	0
6338	0
6339	1
6340	1
6341	0
6342	0
6343	1
6344	0
6345	1
6346	1
6347	2
6348	1
6349	0
6350	0
6351	2
6352	0
6353	0
6354	1
6355	0
6356	0
6357	0
6358	2
6359	0
6360	0
6361	1
6362	1
6363	1
6364	3
6365	0
6366	2
6367	0
6368	0
6369	0
6370	1
6371	0
6372	1
6373	0
6374	0
6375	0
6376	2
6377	0
6378	2
6379	0
6380	0
6381	1
6382	0
6383	0
6384	2
6385	0
6386	0
6387	0
6388	0
6389	2
6390	0
6391	0
6392	0
6393	0
6394	1
6395	1
6396	0
6397	0
6398	2
6399	0
6400	0
6401	0
6402	1
6403	0
6404	0
6405	0
6406	1
6407	0
6408	1
6409	0
6410	0
6411	0
6412	1
6413	0
6414	1
6415	1
6416	1
6417	0
6418	0
6419	0
6420	0
6421	0
6422	0
6423	0
6424	1
6425	0
6426	0
6427	0
6428	0
6429	0
6430	0
6431	1
6432	0
6433	0
6434	0
6435	0
6436	0
6437	1
6438	1
6439	0
6440	0
6441	0
6442	0
6443	0
6444	0
6445	0
6446	0
6447	1
6448	0
6449	0
6450	2
6451	0
6452	0
6453	0
6454	1
6455	0
6456	1
6457	0
6458	2
6459	0
6460	2
6461	0
6462	2
6463	0
6464	0
6465	0
6466	0
6467	1
6468	1
6469	1
6470	0
6471	0
6472	1
6473	0
6474	3
6475	2
6476	0
6477	0
6478	0
6479	0
6480	0
6481	0
6482	1
6483	2
6484	0
6485	0
6486	0
6487	0
6488	0
6489	0
6490	1
6491	0
6492	2
6493	1
6494	0
6495	0
6496	1
6497	0
6498	1
6499	0
6500	0
6501	0
6502	0
6503	0
6504	0
6505	1
6506	1
6507	1
6508	0
6509	1
6510	0
6511	0
6512	0
6513	1
6514	1
6515	1
6516	0
6517	0
6518	1
6519	0
6520	1
6521	1
6522	0
6523	0
6524	0
6525	2
6526	0
6527	0
6528	0
6529	0
6530	0
6531	0
6532	0
6533	0
6534	0
6535	0
6536	0
6537	0
6538	0
6539	1
6540	0
6541	0
6542	0
6543	0
6544	0
6545	0
6546	1
6547	1
6548	0
6549	0
6550	1
6551	0
6552	1
6553	0
6554	0
6555	0
6556	1
6557	0
6558	1
6559	3
6560	0
6561	0
6562	0
6563	0
6564	1
6565	0
6566	1
6567	1
6568	2
6569	0
6570	0
6571	0
6572	1
6573	1
6574	0
6575	2
6576	0
6577	1
6578	0
6579	0
6580	0
6581	0
6582	1
6583	0
6584	2
6585	1
6586	0
6587	1
6588	0
6589	0
6590	0
6591	0
6592	0
6593	0
6594	0
6595	0
6596	0
6597	1
6598	0
6599	1
6600	1
6601	1
6602	0
6603	0
6604	1
6605	0
6606	0
6607	0
6608	1
6609	0
6610	2
6611	0
6612	0
6613	0
6614	0
6615	1
6616	1
6617	0
6618	0
6619	0
6620	1
6621	0
6622	1
6623	0
6624	0
6625	0
6626	1
6627	0
6628	0
6629	0
6630	0
6631	2
6632	1
6633	1
6634	0
6635	0
6636	1
6637	1
6638	1
6639	0
6640	2
6641	0
6642	0
6643	0
6644	0
6645	1
6646	0
6647	0
6648	1
6649	1
6650	0
6651	0
6652	0
6653	0
6654	0
6655	0
6656	0
6657	1
6658	2
6659	0
6660	0
6661	0
6662	0
6663	0
6664	1
6665	1
6666	0
6667	0
6668	0
6669	1
6670	2
6671	0
6672	0
6673	0
6674	1
6675	0
6676	0
6677	0
6678	2
6679	1
6680	0
6681	0
6682	1
6683	1
6684	0
6685	0
6686	0
6687	0
6688	2
6689	1
6690	0
6691	1
6692	0
6693	1
6694	1
6695	0
6696	1
6697	1
6698	0
6699	0
6700	0
6701	1
6702	1
6703	0
6704	0
6705	0
6706	0
6707	0
6708	0
6709	0
6710	0
6711	0
6712	2
6713	0
6714	0
6715	0
6716	0
6717	0
6718	2
6719	0
6720	0
6721	0
6722	1
6723	0
6724	0
6725	0
6726	0
6727	0
6728	1
6729	0
6730	0
6731	0
6732	0
6733	0
6734	0
6735	3
6736	0
6737	1
6738	0
6739	0
6740	0
6741	0
6742	0
6743	0
6744	0
6745	0
6746	0
6747	0
6748	0
6749	1
6750	0
6751	0
6752	1
6753	0
6754	0
6755	0
6756	1
6757	0
6758	0
6759	0
6760	0
6761	0
6762	1
6763	0
6764	0
6765	0
6766	1
6767	0
6768	1
6769	0
6770	1
6771	1
6772	0
6773	0
6774	1
6775	0
6776	1
6777	0
6778	0
6779	0
6780	1
6781	1
6782	1
6783	0
6784	0
6785	1
6786	1
6787	0
6788	0
6789	0
6790	0
6791	0
6792	0
6793	0
6794	0
6795	1
6796	0
6797	0
6798	0
6799	0
6800	1
6801	0
6802	2
6803	0
6804	0
6805	0
6806	0
6807	0
6808	1
6809	0
6810	0
6811	0
6812	1
6813	1
6814	0
6815	1
6816	0
6817	0
6818	0
6819	0
6820	0
6821	0
6822	1
6823	0
6824	1
6825	0
6826	0
6827	1
6828	0
6829	0
6830	0
6831	0
6832	2
6833	0
6834	2
6835	0
6836	1
6837	0
6838	0
6839	0
6840	0
6841	0
6842	1
6843	1
6844	1
6845	0
6846	0
6847	0
6848	1
6849	1
6850	0
6851	0
6852	0
6853	2
6854	0
6855	0
6856	0
6857	0
6858	0
6859	0
6860	0
6861	0
6862	0
6863	1
6864	0
6865	1
6866	0
6867	3
6868	0
6869	1
6870	0
6871	2
6872	0
6873	0
6874	0
6875	0
6876	0
6877	0
6878	0
6879	0
6880	0
6881	1
6882	0
6883	0
6884	0
6885	2
6886	2
6887	1
6888	1
6889	0
6890	1
6891	1
6892	1
6893	1
6894	1
6895	1
6896	0
6897	1
6898	0
6899	0
6900	0
6901	2
6902	0
6903	0
6904	1
6905	0
6906	1
6907	1
6908	0
6909	0
6910	1
6911	1
6912	0
6913	0
6914	1
6915	1
6916	0
6917	1
6918	0
6919	0
6920	0
6921	0
6922	0
6923	0
6924	0
6925	1
6926	0
6927	0
6928	0
6929	0
6930	0
6931	0
6932	1
6933	0
6934	0
6935	0
6936	0
6937	1
6938	1
6939	1
6940	0
6941	0
6942	0
6943	0
6944	1
6945	0
6946	1
6947	2
6948	0
6949	1
6950	0
6951	0
6952	0
6953	0
6954	0
6955	0
6956	0
6957	1
6958	1
6959	1
6960	0
6961	0
6962	0
6963	1
6964	3
6965	0
6966	0
6967	0
6968	1
6969	0
6970	0
6971	0
6972	0
6973	0
6974	1
6975	0
6976	0
6977	1
6978	0
6979	2
6980	0
6981	0
6982	0
6983	2
6984	1
6985	2
6986	0
6987	1
6988	0
6989	0
6990	1
6991	0
6992	0
6993	0
6994	0
6995	0
6996	1
6997	2
6998	0
6999	1
7000	0
7001	0
7002	0
7003	0
7004	0
7005	0
7006	0
7007	0
7008	0
7009	1
7010	0
7011	1
7012	1
7013	1
7014	0
7015	0
7016	0
7017	0
7018	0
7019	0
7020	0
7021	0
7022	0
7023	0
7024	0
7025	0
7026	0
7027	0
7028	0
7029	0
7030	0
7031	0
7032	0
7033	0
7034	0
7035	0
7036	0
7037	0
7038	0
7039	0
7040	0
7041	0
7042	0
7043	0
7044	1
7045	0
7046	1
7047	1
7048	0
7049	0
7050	0
7051	0
7052	0
7053	1
7054	0
7055	1
7056	0
7057	0
7058	0
7059	1
7060	0
7061	0
7062	0
7063	0
7064	0
7065	0
7066	0
7067	0
7068	0
7069	0
7070	0
7071	0
7072	0
7073	0
7074	0
7075	1
7076	0
7077	0
7078	1
7079	1
7080	0
7081	0
7082	0
7083	1
7084	0
7085	0
7086	0
7087	0
7088	0
7089	0
7090	0
7091	1
7092	0
7093	0
7094	0
7095	0
7096	0
7097	0
7098	2
7099	0
7100	1
7101	0
7102	0
7103	0
7104	0
7105	1
7106	0
7107	0
7108	0
7109	1
7110	0
7111	0
7112	1
7113	1
7114	0
7115	1
7116	0
7117	1
7118	1
7119	1
7120	0
7121	0
7122	0
7123	0
7124	1
7125	0
7126	0
7127	0
7128	0
7129	0
7130	0
7131	0
7132	0
7133	0
7134	0
7135	0
7136	0
7137	1
7138	0
7139	1
7140	1
7141	0
7142	1
7143	0
7144	0
7145	1
7146	0
7147	0
7148	0
7149	0
7150	0
7151	0
7152	1
7153	0
7154	1
7155	0
7156	0
7157	0
7158	0
7159	1
7160	0
7161	0
7162	0
7163	0
7164	0
7165	0
7166	1
7167	1
7168	0
7169	0
7170	1
7171	0
7172	1
7173	0
7174	0
7175	0
7176	0
7177	0
7178	1
7179	0
7180	1
7181	0
7182	0
7183	0
7184	0
7185	0
7186	0
7187	1
7188	0
7189	0
7190	0
7191	1
7192	0
7193	0
7194	0
7195	0
7196	0
7197	1
7198	0
7199	0
7200	0
7201	0
7202	0
7203	1
7204	0
7205	0
7206	0
7207	0
7208	0
7209	0
7210	1
7211	0
7212	1
7213	0
7214	0
7215	0
7216	0
7217	1
7218	0
7219	2
7220	1
7221	0
7222	1
7223	0
7224	0
7225	0
7226	0
7227	0
7228	1
7229	0
7230	0
7231	1
7232	0
7233	1
7234	1
7235	0
7236	0
7237	0
7238	1
7239	0
7240	0
7241	0
7242	1
7243	0
7244	0
7245	0
7246	0
7247	0
7248	1
7249	0
7250	0
7251	0
7252	0
7253	1
7254	0
7255	0
7256	0
7257	0
7258	1
7259	0
7260	0
7261	1
7262	1
7263	1
7264	0
7265	0
7266	1
7267	1
7268	1
7269	1
7270	0
7271	2
7272	1
7273	0
7274	0
7275	1
7276	0
7277	1
7278	1
7279	0
7280	0
7281	0
7282	0
7283	0
7284	0
7285	0
7286	1
7287	0
7288	1
7289	0
7290	2
7291	1
7292	1
7293	1
7294	0
7295	0
7296	0
7297	0
7298	0
7299	0
7300	0
7301	0
7302	1
7303	0
7304	0
7305	0
7306	2
7307	0
7308	0
7309	0
7310	0
7311	1
7312	0
7313	0
7314	1
7315	0
7316	0
7317	0
7318	1
7319	0
7320	1
7321	1
7322	0
7323	2
7324	0
7325	0
7326	1
7327	0
7328	0
7329	1
7330	1
7331	0
7332	4
7333	1
7334	0
7335	1
7336	1
7337	0
7338	0
7339	0
7340	0
7341	0
7342	0
7343	0
7344	1
7345	0
7346	1
7347	1
7348	2
7349	0
7350	2
7351	1
7352	1
7353	0
7354	0
7355	0
7356	0
7357	0
7358	0
7359	0
7360	0
7361	1
7362	0
7363	0
7364	0
7365	0
7366	0
7367	0
7368	0
7369	0
7370	0
7371	1
7372	0
7373	0
7374	0
7375	0
7376	0
7377	0
7378	0
7379	2
7380	1
7381	0
7382	0
7383	0
7384	0
7385	0
7386	0
7387	1
7388	1
7389	0
7390	1
7391	0
7392	0
7393	0
7394	1
7395	1
7396	0
7397	0
7398	1
7399	0
7400	0
7401	0
7402	0
7403	0
7404	0
7405	0
7406	1
7407	0
7408	0
7409	0
7410	0
7411	0
7412	0
7413	0
7414	0
7415	0
7416	0
7417	0
7418	0
7419	0
7420	0
7421	0
7422	1
7423	1
7424	0
7425	0
7426	1
7427	0
7428	0
7429	0
7430	0
7431	0
7432	0
7433	1
7434	1
7435	0
7436	0
7437	1
7438	1
7439	0
7440	0
7441	0
7442	1
7443	1
7444	0
7445	0
7446	0
7447	0
7448	0
7449	0
7450	0
7451	0
7452	0
7453	2
7454	0
7455	1
7456	0
7457	0
7458	0
7459	0
7460	0
7461	0
7462	0
7463	0
7464	0
7465	0
7466	0
7467	0
7468	1
7469	0
7470	0
7471	0
7472	0
7473	1
7474	0
7475	0
7476	0
7477	0
7478	1
7479	0
7480	0
7481	0
7482	0
7483	0
7484	0
7485	1
7486	0
7487	1
7488	1
7489	0
7490	0
7491	0
7492	1
7493	0
7494	0
7495	0
7496	0
7497	0
7498	1
7499	0
7500	1
7501	0
7502	1
7503	0
7504	0
7505	0
7506	1
7507	0
7508	1
7509	2
7510	0
7511	1
7512	0
7513	0
7514	1
7515	0
7516	0
7517	2
7518	0
7519	0
7520	0
7521	0
7522	2
7523	0
7524	0
7525	0
7526	0
7527	0
7528	0
7529	0
7530	1
7531	0
7532	0
7533	0
7534	2
7535	0
7536	0
7537	1
7538	0
7539	1
7540	0
7541	0
7542	1
7543	0
7544	0
7545	1
7546	0
7547	0
7548	0
7549	0
7550	0
7551	2
7552	1
7553	1
7554	1
7555	0
7556	1
7557	0
7558	0
7559	0
7560	0
7561	2
7562	0
7563	0
7564	0
7565	0
7566	0
7567	0
7568	1
7569	1
7570	1
7571	1
7572	0
7573	1
7574	0
7575	0
7576	0
7577	1
7578	0
7579	1
7580	0
7581	0
7582	1
7583	0
7584	0
7585	0
7586	1
7587	0
7588	0
7589	0
7590	1
7591	0
7592	0
7593	2
7594	2
7595	0
7596	0
7597	0
7598	0
7599	1
7600	0
7601	1
7602	0
7603	0
7604	1
7605	0
7606	1
7607	0
7608	0
7609	0
7610	1
7611	0
7612	0
7613	1
7614	0
7615	0
7616	0
7617	0
7618	1
7619	0
7620	1
7621	0
7622	0
7623	1
7624	0
7625	0
7626	0
7627	0
7628	0
7629	1
7630	0
7631	0
7632	1
7633	0
7634	1
7635	0
7636	0
7637	0
7638	0
7639	0
7640	1
7641	0
7642	0
7643	0
7644	0
7645	2
7646	0
7647	0
7648	0
7649	0
7650	0
7651	0
7652	1
7653	0
7654	0
7655	2
7656	0
7657	1
7658	0
7659	0
7660	0
7661	0
7662	0
7663	0
7664	0
7665	0
7666	1
7667	0
7668	0
7669	1
7670	0
7671	0
7672	1
7673	0
7674	0
7675	0
7676	0
7677	0
7678	0
7679	0
7680	2
7681	1
7682	0
7683	0
7684	0
7685	1
7686	1
7687	0
7688	0
7689	0
7690	1
7691	1
7692	0
7693	0
7694	0
7695	0
7696	0
7697	1
7698	0
7699	0
7700	0
7701	1
7702	1
7703	1
7704	1
7705	0
7706	0
7707	0
7708	0
7709	0
7710	1
7711	1
7712	1
7713	0
7714	0
7715	0
7716	0
7717	0
7718	0
7719	0
7720	0
7721	1
7722	4
7723	1
7724	0
7725	0
7726	1
7727	0
7728	0
7729	0
7730	0
7731	0
7732	0
7733	2
7734	0
7735	0
7736	0
7737	0
7738	0
7739	0
7740	0
7741	1
7742	0
7743	0
7744	0
7745	0
7746	0
7747	0
7748	0
7749	0
7750	0
7751	0
7752	1
7753	0
7754	0
7755	0
7756	0
7757	1
7758	0
7759	0
7760	0
7761	0
7762	0
7763	2
7764	1
7765	2
7766	0
7767	1
7768	0
7769	0
7770	0
7771	0
7772	0
7773	1
7774	1
7775	0
7776	0
7777	1
7778	0
7779	1
7780	1
7781	0
7782	1
7783	0
7784	0
7785	0
7786	1
7787	1
7788	0
7789	0
7790	0
7791	0
7792	0
7793	0
7794	1
7795	2
7796	0
7797	0
7798	0
7799	1
7800	0
7801	0
7802	0
7803	0
7804	0
7805	0
7806	0
7807	1
7808	0
7809	0
7810	0
7811	0
7812	0
7813	1
7814	0
7815	2
7816	0
7817	0
7818	0
7819	0
7820	1
7821	0
7822	0
7823	0
7824	0
7825	1
7826	0
7827	0
7828	0
7829	0
7830	0
7831	1
7832	0
7833	0
7834	0
7835	1
7836	0
7837	1
7838	0
7839	0
7840	0
7841	1
7842	0
7843	0
7844	0
7845	1
7846	0
7847	0
7848	0
7849	0
7850	0
7851	0
7852	0
7853	0
7854	0
7855	0
7856	0
7857	0
7858	0
7859	0
7860	0
7861	0
7862	0
7863	1
7864	0
7865	0
7866	0
7867	1
7868	0
7869	0
7870	0
7871	0
7872	1
7873	0
7874	0
7875	0
7876	0
7877	0
7878	2
7879	0
7880	1
7881	0
7882	0
7883	1
7884	0
7885	1
7886	0
7887	0
7888	0
7889	0
7890	0
7891	0
7892	0
7893	1
7894	0
7895	0
7896	0
7897	0
7898	0
7899	1
7900	0
7901	0
7902	0
7903	0
7904	0
7905	0
7906	0
7907	0
7908	0
7909	0
7910	1
7911	0
7912	1
7913	0
7914	0
7915	0
7916	0
7917	0
7918	1
7919	0
7920	1
7921	0
7922	0
7923	0
7924	0
7925	0
7926	0
7927	0
7928	0
7929	0
7930	0
7931	0
7932	0
7933	0
7934	0
7935	1
7936	1
7937	0
7938	0
7939	1
7940	0
7941	0
7942	0
7943	0
7944	0
7945	0
7946	1
7947	0
7948	0
7949	0
7950	0
7951	0
7952	1
7953	0
7954	0
7955	0
7956	0
7957	0
7958	0
7959	1
7960	0
7961	0
7962	0
7963	0
7964	0
7965	2
7966	0
7967	1
7968	0
7969	0
7970	0
7971	0
7972	0
7973	1
7974	0
7975	0
7976	1
7977	0
7978	0
7979	0
7980	0
7981	0
7982	0
7983	0
7984	0
7985	0
7986	0
7987	0
7988	0
7989	0
7990	0
7991	1
7992	1
7993	0
7994	0
7995	0
7996	0
7997	0
7998	0
7999	1
8000	2
8001	0
8002	1
8003	0
8004	0
8005	0
8006	2
8007	0
8008	0
8009	0
8010	0
8011	0
8012	1
8013	0
8014	0
8015	0
8016	0
8017	0
8018	1
8019	0
8020	1
8021	0
8022	0
8023	0
8024	1
8025	0
8026	0
8027	0
8028	0
8029	0
8030	1
8031	0
8032	0
8033	1
8034	1
8035	0
8036	0
8037	0
8038	0
8039	0
8040	0
8041	0
8042	0
8043	0
8044	0
8045	1
8046	0
8047	0
8048	0
8049	0
8050	0
8051	0
8052	0
8053	0
8054	0
8055	1
8056	0
8057	0
8058	0
8059	0
8060	1
8061	0
8062	2
8063	1
8064	0
8065	1
8066	1
8067	1
8068	0
8069	0
8070	1
8071	0
8072	0
8073	0
8074	0
8075	0
8076	0
8077	1
8078	0
8079	0
8080	0
8081	0
8082	0
8083	0
8084	0
8085	0
8086	0
8087	0
8088	0
8089	0
8090	0
8091	0
8092	0
8093	0
8094	0
8095	0
8096	0
8097	0
8098	0
8099	0
8100	0
8101	0
8102	0
8103	0
8104	0
8105	0
8106	0
8107	0
8108	0
8109	0
8110	0
8111	0
8112	0
8113	0
8114	0
8115	0
8116	0
8117	0
8118	0
8119	0
8120	0
8121	0
8122	0
8123	0
8124	0
8125	0
8126	0
8127	0
8128	0
8129	0
8130	0
8131	0
8132	0
8133	0
8134	0
8135	0
8136	0
8137	0
8138	0
8139	0
8140	0
8141	0
8142	0
8143	0
8144	0
8145	0
8146	0
8147	0
8148	0
8149	0
8150	0
8151	0
8152	0
8153	0
8154	0
8155	0
8156	0
8157	0
8158	0
8159	0
8160	0
8161	0
8162	0
8163	0
8164	0
8165	0
8166	0
8167	0
8168	0
8169	0
8170	0
8171	0
8172	0
8173	0
8174	0
8175	0
8176	0
8177	0
8178	0
8179	0
8180	0
8181	0
8182	0
8183	0
8184	0
8185	0
8186	0
8187	0
8188	0
8189	0
8190	0
8191	0
