0	0
1	0
2	0
3	0
4	0
5	0
6	0
7	0
8	0
9	0
10	0
11	0
12	0
13	0
14	0
15	0
16	0
17	0
18	0
19	0
20	0
21	0
22	0
23	0
24	0
25	0
26	0
27	0
28	0
29	0
30	0
31	0
32	0
33	0
34	0
35	0
36	0
37	0
38	0
39	0
40	0
41	0
42	0
43	0
44	0
45	0
46	0
47	0
48	0
49	0
50	0
51	0
52	0
53	0
54	0
55	0
56	0
57	0
58	0
59	0
60	0
61	0
62	0
63	0
64	0
65	0
66	0
67	0
68	0
69	0
70	0
71	0
72	0
73	0
74	0
75	0
76	0
77	0
78	0
79	0
80	0
81	0
82	0
83	0
84	0
85	4
86	2
87	9
88	19
89	12
90	15
91	12
92	13
93	6
94	14
95	13
96	4
97	5
98	16
99	15
100	7
101	13
102	13
103	13
104	12
105	15
106	16
107	7
108	11
109	16
110	14
111	12
112	12
113	15
114	14
115	13
116	8
117	7
118	13
119	15
120	13
121	9
122	9
123	6
124	15
125	9
126	4
127	8
128	11
129	7
130	13
131	10
132	8
133	6
134	12
135	15
136	14
137	11
138	8
139	10
140	18
141	12
142	15
143	11
144	11
145	10
146	13
147	16
148	16
149	12
150	10
151	14
152	13
153	9
154	12
155	16
156	14
157	18
158	10
159	4
160	9
161	13
162	15
163	12
164	7
165	10
166	11
167	14
168	11
169	10
170	9
171	14
172	21
173	7
174	8
175	10
176	9
177	11
178	8
179	8
180	9
181	17
182	13
183	12
184	11
185	11
186	7
187	13
188	12
189	19
190	16
191	11
192	17
193	11
194	10
195	8
196	15
197	13
198	10
199	12
200	12
201	12
202	6
203	11
204	8
205	8
206	12
207	10
208	15
209	8
210	11
211	7
212	14
213	8
214	13
215	17
216	15
217	14
218	13
219	15
220	9
221	15
222	12
223	12
224	15
225	12
226	16
227	9
228	13
229	15
230	13
231	10
232	8
233	16
234	13
235	12
236	7
237	14
238	11
239	12
240	9
241	11
242	14
243	12
244	13
245	10
246	21
247	11
248	15
249	13
250	8
251	12
252	14
253	7
254	13
255	14
256	15
257	15
258	7
259	11
260	13
261	15
262	16
263	11
264	19
265	11
266	13
267	9
268	14
269	10
270	12
271	17
272	13
273	6
274	13
275	12
276	7
277	13
278	8
279	18
280	13
281	13
282	11
283	14
284	9
285	10
286	15
287	11
288	17
289	17
290	12
291	14
292	15
293	12
294	13
295	17
296	10
297	10
298	14
299	17
300	17
301	15
302	8
303	12
304	13
305	18
306	16
307	13
308	14
309	9
310	10
311	14
312	15
313	11
314	10
315	15
316	17
317	15
318	13
319	14
320	14
321	11
322	10
323	14
324	10
325	10
326	11
327	17
328	16
329	13
330	12
331	9
332	16
333	18
334	13
335	12
336	10
337	12
338	16
339	20
340	18
341	15
342	15
343	15
344	7
345	15
346	15
347	12
348	18
349	14
350	17
351	22
352	21
353	13
354	16
355	10
356	16
357	13
358	15
359	22
360	10
361	7
362	5
363	15
364	18
365	11
366	15
367	17
368	14
369	20
370	19
371	15
372	15
373	16
374	17
375	16
376	14
377	17
378	16
379	10
380	13
381	18
382	20
383	20
384	11
385	15
386	13
387	15
388	12
389	11
390	22
391	20
392	15
393	14
394	13
395	16
396	17
397	15
398	17
399	14
400	14
401	12
402	12
403	18
404	18
405	14
406	17
407	12
408	10
409	17
410	13
411	20
412	13
413	15
414	14
415	14
416	13
417	12
418	11
419	14
420	13
421	14
422	11
423	7
424	8
425	17
426	10
427	12
428	10
429	11
430	14
431	19
432	12
433	15
434	13
435	14
436	9
437	12
438	8
439	12
440	14
441	17
442	12
443	13
444	14
445	13
446	9
447	14
448	16
449	18
450	14
451	14
452	13
453	7
454	20
455	16
456	12
457	9
458	20
459	8
460	19
461	11
462	16
463	9
464	18
465	13
466	15
467	16
468	14
469	13
470	11
471	18
472	10
473	14
474	17
475	11
476	23
477	11
478	19
479	10
480	15
481	21
482	9
483	17
484	10
485	14
486	15
487	12
488	22
489	12
490	13
491	15
492	12
493	15
494	16
495	10
496	17
497	23
498	11
499	14
500	26
501	25
502	13
503	16
504	13
505	21
506	14
507	18
508	7
509	14
510	20
511	16
512	19
513	19
514	18
515	22
516	22
517	13
518	17
519	20
520	12
521	13
522	21
523	7
524	20
525	22
526	21
527	11
528	13
529	14
530	15
531	19
532	25
533	16
534	17
535	13
536	22
537	16
538	15
539	21
540	19
541	22
542	23
543	24
544	21
545	15
546	14
547	13
548	22
549	18
550	10
551	20
552	25
553	16
554	20
555	28
556	24
557	18
558	22
559	20
560	14
561	19
562	18
563	22
564	20
565	28
566	16
567	20
568	23
569	16
570	20
571	27
572	27
573	19
574	21
575	19
576	22
577	28
578	19
579	34
580	32
581	31
582	25
583	25
584	27
585	21
586	22
587	25
588	26
589	22
590	26
591	32
592	19
593	22
594	18
595	30
596	26
597	27
598	35
599	23
600	25
601	31
602	29
603	25
604	24
605	19
606	22
607	22
608	31
609	19
610	22
611	20
612	25
613	25
614	23
615	23
616	32
617	17
618	16
619	21
620	24
621	27
622	28
623	25
624	26
625	21
626	33
627	13
628	19
629	23
630	19
631	11
632	23
633	20
634	17
635	35
636	17
637	14
638	27
639	26
640	16
641	28
642	21
643	25
644	26
645	17
646	24
647	27
648	16
649	19
650	21
651	25
652	20
653	28
654	28
655	13
656	19
657	23
658	16
659	18
660	22
661	26
662	13
663	24
664	25
665	18
666	23
667	19
668	15
669	12
670	28
671	33
672	23
673	26
674	19
675	19
676	17
677	23
678	15
679	20
680	27
681	27
682	16
683	22
684	22
685	29
686	27
687	17
688	20
689	25
690	23
691	20
692	18
693	19
694	21
695	13
696	24
697	26
698	24
699	24
700	19
701	26
702	16
703	16
704	24
705	25
706	17
707	23
708	21
709	27
710	17
711	20
712	23
713	22
714	25
715	24
716	18
717	31
718	19
719	23
720	18
721	16
722	28
723	17
724	23
725	20
726	23
727	15
728	21
729	21
730	22
731	19
732	24
733	17
734	15
735	12
736	16
737	16
738	24
739	26
740	25
741	14
742	12
743	18
744	19
745	12
746	22
747	22
748	14
749	13
750	25
751	16
752	24
753	13
754	25
755	17
756	18
757	17
758	19
759	20
760	22
761	21
762	27
763	11
764	15
765	13
766	19
767	25
768	16
769	23
770	21
771	23
772	19
773	15
774	30
775	18
776	23
777	11
778	24
779	25
780	18
781	21
782	24
783	20
784	13
785	23
786	16
787	14
788	18
789	18
790	21
791	14
792	24
793	23
794	17
795	12
796	17
797	24
798	13
799	25
800	20
801	31
802	26
803	29
804	26
805	23
806	25
807	29
808	17
809	14
810	16
811	27
812	35
813	8
814	21
815	28
816	24
817	17
818	21
819	23
820	24
821	17
822	22
823	16
824	27
825	19
826	14
827	22
828	32
829	21
830	22
831	19
832	26
833	18
834	30
835	17
836	17
837	23
838	19
839	18
840	20
841	21
842	25
843	19
844	22
845	18
846	11
847	14
848	16
849	16
850	30
851	24
852	19
853	25
854	23
855	27
856	27
857	20
858	20
859	21
860	30
861	29
862	25
863	29
864	23
865	25
866	28
867	25
868	28
869	22
870	18
871	27
872	18
873	23
874	18
875	27
876	23
877	23
878	22
879	19
880	30
881	23
882	28
883	23
884	13
885	28
886	21
887	21
888	34
889	29
890	20
891	28
892	29
893	21
894	23
895	18
896	21
897	17
898	22
899	22
900	23
901	24
902	25
903	27
904	20
905	26
906	26
907	26
908	22
909	25
910	28
911	18
912	27
913	30
914	28
915	31
916	34
917	30
918	22
919	18
920	20
921	26
922	32
923	24
924	28
925	35
926	23
927	25
928	27
929	21
930	15
931	22
932	15
933	28
934	18
935	17
936	25
937	33
938	27
939	32
940	21
941	26
942	22
943	37
944	17
945	24
946	23
947	26
948	18
949	29
950	25
951	25
952	26
953	28
954	30
955	28
956	18
957	16
958	22
959	31
960	17
961	28
962	28
963	24
964	25
965	27
966	24
967	22
968	26
969	20
970	25
971	22
972	28
973	21
974	23
975	24
976	32
977	16
978	32
979	28
980	22
981	25
982	33
983	21
984	28
985	24
986	29
987	21
988	32
989	23
990	36
991	25
992	34
993	20
994	32
995	29
996	20
997	31
998	27
999	32
1000	23
1001	31
1002	18
1003	33
1004	27
1005	30
1006	30
1007	35
1008	20
1009	29
1010	20
1011	27
1012	32
1013	26
1014	30
1015	30
1016	21
1017	25
1018	23
1019	39
1020	24
1021	26
1022	28
1023	24
1024	38
1025	15
1026	26
1027	28
1028	30
1029	23
1030	26
1031	22
1032	25
1033	35
1034	22
1035	32
1036	29
1037	21
1038	23
1039	22
1040	26
1041	26
1042	26
1043	24
1044	30
1045	20
1046	22
1047	24
1048	36
1049	31
1050	30
1051	25
1052	28
1053	19
1054	29
1055	27
1056	25
1057	18
1058	34
1059	27
1060	28
1061	35
1062	26
1063	31
1064	24
1065	33
1066	21
1067	21
1068	38
1069	30
1070	36
1071	23
1072	24
1073	27
1074	26
1075	44
1076	23
1077	35
1078	31
1079	29
1080	22
1081	38
1082	25
1083	34
1084	25
1085	27
1086	28
1087	30
1088	24
1089	33
1090	37
1091	25
1092	34
1093	30
1094	23
1095	28
1096	26
1097	25
1098	33
1099	29
1100	27
1101	23
1102	35
1103	25
1104	28
1105	19
1106	23
1107	22
1108	24
1109	33
1110	27
1111	28
1112	31
1113	38
1114	31
1115	33
1116	33
1117	24
1118	35
1119	25
1120	28
1121	28
1122	25
1123	23
1124	28
1125	33
1126	26
1127	34
1128	28
1129	29
1130	26
1131	18
1132	30
1133	29
1134	30
1135	20
1136	33
1137	33
1138	27
1139	30
1140	23
1141	20
1142	27
1143	31
1144	37
1145	27
1146	22
1147	38
1148	24
1149	23
1150	23
1151	25
1152	24
1153	28
1154	37
1155	20
1156	26
1157	38
1158	27
1159	27
1160	24
1161	29
1162	31
1163	28
1164	29
1165	35
1166	23
1167	33
1168	30
1169	29
1170	33
1171	25
1172	32
1173	28
1174	23
1175	26
1176	23
1177	29
1178	38
1179	23
1180	23
1181	34
1182	30
1183	28
1184	26
1185	26
1186	25
1187	23
1188	29
1189	38
1190	30
1191	42
1192	33
1193	31
1194	35
1195	32
1196	28
1197	38
1198	21
1199	28
1200	24
1201	31
1202	33
1203	31
1204	37
1205	35
1206	33
1207	32
1208	32
1209	21
1210	23
1211	29
1212	32
1213	33
1214	25
1215	30
1216	26
1217	30
1218	43
1219	30
1220	34
1221	29
1222	35
1223	18
1224	33
1225	24
1226	26
1227	28
1228	17
1229	31
1230	31
1231	20
1232	28
1233	22
1234	25
1235	22
1236	23
1237	21
1238	33
1239	37
1240	33
1241	33
1242	32
1243	36
1244	25
1245	26
1246	30
1247	28
1248	31
1249	38
1250	22
1251	27
1252	24
1253	25
1254	40
1255	32
1256	34
1257	42
1258	35
1259	29
1260	33
1261	29
1262	37
1263	29
1264	34
1265	36
1266	40
1267	35
1268	32
1269	32
1270	28
1271	33
1272	47
1273	35
1274	30
1275	20
1276	33
1277	24
1278	30
1279	31
1280	30
1281	25
1282	34
1283	32
1284	22
1285	33
1286	29
1287	20
1288	31
1289	26
1290	40
1291	34
1292	35
1293	27
1294	23
1295	21
1296	30
1297	26
1298	35
1299	41
1300	27
1301	23
1302	30
1303	30
1304	32
1305	30
1306	30
1307	29
1308	39
1309	29
1310	38
1311	31
1312	33
1313	27
1314	30
1315	28
1316	28
1317	35
1318	34
1319	32
1320	28
1321	19
1322	22
1323	32
1324	27
1325	31
1326	23
1327	38
1328	33
1329	25
1330	39
1331	25
1332	38
1333	26
1334	29
1335	30
1336	32
1337	29
1338	36
1339	32
1340	40
1341	27
1342	32
1343	27
1344	34
1345	46
1346	37
1347	30
1348	31
1349	47
1350	33
1351	29
1352	37
1353	40
1354	30
1355	32
1356	24
1357	37
1358	36
1359	35
1360	33
1361	27
1362	27
1363	30
1364	43
1365	42
1366	38
1367	24
1368	32
1369	34
1370	31
1371	40
1372	32
1373	30
1374	32
1375	27
1376	28
1377	36
1378	33
1379	26
1380	27
1381	30
1382	25
1383	30
1384	31
1385	28
1386	34
1387	33
1388	37
1389	33
1390	30
1391	36
1392	39
1393	27
1394	35
1395	28
1396	32
1397	31
1398	33
1399	30
1400	35
1401	27
1402	41
1403	34
1404	24
1405	25
1406	30
1407	28
1408	39
1409	24
1410	48
1411	26
1412	32
1413	30
1414	33
1415	27
1416	34
1417	39
1418	34
1419	30
1420	40
1421	28
1422	28
1423	36
1424	50
1425	38
1426	35
1427	32
1428	36
1429	27
1430	29
1431	22
1432	32
1433	31
1434	33
1435	35
1436	35
1437	36
1438	33
1439	29
1440	39
1441	28
1442	21
1443	40
1444	42
1445	31
1446	28
1447	30
1448	29
1449	32
1450	33
1451	27
1452	33
1453	37
1454	40
1455	38
1456	37
1457	37
1458	30
1459	30
1460	38
1461	25
1462	37
1463	41
1464	30
1465	32
1466	37
1467	23
1468	32
1469	36
1470	36
1471	36
1472	25
1473	47
1474	24
1475	32
1476	32
1477	35
1478	29
1479	35
1480	42
1481	27
1482	33
1483	34
1484	30
1485	29
1486	27
1487	34
1488	36
1489	26
1490	32
1491	35
1492	38
1493	30
1494	37
1495	37
1496	25
1497	37
1498	32
1499	27
1500	27
1501	30
1502	30
1503	27
1504	31
1505	28
1506	31
1507	33
1508	36
1509	25
1510	34
1511	38
1512	36
1513	32
1514	29
1515	22
1516	32
1517	32
1518	30
1519	21
1520	25
1521	24
1522	28
1523	36
1524	29
1525	36
1526	30
1527	33
1528	36
1529	26
1530	23
1531	37
1532	26
1533	35
1534	30
1535	38
1536	26
1537	27
1538	31
1539	36
1540	22
1541	27
1542	24
1543	36
1544	22
1545	25
1546	45
1547	30
1548	37
1549	25
1550	33
1551	27
1552	29
1553	20
1554	31
1555	28
1556	43
1557	24
1558	37
1559	27
1560	25
1561	21
1562	33
1563	29
1564	25
1565	39
1566	35
1567	32
1568	25
1569	31
1570	22
1571	45
1572	35
1573	25
1574	28
1575	26
1576	34
1577	41
1578	37
1579	25
1580	32
1581	35
1582	27
1583	25
1584	31
1585	34
1586	22
1587	41
1588	30
1589	32
1590	23
1591	32
1592	21
1593	33
1594	32
1595	37
1596	29
1597	38
1598	41
1599	32
1600	34
1601	28
1602	18
1603	30
1604	21
1605	25
1606	38
1607	28
1608	34
1609	30
1610	26
1611	31
1612	31
1613	37
1614	33
1615	31
1616	29
1617	34
1618	20
1619	22
1620	21
1621	12
1622	30
1623	32
1624	35
1625	37
1626	40
1627	29
1628	25
1629	28
1630	18
1631	28
1632	35
1633	31
1634	18
1635	22
1636	26
1637	29
1638	20
1639	23
1640	19
1641	29
1642	20
1643	26
1644	28
1645	20
1646	25
1647	32
1648	42
1649	24
1650	24
1651	31
1652	28
1653	31
1654	26
1655	22
1656	23
1657	30
1658	35
1659	23
1660	22
1661	29
1662	36
1663	18
1664	21
1665	21
1666	29
1667	32
1668	24
1669	27
1670	30
1671	22
1672	40
1673	18
1674	25
1675	34
1676	30
1677	33
1678	25
1679	31
1680	26
1681	23
1682	18
1683	23
1684	25
1685	24
1686	25
1687	31
1688	20
1689	16
1690	22
1691	22
1692	19
1693	21
1694	28
1695	26
1696	28
1697	29
1698	24
1699	35
1700	24
1701	22
1702	38
1703	30
1704	20
1705	36
1706	30
1707	21
1708	31
1709	33
1710	38
1711	27
1712	29
1713	26
1714	31
1715	26
1716	20
1717	26
1718	23
1719	25
1720	37
1721	15
1722	23
1723	36
1724	17
1725	21
1726	23
1727	24
1728	28
1729	25
1730	24
1731	20
1732	38
1733	20
1734	27
1735	25
1736	18
1737	26
1738	19
1739	28
1740	41
1741	28
1742	31
1743	30
1744	21
1745	27
1746	28
1747	35
1748	18
1749	33
1750	16
1751	22
1752	25
1753	22
1754	25
1755	30
1756	21
1757	23
1758	20
1759	27
1760	26
1761	16
1762	22
1763	20
1764	25
1765	28
1766	27
1767	25
1768	20
1769	27
1770	26
1771	19
1772	23
1773	35
1774	32
1775	23
1776	27
1777	22
1778	24
1779	24
1780	22
1781	26
1782	34
1783	26
1784	31
1785	31
1786	29
1787	20
1788	24
1789	19
1790	24
1791	29
1792	18
1793	24
1794	24
1795	29
1796	28
1797	27
1798	24
1799	27
1800	23
1801	25
1802	33
1803	21
1804	29
1805	18
1806	23
1807	20
1808	23
1809	22
1810	25
1811	27
1812	27
1813	28
1814	26
1815	20
1816	25
1817	21
1818	19
1819	24
1820	14
1821	28
1822	27
1823	24
1824	26
1825	19
1826	24
1827	34
1828	30
1829	32
1830	29
1831	16
1832	24
1833	26
1834	28
1835	17
1836	31
1837	31
1838	29
1839	26
1840	26
1841	29
1842	19
1843	27
1844	21
1845	28
1846	30
1847	21
1848	30
1849	24
1850	19
1851	26
1852	29
1853	21
1854	18
1855	31
1856	25
1857	24
1858	26
1859	29
1860	24
1861	22
1862	24
1863	20
1864	19
1865	25
1866	31
1867	14
1868	27
1869	24
1870	25
1871	18
1872	22
1873	28
1874	22
1875	24
1876	27
1877	15
1878	19
1879	27
1880	24
1881	23
1882	28
1883	25
1884	26
1885	22
1886	24
1887	21
1888	25
1889	23
1890	29
1891	20
1892	20
1893	18
1894	25
1895	23
1896	25
1897	23
1898	22
1899	24
1900	13
1901	20
1902	31
1903	17
1904	19
1905	29
1906	24
1907	19
1908	26
1909	18
1910	19
1911	26
1912	19
1913	20
1914	22
1915	31
1916	23
1917	17
1918	29
1919	20
1920	31
1921	25
1922	21
1923	18
1924	21
1925	16
1926	19
1927	27
1928	31
1929	19
1930	22
1931	22
1932	19
1933	17
1934	23
1935	24
1936	22
1937	25
1938	34
1939	20
1940	26
1941	14
1942	22
1943	17
1944	21
1945	16
1946	28
1947	13
1948	24
1949	23
1950	23
1951	24
1952	19
1953	17
1954	20
1955	19
1956	25
1957	24
1958	21
1959	16
1960	32
1961	23
1962	20
1963	23
1964	23
1965	18
1966	35
1967	22
1968	39
1969	25
1970	23
1971	22
1972	23
1973	15
1974	29
1975	24
1976	20
1977	21
1978	25
1979	21
1980	32
1981	17
1982	17
1983	15
1984	29
1985	21
1986	25
1987	14
1988	26
1989	16
1990	25
1991	22
1992	21
1993	19
1994	31
1995	21
1996	27
1997	25
1998	18
1999	19
2000	19
2001	22
2002	26
2003	28
2004	16
2005	32
2006	21
2007	18
2008	21
2009	21
2010	28
2011	13
2012	20
2013	23
2014	22
2015	17
2016	30
2017	28
2018	17
2019	24
2020	20
2021	27
2022	16
2023	20
2024	19
2025	20
2026	18
2027	16
2028	31
2029	25
2030	20
2031	19
2032	18
2033	21
2034	21
2035	23
2036	28
2037	24
2038	17
2039	22
2040	18
2041	29
2042	30
2043	21
2044	17
2045	19
2046	25
2047	27
2048	10
2049	12
2050	17
2051	12
2052	19
2053	25
2054	23
2055	26
2056	17
2057	18
2058	15
2059	16
2060	22
2061	15
2062	17
2063	14
2064	24
2065	16
2066	21
2067	12
2068	19
2069	18
2070	28
2071	19
2072	15
2073	18
2074	23
2075	23
2076	16
2077	14
2078	24
2079	16
2080	26
2081	20
2082	15
2083	30
2084	19
2085	15
2086	23
2087	22
2088	17
2089	22
2090	18
2091	21
2092	20
2093	32
2094	22
2095	23
2096	22
2097	13
2098	32
2099	23
2100	20
2101	20
2102	23
2103	21
2104	26
2105	19
2106	21
2107	23
2108	18
2109	24
2110	22
2111	27
2112	16
2113	29
2114	23
2115	18
2116	17
2117	21
2118	15
2119	24
2120	18
2121	16
2122	25
2123	23
2124	18
2125	19
2126	25
2127	25
2128	14
2129	16
2130	17
2131	14
2132	22
2133	23
2134	22
2135	15
2136	16
2137	17
2138	22
2139	21
2140	17
2141	28
2142	19
2143	20
2144	18
2145	14
2146	27
2147	23
2148	23
2149	25
2150	14
2151	21
2152	21
2153	18
2154	14
2155	24
2156	19
2157	23
2158	23
2159	22
2160	15
2161	23
2162	22
2163	13
2164	26
2165	13
2166	22
2167	25
2168	17
2169	19
2170	18
2171	12
2172	32
2173	20
2174	12
2175	8
2176	17
2177	20
2178	22
2179	19
2180	20
2181	28
2182	12
2183	21
2184	24
2185	16
2186	16
2187	23
2188	18
2189	7
2190	18
2191	16
2192	18
2193	19
2194	18
2195	27
2196	13
2197	23
2198	10
2199	24
2200	25
2201	16
2202	22
2203	30
2204	16
2205	23
2206	11
2207	19
2208	25
2209	20
2210	19
2211	27
2212	19
2213	15
2214	20
2215	18
2216	17
2217	24
2218	23
2219	22
2220	19
2221	17
2222	13
2223	20
2224	21
2225	21
2226	15
2227	29
2228	21
2229	22
2230	22
2231	24
2232	27
2233	15
2234	18
2235	18
2236	19
2237	14
2238	25
2239	13
2240	19
2241	18
2242	20
2243	17
2244	14
2245	19
2246	16
2247	27
2248	18
2249	23
2250	17
2251	19
2252	16
2253	10
2254	25
2255	15
2256	18
2257	15
2258	26
2259	21
2260	17
2261	22
2262	16
2263	15
2264	22
2265	22
2266	15
2267	22
2268	25
2269	20
2270	15
2271	19
2272	29
2273	18
2274	26
2275	19
2276	16
2277	21
2278	34
2279	12
2280	23
2281	15
2282	18
2283	21
2284	25
2285	14
2286	10
2287	16
2288	9
2289	15
2290	18
2291	18
2292	15
2293	14
2294	18
2295	15
2296	19
2297	22
2298	15
2299	16
2300	18
2301	17
2302	20
2303	21
2304	16
2305	15
2306	12
2307	18
2308	14
2309	13
2310	19
2311	16
2312	17
2313	11
2314	13
2315	26
2316	17
2317	19
2318	13
2319	14
2320	20
2321	24
2322	14
2323	13
2324	20
2325	28
2326	13
2327	25
2328	11
2329	25
2330	16
2331	17
2332	19
2333	18
2334	12
2335	10
2336	24
2337	14
2338	18
2339	21
2340	19
2341	11
2342	18
2343	21
2344	18
2345	16
2346	21
2347	21
2348	18
2349	17
2350	18
2351	14
2352	25
2353	15
2354	16
2355	23
2356	18
2357	17
2358	14
2359	8
2360	21
2361	16
2362	10
2363	14
2364	18
2365	17
2366	21
2367	15
2368	19
2369	23
2370	9
2371	11
2372	19
2373	21
2374	17
2375	17
2376	13
2377	18
2378	21
2379	13
2380	21
2381	17
2382	20
2383	21
2384	15
2385	19
2386	23
2387	18
2388	20
2389	15
2390	16
2391	17
2392	14
2393	22
2394	20
2395	19
2396	20
2397	15
2398	19
2399	19
2400	21
2401	14
2402	15
2403	10
2404	21
2405	23
2406	11
2407	12
2408	18
2409	15
2410	25
2411	17
2412	12
2413	18
2414	19
2415	18
2416	22
2417	26
2418	20
2419	15
2420	14
2421	14
2422	14
2423	15
2424	19
2425	28
2426	13
2427	21
2428	16
2429	18
2430	11
2431	13
2432	12
2433	16
2434	12
2435	18
2436	20
2437	18
2438	15
2439	16
2440	19
2441	18
2442	14
2443	31
2444	19
2445	17
2446	15
2447	25
2448	21
2449	21
2450	14
2451	19
2452	23
2453	11
2454	16
2455	20
2456	17
2457	17
2458	23
2459	15
2460	20
2461	16
2462	21
2463	27
2464	17
2465	24
2466	19
2467	24
2468	20
2469	14
2470	25
2471	21
2472	11
2473	27
2474	15
2475	20
2476	17
2477	19
2478	12
2479	17
2480	21
2481	25
2482	17
2483	12
2484	15
2485	17
2486	18
2487	18
2488	20
2489	19
2490	15
2491	17
2492	21
2493	14
2494	22
2495	16
2496	11
2497	15
2498	16
2499	11
2500	23
2501	18
2502	16
2503	24
2504	20
2505	17
2506	23
2507	11
2508	17
2509	15
2510	17
2511	13
2512	14
2513	19
2514	14
2515	23
2516	21
2517	21
2518	20
2519	20
2520	17
2521	20
2522	14
2523	14
2524	21
2525	15
2526	18
2527	11
2528	22
2529	20
2530	21
2531	18
2532	16
2533	18
2534	12
2535	9
2536	21
2537	19
2538	24
2539	14
2540	15
2541	18
2542	23
2543	17
2544	19
2545	22
2546	15
2547	25
2548	17
2549	19
2550	22
2551	12
2552	16
2553	18
2554	8
2555	20
2556	17
2557	25
2558	16
2559	18
2560	17
2561	14
2562	21
2563	17
2564	19
2565	18
2566	25
2567	17
2568	16
2569	27
2570	19
2571	25
2572	13
2573	13
2574	19
2575	11
2576	13
2577	14
2578	21
2579	16
2580	23
2581	17
2582	19
2583	19
2584	20
2585	17
2586	23
2587	17
2588	18
2589	15
2590	17
2591	16
2592	18
2593	19
2594	11
2595	8
2596	19
2597	18
2598	12
2599	19
2600	18
2601	16
2602	19
2603	14
2604	21
2605	13
2606	22
2607	14
2608	9
2609	13
2610	20
2611	10
2612	18
2613	20
2614	25
2615	18
2616	23
2617	17
2618	13
2619	19
2620	11
2621	10
2622	12
2623	20
2624	16
2625	13
2626	25
2627	18
2628	15
2629	16
2630	12
2631	18
2632	16
2633	19
2634	21
2635	19
2636	20
2637	17
2638	17
2639	21
2640	13
2641	11
2642	21
2643	17
2644	14
2645	18
2646	11
2647	20
2648	9
2649	24
2650	19
2651	14
2652	21
2653	13
2654	16
2655	21
2656	15
2657	23
2658	15
2659	10
2660	19
2661	17
2662	15
2663	23
2664	15
2665	11
2666	19
2667	17
2668	20
2669	15
2670	8
2671	22
2672	19
2673	16
2674	13
2675	15
2676	19
2677	12
2678	12
2679	16
2680	15
2681	20
2682	23
2683	22
2684	14
2685	17
2686	16
2687	16
2688	19
2689	16
2690	12
2691	18
2692	13
2693	20
2694	18
2695	17
2696	17
2697	12
2698	20
2699	18
2700	15
2701	21
2702	23
2703	15
2704	16
2705	18
2706	17
2707	15
2708	16
2709	13
2710	13
2711	16
2712	16
2713	8
2714	19
2715	19
2716	16
2717	8
2718	20
2719	15
2720	19
2721	8
2722	24
2723	16
2724	17
2725	20
2726	22
2727	15
2728	17
2729	25
2730	18
2731	16
2732	9
2733	11
2734	21
2735	16
2736	14
2737	17
2738	11
2739	15
2740	16
2741	19
2742	6
2743	16
2744	17
2745	17
2746	15
2747	19
2748	17
2749	20
2750	17
2751	17
2752	19
2753	15
2754	13
2755	15
2756	20
2757	18
2758	13
2759	19
2760	22
2761	13
2762	8
2763	21
2764	12
2765	13
2766	17
2767	22
2768	16
2769	14
2770	17
2771	18
2772	20
2773	16
2774	15
2775	16
2776	13
2777	17
2778	13
2779	18
2780	22
2781	16
2782	12
2783	16
2784	11
2785	10
2786	17
2787	17
2788	9
2789	19
2790	7
2791	19
2792	20
2793	20
2794	16
2795	20
2796	11
2797	18
2798	14
2799	12
2800	16
2801	19
2802	27
2803	21
2804	18
2805	18
2806	13
2807	15
2808	18
2809	13
2810	19
2811	20
2812	19
2813	15
2814	18
2815	17
2816	15
2817	18
2818	12
2819	16
2820	13
2821	13
2822	13
2823	17
2824	19
2825	14
2826	20
2827	15
2828	10
2829	11
2830	8
2831	19
2832	16
2833	17
2834	21
2835	14
2836	13
2837	20
2838	16
2839	16
2840	18
2841	12
2842	15
2843	13
2844	15
2845	21
2846	13
2847	16
2848	11
2849	27
2850	21
2851	14
2852	18
2853	12
2854	16
2855	21
2856	20
2857	16
2858	19
2859	13
2860	20
2861	12
2862	10
2863	10
2864	14
2865	13
2866	12
2867	11
2868	13
2869	20
2870	14
2871	20
2872	10
2873	15
2874	16
2875	11
2876	15
2877	14
2878	15
2879	16
2880	15
2881	19
2882	10
2883	18
2884	12
2885	16
2886	12
2887	15
2888	18
2889	20
2890	15
2891	13
2892	15
2893	23
2894	13
2895	12
2896	15
2897	12
2898	13
2899	13
2900	19
2901	17
2902	16
2903	6
2904	17
2905	12
2906	12
2907	16
2908	12
2909	13
2910	13
2911	13
2912	10
2913	19
2914	16
2915	12
2916	18
2917	14
2918	18
2919	17
2920	14
2921	29
2922	12
2923	13
2924	14
2925	19
2926	8
2927	14
2928	9
2929	23
2930	11
2931	14
2932	14
2933	10
2934	8
2935	18
2936	10
2937	15
2938	22
2939	10
2940	18
2941	17
2942	18
2943	11
2944	17
2945	16
2946	20
2947	14
2948	8
2949	14
2950	23
2951	14
2952	15
2953	9
2954	14
2955	7
2956	14
2957	11
2958	14
2959	19
2960	12
2961	22
2962	16
2963	12
2964	18
2965	12
2966	20
2967	10
2968	16
2969	24
2970	18
2971	11
2972	19
2973	12
2974	22
2975	14
2976	14
2977	12
2978	12
2979	15
2980	15
2981	18
2982	15
2983	10
2984	16
2985	13
2986	22
2987	16
2988	14
2989	15
2990	19
2991	10
2992	19
2993	14
2994	21
2995	13
2996	15
2997	18
2998	14
2999	23
3000	19
3001	17
3002	12
3003	13
3004	22
3005	13
3006	13
3007	17
3008	15
3009	16
3010	20
3011	23
3012	25
3013	18
3014	14
3015	14
3016	12
3017	17
3018	16
3019	13
3020	14
3021	19
3022	11
3023	12
3024	19
3025	16
3026	15
3027	15
3028	20
3029	17
3030	7
3031	10
3032	10
3033	16
3034	13
3035	18
3036	19
3037	13
3038	13
3039	15
3040	16
3041	10
3042	20
3043	11
3044	19
3045	18
3046	21
3047	13
3048	19
3049	17
3050	14
3051	10
3052	18
3053	16
3054	15
3055	11
3056	20
3057	13
3058	18
3059	15
3060	19
3061	13
3062	15
3063	17
3064	19
3065	13
3066	13
3067	16
3068	18
3069	23
3070	17
3071	19
3072	18
3073	16
3074	11
3075	18
3076	8
3077	20
3078	13
3079	17
3080	14
3081	14
3082	16
3083	18
3084	17
3085	11
3086	12
3087	25
3088	10
3089	22
3090	19
3091	19
3092	17
3093	16
3094	12
3095	10
3096	14
3097	10
3098	15
3099	15
3100	14
3101	14
3102	15
3103	10
3104	11
3105	21
3106	20
3107	12
3108	10
3109	23
3110	12
3111	12
3112	18
3113	17
3114	15
3115	23
3116	9
3117	9
3118	11
3119	16
3120	16
3121	12
3122	11
3123	16
3124	19
3125	16
3126	17
3127	15
3128	19
3129	23
3130	20
3131	10
3132	13
3133	17
3134	16
3135	21
3136	13
3137	20
3138	16
3139	15
3140	14
3141	17
3142	15
3143	19
3144	17
3145	12
3146	16
3147	11
3148	14
3149	24
3150	23
3151	13
3152	16
3153	10
3154	10
3155	16
3156	15
3157	23
3158	11
3159	15
3160	20
3161	12
3162	12
3163	11
3164	17
3165	14
3166	13
3167	11
3168	11
3169	10
3170	14
3171	22
3172	13
3173	6
3174	16
3175	15
3176	9
3177	17
3178	16
3179	19
3180	12
3181	14
3182	15
3183	15
3184	8
3185	22
3186	15
3187	10
3188	9
3189	15
3190	19
3191	12
3192	13
3193	8
3194	5
3195	9
3196	12
3197	18
3198	14
3199	11
3200	19
3201	14
3202	11
3203	14
3204	10
3205	13
3206	11
3207	15
3208	14
3209	20
3210	10
3211	14
3212	18
3213	19
3214	13
3215	15
3216	14
3217	11
3218	8
3219	17
3220	13
3221	9
3222	11
3223	10
3224	12
3225	11
3226	14
3227	14
3228	16
3229	12
3230	14
3231	20
3232	18
3233	12
3234	10
3235	10
3236	12
3237	8
3238	13
3239	7
3240	10
3241	15
3242	9
3243	10
3244	15
3245	14
3246	13
3247	17
3248	17
3249	15
3250	11
3251	13
3252	11
3253	10
3254	11
3255	8
3256	15
3257	12
3258	11
3259	12
3260	7
3261	10
3262	20
3263	13
3264	7
3265	14
3266	15
3267	14
3268	13
3269	11
3270	15
3271	13
3272	10
3273	7
3274	11
3275	9
3276	13
3277	16
3278	18
3279	8
3280	15
3281	12
3282	18
3283	12
3284	15
3285	15
3286	9
3287	12
3288	19
3289	15
3290	12
3291	11
3292	13
3293	10
3294	18
3295	16
3296	5
3297	10
3298	11
3299	11
3300	23
3301	14
3302	16
3303	9
3304	17
3305	19
3306	15
3307	11
3308	10
3309	9
3310	12
3311	10
3312	16
3313	12
3314	12
3315	14
3316	17
3317	17
3318	9
3319	13
3320	12
3321	11
3322	13
3323	15
3324	12
3325	9
3326	13
3327	11
3328	15
3329	19
3330	16
3331	17
3332	9
3333	14
3334	13
3335	14
3336	14
3337	11
3338	16
3339	4
3340	16
3341	13
3342	18
3343	21
3344	15
3345	14
3346	14
3347	10
3348	17
3349	9
3350	8
3351	10
3352	8
3353	13
3354	15
3355	10
3356	13
3357	11
3358	12
3359	13
3360	11
3361	11
3362	10
3363	13
3364	11
3365	12
3366	14
3367	14
3368	15
3369	11
3370	15
3371	9
3372	10
3373	14
3374	11
3375	17
3376	7
3377	16
3378	10
3379	9
3380	15
3381	9
3382	17
3383	12
3384	12
3385	14
3386	13
3387	16
3388	14
3389	13
3390	7
3391	8
3392	9
3393	15
3394	13
3395	14
3396	12
3397	6
3398	16
3399	12
3400	12
3401	10
3402	11
3403	7
3404	12
3405	10
3406	14
3407	18
3408	12
3409	18
3410	14
3411	11
3412	8
3413	16
3414	10
3415	14
3416	7
3417	19
3418	14
3419	16
3420	15
3421	21
3422	15
3423	19
3424	7
3425	19
3426	12
3427	10
3428	11
3429	13
3430	11
3431	13
3432	13
3433	18
3434	17
3435	13
3436	16
3437	16
3438	18
3439	10
3440	14
3441	12
3442	10
3443	15
3444	12
3445	11
3446	18
3447	8
3448	17
3449	15
3450	17
3451	17
3452	11
3453	10
3454	10
3455	15
3456	11
3457	17
3458	11
3459	14
3460	13
3461	12
3462	20
3463	10
3464	9
3465	13
3466	9
3467	14
3468	11
3469	9
3470	10
3471	9
3472	12
3473	9
3474	7
3475	12
3476	13
3477	12
3478	16
3479	16
3480	10
3481	7
3482	8
3483	17
3484	12
3485	15
3486	12
3487	11
3488	13
3489	7
3490	12
3491	12
3492	9
3493	10
3494	16
3495	12
3496	10
3497	17
3498	18
3499	12
3500	10
3501	28
3502	16
3503	10
3504	12
3505	6
3506	8
3507	8
3508	17
3509	8
3510	11
3511	9
3512	12
3513	11
3514	9
3515	16
3516	12
3517	9
3518	17
3519	13
3520	11
3521	14
3522	9
3523	11
3524	8
3525	11
3526	10
3527	9
3528	6
3529	8
3530	4
3531	11
3532	14
3533	10
3534	10
3535	9
3536	12
3537	18
3538	14
3539	16
3540	9
3541	8
3542	14
3543	11
3544	10
3545	15
3546	14
3547	7
3548	19
3549	12
3550	16
3551	19
3552	10
3553	14
3554	15
3555	8
3556	19
3557	9
3558	13
3559	17
3560	10
3561	17
3562	12
3563	7
3564	17
3565	13
3566	11
3567	10
3568	13
3569	11
3570	10
3571	11
3572	13
3573	17
3574	10
3575	11
3576	15
3577	8
3578	8
3579	12
3580	10
3581	16
3582	13
3583	6
3584	19
3585	8
3586	16
3587	14
3588	9
3589	10
3590	10
3591	5
3592	13
3593	15
3594	13
3595	12
3596	9
3597	13
3598	9
3599	9
3600	9
3601	15
3602	14
3603	11
3604	14
3605	12
3606	12
3607	7
3608	13
3609	13
3610	16
3611	7
3612	12
3613	17
3614	9
3615	13
3616	14
3617	8
3618	8
3619	12
3620	15
3621	9
3622	8
3623	7
3624	9
3625	11
3626	7
3627	17
3628	14
3629	12
3630	12
3631	15
3632	9
3633	13
3634	21
3635	10
3636	13
3637	15
3638	12
3639	11
3640	11
3641	13
3642	6
3643	12
3644	9
3645	13
3646	17
3647	9
3648	4
3649	12
3650	7
3651	16
3652	7
3653	17
3654	10
3655	8
3656	12
3657	10
3658	14
3659	13
3660	14
3661	7
3662	9
3663	11
3664	12
3665	9
3666	19
3667	11
3668	13
3669	12
3670	12
3671	7
3672	10
3673	10
3674	12
3675	15
3676	17
3677	12
3678	7
3679	11
3680	17
3681	9
3682	11
3683	10
3684	9
3685	10
3686	13
3687	14
3688	9
3689	10
3690	7
3691	16
3692	6
3693	12
3694	13
3695	13
3696	12
3697	12
3698	5
3699	8
3700	12
3701	12
3702	10
3703	14
3704	14
3705	13
3706	11
3707	13
3708	15
3709	18
3710	12
3711	5
3712	7
3713	11
3714	9
3715	8
3716	10
3717	14
3718	13
3719	6
3720	6
3721	7
3722	9
3723	14
3724	14
3725	11
3726	11
3727	11
3728	12
3729	13
3730	15
3731	14
3732	11
3733	14
3734	12
3735	12
3736	11
3737	13
3738	13
3739	14
3740	13
3741	8
3742	16
3743	13
3744	11
3745	10
3746	18
3747	11
3748	14
3749	8
3750	8
3751	8
3752	17
3753	12
3754	10
3755	12
3756	6
3757	11
3758	4
3759	7
3760	12
3761	7
3762	18
3763	9
3764	12
3765	10
3766	13
3767	15
3768	13
3769	8
3770	13
3771	11
3772	10
3773	18
3774	8
3775	8
3776	10
3777	11
3778	10
3779	14
3780	9
3781	10
3782	16
3783	9
3784	7
3785	7
3786	10
3787	11
3788	11
3789	13
3790	8
3791	14
3792	11
3793	10
3794	9
3795	13
3796	9
3797	11
3798	9
3799	16
3800	11
3801	6
3802	7
3803	15
3804	16
3805	13
3806	13
3807	9
3808	10
3809	13
3810	12
3811	8
3812	18
3813	12
3814	12
3815	12
3816	12
3817	15
3818	11
3819	14
3820	4
3821	13
3822	15
3823	5
3824	16
3825	14
3826	9
3827	11
3828	12
3829	8
3830	7
3831	12
3832	12
3833	11
3834	13
3835	16
3836	8
3837	16
3838	14
3839	8
3840	15
3841	16
3842	10
3843	10
3844	13
3845	8
3846	8
3847	18
3848	15
3849	11
3850	14
3851	14
3852	17
3853	8
3854	8
3855	15
3856	9
3857	11
3858	16
3859	9
3860	10
3861	11
3862	11
3863	14
3864	7
3865	12
3866	10
3867	11
3868	11
3869	12
3870	16
3871	13
3872	13
3873	4
3874	12
3875	19
3876	8
3877	20
3878	18
3879	9
3880	13
3881	14
3882	14
3883	10
3884	10
3885	20
3886	9
3887	15
3888	14
3889	13
3890	7
3891	10
3892	10
3893	13
3894	13
3895	9
3896	11
3897	16
3898	13
3899	15
3900	8
3901	15
3902	13
3903	11
3904	8
3905	6
3906	12
3907	10
3908	14
3909	7
3910	14
3911	16
3912	7
3913	13
3914	12
3915	8
3916	10
3917	8
3918	15
3919	12
3920	20
3921	11
3922	16
3923	17
3924	8
3925	13
3926	11
3927	17
3928	6
3929	13
3930	15
3931	18
3932	17
3933	15
3934	8
3935	15
3936	13
3937	13
3938	12
3939	13
3940	8
3941	9
3942	13
3943	11
3944	7
3945	12
3946	17
3947	14
3948	13
3949	12
3950	10
3951	10
3952	14
3953	17
3954	14
3955	10
3956	11
3957	10
3958	9
3959	13
3960	16
3961	9
3962	9
3963	17
3964	10
3965	14
3966	14
3967	11
3968	12
3969	7
3970	13
3971	11
3972	11
3973	10
3974	11
3975	12
3976	15
3977	12
3978	6
3979	6
3980	7
3981	11
3982	12
3983	16
3984	14
3985	13
3986	14
3987	14
3988	8
3989	10
3990	12
3991	10
3992	8
3993	16
3994	17
3995	13
3996	15
3997	9
3998	17
3999	15
4000	21
4001	12
4002	9
4003	10
4004	15
4005	7
4006	14
4007	14
4008	12
4009	8
4010	22
4011	18
4012	14
4013	17
4014	9
4015	20
4016	9
4017	11
4018	12
4019	18
4020	10
4021	19
4022	12
4023	11
4024	8
4025	12
4026	10
4027	18
4028	15
4029	13
4030	12
4031	9
4032	13
4033	7
4034	14
4035	9
4036	15
4037	11
4038	11
4039	16
4040	12
4041	14
4042	18
4043	9
4044	10
4045	12
4046	14
4047	9
4048	13
4049	16
4050	13
4051	9
4052	22
4053	18
4054	15
4055	10
4056	13
4057	16
4058	16
4059	19
4060	12
4061	14
4062	14
4063	6
4064	15
4065	9
4066	22
4067	12
4068	12
4069	15
4070	12
4071	11
4072	10
4073	14
4074	17
4075	16
4076	9
4077	19
4078	17
4079	10
4080	17
4081	8
4082	13
4083	10
4084	10
4085	15
4086	15
4087	12
4088	13
4089	13
4090	13
4091	13
4092	15
4093	11
4094	10
4095	11
4096	12
4097	11
4098	15
4099	9
4100	12
4101	14
4102	12
4103	11
4104	15
4105	12
4106	8
4107	6
4108	22
4109	13
4110	19
4111	13
4112	13
4113	12
4114	16
4115	15
4116	13
4117	12
4118	13
4119	12
4120	14
4121	11
4122	12
4123	11
4124	10
4125	9
4126	11
4127	15
4128	9
4129	9
4130	15
4131	25
4132	14
4133	10
4134	18
4135	17
4136	18
4137	12
4138	12
4139	9
4140	13
4141	12
4142	8
4143	11
4144	14
4145	10
4146	12
4147	9
4148	7
4149	7
4150	8
4151	12
4152	9
4153	18
4154	12
4155	18
4156	10
4157	16
4158	7
4159	15
4160	10
4161	14
4162	16
4163	10
4164	11
4165	17
4166	15
4167	13
4168	17
4169	13
4170	14
4171	13
4172	15
4173	17
4174	11
4175	16
4176	16
4177	19
4178	14
4179	4
4180	16
4181	12
4182	18
4183	18
4184	9
4185	14
4186	14
4187	15
4188	16
4189	15
4190	16
4191	10
4192	11
4193	15
4194	11
4195	13
4196	17
4197	11
4198	8
4199	18
4200	12
4201	13
4202	15
4203	18
4204	9
4205	16
4206	13
4207	11
4208	9
4209	19
4210	13
4211	14
4212	12
4213	11
4214	14
4215	11
4216	17
4217	8
4218	14
4219	16
4220	13
4221	19
4222	17
4223	13
4224	12
4225	11
4226	17
4227	15
4228	8
4229	10
4230	7
4231	16
4232	21
4233	14
4234	16
4235	21
4236	18
4237	16
4238	14
4239	8
4240	11
4241	14
4242	12
4243	13
4244	11
4245	12
4246	10
4247	11
4248	9
4249	24
4250	14
4251	15
4252	12
4253	13
4254	4
4255	11
4256	10
4257	14
4258	12
4259	14
4260	15
4261	16
4262	13
4263	14
4264	20
4265	13
4266	15
4267	12
4268	14
4269	12
4270	22
4271	19
4272	13
4273	17
4274	15
4275	17
4276	18
4277	13
4278	5
4279	11
4280	16
4281	10
4282	12
4283	22
4284	12
4285	9
4286	16
4287	16
4288	9
4289	8
4290	14
4291	14
4292	14
4293	13
4294	14
4295	19
4296	14
4297	12
4298	12
4299	16
4300	12
4301	12
4302	10
4303	16
4304	15
4305	5
4306	12
4307	11
4308	25
4309	14
4310	10
4311	12
4312	16
4313	17
4314	13
4315	13
4316	13
4317	15
4318	18
4319	11
4320	15
4321	18
4322	12
4323	10
4324	7
4325	14
4326	20
4327	16
4328	16
4329	15
4330	18
4331	8
4332	13
4333	11
4334	13
4335	25
4336	14
4337	9
4338	9
4339	13
4340	12
4341	13
4342	13
4343	15
4344	9
4345	21
4346	20
4347	13
4348	7
4349	15
4350	11
4351	17
4352	18
4353	9
4354	12
4355	9
4356	7
4357	17
4358	25
4359	16
4360	15
4361	13
4362	22
4363	15
4364	9
4365	12
4366	16
4367	17
4368	14
4369	11
4370	12
4371	18
4372	11
4373	16
4374	15
4375	11
4376	15
4377	15
4378	8
4379	19
4380	21
4381	13
4382	16
4383	11
4384	14
4385	22
4386	14
4387	12
4388	14
4389	17
4390	12
4391	7
4392	14
4393	12
4394	11
4395	12
4396	16
4397	17
4398	16
4399	16
4400	13
4401	18
4402	14
4403	16
4404	19
4405	17
4406	24
4407	15
4408	14
4409	20
4410	12
4411	17
4412	19
4413	18
4414	13
4415	12
4416	13
4417	14
4418	13
4419	15
4420	17
4421	20
4422	20
4423	14
4424	23
4425	7
4426	25
4427	13
4428	16
4429	21
4430	10
4431	22
4432	23
4433	18
4434	14
4435	11
4436	17
4437	16
4438	21
4439	28
4440	17
4441	12
4442	16
4443	12
4444	17
4445	18
4446	17
4447	16
4448	16
4449	20
4450	14
4451	22
4452	16
4453	18
4454	20
4455	15
4456	23
4457	21
4458	15
4459	19
4460	14
4461	24
4462	9
4463	18
4464	15
4465	14
4466	11
4467	13
4468	19
4469	20
4470	15
4471	17
4472	14
4473	19
4474	14
4475	21
4476	27
4477	19
4478	19
4479	11
4480	18
4481	14
4482	30
4483	13
4484	16
4485	23
4486	12
4487	18
4488	22
4489	18
4490	17
4491	20
4492	17
4493	27
4494	19
4495	22
4496	20
4497	9
4498	17
4499	17
4500	18
4501	19
4502	16
4503	17
4504	20
4505	19
4506	24
4507	20
4508	21
4509	23
4510	19
4511	14
4512	23
4513	15
4514	19
4515	23
4516	15
4517	29
4518	19
4519	16
4520	14
4521	25
4522	19
4523	29
4524	23
4525	20
4526	10
4527	18
4528	16
4529	22
4530	22
4531	15
4532	21
4533	20
4534	19
4535	21
4536	27
4537	21
4538	24
4539	17
4540	23
4541	25
4542	18
4543	19
4544	22
4545	20
4546	23
4547	20
4548	25
4549	22
4550	20
4551	24
4552	29
4553	23
4554	16
4555	18
4556	25
4557	23
4558	25
4559	19
4560	22
4561	18
4562	23
4563	27
4564	21
4565	16
4566	24
4567	24
4568	21
4569	25
4570	33
4571	23
4572	20
4573	17
4574	19
4575	16
4576	18
4577	30
4578	21
4579	21
4580	21
4581	26
4582	18
4583	27
4584	24
4585	20
4586	20
4587	27
4588	17
4589	24
4590	26
4591	32
4592	26
4593	28
4594	25
4595	23
4596	25
4597	24
4598	17
4599	35
4600	32
4601	20
4602	26
4603	22
4604	24
4605	27
4606	20
4607	19
4608	24
4609	25
4610	21
4611	29
4612	19
4613	16
4614	20
4615	22
4616	25
4617	18
4618	16
4619	24
4620	30
4621	19
4622	23
4623	22
4624	29
4625	17
4626	23
4627	28
4628	20
4629	20
4630	33
4631	27
4632	20
4633	26
4634	17
4635	21
4636	30
4637	26
4638	25
4639	22
4640	20
4641	31
4642	12
4643	26
4644	28
4645	27
4646	24
4647	22
4648	24
4649	31
4650	35
4651	25
4652	34
4653	23
4654	26
4655	27
4656	21
4657	28
4658	22
4659	22
4660	22
4661	30
4662	28
4663	24
4664	20
4665	30
4666	33
4667	26
4668	20
4669	19
4670	20
4671	23
4672	25
4673	21
4674	19
4675	23
4676	29
4677	26
4678	36
4679	22
4680	20
4681	21
4682	23
4683	21
4684	29
4685	24
4686	19
4687	24
4688	27
4689	36
4690	17
4691	24
4692	23
4693	25
4694	19
4695	23
4696	23
4697	19
4698	34
4699	27
4700	23
4701	12
4702	17
4703	17
4704	23
4705	26
4706	25
4707	17
4708	31
4709	16
4710	18
4711	32
4712	24
4713	25
4714	30
4715	22
4716	21
4717	18
4718	17
4719	25
4720	24
4721	22
4722	23
4723	28
4724	26
4725	28
4726	26
4727	19
4728	22
4729	24
4730	16
4731	23
4732	23
4733	22
4734	32
4735	17
4736	22
4737	29
4738	17
4739	26
4740	28
4741	29
4742	21
4743	29
4744	31
4745	25
4746	27
4747	26
4748	15
4749	19
4750	27
4751	15
4752	24
4753	22
4754	20
4755	15
4756	21
4757	23
4758	26
4759	18
4760	23
4761	19
4762	27
4763	17
4764	26
4765	13
4766	25
4767	22
4768	24
4769	18
4770	29
4771	16
4772	18
4773	15
4774	15
4775	15
4776	23
4777	19
4778	18
4779	26
4780	18
4781	20
4782	13
4783	21
4784	16
4785	20
4786	20
4787	20
4788	24
4789	13
4790	24
4791	22
4792	18
4793	13
4794	16
4795	13
4796	19
4797	16
4798	14
4799	14
4800	16
4801	22
4802	16
4803	16
4804	14
4805	18
4806	16
4807	9
4808	25
4809	18
4810	13
4811	27
4812	16
4813	12
4814	19
4815	13
4816	19
4817	17
4818	13
4819	13
4820	14
4821	15
4822	18
4823	18
4824	16
4825	22
4826	12
4827	11
4828	10
4829	25
4830	12
4831	18
4832	12
4833	15
4834	15
4835	14
4836	16
4837	12
4838	14
4839	16
4840	14
4841	10
4842	11
4843	17
4844	15
4845	14
4846	15
4847	13
4848	15
4849	9
4850	19
4851	13
4852	14
4853	20
4854	16
4855	12
4856	5
4857	14
4858	17
4859	13
4860	13
4861	12
4862	11
4863	12
4864	10
4865	10
4866	12
4867	7
4868	11
4869	7
4870	8
4871	8
4872	11
4873	8
4874	10
4875	12
4876	10
4877	12
4878	12
4879	11
4880	8
4881	16
4882	10
4883	8
4884	11
4885	15
4886	12
4887	11
4888	8
4889	7
4890	9
4891	11
4892	5
4893	8
4894	12
4895	9
4896	7
4897	9
4898	7
4899	11
4900	6
4901	12
4902	13
4903	4
4904	7
4905	9
4906	10
4907	7
4908	6
4909	9
4910	10
4911	7
4912	8
4913	11
4914	7
4915	5
4916	6
4917	4
4918	14
4919	9
4920	3
4921	11
4922	6
4923	10
4924	9
4925	10
4926	8
4927	2
4928	5
4929	7
4930	13
4931	9
4932	6
4933	6
4934	3
4935	4
4936	5
4937	8
4938	5
4939	2
4940	6
4941	4
4942	9
4943	4
4944	8
4945	4
4946	8
4947	4
4948	5
4949	5
4950	5
4951	4
4952	4
4953	5
4954	7
4955	3
4956	3
4957	3
4958	3
4959	2
4960	4
4961	4
4962	6
4963	5
4964	6
4965	6
4966	4
4967	3
4968	6
4969	3
4970	6
4971	2
4972	1
4973	3
4974	3
4975	3
4976	6
4977	7
4978	4
4979	4
4980	2
4981	7
4982	3
4983	2
4984	3
4985	4
4986	1
4987	1
4988	5
4989	1
4990	5
4991	7
4992	4
4993	2
4994	1
4995	5
4996	3
4997	2
4998	5
4999	3
5000	2
5001	2
5002	5
5003	2
5004	2
5005	7
5006	2
5007	5
5008	6
5009	1
5010	3
5011	0
5012	4
5013	1
5014	3
5015	3
5016	3
5017	1
5018	1
5019	0
5020	5
5021	2
5022	3
5023	2
5024	4
5025	1
5026	4
5027	2
5028	0
5029	0
5030	3
5031	1
5032	2
5033	1
5034	1
5035	0
5036	2
5037	2
5038	2
5039	1
5040	2
5041	0
5042	0
5043	0
5044	0
5045	2
5046	1
5047	0
5048	3
5049	1
5050	2
5051	1
5052	3
5053	0
5054	1
5055	2
5056	0
5057	1
5058	0
5059	1
5060	2
5061	0
5062	1
5063	2
5064	1
5065	0
5066	1
5067	2
5068	0
5069	0
5070	1
5071	3
5072	1
5073	0
5074	1
5075	0
5076	2
5077	0
5078	0
5079	2
5080	0
5081	0
5082	1
5083	0
5084	2
5085	0
5086	3
5087	1
5088	1
5089	2
5090	0
5091	0
5092	1
5093	0
5094	0
5095	1
5096	2
5097	1
5098	2
5099	1
5100	1
5101	1
5102	0
5103	0
5104	0
5105	0
5106	0
5107	1
5108	2
5109	0
5110	0
5111	1
5112	0
5113	1
5114	0
5115	1
5116	1
5117	0
5118	0
5119	0
5120	0
5121	1
5122	2
5123	2
5124	0
5125	0
5126	1
5127	3
5128	0
5129	1
5130	1
5131	1
5132	1
5133	0
5134	0
5135	1
5136	1
5137	3
5138	0
5139	0
5140	0
5141	0
5142	1
5143	0
5144	1
5145	0
5146	4
5147	1
5148	0
5149	0
5150	0
5151	1
5152	0
5153	2
5154	0
5155	0
5156	1
5157	1
5158	3
5159	1
5160	1
5161	0
5162	1
5163	0
5164	2
5165	0
5166	2
5167	1
5168	1
5169	1
5170	0
5171	0
5172	1
5173	1
5174	0
5175	0
5176	0
5177	1
5178	0
5179	1
5180	0
5181	0
5182	0
5183	0
5184	0
5185	2
5186	2
5187	1
5188	0
5189	0
5190	0
5191	1
5192	1
5193	0
5194	2
5195	0
5196	0
5197	1
5198	1
5199	2
5200	0
5201	0
5202	1
5203	1
5204	0
5205	0
5206	2
5207	1
5208	0
5209	0
5210	0
5211	0
5212	0
5213	0
5214	0
5215	1
5216	0
5217	1
5218	1
5219	1
5220	1
5221	0
5222	0
5223	1
5224	2
5225	0
5226	0
5227	1
5228	1
5229	0
5230	0
5231	0
5232	0
5233	0
5234	0
5235	0
5236	0
5237	0
5238	3
5239	0
5240	0
5241	1
5242	1
5243	0
5244	2
5245	1
5246	0
5247	0
5248	4
5249	1
5250	1
5251	3
5252	1
5253	0
5254	0
5255	0
5256	0
5257	0
5258	0
5259	0
5260	1
5261	0
5262	0
5263	0
5264	0
5265	1
5266	0
5267	2
5268	0
5269	0
5270	1
5271	2
5272	0
5273	1
5274	0
5275	0
5276	0
5277	1
5278	0
5279	0
5280	0
5281	0
5282	2
5283	1
5284	2
5285	1
5286	1
5287	0
5288	0
5289	1
5290	0
5291	2
5292	0
5293	0
5294	0
5295	2
5296	0
5297	1
5298	1
5299	1
5300	0
5301	1
5302	1
5303	0
5304	0
5305	2
5306	1
5307	0
5308	0
5309	0
5310	1
5311	0
5312	1
5313	0
5314	1
5315	0
5316	1
5317	0
5318	1
5319	1
5320	1
5321	0
5322	0
5323	1
5324	0
5325	3
5326	0
5327	0
5328	1
5329	0
5330	0
5331	0
5332	0
5333	1
5334	0
5335	0
5336	1
5337	2
5338	1
5339	0
5340	0
5341	0
5342	0
5343	0
5344	0
5345	1
5346	0
5347	1
5348	0
5349	0
5350	2
5351	0
5352	1
5353	0
5354	0
5355	0
5356	1
5357	0
5358	2
5359	0
5360	0
5361	0
5362	1
5363	1
5364	1
5365	0
5366	0
5367	0
5368	1
5369	1
5370	1
5371	1
5372	0
5373	2
5374	1
5375	0
5376	0
5377	0
5378	0
5379	1
5380	1
5381	1
5382	0
5383	1
5384	0
5385	1
5386	1
5387	0
5388	1
5389	0
5390	0
5391	0
5392	1
5393	0
5394	0
5395	0
5396	0
5397	1
5398	0
5399	1
5400	0
5401	0
5402	0
5403	0
5404	0
5405	1
5406	2
5407	1
5408	0
5409	0
5410	1
5411	0
5412	0
5413	1
5414	1
5415	1
5416	0
5417	1
5418	0
5419	1
5420	0
5421	0
5422	0
5423	0
5424	1
5425	0
5426	1
5427	1
5428	1
5429	1
5430	0
5431	1
5432	1
5433	2
5434	0
5435	0
5436	0
5437	1
5438	0
5439	0
5440	2
5441	1
5442	0
5443	1
5444	0
5445	1
5446	0
5447	0
5448	1
5449	0
5450	0
5451	1
5452	0
5453	0
5454	1
5455	1
5456	0
5457	1
5458	0
5459	0
5460	0
5461	0
5462	1
5463	1
5464	1
5465	1
5466	1
5467	0
5468	0
5469	1
5470	1
5471	0
5472	0
5473	1
5474	1
5475	0
5476	0
5477	1
5478	1
5479	0
5480	0
5481	1
5482	2
5483	2
5484	1
5485	1
5486	2
5487	0
5488	1
5489	1
5490	0
5491	0
5492	0
5493	0
5494	0
5495	0
5496	0
5497	0
5498	1
5499	1
5500	0
5501	0
5502	0
5503	0
5504	1
5505	0
5506	1
5507	0
5508	1
5509	1
5510	1
5511	0
5512	1
5513	1
5514	0
5515	1
5516	0
5517	1
5518	0
5519	1
5520	0
5521	0
5522	0
5523	0
5524	2
5525	0
5526	0
5527	0
5528	0
5529	1
5530	0
5531	1
5532	0
5533	1
5534	0
5535	0
5536	0
5537	1
5538	0
5539	0
5540	0
5541	0
5542	2
5543	1
5544	0
5545	1
5546	1
5547	1
5548	0
5549	0
5550	1
5551	1
5552	0
5553	1
5554	1
5555	0
5556	0
5557	1
5558	0
5559	0
5560	0
5561	1
5562	2
5563	1
5564	1
5565	0
5566	1
5567	1
5568	0
5569	0
5570	0
5571	0
5572	0
5573	0
5574	0
5575	1
5576	0
5577	0
5578	2
5579	1
5580	0
5581	0
5582	0
5583	1
5584	2
5585	0
5586	2
5587	0
5588	0
5589	0
5590	0
5591	0
5592	0
5593	0
5594	0
5595	1
5596	0
5597	1
5598	0
5599	0
5600	0
5601	1
5602	0
5603	0
5604	0
5605	0
5606	1
5607	2
5608	2
5609	1
5610	0
5611	0
5612	0
5613	1
5614	1
5615	2
5616	1
5617	1
5618	2
5619	1
5620	0
5621	0
5622	1
5623	1
5624	0
5625	1
5626	1
5627	0
5628	1
5629	0
5630	1
5631	0
5632	0
5633	0
5634	1
5635	0
5636	0
5637	0
5638	1
5639	0
5640	0
5641	0
5642	0
5643	2
5644	1
5645	0
5646	0
5647	0
5648	0
5649	0
5650	1
5651	1
5652	0
5653	0
5654	0
5655	0
5656	2
5657	0
5658	1
5659	1
5660	0
5661	0
5662	0
5663	1
5664	1
5665	1
5666	0
5667	1
5668	0
5669	0
5670	0
5671	0
5672	2
5673	0
5674	1
5675	0
5676	0
5677	0
5678	0
5679	1
5680	0
5681	1
5682	0
5683	0
5684	0
5685	0
5686	1
5687	0
5688	1
5689	1
5690	0
5691	1
5692	0
5693	1
5694	0
5695	0
5696	0
5697	0
5698	0
5699	0
5700	0
5701	1
5702	0
5703	1
5704	2
5705	0
5706	0
5707	0
5708	0
5709	0
5710	0
5711	0
5712	0
5713	0
5714	1
5715	2
5716	0
5717	1
5718	0
5719	1
5720	0
5721	0
5722	0
5723	0
5724	1
5725	1
5726	1
5727	0
5728	0
5729	1
5730	1
5731	1
5732	0
5733	0
5734	0
5735	0
5736	0
5737	0
5738	0
5739	1
5740	0
5741	0
5742	0
5743	0
5744	0
5745	0
5746	0
5747	0
5748	0
5749	1
5750	0
5751	0
5752	0
5753	0
5754	0
5755	0
5756	0
5757	1
5758	2
5759	0
5760	2
5761	0
5762	2
5763	0
5764	0
5765	0
5766	0
5767	0
5768	2
5769	0
5770	0
5771	0
5772	2
5773	0
5774	1
5775	0
5776	1
5777	0
5778	0
5779	0
5780	0
5781	1
5782	1
5783	0
5784	0
5785	1
5786	0
5787	0
5788	1
5789	0
5790	2
5791	0
5792	0
5793	0
5794	0
5795	0
5796	0
5797	0
5798	0
5799	0
5800	0
5801	0
5802	1
5803	0
5804	0
5805	0
5806	1
5807	0
5808	1
5809	0
5810	0
5811	1
5812	0
5813	0
5814	0
5815	1
5816	0
5817	0
5818	1
5819	0
5820	4
5821	2
5822	1
5823	1
5824	2
5825	1
5826	0
5827	0
5828	0
5829	0
5830	1
5831	0
5832	0
5833	1
5834	2
5835	0
5836	1
5837	0
5838	0
5839	0
5840	0
5841	0
5842	0
5843	2
5844	0
5845	1
5846	1
5847	1
5848	0
5849	0
5850	0
5851	0
5852	0
5853	0
5854	0
5855	0
5856	1
5857	1
5858	0
5859	1
5860	0
5861	0
5862	1
5863	1
5864	0
5865	0
5866	0
5867	1
5868	1
5869	0
5870	0
5871	1
5872	0
5873	1
5874	0
5875	0
5876	1
5877	1
5878	1
5879	0
5880	1
5881	2
5882	3
5883	1
5884	1
5885	0
5886	0
5887	2
5888	1
5889	0
5890	0
5891	0
5892	0
5893	0
5894	2
5895	0
5896	1
5897	0
5898	0
5899	0
5900	0
5901	0
5902	1
5903	0
5904	0
5905	1
5906	0
5907	0
5908	0
5909	0
5910	0
5911	0
5912	0
5913	1
5914	0
5915	1
5916	0
5917	0
5918	1
5919	0
5920	1
5921	1
5922	1
5923	0
5924	2
5925	1
5926	0
5927	0
5928	0
5929	2
5930	0
5931	0
5932	2
5933	0
5934	0
5935	0
5936	1
5937	1
5938	0
5939	1
5940	1
5941	1
5942	0
5943	1
5944	0
5945	0
5946	1
5947	0
5948	0
5949	0
5950	1
5951	1
5952	0
5953	0
5954	0
5955	0
5956	0
5957	0
5958	0
5959	0
5960	1
5961	0
5962	1
5963	0
5964	0
5965	0
5966	0
5967	0
5968	0
5969	2
5970	0
5971	0
5972	1
5973	0
5974	0
5975	2
5976	0
5977	1
5978	0
5979	0
5980	0
5981	3
5982	0
5983	0
5984	1
5985	1
5986	1
5987	1
5988	0
5989	1
5990	0
5991	0
5992	0
5993	0
5994	0
5995	0
5996	1
5997	0
5998	0
5999	1
6000	0
6001	0
6002	1
6003	1
6004	0
6005	0
6006	0
6007	0
6008	0
6009	0
6010	0
6011	0
6012	0
6013	1
6014	0
6015	1
6016	0
6017	0
6018	0
6019	0
6020	2
6021	0
6022	0
6023	1
6024	1
6025	0
6026	1
6027	0
6028	0
6029	1
6030	0
6031	0
6032	0
6033	1
6034	0
6035	0
6036	2
6037	1
6038	1
6039	2
6040	0
6041	1
6042	0
6043	2
6044	0
6045	0
6046	0
6047	1
6048	1
6049	1
6050	0
6051	1
6052	0
6053	0
6054	0
6055	0
6056	0
6057	2
6058	1
6059	3
6060	2
6061	2
6062	2
6063	2
6064	0
6065	0
6066	1
6067	0
6068	1
6069	0
6070	1
6071	2
6072	0
6073	1
6074	0
6075	0
6076	1
6077	0
6078	1
6079	0
6080	0
6081	0
6082	1
6083	0
6084	1
6085	0
6086	0
6087	1
6088	0
6089	2
6090	1
6091	0
6092	0
6093	1
6094	0
6095	1
6096	0
6097	1
6098	1
6099	1
6100	0
6101	0
6102	1
6103	0
6104	0
6105	0
6106	1
6107	0
6108	0
6109	0
6110	0
6111	0
6112	0
6113	0
6114	0
6115	1
6116	1
6117	0
6118	0
6119	1
6120	1
6121	1
6122	0
6123	0
6124	0
6125	0
6126	0
6127	1
6128	1
6129	1
6130	0
6131	0
6132	0
6133	1
6134	2
6135	0
6136	0
6137	0
6138	0
6139	0
6140	1
6141	0
6142	1
6143	1
6144	1
6145	2
6146	0
6147	0
6148	2
6149	0
6150	0
6151	2
6152	0
6153	0
6154	0
6155	0
6156	0
6157	1
6158	0
6159	0
6160	1
6161	1
6162	0
6163	0
6164	0
6165	0
6166	1
6167	0
6168	0
6169	1
6170	1
6171	1
6172	0
6173	1
6174	0
6175	0
6176	1
6177	0
6178	1
6179	0
6180	2
6181	3
6182	4
6183	0
6184	0
6185	0
6186	0
6187	0
6188	0
6189	0
6190	0
6191	1
6192	1
6193	1
6194	0
6195	1
6196	3
6197	0
6198	0
6199	2
6200	0
6201	0
6202	0
6203	1
6204	0
6205	0
6206	0
6207	0
6208	0
6209	0
6210	0
6211	3
6212	0
6213	0
6214	1
6215	0
6216	0
6217	1
6218	2
6219	1
6220	0
6221	0
6222	0
6223	1
6224	0
6225	0
6226	0
6227	2
6228	0
6229	0
6230	0
6231	0
6232	2
6233	1
6234	0
6235	1
6236	1
6237	0
6238	0
6239	0
6240	0
6241	0
6242	2
6243	1
6244	1
6245	1
6246	0
6247	1
6248	0
6249	1
6250	0
6251	1
6252	1
6253	1
6254	0
6255	0
6256	1
6257	1
6258	0
6259	0
6260	0
6261	1
6262	1
6263	0
6264	0
6265	0
6266	1
6267	1
6268	0
6269	0
6270	0
6271	1
6272	0
6273	0
6274	0
6275	2
6276	2
6277	0
6278	0
6279	1
6280	2
6281	1
6282	0
6283	0
6284	0
6285	0
6286	0
6287	0
6288	1
6289	0
6290	2
6291	1
6292	1
6293	0
6294	0
6295	0
6296	0
6297	0
6298	0
6299	0
6300	1
6301	0
6302	0
6303	0
6304	0
6305	0
6306	0
6307	0
6308	0
6309	1
6310	0
6311	1
6312	0
6313	0
6314	0
6315	0
6316	0
6317	0
6318	0
6319	0
6320	1
6321	1
6322	0
6323	0
6324	2
6325	0
6326	1
6327	0
6328	0
6329	1
6330	0
6331	1
6332	0
6333	1
6334	0
6335	0
6336	0
6337	1
6338	1
6339	0
6340	0
6341	1
6342	1
6343	1
6344	1
6345	0
6346	1
6347	0
6348	0
6349	1
6350	1
6351	1
6352	1
6353	0
6354	3
6355	0
6356	0
6357	0
6358	2
6359	1
6360	0
6361	0
6362	0
6363	0
6364	0
6365	0
6366	0
6367	0
6368	2
6369	0
6370	1
6371	0
6372	2
6373	1
6374	0
6375	0
6376	0
6377	1
6378	0
6379	0
6380	0
6381	0
6382	1
6383	0
6384	1
6385	0
6386	1
6387	2
6388	0
6389	0
6390	1
6391	1
6392	0
6393	0
6394	0
6395	0
6396	1
6397	0
6398	0
6399	0
6400	0
6401	1
6402	0
6403	0
6404	0
6405	0
6406	0
6407	0
6408	0
6409	1
6410	0
6411	0
6412	1
6413	0
6414	0
6415	3
6416	1
6417	0
6418	0
6419	1
6420	0
6421	0
6422	0
6423	0
6424	0
6425	0
6426	1
6427	0
6428	1
6429	1
6430	1
6431	0
6432	1
6433	0
6434	1
6435	2
6436	0
6437	0
6438	0
6439	0
6440	0
6441	0
6442	0
6443	0
6444	1
6445	0
6446	0
6447	2
6448	0
6449	0
6450	0
6451	0
6452	0
6453	0
6454	0
6455	0
6456	0
6457	0
6458	0
6459	0
6460	1
6461	0
6462	0
6463	0
6464	1
6465	0
6466	1
6467	0
6468	1
6469	0
6470	0
6471	0
6472	0
6473	1
6474	0
6475	0
6476	1
6477	0
6478	1
6479	1
6480	0
6481	0
6482	0
6483	2
6484	0
6485	1
6486	0
6487	0
6488	1
6489	1
6490	2
6491	1
6492	0
6493	1
6494	0
6495	0
6496	0
6497	0
6498	0
6499	1
6500	0
6501	1
6502	0
6503	0
6504	0
6505	1
6506	0
6507	0
6508	0
6509	0
6510	1
6511	1
6512	0
6513	1
6514	1
6515	0
6516	0
6517	0
6518	0
6519	2
6520	0
6521	0
6522	0
6523	1
6524	0
6525	1
6526	3
6527	1
6528	0
6529	1
6530	0
6531	0
6532	0
6533	2
6534	0
6535	0
6536	1
6537	1
6538	0
6539	0
6540	1
6541	0
6542	0
6543	1
6544	1
6545	0
6546	0
6547	0
6548	0
6549	0
6550	1
6551	0
6552	0
6553	2
6554	1
6555	1
6556	0
6557	0
6558	0
6559	0
6560	0
6561	0
6562	0
6563	0
6564	0
6565	0
6566	0
6567	0
6568	1
6569	1
6570	0
6571	0
6572	1
6573	1
6574	0
6575	1
6576	2
6577	0
6578	1
6579	0
6580	0
6581	0
6582	0
6583	2
6584	0
6585	1
6586	0
6587	1
6588	0
6589	0
6590	0
6591	0
6592	0
6593	0
6594	0
6595	0
6596	0
6597	2
6598	0
6599	1
6600	0
6601	1
6602	1
6603	0
6604	0
6605	3
6606	0
6607	0
6608	2
6609	1
6610	0
6611	0
6612	0
6613	1
6614	0
6615	0
6616	0
6617	0
6618	0
6619	1
6620	0
6621	0
6622	1
6623	1
6624	1
6625	0
6626	1
6627	0
6628	1
6629	0
6630	0
6631	2
6632	1
6633	0
6634	2
6635	1
6636	1
6637	1
6638	0
6639	0
6640	1
6641	1
6642	0
6643	0
6644	0
6645	0
6646	0
6647	0
6648	0
6649	0
6650	1
6651	0
6652	1
6653	2
6654	0
6655	1
6656	0
6657	0
6658	0
6659	0
6660	0
6661	0
6662	0
6663	1
6664	1
6665	0
6666	0
6667	1
6668	0
6669	0
6670	1
6671	2
6672	0
6673	0
6674	1
6675	1
6676	0
6677	0
6678	1
6679	1
6680	1
6681	0
6682	1
6683	0
6684	0
6685	1
6686	0
6687	0
6688	0
6689	1
6690	1
6691	0
6692	0
6693	0
6694	0
6695	0
6696	1
6697	0
6698	0
6699	0
6700	2
6701	1
6702	0
6703	0
6704	0
6705	3
6706	0
6707	1
6708	0
6709	0
6710	1
6711	0
6712	0
6713	1
6714	0
6715	0
6716	1
6717	0
6718	0
6719	0
6720	0
6721	1
6722	0
6723	0
6724	0
6725	1
6726	0
6727	1
6728	0
6729	3
6730	0
6731	0
6732	2
6733	0
6734	0
6735	0
6736	0
6737	0
6738	1
6739	0
6740	1
6741	0
6742	2
6743	0
6744	1
6745	2
6746	0
6747	1
6748	0
6749	1
6750	1
6751	0
6752	2
6753	0
6754	0
6755	1
6756	0
6757	2
6758	0
6759	0
6760	1
6761	0
6762	0
6763	1
6764	0
6765	0
6766	0
6767	0
6768	0
6769	0
6770	0
6771	0
6772	1
6773	0
6774	0
6775	1
6776	0
6777	1
6778	0
6779	1
6780	0
6781	0
6782	1
6783	2
6784	1
6785	1
6786	3
6787	0
6788	0
6789	0
6790	0
6791	0
6792	1
6793	0
6794	0
6795	0
6796	0
6797	0
6798	0
6799	1
6800	0
6801	1
6802	0
6803	0
6804	1
6805	0
6806	0
6807	1
6808	0
6809	1
6810	0
6811	0
6812	1
6813	2
6814	0
6815	0
6816	0
6817	0
6818	0
6819	1
6820	0
6821	0
6822	1
6823	0
6824	0
6825	0
6826	0
6827	0
6828	2
6829	0
6830	0
6831	0
6832	0
6833	1
6834	1
6835	0
6836	1
6837	0
6838	0
6839	0
6840	0
6841	0
6842	2
6843	2
6844	1
6845	0
6846	1
6847	0
6848	0
6849	2
6850	0
6851	2
6852	0
6853	0
6854	1
6855	0
6856	0
6857	0
6858	0
6859	0
6860	0
6861	0
6862	2
6863	1
6864	0
6865	0
6866	0
6867	0
6868	0
6869	0
6870	2
6871	0
6872	0
6873	1
6874	1
6875	0
6876	1
6877	1
6878	0
6879	1
6880	1
6881	0
6882	0
6883	1
6884	0
6885	0
6886	0
6887	1
6888	0
6889	0
6890	0
6891	0
6892	0
6893	1
6894	0
6895	0
6896	0
6897	1
6898	0
6899	0
6900	0
6901	0
6902	0
6903	0
6904	1
6905	3
6906	0
6907	1
6908	0
6909	0
6910	0
6911	1
6912	1
6913	1
6914	0
6915	0
6916	0
6917	0
6918	0
6919	1
6920	0
6921	1
6922	0
6923	0
6924	1
6925	0
6926	0
6927	1
6928	0
6929	0
6930	1
6931	0
6932	0
6933	0
6934	0
6935	1
6936	2
6937	0
6938	1
6939	0
6940	0
6941	0
6942	0
6943	1
6944	1
6945	0
6946	1
6947	0
6948	0
6949	0
6950	0
6951	0
6952	0
6953	0
6954	0
6955	0
6956	0
6957	1
6958	0
6959	2
6960	0
6961	0
6962	1
6963	1
6964	0
6965	0
6966	0
6967	0
6968	0
6969	0
6970	0
6971	0
6972	0
6973	0
6974	1
6975	0
6976	0
6977	0
6978	0
6979	0
6980	1
6981	2
6982	0
6983	0
6984	0
6985	0
6986	2
6987	0
6988	0
6989	0
6990	1
6991	1
6992	0
6993	0
6994	1
6995	1
6996	0
6997	0
6998	1
6999	0
7000	0
7001	0
7002	0
7003	0
7004	1
7005	0
7006	1
7007	1
7008	0
7009	0
7010	1
7011	1
7012	0
7013	1
7014	0
7015	0
7016	0
7017	0
7018	0
7019	0
7020	2
7021	0
7022	0
7023	0
7024	0
7025	0
7026	0
7027	0
7028	0
7029	0
7030	0
7031	0
7032	0
7033	0
7034	0
7035	1
7036	1
7037	0
7038	0
7039	0
7040	0
7041	0
7042	0
7043	0
7044	1
7045	0
7046	1
7047	1
7048	0
7049	0
7050	0
7051	1
7052	0
7053	1
7054	0
7055	1
7056	0
7057	0
7058	1
7059	0
7060	0
7061	1
7062	1
7063	1
7064	1
7065	1
7066	2
7067	1
7068	0
7069	1
7070	2
7071	0
7072	0
7073	0
7074	0
7075	0
7076	0
7077	0
7078	0
7079	0
7080	0
7081	0
7082	0
7083	0
7084	1
7085	0
7086	0
7087	0
7088	0
7089	1
7090	1
7091	0
7092	0
7093	0
7094	0
7095	0
7096	0
7097	1
7098	0
7099	0
7100	0
7101	0
7102	0
7103	2
7104	0
7105	1
7106	0
7107	0
7108	1
7109	0
7110	0
7111	0
7112	0
7113	0
7114	1
7115	0
7116	0
7117	1
7118	0
7119	0
7120	1
7121	0
7122	0
7123	1
7124	0
7125	0
7126	1
7127	0
7128	0
7129	0
7130	1
7131	0
7132	0
7133	1
7134	0
7135	1
7136	0
7137	0
7138	0
7139	1
7140	0
7141	0
7142	1
7143	0
7144	0
7145	0
7146	0
7147	0
7148	0
7149	1
7150	0
7151	0
7152	0
7153	0
7154	0
7155	0
7156	0
7157	0
7158	1
7159	0
7160	0
7161	0
7162	0
7163	0
7164	1
7165	1
7166	0
7167	0
7168	1
7169	0
7170	0
7171	2
7172	0
7173	1
7174	1
7175	0
7176	1
7177	0
7178	0
7179	1
7180	0
7181	0
7182	1
7183	0
7184	0
7185	1
7186	1
7187	0
7188	0
7189	1
7190	1
7191	1
7192	0
7193	0
7194	1
7195	0
7196	0
7197	0
7198	1
7199	1
7200	1
7201	0
7202	0
7203	0
7204	0
7205	0
7206	0
7207	0
7208	0
7209	0
7210	0
7211	0
7212	0
7213	0
7214	1
7215	0
7216	0
7217	0
7218	0
7219	0
7220	0
7221	0
7222	0
7223	0
7224	0
7225	0
7226	0
7227	0
7228	0
7229	1
7230	0
7231	0
7232	0
7233	0
7234	1
7235	0
7236	0
7237	0
7238	0
7239	0
7240	2
7241	0
7242	0
7243	1
7244	0
7245	0
7246	0
7247	0
7248	0
7249	1
7250	1
7251	0
7252	0
7253	0
7254	1
7255	0
7256	0
7257	0
7258	1
7259	0
7260	0
7261	0
7262	0
7263	1
7264	1
7265	0
7266	0
7267	0
7268	1
7269	0
7270	0
7271	0
7272	0
7273	0
7274	0
7275	0
7276	1
7277	0
7278	1
7279	0
7280	0
7281	0
7282	0
7283	1
7284	0
7285	2
7286	0
7287	0
7288	0
7289	0
7290	0
7291	0
7292	0
7293	0
7294	0
7295	0
7296	0
7297	1
7298	0
7299	0
7300	0
7301	0
7302	0
7303	1
7304	1
7305	1
7306	0
7307	0
7308	0
7309	0
7310	0
7311	0
7312	0
7313	0
7314	0
7315	0
7316	0
7317	0
7318	1
7319	0
7320	0
7321	0
7322	0
7323	0
7324	0
7325	0
7326	0
7327	1
7328	0
7329	0
7330	1
7331	0
7332	1
7333	0
7334	0
7335	1
7336	0
7337	0
7338	0
7339	0
7340	1
7341	0
7342	0
7343	0
7344	1
7345	0
7346	0
7347	0
7348	0
7349	0
7350	0
7351	0
7352	1
7353	0
7354	0
7355	0
7356	0
7357	0
7358	0
7359	0
7360	0
7361	0
7362	0
7363	1
7364	0
7365	0
7366	0
7367	1
7368	0
7369	0
7370	0
7371	0
7372	1
7373	0
7374	0
7375	0
7376	0
7377	0
7378	0
7379	0
7380	0
7381	0
7382	1
7383	1
7384	0
7385	0
7386	0
7387	0
7388	1
7389	1
7390	0
7391	0
7392	0
7393	0
7394	1
7395	0
7396	1
7397	0
7398	0
7399	0
7400	0
7401	0
7402	0
7403	0
7404	0
7405	0
7406	2
7407	0
7408	0
7409	1
7410	1
7411	0
7412	0
7413	0
7414	0
7415	0
7416	1
7417	0
7418	0
7419	0
7420	1
7421	0
7422	0
7423	0
7424	0
7425	0
7426	0
7427	0
7428	1
7429	0
7430	1
7431	0
7432	0
7433	1
7434	0
7435	0
7436	1
7437	0
7438	0
7439	1
7440	0
7441	0
7442	0
7443	0
7444	1
7445	0
7446	0
7447	0
7448	0
7449	1
7450	1
7451	0
7452	0
7453	1
7454	2
7455	0
7456	0
7457	1
7458	0
7459	0
7460	0
7461	1
7462	0
7463	1
7464	1
7465	1
7466	0
7467	0
7468	0
7469	0
7470	0
7471	1
7472	0
7473	0
7474	0
7475	0
7476	0
7477	1
7478	1
7479	0
7480	0
7481	1
7482	0
7483	0
7484	0
7485	0
7486	0
7487	0
7488	0
7489	0
7490	1
7491	0
7492	0
7493	1
7494	0
7495	0
7496	0
7497	0
7498	0
7499	0
7500	0
7501	0
7502	0
7503	0
7504	1
7505	0
7506	0
7507	0
7508	0
7509	0
7510	0
7511	1
7512	0
7513	0
7514	0
7515	0
7516	0
7517	0
7518	0
7519	0
7520	0
7521	0
7522	0
7523	0
7524	0
7525	0
7526	0
7527	0
7528	0
7529	0
7530	0
7531	1
7532	1
7533	1
7534	1
7535	1
7536	0
7537	1
7538	1
7539	0
7540	0
7541	0
7542	0
7543	0
7544	1
7545	0
7546	0
7547	0
7548	0
7549	0
7550	0
7551	0
7552	2
7553	0
7554	0
7555	0
7556	0
7557	0
7558	0
7559	0
7560	1
7561	0
7562	0
7563	0
7564	0
7565	0
7566	0
7567	0
7568	0
7569	0
7570	0
7571	0
7572	0
7573	0
7574	2
7575	1
7576	0
7577	0
7578	0
7579	1
7580	0
7581	1
7582	1
7583	0
7584	0
7585	0
7586	0
7587	0
7588	1
7589	0
7590	0
7591	0
7592	0
7593	1
7594	0
7595	0
7596	1
7597	0
7598	1
7599	1
7600	1
7601	1
7602	0
7603	0
7604	0
7605	0
7606	0
7607	0
7608	0
7609	3
7610	0
7611	1
7612	0
7613	0
7614	0
7615	0
7616	0
7617	0
7618	1
7619	1
7620	0
7621	0
7622	0
7623	0
7624	0
7625	0
7626	0
7627	1
7628	0
7629	0
7630	0
7631	0
7632	0
7633	0
7634	1
7635	0
7636	0
7637	0
7638	0
7639	0
7640	1
7641	0
7642	0
7643	0
7644	0
7645	0
7646	0
7647	0
7648	1
7649	1
7650	0
7651	0
7652	0
7653	0
7654	0
7655	0
7656	1
7657	0
7658	0
7659	1
7660	1
7661	0
7662	1
7663	2
7664	1
7665	0
7666	0
7667	0
7668	0
7669	0
7670	1
7671	1
7672	0
7673	0
7674	0
7675	0
7676	0
7677	0
7678	0
7679	0
7680	0
7681	0
7682	0
7683	0
7684	0
7685	0
7686	0
7687	3
7688	0
7689	0
7690	0
7691	0
7692	0
7693	0
7694	1
7695	0
7696	0
7697	0
7698	0
7699	0
7700	0
7701	0
7702	0
7703	0
7704	0
7705	1
7706	0
7707	1
7708	0
7709	0
7710	0
7711	0
7712	2
7713	0
7714	0
7715	0
7716	0
7717	0
7718	0
7719	1
7720	1
7721	0
7722	0
7723	0
7724	0
7725	0
7726	1
7727	0
7728	1
7729	1
7730	0
7731	1
7732	1
7733	0
7734	1
7735	0
7736	0
7737	0
7738	0
7739	0
7740	0
7741	0
7742	1
7743	0
7744	0
7745	0
7746	0
7747	0
7748	0
7749	0
7750	0
7751	0
7752	0
7753	0
7754	1
7755	0
7756	1
7757	0
7758	1
7759	0
7760	1
7761	0
7762	0
7763	0
7764	0
7765	0
7766	0
7767	1
7768	0
7769	0
7770	0
7771	1
7772	0
7773	0
7774	0
7775	0
7776	0
7777	1
7778	0
7779	0
7780	0
7781	0
7782	0
7783	0
7784	0
7785	0
7786	0
7787	0
7788	0
7789	0
7790	0
7791	0
7792	1
7793	0
7794	0
7795	0
7796	0
7797	1
7798	1
7799	0
7800	1
7801	0
7802	0
7803	0
7804	0
7805	0
7806	0
7807	0
7808	0
7809	0
7810	0
7811	0
7812	2
7813	0
7814	1
7815	1
7816	1
7817	0
7818	1
7819	0
7820	1
7821	0
7822	0
7823	0
7824	0
7825	0
7826	0
7827	0
7828	1
7829	1
7830	0
7831	1
7832	2
7833	0
7834	0
7835	1
7836	1
7837	0
7838	1
7839	0
7840	0
7841	0
7842	1
7843	0
7844	1
7845	0
7846	0
7847	0
7848	1
7849	0
7850	0
7851	0
7852	0
7853	0
7854	0
7855	0
7856	0
7857	0
7858	1
7859	0
7860	0
7861	1
7862	0
7863	0
7864	0
7865	1
7866	0
7867	0
7868	0
7869	0
7870	0
7871	0
7872	0
7873	0
7874	0
7875	0
7876	1
7877	0
7878	0
7879	0
7880	2
7881	1
7882	1
7883	0
7884	0
7885	0
7886	0
7887	1
7888	0
7889	0
7890	0
7891	0
7892	1
7893	1
7894	0
7895	0
7896	0
7897	0
7898	0
7899	0
7900	1
7901	0
7902	0
7903	0
7904	0
7905	0
7906	0
7907	0
7908	0
7909	0
7910	0
7911	0
7912	0
7913	1
7914	0
7915	1
7916	1
7917	0
7918	0
7919	0
7920	1
7921	0
7922	0
7923	0
7924	0
7925	1
7926	0
7927	0
7928	0
7929	0
7930	0
7931	0
7932	1
7933	0
7934	0
7935	0
7936	0
7937	0
7938	0
7939	2
7940	1
7941	0
7942	0
7943	0
7944	1
7945	0
7946	0
7947	0
7948	0
7949	0
7950	2
7951	0
7952	0
7953	0
7954	0
7955	0
7956	2
7957	0
7958	0
7959	1
7960	0
7961	2
7962	0
7963	1
7964	0
7965	0
7966	0
7967	1
7968	0
7969	0
7970	0
7971	0
7972	0
7973	0
7974	1
7975	0
7976	0
7977	0
7978	0
7979	0
7980	2
7981	0
7982	0
7983	0
7984	0
7985	0
7986	0
7987	0
7988	0
7989	2
7990	0
7991	0
7992	0
7993	0
7994	0
7995	0
7996	0
7997	0
7998	1
7999	0
8000	0
8001	0
8002	1
8003	0
8004	0
8005	0
8006	0
8007	0
8008	2
8009	0
8010	0
8011	1
8012	0
8013	0
8014	0
8015	0
8016	0
8017	0
8018	0
8019	1
8020	0
8021	0
8022	0
8023	0
8024	0
8025	0
8026	0
8027	0
8028	0
8029	1
8030	0
8031	0
8032	0
8033	1
8034	0
8035	1
8036	0
8037	0
8038	0
8039	0
8040	0
8041	0
8042	0
8043	0
8044	1
8045	1
8046	0
8047	1
8048	0
8049	0
8050	0
8051	0
8052	2
8053	1
8054	3
8055	0
8056	1
8057	1
8058	0
8059	0
8060	1
8061	0
8062	0
8063	1
8064	0
8065	0
8066	0
8067	0
8068	1
8069	0
8070	0
8071	1
8072	0
8073	0
8074	0
8075	0
8076	0
8077	0
8078	1
8079	0
8080	1
8081	0
8082	0
8083	0
8084	0
8085	0
8086	0
8087	0
8088	0
8089	0
8090	0
8091	0
8092	0
8093	0
8094	0
8095	0
8096	0
8097	0
8098	0
8099	0
8100	0
8101	0
8102	0
8103	0
8104	0
8105	0
8106	0
8107	0
8108	0
8109	0
8110	0
8111	0
8112	0
8113	0
8114	0
8115	0
8116	0
8117	0
8118	0
8119	0
8120	0
8121	0
8122	0
8123	0
8124	0
8125	0
8126	0
8127	0
8128	0
8129	0
8130	0
8131	0
8132	0
8133	0
8134	0
8135	0
8136	0
8137	0
8138	0
8139	0
8140	0
8141	0
8142	0
8143	0
8144	0
8145	0
8146	0
8147	0
8148	0
8149	0
8150	0
8151	0
8152	0
8153	0
8154	0
8155	0
8156	0
8157	0
8158	0
8159	0
8160	0
8161	0
8162	0
8163	0
8164	0
8165	0
8166	0
8167	0
8168	0
8169	0
8170	0
8171	0
8172	0
8173	0
8174	0
8175	0
8176	0
8177	0
8178	0
8179	0
8180	0
8181	0
8182	0
8183	0
8184	0
8185	0
8186	0
8187	0
8188	0
8189	0
8190	0
8191	0
