0	0
1	0
2	0
3	0
4	0
5	0
6	0
7	0
8	0
9	0
10	0
11	0
12	0
13	0
14	0
15	0
16	0
17	0
18	0
19	0
20	0
21	0
22	0
23	0
24	0
25	0
26	0
27	0
28	0
29	0
30	0
31	0
32	0
33	0
34	0
35	0
36	0
37	0
38	0
39	0
40	0
41	0
42	0
43	0
44	0
45	0
46	0
47	0
48	0
49	0
50	0
51	0
52	0
53	0
54	0
55	0
56	0
57	0
58	0
59	0
60	0
61	0
62	0
63	0
64	0
65	0
66	0
67	0
68	0
69	0
70	0
71	0
72	0
73	0
74	0
75	0
76	0
77	0
78	0
79	0
80	0
81	0
82	0
83	0
84	0
85	1
86	3
87	5
88	12
89	14
90	15
91	15
92	16
93	10
94	17
95	16
96	8
97	8
98	13
99	6
100	12
101	12
102	9
103	11
104	16
105	11
106	11
107	14
108	11
109	13
110	12
111	21
112	20
113	15
114	9
115	14
116	6
117	15
118	11
119	14
120	7
121	12
122	15
123	18
124	14
125	15
126	8
127	16
128	11
129	19
130	8
131	17
132	17
133	19
134	18
135	11
136	13
137	23
138	10
139	15
140	11
141	12
142	15
143	11
144	13
145	15
146	9
147	15
148	13
149	13
150	17
151	8
152	10
153	12
154	15
155	14
156	13
157	12
158	14
159	14
160	15
161	21
162	14
163	17
164	12
165	15
166	12
167	5
168	15
169	13
170	16
171	11
172	15
173	20
174	14
175	13
176	15
177	14
178	11
179	8
180	14
181	10
182	18
183	15
184	14
185	10
186	17
187	12
188	18
189	12
190	8
191	11
192	6
193	19
194	8
195	19
196	19
197	18
198	11
199	14
200	16
201	18
202	12
203	9
204	7
205	8
206	19
207	15
208	10
209	13
210	10
211	12
212	17
213	17
214	17
215	15
216	17
217	17
218	17
219	13
220	15
221	18
222	25
223	16
224	15
225	11
226	18
227	20
228	21
229	14
230	10
231	17
232	21
233	12
234	17
235	18
236	14
237	12
238	11
239	15
240	14
241	16
242	14
243	12
244	24
245	13
246	26
247	11
248	9
249	13
250	12
251	14
252	22
253	14
254	15
255	15
256	12
257	19
258	10
259	13
260	10
261	10
262	14
263	19
264	11
265	11
266	15
267	12
268	11
269	19
270	18
271	8
272	14
273	15
274	19
275	22
276	14
277	6
278	21
279	13
280	10
281	8
282	15
283	16
284	22
285	10
286	21
287	17
288	16
289	14
290	20
291	16
292	11
293	22
294	11
295	15
296	16
297	18
298	16
299	17
300	17
301	15
302	19
303	19
304	15
305	11
306	16
307	12
308	10
309	12
310	14
311	16
312	16
313	18
314	16
315	13
316	15
317	19
318	13
319	16
320	21
321	13
322	14
323	10
324	20
325	16
326	13
327	14
328	12
329	14
330	12
331	16
332	23
333	12
334	22
335	11
336	11
337	17
338	18
339	17
340	17
341	12
342	16
343	14
344	12
345	16
346	18
347	13
348	11
349	24
350	23
351	18
352	19
353	16
354	17
355	22
356	16
357	15
358	13
359	16
360	18
361	8
362	7
363	14
364	12
365	17
366	12
367	29
368	10
369	11
370	17
371	26
372	9
373	16
374	20
375	17
376	14
377	15
378	16
379	26
380	20
381	18
382	28
383	7
384	11
385	16
386	22
387	16
388	26
389	19
390	12
391	19
392	21
393	23
394	17
395	19
396	17
397	18
398	23
399	23
400	12
401	13
402	18
403	14
404	11
405	16
406	14
407	24
408	19
409	13
410	21
411	16
412	13
413	15
414	11
415	16
416	17
417	18
418	14
419	14
420	22
421	17
422	13
423	12
424	19
425	23
426	21
427	20
428	17
429	12
430	10
431	14
432	17
433	16
434	9
435	16
436	19
437	8
438	19
439	14
440	16
441	11
442	5
443	12
444	9
445	22
446	18
447	15
448	25
449	16
450	19
451	17
452	17
453	9
454	13
455	16
456	11
457	12
458	26
459	13
460	15
461	13
462	19
463	21
464	23
465	15
466	17
467	17
468	20
469	21
470	25
471	17
472	13
473	10
474	16
475	22
476	11
477	12
478	12
479	15
480	22
481	23
482	14
483	17
484	21
485	19
486	15
487	21
488	24
489	26
490	11
491	15
492	16
493	13
494	18
495	15
496	21
497	20
498	23
499	24
500	14
501	16
502	19
503	12
504	18
505	11
506	9
507	11
508	20
509	24
510	16
511	16
512	13
513	19
514	16
515	23
516	14
517	17
518	13
519	10
520	19
521	16
522	12
523	14
524	20
525	15
526	26
527	23
528	15
529	18
530	20
531	13
532	21
533	21
534	12
535	22
536	20
537	16
538	19
539	18
540	18
541	24
542	19
543	28
544	27
545	33
546	20
547	28
548	23
549	16
550	21
551	28
552	24
553	15
554	33
555	27
556	14
557	23
558	23
559	21
560	26
561	19
562	25
563	32
564	24
565	22
566	22
567	25
568	25
569	35
570	20
571	29
572	25
573	26
574	25
575	36
576	22
577	30
578	32
579	31
580	26
581	17
582	30
583	29
584	26
585	20
586	30
587	20
588	33
589	19
590	34
591	26
592	31
593	38
594	31
595	29
596	31
597	37
598	27
599	26
600	26
601	33
602	26
603	36
604	21
605	27
606	24
607	25
608	21
609	29
610	20
611	26
612	31
613	32
614	24
615	39
616	28
617	26
618	27
619	28
620	35
621	26
622	29
623	19
624	28
625	36
626	29
627	16
628	26
629	23
630	27
631	25
632	27
633	30
634	30
635	25
636	16
637	21
638	26
639	27
640	21
641	25
642	28
643	21
644	26
645	28
646	27
647	21
648	30
649	30
650	20
651	28
652	21
653	17
654	22
655	23
656	24
657	26
658	24
659	17
660	34
661	22
662	19
663	27
664	31
665	20
666	27
667	27
668	33
669	23
670	20
671	27
672	23
673	24
674	30
675	27
676	17
677	24
678	19
679	24
680	17
681	31
682	22
683	23
684	27
685	25
686	18
687	18
688	25
689	21
690	17
691	29
692	14
693	23
694	27
695	33
696	19
697	22
698	17
699	23
700	25
701	22
702	27
703	23
704	20
705	21
706	24
707	17
708	18
709	26
710	20
711	35
712	33
713	16
714	16
715	20
716	19
717	32
718	25
719	35
720	23
721	23
722	22
723	27
724	20
725	23
726	17
727	16
728	23
729	24
730	19
731	23
732	29
733	27
734	15
735	25
736	19
737	27
738	22
739	28
740	20
741	25
742	27
743	22
744	20
745	21
746	21
747	29
748	21
749	31
750	26
751	19
752	24
753	24
754	24
755	25
756	18
757	22
758	26
759	29
760	26
761	24
762	18
763	25
764	23
765	25
766	18
767	23
768	28
769	18
770	29
771	18
772	18
773	26
774	14
775	28
776	34
777	26
778	31
779	26
780	18
781	25
782	23
783	19
784	16
785	25
786	17
787	35
788	26
789	22
790	24
791	17
792	21
793	27
794	17
795	26
796	19
797	23
798	24
799	19
800	22
801	19
802	36
803	22
804	24
805	31
806	19
807	28
808	23
809	19
810	30
811	21
812	21
813	28
814	18
815	28
816	29
817	26
818	19
819	23
820	25
821	22
822	19
823	22
824	18
825	30
826	27
827	25
828	22
829	22
830	23
831	18
832	21
833	29
834	30
835	29
836	25
837	24
838	20
839	22
840	27
841	22
842	27
843	35
844	18
845	17
846	30
847	19
848	23
849	23
850	27
851	26
852	13
853	22
854	29
855	29
856	30
857	26
858	15
859	28
860	26
861	18
862	19
863	20
864	20
865	18
866	26
867	26
868	27
869	25
870	28
871	24
872	26
873	22
874	27
875	23
876	24
877	33
878	26
879	21
880	25
881	30
882	24
883	23
884	35
885	25
886	25
887	25
888	29
889	27
890	32
891	27
892	20
893	21
894	16
895	22
896	21
897	21
898	34
899	39
900	22
901	38
902	36
903	23
904	31
905	28
906	24
907	27
908	27
909	22
910	25
911	21
912	24
913	23
914	32
915	23
916	19
917	30
918	21
919	26
920	32
921	21
922	28
923	25
924	24
925	28
926	33
927	19
928	29
929	21
930	27
931	22
932	23
933	41
934	29
935	27
936	33
937	25
938	18
939	34
940	27
941	23
942	35
943	25
944	26
945	31
946	26
947	24
948	35
949	33
950	29
951	29
952	36
953	31
954	23
955	31
956	25
957	26
958	22
959	27
960	22
961	30
962	25
963	29
964	29
965	30
966	31
967	32
968	22
969	29
970	26
971	35
972	35
973	25
974	38
975	31
976	27
977	26
978	28
979	35
980	25
981	36
982	32
983	30
984	32
985	27
986	32
987	35
988	30
989	33
990	42
991	31
992	26
993	25
994	36
995	26
996	28
997	25
998	34
999	22
1000	29
1001	29
1002	25
1003	36
1004	31
1005	29
1006	34
1007	25
1008	29
1009	34
1010	37
1011	36
1012	26
1013	28
1014	31
1015	29
1016	26
1017	27
1018	20
1019	31
1020	26
1021	28
1022	25
1023	24
1024	29
1025	25
1026	30
1027	34
1028	26
1029	27
1030	26
1031	16
1032	33
1033	27
1034	22
1035	24
1036	33
1037	34
1038	31
1039	24
1040	20
1041	37
1042	30
1043	37
1044	27
1045	28
1046	22
1047	26
1048	43
1049	30
1050	30
1051	31
1052	29
1053	20
1054	28
1055	45
1056	26
1057	30
1058	33
1059	36
1060	35
1061	35
1062	21
1063	24
1064	29
1065	37
1066	34
1067	38
1068	25
1069	28
1070	33
1071	27
1072	29
1073	34
1074	29
1075	36
1076	26
1077	31
1078	38
1079	35
1080	38
1081	25
1082	32
1083	26
1084	31
1085	24
1086	25
1087	32
1088	22
1089	29
1090	33
1091	38
1092	35
1093	25
1094	30
1095	24
1096	35
1097	35
1098	25
1099	22
1100	37
1101	23
1102	29
1103	42
1104	31
1105	26
1106	35
1107	38
1108	27
1109	35
1110	40
1111	30
1112	32
1113	24
1114	23
1115	28
1116	19
1117	27
1118	25
1119	32
1120	31
1121	30
1122	33
1123	27
1124	34
1125	40
1126	44
1127	26
1128	27
1129	36
1130	24
1131	23
1132	30
1133	36
1134	30
1135	35
1136	17
1137	23
1138	26
1139	32
1140	36
1141	26
1142	35
1143	37
1144	32
1145	24
1146	31
1147	37
1148	24
1149	36
1150	34
1151	24
1152	24
1153	25
1154	31
1155	24
1156	21
1157	35
1158	35
1159	37
1160	33
1161	25
1162	32
1163	37
1164	24
1165	37
1166	29
1167	40
1168	31
1169	38
1170	29
1171	28
1172	36
1173	23
1174	30
1175	30
1176	24
1177	34
1178	23
1179	29
1180	30
1181	41
1182	30
1183	29
1184	38
1185	33
1186	37
1187	31
1188	31
1189	31
1190	34
1191	37
1192	31
1193	28
1194	31
1195	25
1196	24
1197	32
1198	31
1199	29
1200	37
1201	28
1202	29
1203	37
1204	29
1205	26
1206	40
1207	28
1208	25
1209	33
1210	36
1211	27
1212	21
1213	26
1214	39
1215	39
1216	37
1217	37
1218	31
1219	26
1220	25
1221	34
1222	27
1223	35
1224	36
1225	42
1226	32
1227	23
1228	22
1229	31
1230	35
1231	25
1232	31
1233	37
1234	25
1235	34
1236	38
1237	33
1238	38
1239	30
1240	21
1241	39
1242	42
1243	31
1244	37
1245	29
1246	31
1247	34
1248	47
1249	43
1250	38
1251	33
1252	42
1253	23
1254	40
1255	45
1256	24
1257	26
1258	39
1259	31
1260	29
1261	43
1262	34
1263	35
1264	39
1265	35
1266	31
1267	22
1268	35
1269	36
1270	42
1271	37
1272	29
1273	36
1274	37
1275	39
1276	39
1277	30
1278	28
1279	36
1280	33
1281	28
1282	37
1283	32
1284	36
1285	25
1286	34
1287	42
1288	24
1289	31
1290	37
1291	42
1292	40
1293	34
1294	28
1295	30
1296	31
1297	28
1298	28
1299	32
1300	41
1301	36
1302	25
1303	35
1304	34
1305	33
1306	29
1307	33
1308	33
1309	40
1310	34
1311	26
1312	29
1313	25
1314	29
1315	40
1316	34
1317	28
1318	26
1319	30
1320	21
1321	30
1322	45
1323	34
1324	35
1325	27
1326	36
1327	40
1328	28
1329	36
1330	34
1331	22
1332	36
1333	40
1334	17
1335	24
1336	30
1337	39
1338	30
1339	36
1340	43
1341	31
1342	36
1343	29
1344	40
1345	37
1346	35
1347	19
1348	31
1349	34
1350	34
1351	33
1352	35
1353	38
1354	38
1355	40
1356	30
1357	28
1358	36
1359	41
1360	37
1361	33
1362	36
1363	36
1364	41
1365	33
1366	34
1367	38
1368	24
1369	36
1370	40
1371	39
1372	33
1373	37
1374	40
1375	27
1376	33
1377	33
1378	41
1379	29
1380	44
1381	32
1382	30
1383	40
1384	35
1385	41
1386	39
1387	23
1388	39
1389	32
1390	29
1391	34
1392	42
1393	23
1394	43
1395	35
1396	37
1397	40
1398	38
1399	40
1400	29
1401	27
1402	28
1403	40
1404	32
1405	33
1406	46
1407	43
1408	31
1409	32
1410	46
1411	35
1412	34
1413	42
1414	37
1415	39
1416	44
1417	26
1418	36
1419	32
1420	37
1421	30
1422	33
1423	35
1424	42
1425	34
1426	36
1427	37
1428	48
1429	50
1430	29
1431	32
1432	27
1433	29
1434	38
1435	41
1436	35
1437	34
1438	25
1439	29
1440	43
1441	32
1442	23
1443	45
1444	41
1445	37
1446	37
1447	48
1448	32
1449	39
1450	34
1451	28
1452	31
1453	33
1454	38
1455	38
1456	33
1457	41
1458	30
1459	25
1460	29
1461	40
1462	31
1463	34
1464	28
1465	37
1466	33
1467	23
1468	26
1469	35
1470	32
1471	47
1472	29
1473	32
1474	39
1475	29
1476	30
1477	31
1478	27
1479	34
1480	38
1481	38
1482	29
1483	35
1484	42
1485	35
1486	22
1487	56
1488	31
1489	30
1490	38
1491	23
1492	30
1493	44
1494	29
1495	33
1496	36
1497	27
1498	35
1499	37
1500	41
1501	37
1502	29
1503	43
1504	28
1505	31
1506	34
1507	44
1508	48
1509	38
1510	45
1511	35
1512	31
1513	37
1514	33
1515	37
1516	24
1517	32
1518	31
1519	33
1520	30
1521	45
1522	29
1523	33
1524	32
1525	31
1526	37
1527	46
1528	33
1529	30
1530	41
1531	33
1532	37
1533	41
1534	31
1535	24
1536	36
1537	30
1538	30
1539	36
1540	34
1541	40
1542	27
1543	33
1544	35
1545	31
1546	33
1547	28
1548	33
1549	31
1550	35
1551	34
1552	19
1553	36
1554	18
1555	44
1556	23
1557	31
1558	38
1559	23
1560	33
1561	34
1562	39
1563	40
1564	38
1565	37
1566	29
1567	35
1568	30
1569	43
1570	39
1571	34
1572	39
1573	24
1574	47
1575	33
1576	28
1577	26
1578	29
1579	33
1580	25
1581	30
1582	36
1583	30
1584	40
1585	41
1586	38
1587	34
1588	40
1589	28
1590	30
1591	49
1592	24
1593	26
1594	24
1595	39
1596	24
1597	36
1598	33
1599	38
1600	38
1601	40
1602	33
1603	38
1604	32
1605	25
1606	40
1607	32
1608	41
1609	40
1610	39
1611	28
1612	29
1613	37
1614	29
1615	31
1616	43
1617	49
1618	37
1619	32
1620	36
1621	42
1622	35
1623	33
1624	42
1625	40
1626	42
1627	40
1628	42
1629	29
1630	34
1631	33
1632	43
1633	30
1634	30
1635	35
1636	32
1637	49
1638	34
1639	31
1640	45
1641	44
1642	48
1643	30
1644	38
1645	37
1646	43
1647	54
1648	44
1649	37
1650	30
1651	37
1652	42
1653	36
1654	37
1655	42
1656	42
1657	38
1658	38
1659	31
1660	42
1661	49
1662	33
1663	33
1664	26
1665	44
1666	35
1667	33
1668	41
1669	45
1670	35
1671	40
1672	44
1673	34
1674	41
1675	37
1676	51
1677	29
1678	37
1679	38
1680	39
1681	39
1682	38
1683	35
1684	39
1685	48
1686	38
1687	45
1688	34
1689	33
1690	38
1691	33
1692	41
1693	49
1694	34
1695	47
1696	40
1697	33
1698	50
1699	43
1700	43
1701	56
1702	42
1703	51
1704	46
1705	29
1706	36
1707	54
1708	45
1709	40
1710	40
1711	45
1712	46
1713	53
1714	49
1715	46
1716	54
1717	57
1718	54
1719	47
1720	40
1721	52
1722	40
1723	49
1724	43
1725	49
1726	50
1727	50
1728	48
1729	44
1730	66
1731	45
1732	54
1733	54
1734	52
1735	45
1736	47
1737	40
1738	44
1739	43
1740	40
1741	43
1742	43
1743	38
1744	56
1745	45
1746	51
1747	57
1748	53
1749	57
1750	53
1751	48
1752	49
1753	36
1754	50
1755	54
1756	60
1757	60
1758	47
1759	53
1760	46
1761	41
1762	51
1763	51
1764	51
1765	53
1766	55
1767	45
1768	61
1769	56
1770	47
1771	46
1772	38
1773	43
1774	46
1775	51
1776	44
1777	51
1778	47
1779	75
1780	54
1781	58
1782	42
1783	42
1784	51
1785	49
1786	55
1787	50
1788	50
1789	46
1790	41
1791	51
1792	51
1793	49
1794	44
1795	53
1796	57
1797	38
1798	56
1799	51
1800	40
1801	55
1802	68
1803	61
1804	41
1805	46
1806	46
1807	45
1808	46
1809	40
1810	46
1811	43
1812	37
1813	60
1814	40
1815	44
1816	49
1817	51
1818	43
1819	52
1820	54
1821	43
1822	56
1823	48
1824	40
1825	45
1826	53
1827	55
1828	46
1829	64
1830	56
1831	52
1832	39
1833	33
1834	42
1835	44
1836	49
1837	59
1838	55
1839	37
1840	31
1841	52
1842	40
1843	50
1844	44
1845	45
1846	37
1847	44
1848	44
1849	51
1850	32
1851	55
1852	43
1853	39
1854	44
1855	52
1856	40
1857	47
1858	34
1859	54
1860	47
1861	52
1862	44
1863	45
1864	36
1865	42
1866	41
1867	46
1868	48
1869	38
1870	40
1871	32
1872	40
1873	43
1874	48
1875	44
1876	49
1877	38
1878	42
1879	47
1880	36
1881	28
1882	44
1883	30
1884	38
1885	52
1886	46
1887	39
1888	37
1889	40
1890	34
1891	36
1892	35
1893	43
1894	54
1895	41
1896	45
1897	38
1898	35
1899	45
1900	23
1901	48
1902	27
1903	33
1904	31
1905	31
1906	39
1907	29
1908	41
1909	35
1910	25
1911	29
1912	34
1913	32
1914	43
1915	34
1916	38
1917	30
1918	42
1919	30
1920	33
1921	45
1922	29
1923	41
1924	27
1925	30
1926	34
1927	27
1928	37
1929	30
1930	26
1931	32
1932	28
1933	28
1934	36
1935	33
1936	33
1937	44
1938	27
1939	28
1940	29
1941	33
1942	20
1943	34
1944	25
1945	26
1946	23
1947	28
1948	21
1949	31
1950	33
1951	28
1952	34
1953	31
1954	30
1955	26
1956	30
1957	29
1958	34
1959	38
1960	27
1961	30
1962	25
1963	26
1964	31
1965	29
1966	31
1967	34
1968	24
1969	20
1970	28
1971	23
1972	31
1973	23
1974	30
1975	20
1976	26
1977	33
1978	33
1979	28
1980	33
1981	33
1982	30
1983	21
1984	19
1985	33
1986	17
1987	27
1988	21
1989	20
1990	27
1991	24
1992	26
1993	32
1994	26
1995	25
1996	34
1997	25
1998	29
1999	23
2000	27
2001	26
2002	28
2003	28
2004	26
2005	29
2006	20
2007	40
2008	20
2009	26
2010	20
2011	28
2012	28
2013	35
2014	35
2015	29
2016	29
2017	33
2018	29
2019	20
2020	18
2021	30
2022	26
2023	30
2024	27
2025	17
2026	27
2027	32
2028	26
2029	27
2030	18
2031	28
2032	25
2033	33
2034	25
2035	28
2036	21
2037	32
2038	23
2039	26
2040	31
2041	21
2042	16
2043	30
2044	28
2045	22
2046	30
2047	26
2048	23
2049	23
2050	29
2051	31
2052	24
2053	31
2054	15
2055	24
2056	27
2057	21
2058	25
2059	24
2060	23
2061	30
2062	19
2063	24
2064	28
2065	27
2066	26
2067	23
2068	22
2069	22
2070	28
2071	20
2072	18
2073	25
2074	23
2075	24
2076	15
2077	28
2078	28
2079	28
2080	22
2081	19
2082	18
2083	25
2084	18
2085	19
2086	29
2087	20
2088	28
2089	25
2090	25
2091	31
2092	25
2093	17
2094	33
2095	21
2096	28
2097	13
2098	31
2099	28
2100	30
2101	20
2102	13
2103	22
2104	24
2105	24
2106	24
2107	23
2108	22
2109	21
2110	23
2111	29
2112	25
2113	15
2114	25
2115	25
2116	26
2117	26
2118	28
2119	28
2120	28
2121	27
2122	15
2123	28
2124	24
2125	16
2126	29
2127	24
2128	24
2129	26
2130	27
2131	26
2132	19
2133	19
2134	26
2135	25
2136	24
2137	15
2138	12
2139	16
2140	15
2141	24
2142	25
2143	26
2144	27
2145	20
2146	33
2147	27
2148	14
2149	24
2150	19
2151	19
2152	21
2153	22
2154	30
2155	23
2156	21
2157	29
2158	24
2159	17
2160	29
2161	22
2162	24
2163	26
2164	21
2165	30
2166	24
2167	25
2168	22
2169	22
2170	17
2171	28
2172	17
2173	29
2174	20
2175	20
2176	28
2177	25
2178	19
2179	21
2180	22
2181	20
2182	21
2183	13
2184	19
2185	24
2186	25
2187	17
2188	24
2189	19
2190	15
2191	19
2192	16
2193	14
2194	17
2195	25
2196	19
2197	22
2198	23
2199	24
2200	26
2201	17
2202	33
2203	25
2204	21
2205	24
2206	15
2207	20
2208	26
2209	24
2210	18
2211	19
2212	15
2213	27
2214	23
2215	22
2216	25
2217	25
2218	19
2219	21
2220	16
2221	25
2222	22
2223	19
2224	17
2225	21
2226	25
2227	25
2228	22
2229	19
2230	20
2231	21
2232	27
2233	22
2234	22
2235	21
2236	28
2237	19
2238	26
2239	22
2240	17
2241	16
2242	16
2243	19
2244	28
2245	23
2246	15
2247	19
2248	20
2249	24
2250	19
2251	25
2252	22
2253	24
2254	34
2255	24
2256	20
2257	15
2258	18
2259	19
2260	22
2261	29
2262	25
2263	12
2264	25
2265	15
2266	17
2267	18
2268	27
2269	15
2270	18
2271	24
2272	19
2273	21
2274	20
2275	25
2276	22
2277	19
2278	25
2279	22
2280	28
2281	23
2282	23
2283	23
2284	22
2285	21
2286	28
2287	22
2288	22
2289	15
2290	30
2291	23
2292	25
2293	25
2294	28
2295	22
2296	19
2297	14
2298	15
2299	24
2300	21
2301	17
2302	22
2303	27
2304	16
2305	16
2306	18
2307	22
2308	20
2309	20
2310	18
2311	27
2312	20
2313	23
2314	20
2315	31
2316	25
2317	18
2318	29
2319	15
2320	22
2321	26
2322	22
2323	13
2324	28
2325	28
2326	17
2327	13
2328	19
2329	21
2330	19
2331	16
2332	14
2333	23
2334	23
2335	25
2336	26
2337	19
2338	20
2339	21
2340	16
2341	25
2342	16
2343	17
2344	12
2345	11
2346	21
2347	23
2348	17
2349	13
2350	18
2351	22
2352	22
2353	16
2354	22
2355	16
2356	22
2357	20
2358	19
2359	18
2360	25
2361	27
2362	21
2363	16
2364	22
2365	23
2366	16
2367	27
2368	22
2369	19
2370	30
2371	21
2372	19
2373	19
2374	23
2375	22
2376	18
2377	21
2378	20
2379	18
2380	22
2381	27
2382	22
2383	21
2384	21
2385	17
2386	23
2387	15
2388	15
2389	19
2390	23
2391	19
2392	21
2393	29
2394	24
2395	17
2396	17
2397	17
2398	24
2399	11
2400	21
2401	30
2402	15
2403	19
2404	18
2405	19
2406	19
2407	26
2408	17
2409	30
2410	21
2411	26
2412	15
2413	20
2414	15
2415	14
2416	14
2417	17
2418	17
2419	19
2420	13
2421	19
2422	21
2423	18
2424	17
2425	16
2426	17
2427	19
2428	27
2429	19
2430	20
2431	14
2432	22
2433	22
2434	18
2435	28
2436	26
2437	21
2438	21
2439	11
2440	24
2441	24
2442	19
2443	17
2444	18
2445	20
2446	21
2447	23
2448	23
2449	14
2450	30
2451	23
2452	15
2453	25
2454	19
2455	16
2456	25
2457	23
2458	25
2459	18
2460	20
2461	17
2462	21
2463	21
2464	16
2465	22
2466	15
2467	20
2468	20
2469	21
2470	10
2471	18
2472	12
2473	21
2474	21
2475	15
2476	12
2477	18
2478	14
2479	24
2480	24
2481	17
2482	15
2483	24
2484	22
2485	15
2486	26
2487	18
2488	21
2489	13
2490	22
2491	29
2492	26
2493	23
2494	18
2495	18
2496	18
2497	19
2498	19
2499	17
2500	15
2501	23
2502	19
2503	28
2504	20
2505	18
2506	16
2507	15
2508	23
2509	22
2510	22
2511	17
2512	11
2513	16
2514	15
2515	23
2516	22
2517	22
2518	24
2519	16
2520	28
2521	19
2522	17
2523	15
2524	11
2525	17
2526	17
2527	24
2528	23
2529	21
2530	19
2531	20
2532	18
2533	14
2534	21
2535	16
2536	19
2537	13
2538	17
2539	20
2540	11
2541	15
2542	18
2543	10
2544	22
2545	26
2546	15
2547	26
2548	30
2549	19
2550	20
2551	17
2552	24
2553	15
2554	22
2555	24
2556	22
2557	25
2558	16
2559	19
2560	13
2561	21
2562	23
2563	12
2564	22
2565	17
2566	23
2567	27
2568	19
2569	26
2570	23
2571	24
2572	20
2573	10
2574	17
2575	15
2576	15
2577	21
2578	19
2579	11
2580	22
2581	14
2582	19
2583	14
2584	16
2585	18
2586	21
2587	19
2588	18
2589	18
2590	15
2591	16
2592	20
2593	16
2594	21
2595	16
2596	17
2597	19
2598	15
2599	28
2600	21
2601	17
2602	17
2603	18
2604	20
2605	20
2606	25
2607	24
2608	15
2609	23
2610	11
2611	22
2612	19
2613	11
2614	13
2615	17
2616	20
2617	15
2618	24
2619	12
2620	15
2621	18
2622	18
2623	20
2624	18
2625	14
2626	19
2627	21
2628	14
2629	25
2630	16
2631	16
2632	18
2633	21
2634	22
2635	29
2636	15
2637	17
2638	20
2639	23
2640	28
2641	14
2642	21
2643	11
2644	16
2645	26
2646	19
2647	22
2648	11
2649	20
2650	19
2651	24
2652	15
2653	18
2654	18
2655	9
2656	15
2657	18
2658	18
2659	17
2660	17
2661	20
2662	19
2663	8
2664	15
2665	19
2666	10
2667	22
2668	13
2669	20
2670	15
2671	22
2672	22
2673	16
2674	20
2675	18
2676	19
2677	17
2678	16
2679	17
2680	20
2681	25
2682	19
2683	13
2684	16
2685	22
2686	20
2687	15
2688	14
2689	16
2690	20
2691	13
2692	23
2693	19
2694	21
2695	8
2696	14
2697	27
2698	21
2699	25
2700	16
2701	19
2702	21
2703	22
2704	18
2705	17
2706	20
2707	24
2708	19
2709	20
2710	18
2711	22
2712	20
2713	21
2714	19
2715	15
2716	18
2717	16
2718	12
2719	27
2720	16
2721	23
2722	15
2723	21
2724	19
2725	15
2726	18
2727	12
2728	20
2729	15
2730	13
2731	16
2732	24
2733	17
2734	18
2735	14
2736	27
2737	17
2738	20
2739	17
2740	15
2741	14
2742	15
2743	19
2744	22
2745	14
2746	20
2747	18
2748	22
2749	15
2750	16
2751	19
2752	12
2753	16
2754	15
2755	14
2756	10
2757	11
2758	15
2759	16
2760	18
2761	15
2762	22
2763	17
2764	12
2765	10
2766	17
2767	8
2768	13
2769	16
2770	16
2771	19
2772	22
2773	21
2774	16
2775	17
2776	21
2777	22
2778	21
2779	22
2780	18
2781	14
2782	17
2783	16
2784	10
2785	24
2786	12
2787	23
2788	21
2789	13
2790	13
2791	14
2792	20
2793	21
2794	11
2795	22
2796	14
2797	20
2798	15
2799	21
2800	14
2801	19
2802	23
2803	20
2804	26
2805	15
2806	19
2807	20
2808	17
2809	19
2810	20
2811	23
2812	19
2813	17
2814	12
2815	17
2816	17
2817	17
2818	18
2819	13
2820	18
2821	17
2822	8
2823	13
2824	16
2825	11
2826	10
2827	17
2828	20
2829	11
2830	13
2831	17
2832	18
2833	20
2834	14
2835	14
2836	13
2837	11
2838	21
2839	14
2840	14
2841	14
2842	18
2843	19
2844	20
2845	20
2846	19
2847	13
2848	17
2849	20
2850	15
2851	18
2852	11
2853	19
2854	25
2855	15
2856	17
2857	14
2858	14
2859	14
2860	17
2861	16
2862	15
2863	19
2864	15
2865	14
2866	19
2867	16
2868	24
2869	14
2870	14
2871	21
2872	9
2873	16
2874	17
2875	15
2876	9
2877	8
2878	11
2879	20
2880	9
2881	23
2882	20
2883	16
2884	16
2885	23
2886	19
2887	18
2888	14
2889	13
2890	15
2891	23
2892	20
2893	20
2894	23
2895	11
2896	18
2897	16
2898	21
2899	19
2900	20
2901	21
2902	13
2903	15
2904	11
2905	25
2906	22
2907	15
2908	14
2909	16
2910	17
2911	23
2912	11
2913	14
2914	19
2915	19
2916	16
2917	16
2918	17
2919	15
2920	17
2921	15
2922	23
2923	22
2924	25
2925	19
2926	14
2927	14
2928	15
2929	16
2930	12
2931	11
2932	10
2933	16
2934	12
2935	16
2936	17
2937	16
2938	21
2939	18
2940	13
2941	24
2942	20
2943	14
2944	11
2945	19
2946	15
2947	25
2948	17
2949	14
2950	13
2951	20
2952	22
2953	19
2954	14
2955	17
2956	10
2957	21
2958	20
2959	12
2960	16
2961	15
2962	15
2963	12
2964	13
2965	13
2966	18
2967	10
2968	16
2969	19
2970	11
2971	20
2972	19
2973	20
2974	12
2975	14
2976	21
2977	21
2978	25
2979	11
2980	11
2981	17
2982	12
2983	21
2984	22
2985	26
2986	22
2987	22
2988	21
2989	19
2990	17
2991	19
2992	16
2993	21
2994	23
2995	16
2996	17
2997	22
2998	17
2999	17
3000	13
3001	19
3002	15
3003	14
3004	20
3005	14
3006	20
3007	27
3008	12
3009	23
3010	13
3011	15
3012	17
3013	21
3014	13
3015	9
3016	15
3017	19
3018	27
3019	13
3020	14
3021	20
3022	15
3023	13
3024	20
3025	22
3026	18
3027	20
3028	13
3029	19
3030	13
3031	11
3032	17
3033	15
3034	14
3035	23
3036	14
3037	20
3038	17
3039	18
3040	16
3041	23
3042	15
3043	13
3044	17
3045	18
3046	9
3047	17
3048	18
3049	22
3050	20
3051	18
3052	17
3053	11
3054	15
3055	26
3056	20
3057	20
3058	13
3059	17
3060	24
3061	18
3062	17
3063	13
3064	14
3065	13
3066	11
3067	16
3068	18
3069	26
3070	10
3071	9
3072	22
3073	4
3074	16
3075	14
3076	22
3077	25
3078	18
3079	24
3080	23
3081	22
3082	11
3083	17
3084	13
3085	16
3086	18
3087	12
3088	24
3089	24
3090	14
3091	11
3092	14
3093	25
3094	17
3095	15
3096	18
3097	22
3098	11
3099	18
3100	14
3101	18
3102	14
3103	14
3104	14
3105	18
3106	16
3107	16
3108	17
3109	15
3110	22
3111	19
3112	15
3113	19
3114	12
3115	13
3116	9
3117	13
3118	13
3119	22
3120	8
3121	10
3122	14
3123	10
3124	11
3125	20
3126	6
3127	16
3128	17
3129	14
3130	17
3131	14
3132	15
3133	13
3134	18
3135	23
3136	10
3137	17
3138	17
3139	11
3140	17
3141	11
3142	10
3143	16
3144	23
3145	23
3146	13
3147	11
3148	25
3149	28
3150	17
3151	18
3152	15
3153	12
3154	15
3155	20
3156	15
3157	23
3158	15
3159	20
3160	11
3161	17
3162	16
3163	13
3164	15
3165	17
3166	12
3167	20
3168	14
3169	17
3170	15
3171	20
3172	11
3173	19
3174	10
3175	17
3176	16
3177	24
3178	20
3179	16
3180	14
3181	13
3182	18
3183	14
3184	14
3185	20
3186	16
3187	13
3188	14
3189	12
3190	11
3191	18
3192	16
3193	14
3194	16
3195	14
3196	19
3197	14
3198	16
3199	17
3200	10
3201	20
3202	15
3203	19
3204	13
3205	18
3206	12
3207	11
3208	16
3209	20
3210	16
3211	15
3212	12
3213	12
3214	16
3215	14
3216	16
3217	13
3218	19
3219	16
3220	18
3221	13
3222	20
3223	10
3224	13
3225	11
3226	16
3227	12
3228	15
3229	13
3230	19
3231	20
3232	16
3233	14
3234	17
3235	12
3236	19
3237	11
3238	17
3239	17
3240	13
3241	28
3242	12
3243	13
3244	13
3245	16
3246	13
3247	21
3248	11
3249	7
3250	15
3251	21
3252	16
3253	16
3254	12
3255	13
3256	4
3257	18
3258	19
3259	16
3260	22
3261	19
3262	18
3263	18
3264	11
3265	10
3266	16
3267	19
3268	16
3269	12
3270	20
3271	16
3272	13
3273	17
3274	18
3275	11
3276	15
3277	22
3278	12
3279	14
3280	19
3281	15
3282	16
3283	14
3284	12
3285	14
3286	11
3287	13
3288	12
3289	17
3290	18
3291	9
3292	16
3293	18
3294	20
3295	18
3296	13
3297	9
3298	16
3299	24
3300	13
3301	14
3302	12
3303	9
3304	13
3305	9
3306	12
3307	12
3308	13
3309	6
3310	15
3311	16
3312	14
3313	11
3314	15
3315	5
3316	13
3317	15
3318	24
3319	4
3320	16
3321	17
3322	12
3323	15
3324	15
3325	18
3326	23
3327	10
3328	21
3329	16
3330	4
3331	13
3332	19
3333	18
3334	14
3335	11
3336	18
3337	17
3338	6
3339	26
3340	18
3341	16
3342	15
3343	14
3344	20
3345	18
3346	21
3347	16
3348	15
3349	12
3350	17
3351	19
3352	19
3353	13
3354	18
3355	13
3356	17
3357	12
3358	12
3359	12
3360	14
3361	15
3362	18
3363	12
3364	16
3365	15
3366	12
3367	14
3368	11
3369	12
3370	10
3371	8
3372	12
3373	16
3374	14
3375	14
3376	12
3377	17
3378	13
3379	13
3380	16
3381	16
3382	13
3383	10
3384	10
3385	12
3386	9
3387	13
3388	14
3389	15
3390	15
3391	12
3392	14
3393	18
3394	10
3395	7
3396	14
3397	17
3398	15
3399	13
3400	8
3401	15
3402	16
3403	16
3404	16
3405	12
3406	10
3407	15
3408	9
3409	10
3410	11
3411	12
3412	14
3413	14
3414	15
3415	17
3416	11
3417	11
3418	15
3419	10
3420	14
3421	16
3422	12
3423	12
3424	11
3425	20
3426	17
3427	9
3428	18
3429	17
3430	20
3431	10
3432	17
3433	9
3434	8
3435	8
3436	16
3437	14
3438	12
3439	10
3440	11
3441	20
3442	14
3443	9
3444	10
3445	16
3446	15
3447	17
3448	8
3449	6
3450	8
3451	11
3452	10
3453	18
3454	9
3455	13
3456	12
3457	11
3458	10
3459	14
3460	15
3461	8
3462	12
3463	12
3464	12
3465	18
3466	10
3467	12
3468	19
3469	15
3470	18
3471	11
3472	13
3473	17
3474	11
3475	13
3476	12
3477	10
3478	12
3479	19
3480	8
3481	13
3482	12
3483	10
3484	9
3485	20
3486	20
3487	13
3488	10
3489	11
3490	13
3491	10
3492	9
3493	11
3494	13
3495	16
3496	19
3497	13
3498	17
3499	10
3500	11
3501	17
3502	12
3503	14
3504	12
3505	12
3506	13
3507	10
3508	17
3509	14
3510	14
3511	11
3512	13
3513	9
3514	10
3515	16
3516	14
3517	11
3518	18
3519	6
3520	16
3521	16
3522	9
3523	13
3524	9
3525	14
3526	7
3527	15
3528	10
3529	14
3530	13
3531	13
3532	9
3533	11
3534	13
3535	16
3536	18
3537	11
3538	9
3539	12
3540	9
3541	14
3542	12
3543	19
3544	10
3545	12
3546	21
3547	14
3548	15
3549	10
3550	13
3551	13
3552	16
3553	14
3554	8
3555	15
3556	13
3557	19
3558	13
3559	8
3560	16
3561	13
3562	13
3563	10
3564	13
3565	18
3566	17
3567	15
3568	15
3569	20
3570	8
3571	9
3572	11
3573	17
3574	21
3575	13
3576	15
3577	12
3578	18
3579	10
3580	15
3581	12
3582	10
3583	13
3584	16
3585	14
3586	8
3587	8
3588	9
3589	16
3590	7
3591	14
3592	13
3593	24
3594	13
3595	12
3596	15
3597	12
3598	12
3599	13
3600	10
3601	10
3602	9
3603	10
3604	19
3605	14
3606	7
3607	14
3608	13
3609	16
3610	13
3611	14
3612	8
3613	16
3614	13
3615	14
3616	11
3617	19
3618	12
3619	14
3620	13
3621	12
3622	6
3623	12
3624	12
3625	13
3626	8
3627	13
3628	16
3629	14
3630	14
3631	20
3632	13
3633	6
3634	10
3635	8
3636	12
3637	16
3638	13
3639	7
3640	15
3641	13
3642	13
3643	11
3644	16
3645	14
3646	7
3647	8
3648	10
3649	13
3650	10
3651	17
3652	7
3653	8
3654	15
3655	6
3656	7
3657	20
3658	15
3659	15
3660	18
3661	12
3662	18
3663	11
3664	16
3665	21
3666	9
3667	18
3668	9
3669	9
3670	11
3671	18
3672	13
3673	14
3674	7
3675	13
3676	24
3677	13
3678	11
3679	18
3680	15
3681	14
3682	10
3683	9
3684	19
3685	15
3686	14
3687	12
3688	7
3689	13
3690	12
3691	17
3692	9
3693	17
3694	12
3695	14
3696	13
3697	16
3698	17
3699	17
3700	15
3701	10
3702	12
3703	18
3704	19
3705	16
3706	13
3707	16
3708	13
3709	12
3710	10
3711	8
3712	9
3713	9
3714	18
3715	18
3716	19
3717	9
3718	12
3719	20
3720	15
3721	12
3722	13
3723	12
3724	15
3725	9
3726	9
3727	12
3728	16
3729	9
3730	12
3731	16
3732	11
3733	14
3734	16
3735	19
3736	9
3737	15
3738	11
3739	13
3740	13
3741	15
3742	13
3743	16
3744	19
3745	13
3746	11
3747	11
3748	13
3749	17
3750	12
3751	12
3752	14
3753	10
3754	9
3755	10
3756	14
3757	24
3758	12
3759	12
3760	12
3761	11
3762	9
3763	11
3764	12
3765	14
3766	12
3767	15
3768	9
3769	15
3770	15
3771	10
3772	7
3773	18
3774	8
3775	10
3776	15
3777	8
3778	18
3779	9
3780	10
3781	18
3782	13
3783	7
3784	13
3785	16
3786	17
3787	17
3788	13
3789	16
3790	13
3791	19
3792	14
3793	11
3794	11
3795	18
3796	17
3797	10
3798	9
3799	15
3800	15
3801	16
3802	17
3803	15
3804	14
3805	14
3806	14
3807	10
3808	8
3809	7
3810	11
3811	10
3812	16
3813	9
3814	7
3815	14
3816	13
3817	12
3818	16
3819	16
3820	5
3821	14
3822	10
3823	11
3824	12
3825	11
3826	12
3827	10
3828	8
3829	12
3830	13
3831	9
3832	12
3833	14
3834	8
3835	14
3836	10
3837	13
3838	11
3839	12
3840	12
3841	16
3842	7
3843	21
3844	15
3845	10
3846	12
3847	11
3848	8
3849	13
3850	14
3851	13
3852	9
3853	18
3854	12
3855	16
3856	20
3857	8
3858	21
3859	14
3860	14
3861	11
3862	14
3863	8
3864	14
3865	9
3866	14
3867	13
3868	7
3869	12
3870	20
3871	8
3872	9
3873	10
3874	13
3875	13
3876	6
3877	18
3878	12
3879	13
3880	10
3881	15
3882	15
3883	12
3884	17
3885	15
3886	13
3887	14
3888	7
3889	12
3890	17
3891	18
3892	20
3893	13
3894	12
3895	10
3896	14
3897	9
3898	9
3899	16
3900	4
3901	6
3902	15
3903	5
3904	17
3905	15
3906	19
3907	17
3908	8
3909	16
3910	16
3911	8
3912	15
3913	10
3914	17
3915	14
3916	19
3917	18
3918	11
3919	12
3920	15
3921	15
3922	9
3923	17
3924	17
3925	16
3926	8
3927	20
3928	17
3929	19
3930	10
3931	14
3932	11
3933	15
3934	10
3935	10
3936	9
3937	16
3938	16
3939	13
3940	11
3941	6
3942	12
3943	18
3944	11
3945	8
3946	13
3947	12
3948	15
3949	10
3950	20
3951	17
3952	12
3953	17
3954	11
3955	14
3956	11
3957	17
3958	10
3959	13
3960	14
3961	14
3962	17
3963	9
3964	5
3965	21
3966	15
3967	13
3968	15
3969	15
3970	12
3971	9
3972	7
3973	11
3974	18
3975	16
3976	9
3977	5
3978	9
3979	8
3980	23
3981	6
3982	11
3983	14
3984	9
3985	12
3986	9
3987	15
3988	7
3989	10
3990	16
3991	11
3992	14
3993	17
3994	12
3995	20
3996	11
3997	13
3998	12
3999	15
4000	9
4001	10
4002	17
4003	14
4004	11
4005	14
4006	10
4007	15
4008	12
4009	12
4010	10
4011	9
4012	12
4013	22
4014	15
4015	15
4016	10
4017	10
4018	16
4019	16
4020	15
4021	15
4022	17
4023	14
4024	15
4025	12
4026	9
4027	14
4028	7
4029	12
4030	18
4031	15
4032	26
4033	17
4034	13
4035	13
4036	16
4037	16
4038	8
4039	12
4040	13
4041	17
4042	15
4043	16
4044	15
4045	10
4046	14
4047	13
4048	12
4049	15
4050	16
4051	20
4052	10
4053	15
4054	12
4055	10
4056	23
4057	16
4058	10
4059	10
4060	13
4061	10
4062	15
4063	14
4064	10
4065	11
4066	17
4067	11
4068	13
4069	14
4070	21
4071	12
4072	8
4073	14
4074	9
4075	13
4076	15
4077	9
4078	21
4079	13
4080	13
4081	23
4082	17
4083	16
4084	13
4085	16
4086	15
4087	12
4088	13
4089	14
4090	13
4091	12
4092	11
4093	10
4094	18
4095	8
4096	14
4097	18
4098	16
4099	14
4100	17
4101	7
4102	7
4103	14
4104	23
4105	16
4106	10
4107	14
4108	12
4109	13
4110	20
4111	13
4112	13
4113	12
4114	17
4115	18
4116	14
4117	12
4118	11
4119	10
4120	15
4121	17
4122	9
4123	21
4124	7
4125	13
4126	17
4127	15
4128	9
4129	13
4130	12
4131	10
4132	25
4133	19
4134	15
4135	9
4136	19
4137	18
4138	15
4139	19
4140	21
4141	17
4142	20
4143	15
4144	17
4145	13
4146	11
4147	18
4148	17
4149	19
4150	14
4151	16
4152	9
4153	14
4154	17
4155	12
4156	13
4157	11
4158	11
4159	16
4160	14
4161	12
4162	24
4163	14
4164	12
4165	14
4166	15
4167	16
4168	18
4169	17
4170	10
4171	14
4172	14
4173	16
4174	12
4175	14
4176	20
4177	16
4178	12
4179	20
4180	13
4181	14
4182	7
4183	9
4184	13
4185	16
4186	19
4187	11
4188	12
4189	16
4190	17
4191	16
4192	13
4193	15
4194	18
4195	21
4196	13
4197	12
4198	10
4199	12
4200	15
4201	11
4202	12
4203	23
4204	19
4205	14
4206	11
4207	9
4208	17
4209	15
4210	9
4211	19
4212	16
4213	16
4214	16
4215	23
4216	11
4217	10
4218	14
4219	17
4220	15
4221	11
4222	14
4223	21
4224	11
4225	18
4226	8
4227	15
4228	12
4229	6
4230	11
4231	13
4232	16
4233	25
4234	17
4235	16
4236	19
4237	16
4238	19
4239	14
4240	13
4241	18
4242	12
4243	11
4244	14
4245	11
4246	14
4247	17
4248	12
4249	10
4250	14
4251	12
4252	9
4253	14
4254	13
4255	19
4256	11
4257	18
4258	14
4259	14
4260	19
4261	9
4262	12
4263	11
4264	12
4265	17
4266	14
4267	9
4268	17
4269	7
4270	18
4271	20
4272	11
4273	15
4274	16
4275	14
4276	21
4277	8
4278	15
4279	12
4280	10
4281	14
4282	14
4283	11
4284	21
4285	17
4286	12
4287	11
4288	10
4289	12
4290	19
4291	14
4292	23
4293	17
4294	12
4295	13
4296	17
4297	5
4298	18
4299	17
4300	12
4301	17
4302	14
4303	11
4304	14
4305	15
4306	15
4307	15
4308	11
4309	21
4310	15
4311	7
4312	15
4313	13
4314	13
4315	14
4316	17
4317	11
4318	16
4319	13
4320	10
4321	15
4322	17
4323	19
4324	16
4325	17
4326	13
4327	15
4328	27
4329	23
4330	14
4331	7
4332	16
4333	14
4334	20
4335	18
4336	26
4337	23
4338	11
4339	13
4340	21
4341	17
4342	16
4343	17
4344	23
4345	10
4346	15
4347	15
4348	15
4349	13
4350	19
4351	18
4352	18
4353	12
4354	22
4355	21
4356	13
4357	17
4358	14
4359	16
4360	16
4361	16
4362	22
4363	16
4364	15
4365	14
4366	14
4367	10
4368	16
4369	9
4370	11
4371	21
4372	19
4373	22
4374	18
4375	18
4376	18
4377	21
4378	15
4379	19
4380	14
4381	21
4382	18
4383	28
4384	23
4385	17
4386	13
4387	16
4388	12
4389	22
4390	21
4391	21
4392	17
4393	14
4394	20
4395	9
4396	11
4397	14
4398	13
4399	17
4400	13
4401	19
4402	29
4403	15
4404	20
4405	20
4406	15
4407	19
4408	15
4409	17
4410	28
4411	19
4412	15
4413	17
4414	15
4415	25
4416	17
4417	20
4418	10
4419	21
4420	19
4421	9
4422	23
4423	15
4424	19
4425	16
4426	14
4427	14
4428	16
4429	12
4430	14
4431	13
4432	14
4433	18
4434	19
4435	17
4436	20
4437	26
4438	7
4439	17
4440	18
4441	23
4442	21
4443	22
4444	15
4445	22
4446	22
4447	20
4448	16
4449	19
4450	18
4451	11
4452	21
4453	19
4454	22
4455	18
4456	24
4457	20
4458	15
4459	17
4460	19
4461	19
4462	28
4463	14
4464	10
4465	18
4466	14
4467	20
4468	15
4469	18
4470	18
4471	9
4472	22
4473	26
4474	25
4475	20
4476	14
4477	26
4478	13
4479	26
4480	26
4481	25
4482	26
4483	32
4484	21
4485	12
4486	25
4487	12
4488	20
4489	22
4490	23
4491	13
4492	18
4493	20
4494	17
4495	23
4496	24
4497	16
4498	17
4499	24
4500	27
4501	26
4502	18
4503	19
4504	21
4505	27
4506	23
4507	11
4508	13
4509	17
4510	21
4511	15
4512	27
4513	13
4514	27
4515	16
4516	22
4517	34
4518	20
4519	22
4520	24
4521	22
4522	24
4523	16
4524	15
4525	16
4526	20
4527	26
4528	32
4529	25
4530	26
4531	25
4532	24
4533	26
4534	18
4535	22
4536	24
4537	24
4538	28
4539	27
4540	20
4541	27
4542	24
4543	17
4544	21
4545	17
4546	24
4547	17
4548	28
4549	39
4550	20
4551	27
4552	30
4553	27
4554	16
4555	19
4556	19
4557	19
4558	29
4559	19
4560	21
4561	25
4562	24
4563	24
4564	21
4565	28
4566	21
4567	23
4568	28
4569	31
4570	19
4571	23
4572	18
4573	20
4574	24
4575	28
4576	27
4577	26
4578	23
4579	22
4580	16
4581	19
4582	26
4583	29
4584	28
4585	26
4586	20
4587	18
4588	23
4589	24
4590	22
4591	32
4592	26
4593	26
4594	26
4595	27
4596	19
4597	18
4598	28
4599	31
4600	34
4601	26
4602	24
4603	32
4604	30
4605	42
4606	30
4607	32
4608	14
4609	21
4610	34
4611	19
4612	24
4613	27
4614	30
4615	21
4616	26
4617	22
4618	22
4619	31
4620	34
4621	26
4622	35
4623	18
4624	28
4625	34
4626	30
4627	17
4628	33
4629	28
4630	31
4631	18
4632	33
4633	30
4634	29
4635	30
4636	32
4637	36
4638	20
4639	27
4640	17
4641	33
4642	26
4643	33
4644	33
4645	21
4646	23
4647	33
4648	31
4649	24
4650	21
4651	22
4652	15
4653	28
4654	27
4655	24
4656	19
4657	25
4658	26
4659	34
4660	25
4661	28
4662	35
4663	28
4664	30
4665	23
4666	28
4667	26
4668	24
4669	38
4670	23
4671	20
4672	28
4673	24
4674	24
4675	29
4676	31
4677	21
4678	34
4679	28
4680	26
4681	26
4682	29
4683	26
4684	26
4685	23
4686	21
4687	30
4688	38
4689	36
4690	31
4691	34
4692	26
4693	37
4694	23
4695	29
4696	25
4697	30
4698	21
4699	35
4700	30
4701	24
4702	16
4703	33
4704	33
4705	27
4706	27
4707	26
4708	29
4709	33
4710	28
4711	26
4712	24
4713	29
4714	30
4715	29
4716	27
4717	23
4718	31
4719	31
4720	26
4721	22
4722	19
4723	23
4724	30
4725	23
4726	27
4727	28
4728	31
4729	23
4730	27
4731	37
4732	22
4733	29
4734	28
4735	22
4736	27
4737	26
4738	22
4739	32
4740	18
4741	27
4742	23
4743	24
4744	23
4745	28
4746	24
4747	23
4748	23
4749	30
4750	27
4751	18
4752	29
4753	26
4754	18
4755	34
4756	24
4757	27
4758	19
4759	29
4760	30
4761	26
4762	22
4763	33
4764	22
4765	18
4766	18
4767	33
4768	23
4769	17
4770	27
4771	27
4772	16
4773	30
4774	24
4775	23
4776	31
4777	23
4778	21
4779	22
4780	28
4781	26
4782	23
4783	31
4784	23
4785	17
4786	27
4787	10
4788	20
4789	34
4790	19
4791	24
4792	25
4793	19
4794	19
4795	15
4796	23
4797	24
4798	19
4799	19
4800	20
4801	20
4802	18
4803	23
4804	27
4805	17
4806	19
4807	15
4808	19
4809	25
4810	20
4811	21
4812	12
4813	19
4814	22
4815	30
4816	24
4817	21
4818	13
4819	21
4820	30
4821	21
4822	16
4823	17
4824	14
4825	24
4826	18
4827	20
4828	22
4829	19
4830	20
4831	20
4832	18
4833	20
4834	14
4835	10
4836	21
4837	14
4838	16
4839	21
4840	20
4841	24
4842	14
4843	13
4844	20
4845	16
4846	15
4847	22
4848	15
4849	13
4850	17
4851	17
4852	12
4853	12
4854	14
4855	19
4856	12
4857	15
4858	19
4859	12
4860	17
4861	16
4862	15
4863	22
4864	12
4865	12
4866	17
4867	13
4868	18
4869	15
4870	18
4871	11
4872	18
4873	17
4874	7
4875	18
4876	14
4877	13
4878	14
4879	9
4880	6
4881	16
4882	11
4883	11
4884	8
4885	10
4886	8
4887	17
4888	13
4889	15
4890	17
4891	14
4892	15
4893	12
4894	10
4895	10
4896	10
4897	10
4898	7
4899	10
4900	10
4901	7
4902	11
4903	14
4904	9
4905	4
4906	10
4907	6
4908	9
4909	14
4910	7
4911	7
4912	9
4913	4
4914	6
4915	2
4916	8
4917	7
4918	6
4919	11
4920	9
4921	6
4922	9
4923	8
4924	12
4925	9
4926	11
4927	10
4928	7
4929	10
4930	5
4931	10
4932	10
4933	6
4934	6
4935	7
4936	10
4937	8
4938	13
4939	6
4940	3
4941	7
4942	5
4943	6
4944	10
4945	7
4946	3
4947	6
4948	9
4949	6
4950	5
4951	7
4952	6
4953	6
4954	5
4955	13
4956	8
4957	6
4958	9
4959	10
4960	5
4961	4
4962	6
4963	7
4964	7
4965	4
4966	6
4967	9
4968	5
4969	3
4970	5
4971	2
4972	4
4973	6
4974	3
4975	8
4976	5
4977	5
4978	4
4979	8
4980	3
4981	3
4982	4
4983	3
4984	2
4985	3
4986	4
4987	4
4988	2
4989	7
4990	0
4991	5
4992	0
4993	5
4994	2
4995	7
4996	1
4997	2
4998	1
4999	2
5000	3
5001	8
5002	3
5003	1
5004	4
5005	4
5006	3
5007	3
5008	3
5009	2
5010	3
5011	3
5012	1
5013	1
5014	3
5015	1
5016	0
5017	4
5018	2
5019	0
5020	2
5021	5
5022	4
5023	0
5024	1
5025	3
5026	4
5027	3
5028	1
5029	3
5030	0
5031	3
5032	3
5033	1
5034	3
5035	0
5036	2
5037	4
5038	0
5039	1
5040	3
5041	6
5042	2
5043	0
5044	3
5045	1
5046	1
5047	0
5048	0
5049	0
5050	3
5051	2
5052	1
5053	1
5054	0
5055	1
5056	2
5057	1
5058	2
5059	0
5060	4
5061	1
5062	2
5063	1
5064	0
5065	2
5066	3
5067	1
5068	2
5069	0
5070	1
5071	4
5072	0
5073	0
5074	0
5075	2
5076	1
5077	3
5078	4
5079	1
5080	0
5081	0
5082	1
5083	0
5084	1
5085	3
5086	2
5087	0
5088	2
5089	1
5090	1
5091	0
5092	0
5093	0
5094	1
5095	0
5096	1
5097	0
5098	1
5099	0
5100	1
5101	0
5102	0
5103	2
5104	0
5105	0
5106	0
5107	1
5108	1
5109	1
5110	0
5111	1
5112	2
5113	1
5114	0
5115	0
5116	0
5117	1
5118	1
5119	2
5120	1
5121	1
5122	1
5123	3
5124	1
5125	2
5126	0
5127	1
5128	1
5129	0
5130	3
5131	1
5132	0
5133	1
5134	2
5135	0
5136	0
5137	2
5138	1
5139	1
5140	0
5141	0
5142	0
5143	0
5144	0
5145	0
5146	0
5147	0
5148	0
5149	0
5150	0
5151	0
5152	0
5153	1
5154	0
5155	1
5156	0
5157	0
5158	1
5159	0
5160	0
5161	4
5162	0
5163	2
5164	0
5165	0
5166	1
5167	0
5168	1
5169	1
5170	1
5171	0
5172	1
5173	1
5174	0
5175	0
5176	0
5177	1
5178	0
5179	1
5180	1
5181	0
5182	0
5183	2
5184	0
5185	1
5186	1
5187	0
5188	0
5189	1
5190	1
5191	0
5192	0
5193	1
5194	1
5195	0
5196	0
5197	0
5198	1
5199	1
5200	0
5201	0
5202	2
5203	0
5204	0
5205	1
5206	0
5207	0
5208	1
5209	1
5210	1
5211	1
5212	1
5213	1
5214	1
5215	4
5216	1
5217	0
5218	1
5219	1
5220	0
5221	0
5222	1
5223	1
5224	0
5225	1
5226	2
5227	1
5228	0
5229	1
5230	0
5231	1
5232	0
5233	0
5234	1
5235	0
5236	1
5237	1
5238	0
5239	1
5240	1
5241	1
5242	0
5243	2
5244	1
5245	0
5246	0
5247	0
5248	0
5249	0
5250	0
5251	0
5252	0
5253	0
5254	0
5255	0
5256	3
5257	0
5258	0
5259	0
5260	0
5261	0
5262	1
5263	0
5264	2
5265	0
5266	0
5267	1
5268	0
5269	1
5270	0
5271	1
5272	0
5273	0
5274	0
5275	1
5276	0
5277	0
5278	0
5279	1
5280	1
5281	0
5282	0
5283	1
5284	1
5285	0
5286	2
5287	1
5288	1
5289	0
5290	1
5291	0
5292	0
5293	1
5294	0
5295	0
5296	1
5297	1
5298	0
5299	0
5300	1
5301	2
5302	0
5303	2
5304	0
5305	2
5306	0
5307	1
5308	0
5309	0
5310	1
5311	1
5312	0
5313	0
5314	0
5315	0
5316	1
5317	0
5318	1
5319	2
5320	1
5321	3
5322	0
5323	1
5324	1
5325	0
5326	0
5327	0
5328	1
5329	0
5330	1
5331	0
5332	0
5333	0
5334	0
5335	0
5336	0
5337	0
5338	1
5339	0
5340	2
5341	1
5342	0
5343	2
5344	1
5345	0
5346	0
5347	0
5348	0
5349	0
5350	1
5351	0
5352	0
5353	1
5354	0
5355	0
5356	0
5357	0
5358	1
5359	0
5360	1
5361	2
5362	0
5363	0
5364	1
5365	0
5366	0
5367	0
5368	1
5369	2
5370	1
5371	1
5372	2
5373	0
5374	0
5375	0
5376	0
5377	0
5378	2
5379	1
5380	1
5381	1
5382	0
5383	1
5384	0
5385	0
5386	0
5387	0
5388	0
5389	0
5390	2
5391	1
5392	0
5393	1
5394	1
5395	0
5396	0
5397	1
5398	0
5399	0
5400	0
5401	1
5402	0
5403	1
5404	0
5405	0
5406	0
5407	1
5408	1
5409	0
5410	1
5411	0
5412	1
5413	0
5414	0
5415	0
5416	0
5417	1
5418	1
5419	0
5420	0
5421	0
5422	1
5423	1
5424	0
5425	1
5426	0
5427	0
5428	2
5429	1
5430	0
5431	1
5432	1
5433	0
5434	0
5435	1
5436	1
5437	0
5438	0
5439	0
5440	0
5441	1
5442	1
5443	0
5444	0
5445	0
5446	0
5447	0
5448	1
5449	1
5450	1
5451	1
5452	2
5453	0
5454	0
5455	1
5456	1
5457	0
5458	1
5459	1
5460	3
5461	1
5462	1
5463	0
5464	0
5465	0
5466	0
5467	0
5468	2
5469	1
5470	1
5471	0
5472	0
5473	0
5474	0
5475	0
5476	0
5477	0
5478	0
5479	0
5480	0
5481	2
5482	0
5483	0
5484	0
5485	0
5486	0
5487	1
5488	1
5489	0
5490	0
5491	1
5492	1
5493	2
5494	0
5495	0
5496	0
5497	0
5498	1
5499	2
5500	1
5501	1
5502	0
5503	1
5504	0
5505	0
5506	2
5507	0
5508	0
5509	0
5510	0
5511	0
5512	2
5513	0
5514	0
5515	1
5516	0
5517	0
5518	0
5519	0
5520	1
5521	1
5522	0
5523	0
5524	1
5525	2
5526	0
5527	0
5528	0
5529	1
5530	0
5531	2
5532	0
5533	1
5534	0
5535	0
5536	3
5537	0
5538	0
5539	2
5540	0
5541	0
5542	0
5543	1
5544	2
5545	1
5546	0
5547	0
5548	0
5549	1
5550	0
5551	1
5552	0
5553	1
5554	1
5555	1
5556	1
5557	0
5558	2
5559	0
5560	1
5561	0
5562	1
5563	1
5564	1
5565	0
5566	1
5567	0
5568	1
5569	0
5570	1
5571	2
5572	0
5573	1
5574	0
5575	1
5576	0
5577	0
5578	0
5579	1
5580	0
5581	1
5582	0
5583	2
5584	2
5585	0
5586	0
5587	2
5588	0
5589	1
5590	0
5591	1
5592	0
5593	0
5594	1
5595	0
5596	1
5597	0
5598	0
5599	0
5600	0
5601	0
5602	0
5603	0
5604	0
5605	0
5606	0
5607	2
5608	0
5609	0
5610	0
5611	1
5612	1
5613	0
5614	1
5615	0
5616	0
5617	1
5618	1
5619	0
5620	1
5621	1
5622	1
5623	1
5624	0
5625	0
5626	0
5627	1
5628	0
5629	1
5630	1
5631	1
5632	0
5633	0
5634	0
5635	0
5636	0
5637	0
5638	0
5639	1
5640	0
5641	2
5642	1
5643	1
5644	1
5645	0
5646	0
5647	1
5648	1
5649	0
5650	0
5651	1
5652	0
5653	0
5654	1
5655	0
5656	0
5657	0
5658	0
5659	0
5660	2
5661	1
5662	1
5663	0
5664	1
5665	1
5666	0
5667	0
5668	1
5669	1
5670	0
5671	1
5672	0
5673	2
5674	1
5675	2
5676	0
5677	1
5678	1
5679	1
5680	1
5681	0
5682	1
5683	0
5684	0
5685	0
5686	0
5687	1
5688	1
5689	0
5690	0
5691	0
5692	0
5693	0
5694	1
5695	0
5696	0
5697	0
5698	1
5699	2
5700	0
5701	0
5702	1
5703	2
5704	0
5705	0
5706	0
5707	0
5708	2
5709	0
5710	1
5711	0
5712	1
5713	0
5714	2
5715	0
5716	0
5717	0
5718	1
5719	0
5720	0
5721	3
5722	1
5723	2
5724	0
5725	0
5726	0
5727	0
5728	1
5729	1
5730	1
5731	1
5732	1
5733	0
5734	0
5735	1
5736	0
5737	0
5738	1
5739	0
5740	0
5741	1
5742	1
5743	1
5744	0
5745	0
5746	1
5747	0
5748	0
5749	0
5750	0
5751	0
5752	0
5753	0
5754	1
5755	1
5756	2
5757	2
5758	0
5759	2
5760	0
5761	0
5762	0
5763	1
5764	0
5765	0
5766	0
5767	0
5768	0
5769	0
5770	0
5771	0
5772	4
5773	0
5774	2
5775	0
5776	0
5777	0
5778	0
5779	0
5780	0
5781	0
5782	0
5783	3
5784	0
5785	1
5786	0
5787	0
5788	0
5789	2
5790	0
5791	0
5792	0
5793	2
5794	0
5795	1
5796	0
5797	0
5798	0
5799	0
5800	0
5801	0
5802	1
5803	0
5804	0
5805	0
5806	1
5807	1
5808	0
5809	0
5810	1
5811	1
5812	0
5813	0
5814	0
5815	2
5816	0
5817	1
5818	0
5819	1
5820	2
5821	1
5822	0
5823	2
5824	0
5825	0
5826	1
5827	0
5828	0
5829	0
5830	0
5831	0
5832	0
5833	0
5834	0
5835	0
5836	0
5837	1
5838	0
5839	0
5840	0
5841	0
5842	0
5843	1
5844	1
5845	2
5846	0
5847	0
5848	0
5849	0
5850	2
5851	0
5852	1
5853	1
5854	0
5855	0
5856	0
5857	1
5858	0
5859	1
5860	0
5861	1
5862	0
5863	0
5864	1
5865	0
5866	0
5867	0
5868	1
5869	0
5870	0
5871	0
5872	0
5873	0
5874	0
5875	0
5876	1
5877	1
5878	0
5879	0
5880	0
5881	1
5882	1
5883	1
5884	0
5885	0
5886	1
5887	1
5888	1
5889	1
5890	1
5891	0
5892	0
5893	0
5894	0
5895	1
5896	0
5897	1
5898	0
5899	0
5900	1
5901	1
5902	2
5903	0
5904	0
5905	1
5906	0
5907	0
5908	0
5909	0
5910	0
5911	1
5912	0
5913	0
5914	0
5915	0
5916	1
5917	1
5918	1
5919	0
5920	0
5921	0
5922	1
5923	2
5924	0
5925	0
5926	0
5927	0
5928	1
5929	1
5930	1
5931	0
5932	0
5933	0
5934	0
5935	0
5936	1
5937	0
5938	0
5939	0
5940	0
5941	1
5942	2
5943	0
5944	0
5945	1
5946	2
5947	1
5948	0
5949	0
5950	0
5951	0
5952	0
5953	0
5954	0
5955	1
5956	0
5957	1
5958	0
5959	0
5960	0
5961	0
5962	0
5963	0
5964	1
5965	0
5966	0
5967	0
5968	0
5969	0
5970	0
5971	2
5972	1
5973	0
5974	2
5975	0
5976	0
5977	0
5978	0
5979	0
5980	1
5981	0
5982	0
5983	0
5984	1
5985	0
5986	1
5987	0
5988	0
5989	1
5990	0
5991	0
5992	0
5993	0
5994	0
5995	1
5996	1
5997	1
5998	3
5999	0
6000	0
6001	0
6002	0
6003	1
6004	0
6005	0
6006	0
6007	0
6008	0
6009	1
6010	0
6011	0
6012	0
6013	0
6014	0
6015	2
6016	0
6017	0
6018	0
6019	0
6020	0
6021	0
6022	1
6023	1
6024	1
6025	0
6026	0
6027	0
6028	0
6029	0
6030	1
6031	1
6032	0
6033	1
6034	0
6035	0
6036	2
6037	0
6038	0
6039	0
6040	0
6041	0
6042	0
6043	0
6044	1
6045	0
6046	0
6047	1
6048	0
6049	1
6050	0
6051	0
6052	0
6053	0
6054	0
6055	1
6056	0
6057	0
6058	0
6059	0
6060	1
6061	0
6062	0
6063	2
6064	1
6065	0
6066	1
6067	1
6068	2
6069	0
6070	3
6071	0
6072	0
6073	0
6074	0
6075	0
6076	0
6077	0
6078	0
6079	0
6080	3
6081	1
6082	1
6083	0
6084	1
6085	1
6086	0
6087	0
6088	1
6089	0
6090	0
6091	0
6092	0
6093	1
6094	0
6095	1
6096	0
6097	0
6098	0
6099	0
6100	1
6101	0
6102	1
6103	0
6104	0
6105	0
6106	2
6107	1
6108	1
6109	2
6110	1
6111	1
6112	1
6113	0
6114	1
6115	0
6116	0
6117	0
6118	1
6119	0
6120	1
6121	0
6122	0
6123	0
6124	0
6125	1
6126	0
6127	0
6128	0
6129	0
6130	0
6131	1
6132	0
6133	0
6134	0
6135	0
6136	0
6137	0
6138	0
6139	0
6140	2
6141	0
6142	1
6143	1
6144	1
6145	2
6146	0
6147	2
6148	0
6149	1
6150	1
6151	0
6152	0
6153	0
6154	0
6155	2
6156	1
6157	0
6158	0
6159	0
6160	0
6161	0
6162	0
6163	0
6164	1
6165	1
6166	0
6167	1
6168	0
6169	0
6170	0
6171	1
6172	0
6173	1
6174	0
6175	0
6176	0
6177	0
6178	0
6179	0
6180	1
6181	1
6182	1
6183	1
6184	1
6185	2
6186	0
6187	0
6188	0
6189	1
6190	0
6191	0
6192	0
6193	2
6194	0
6195	0
6196	0
6197	1
6198	1
6199	0
6200	0
6201	0
6202	0
6203	0
6204	0
6205	0
6206	0
6207	0
6208	0
6209	0
6210	0
6211	0
6212	1
6213	0
6214	0
6215	0
6216	2
6217	0
6218	1
6219	0
6220	0
6221	0
6222	0
6223	2
6224	2
6225	0
6226	1
6227	1
6228	1
6229	1
6230	0
6231	1
6232	0
6233	1
6234	0
6235	0
6236	1
6237	0
6238	0
6239	0
6240	0
6241	0
6242	1
6243	1
6244	2
6245	0
6246	0
6247	0
6248	2
6249	0
6250	0
6251	0
6252	1
6253	1
6254	1
6255	1
6256	0
6257	0
6258	0
6259	0
6260	0
6261	1
6262	0
6263	0
6264	1
6265	0
6266	1
6267	0
6268	1
6269	0
6270	0
6271	0
6272	0
6273	0
6274	0
6275	0
6276	0
6277	1
6278	0
6279	0
6280	1
6281	0
6282	0
6283	0
6284	0
6285	0
6286	1
6287	1
6288	0
6289	1
6290	0
6291	0
6292	0
6293	0
6294	0
6295	0
6296	0
6297	1
6298	1
6299	1
6300	0
6301	1
6302	1
6303	1
6304	0
6305	0
6306	0
6307	0
6308	0
6309	0
6310	0
6311	0
6312	0
6313	0
6314	0
6315	0
6316	1
6317	0
6318	0
6319	1
6320	0
6321	0
6322	0
6323	0
6324	2
6325	0
6326	0
6327	0
6328	2
6329	0
6330	0
6331	1
6332	2
6333	1
6334	3
6335	0
6336	0
6337	0
6338	0
6339	1
6340	1
6341	0
6342	1
6343	0
6344	1
6345	0
6346	0
6347	0
6348	1
6349	0
6350	0
6351	0
6352	0
6353	0
6354	1
6355	0
6356	0
6357	1
6358	0
6359	0
6360	2
6361	1
6362	0
6363	1
6364	0
6365	0
6366	0
6367	2
6368	0
6369	2
6370	0
6371	1
6372	0
6373	0
6374	0
6375	0
6376	0
6377	0
6378	1
6379	2
6380	1
6381	0
6382	0
6383	1
6384	0
6385	0
6386	1
6387	0
6388	0
6389	0
6390	1
6391	1
6392	0
6393	0
6394	1
6395	0
6396	0
6397	0
6398	0
6399	0
6400	0
6401	0
6402	1
6403	0
6404	1
6405	0
6406	0
6407	0
6408	0
6409	1
6410	0
6411	2
6412	0
6413	0
6414	0
6415	0
6416	0
6417	1
6418	0
6419	0
6420	2
6421	0
6422	0
6423	0
6424	0
6425	0
6426	2
6427	0
6428	1
6429	0
6430	1
6431	1
6432	0
6433	1
6434	0
6435	0
6436	1
6437	1
6438	0
6439	1
6440	1
6441	1
6442	1
6443	0
6444	0
6445	0
6446	3
6447	0
6448	0
6449	2
6450	1
6451	0
6452	1
6453	1
6454	0
6455	1
6456	2
6457	0
6458	1
6459	1
6460	0
6461	0
6462	0
6463	0
6464	0
6465	0
6466	0
6467	0
6468	1
6469	0
6470	0
6471	0
6472	1
6473	0
6474	1
6475	0
6476	0
6477	2
6478	0
6479	0
6480	0
6481	1
6482	0
6483	2
6484	0
6485	0
6486	2
6487	0
6488	0
6489	1
6490	0
6491	1
6492	0
6493	0
6494	1
6495	0
6496	0
6497	0
6498	0
6499	0
6500	0
6501	0
6502	0
6503	0
6504	2
6505	0
6506	1
6507	0
6508	1
6509	0
6510	0
6511	0
6512	1
6513	0
6514	1
6515	0
6516	0
6517	1
6518	0
6519	0
6520	0
6521	0
6522	0
6523	1
6524	0
6525	0
6526	0
6527	0
6528	1
6529	0
6530	2
6531	1
6532	2
6533	0
6534	1
6535	0
6536	1
6537	0
6538	0
6539	0
6540	1
6541	0
6542	0
6543	2
6544	1
6545	0
6546	0
6547	0
6548	1
6549	1
6550	1
6551	0
6552	0
6553	0
6554	0
6555	0
6556	0
6557	0
6558	0
6559	1
6560	0
6561	0
6562	0
6563	1
6564	0
6565	0
6566	1
6567	1
6568	1
6569	1
6570	0
6571	0
6572	0
6573	0
6574	0
6575	0
6576	0
6577	0
6578	0
6579	1
6580	1
6581	0
6582	0
6583	1
6584	1
6585	0
6586	0
6587	0
6588	0
6589	2
6590	1
6591	0
6592	1
6593	0
6594	1
6595	1
6596	2
6597	1
6598	1
6599	0
6600	1
6601	1
6602	1
6603	0
6604	1
6605	0
6606	0
6607	2
6608	0
6609	0
6610	0
6611	0
6612	0
6613	0
6614	1
6615	0
6616	0
6617	1
6618	0
6619	0
6620	0
6621	0
6622	1
6623	0
6624	1
6625	0
6626	0
6627	1
6628	1
6629	1
6630	0
6631	1
6632	0
6633	2
6634	1
6635	1
6636	0
6637	1
6638	0
6639	0
6640	2
6641	0
6642	1
6643	0
6644	0
6645	0
6646	0
6647	0
6648	1
6649	0
6650	0
6651	0
6652	0
6653	0
6654	0
6655	0
6656	0
6657	0
6658	1
6659	0
6660	0
6661	0
6662	1
6663	1
6664	1
6665	0
6666	0
6667	0
6668	2
6669	0
6670	0
6671	0
6672	1
6673	1
6674	1
6675	1
6676	1
6677	1
6678	0
6679	0
6680	1
6681	1
6682	0
6683	0
6684	1
6685	0
6686	0
6687	0
6688	0
6689	0
6690	0
6691	1
6692	1
6693	0
6694	0
6695	1
6696	1
6697	0
6698	0
6699	1
6700	0
6701	0
6702	0
6703	0
6704	0
6705	0
6706	0
6707	1
6708	0
6709	0
6710	0
6711	0
6712	0
6713	0
6714	0
6715	0
6716	0
6717	0
6718	0
6719	1
6720	0
6721	1
6722	0
6723	0
6724	0
6725	0
6726	1
6727	0
6728	0
6729	0
6730	0
6731	0
6732	0
6733	0
6734	0
6735	0
6736	0
6737	0
6738	1
6739	0
6740	0
6741	0
6742	0
6743	0
6744	0
6745	0
6746	0
6747	2
6748	0
6749	0
6750	1
6751	0
6752	0
6753	0
6754	0
6755	1
6756	0
6757	1
6758	1
6759	0
6760	0
6761	0
6762	1
6763	0
6764	0
6765	0
6766	1
6767	0
6768	0
6769	0
6770	0
6771	1
6772	0
6773	1
6774	0
6775	0
6776	0
6777	0
6778	1
6779	0
6780	0
6781	1
6782	0
6783	0
6784	0
6785	0
6786	1
6787	0
6788	0
6789	0
6790	1
6791	0
6792	0
6793	0
6794	1
6795	0
6796	0
6797	0
6798	0
6799	0
6800	0
6801	0
6802	0
6803	0
6804	1
6805	0
6806	1
6807	0
6808	0
6809	0
6810	0
6811	1
6812	1
6813	0
6814	0
6815	1
6816	0
6817	0
6818	1
6819	0
6820	1
6821	0
6822	1
6823	0
6824	0
6825	0
6826	0
6827	0
6828	1
6829	1
6830	0
6831	0
6832	1
6833	0
6834	0
6835	0
6836	1
6837	0
6838	0
6839	0
6840	0
6841	0
6842	0
6843	0
6844	0
6845	0
6846	1
6847	0
6848	0
6849	1
6850	1
6851	1
6852	1
6853	0
6854	2
6855	0
6856	0
6857	0
6858	0
6859	0
6860	1
6861	1
6862	1
6863	0
6864	1
6865	0
6866	1
6867	0
6868	0
6869	0
6870	1
6871	2
6872	1
6873	1
6874	0
6875	0
6876	0
6877	0
6878	0
6879	2
6880	1
6881	0
6882	1
6883	0
6884	0
6885	0
6886	1
6887	0
6888	0
6889	0
6890	0
6891	0
6892	0
6893	1
6894	0
6895	0
6896	1
6897	1
6898	0
6899	1
6900	0
6901	0
6902	1
6903	0
6904	0
6905	0
6906	1
6907	0
6908	1
6909	0
6910	1
6911	0
6912	0
6913	1
6914	0
6915	1
6916	0
6917	0
6918	1
6919	0
6920	0
6921	1
6922	1
6923	1
6924	1
6925	2
6926	0
6927	0
6928	0
6929	0
6930	0
6931	0
6932	0
6933	0
6934	0
6935	1
6936	0
6937	1
6938	0
6939	1
6940	0
6941	0
6942	1
6943	0
6944	1
6945	0
6946	0
6947	0
6948	0
6949	1
6950	0
6951	1
6952	0
6953	1
6954	0
6955	0
6956	2
6957	0
6958	0
6959	0
6960	0
6961	1
6962	0
6963	0
6964	0
6965	0
6966	0
6967	0
6968	0
6969	1
6970	1
6971	0
6972	2
6973	1
6974	1
6975	0
6976	1
6977	0
6978	0
6979	0
6980	0
6981	0
6982	0
6983	1
6984	0
6985	0
6986	0
6987	0
6988	0
6989	0
6990	0
6991	0
6992	0
6993	0
6994	1
6995	0
6996	1
6997	0
6998	0
6999	0
7000	0
7001	0
7002	1
7003	0
7004	0
7005	0
7006	1
7007	0
7008	0
7009	0
7010	0
7011	0
7012	0
7013	0
7014	0
7015	0
7016	1
7017	0
7018	1
7019	1
7020	3
7021	0
7022	0
7023	0
7024	0
7025	0
7026	0
7027	0
7028	0
7029	0
7030	0
7031	1
7032	2
7033	0
7034	0
7035	0
7036	0
7037	1
7038	0
7039	0
7040	0
7041	3
7042	0
7043	1
7044	0
7045	1
7046	0
7047	0
7048	0
7049	0
7050	0
7051	0
7052	0
7053	0
7054	0
7055	1
7056	0
7057	0
7058	0
7059	0
7060	0
7061	0
7062	0
7063	0
7064	0
7065	2
7066	1
7067	0
7068	0
7069	1
7070	0
7071	2
7072	0
7073	0
7074	1
7075	0
7076	0
7077	0
7078	0
7079	1
7080	0
7081	0
7082	1
7083	0
7084	0
7085	0
7086	0
7087	0
7088	0
7089	1
7090	0
7091	0
7092	2
7093	0
7094	1
7095	0
7096	0
7097	0
7098	0
7099	0
7100	1
7101	0
7102	0
7103	0
7104	0
7105	1
7106	0
7107	1
7108	0
7109	1
7110	0
7111	0
7112	1
7113	0
7114	0
7115	0
7116	2
7117	0
7118	0
7119	1
7120	1
7121	0
7122	1
7123	0
7124	1
7125	0
7126	1
7127	2
7128	0
7129	0
7130	0
7131	0
7132	0
7133	1
7134	0
7135	0
7136	1
7137	0
7138	0
7139	0
7140	2
7141	0
7142	0
7143	0
7144	0
7145	0
7146	0
7147	1
7148	1
7149	0
7150	0
7151	0
7152	0
7153	1
7154	0
7155	0
7156	0
7157	1
7158	1
7159	0
7160	0
7161	0
7162	0
7163	0
7164	0
7165	0
7166	0
7167	1
7168	0
7169	1
7170	2
7171	0
7172	0
7173	0
7174	0
7175	1
7176	1
7177	0
7178	0
7179	0
7180	1
7181	0
7182	0
7183	0
7184	0
7185	0
7186	1
7187	1
7188	0
7189	2
7190	0
7191	0
7192	0
7193	0
7194	1
7195	1
7196	1
7197	1
7198	1
7199	0
7200	0
7201	0
7202	1
7203	0
7204	1
7205	0
7206	1
7207	0
7208	0
7209	0
7210	2
7211	1
7212	0
7213	1
7214	1
7215	0
7216	1
7217	0
7218	0
7219	0
7220	0
7221	0
7222	0
7223	0
7224	0
7225	0
7226	1
7227	0
7228	0
7229	0
7230	0
7231	1
7232	1
7233	0
7234	1
7235	0
7236	0
7237	0
7238	0
7239	0
7240	1
7241	0
7242	1
7243	0
7244	1
7245	0
7246	0
7247	0
7248	0
7249	0
7250	0
7251	0
7252	0
7253	1
7254	0
7255	1
7256	0
7257	0
7258	1
7259	0
7260	0
7261	0
7262	1
7263	0
7264	0
7265	0
7266	0
7267	0
7268	0
7269	0
7270	0
7271	0
7272	0
7273	1
7274	0
7275	0
7276	0
7277	0
7278	0
7279	1
7280	0
7281	2
7282	0
7283	1
7284	0
7285	0
7286	0
7287	2
7288	0
7289	1
7290	0
7291	1
7292	1
7293	0
7294	0
7295	0
7296	0
7297	0
7298	0
7299	0
7300	0
7301	0
7302	0
7303	0
7304	0
7305	0
7306	0
7307	0
7308	1
7309	0
7310	0
7311	0
7312	0
7313	1
7314	1
7315	0
7316	0
7317	0
7318	0
7319	0
7320	0
7321	0
7322	0
7323	0
7324	0
7325	0
7326	2
7327	0
7328	0
7329	0
7330	0
7331	0
7332	0
7333	1
7334	0
7335	0
7336	0
7337	0
7338	0
7339	0
7340	2
7341	0
7342	0
7343	0
7344	0
7345	0
7346	0
7347	0
7348	0
7349	0
7350	0
7351	0
7352	0
7353	1
7354	0
7355	0
7356	0
7357	1
7358	2
7359	0
7360	0
7361	0
7362	0
7363	1
7364	1
7365	1
7366	1
7367	2
7368	0
7369	0
7370	1
7371	0
7372	1
7373	0
7374	0
7375	0
7376	0
7377	1
7378	0
7379	1
7380	0
7381	0
7382	0
7383	0
7384	0
7385	0
7386	0
7387	1
7388	0
7389	0
7390	0
7391	0
7392	0
7393	0
7394	0
7395	1
7396	0
7397	0
7398	1
7399	1
7400	0
7401	0
7402	0
7403	0
7404	0
7405	1
7406	1
7407	0
7408	0
7409	0
7410	2
7411	1
7412	0
7413	1
7414	0
7415	0
7416	0
7417	1
7418	0
7419	0
7420	2
7421	1
7422	0
7423	0
7424	0
7425	0
7426	1
7427	0
7428	0
7429	0
7430	1
7431	0
7432	2
7433	0
7434	1
7435	0
7436	1
7437	0
7438	0
7439	1
7440	0
7441	1
7442	1
7443	1
7444	0
7445	0
7446	0
7447	0
7448	0
7449	0
7450	1
7451	0
7452	0
7453	0
7454	1
7455	0
7456	0
7457	1
7458	0
7459	1
7460	0
7461	1
7462	0
7463	0
7464	1
7465	0
7466	0
7467	0
7468	0
7469	2
7470	1
7471	0
7472	0
7473	0
7474	0
7475	0
7476	0
7477	1
7478	0
7479	0
7480	0
7481	0
7482	1
7483	1
7484	0
7485	1
7486	0
7487	0
7488	0
7489	0
7490	0
7491	0
7492	0
7493	0
7494	1
7495	2
7496	0
7497	0
7498	0
7499	1
7500	0
7501	1
7502	0
7503	1
7504	3
7505	0
7506	1
7507	0
7508	2
7509	0
7510	0
7511	1
7512	0
7513	0
7514	0
7515	0
7516	0
7517	0
7518	0
7519	0
7520	1
7521	0
7522	0
7523	0
7524	0
7525	0
7526	0
7527	1
7528	1
7529	1
7530	0
7531	0
7532	0
7533	1
7534	0
7535	1
7536	0
7537	0
7538	0
7539	1
7540	0
7541	1
7542	0
7543	0
7544	1
7545	0
7546	0
7547	0
7548	0
7549	1
7550	2
7551	0
7552	0
7553	0
7554	0
7555	1
7556	0
7557	0
7558	0
7559	2
7560	0
7561	0
7562	1
7563	0
7564	0
7565	0
7566	0
7567	0
7568	1
7569	0
7570	1
7571	1
7572	2
7573	0
7574	1
7575	0
7576	0
7577	1
7578	0
7579	0
7580	0
7581	0
7582	1
7583	1
7584	0
7585	0
7586	0
7587	0
7588	0
7589	1
7590	0
7591	0
7592	1
7593	0
7594	0
7595	0
7596	1
7597	0
7598	0
7599	0
7600	1
7601	1
7602	0
7603	0
7604	1
7605	0
7606	0
7607	0
7608	0
7609	0
7610	0
7611	0
7612	0
7613	0
7614	0
7615	0
7616	1
7617	0
7618	0
7619	0
7620	1
7621	0
7622	0
7623	0
7624	1
7625	0
7626	0
7627	1
7628	0
7629	0
7630	0
7631	0
7632	0
7633	1
7634	0
7635	0
7636	0
7637	1
7638	0
7639	1
7640	0
7641	0
7642	1
7643	0
7644	0
7645	0
7646	1
7647	0
7648	0
7649	0
7650	1
7651	0
7652	0
7653	0
7654	0
7655	0
7656	0
7657	0
7658	0
7659	0
7660	0
7661	0
7662	1
7663	1
7664	0
7665	0
7666	0
7667	0
7668	0
7669	0
7670	0
7671	0
7672	1
7673	0
7674	0
7675	0
7676	1
7677	0
7678	0
7679	0
7680	0
7681	1
7682	2
7683	1
7684	1
7685	1
7686	1
7687	0
7688	0
7689	1
7690	0
7691	0
7692	1
7693	0
7694	0
7695	0
7696	0
7697	0
7698	0
7699	0
7700	0
7701	0
7702	1
7703	0
7704	1
7705	1
7706	0
7707	0
7708	0
7709	0
7710	0
7711	0
7712	1
7713	0
7714	0
7715	1
7716	0
7717	0
7718	0
7719	0
7720	1
7721	1
7722	1
7723	0
7724	0
7725	0
7726	1
7727	0
7728	0
7729	0
7730	0
7731	1
7732	0
7733	1
7734	0
7735	1
7736	1
7737	0
7738	1
7739	1
7740	1
7741	0
7742	0
7743	0
7744	0
7745	0
7746	0
7747	0
7748	0
7749	0
7750	0
7751	0
7752	0
7753	0
7754	0
7755	1
7756	2
7757	0
7758	0
7759	0
7760	1
7761	0
7762	0
7763	0
7764	2
7765	0
7766	0
7767	2
7768	0
7769	0
7770	0
7771	1
7772	0
7773	0
7774	0
7775	0
7776	0
7777	0
7778	0
7779	0
7780	0
7781	1
7782	0
7783	0
7784	0
7785	0
7786	0
7787	0
7788	1
7789	0
7790	0
7791	0
7792	0
7793	0
7794	0
7795	0
7796	1
7797	1
7798	0
7799	0
7800	0
7801	1
7802	0
7803	0
7804	1
7805	0
7806	0
7807	0
7808	0
7809	0
7810	0
7811	0
7812	0
7813	0
7814	0
7815	0
7816	1
7817	0
7818	0
7819	0
7820	0
7821	0
7822	0
7823	0
7824	0
7825	0
7826	0
7827	0
7828	0
7829	0
7830	0
7831	0
7832	0
7833	1
7834	1
7835	0
7836	0
7837	0
7838	0
7839	0
7840	0
7841	0
7842	0
7843	0
7844	1
7845	0
7846	1
7847	0
7848	0
7849	0
7850	1
7851	0
7852	0
7853	1
7854	0
7855	0
7856	1
7857	1
7858	0
7859	0
7860	0
7861	0
7862	1
7863	0
7864	0
7865	0
7866	0
7867	1
7868	1
7869	2
7870	0
7871	0
7872	0
7873	0
7874	1
7875	0
7876	1
7877	2
7878	1
7879	0
7880	0
7881	0
7882	0
7883	1
7884	0
7885	0
7886	0
7887	0
7888	0
7889	0
7890	0
7891	0
7892	0
7893	0
7894	0
7895	0
7896	0
7897	1
7898	0
7899	0
7900	0
7901	0
7902	0
7903	1
7904	1
7905	1
7906	0
7907	1
7908	0
7909	0
7910	0
7911	0
7912	0
7913	0
7914	1
7915	0
7916	0
7917	2
7918	0
7919	0
7920	0
7921	0
7922	2
7923	0
7924	0
7925	0
7926	0
7927	0
7928	0
7929	0
7930	1
7931	0
7932	0
7933	0
7934	1
7935	0
7936	0
7937	0
7938	0
7939	0
7940	0
7941	0
7942	0
7943	0
7944	0
7945	0
7946	0
7947	0
7948	0
7949	1
7950	0
7951	1
7952	0
7953	0
7954	1
7955	0
7956	0
7957	1
7958	0
7959	0
7960	0
7961	0
7962	0
7963	0
7964	0
7965	0
7966	2
7967	1
7968	0
7969	0
7970	0
7971	1
7972	0
7973	0
7974	0
7975	1
7976	0
7977	1
7978	1
7979	0
7980	0
7981	0
7982	0
7983	0
7984	1
7985	1
7986	1
7987	1
7988	0
7989	1
7990	0
7991	0
7992	0
7993	1
7994	0
7995	0
7996	0
7997	1
7998	0
7999	0
8000	0
8001	0
8002	1
8003	1
8004	0
8005	1
8006	0
8007	0
8008	1
8009	0
8010	0
8011	0
8012	0
8013	0
8014	1
8015	0
8016	0
8017	0
8018	1
8019	0
8020	0
8021	1
8022	0
8023	0
8024	0
8025	0
8026	0
8027	0
8028	0
8029	0
8030	0
8031	0
8032	0
8033	0
8034	0
8035	1
8036	0
8037	1
8038	0
8039	0
8040	1
8041	0
8042	0
8043	1
8044	0
8045	0
8046	0
8047	1
8048	0
8049	0
8050	0
8051	0
8052	0
8053	0
8054	0
8055	0
8056	1
8057	0
8058	0
8059	0
8060	0
8061	0
8062	0
8063	0
8064	0
8065	0
8066	0
8067	0
8068	0
8069	0
8070	0
8071	1
8072	0
8073	0
8074	0
8075	0
8076	0
8077	0
8078	0
8079	0
8080	0
8081	0
8082	0
8083	0
8084	0
8085	0
8086	0
8087	0
8088	0
8089	0
8090	0
8091	0
8092	0
8093	0
8094	0
8095	0
8096	0
8097	0
8098	0
8099	0
8100	0
8101	0
8102	0
8103	0
8104	0
8105	0
8106	0
8107	0
8108	0
8109	0
8110	0
8111	0
8112	0
8113	0
8114	0
8115	0
8116	0
8117	0
8118	0
8119	0
8120	0
8121	0
8122	0
8123	0
8124	0
8125	0
8126	0
8127	0
8128	0
8129	0
8130	0
8131	0
8132	0
8133	0
8134	0
8135	0
8136	0
8137	0
8138	0
8139	0
8140	0
8141	0
8142	0
8143	0
8144	0
8145	0
8146	0
8147	0
8148	0
8149	0
8150	0
8151	0
8152	0
8153	0
8154	0
8155	0
8156	0
8157	0
8158	0
8159	0
8160	0
8161	0
8162	0
8163	0
8164	0
8165	0
8166	0
8167	0
8168	0
8169	0
8170	0
8171	0
8172	0
8173	0
8174	0
8175	0
8176	0
8177	0
8178	0
8179	0
8180	0
8181	0
8182	0
8183	0
8184	0
8185	0
8186	0
8187	0
8188	0
8189	0
8190	0
8191	0
