0	0
1	0
2	0
3	0
4	0
5	0
6	0
7	0
8	0
9	0
10	0
11	0
12	0
13	0
14	0
15	0
16	0
17	0
18	0
19	0
20	0
21	0
22	0
23	0
24	0
25	0
26	0
27	0
28	0
29	0
30	0
31	0
32	0
33	0
34	0
35	0
36	0
37	0
38	0
39	0
40	0
41	0
42	0
43	0
44	0
45	0
46	0
47	0
48	0
49	0
50	0
51	0
52	0
53	0
54	0
55	0
56	0
57	0
58	0
59	0
60	0
61	0
62	0
63	0
64	0
65	0
66	0
67	0
68	0
69	0
70	0
71	0
72	0
73	0
74	0
75	0
76	0
77	0
78	0
79	0
80	0
81	0
82	0
83	0
84	0
85	1
86	5
87	9
88	15
89	16
90	12
91	21
92	13
93	12
94	13
95	16
96	12
97	9
98	17
99	14
100	16
101	18
102	13
103	15
104	7
105	11
106	15
107	10
108	14
109	10
110	12
111	12
112	9
113	9
114	10
115	14
116	15
117	14
118	18
119	3
120	8
121	8
122	11
123	7
124	17
125	17
126	12
127	10
128	5
129	14
130	9
131	14
132	15
133	14
134	9
135	21
136	14
137	14
138	11
139	12
140	11
141	11
142	16
143	15
144	13
145	13
146	8
147	15
148	10
149	10
150	9
151	11
152	15
153	14
154	9
155	16
156	7
157	11
158	12
159	13
160	24
161	14
162	16
163	14
164	9
165	16
166	13
167	9
168	7
169	13
170	17
171	19
172	10
173	10
174	6
175	17
176	19
177	15
178	12
179	13
180	11
181	12
182	17
183	10
184	19
185	15
186	9
187	8
188	15
189	12
190	15
191	18
192	17
193	14
194	10
195	8
196	11
197	11
198	22
199	13
200	14
201	18
202	12
203	23
204	10
205	15
206	11
207	10
208	14
209	12
210	9
211	15
212	13
213	12
214	13
215	14
216	17
217	14
218	16
219	16
220	14
221	11
222	14
223	16
224	8
225	20
226	9
227	16
228	17
229	17
230	11
231	11
232	14
233	17
234	21
235	14
236	16
237	18
238	14
239	10
240	21
241	11
242	7
243	18
244	15
245	11
246	14
247	15
248	14
249	10
250	16
251	14
252	15
253	16
254	11
255	11
256	14
257	9
258	7
259	16
260	13
261	13
262	14
263	12
264	10
265	23
266	12
267	15
268	17
269	12
270	12
271	19
272	12
273	9
274	15
275	9
276	17
277	13
278	18
279	16
280	12
281	12
282	16
283	13
284	15
285	11
286	7
287	10
288	24
289	12
290	15
291	19
292	11
293	18
294	11
295	11
296	12
297	18
298	14
299	18
300	19
301	15
302	17
303	17
304	15
305	15
306	15
307	10
308	13
309	12
310	13
311	13
312	19
313	12
314	12
315	10
316	17
317	22
318	11
319	13
320	25
321	9
322	17
323	12
324	17
325	14
326	19
327	10
328	19
329	9
330	13
331	16
332	16
333	15
334	9
335	19
336	18
337	11
338	18
339	12
340	15
341	18
342	12
343	12
344	23
345	18
346	18
347	13
348	13
349	13
350	18
351	14
352	21
353	13
354	17
355	20
356	16
357	21
358	21
359	12
360	17
361	14
362	16
363	8
364	17
365	18
366	11
367	11
368	14
369	18
370	19
371	19
372	19
373	16
374	16
375	17
376	22
377	14
378	15
379	16
380	11
381	16
382	9
383	14
384	18
385	17
386	27
387	13
388	13
389	15
390	19
391	14
392	13
393	14
394	17
395	12
396	15
397	13
398	15
399	17
400	16
401	9
402	16
403	19
404	14
405	16
406	16
407	19
408	17
409	13
410	13
411	13
412	16
413	9
414	12
415	16
416	14
417	16
418	11
419	10
420	12
421	13
422	10
423	21
424	17
425	15
426	23
427	26
428	12
429	21
430	12
431	13
432	17
433	20
434	9
435	16
436	17
437	10
438	16
439	19
440	17
441	18
442	19
443	22
444	13
445	19
446	17
447	15
448	25
449	18
450	19
451	14
452	15
453	16
454	11
455	19
456	12
457	16
458	21
459	19
460	17
461	18
462	16
463	21
464	18
465	15
466	19
467	16
468	21
469	13
470	12
471	13
472	12
473	13
474	13
475	24
476	9
477	10
478	13
479	21
480	24
481	19
482	22
483	7
484	19
485	14
486	17
487	8
488	4
489	16
490	11
491	18
492	13
493	13
494	13
495	15
496	22
497	14
498	15
499	21
500	25
501	8
502	16
503	25
504	22
505	18
506	12
507	21
508	16
509	21
510	10
511	19
512	16
513	17
514	24
515	19
516	19
517	13
518	13
519	17
520	18
521	18
522	12
523	12
524	21
525	26
526	26
527	17
528	16
529	22
530	14
531	17
532	17
533	10
534	12
535	16
536	28
537	24
538	16
539	17
540	16
541	23
542	24
543	23
544	18
545	19
546	31
547	20
548	27
549	25
550	18
551	28
552	17
553	26
554	18
555	22
556	15
557	26
558	19
559	27
560	22
561	18
562	23
563	24
564	27
565	30
566	20
567	29
568	27
569	32
570	26
571	32
572	15
573	25
574	30
575	27
576	20
577	19
578	16
579	27
580	26
581	20
582	19
583	24
584	24
585	25
586	23
587	21
588	21
589	30
590	30
591	23
592	24
593	19
594	18
595	24
596	19
597	19
598	27
599	26
600	33
601	22
602	31
603	20
604	34
605	27
606	27
607	26
608	24
609	31
610	24
611	30
612	17
613	29
614	27
615	24
616	19
617	25
618	23
619	31
620	38
621	34
622	27
623	25
624	32
625	27
626	26
627	19
628	32
629	38
630	26
631	28
632	22
633	27
634	23
635	28
636	28
637	30
638	22
639	20
640	29
641	31
642	30
643	23
644	14
645	23
646	29
647	23
648	19
649	23
650	20
651	18
652	23
653	34
654	23
655	24
656	22
657	13
658	25
659	19
660	17
661	17
662	20
663	24
664	16
665	30
666	31
667	17
668	22
669	25
670	18
671	25
672	28
673	17
674	14
675	17
676	23
677	23
678	22
679	16
680	26
681	21
682	30
683	18
684	39
685	27
686	24
687	21
688	25
689	22
690	19
691	18
692	19
693	22
694	25
695	33
696	21
697	21
698	17
699	22
700	16
701	17
702	23
703	24
704	22
705	26
706	23
707	20
708	27
709	23
710	20
711	20
712	17
713	24
714	24
715	34
716	21
717	20
718	25
719	31
720	19
721	16
722	22
723	22
724	16
725	22
726	25
727	32
728	16
729	13
730	19
731	16
732	15
733	19
734	20
735	25
736	22
737	13
738	18
739	15
740	21
741	12
742	25
743	22
744	25
745	15
746	25
747	21
748	23
749	13
750	14
751	23
752	15
753	20
754	24
755	28
756	12
757	19
758	21
759	29
760	22
761	18
762	25
763	13
764	19
765	28
766	17
767	14
768	18
769	9
770	20
771	23
772	23
773	14
774	25
775	26
776	27
777	22
778	25
779	18
780	27
781	20
782	14
783	19
784	24
785	32
786	19
787	31
788	19
789	20
790	24
791	16
792	17
793	20
794	23
795	17
796	31
797	15
798	24
799	20
800	19
801	21
802	23
803	17
804	22
805	21
806	24
807	18
808	19
809	27
810	39
811	17
812	24
813	22
814	31
815	32
816	20
817	15
818	26
819	28
820	16
821	24
822	27
823	21
824	20
825	25
826	16
827	21
828	15
829	22
830	23
831	22
832	23
833	24
834	16
835	22
836	20
837	23
838	21
839	19
840	12
841	25
842	34
843	32
844	20
845	25
846	30
847	28
848	31
849	20
850	32
851	23
852	21
853	27
854	24
855	25
856	20
857	23
858	22
859	21
860	23
861	29
862	31
863	24
864	16
865	24
866	24
867	24
868	20
869	34
870	26
871	28
872	19
873	13
874	30
875	13
876	30
877	30
878	16
879	25
880	31
881	33
882	20
883	26
884	26
885	18
886	22
887	22
888	25
889	27
890	30
891	26
892	26
893	29
894	28
895	26
896	28
897	23
898	21
899	24
900	27
901	29
902	33
903	25
904	37
905	22
906	22
907	19
908	18
909	29
910	28
911	21
912	26
913	18
914	31
915	21
916	13
917	33
918	31
919	20
920	28
921	19
922	31
923	21
924	25
925	23
926	21
927	30
928	18
929	19
930	21
931	27
932	22
933	23
934	25
935	23
936	19
937	18
938	25
939	18
940	27
941	26
942	23
943	26
944	14
945	25
946	34
947	41
948	27
949	29
950	32
951	24
952	26
953	17
954	24
955	27
956	21
957	20
958	25
959	24
960	24
961	25
962	28
963	30
964	25
965	20
966	20
967	26
968	30
969	29
970	27
971	28
972	31
973	14
974	31
975	33
976	18
977	24
978	23
979	20
980	24
981	30
982	30
983	29
984	25
985	35
986	20
987	27
988	24
989	28
990	30
991	33
992	25
993	29
994	23
995	25
996	32
997	19
998	25
999	21
1000	24
1001	27
1002	24
1003	32
1004	27
1005	27
1006	28
1007	29
1008	30
1009	33
1010	34
1011	34
1012	28
1013	28
1014	29
1015	23
1016	27
1017	25
1018	27
1019	40
1020	18
1021	23
1022	27
1023	19
1024	26
1025	21
1026	27
1027	27
1028	24
1029	30
1030	31
1031	32
1032	38
1033	34
1034	25
1035	30
1036	24
1037	25
1038	24
1039	36
1040	24
1041	24
1042	30
1043	32
1044	24
1045	29
1046	30
1047	21
1048	32
1049	37
1050	25
1051	24
1052	37
1053	28
1054	23
1055	29
1056	33
1057	20
1058	34
1059	32
1060	30
1061	28
1062	38
1063	28
1064	34
1065	27
1066	23
1067	32
1068	32
1069	23
1070	30
1071	33
1072	31
1073	30
1074	21
1075	20
1076	32
1077	24
1078	32
1079	34
1080	31
1081	37
1082	34
1083	30
1084	30
1085	24
1086	26
1087	28
1088	33
1089	25
1090	27
1091	30
1092	23
1093	36
1094	33
1095	29
1096	35
1097	30
1098	25
1099	32
1100	19
1101	29
1102	22
1103	26
1104	26
1105	29
1106	20
1107	25
1108	23
1109	31
1110	20
1111	32
1112	29
1113	25
1114	28
1115	24
1116	31
1117	39
1118	46
1119	29
1120	27
1121	30
1122	28
1123	25
1124	42
1125	31
1126	35
1127	28
1128	27
1129	30
1130	30
1131	34
1132	25
1133	17
1134	31
1135	23
1136	23
1137	24
1138	24
1139	27
1140	21
1141	31
1142	26
1143	25
1144	35
1145	31
1146	34
1147	37
1148	38
1149	39
1150	20
1151	36
1152	33
1153	27
1154	24
1155	41
1156	27
1157	31
1158	16
1159	30
1160	21
1161	41
1162	31
1163	29
1164	25
1165	23
1166	29
1167	30
1168	26
1169	34
1170	26
1171	37
1172	33
1173	25
1174	32
1175	30
1176	17
1177	36
1178	32
1179	30
1180	41
1181	32
1182	24
1183	32
1184	30
1185	36
1186	22
1187	35
1188	31
1189	44
1190	28
1191	29
1192	40
1193	30
1194	17
1195	21
1196	33
1197	38
1198	26
1199	23
1200	24
1201	41
1202	30
1203	28
1204	34
1205	32
1206	37
1207	44
1208	37
1209	33
1210	33
1211	31
1212	37
1213	31
1214	24
1215	23
1216	31
1217	26
1218	29
1219	32
1220	35
1221	20
1222	27
1223	34
1224	35
1225	25
1226	30
1227	29
1228	36
1229	33
1230	31
1231	31
1232	25
1233	27
1234	29
1235	29
1236	36
1237	28
1238	40
1239	29
1240	30
1241	28
1242	29
1243	43
1244	29
1245	32
1246	22
1247	32
1248	30
1249	28
1250	28
1251	32
1252	22
1253	28
1254	30
1255	24
1256	26
1257	33
1258	33
1259	25
1260	38
1261	33
1262	28
1263	30
1264	28
1265	34
1266	32
1267	37
1268	45
1269	34
1270	32
1271	40
1272	33
1273	32
1274	44
1275	31
1276	31
1277	33
1278	34
1279	32
1280	40
1281	31
1282	33
1283	36
1284	30
1285	39
1286	34
1287	29
1288	26
1289	34
1290	34
1291	32
1292	30
1293	31
1294	40
1295	31
1296	38
1297	45
1298	41
1299	22
1300	32
1301	30
1302	26
1303	30
1304	31
1305	43
1306	41
1307	28
1308	39
1309	32
1310	42
1311	41
1312	42
1313	30
1314	35
1315	24
1316	34
1317	16
1318	30
1319	23
1320	33
1321	30
1322	26
1323	34
1324	41
1325	43
1326	24
1327	41
1328	33
1329	35
1330	38
1331	25
1332	32
1333	24
1334	40
1335	34
1336	27
1337	30
1338	32
1339	34
1340	26
1341	43
1342	23
1343	26
1344	25
1345	27
1346	36
1347	28
1348	27
1349	24
1350	34
1351	35
1352	37
1353	36
1354	35
1355	36
1356	35
1357	34
1358	29
1359	32
1360	30
1361	34
1362	31
1363	49
1364	24
1365	31
1366	32
1367	39
1368	43
1369	26
1370	22
1371	40
1372	37
1373	40
1374	36
1375	25
1376	44
1377	29
1378	37
1379	27
1380	35
1381	29
1382	34
1383	38
1384	34
1385	29
1386	41
1387	43
1388	33
1389	21
1390	27
1391	28
1392	35
1393	37
1394	36
1395	45
1396	28
1397	34
1398	32
1399	30
1400	30
1401	30
1402	39
1403	35
1404	38
1405	24
1406	34
1407	36
1408	35
1409	30
1410	46
1411	31
1412	27
1413	33
1414	34
1415	25
1416	33
1417	39
1418	31
1419	34
1420	42
1421	31
1422	31
1423	25
1424	30
1425	27
1426	30
1427	21
1428	36
1429	31
1430	32
1431	28
1432	37
1433	29
1434	38
1435	31
1436	35
1437	36
1438	35
1439	36
1440	33
1441	28
1442	28
1443	40
1444	29
1445	36
1446	37
1447	26
1448	43
1449	34
1450	44
1451	36
1452	34
1453	41
1454	31
1455	34
1456	32
1457	27
1458	34
1459	32
1460	31
1461	39
1462	38
1463	35
1464	29
1465	39
1466	29
1467	35
1468	30
1469	30
1470	29
1471	29
1472	29
1473	36
1474	29
1475	28
1476	35
1477	40
1478	35
1479	24
1480	32
1481	38
1482	36
1483	36
1484	29
1485	23
1486	20
1487	26
1488	29
1489	39
1490	30
1491	38
1492	35
1493	33
1494	36
1495	34
1496	28
1497	25
1498	25
1499	26
1500	25
1501	41
1502	29
1503	23
1504	33
1505	28
1506	39
1507	33
1508	39
1509	40
1510	32
1511	32
1512	32
1513	31
1514	29
1515	33
1516	30
1517	32
1518	29
1519	29
1520	24
1521	23
1522	39
1523	34
1524	35
1525	24
1526	22
1527	25
1528	33
1529	21
1530	37
1531	37
1532	38
1533	27
1534	21
1535	33
1536	32
1537	47
1538	39
1539	30
1540	29
1541	39
1542	40
1543	17
1544	34
1545	38
1546	33
1547	36
1548	30
1549	29
1550	31
1551	36
1552	36
1553	27
1554	32
1555	32
1556	25
1557	29
1558	29
1559	34
1560	22
1561	36
1562	28
1563	39
1564	42
1565	30
1566	34
1567	30
1568	36
1569	30
1570	41
1571	36
1572	46
1573	35
1574	45
1575	30
1576	21
1577	29
1578	34
1579	33
1580	40
1581	24
1582	35
1583	22
1584	35
1585	34
1586	34
1587	22
1588	26
1589	29
1590	29
1591	25
1592	33
1593	35
1594	24
1595	32
1596	27
1597	34
1598	26
1599	22
1600	24
1601	23
1602	42
1603	29
1604	27
1605	34
1606	34
1607	36
1608	39
1609	22
1610	27
1611	38
1612	37
1613	28
1614	32
1615	40
1616	16
1617	21
1618	31
1619	29
1620	24
1621	32
1622	41
1623	24
1624	25
1625	21
1626	30
1627	26
1628	32
1629	44
1630	15
1631	31
1632	28
1633	26
1634	29
1635	27
1636	28
1637	25
1638	26
1639	16
1640	29
1641	26
1642	28
1643	26
1644	34
1645	36
1646	34
1647	26
1648	18
1649	34
1650	39
1651	29
1652	31
1653	32
1654	21
1655	22
1656	37
1657	23
1658	38
1659	24
1660	29
1661	22
1662	27
1663	29
1664	25
1665	40
1666	30
1667	35
1668	25
1669	30
1670	32
1671	30
1672	27
1673	28
1674	38
1675	28
1676	26
1677	22
1678	23
1679	35
1680	27
1681	34
1682	29
1683	34
1684	19
1685	27
1686	26
1687	23
1688	30
1689	37
1690	31
1691	35
1692	31
1693	24
1694	32
1695	25
1696	18
1697	23
1698	33
1699	30
1700	33
1701	31
1702	29
1703	22
1704	27
1705	25
1706	30
1707	25
1708	19
1709	37
1710	39
1711	33
1712	38
1713	25
1714	29
1715	27
1716	30
1717	23
1718	32
1719	20
1720	23
1721	24
1722	18
1723	31
1724	27
1725	30
1726	26
1727	31
1728	32
1729	24
1730	27
1731	27
1732	33
1733	43
1734	28
1735	21
1736	20
1737	29
1738	34
1739	23
1740	29
1741	34
1742	40
1743	28
1744	25
1745	27
1746	28
1747	31
1748	23
1749	24
1750	27
1751	31
1752	26
1753	25
1754	21
1755	28
1756	19
1757	32
1758	31
1759	20
1760	21
1761	26
1762	24
1763	30
1764	26
1765	35
1766	26
1767	22
1768	19
1769	27
1770	34
1771	36
1772	36
1773	20
1774	37
1775	28
1776	25
1777	25
1778	21
1779	21
1780	25
1781	31
1782	27
1783	29
1784	18
1785	26
1786	39
1787	26
1788	21
1789	21
1790	27
1791	28
1792	27
1793	30
1794	30
1795	19
1796	22
1797	28
1798	19
1799	26
1800	25
1801	30
1802	22
1803	28
1804	22
1805	33
1806	38
1807	24
1808	25
1809	17
1810	26
1811	31
1812	20
1813	22
1814	24
1815	27
1816	27
1817	29
1818	32
1819	19
1820	27
1821	21
1822	32
1823	35
1824	36
1825	26
1826	21
1827	29
1828	24
1829	28
1830	22
1831	26
1832	21
1833	32
1834	20
1835	12
1836	29
1837	31
1838	26
1839	18
1840	28
1841	21
1842	23
1843	22
1844	22
1845	30
1846	16
1847	27
1848	28
1849	29
1850	21
1851	18
1852	21
1853	26
1854	24
1855	26
1856	24
1857	24
1858	28
1859	22
1860	27
1861	20
1862	25
1863	21
1864	21
1865	22
1866	28
1867	29
1868	33
1869	32
1870	25
1871	34
1872	23
1873	15
1874	25
1875	15
1876	18
1877	24
1878	21
1879	22
1880	32
1881	24
1882	25
1883	18
1884	26
1885	17
1886	23
1887	18
1888	21
1889	26
1890	25
1891	23
1892	18
1893	28
1894	21
1895	33
1896	27
1897	18
1898	26
1899	23
1900	20
1901	21
1902	18
1903	25
1904	24
1905	37
1906	16
1907	32
1908	28
1909	27
1910	28
1911	25
1912	31
1913	26
1914	32
1915	32
1916	19
1917	23
1918	29
1919	21
1920	22
1921	15
1922	18
1923	35
1924	21
1925	15
1926	17
1927	23
1928	23
1929	26
1930	19
1931	24
1932	26
1933	25
1934	27
1935	19
1936	23
1937	29
1938	24
1939	21
1940	26
1941	20
1942	18
1943	13
1944	30
1945	22
1946	18
1947	27
1948	39
1949	18
1950	28
1951	14
1952	23
1953	19
1954	19
1955	9
1956	24
1957	16
1958	25
1959	22
1960	26
1961	14
1962	27
1963	17
1964	20
1965	18
1966	30
1967	19
1968	19
1969	22
1970	24
1971	27
1972	23
1973	26
1974	21
1975	33
1976	19
1977	18
1978	21
1979	15
1980	27
1981	35
1982	23
1983	28
1984	27
1985	24
1986	21
1987	20
1988	25
1989	22
1990	28
1991	19
1992	32
1993	22
1994	14
1995	30
1996	31
1997	30
1998	23
1999	38
2000	18
2001	17
2002	20
2003	17
2004	24
2005	21
2006	23
2007	23
2008	27
2009	16
2010	31
2011	25
2012	24
2013	18
2014	16
2015	28
2016	23
2017	31
2018	27
2019	25
2020	26
2021	30
2022	22
2023	20
2024	26
2025	30
2026	32
2027	24
2028	28
2029	22
2030	30
2031	16
2032	29
2033	20
2034	23
2035	20
2036	25
2037	27
2038	18
2039	33
2040	19
2041	25
2042	20
2043	19
2044	21
2045	18
2046	18
2047	27
2048	25
2049	21
2050	25
2051	23
2052	28
2053	31
2054	20
2055	24
2056	21
2057	18
2058	22
2059	23
2060	13
2061	22
2062	20
2063	20
2064	20
2065	21
2066	28
2067	27
2068	16
2069	20
2070	20
2071	19
2072	16
2073	28
2074	24
2075	12
2076	17
2077	25
2078	22
2079	22
2080	21
2081	27
2082	25
2083	24
2084	30
2085	19
2086	15
2087	28
2088	23
2089	15
2090	25
2091	22
2092	16
2093	17
2094	18
2095	27
2096	29
2097	23
2098	22
2099	18
2100	24
2101	21
2102	24
2103	26
2104	16
2105	14
2106	19
2107	23
2108	21
2109	16
2110	20
2111	18
2112	27
2113	25
2114	17
2115	18
2116	27
2117	14
2118	22
2119	23
2120	28
2121	18
2122	14
2123	20
2124	22
2125	20
2126	21
2127	24
2128	27
2129	20
2130	24
2131	23
2132	21
2133	24
2134	18
2135	17
2136	26
2137	19
2138	19
2139	27
2140	28
2141	18
2142	23
2143	25
2144	26
2145	20
2146	22
2147	21
2148	21
2149	19
2150	19
2151	20
2152	23
2153	31
2154	24
2155	12
2156	20
2157	27
2158	31
2159	20
2160	20
2161	23
2162	26
2163	17
2164	28
2165	31
2166	20
2167	21
2168	23
2169	22
2170	21
2171	36
2172	22
2173	18
2174	23
2175	19
2176	19
2177	23
2178	22
2179	24
2180	15
2181	23
2182	29
2183	26
2184	20
2185	19
2186	19
2187	27
2188	30
2189	22
2190	16
2191	18
2192	24
2193	32
2194	16
2195	19
2196	22
2197	24
2198	21
2199	18
2200	27
2201	16
2202	21
2203	22
2204	22
2205	24
2206	24
2207	13
2208	26
2209	19
2210	11
2211	20
2212	31
2213	22
2214	17
2215	22
2216	20
2217	34
2218	9
2219	12
2220	19
2221	14
2222	17
2223	16
2224	17
2225	18
2226	13
2227	22
2228	20
2229	20
2230	22
2231	20
2232	18
2233	18
2234	18
2235	23
2236	29
2237	15
2238	21
2239	19
2240	15
2241	20
2242	28
2243	25
2244	16
2245	16
2246	15
2247	35
2248	20
2249	13
2250	27
2251	14
2252	20
2253	14
2254	11
2255	31
2256	22
2257	19
2258	14
2259	17
2260	15
2261	22
2262	31
2263	18
2264	16
2265	32
2266	21
2267	23
2268	18
2269	16
2270	23
2271	18
2272	19
2273	27
2274	20
2275	12
2276	24
2277	21
2278	18
2279	20
2280	22
2281	23
2282	22
2283	19
2284	19
2285	22
2286	20
2287	16
2288	19
2289	20
2290	14
2291	14
2292	20
2293	16
2294	18
2295	17
2296	20
2297	20
2298	18
2299	25
2300	21
2301	27
2302	23
2303	18
2304	20
2305	21
2306	21
2307	20
2308	20
2309	11
2310	18
2311	19
2312	21
2313	27
2314	21
2315	24
2316	29
2317	17
2318	22
2319	19
2320	18
2321	19
2322	28
2323	25
2324	30
2325	17
2326	19
2327	20
2328	26
2329	21
2330	22
2331	22
2332	19
2333	21
2334	25
2335	23
2336	28
2337	22
2338	27
2339	14
2340	18
2341	18
2342	22
2343	29
2344	10
2345	18
2346	20
2347	18
2348	24
2349	20
2350	21
2351	20
2352	17
2353	32
2354	21
2355	19
2356	13
2357	22
2358	18
2359	27
2360	15
2361	17
2362	11
2363	26
2364	23
2365	16
2366	22
2367	18
2368	27
2369	21
2370	11
2371	23
2372	26
2373	18
2374	21
2375	27
2376	15
2377	14
2378	19
2379	18
2380	16
2381	19
2382	14
2383	21
2384	24
2385	15
2386	20
2387	18
2388	21
2389	17
2390	20
2391	21
2392	27
2393	20
2394	20
2395	23
2396	23
2397	21
2398	17
2399	23
2400	21
2401	26
2402	23
2403	16
2404	19
2405	23
2406	21
2407	20
2408	26
2409	20
2410	21
2411	15
2412	18
2413	20
2414	13
2415	18
2416	18
2417	22
2418	18
2419	13
2420	15
2421	27
2422	18
2423	18
2424	17
2425	22
2426	20
2427	19
2428	16
2429	17
2430	17
2431	16
2432	22
2433	24
2434	20
2435	18
2436	13
2437	15
2438	20
2439	20
2440	15
2441	13
2442	16
2443	27
2444	21
2445	15
2446	22
2447	15
2448	19
2449	11
2450	26
2451	23
2452	16
2453	11
2454	18
2455	23
2456	16
2457	21
2458	17
2459	23
2460	21
2461	21
2462	22
2463	15
2464	20
2465	14
2466	25
2467	15
2468	18
2469	17
2470	21
2471	20
2472	22
2473	21
2474	16
2475	20
2476	22
2477	12
2478	20
2479	24
2480	24
2481	22
2482	18
2483	21
2484	25
2485	23
2486	28
2487	25
2488	21
2489	15
2490	16
2491	24
2492	16
2493	21
2494	19
2495	24
2496	21
2497	16
2498	15
2499	18
2500	22
2501	16
2502	16
2503	23
2504	18
2505	14
2506	19
2507	18
2508	12
2509	14
2510	20
2511	20
2512	14
2513	16
2514	20
2515	23
2516	15
2517	22
2518	19
2519	15
2520	20
2521	23
2522	15
2523	20
2524	21
2525	20
2526	21
2527	20
2528	22
2529	13
2530	20
2531	24
2532	17
2533	16
2534	20
2535	21
2536	15
2537	18
2538	16
2539	13
2540	22
2541	21
2542	25
2543	18
2544	24
2545	13
2546	21
2547	21
2548	13
2549	27
2550	18
2551	18
2552	27
2553	19
2554	20
2555	19
2556	29
2557	24
2558	16
2559	17
2560	25
2561	22
2562	25
2563	21
2564	25
2565	14
2566	18
2567	18
2568	18
2569	19
2570	16
2571	19
2572	17
2573	21
2574	12
2575	19
2576	12
2577	13
2578	18
2579	14
2580	13
2581	19
2582	12
2583	23
2584	17
2585	27
2586	17
2587	15
2588	18
2589	20
2590	14
2591	27
2592	23
2593	21
2594	23
2595	19
2596	25
2597	18
2598	13
2599	17
2600	12
2601	29
2602	19
2603	13
2604	19
2605	10
2606	15
2607	18
2608	17
2609	13
2610	16
2611	10
2612	17
2613	11
2614	25
2615	18
2616	20
2617	16
2618	16
2619	18
2620	27
2621	23
2622	12
2623	16
2624	15
2625	18
2626	14
2627	17
2628	18
2629	12
2630	19
2631	19
2632	13
2633	19
2634	17
2635	23
2636	24
2637	11
2638	18
2639	15
2640	18
2641	21
2642	28
2643	13
2644	13
2645	21
2646	20
2647	17
2648	16
2649	15
2650	26
2651	18
2652	20
2653	17
2654	14
2655	20
2656	13
2657	23
2658	18
2659	20
2660	16
2661	20
2662	14
2663	20
2664	26
2665	16
2666	14
2667	13
2668	15
2669	21
2670	22
2671	20
2672	21
2673	11
2674	15
2675	20
2676	16
2677	23
2678	19
2679	20
2680	18
2681	15
2682	18
2683	18
2684	18
2685	28
2686	14
2687	18
2688	16
2689	19
2690	11
2691	20
2692	19
2693	19
2694	21
2695	25
2696	18
2697	19
2698	23
2699	16
2700	15
2701	21
2702	14
2703	16
2704	13
2705	16
2706	17
2707	17
2708	22
2709	17
2710	15
2711	22
2712	6
2713	19
2714	22
2715	13
2716	19
2717	12
2718	14
2719	16
2720	15
2721	22
2722	32
2723	11
2724	15
2725	18
2726	21
2727	16
2728	24
2729	14
2730	19
2731	13
2732	23
2733	17
2734	23
2735	18
2736	24
2737	15
2738	15
2739	28
2740	16
2741	19
2742	15
2743	9
2744	16
2745	24
2746	17
2747	21
2748	19
2749	12
2750	22
2751	13
2752	23
2753	14
2754	17
2755	14
2756	16
2757	19
2758	14
2759	24
2760	15
2761	20
2762	18
2763	20
2764	15
2765	24
2766	15
2767	25
2768	17
2769	12
2770	14
2771	17
2772	19
2773	12
2774	18
2775	15
2776	19
2777	14
2778	15
2779	13
2780	22
2781	18
2782	14
2783	17
2784	25
2785	21
2786	19
2787	21
2788	21
2789	18
2790	18
2791	10
2792	11
2793	16
2794	15
2795	14
2796	20
2797	17
2798	18
2799	8
2800	19
2801	20
2802	17
2803	13
2804	12
2805	21
2806	25
2807	19
2808	14
2809	21
2810	18
2811	14
2812	20
2813	21
2814	22
2815	23
2816	22
2817	14
2818	25
2819	16
2820	17
2821	17
2822	26
2823	15
2824	17
2825	18
2826	23
2827	13
2828	19
2829	16
2830	15
2831	25
2832	5
2833	17
2834	29
2835	10
2836	10
2837	13
2838	13
2839	14
2840	15
2841	14
2842	15
2843	19
2844	26
2845	13
2846	19
2847	23
2848	20
2849	14
2850	19
2851	13
2852	17
2853	16
2854	23
2855	21
2856	16
2857	13
2858	20
2859	13
2860	23
2861	19
2862	21
2863	22
2864	14
2865	10
2866	23
2867	17
2868	14
2869	16
2870	16
2871	19
2872	13
2873	17
2874	25
2875	12
2876	21
2877	18
2878	18
2879	23
2880	14
2881	16
2882	13
2883	20
2884	20
2885	21
2886	20
2887	11
2888	27
2889	11
2890	15
2891	20
2892	10
2893	23
2894	20
2895	13
2896	24
2897	31
2898	18
2899	21
2900	19
2901	12
2902	22
2903	21
2904	17
2905	16
2906	18
2907	18
2908	12
2909	6
2910	22
2911	14
2912	13
2913	20
2914	15
2915	22
2916	21
2917	21
2918	19
2919	10
2920	20
2921	19
2922	20
2923	15
2924	13
2925	23
2926	18
2927	13
2928	14
2929	19
2930	20
2931	10
2932	21
2933	15
2934	17
2935	18
2936	22
2937	15
2938	24
2939	15
2940	11
2941	17
2942	15
2943	9
2944	19
2945	16
2946	14
2947	19
2948	15
2949	13
2950	13
2951	18
2952	20
2953	16
2954	15
2955	15
2956	20
2957	16
2958	20
2959	17
2960	11
2961	18
2962	22
2963	13
2964	12
2965	15
2966	16
2967	18
2968	18
2969	21
2970	25
2971	14
2972	18
2973	22
2974	21
2975	13
2976	20
2977	17
2978	17
2979	16
2980	17
2981	13
2982	15
2983	15
2984	12
2985	12
2986	15
2987	13
2988	16
2989	19
2990	21
2991	12
2992	14
2993	22
2994	17
2995	13
2996	14
2997	15
2998	18
2999	16
3000	16
3001	17
3002	11
3003	23
3004	11
3005	19
3006	14
3007	10
3008	16
3009	20
3010	20
3011	22
3012	20
3013	16
3014	10
3015	18
3016	25
3017	21
3018	7
3019	16
3020	18
3021	16
3022	13
3023	21
3024	16
3025	20
3026	17
3027	16
3028	19
3029	15
3030	14
3031	17
3032	15
3033	19
3034	17
3035	11
3036	21
3037	16
3038	14
3039	13
3040	16
3041	23
3042	14
3043	10
3044	11
3045	19
3046	14
3047	17
3048	14
3049	18
3050	15
3051	12
3052	20
3053	14
3054	14
3055	18
3056	15
3057	17
3058	13
3059	19
3060	21
3061	17
3062	23
3063	20
3064	14
3065	18
3066	16
3067	12
3068	16
3069	20
3070	15
3071	8
3072	16
3073	22
3074	14
3075	14
3076	11
3077	11
3078	16
3079	7
3080	10
3081	23
3082	13
3083	7
3084	16
3085	25
3086	18
3087	15
3088	15
3089	13
3090	14
3091	11
3092	9
3093	14
3094	13
3095	24
3096	14
3097	13
3098	18
3099	14
3100	14
3101	21
3102	14
3103	20
3104	19
3105	21
3106	22
3107	12
3108	14
3109	13
3110	16
3111	15
3112	17
3113	10
3114	12
3115	8
3116	17
3117	14
3118	20
3119	8
3120	17
3121	16
3122	15
3123	19
3124	19
3125	17
3126	18
3127	16
3128	21
3129	15
3130	16
3131	11
3132	17
3133	11
3134	6
3135	15
3136	14
3137	22
3138	17
3139	16
3140	15
3141	19
3142	11
3143	16
3144	18
3145	22
3146	17
3147	17
3148	13
3149	19
3150	14
3151	23
3152	20
3153	15
3154	18
3155	10
3156	15
3157	20
3158	22
3159	24
3160	13
3161	15
3162	21
3163	19
3164	14
3165	16
3166	28
3167	11
3168	21
3169	13
3170	21
3171	15
3172	18
3173	17
3174	22
3175	8
3176	18
3177	8
3178	15
3179	19
3180	18
3181	15
3182	15
3183	15
3184	15
3185	22
3186	18
3187	19
3188	14
3189	18
3190	22
3191	24
3192	15
3193	18
3194	12
3195	17
3196	18
3197	13
3198	14
3199	11
3200	17
3201	18
3202	16
3203	15
3204	16
3205	17
3206	17
3207	18
3208	14
3209	20
3210	15
3211	12
3212	12
3213	16
3214	13
3215	16
3216	17
3217	14
3218	15
3219	7
3220	17
3221	13
3222	13
3223	13
3224	13
3225	19
3226	22
3227	9
3228	14
3229	16
3230	10
3231	21
3232	15
3233	17
3234	7
3235	16
3236	20
3237	15
3238	25
3239	13
3240	12
3241	10
3242	17
3243	20
3244	10
3245	9
3246	18
3247	14
3248	11
3249	14
3250	9
3251	17
3252	20
3253	12
3254	18
3255	12
3256	15
3257	16
3258	16
3259	13
3260	17
3261	15
3262	14
3263	14
3264	17
3265	14
3266	23
3267	19
3268	10
3269	12
3270	13
3271	19
3272	17
3273	11
3274	11
3275	10
3276	15
3277	7
3278	19
3279	8
3280	17
3281	11
3282	18
3283	14
3284	12
3285	17
3286	20
3287	14
3288	20
3289	13
3290	20
3291	17
3292	17
3293	11
3294	12
3295	17
3296	14
3297	13
3298	14
3299	14
3300	13
3301	16
3302	16
3303	18
3304	17
3305	14
3306	8
3307	12
3308	19
3309	13
3310	10
3311	12
3312	21
3313	15
3314	18
3315	14
3316	10
3317	10
3318	15
3319	14
3320	14
3321	16
3322	14
3323	20
3324	10
3325	6
3326	9
3327	21
3328	10
3329	22
3330	19
3331	9
3332	14
3333	8
3334	11
3335	14
3336	16
3337	11
3338	11
3339	17
3340	15
3341	18
3342	9
3343	17
3344	8
3345	14
3346	16
3347	23
3348	13
3349	12
3350	12
3351	15
3352	14
3353	18
3354	20
3355	12
3356	12
3357	14
3358	15
3359	10
3360	15
3361	10
3362	20
3363	10
3364	14
3365	14
3366	12
3367	15
3368	12
3369	11
3370	12
3371	14
3372	19
3373	9
3374	9
3375	17
3376	11
3377	17
3378	13
3379	16
3380	13
3381	6
3382	10
3383	13
3384	6
3385	10
3386	19
3387	15
3388	17
3389	9
3390	15
3391	9
3392	10
3393	9
3394	17
3395	11
3396	14
3397	20
3398	11
3399	18
3400	18
3401	8
3402	15
3403	17
3404	16
3405	13
3406	21
3407	14
3408	11
3409	13
3410	11
3411	14
3412	11
3413	9
3414	13
3415	19
3416	17
3417	23
3418	16
3419	14
3420	10
3421	13
3422	14
3423	14
3424	11
3425	18
3426	13
3427	11
3428	18
3429	14
3430	9
3431	16
3432	13
3433	16
3434	11
3435	13
3436	14
3437	13
3438	5
3439	9
3440	15
3441	10
3442	15
3443	13
3444	11
3445	7
3446	20
3447	21
3448	7
3449	16
3450	13
3451	14
3452	14
3453	11
3454	14
3455	16
3456	14
3457	19
3458	12
3459	20
3460	10
3461	16
3462	20
3463	9
3464	13
3465	11
3466	10
3467	8
3468	16
3469	13
3470	14
3471	18
3472	13
3473	16
3474	12
3475	9
3476	14
3477	10
3478	5
3479	13
3480	17
3481	11
3482	6
3483	15
3484	12
3485	10
3486	16
3487	11
3488	17
3489	14
3490	14
3491	13
3492	5
3493	12
3494	24
3495	10
3496	18
3497	20
3498	17
3499	16
3500	11
3501	13
3502	13
3503	6
3504	8
3505	9
3506	9
3507	14
3508	18
3509	14
3510	7
3511	14
3512	17
3513	15
3514	15
3515	7
3516	12
3517	19
3518	10
3519	13
3520	11
3521	9
3522	18
3523	11
3524	8
3525	9
3526	9
3527	18
3528	12
3529	16
3530	17
3531	9
3532	9
3533	11
3534	17
3535	7
3536	16
3537	10
3538	13
3539	13
3540	14
3541	19
3542	13
3543	10
3544	5
3545	24
3546	15
3547	11
3548	6
3549	23
3550	11
3551	15
3552	18
3553	13
3554	9
3555	14
3556	17
3557	8
3558	15
3559	19
3560	14
3561	15
3562	11
3563	14
3564	13
3565	12
3566	16
3567	6
3568	10
3569	17
3570	26
3571	14
3572	13
3573	16
3574	15
3575	17
3576	10
3577	5
3578	15
3579	11
3580	8
3581	21
3582	7
3583	14
3584	13
3585	10
3586	18
3587	15
3588	11
3589	20
3590	8
3591	12
3592	10
3593	10
3594	11
3595	13
3596	6
3597	15
3598	14
3599	12
3600	15
3601	17
3602	9
3603	6
3604	9
3605	11
3606	13
3607	10
3608	11
3609	12
3610	9
3611	12
3612	12
3613	12
3614	12
3615	11
3616	12
3617	8
3618	12
3619	15
3620	7
3621	12
3622	12
3623	13
3624	9
3625	18
3626	7
3627	11
3628	9
3629	11
3630	13
3631	15
3632	17
3633	9
3634	7
3635	14
3636	15
3637	14
3638	11
3639	10
3640	20
3641	14
3642	16
3643	10
3644	13
3645	13
3646	9
3647	14
3648	17
3649	13
3650	13
3651	18
3652	9
3653	10
3654	14
3655	12
3656	9
3657	17
3658	8
3659	12
3660	12
3661	15
3662	10
3663	9
3664	13
3665	14
3666	21
3667	9
3668	19
3669	6
3670	12
3671	21
3672	10
3673	12
3674	10
3675	20
3676	13
3677	19
3678	10
3679	14
3680	15
3681	13
3682	8
3683	6
3684	8
3685	11
3686	14
3687	12
3688	19
3689	18
3690	10
3691	11
3692	16
3693	14
3694	17
3695	14
3696	14
3697	14
3698	6
3699	16
3700	12
3701	14
3702	16
3703	13
3704	7
3705	11
3706	11
3707	13
3708	20
3709	12
3710	16
3711	10
3712	16
3713	10
3714	14
3715	11
3716	12
3717	11
3718	12
3719	19
3720	12
3721	13
3722	15
3723	12
3724	10
3725	14
3726	15
3727	14
3728	14
3729	18
3730	8
3731	13
3732	15
3733	13
3734	14
3735	10
3736	15
3737	15
3738	14
3739	9
3740	6
3741	14
3742	17
3743	13
3744	13
3745	10
3746	11
3747	11
3748	11
3749	12
3750	11
3751	9
3752	11
3753	19
3754	16
3755	9
3756	18
3757	9
3758	14
3759	10
3760	13
3761	14
3762	14
3763	20
3764	22
3765	20
3766	14
3767	7
3768	15
3769	15
3770	12
3771	11
3772	13
3773	16
3774	16
3775	15
3776	15
3777	16
3778	6
3779	15
3780	15
3781	10
3782	8
3783	8
3784	16
3785	10
3786	7
3787	20
3788	24
3789	13
3790	10
3791	17
3792	11
3793	16
3794	10
3795	12
3796	9
3797	9
3798	16
3799	10
3800	7
3801	13
3802	10
3803	7
3804	16
3805	20
3806	16
3807	18
3808	10
3809	10
3810	18
3811	17
3812	11
3813	11
3814	13
3815	11
3816	8
3817	25
3818	19
3819	10
3820	9
3821	15
3822	16
3823	18
3824	13
3825	10
3826	9
3827	10
3828	9
3829	9
3830	18
3831	11
3832	10
3833	15
3834	22
3835	10
3836	7
3837	14
3838	16
3839	16
3840	10
3841	11
3842	10
3843	14
3844	11
3845	11
3846	11
3847	14
3848	10
3849	11
3850	12
3851	12
3852	9
3853	16
3854	9
3855	13
3856	17
3857	11
3858	11
3859	9
3860	9
3861	16
3862	18
3863	8
3864	7
3865	22
3866	12
3867	15
3868	6
3869	13
3870	16
3871	12
3872	5
3873	19
3874	19
3875	13
3876	9
3877	14
3878	11
3879	7
3880	8
3881	15
3882	10
3883	17
3884	21
3885	14
3886	8
3887	18
3888	11
3889	15
3890	11
3891	19
3892	17
3893	23
3894	13
3895	12
3896	6
3897	9
3898	21
3899	14
3900	12
3901	14
3902	13
3903	14
3904	8
3905	11
3906	17
3907	21
3908	14
3909	11
3910	8
3911	10
3912	10
3913	10
3914	8
3915	5
3916	14
3917	6
3918	15
3919	14
3920	13
3921	12
3922	13
3923	9
3924	19
3925	8
3926	8
3927	16
3928	15
3929	15
3930	11
3931	15
3932	14
3933	13
3934	17
3935	11
3936	17
3937	17
3938	10
3939	11
3940	13
3941	15
3942	14
3943	14
3944	10
3945	12
3946	8
3947	14
3948	7
3949	11
3950	17
3951	16
3952	16
3953	11
3954	19
3955	12
3956	18
3957	14
3958	12
3959	23
3960	9
3961	14
3962	9
3963	20
3964	20
3965	14
3966	13
3967	12
3968	10
3969	13
3970	13
3971	16
3972	8
3973	10
3974	13
3975	14
3976	14
3977	13
3978	19
3979	8
3980	15
3981	14
3982	19
3983	11
3984	9
3985	12
3986	9
3987	11
3988	20
3989	19
3990	18
3991	15
3992	10
3993	6
3994	9
3995	16
3996	11
3997	12
3998	7
3999	6
4000	13
4001	17
4002	17
4003	17
4004	10
4005	14
4006	13
4007	15
4008	11
4009	7
4010	8
4011	18
4012	14
4013	7
4014	14
4015	11
4016	16
4017	13
4018	11
4019	17
4020	14
4021	20
4022	15
4023	21
4024	12
4025	12
4026	9
4027	11
4028	14
4029	12
4030	14
4031	21
4032	18
4033	15
4034	7
4035	15
4036	10
4037	12
4038	11
4039	15
4040	23
4041	13
4042	19
4043	10
4044	15
4045	11
4046	12
4047	12
4048	22
4049	15
4050	15
4051	27
4052	17
4053	19
4054	11
4055	13
4056	18
4057	11
4058	12
4059	16
4060	15
4061	18
4062	9
4063	13
4064	13
4065	15
4066	11
4067	15
4068	10
4069	12
4070	13
4071	21
4072	13
4073	24
4074	18
4075	14
4076	11
4077	11
4078	14
4079	12
4080	17
4081	20
4082	18
4083	15
4084	9
4085	16
4086	9
4087	9
4088	16
4089	18
4090	16
4091	12
4092	13
4093	11
4094	16
4095	8
4096	10
4097	14
4098	18
4099	11
4100	17
4101	15
4102	19
4103	14
4104	14
4105	12
4106	16
4107	17
4108	17
4109	15
4110	7
4111	21
4112	16
4113	9
4114	14
4115	17
4116	14
4117	12
4118	16
4119	10
4120	12
4121	17
4122	8
4123	12
4124	23
4125	15
4126	9
4127	13
4128	19
4129	15
4130	21
4131	18
4132	12
4133	10
4134	20
4135	11
4136	15
4137	17
4138	15
4139	13
4140	13
4141	16
4142	19
4143	15
4144	10
4145	20
4146	23
4147	13
4148	17
4149	24
4150	9
4151	13
4152	13
4153	15
4154	9
4155	10
4156	12
4157	14
4158	9
4159	22
4160	18
4161	11
4162	16
4163	15
4164	14
4165	14
4166	15
4167	16
4168	11
4169	10
4170	15
4171	12
4172	10
4173	15
4174	11
4175	10
4176	14
4177	15
4178	17
4179	17
4180	12
4181	18
4182	15
4183	15
4184	13
4185	16
4186	8
4187	15
4188	14
4189	14
4190	14
4191	14
4192	11
4193	16
4194	17
4195	11
4196	11
4197	14
4198	9
4199	9
4200	13
4201	16
4202	13
4203	24
4204	13
4205	13
4206	16
4207	22
4208	17
4209	16
4210	17
4211	18
4212	10
4213	14
4214	14
4215	11
4216	14
4217	11
4218	16
4219	26
4220	13
4221	14
4222	15
4223	17
4224	14
4225	14
4226	15
4227	11
4228	17
4229	14
4230	15
4231	12
4232	21
4233	16
4234	10
4235	21
4236	11
4237	15
4238	18
4239	14
4240	13
4241	6
4242	13
4243	11
4244	14
4245	15
4246	11
4247	16
4248	7
4249	18
4250	13
4251	12
4252	15
4253	14
4254	16
4255	14
4256	11
4257	14
4258	18
4259	15
4260	16
4261	21
4262	15
4263	19
4264	17
4265	16
4266	8
4267	11
4268	9
4269	13
4270	12
4271	14
4272	18
4273	17
4274	13
4275	17
4276	13
4277	10
4278	13
4279	11
4280	12
4281	19
4282	15
4283	18
4284	14
4285	14
4286	13
4287	13
4288	8
4289	16
4290	17
4291	11
4292	17
4293	13
4294	15
4295	17
4296	13
4297	16
4298	15
4299	18
4300	10
4301	9
4302	16
4303	20
4304	17
4305	15
4306	21
4307	20
4308	17
4309	19
4310	10
4311	11
4312	9
4313	15
4314	13
4315	11
4316	16
4317	11
4318	14
4319	13
4320	15
4321	17
4322	16
4323	21
4324	11
4325	19
4326	13
4327	18
4328	11
4329	14
4330	10
4331	9
4332	14
4333	20
4334	17
4335	17
4336	16
4337	21
4338	18
4339	24
4340	21
4341	15
4342	18
4343	24
4344	18
4345	20
4346	22
4347	12
4348	12
4349	25
4350	8
4351	13
4352	14
4353	17
4354	15
4355	27
4356	18
4357	14
4358	13
4359	15
4360	14
4361	15
4362	19
4363	24
4364	15
4365	12
4366	18
4367	15
4368	15
4369	16
4370	14
4371	16
4372	16
4373	15
4374	14
4375	14
4376	20
4377	15
4378	21
4379	13
4380	16
4381	22
4382	14
4383	20
4384	16
4385	12
4386	17
4387	15
4388	14
4389	18
4390	16
4391	13
4392	24
4393	23
4394	23
4395	19
4396	15
4397	14
4398	24
4399	13
4400	14
4401	15
4402	16
4403	18
4404	15
4405	16
4406	23
4407	21
4408	19
4409	24
4410	10
4411	27
4412	11
4413	12
4414	19
4415	19
4416	18
4417	13
4418	13
4419	19
4420	16
4421	24
4422	17
4423	13
4424	19
4425	21
4426	18
4427	13
4428	19
4429	19
4430	22
4431	25
4432	16
4433	10
4434	13
4435	16
4436	21
4437	16
4438	18
4439	21
4440	14
4441	12
4442	23
4443	11
4444	23
4445	17
4446	21
4447	15
4448	18
4449	18
4450	23
4451	17
4452	17
4453	26
4454	16
4455	23
4456	29
4457	16
4458	17
4459	20
4460	18
4461	15
4462	20
4463	20
4464	27
4465	19
4466	13
4467	15
4468	15
4469	22
4470	21
4471	16
4472	20
4473	26
4474	26
4475	13
4476	18
4477	19
4478	22
4479	28
4480	18
4481	21
4482	25
4483	19
4484	17
4485	18
4486	21
4487	21
4488	15
4489	24
4490	20
4491	23
4492	21
4493	25
4494	22
4495	19
4496	19
4497	19
4498	14
4499	22
4500	23
4501	19
4502	19
4503	29
4504	23
4505	26
4506	25
4507	15
4508	25
4509	28
4510	20
4511	27
4512	16
4513	22
4514	27
4515	20
4516	25
4517	25
4518	14
4519	29
4520	18
4521	15
4522	19
4523	32
4524	18
4525	15
4526	25
4527	16
4528	26
4529	34
4530	18
4531	20
4532	11
4533	26
4534	33
4535	28
4536	21
4537	19
4538	20
4539	25
4540	20
4541	18
4542	14
4543	17
4544	26
4545	23
4546	18
4547	19
4548	17
4549	29
4550	21
4551	20
4552	21
4553	26
4554	18
4555	22
4556	21
4557	20
4558	24
4559	28
4560	25
4561	20
4562	29
4563	18
4564	32
4565	35
4566	23
4567	19
4568	21
4569	25
4570	29
4571	19
4572	20
4573	25
4574	29
4575	19
4576	22
4577	32
4578	29
4579	22
4580	16
4581	24
4582	20
4583	24
4584	25
4585	31
4586	19
4587	30
4588	26
4589	29
4590	31
4591	18
4592	19
4593	22
4594	25
4595	23
4596	24
4597	24
4598	24
4599	31
4600	20
4601	27
4602	23
4603	24
4604	24
4605	18
4606	29
4607	30
4608	34
4609	24
4610	32
4611	35
4612	23
4613	22
4614	22
4615	28
4616	36
4617	22
4618	26
4619	33
4620	26
4621	20
4622	35
4623	24
4624	26
4625	38
4626	29
4627	27
4628	35
4629	27
4630	28
4631	25
4632	22
4633	32
4634	23
4635	23
4636	25
4637	28
4638	33
4639	26
4640	28
4641	25
4642	44
4643	31
4644	27
4645	25
4646	24
4647	34
4648	20
4649	24
4650	30
4651	28
4652	34
4653	25
4654	30
4655	26
4656	26
4657	30
4658	28
4659	30
4660	30
4661	24
4662	23
4663	16
4664	28
4665	25
4666	29
4667	32
4668	22
4669	21
4670	19
4671	30
4672	23
4673	46
4674	16
4675	27
4676	19
4677	23
4678	24
4679	29
4680	39
4681	31
4682	22
4683	22
4684	34
4685	29
4686	22
4687	22
4688	32
4689	28
4690	31
4691	28
4692	37
4693	26
4694	28
4695	27
4696	19
4697	30
4698	27
4699	20
4700	34
4701	22
4702	37
4703	25
4704	34
4705	33
4706	18
4707	25
4708	25
4709	25
4710	23
4711	22
4712	27
4713	21
4714	23
4715	23
4716	22
4717	24
4718	23
4719	34
4720	27
4721	23
4722	35
4723	31
4724	21
4725	16
4726	20
4727	30
4728	23
4729	21
4730	23
4731	23
4732	27
4733	17
4734	25
4735	24
4736	31
4737	19
4738	23
4739	29
4740	26
4741	31
4742	27
4743	18
4744	25
4745	28
4746	25
4747	21
4748	31
4749	21
4750	26
4751	24
4752	27
4753	23
4754	19
4755	25
4756	20
4757	26
4758	27
4759	36
4760	21
4761	25
4762	23
4763	22
4764	26
4765	17
4766	30
4767	30
4768	29
4769	28
4770	22
4771	17
4772	23
4773	29
4774	23
4775	23
4776	29
4777	26
4778	23
4779	20
4780	30
4781	23
4782	15
4783	26
4784	18
4785	26
4786	20
4787	17
4788	24
4789	20
4790	22
4791	16
4792	21
4793	22
4794	24
4795	15
4796	26
4797	15
4798	22
4799	16
4800	27
4801	20
4802	18
4803	15
4804	23
4805	25
4806	13
4807	19
4808	26
4809	18
4810	23
4811	17
4812	10
4813	28
4814	13
4815	20
4816	14
4817	19
4818	23
4819	11
4820	23
4821	20
4822	26
4823	26
4824	21
4825	8
4826	18
4827	16
4828	23
4829	15
4830	13
4831	25
4832	14
4833	18
4834	20
4835	15
4836	16
4837	14
4838	13
4839	13
4840	24
4841	15
4842	7
4843	20
4844	20
4845	10
4846	16
4847	17
4848	15
4849	6
4850	20
4851	15
4852	16
4853	12
4854	16
4855	12
4856	14
4857	17
4858	24
4859	11
4860	15
4861	24
4862	9
4863	14
4864	15
4865	10
4866	12
4867	9
4868	11
4869	7
4870	11
4871	14
4872	10
4873	10
4874	12
4875	20
4876	10
4877	11
4878	16
4879	9
4880	13
4881	11
4882	14
4883	10
4884	17
4885	7
4886	11
4887	6
4888	9
4889	6
4890	14
4891	15
4892	15
4893	10
4894	9
4895	12
4896	16
4897	5
4898	6
4899	6
4900	9
4901	16
4902	9
4903	4
4904	11
4905	6
4906	12
4907	11
4908	9
4909	9
4910	7
4911	8
4912	10
4913	8
4914	12
4915	10
4916	10
4917	10
4918	8
4919	9
4920	6
4921	5
4922	10
4923	10
4924	8
4925	7
4926	13
4927	9
4928	5
4929	10
4930	2
4931	12
4932	10
4933	8
4934	10
4935	9
4936	7
4937	10
4938	14
4939	7
4940	8
4941	3
4942	2
4943	3
4944	7
4945	4
4946	3
4947	6
4948	5
4949	2
4950	1
4951	8
4952	8
4953	4
4954	4
4955	9
4956	3
4957	6
4958	4
4959	9
4960	2
4961	8
4962	7
4963	2
4964	7
4965	3
4966	4
4967	4
4968	3
4969	4
4970	7
4971	4
4972	4
4973	5
4974	3
4975	10
4976	9
4977	6
4978	4
4979	3
4980	5
4981	4
4982	9
4983	4
4984	8
4985	4
4986	1
4987	7
4988	1
4989	8
4990	3
4991	4
4992	1
4993	2
4994	3
4995	3
4996	3
4997	4
4998	2
4999	3
5000	1
5001	3
5002	4
5003	2
5004	3
5005	2
5006	3
5007	2
5008	2
5009	2
5010	2
5011	4
5012	5
5013	0
5014	3
5015	6
5016	2
5017	1
5018	3
5019	2
5020	1
5021	4
5022	0
5023	0
5024	2
5025	4
5026	3
5027	3
5028	3
5029	0
5030	4
5031	1
5032	0
5033	1
5034	1
5035	1
5036	1
5037	2
5038	1
5039	2
5040	3
5041	4
5042	3
5043	1
5044	3
5045	3
5046	0
5047	1
5048	0
5049	3
5050	3
5051	1
5052	2
5053	2
5054	3
5055	2
5056	3
5057	0
5058	1
5059	2
5060	6
5061	0
5062	0
5063	1
5064	1
5065	2
5066	0
5067	5
5068	0
5069	0
5070	1
5071	1
5072	0
5073	2
5074	1
5075	0
5076	1
5077	1
5078	1
5079	0
5080	0
5081	2
5082	0
5083	1
5084	1
5085	1
5086	1
5087	1
5088	0
5089	1
5090	0
5091	3
5092	0
5093	3
5094	0
5095	0
5096	1
5097	0
5098	1
5099	0
5100	2
5101	0
5102	0
5103	2
5104	2
5105	0
5106	0
5107	0
5108	0
5109	1
5110	0
5111	1
5112	0
5113	1
5114	3
5115	0
5116	0
5117	2
5118	0
5119	0
5120	0
5121	1
5122	3
5123	2
5124	0
5125	1
5126	0
5127	0
5128	0
5129	0
5130	0
5131	1
5132	0
5133	1
5134	0
5135	0
5136	2
5137	0
5138	1
5139	2
5140	0
5141	3
5142	1
5143	0
5144	0
5145	2
5146	0
5147	0
5148	3
5149	0
5150	0
5151	1
5152	0
5153	0
5154	4
5155	1
5156	0
5157	2
5158	0
5159	2
5160	0
5161	1
5162	0
5163	1
5164	0
5165	0
5166	2
5167	1
5168	1
5169	0
5170	0
5171	0
5172	1
5173	0
5174	3
5175	1
5176	0
5177	1
5178	1
5179	1
5180	0
5181	0
5182	0
5183	0
5184	2
5185	0
5186	1
5187	0
5188	2
5189	1
5190	0
5191	1
5192	0
5193	0
5194	0
5195	0
5196	0
5197	0
5198	1
5199	0
5200	0
5201	1
5202	0
5203	1
5204	0
5205	0
5206	0
5207	0
5208	1
5209	1
5210	0
5211	2
5212	0
5213	1
5214	0
5215	1
5216	1
5217	1
5218	0
5219	0
5220	1
5221	0
5222	0
5223	0
5224	1
5225	0
5226	0
5227	0
5228	2
5229	1
5230	1
5231	0
5232	1
5233	0
5234	1
5235	0
5236	0
5237	0
5238	0
5239	1
5240	0
5241	1
5242	3
5243	0
5244	0
5245	0
5246	0
5247	0
5248	0
5249	0
5250	1
5251	0
5252	0
5253	0
5254	1
5255	0
5256	0
5257	0
5258	0
5259	1
5260	0
5261	1
5262	1
5263	1
5264	0
5265	1
5266	0
5267	2
5268	1
5269	0
5270	1
5271	1
5272	1
5273	0
5274	0
5275	0
5276	1
5277	1
5278	0
5279	2
5280	0
5281	0
5282	0
5283	1
5284	2
5285	0
5286	0
5287	0
5288	0
5289	0
5290	1
5291	1
5292	1
5293	0
5294	1
5295	1
5296	1
5297	0
5298	0
5299	1
5300	1
5301	3
5302	0
5303	0
5304	2
5305	2
5306	1
5307	0
5308	1
5309	3
5310	1
5311	0
5312	0
5313	1
5314	2
5315	0
5316	0
5317	1
5318	0
5319	0
5320	0
5321	1
5322	2
5323	0
5324	1
5325	0
5326	0
5327	0
5328	0
5329	2
5330	2
5331	0
5332	1
5333	0
5334	1
5335	1
5336	1
5337	1
5338	1
5339	0
5340	0
5341	1
5342	0
5343	2
5344	0
5345	1
5346	0
5347	0
5348	0
5349	0
5350	2
5351	1
5352	0
5353	0
5354	0
5355	0
5356	0
5357	0
5358	0
5359	2
5360	0
5361	0
5362	1
5363	0
5364	1
5365	0
5366	0
5367	1
5368	0
5369	0
5370	0
5371	0
5372	0
5373	1
5374	0
5375	0
5376	0
5377	0
5378	0
5379	1
5380	0
5381	1
5382	2
5383	0
5384	1
5385	1
5386	0
5387	0
5388	2
5389	0
5390	2
5391	0
5392	1
5393	0
5394	1
5395	1
5396	1
5397	1
5398	0
5399	1
5400	1
5401	1
5402	0
5403	0
5404	0
5405	0
5406	1
5407	0
5408	0
5409	1
5410	1
5411	1
5412	2
5413	0
5414	0
5415	1
5416	2
5417	0
5418	0
5419	0
5420	0
5421	0
5422	1
5423	1
5424	1
5425	0
5426	1
5427	0
5428	0
5429	0
5430	0
5431	0
5432	0
5433	0
5434	0
5435	1
5436	0
5437	0
5438	1
5439	0
5440	1
5441	0
5442	2
5443	0
5444	2
5445	0
5446	0
5447	0
5448	1
5449	0
5450	2
5451	0
5452	1
5453	0
5454	0
5455	0
5456	1
5457	3
5458	0
5459	0
5460	2
5461	0
5462	0
5463	2
5464	0
5465	1
5466	3
5467	1
5468	2
5469	0
5470	1
5471	0
5472	0
5473	0
5474	0
5475	0
5476	0
5477	0
5478	2
5479	0
5480	0
5481	1
5482	0
5483	1
5484	0
5485	0
5486	2
5487	1
5488	0
5489	0
5490	1
5491	0
5492	0
5493	0
5494	2
5495	0
5496	1
5497	2
5498	0
5499	0
5500	1
5501	0
5502	0
5503	0
5504	0
5505	0
5506	0
5507	0
5508	0
5509	2
5510	0
5511	1
5512	0
5513	1
5514	0
5515	0
5516	0
5517	0
5518	1
5519	2
5520	0
5521	0
5522	0
5523	1
5524	0
5525	1
5526	1
5527	0
5528	2
5529	0
5530	0
5531	0
5532	1
5533	1
5534	0
5535	0
5536	0
5537	0
5538	0
5539	0
5540	0
5541	1
5542	0
5543	1
5544	1
5545	0
5546	0
5547	0
5548	0
5549	2
5550	0
5551	0
5552	0
5553	0
5554	0
5555	0
5556	1
5557	0
5558	0
5559	1
5560	2
5561	1
5562	1
5563	0
5564	1
5565	0
5566	1
5567	0
5568	0
5569	1
5570	1
5571	1
5572	1
5573	0
5574	1
5575	0
5576	0
5577	0
5578	0
5579	1
5580	0
5581	0
5582	0
5583	0
5584	0
5585	0
5586	0
5587	1
5588	1
5589	0
5590	0
5591	0
5592	0
5593	0
5594	1
5595	1
5596	1
5597	0
5598	0
5599	0
5600	1
5601	0
5602	0
5603	0
5604	0
5605	0
5606	0
5607	0
5608	0
5609	0
5610	1
5611	2
5612	2
5613	0
5614	0
5615	0
5616	0
5617	1
5618	0
5619	1
5620	1
5621	0
5622	0
5623	1
5624	0
5625	0
5626	0
5627	1
5628	2
5629	0
5630	2
5631	0
5632	0
5633	0
5634	1
5635	1
5636	1
5637	0
5638	0
5639	0
5640	0
5641	0
5642	0
5643	0
5644	0
5645	0
5646	0
5647	0
5648	0
5649	2
5650	0
5651	1
5652	1
5653	0
5654	0
5655	0
5656	0
5657	0
5658	0
5659	0
5660	0
5661	1
5662	0
5663	2
5664	0
5665	1
5666	2
5667	0
5668	0
5669	1
5670	1
5671	0
5672	0
5673	1
5674	1
5675	1
5676	0
5677	0
5678	1
5679	1
5680	0
5681	0
5682	3
5683	0
5684	0
5685	0
5686	0
5687	0
5688	0
5689	1
5690	0
5691	0
5692	0
5693	0
5694	1
5695	1
5696	1
5697	1
5698	1
5699	3
5700	0
5701	0
5702	2
5703	0
5704	0
5705	0
5706	1
5707	1
5708	0
5709	0
5710	0
5711	0
5712	2
5713	0
5714	0
5715	0
5716	1
5717	0
5718	0
5719	0
5720	1
5721	1
5722	0
5723	0
5724	0
5725	0
5726	0
5727	0
5728	0
5729	0
5730	1
5731	0
5732	0
5733	2
5734	0
5735	0
5736	0
5737	1
5738	1
5739	1
5740	0
5741	0
5742	0
5743	0
5744	0
5745	0
5746	0
5747	2
5748	1
5749	0
5750	0
5751	2
5752	0
5753	1
5754	1
5755	0
5756	0
5757	2
5758	0
5759	0
5760	0
5761	1
5762	1
5763	1
5764	1
5765	0
5766	1
5767	0
5768	1
5769	0
5770	0
5771	1
5772	1
5773	0
5774	0
5775	0
5776	1
5777	0
5778	0
5779	0
5780	1
5781	1
5782	0
5783	1
5784	1
5785	0
5786	0
5787	1
5788	1
5789	0
5790	0
5791	0
5792	0
5793	2
5794	1
5795	1
5796	0
5797	0
5798	2
5799	1
5800	1
5801	0
5802	1
5803	0
5804	1
5805	0
5806	1
5807	0
5808	2
5809	2
5810	0
5811	0
5812	0
5813	0
5814	0
5815	0
5816	0
5817	1
5818	1
5819	0
5820	0
5821	0
5822	1
5823	1
5824	1
5825	0
5826	1
5827	1
5828	0
5829	0
5830	0
5831	0
5832	1
5833	2
5834	2
5835	0
5836	0
5837	0
5838	0
5839	0
5840	2
5841	0
5842	2
5843	1
5844	0
5845	1
5846	1
5847	0
5848	1
5849	3
5850	0
5851	1
5852	0
5853	0
5854	1
5855	0
5856	3
5857	1
5858	0
5859	0
5860	0
5861	1
5862	1
5863	0
5864	0
5865	0
5866	5
5867	0
5868	1
5869	1
5870	0
5871	0
5872	0
5873	0
5874	0
5875	0
5876	1
5877	1
5878	1
5879	0
5880	1
5881	0
5882	0
5883	0
5884	1
5885	0
5886	1
5887	1
5888	2
5889	1
5890	2
5891	0
5892	1
5893	2
5894	1
5895	1
5896	0
5897	0
5898	0
5899	0
5900	0
5901	1
5902	0
5903	0
5904	0
5905	1
5906	0
5907	0
5908	0
5909	1
5910	0
5911	0
5912	0
5913	1
5914	1
5915	1
5916	0
5917	1
5918	0
5919	0
5920	0
5921	0
5922	1
5923	0
5924	0
5925	1
5926	0
5927	0
5928	0
5929	0
5930	0
5931	0
5932	1
5933	1
5934	0
5935	2
5936	0
5937	0
5938	0
5939	0
5940	1
5941	0
5942	1
5943	0
5944	2
5945	0
5946	0
5947	0
5948	0
5949	1
5950	0
5951	0
5952	2
5953	1
5954	0
5955	0
5956	1
5957	0
5958	0
5959	0
5960	1
5961	0
5962	0
5963	0
5964	3
5965	0
5966	1
5967	0
5968	0
5969	0
5970	0
5971	0
5972	1
5973	0
5974	0
5975	0
5976	0
5977	1
5978	1
5979	2
5980	0
5981	0
5982	1
5983	0
5984	1
5985	0
5986	1
5987	0
5988	1
5989	1
5990	0
5991	2
5992	0
5993	0
5994	0
5995	0
5996	2
5997	0
5998	0
5999	0
6000	0
6001	0
6002	0
6003	1
6004	0
6005	0
6006	1
6007	1
6008	0
6009	0
6010	0
6011	1
6012	0
6013	0
6014	0
6015	0
6016	0
6017	0
6018	0
6019	1
6020	0
6021	0
6022	0
6023	0
6024	0
6025	0
6026	0
6027	1
6028	0
6029	0
6030	0
6031	0
6032	0
6033	1
6034	0
6035	1
6036	0
6037	0
6038	0
6039	0
6040	0
6041	0
6042	0
6043	0
6044	1
6045	1
6046	1
6047	0
6048	0
6049	1
6050	0
6051	0
6052	0
6053	1
6054	0
6055	2
6056	0
6057	0
6058	1
6059	0
6060	0
6061	0
6062	0
6063	0
6064	0
6065	0
6066	0
6067	0
6068	2
6069	0
6070	0
6071	0
6072	0
6073	0
6074	0
6075	0
6076	1
6077	0
6078	1
6079	0
6080	2
6081	0
6082	0
6083	0
6084	0
6085	0
6086	0
6087	0
6088	1
6089	0
6090	0
6091	0
6092	1
6093	0
6094	1
6095	0
6096	2
6097	1
6098	0
6099	0
6100	0
6101	0
6102	0
6103	1
6104	1
6105	0
6106	0
6107	0
6108	0
6109	0
6110	1
6111	2
6112	0
6113	0
6114	0
6115	0
6116	0
6117	0
6118	0
6119	0
6120	1
6121	0
6122	0
6123	0
6124	0
6125	0
6126	0
6127	0
6128	0
6129	0
6130	2
6131	0
6132	1
6133	0
6134	1
6135	0
6136	0
6137	1
6138	0
6139	0
6140	0
6141	0
6142	0
6143	0
6144	0
6145	1
6146	1
6147	0
6148	3
6149	1
6150	2
6151	1
6152	0
6153	0
6154	1
6155	0
6156	0
6157	0
6158	0
6159	1
6160	0
6161	0
6162	0
6163	0
6164	0
6165	1
6166	0
6167	2
6168	1
6169	0
6170	0
6171	1
6172	0
6173	0
6174	1
6175	1
6176	0
6177	1
6178	0
6179	0
6180	0
6181	1
6182	1
6183	0
6184	1
6185	2
6186	0
6187	0
6188	1
6189	1
6190	0
6191	1
6192	2
6193	0
6194	1
6195	0
6196	1
6197	0
6198	0
6199	0
6200	0
6201	0
6202	1
6203	1
6204	2
6205	0
6206	0
6207	0
6208	0
6209	0
6210	0
6211	0
6212	0
6213	0
6214	0
6215	3
6216	0
6217	0
6218	0
6219	0
6220	0
6221	2
6222	0
6223	0
6224	1
6225	0
6226	0
6227	0
6228	0
6229	1
6230	1
6231	0
6232	0
6233	1
6234	0
6235	0
6236	0
6237	0
6238	1
6239	0
6240	0
6241	3
6242	1
6243	0
6244	0
6245	0
6246	0
6247	0
6248	1
6249	2
6250	1
6251	0
6252	0
6253	0
6254	0
6255	1
6256	1
6257	0
6258	0
6259	1
6260	0
6261	0
6262	0
6263	1
6264	3
6265	0
6266	0
6267	0
6268	0
6269	0
6270	0
6271	2
6272	0
6273	1
6274	0
6275	0
6276	1
6277	1
6278	0
6279	0
6280	1
6281	0
6282	0
6283	1
6284	2
6285	0
6286	1
6287	0
6288	0
6289	1
6290	0
6291	2
6292	0
6293	1
6294	0
6295	0
6296	2
6297	1
6298	0
6299	1
6300	1
6301	1
6302	0
6303	0
6304	0
6305	0
6306	1
6307	0
6308	0
6309	1
6310	1
6311	1
6312	1
6313	0
6314	0
6315	1
6316	0
6317	1
6318	1
6319	0
6320	0
6321	0
6322	1
6323	1
6324	0
6325	0
6326	0
6327	1
6328	1
6329	0
6330	0
6331	0
6332	1
6333	0
6334	0
6335	1
6336	3
6337	0
6338	1
6339	0
6340	0
6341	0
6342	0
6343	1
6344	1
6345	2
6346	0
6347	0
6348	0
6349	0
6350	0
6351	0
6352	0
6353	0
6354	0
6355	0
6356	3
6357	0
6358	0
6359	0
6360	0
6361	0
6362	0
6363	1
6364	0
6365	0
6366	0
6367	0
6368	0
6369	0
6370	0
6371	0
6372	0
6373	0
6374	1
6375	0
6376	1
6377	0
6378	0
6379	0
6380	0
6381	0
6382	1
6383	0
6384	0
6385	0
6386	1
6387	1
6388	0
6389	1
6390	0
6391	0
6392	0
6393	0
6394	0
6395	2
6396	1
6397	0
6398	0
6399	1
6400	0
6401	0
6402	1
6403	0
6404	2
6405	1
6406	1
6407	0
6408	0
6409	0
6410	0
6411	0
6412	0
6413	1
6414	0
6415	0
6416	1
6417	0
6418	0
6419	1
6420	1
6421	1
6422	0
6423	0
6424	0
6425	2
6426	0
6427	1
6428	0
6429	1
6430	1
6431	1
6432	0
6433	1
6434	0
6435	1
6436	0
6437	1
6438	1
6439	1
6440	0
6441	0
6442	1
6443	0
6444	0
6445	2
6446	0
6447	1
6448	1
6449	0
6450	1
6451	0
6452	0
6453	0
6454	1
6455	1
6456	0
6457	1
6458	0
6459	0
6460	0
6461	0
6462	1
6463	0
6464	1
6465	0
6466	1
6467	1
6468	0
6469	1
6470	1
6471	0
6472	0
6473	0
6474	1
6475	1
6476	2
6477	0
6478	0
6479	1
6480	0
6481	2
6482	0
6483	0
6484	0
6485	0
6486	0
6487	0
6488	1
6489	0
6490	1
6491	1
6492	1
6493	0
6494	0
6495	0
6496	0
6497	1
6498	1
6499	0
6500	0
6501	0
6502	1
6503	2
6504	0
6505	0
6506	2
6507	0
6508	2
6509	0
6510	3
6511	1
6512	1
6513	0
6514	0
6515	1
6516	0
6517	1
6518	0
6519	1
6520	0
6521	0
6522	0
6523	0
6524	1
6525	0
6526	1
6527	0
6528	1
6529	2
6530	0
6531	1
6532	0
6533	0
6534	1
6535	1
6536	0
6537	1
6538	0
6539	0
6540	0
6541	0
6542	1
6543	0
6544	1
6545	1
6546	0
6547	0
6548	0
6549	1
6550	0
6551	1
6552	0
6553	0
6554	0
6555	0
6556	0
6557	1
6558	0
6559	0
6560	0
6561	1
6562	0
6563	0
6564	0
6565	1
6566	0
6567	1
6568	1
6569	1
6570	0
6571	0
6572	2
6573	0
6574	0
6575	1
6576	0
6577	0
6578	2
6579	1
6580	0
6581	0
6582	0
6583	3
6584	1
6585	0
6586	0
6587	1
6588	0
6589	0
6590	0
6591	0
6592	1
6593	0
6594	0
6595	1
6596	1
6597	0
6598	1
6599	0
6600	0
6601	0
6602	0
6603	0
6604	0
6605	1
6606	0
6607	1
6608	0
6609	0
6610	0
6611	0
6612	0
6613	0
6614	0
6615	0
6616	0
6617	0
6618	0
6619	0
6620	0
6621	1
6622	1
6623	0
6624	1
6625	0
6626	0
6627	1
6628	0
6629	0
6630	0
6631	1
6632	0
6633	0
6634	1
6635	0
6636	0
6637	0
6638	0
6639	1
6640	0
6641	1
6642	1
6643	1
6644	0
6645	0
6646	0
6647	0
6648	1
6649	0
6650	1
6651	0
6652	0
6653	0
6654	1
6655	0
6656	0
6657	0
6658	0
6659	0
6660	0
6661	4
6662	1
6663	1
6664	1
6665	0
6666	1
6667	0
6668	0
6669	1
6670	0
6671	0
6672	2
6673	0
6674	1
6675	0
6676	1
6677	0
6678	0
6679	0
6680	0
6681	0
6682	0
6683	0
6684	0
6685	0
6686	1
6687	1
6688	1
6689	0
6690	0
6691	1
6692	0
6693	0
6694	0
6695	1
6696	0
6697	0
6698	0
6699	0
6700	0
6701	0
6702	0
6703	0
6704	1
6705	0
6706	2
6707	0
6708	2
6709	0
6710	0
6711	1
6712	0
6713	1
6714	0
6715	1
6716	2
6717	2
6718	0
6719	0
6720	1
6721	0
6722	1
6723	0
6724	0
6725	0
6726	0
6727	0
6728	0
6729	1
6730	0
6731	0
6732	0
6733	0
6734	0
6735	1
6736	1
6737	0
6738	1
6739	0
6740	1
6741	0
6742	0
6743	0
6744	0
6745	0
6746	1
6747	1
6748	1
6749	1
6750	0
6751	0
6752	1
6753	0
6754	1
6755	0
6756	0
6757	0
6758	1
6759	1
6760	0
6761	0
6762	1
6763	0
6764	0
6765	0
6766	0
6767	1
6768	1
6769	1
6770	0
6771	0
6772	0
6773	0
6774	0
6775	0
6776	0
6777	0
6778	0
6779	0
6780	1
6781	1
6782	0
6783	1
6784	0
6785	1
6786	0
6787	2
6788	0
6789	0
6790	0
6791	1
6792	0
6793	0
6794	0
6795	1
6796	0
6797	0
6798	1
6799	1
6800	0
6801	1
6802	0
6803	1
6804	1
6805	0
6806	0
6807	0
6808	0
6809	1
6810	1
6811	1
6812	0
6813	0
6814	1
6815	0
6816	0
6817	0
6818	1
6819	1
6820	0
6821	0
6822	1
6823	0
6824	1
6825	0
6826	0
6827	1
6828	1
6829	0
6830	0
6831	1
6832	0
6833	0
6834	1
6835	1
6836	0
6837	1
6838	0
6839	0
6840	0
6841	1
6842	0
6843	0
6844	2
6845	2
6846	0
6847	0
6848	0
6849	1
6850	1
6851	0
6852	1
6853	1
6854	0
6855	0
6856	0
6857	0
6858	0
6859	0
6860	0
6861	0
6862	0
6863	1
6864	0
6865	0
6866	0
6867	0
6868	1
6869	2
6870	0
6871	1
6872	0
6873	0
6874	0
6875	0
6876	0
6877	0
6878	1
6879	0
6880	1
6881	0
6882	0
6883	0
6884	0
6885	0
6886	1
6887	1
6888	0
6889	1
6890	0
6891	0
6892	1
6893	0
6894	0
6895	1
6896	0
6897	0
6898	0
6899	0
6900	0
6901	0
6902	0
6903	1
6904	0
6905	0
6906	0
6907	0
6908	0
6909	0
6910	0
6911	0
6912	0
6913	0
6914	0
6915	1
6916	0
6917	1
6918	1
6919	1
6920	0
6921	0
6922	0
6923	0
6924	0
6925	0
6926	0
6927	2
6928	0
6929	0
6930	0
6931	0
6932	2
6933	0
6934	0
6935	0
6936	1
6937	0
6938	0
6939	0
6940	1
6941	0
6942	0
6943	0
6944	0
6945	0
6946	0
6947	1
6948	0
6949	0
6950	0
6951	2
6952	1
6953	0
6954	0
6955	1
6956	0
6957	1
6958	0
6959	0
6960	0
6961	1
6962	0
6963	0
6964	0
6965	0
6966	1
6967	1
6968	0
6969	0
6970	0
6971	1
6972	0
6973	0
6974	1
6975	0
6976	1
6977	0
6978	0
6979	0
6980	0
6981	0
6982	0
6983	0
6984	0
6985	0
6986	0
6987	0
6988	1
6989	0
6990	0
6991	0
6992	0
6993	2
6994	1
6995	0
6996	0
6997	0
6998	0
6999	1
7000	0
7001	0
7002	0
7003	1
7004	1
7005	0
7006	0
7007	0
7008	0
7009	1
7010	0
7011	0
7012	1
7013	0
7014	0
7015	0
7016	0
7017	0
7018	0
7019	0
7020	0
7021	0
7022	1
7023	0
7024	0
7025	0
7026	0
7027	0
7028	0
7029	0
7030	1
7031	0
7032	0
7033	0
7034	2
7035	0
7036	0
7037	0
7038	0
7039	0
7040	0
7041	0
7042	0
7043	0
7044	0
7045	0
7046	0
7047	1
7048	0
7049	0
7050	0
7051	0
7052	1
7053	0
7054	0
7055	0
7056	1
7057	1
7058	0
7059	1
7060	0
7061	2
7062	0
7063	0
7064	1
7065	0
7066	2
7067	0
7068	0
7069	0
7070	0
7071	0
7072	1
7073	0
7074	0
7075	0
7076	0
7077	1
7078	0
7079	0
7080	0
7081	0
7082	0
7083	1
7084	1
7085	0
7086	0
7087	0
7088	0
7089	0
7090	1
7091	0
7092	2
7093	0
7094	0
7095	0
7096	0
7097	1
7098	2
7099	0
7100	0
7101	0
7102	0
7103	0
7104	0
7105	0
7106	0
7107	0
7108	0
7109	1
7110	0
7111	0
7112	0
7113	0
7114	0
7115	0
7116	0
7117	1
7118	0
7119	0
7120	1
7121	0
7122	0
7123	0
7124	0
7125	0
7126	1
7127	1
7128	1
7129	0
7130	0
7131	0
7132	0
7133	0
7134	0
7135	1
7136	0
7137	0
7138	0
7139	0
7140	0
7141	0
7142	0
7143	0
7144	0
7145	0
7146	0
7147	0
7148	1
7149	1
7150	0
7151	0
7152	1
7153	0
7154	1
7155	0
7156	0
7157	0
7158	0
7159	1
7160	1
7161	1
7162	0
7163	0
7164	0
7165	0
7166	2
7167	0
7168	0
7169	0
7170	0
7171	0
7172	0
7173	0
7174	1
7175	1
7176	0
7177	1
7178	1
7179	1
7180	1
7181	0
7182	0
7183	1
7184	0
7185	0
7186	1
7187	0
7188	0
7189	1
7190	0
7191	0
7192	1
7193	0
7194	0
7195	0
7196	0
7197	0
7198	0
7199	0
7200	0
7201	0
7202	0
7203	0
7204	0
7205	1
7206	0
7207	1
7208	0
7209	0
7210	1
7211	0
7212	0
7213	2
7214	0
7215	1
7216	0
7217	0
7218	0
7219	0
7220	2
7221	0
7222	0
7223	0
7224	0
7225	1
7226	0
7227	0
7228	1
7229	0
7230	1
7231	0
7232	0
7233	1
7234	0
7235	0
7236	1
7237	1
7238	0
7239	0
7240	1
7241	0
7242	0
7243	0
7244	0
7245	0
7246	0
7247	1
7248	0
7249	0
7250	0
7251	0
7252	0
7253	0
7254	0
7255	0
7256	0
7257	1
7258	1
7259	0
7260	0
7261	1
7262	1
7263	0
7264	0
7265	0
7266	0
7267	0
7268	0
7269	0
7270	1
7271	0
7272	0
7273	0
7274	2
7275	2
7276	2
7277	0
7278	0
7279	0
7280	1
7281	0
7282	3
7283	1
7284	0
7285	1
7286	0
7287	0
7288	0
7289	1
7290	0
7291	0
7292	0
7293	0
7294	0
7295	0
7296	0
7297	0
7298	0
7299	0
7300	1
7301	0
7302	0
7303	0
7304	0
7305	1
7306	0
7307	0
7308	0
7309	0
7310	0
7311	0
7312	0
7313	0
7314	0
7315	1
7316	0
7317	1
7318	0
7319	0
7320	0
7321	0
7322	0
7323	0
7324	0
7325	1
7326	0
7327	0
7328	0
7329	1
7330	1
7331	0
7332	0
7333	0
7334	0
7335	0
7336	0
7337	0
7338	1
7339	1
7340	0
7341	0
7342	1
7343	2
7344	0
7345	0
7346	0
7347	0
7348	0
7349	0
7350	2
7351	0
7352	0
7353	2
7354	2
7355	0
7356	0
7357	0
7358	0
7359	0
7360	0
7361	0
7362	2
7363	1
7364	0
7365	0
7366	0
7367	0
7368	1
7369	1
7370	0
7371	0
7372	1
7373	1
7374	0
7375	0
7376	1
7377	1
7378	1
7379	1
7380	0
7381	0
7382	0
7383	0
7384	0
7385	0
7386	1
7387	1
7388	1
7389	1
7390	0
7391	1
7392	0
7393	2
7394	0
7395	0
7396	0
7397	0
7398	0
7399	0
7400	0
7401	0
7402	1
7403	0
7404	2
7405	0
7406	0
7407	0
7408	1
7409	0
7410	0
7411	1
7412	1
7413	2
7414	0
7415	0
7416	0
7417	0
7418	0
7419	0
7420	0
7421	0
7422	0
7423	0
7424	0
7425	0
7426	1
7427	0
7428	0
7429	0
7430	0
7431	0
7432	1
7433	0
7434	0
7435	0
7436	1
7437	1
7438	0
7439	1
7440	0
7441	0
7442	0
7443	0
7444	0
7445	1
7446	0
7447	0
7448	0
7449	0
7450	0
7451	0
7452	0
7453	2
7454	1
7455	2
7456	0
7457	2
7458	0
7459	0
7460	1
7461	0
7462	0
7463	1
7464	1
7465	1
7466	0
7467	0
7468	0
7469	0
7470	0
7471	1
7472	0
7473	0
7474	0
7475	1
7476	1
7477	0
7478	0
7479	0
7480	0
7481	0
7482	0
7483	0
7484	0
7485	1
7486	1
7487	0
7488	0
7489	0
7490	1
7491	0
7492	0
7493	0
7494	0
7495	2
7496	0
7497	0
7498	0
7499	0
7500	0
7501	1
7502	0
7503	0
7504	0
7505	0
7506	0
7507	0
7508	0
7509	0
7510	1
7511	0
7512	0
7513	1
7514	0
7515	1
7516	0
7517	1
7518	1
7519	0
7520	0
7521	0
7522	0
7523	0
7524	0
7525	0
7526	0
7527	0
7528	0
7529	0
7530	1
7531	0
7532	0
7533	0
7534	0
7535	3
7536	2
7537	1
7538	1
7539	0
7540	0
7541	0
7542	0
7543	2
7544	0
7545	0
7546	0
7547	0
7548	0
7549	0
7550	0
7551	1
7552	0
7553	0
7554	0
7555	0
7556	1
7557	0
7558	0
7559	2
7560	0
7561	0
7562	0
7563	0
7564	0
7565	0
7566	2
7567	1
7568	1
7569	0
7570	0
7571	0
7572	1
7573	0
7574	0
7575	0
7576	1
7577	0
7578	1
7579	0
7580	0
7581	0
7582	0
7583	0
7584	0
7585	0
7586	0
7587	1
7588	0
7589	0
7590	0
7591	1
7592	1
7593	0
7594	0
7595	0
7596	0
7597	0
7598	0
7599	0
7600	0
7601	0
7602	0
7603	0
7604	1
7605	1
7606	1
7607	0
7608	0
7609	2
7610	0
7611	2
7612	0
7613	0
7614	0
7615	0
7616	1
7617	0
7618	0
7619	0
7620	1
7621	0
7622	1
7623	0
7624	0
7625	0
7626	2
7627	1
7628	0
7629	0
7630	0
7631	1
7632	0
7633	0
7634	1
7635	0
7636	0
7637	0
7638	0
7639	0
7640	0
7641	0
7642	1
7643	1
7644	0
7645	0
7646	1
7647	1
7648	2
7649	0
7650	0
7651	0
7652	0
7653	0
7654	0
7655	0
7656	1
7657	0
7658	0
7659	0
7660	0
7661	0
7662	0
7663	0
7664	0
7665	0
7666	0
7667	1
7668	0
7669	1
7670	0
7671	0
7672	0
7673	1
7674	0
7675	1
7676	1
7677	0
7678	0
7679	1
7680	0
7681	0
7682	1
7683	0
7684	1
7685	0
7686	0
7687	1
7688	0
7689	1
7690	0
7691	1
7692	0
7693	0
7694	0
7695	1
7696	1
7697	0
7698	1
7699	0
7700	0
7701	1
7702	0
7703	1
7704	0
7705	1
7706	0
7707	1
7708	0
7709	0
7710	0
7711	0
7712	0
7713	1
7714	0
7715	0
7716	1
7717	0
7718	1
7719	0
7720	1
7721	0
7722	1
7723	0
7724	0
7725	0
7726	1
7727	1
7728	0
7729	1
7730	0
7731	0
7732	0
7733	0
7734	2
7735	0
7736	2
7737	0
7738	0
7739	1
7740	0
7741	0
7742	0
7743	0
7744	0
7745	0
7746	0
7747	1
7748	0
7749	0
7750	0
7751	0
7752	0
7753	3
7754	0
7755	0
7756	0
7757	1
7758	1
7759	0
7760	0
7761	0
7762	1
7763	0
7764	0
7765	0
7766	0
7767	0
7768	0
7769	0
7770	0
7771	0
7772	0
7773	0
7774	0
7775	0
7776	1
7777	0
7778	0
7779	0
7780	0
7781	0
7782	0
7783	0
7784	0
7785	0
7786	1
7787	0
7788	0
7789	0
7790	0
7791	1
7792	0
7793	0
7794	0
7795	0
7796	0
7797	0
7798	0
7799	0
7800	0
7801	0
7802	0
7803	1
7804	0
7805	0
7806	1
7807	0
7808	1
7809	0
7810	1
7811	0
7812	0
7813	0
7814	0
7815	1
7816	0
7817	1
7818	0
7819	0
7820	0
7821	1
7822	0
7823	0
7824	0
7825	0
7826	0
7827	0
7828	0
7829	1
7830	0
7831	0
7832	0
7833	1
7834	0
7835	0
7836	1
7837	0
7838	2
7839	0
7840	0
7841	0
7842	0
7843	0
7844	0
7845	0
7846	0
7847	0
7848	0
7849	0
7850	0
7851	0
7852	0
7853	0
7854	1
7855	1
7856	0
7857	0
7858	0
7859	0
7860	0
7861	0
7862	1
7863	0
7864	1
7865	0
7866	0
7867	0
7868	1
7869	0
7870	0
7871	0
7872	0
7873	0
7874	1
7875	0
7876	1
7877	0
7878	0
7879	0
7880	0
7881	1
7882	0
7883	0
7884	2
7885	0
7886	0
7887	0
7888	1
7889	0
7890	0
7891	0
7892	0
7893	0
7894	0
7895	1
7896	0
7897	0
7898	0
7899	1
7900	0
7901	0
7902	0
7903	1
7904	0
7905	0
7906	0
7907	0
7908	0
7909	1
7910	0
7911	0
7912	0
7913	0
7914	0
7915	0
7916	0
7917	0
7918	1
7919	0
7920	0
7921	0
7922	0
7923	0
7924	0
7925	0
7926	0
7927	1
7928	1
7929	0
7930	1
7931	0
7932	1
7933	0
7934	1
7935	0
7936	0
7937	0
7938	0
7939	1
7940	0
7941	0
7942	0
7943	0
7944	0
7945	0
7946	0
7947	1
7948	0
7949	0
7950	0
7951	0
7952	1
7953	1
7954	0
7955	0
7956	0
7957	0
7958	0
7959	1
7960	0
7961	0
7962	1
7963	0
7964	1
7965	1
7966	0
7967	0
7968	1
7969	0
7970	0
7971	1
7972	0
7973	1
7974	0
7975	0
7976	0
7977	0
7978	0
7979	1
7980	1
7981	0
7982	2
7983	0
7984	0
7985	0
7986	0
7987	0
7988	0
7989	0
7990	0
7991	0
7992	0
7993	0
7994	0
7995	0
7996	0
7997	0
7998	0
7999	0
8000	2
8001	0
8002	0
8003	0
8004	0
8005	1
8006	0
8007	0
8008	1
8009	0
8010	1
8011	0
8012	1
8013	1
8014	0
8015	0
8016	0
8017	0
8018	1
8019	0
8020	0
8021	0
8022	1
8023	0
8024	0
8025	0
8026	0
8027	0
8028	0
8029	0
8030	0
8031	0
8032	0
8033	0
8034	0
8035	0
8036	1
8037	0
8038	0
8039	0
8040	0
8041	0
8042	0
8043	0
8044	1
8045	0
8046	0
8047	2
8048	0
8049	0
8050	1
8051	0
8052	1
8053	0
8054	1
8055	0
8056	0
8057	0
8058	0
8059	1
8060	0
8061	0
8062	0
8063	0
8064	0
8065	0
8066	0
8067	1
8068	0
8069	1
8070	2
8071	0
8072	0
8073	1
8074	0
8075	0
8076	0
8077	0
8078	0
8079	0
8080	0
8081	0
8082	0
8083	1
8084	0
8085	0
8086	0
8087	0
8088	0
8089	0
8090	0
8091	0
8092	0
8093	0
8094	0
8095	0
8096	0
8097	0
8098	0
8099	0
8100	0
8101	0
8102	0
8103	0
8104	0
8105	0
8106	0
8107	0
8108	0
8109	0
8110	0
8111	0
8112	0
8113	0
8114	0
8115	0
8116	0
8117	0
8118	0
8119	0
8120	0
8121	0
8122	0
8123	0
8124	0
8125	0
8126	0
8127	0
8128	0
8129	0
8130	0
8131	0
8132	0
8133	0
8134	0
8135	0
8136	0
8137	0
8138	0
8139	0
8140	0
8141	0
8142	0
8143	0
8144	0
8145	0
8146	0
8147	0
8148	0
8149	0
8150	0
8151	0
8152	0
8153	0
8154	0
8155	0
8156	0
8157	0
8158	0
8159	0
8160	0
8161	0
8162	0
8163	0
8164	0
8165	0
8166	0
8167	0
8168	0
8169	0
8170	0
8171	0
8172	0
8173	0
8174	0
8175	0
8176	0
8177	0
8178	0
8179	0
8180	0
8181	0
8182	0
8183	0
8184	0
8185	0
8186	0
8187	0
8188	0
8189	0
8190	0
8191	0
