0	0
1	0
2	0
3	0
4	0
5	0
6	0
7	0
8	0
9	0
10	0
11	0
12	0
13	0
14	0
15	0
16	0
17	0
18	0
19	0
20	0
21	0
22	0
23	0
24	0
25	0
26	0
27	0
28	0
29	0
30	0
31	0
32	0
33	0
34	0
35	0
36	0
37	0
38	0
39	0
40	0
41	0
42	0
43	0
44	0
45	0
46	0
47	0
48	0
49	0
50	0
51	0
52	0
53	0
54	0
55	0
56	0
57	0
58	0
59	0
60	0
61	0
62	0
63	0
64	0
65	0
66	0
67	0
68	0
69	0
70	0
71	0
72	0
73	0
74	0
75	0
76	0
77	0
78	0
79	0
80	0
81	0
82	0
83	0
84	0
85	1
86	4
87	7
88	17
89	19
90	13
91	24
92	14
93	25
94	19
95	13
96	11
97	14
98	14
99	22
100	10
101	16
102	25
103	11
104	18
105	11
106	14
107	15
108	7
109	12
110	14
111	13
112	16
113	19
114	9
115	9
116	15
117	15
118	18
119	20
120	18
121	11
122	9
123	15
124	11
125	25
126	6
127	17
128	9
129	16
130	13
131	12
132	9
133	11
134	12
135	17
136	8
137	15
138	16
139	18
140	11
141	15
142	13
143	11
144	16
145	10
146	17
147	14
148	20
149	11
150	19
151	16
152	7
153	14
154	19
155	13
156	8
157	16
158	12
159	8
160	14
161	16
162	21
163	25
164	5
165	14
166	14
167	16
168	19
169	10
170	18
171	10
172	12
173	6
174	15
175	13
176	14
177	14
178	10
179	16
180	15
181	12
182	17
183	13
184	23
185	18
186	12
187	11
188	14
189	10
190	19
191	12
192	8
193	17
194	10
195	10
196	15
197	16
198	10
199	19
200	18
201	19
202	10
203	18
204	12
205	18
206	13
207	16
208	9
209	20
210	14
211	17
212	15
213	12
214	16
215	18
216	13
217	13
218	15
219	22
220	13
221	5
222	16
223	11
224	13
225	14
226	9
227	12
228	23
229	13
230	16
231	13
232	18
233	14
234	10
235	20
236	8
237	5
238	13
239	13
240	15
241	15
242	15
243	12
244	10
245	19
246	14
247	16
248	12
249	16
250	15
251	16
252	8
253	14
254	9
255	13
256	12
257	21
258	13
259	17
260	13
261	18
262	11
263	15
264	18
265	27
266	20
267	17
268	13
269	12
270	17
271	14
272	14
273	19
274	9
275	19
276	24
277	13
278	14
279	17
280	15
281	18
282	16
283	17
284	14
285	18
286	13
287	11
288	19
289	14
290	15
291	17
292	14
293	10
294	7
295	21
296	13
297	16
298	17
299	11
300	15
301	18
302	15
303	19
304	14
305	13
306	8
307	12
308	20
309	16
310	23
311	17
312	18
313	17
314	12
315	11
316	11
317	13
318	16
319	16
320	17
321	9
322	21
323	12
324	16
325	17
326	19
327	16
328	22
329	20
330	11
331	14
332	22
333	9
334	14
335	10
336	20
337	11
338	22
339	18
340	14
341	17
342	15
343	11
344	25
345	20
346	19
347	18
348	19
349	17
350	19
351	11
352	16
353	14
354	17
355	16
356	17
357	17
358	20
359	26
360	16
361	20
362	20
363	17
364	19
365	21
366	13
367	15
368	18
369	13
370	17
371	17
372	27
373	25
374	23
375	20
376	16
377	12
378	15
379	18
380	13
381	15
382	15
383	14
384	21
385	20
386	25
387	17
388	13
389	13
390	21
391	23
392	21
393	23
394	13
395	15
396	11
397	17
398	22
399	10
400	15
401	21
402	19
403	12
404	16
405	13
406	15
407	25
408	21
409	15
410	16
411	18
412	15
413	21
414	12
415	14
416	19
417	10
418	13
419	18
420	20
421	16
422	21
423	16
424	18
425	13
426	13
427	17
428	17
429	16
430	19
431	15
432	12
433	11
434	18
435	16
436	16
437	11
438	21
439	18
440	22
441	19
442	17
443	17
444	22
445	17
446	17
447	18
448	16
449	18
450	17
451	18
452	10
453	22
454	11
455	18
456	18
457	20
458	18
459	22
460	22
461	15
462	14
463	22
464	20
465	13
466	17
467	12
468	15
469	24
470	18
471	23
472	18
473	12
474	25
475	19
476	17
477	23
478	12
479	18
480	21
481	23
482	24
483	10
484	23
485	20
486	19
487	23
488	17
489	16
490	17
491	22
492	16
493	12
494	21
495	20
496	20
497	20
498	20
499	27
500	20
501	24
502	18
503	17
504	15
505	15
506	22
507	17
508	27
509	17
510	17
511	22
512	25
513	13
514	15
515	16
516	20
517	27
518	14
519	14
520	18
521	17
522	16
523	19
524	14
525	23
526	27
527	16
528	26
529	23
530	22
531	29
532	26
533	30
534	29
535	28
536	17
537	24
538	18
539	19
540	21
541	20
542	20
543	18
544	31
545	21
546	24
547	23
548	25
549	20
550	26
551	27
552	23
553	21
554	23
555	25
556	38
557	23
558	23
559	27
560	24
561	32
562	27
563	25
564	26
565	24
566	25
567	24
568	30
569	37
570	32
571	38
572	14
573	32
574	31
575	31
576	32
577	42
578	31
579	24
580	31
581	29
582	28
583	26
584	30
585	42
586	43
587	26
588	26
589	25
590	26
591	31
592	34
593	24
594	31
595	34
596	31
597	25
598	31
599	25
600	27
601	33
602	31
603	26
604	30
605	25
606	27
607	28
608	44
609	43
610	30
611	27
612	33
613	30
614	30
615	32
616	39
617	26
618	20
619	32
620	25
621	30
622	27
623	26
624	33
625	32
626	27
627	25
628	44
629	20
630	28
631	20
632	21
633	22
634	28
635	27
636	34
637	30
638	26
639	48
640	25
641	28
642	22
643	31
644	23
645	21
646	27
647	30
648	31
649	19
650	28
651	29
652	23
653	26
654	23
655	27
656	30
657	24
658	31
659	22
660	28
661	26
662	29
663	33
664	23
665	26
666	17
667	29
668	27
669	24
670	31
671	26
672	24
673	28
674	13
675	17
676	33
677	27
678	23
679	26
680	31
681	30
682	27
683	22
684	29
685	21
686	24
687	25
688	20
689	23
690	32
691	33
692	40
693	27
694	21
695	29
696	20
697	22
698	30
699	15
700	16
701	19
702	23
703	21
704	26
705	28
706	25
707	23
708	32
709	21
710	14
711	33
712	25
713	28
714	24
715	31
716	28
717	15
718	17
719	29
720	30
721	26
722	20
723	19
724	25
725	17
726	23
727	22
728	21
729	19
730	29
731	20
732	23
733	24
734	19
735	26
736	25
737	25
738	21
739	20
740	29
741	31
742	23
743	22
744	28
745	29
746	20
747	23
748	24
749	23
750	20
751	22
752	19
753	21
754	25
755	33
756	13
757	19
758	22
759	21
760	31
761	26
762	24
763	24
764	24
765	27
766	20
767	19
768	23
769	22
770	23
771	23
772	16
773	25
774	30
775	23
776	22
777	27
778	20
779	31
780	27
781	25
782	21
783	21
784	18
785	14
786	24
787	19
788	25
789	26
790	30
791	26
792	27
793	26
794	22
795	21
796	22
797	25
798	23
799	23
800	32
801	29
802	15
803	25
804	33
805	27
806	20
807	26
808	19
809	17
810	21
811	20
812	25
813	23
814	29
815	29
816	33
817	28
818	28
819	21
820	22
821	23
822	27
823	30
824	25
825	22
826	19
827	29
828	23
829	27
830	27
831	26
832	24
833	24
834	26
835	21
836	30
837	21
838	27
839	24
840	23
841	38
842	23
843	21
844	23
845	20
846	27
847	29
848	32
849	25
850	20
851	17
852	24
853	38
854	32
855	27
856	24
857	17
858	32
859	28
860	23
861	35
862	21
863	21
864	27
865	25
866	27
867	25
868	28
869	23
870	23
871	24
872	13
873	28
874	21
875	34
876	22
877	27
878	25
879	30
880	29
881	30
882	23
883	29
884	25
885	33
886	25
887	21
888	25
889	33
890	25
891	38
892	25
893	37
894	39
895	33
896	22
897	35
898	26
899	28
900	30
901	23
902	25
903	32
904	26
905	25
906	41
907	31
908	26
909	27
910	30
911	31
912	22
913	32
914	21
915	23
916	27
917	33
918	22
919	26
920	22
921	38
922	28
923	23
924	24
925	33
926	23
927	28
928	36
929	38
930	25
931	22
932	29
933	21
934	23
935	30
936	25
937	31
938	31
939	24
940	28
941	23
942	28
943	34
944	32
945	21
946	38
947	23
948	25
949	37
950	25
951	30
952	30
953	37
954	24
955	22
956	31
957	35
958	28
959	17
960	26
961	23
962	34
963	28
964	30
965	28
966	24
967	36
968	31
969	38
970	36
971	33
972	32
973	31
974	32
975	31
976	32
977	32
978	26
979	36
980	35
981	28
982	39
983	20
984	34
985	28
986	28
987	40
988	34
989	37
990	38
991	32
992	38
993	39
994	24
995	27
996	21
997	33
998	40
999	33
1000	38
1001	44
1002	28
1003	27
1004	32
1005	33
1006	34
1007	25
1008	26
1009	31
1010	31
1011	30
1012	29
1013	34
1014	30
1015	38
1016	25
1017	33
1018	29
1019	30
1020	29
1021	28
1022	29
1023	31
1024	37
1025	30
1026	25
1027	37
1028	44
1029	33
1030	33
1031	23
1032	35
1033	31
1034	33
1035	27
1036	32
1037	28
1038	30
1039	35
1040	35
1041	28
1042	34
1043	31
1044	32
1045	30
1046	33
1047	34
1048	27
1049	30
1050	34
1051	37
1052	29
1053	36
1054	34
1055	31
1056	41
1057	33
1058	33
1059	39
1060	30
1061	28
1062	34
1063	24
1064	29
1065	26
1066	39
1067	37
1068	33
1069	40
1070	26
1071	25
1072	34
1073	34
1074	27
1075	30
1076	35
1077	33
1078	41
1079	29
1080	29
1081	27
1082	32
1083	29
1084	32
1085	30
1086	37
1087	23
1088	34
1089	41
1090	27
1091	27
1092	20
1093	31
1094	27
1095	24
1096	33
1097	40
1098	37
1099	35
1100	32
1101	28
1102	23
1103	39
1104	37
1105	35
1106	36
1107	29
1108	39
1109	26
1110	28
1111	24
1112	25
1113	28
1114	29
1115	31
1116	29
1117	48
1118	41
1119	27
1120	35
1121	31
1122	28
1123	28
1124	25
1125	35
1126	38
1127	29
1128	39
1129	32
1130	37
1131	34
1132	38
1133	37
1134	37
1135	27
1136	33
1137	29
1138	43
1139	27
1140	39
1141	23
1142	26
1143	29
1144	41
1145	34
1146	37
1147	30
1148	33
1149	37
1150	23
1151	34
1152	25
1153	31
1154	36
1155	31
1156	29
1157	35
1158	40
1159	44
1160	39
1161	35
1162	29
1163	38
1164	28
1165	35
1166	38
1167	31
1168	34
1169	26
1170	28
1171	24
1172	40
1173	37
1174	34
1175	24
1176	29
1177	40
1178	34
1179	35
1180	43
1181	25
1182	27
1183	33
1184	32
1185	36
1186	30
1187	32
1188	28
1189	30
1190	28
1191	37
1192	31
1193	26
1194	41
1195	35
1196	24
1197	44
1198	33
1199	21
1200	37
1201	41
1202	33
1203	34
1204	35
1205	24
1206	38
1207	36
1208	34
1209	41
1210	39
1211	27
1212	38
1213	42
1214	35
1215	27
1216	28
1217	27
1218	33
1219	37
1220	32
1221	32
1222	36
1223	38
1224	55
1225	39
1226	26
1227	28
1228	39
1229	31
1230	25
1231	27
1232	34
1233	30
1234	32
1235	30
1236	32
1237	36
1238	31
1239	32
1240	39
1241	29
1242	36
1243	30
1244	40
1245	25
1246	47
1247	25
1248	33
1249	41
1250	33
1251	40
1252	25
1253	36
1254	40
1255	41
1256	37
1257	29
1258	34
1259	33
1260	34
1261	40
1262	39
1263	35
1264	31
1265	38
1266	34
1267	28
1268	33
1269	29
1270	45
1271	37
1272	36
1273	38
1274	45
1275	29
1276	27
1277	23
1278	34
1279	52
1280	28
1281	42
1282	38
1283	28
1284	38
1285	33
1286	34
1287	47
1288	40
1289	40
1290	30
1291	39
1292	37
1293	37
1294	38
1295	26
1296	25
1297	34
1298	37
1299	38
1300	43
1301	33
1302	42
1303	46
1304	18
1305	36
1306	30
1307	27
1308	36
1309	28
1310	32
1311	35
1312	40
1313	30
1314	26
1315	28
1316	35
1317	40
1318	37
1319	31
1320	26
1321	33
1322	37
1323	33
1324	41
1325	35
1326	36
1327	37
1328	30
1329	37
1330	37
1331	54
1332	34
1333	37
1334	33
1335	42
1336	28
1337	38
1338	35
1339	51
1340	36
1341	40
1342	39
1343	42
1344	35
1345	39
1346	34
1347	31
1348	47
1349	31
1350	29
1351	35
1352	36
1353	43
1354	26
1355	40
1356	50
1357	43
1358	32
1359	45
1360	38
1361	32
1362	36
1363	32
1364	34
1365	44
1366	34
1367	38
1368	27
1369	30
1370	46
1371	34
1372	34
1373	38
1374	37
1375	35
1376	38
1377	28
1378	37
1379	34
1380	39
1381	29
1382	38
1383	34
1384	44
1385	30
1386	28
1387	32
1388	31
1389	32
1390	31
1391	31
1392	29
1393	32
1394	32
1395	33
1396	38
1397	35
1398	43
1399	35
1400	38
1401	29
1402	40
1403	32
1404	34
1405	35
1406	42
1407	45
1408	32
1409	34
1410	31
1411	29
1412	29
1413	47
1414	38
1415	39
1416	39
1417	31
1418	28
1419	38
1420	35
1421	32
1422	47
1423	30
1424	36
1425	36
1426	34
1427	36
1428	37
1429	33
1430	33
1431	40
1432	34
1433	36
1434	38
1435	34
1436	40
1437	31
1438	38
1439	35
1440	31
1441	29
1442	41
1443	36
1444	30
1445	42
1446	44
1447	41
1448	34
1449	35
1450	34
1451	33
1452	42
1453	32
1454	42
1455	34
1456	42
1457	39
1458	33
1459	35
1460	41
1461	38
1462	41
1463	42
1464	33
1465	32
1466	35
1467	36
1468	39
1469	38
1470	29
1471	38
1472	38
1473	30
1474	37
1475	36
1476	51
1477	31
1478	35
1479	50
1480	40
1481	42
1482	31
1483	34
1484	34
1485	35
1486	34
1487	33
1488	36
1489	35
1490	38
1491	39
1492	44
1493	30
1494	39
1495	47
1496	38
1497	35
1498	44
1499	35
1500	46
1501	35
1502	23
1503	33
1504	45
1505	43
1506	43
1507	29
1508	25
1509	40
1510	38
1511	41
1512	29
1513	30
1514	37
1515	30
1516	34
1517	39
1518	37
1519	41
1520	34
1521	33
1522	38
1523	41
1524	30
1525	29
1526	44
1527	37
1528	46
1529	24
1530	39
1531	47
1532	38
1533	47
1534	32
1535	33
1536	31
1537	43
1538	32
1539	35
1540	36
1541	46
1542	30
1543	39
1544	46
1545	41
1546	44
1547	42
1548	42
1549	34
1550	34
1551	47
1552	27
1553	52
1554	40
1555	34
1556	33
1557	38
1558	34
1559	41
1560	43
1561	33
1562	41
1563	36
1564	34
1565	44
1566	35
1567	37
1568	33
1569	37
1570	40
1571	45
1572	25
1573	44
1574	39
1575	41
1576	47
1577	42
1578	41
1579	37
1580	32
1581	42
1582	43
1583	36
1584	37
1585	43
1586	40
1587	42
1588	47
1589	36
1590	36
1591	37
1592	32
1593	48
1594	39
1595	47
1596	49
1597	36
1598	36
1599	42
1600	46
1601	36
1602	41
1603	33
1604	42
1605	46
1606	39
1607	35
1608	34
1609	40
1610	34
1611	39
1612	43
1613	36
1614	47
1615	43
1616	45
1617	47
1618	28
1619	48
1620	44
1621	42
1622	41
1623	47
1624	52
1625	49
1626	39
1627	42
1628	48
1629	53
1630	44
1631	42
1632	41
1633	45
1634	45
1635	56
1636	35
1637	37
1638	50
1639	52
1640	38
1641	44
1642	39
1643	49
1644	50
1645	57
1646	58
1647	43
1648	42
1649	53
1650	47
1651	42
1652	43
1653	45
1654	42
1655	35
1656	56
1657	53
1658	49
1659	51
1660	47
1661	40
1662	40
1663	48
1664	51
1665	52
1666	58
1667	57
1668	66
1669	58
1670	45
1671	46
1672	48
1673	52
1674	51
1675	32
1676	54
1677	45
1678	56
1679	50
1680	46
1681	40
1682	62
1683	49
1684	52
1685	67
1686	55
1687	48
1688	48
1689	53
1690	43
1691	68
1692	45
1693	59
1694	62
1695	48
1696	59
1697	48
1698	66
1699	55
1700	49
1701	49
1702	55
1703	55
1704	53
1705	50
1706	58
1707	58
1708	43
1709	34
1710	57
1711	41
1712	47
1713	53
1714	50
1715	65
1716	60
1717	59
1718	54
1719	57
1720	59
1721	43
1722	47
1723	66
1724	59
1725	62
1726	33
1727	59
1728	49
1729	40
1730	46
1731	54
1732	51
1733	61
1734	55
1735	68
1736	47
1737	62
1738	52
1739	43
1740	56
1741	48
1742	49
1743	50
1744	49
1745	57
1746	70
1747	52
1748	63
1749	67
1750	46
1751	50
1752	66
1753	39
1754	56
1755	43
1756	52
1757	57
1758	62
1759	41
1760	48
1761	67
1762	41
1763	48
1764	49
1765	43
1766	52
1767	43
1768	50
1769	58
1770	53
1771	53
1772	59
1773	48
1774	50
1775	55
1776	51
1777	48
1778	41
1779	57
1780	39
1781	48
1782	48
1783	34
1784	39
1785	61
1786	40
1787	47
1788	37
1789	55
1790	49
1791	44
1792	49
1793	49
1794	36
1795	44
1796	51
1797	47
1798	52
1799	56
1800	51
1801	45
1802	50
1803	47
1804	48
1805	48
1806	52
1807	50
1808	40
1809	43
1810	48
1811	42
1812	44
1813	43
1814	47
1815	48
1816	53
1817	41
1818	42
1819	44
1820	51
1821	42
1822	42
1823	39
1824	57
1825	49
1826	36
1827	46
1828	35
1829	35
1830	52
1831	40
1832	31
1833	43
1834	46
1835	34
1836	41
1837	43
1838	34
1839	31
1840	51
1841	43
1842	36
1843	47
1844	37
1845	38
1846	46
1847	43
1848	37
1849	49
1850	57
1851	45
1852	45
1853	25
1854	53
1855	52
1856	46
1857	38
1858	43
1859	32
1860	29
1861	40
1862	46
1863	41
1864	35
1865	35
1866	35
1867	38
1868	32
1869	41
1870	46
1871	30
1872	39
1873	30
1874	28
1875	30
1876	30
1877	34
1878	37
1879	40
1880	37
1881	31
1882	35
1883	41
1884	33
1885	23
1886	38
1887	41
1888	25
1889	35
1890	32
1891	26
1892	37
1893	28
1894	40
1895	30
1896	38
1897	41
1898	35
1899	30
1900	34
1901	26
1902	35
1903	32
1904	41
1905	34
1906	34
1907	49
1908	37
1909	31
1910	28
1911	38
1912	33
1913	33
1914	25
1915	36
1916	26
1917	30
1918	31
1919	17
1920	25
1921	31
1922	23
1923	34
1924	30
1925	28
1926	31
1927	24
1928	27
1929	21
1930	34
1931	35
1932	35
1933	26
1934	26
1935	32
1936	35
1937	24
1938	21
1939	30
1940	35
1941	31
1942	34
1943	28
1944	29
1945	21
1946	20
1947	31
1948	20
1949	30
1950	19
1951	31
1952	29
1953	24
1954	28
1955	27
1956	28
1957	23
1958	31
1959	32
1960	24
1961	28
1962	23
1963	29
1964	23
1965	23
1966	23
1967	22
1968	37
1969	20
1970	21
1971	33
1972	19
1973	30
1974	24
1975	18
1976	34
1977	23
1978	34
1979	22
1980	21
1981	38
1982	25
1983	34
1984	24
1985	28
1986	18
1987	26
1988	30
1989	21
1990	28
1991	29
1992	35
1993	23
1994	30
1995	19
1996	23
1997	23
1998	17
1999	21
2000	34
2001	29
2002	22
2003	23
2004	19
2005	20
2006	30
2007	35
2008	35
2009	19
2010	18
2011	29
2012	27
2013	21
2014	21
2015	35
2016	27
2017	25
2018	23
2019	25
2020	24
2021	26
2022	21
2023	25
2024	27
2025	22
2026	27
2027	27
2028	29
2029	21
2030	29
2031	32
2032	32
2033	28
2034	27
2035	29
2036	16
2037	30
2038	18
2039	28
2040	28
2041	35
2042	24
2043	25
2044	18
2045	26
2046	28
2047	22
2048	19
2049	28
2050	26
2051	27
2052	31
2053	31
2054	33
2055	19
2056	18
2057	40
2058	17
2059	28
2060	23
2061	27
2062	28
2063	21
2064	27
2065	28
2066	25
2067	32
2068	33
2069	13
2070	32
2071	26
2072	30
2073	14
2074	27
2075	26
2076	36
2077	30
2078	29
2079	16
2080	29
2081	29
2082	16
2083	27
2084	29
2085	21
2086	26
2087	27
2088	21
2089	23
2090	25
2091	29
2092	29
2093	34
2094	20
2095	11
2096	31
2097	20
2098	28
2099	17
2100	23
2101	19
2102	16
2103	23
2104	26
2105	20
2106	28
2107	18
2108	24
2109	29
2110	20
2111	20
2112	23
2113	25
2114	27
2115	24
2116	28
2117	26
2118	33
2119	21
2120	24
2121	22
2122	27
2123	22
2124	29
2125	35
2126	32
2127	20
2128	21
2129	23
2130	20
2131	19
2132	21
2133	29
2134	25
2135	25
2136	23
2137	26
2138	25
2139	27
2140	19
2141	26
2142	23
2143	28
2144	27
2145	23
2146	19
2147	30
2148	24
2149	25
2150	23
2151	20
2152	23
2153	26
2154	26
2155	21
2156	35
2157	26
2158	21
2159	20
2160	14
2161	18
2162	17
2163	17
2164	18
2165	20
2166	22
2167	20
2168	17
2169	29
2170	18
2171	28
2172	25
2173	24
2174	18
2175	22
2176	21
2177	17
2178	17
2179	22
2180	17
2181	19
2182	31
2183	24
2184	33
2185	13
2186	18
2187	25
2188	18
2189	16
2190	16
2191	20
2192	26
2193	26
2194	16
2195	31
2196	20
2197	21
2198	23
2199	21
2200	16
2201	15
2202	30
2203	27
2204	18
2205	27
2206	24
2207	29
2208	21
2209	23
2210	23
2211	20
2212	25
2213	8
2214	21
2215	27
2216	29
2217	30
2218	29
2219	29
2220	31
2221	24
2222	22
2223	19
2224	33
2225	32
2226	17
2227	24
2228	22
2229	17
2230	16
2231	17
2232	25
2233	24
2234	16
2235	25
2236	27
2237	18
2238	23
2239	23
2240	18
2241	20
2242	22
2243	23
2244	33
2245	19
2246	24
2247	16
2248	26
2249	24
2250	26
2251	21
2252	23
2253	22
2254	25
2255	18
2256	28
2257	31
2258	20
2259	24
2260	24
2261	28
2262	25
2263	15
2264	25
2265	21
2266	17
2267	22
2268	18
2269	29
2270	17
2271	22
2272	20
2273	20
2274	17
2275	25
2276	28
2277	17
2278	22
2279	23
2280	24
2281	17
2282	23
2283	28
2284	26
2285	18
2286	21
2287	22
2288	24
2289	25
2290	26
2291	24
2292	18
2293	15
2294	24
2295	25
2296	17
2297	15
2298	12
2299	26
2300	21
2301	24
2302	27
2303	20
2304	24
2305	22
2306	15
2307	13
2308	19
2309	22
2310	29
2311	25
2312	21
2313	25
2314	14
2315	20
2316	22
2317	22
2318	24
2319	12
2320	22
2321	14
2322	18
2323	16
2324	19
2325	22
2326	19
2327	27
2328	24
2329	19
2330	19
2331	22
2332	16
2333	25
2334	17
2335	28
2336	26
2337	29
2338	18
2339	17
2340	34
2341	17
2342	34
2343	23
2344	18
2345	19
2346	34
2347	24
2348	18
2349	18
2350	30
2351	13
2352	16
2353	14
2354	22
2355	24
2356	20
2357	32
2358	31
2359	14
2360	17
2361	13
2362	18
2363	19
2364	18
2365	9
2366	22
2367	23
2368	16
2369	11
2370	28
2371	26
2372	22
2373	31
2374	19
2375	19
2376	19
2377	19
2378	30
2379	20
2380	20
2381	22
2382	23
2383	20
2384	26
2385	22
2386	18
2387	25
2388	22
2389	22
2390	16
2391	29
2392	22
2393	24
2394	25
2395	15
2396	16
2397	20
2398	21
2399	13
2400	17
2401	27
2402	16
2403	18
2404	29
2405	17
2406	13
2407	18
2408	20
2409	25
2410	24
2411	21
2412	23
2413	19
2414	17
2415	31
2416	12
2417	11
2418	20
2419	28
2420	19
2421	16
2422	14
2423	22
2424	26
2425	23
2426	21
2427	18
2428	17
2429	24
2430	25
2431	22
2432	24
2433	25
2434	17
2435	17
2436	19
2437	20
2438	14
2439	20
2440	12
2441	19
2442	23
2443	18
2444	22
2445	16
2446	25
2447	26
2448	12
2449	26
2450	14
2451	23
2452	16
2453	16
2454	21
2455	20
2456	23
2457	21
2458	27
2459	17
2460	22
2461	18
2462	20
2463	16
2464	25
2465	17
2466	22
2467	25
2468	20
2469	17
2470	17
2471	18
2472	19
2473	18
2474	19
2475	21
2476	21
2477	26
2478	21
2479	31
2480	10
2481	9
2482	15
2483	32
2484	17
2485	18
2486	23
2487	29
2488	19
2489	26
2490	23
2491	18
2492	13
2493	18
2494	20
2495	20
2496	20
2497	22
2498	20
2499	16
2500	28
2501	18
2502	22
2503	19
2504	18
2505	16
2506	23
2507	20
2508	11
2509	16
2510	24
2511	18
2512	17
2513	22
2514	25
2515	17
2516	10
2517	21
2518	24
2519	20
2520	26
2521	15
2522	14
2523	14
2524	21
2525	22
2526	20
2527	20
2528	23
2529	26
2530	19
2531	27
2532	23
2533	18
2534	21
2535	17
2536	21
2537	20
2538	21
2539	23
2540	24
2541	19
2542	23
2543	20
2544	19
2545	13
2546	17
2547	24
2548	25
2549	21
2550	18
2551	19
2552	33
2553	22
2554	18
2555	21
2556	18
2557	10
2558	22
2559	26
2560	20
2561	22
2562	17
2563	16
2564	24
2565	23
2566	22
2567	10
2568	23
2569	16
2570	24
2571	16
2572	16
2573	13
2574	24
2575	23
2576	22
2577	23
2578	20
2579	18
2580	31
2581	10
2582	19
2583	21
2584	20
2585	17
2586	18
2587	29
2588	21
2589	20
2590	11
2591	18
2592	11
2593	24
2594	19
2595	22
2596	18
2597	16
2598	17
2599	23
2600	17
2601	16
2602	16
2603	25
2604	24
2605	17
2606	14
2607	19
2608	19
2609	22
2610	19
2611	24
2612	19
2613	26
2614	24
2615	27
2616	21
2617	23
2618	26
2619	20
2620	17
2621	18
2622	26
2623	21
2624	21
2625	20
2626	19
2627	11
2628	22
2629	25
2630	24
2631	22
2632	26
2633	25
2634	24
2635	22
2636	19
2637	27
2638	24
2639	23
2640	14
2641	20
2642	19
2643	19
2644	30
2645	23
2646	22
2647	24
2648	24
2649	15
2650	17
2651	22
2652	7
2653	17
2654	17
2655	24
2656	20
2657	18
2658	19
2659	14
2660	17
2661	22
2662	17
2663	18
2664	18
2665	22
2666	25
2667	25
2668	17
2669	22
2670	22
2671	22
2672	16
2673	17
2674	20
2675	19
2676	13
2677	21
2678	22
2679	26
2680	19
2681	16
2682	19
2683	23
2684	20
2685	19
2686	34
2687	19
2688	19
2689	21
2690	25
2691	22
2692	29
2693	26
2694	15
2695	17
2696	21
2697	25
2698	22
2699	18
2700	11
2701	17
2702	15
2703	16
2704	20
2705	17
2706	15
2707	17
2708	13
2709	19
2710	20
2711	20
2712	23
2713	16
2714	19
2715	20
2716	23
2717	20
2718	25
2719	17
2720	23
2721	21
2722	26
2723	23
2724	15
2725	28
2726	16
2727	25
2728	12
2729	17
2730	19
2731	19
2732	20
2733	23
2734	13
2735	17
2736	25
2737	33
2738	20
2739	16
2740	24
2741	11
2742	19
2743	25
2744	30
2745	21
2746	19
2747	26
2748	21
2749	17
2750	24
2751	13
2752	16
2753	21
2754	18
2755	22
2756	24
2757	17
2758	17
2759	20
2760	19
2761	23
2762	23
2763	14
2764	10
2765	17
2766	14
2767	20
2768	26
2769	18
2770	19
2771	23
2772	15
2773	16
2774	21
2775	19
2776	16
2777	19
2778	19
2779	18
2780	16
2781	18
2782	19
2783	16
2784	17
2785	27
2786	21
2787	18
2788	22
2789	17
2790	20
2791	22
2792	16
2793	19
2794	16
2795	20
2796	17
2797	19
2798	13
2799	15
2800	21
2801	21
2802	20
2803	20
2804	22
2805	20
2806	21
2807	20
2808	19
2809	16
2810	13
2811	16
2812	22
2813	26
2814	12
2815	17
2816	23
2817	22
2818	19
2819	12
2820	21
2821	22
2822	22
2823	23
2824	20
2825	22
2826	21
2827	24
2828	21
2829	16
2830	18
2831	17
2832	18
2833	17
2834	15
2835	23
2836	20
2837	15
2838	19
2839	16
2840	22
2841	23
2842	19
2843	17
2844	19
2845	16
2846	15
2847	26
2848	21
2849	18
2850	17
2851	17
2852	16
2853	22
2854	22
2855	17
2856	13
2857	18
2858	10
2859	21
2860	29
2861	21
2862	22
2863	25
2864	20
2865	20
2866	22
2867	14
2868	20
2869	23
2870	25
2871	16
2872	16
2873	20
2874	12
2875	20
2876	16
2877	21
2878	20
2879	20
2880	23
2881	20
2882	19
2883	16
2884	20
2885	16
2886	20
2887	14
2888	22
2889	19
2890	17
2891	20
2892	18
2893	21
2894	14
2895	18
2896	21
2897	17
2898	21
2899	21
2900	13
2901	11
2902	23
2903	14
2904	20
2905	14
2906	21
2907	17
2908	22
2909	24
2910	16
2911	21
2912	14
2913	18
2914	24
2915	20
2916	23
2917	16
2918	13
2919	22
2920	19
2921	20
2922	18
2923	16
2924	18
2925	17
2926	16
2927	22
2928	21
2929	30
2930	17
2931	16
2932	20
2933	12
2934	21
2935	25
2936	20
2937	17
2938	15
2939	19
2940	21
2941	26
2942	19
2943	16
2944	9
2945	14
2946	14
2947	13
2948	17
2949	15
2950	19
2951	22
2952	22
2953	17
2954	16
2955	9
2956	17
2957	21
2958	23
2959	19
2960	13
2961	19
2962	19
2963	13
2964	19
2965	23
2966	14
2967	16
2968	21
2969	25
2970	14
2971	21
2972	14
2973	18
2974	17
2975	22
2976	23
2977	24
2978	15
2979	21
2980	16
2981	15
2982	15
2983	22
2984	27
2985	22
2986	18
2987	15
2988	13
2989	18
2990	16
2991	21
2992	10
2993	19
2994	28
2995	18
2996	24
2997	24
2998	13
2999	14
3000	20
3001	26
3002	9
3003	13
3004	21
3005	15
3006	19
3007	13
3008	16
3009	18
3010	21
3011	15
3012	19
3013	20
3014	21
3015	17
3016	22
3017	21
3018	21
3019	25
3020	23
3021	12
3022	23
3023	15
3024	12
3025	19
3026	14
3027	8
3028	18
3029	18
3030	11
3031	22
3032	27
3033	19
3034	13
3035	11
3036	21
3037	19
3038	22
3039	11
3040	23
3041	17
3042	19
3043	17
3044	14
3045	17
3046	22
3047	17
3048	14
3049	14
3050	11
3051	11
3052	16
3053	20
3054	19
3055	11
3056	21
3057	23
3058	14
3059	21
3060	20
3061	14
3062	21
3063	18
3064	17
3065	28
3066	18
3067	16
3068	13
3069	17
3070	16
3071	16
3072	16
3073	16
3074	19
3075	15
3076	27
3077	22
3078	19
3079	21
3080	16
3081	25
3082	15
3083	16
3084	20
3085	19
3086	21
3087	22
3088	17
3089	25
3090	14
3091	21
3092	12
3093	14
3094	14
3095	22
3096	15
3097	22
3098	12
3099	18
3100	24
3101	20
3102	22
3103	15
3104	16
3105	18
3106	16
3107	21
3108	23
3109	20
3110	14
3111	8
3112	22
3113	26
3114	18
3115	19
3116	12
3117	19
3118	15
3119	19
3120	17
3121	23
3122	15
3123	14
3124	14
3125	19
3126	16
3127	19
3128	18
3129	16
3130	18
3131	17
3132	11
3133	19
3134	12
3135	25
3136	16
3137	16
3138	14
3139	19
3140	15
3141	12
3142	14
3143	19
3144	20
3145	11
3146	20
3147	11
3148	14
3149	14
3150	19
3151	17
3152	11
3153	24
3154	17
3155	18
3156	13
3157	16
3158	16
3159	24
3160	25
3161	17
3162	17
3163	14
3164	19
3165	11
3166	19
3167	16
3168	17
3169	21
3170	9
3171	20
3172	11
3173	11
3174	8
3175	20
3176	14
3177	17
3178	23
3179	26
3180	19
3181	13
3182	20
3183	18
3184	16
3185	19
3186	14
3187	20
3188	10
3189	11
3190	16
3191	12
3192	23
3193	11
3194	16
3195	19
3196	14
3197	15
3198	17
3199	20
3200	10
3201	19
3202	19
3203	25
3204	9
3205	23
3206	15
3207	24
3208	25
3209	19
3210	13
3211	14
3212	11
3213	23
3214	16
3215	17
3216	16
3217	19
3218	16
3219	18
3220	17
3221	20
3222	16
3223	11
3224	27
3225	20
3226	14
3227	17
3228	15
3229	16
3230	17
3231	15
3232	15
3233	20
3234	13
3235	14
3236	23
3237	12
3238	18
3239	13
3240	17
3241	20
3242	19
3243	12
3244	18
3245	17
3246	17
3247	16
3248	25
3249	19
3250	13
3251	13
3252	20
3253	23
3254	13
3255	15
3256	18
3257	11
3258	14
3259	17
3260	12
3261	9
3262	16
3263	18
3264	14
3265	12
3266	21
3267	23
3268	27
3269	22
3270	15
3271	19
3272	20
3273	13
3274	19
3275	17
3276	20
3277	15
3278	16
3279	15
3280	17
3281	9
3282	11
3283	13
3284	12
3285	11
3286	20
3287	20
3288	20
3289	15
3290	20
3291	15
3292	16
3293	20
3294	20
3295	13
3296	10
3297	19
3298	14
3299	16
3300	11
3301	18
3302	14
3303	21
3304	15
3305	17
3306	20
3307	18
3308	15
3309	13
3310	21
3311	16
3312	15
3313	18
3314	15
3315	18
3316	18
3317	14
3318	11
3319	24
3320	12
3321	12
3322	17
3323	14
3324	14
3325	10
3326	10
3327	11
3328	18
3329	13
3330	13
3331	13
3332	10
3333	19
3334	19
3335	11
3336	13
3337	16
3338	8
3339	7
3340	16
3341	23
3342	10
3343	16
3344	19
3345	10
3346	12
3347	12
3348	17
3349	12
3350	12
3351	26
3352	8
3353	15
3354	13
3355	18
3356	11
3357	14
3358	12
3359	13
3360	14
3361	18
3362	24
3363	22
3364	19
3365	18
3366	9
3367	18
3368	18
3369	11
3370	16
3371	16
3372	14
3373	21
3374	13
3375	9
3376	16
3377	18
3378	11
3379	19
3380	10
3381	10
3382	16
3383	13
3384	18
3385	9
3386	14
3387	19
3388	15
3389	22
3390	21
3391	15
3392	12
3393	17
3394	12
3395	16
3396	16
3397	18
3398	9
3399	13
3400	13
3401	13
3402	11
3403	14
3404	14
3405	15
3406	12
3407	9
3408	13
3409	16
3410	16
3411	11
3412	20
3413	14
3414	16
3415	23
3416	16
3417	9
3418	9
3419	11
3420	20
3421	21
3422	12
3423	7
3424	8
3425	11
3426	13
3427	10
3428	17
3429	14
3430	19
3431	15
3432	12
3433	11
3434	13
3435	16
3436	10
3437	13
3438	18
3439	12
3440	14
3441	21
3442	10
3443	10
3444	14
3445	14
3446	13
3447	19
3448	14
3449	11
3450	15
3451	8
3452	15
3453	17
3454	10
3455	17
3456	17
3457	16
3458	19
3459	8
3460	12
3461	10
3462	19
3463	16
3464	24
3465	10
3466	10
3467	6
3468	12
3469	22
3470	24
3471	20
3472	14
3473	18
3474	12
3475	19
3476	12
3477	14
3478	10
3479	7
3480	18
3481	17
3482	21
3483	13
3484	10
3485	17
3486	10
3487	15
3488	16
3489	13
3490	18
3491	19
3492	10
3493	14
3494	13
3495	14
3496	13
3497	9
3498	8
3499	9
3500	17
3501	14
3502	15
3503	12
3504	15
3505	13
3506	18
3507	20
3508	26
3509	12
3510	19
3511	17
3512	14
3513	15
3514	18
3515	15
3516	10
3517	8
3518	12
3519	3
3520	15
3521	19
3522	12
3523	10
3524	12
3525	13
3526	11
3527	18
3528	9
3529	18
3530	15
3531	10
3532	12
3533	14
3534	12
3535	12
3536	10
3537	19
3538	19
3539	17
3540	7
3541	14
3542	12
3543	20
3544	10
3545	17
3546	12
3547	9
3548	6
3549	16
3550	9
3551	12
3552	9
3553	11
3554	23
3555	15
3556	9
3557	13
3558	16
3559	8
3560	10
3561	15
3562	16
3563	13
3564	13
3565	14
3566	10
3567	15
3568	13
3569	11
3570	8
3571	13
3572	15
3573	15
3574	19
3575	6
3576	13
3577	25
3578	13
3579	13
3580	17
3581	22
3582	17
3583	12
3584	9
3585	12
3586	9
3587	16
3588	14
3589	17
3590	24
3591	15
3592	14
3593	13
3594	12
3595	10
3596	13
3597	14
3598	11
3599	15
3600	19
3601	11
3602	7
3603	10
3604	13
3605	17
3606	16
3607	11
3608	16
3609	17
3610	15
3611	14
3612	7
3613	11
3614	13
3615	10
3616	15
3617	14
3618	16
3619	16
3620	5
3621	15
3622	22
3623	13
3624	9
3625	17
3626	17
3627	13
3628	15
3629	6
3630	11
3631	13
3632	18
3633	13
3634	19
3635	12
3636	10
3637	13
3638	24
3639	17
3640	15
3641	14
3642	22
3643	13
3644	11
3645	12
3646	9
3647	16
3648	19
3649	11
3650	15
3651	11
3652	12
3653	11
3654	20
3655	10
3656	12
3657	17
3658	13
3659	14
3660	15
3661	14
3662	17
3663	14
3664	12
3665	17
3666	22
3667	14
3668	15
3669	13
3670	19
3671	14
3672	16
3673	15
3674	11
3675	12
3676	14
3677	15
3678	14
3679	18
3680	15
3681	14
3682	12
3683	20
3684	13
3685	9
3686	13
3687	18
3688	10
3689	17
3690	14
3691	10
3692	16
3693	13
3694	18
3695	16
3696	17
3697	19
3698	9
3699	22
3700	14
3701	12
3702	16
3703	16
3704	11
3705	15
3706	15
3707	12
3708	16
3709	17
3710	10
3711	14
3712	12
3713	7
3714	16
3715	19
3716	10
3717	14
3718	18
3719	5
3720	16
3721	14
3722	16
3723	14
3724	16
3725	19
3726	19
3727	12
3728	8
3729	11
3730	15
3731	14
3732	18
3733	11
3734	9
3735	11
3736	15
3737	13
3738	14
3739	12
3740	14
3741	19
3742	16
3743	22
3744	19
3745	11
3746	19
3747	8
3748	16
3749	10
3750	12
3751	17
3752	13
3753	10
3754	15
3755	8
3756	10
3757	15
3758	16
3759	11
3760	17
3761	20
3762	16
3763	17
3764	17
3765	13
3766	17
3767	18
3768	17
3769	9
3770	10
3771	11
3772	14
3773	16
3774	20
3775	13
3776	18
3777	17
3778	9
3779	10
3780	6
3781	15
3782	11
3783	9
3784	16
3785	15
3786	14
3787	12
3788	10
3789	10
3790	12
3791	16
3792	11
3793	19
3794	7
3795	13
3796	20
3797	19
3798	18
3799	20
3800	19
3801	11
3802	14
3803	11
3804	11
3805	16
3806	19
3807	14
3808	12
3809	9
3810	8
3811	16
3812	14
3813	17
3814	15
3815	10
3816	20
3817	14
3818	9
3819	10
3820	11
3821	15
3822	12
3823	15
3824	16
3825	12
3826	13
3827	18
3828	15
3829	22
3830	14
3831	25
3832	11
3833	14
3834	14
3835	13
3836	17
3837	22
3838	19
3839	13
3840	11
3841	18
3842	6
3843	16
3844	13
3845	14
3846	7
3847	10
3848	14
3849	7
3850	19
3851	8
3852	11
3853	17
3854	8
3855	11
3856	12
3857	13
3858	11
3859	12
3860	17
3861	10
3862	14
3863	15
3864	18
3865	11
3866	13
3867	13
3868	14
3869	12
3870	12
3871	14
3872	18
3873	12
3874	14
3875	12
3876	8
3877	15
3878	17
3879	21
3880	12
3881	14
3882	14
3883	6
3884	13
3885	19
3886	13
3887	11
3888	8
3889	12
3890	12
3891	20
3892	10
3893	10
3894	20
3895	14
3896	13
3897	12
3898	6
3899	20
3900	19
3901	15
3902	11
3903	11
3904	11
3905	16
3906	13
3907	21
3908	15
3909	12
3910	19
3911	8
3912	15
3913	11
3914	11
3915	19
3916	17
3917	21
3918	9
3919	7
3920	11
3921	11
3922	7
3923	14
3924	16
3925	15
3926	17
3927	13
3928	21
3929	18
3930	13
3931	16
3932	10
3933	16
3934	7
3935	20
3936	12
3937	16
3938	8
3939	22
3940	7
3941	15
3942	17
3943	20
3944	19
3945	12
3946	15
3947	14
3948	12
3949	15
3950	17
3951	14
3952	23
3953	20
3954	7
3955	13
3956	13
3957	16
3958	14
3959	13
3960	19
3961	13
3962	11
3963	17
3964	11
3965	14
3966	19
3967	16
3968	13
3969	9
3970	8
3971	19
3972	13
3973	17
3974	17
3975	13
3976	16
3977	14
3978	19
3979	14
3980	18
3981	20
3982	14
3983	12
3984	17
3985	11
3986	18
3987	11
3988	13
3989	12
3990	11
3991	20
3992	12
3993	20
3994	12
3995	21
3996	11
3997	13
3998	15
3999	11
4000	13
4001	19
4002	18
4003	17
4004	16
4005	9
4006	17
4007	10
4008	23
4009	17
4010	11
4011	23
4012	17
4013	12
4014	16
4015	10
4016	15
4017	11
4018	15
4019	9
4020	16
4021	18
4022	13
4023	13
4024	9
4025	16
4026	13
4027	18
4028	8
4029	11
4030	17
4031	14
4032	18
4033	15
4034	16
4035	16
4036	10
4037	11
4038	18
4039	18
4040	16
4041	16
4042	18
4043	13
4044	19
4045	18
4046	22
4047	20
4048	12
4049	13
4050	16
4051	19
4052	20
4053	13
4054	14
4055	13
4056	14
4057	17
4058	15
4059	8
4060	13
4061	13
4062	13
4063	16
4064	8
4065	13
4066	12
4067	12
4068	19
4069	14
4070	30
4071	15
4072	17
4073	15
4074	15
4075	11
4076	15
4077	11
4078	22
4079	14
4080	16
4081	16
4082	19
4083	16
4084	12
4085	11
4086	23
4087	13
4088	9
4089	12
4090	11
4091	11
4092	26
4093	11
4094	14
4095	20
4096	15
4097	13
4098	13
4099	11
4100	10
4101	23
4102	14
4103	13
4104	13
4105	10
4106	16
4107	11
4108	18
4109	19
4110	14
4111	13
4112	13
4113	17
4114	19
4115	15
4116	31
4117	10
4118	13
4119	14
4120	20
4121	19
4122	15
4123	13
4124	19
4125	14
4126	18
4127	24
4128	14
4129	21
4130	21
4131	8
4132	13
4133	18
4134	19
4135	24
4136	12
4137	21
4138	14
4139	15
4140	7
4141	14
4142	13
4143	16
4144	19
4145	9
4146	17
4147	15
4148	16
4149	14
4150	18
4151	16
4152	14
4153	11
4154	11
4155	16
4156	18
4157	22
4158	11
4159	16
4160	18
4161	16
4162	19
4163	10
4164	19
4165	13
4166	16
4167	15
4168	13
4169	14
4170	29
4171	29
4172	16
4173	19
4174	17
4175	24
4176	10
4177	21
4178	19
4179	16
4180	16
4181	23
4182	22
4183	18
4184	19
4185	19
4186	19
4187	15
4188	16
4189	14
4190	19
4191	15
4192	16
4193	17
4194	19
4195	10
4196	19
4197	19
4198	15
4199	14
4200	14
4201	8
4202	15
4203	18
4204	18
4205	17
4206	14
4207	17
4208	14
4209	17
4210	18
4211	18
4212	11
4213	14
4214	7
4215	16
4216	17
4217	13
4218	13
4219	15
4220	16
4221	14
4222	18
4223	19
4224	19
4225	22
4226	20
4227	9
4228	20
4229	16
4230	13
4231	13
4232	16
4233	14
4234	13
4235	16
4236	18
4237	13
4238	21
4239	15
4240	17
4241	19
4242	20
4243	18
4244	14
4245	11
4246	12
4247	8
4248	22
4249	22
4250	15
4251	23
4252	14
4253	17
4254	27
4255	22
4256	19
4257	25
4258	23
4259	15
4260	22
4261	15
4262	14
4263	17
4264	21
4265	13
4266	16
4267	14
4268	19
4269	22
4270	17
4271	15
4272	21
4273	12
4274	14
4275	17
4276	13
4277	26
4278	14
4279	13
4280	13
4281	22
4282	14
4283	17
4284	16
4285	14
4286	21
4287	22
4288	24
4289	17
4290	11
4291	14
4292	23
4293	14
4294	20
4295	16
4296	26
4297	13
4298	16
4299	16
4300	20
4301	15
4302	16
4303	19
4304	26
4305	27
4306	25
4307	23
4308	21
4309	26
4310	17
4311	28
4312	20
4313	24
4314	11
4315	19
4316	14
4317	14
4318	16
4319	12
4320	13
4321	17
4322	23
4323	13
4324	14
4325	13
4326	20
4327	17
4328	19
4329	15
4330	16
4331	14
4332	22
4333	20
4334	18
4335	11
4336	15
4337	23
4338	21
4339	24
4340	12
4341	19
4342	16
4343	16
4344	13
4345	17
4346	19
4347	11
4348	13
4349	18
4350	16
4351	10
4352	24
4353	24
4354	15
4355	16
4356	19
4357	21
4358	13
4359	15
4360	19
4361	20
4362	14
4363	19
4364	13
4365	18
4366	20
4367	17
4368	23
4369	24
4370	27
4371	28
4372	14
4373	13
4374	16
4375	15
4376	13
4377	18
4378	15
4379	15
4380	17
4381	19
4382	19
4383	17
4384	25
4385	16
4386	15
4387	19
4388	15
4389	22
4390	23
4391	19
4392	19
4393	18
4394	16
4395	13
4396	15
4397	16
4398	25
4399	20
4400	16
4401	11
4402	14
4403	17
4404	19
4405	16
4406	11
4407	16
4408	20
4409	13
4410	25
4411	20
4412	20
4413	20
4414	15
4415	18
4416	19
4417	19
4418	24
4419	17
4420	23
4421	16
4422	18
4423	18
4424	20
4425	22
4426	20
4427	22
4428	30
4429	17
4430	22
4431	22
4432	23
4433	28
4434	18
4435	19
4436	19
4437	30
4438	26
4439	29
4440	16
4441	23
4442	16
4443	14
4444	27
4445	18
4446	21
4447	19
4448	22
4449	15
4450	24
4451	24
4452	13
4453	20
4454	27
4455	18
4456	19
4457	18
4458	14
4459	18
4460	19
4461	23
4462	29
4463	20
4464	24
4465	25
4466	24
4467	22
4468	23
4469	20
4470	19
4471	24
4472	17
4473	20
4474	16
4475	14
4476	14
4477	24
4478	21
4479	28
4480	20
4481	22
4482	24
4483	21
4484	19
4485	25
4486	29
4487	20
4488	20
4489	19
4490	21
4491	24
4492	21
4493	22
4494	29
4495	21
4496	16
4497	22
4498	20
4499	25
4500	26
4501	33
4502	22
4503	32
4504	21
4505	24
4506	25
4507	15
4508	16
4509	23
4510	22
4511	25
4512	21
4513	20
4514	20
4515	37
4516	34
4517	28
4518	31
4519	15
4520	21
4521	29
4522	22
4523	20
4524	20
4525	17
4526	26
4527	22
4528	29
4529	19
4530	21
4531	20
4532	24
4533	22
4534	21
4535	30
4536	31
4537	19
4538	31
4539	26
4540	29
4541	27
4542	25
4543	32
4544	28
4545	19
4546	19
4547	32
4548	28
4549	29
4550	32
4551	27
4552	24
4553	25
4554	28
4555	27
4556	13
4557	25
4558	23
4559	30
4560	23
4561	21
4562	21
4563	31
4564	34
4565	30
4566	22
4567	20
4568	24
4569	29
4570	29
4571	32
4572	24
4573	34
4574	31
4575	25
4576	26
4577	29
4578	30
4579	27
4580	36
4581	24
4582	33
4583	20
4584	26
4585	20
4586	32
4587	31
4588	22
4589	27
4590	25
4591	16
4592	29
4593	42
4594	26
4595	22
4596	33
4597	23
4598	32
4599	32
4600	21
4601	29
4602	28
4603	24
4604	28
4605	27
4606	25
4607	28
4608	30
4609	32
4610	26
4611	27
4612	32
4613	28
4614	29
4615	25
4616	18
4617	30
4618	17
4619	37
4620	35
4621	38
4622	36
4623	26
4624	19
4625	33
4626	16
4627	34
4628	45
4629	27
4630	29
4631	40
4632	21
4633	25
4634	27
4635	29
4636	28
4637	34
4638	46
4639	39
4640	32
4641	31
4642	34
4643	28
4644	40
4645	39
4646	29
4647	31
4648	22
4649	27
4650	33
4651	32
4652	33
4653	33
4654	23
4655	27
4656	33
4657	32
4658	28
4659	32
4660	24
4661	32
4662	30
4663	15
4664	23
4665	31
4666	42
4667	36
4668	25
4669	27
4670	30
4671	33
4672	25
4673	38
4674	40
4675	25
4676	32
4677	34
4678	31
4679	28
4680	24
4681	32
4682	30
4683	24
4684	34
4685	29
4686	30
4687	35
4688	25
4689	28
4690	34
4691	23
4692	29
4693	36
4694	33
4695	49
4696	26
4697	27
4698	21
4699	31
4700	25
4701	32
4702	23
4703	42
4704	26
4705	31
4706	25
4707	18
4708	30
4709	28
4710	25
4711	31
4712	22
4713	30
4714	36
4715	34
4716	27
4717	32
4718	26
4719	29
4720	33
4721	30
4722	35
4723	34
4724	35
4725	27
4726	26
4727	29
4728	32
4729	23
4730	32
4731	29
4732	34
4733	32
4734	36
4735	29
4736	19
4737	32
4738	18
4739	27
4740	24
4741	22
4742	29
4743	45
4744	24
4745	23
4746	24
4747	36
4748	27
4749	29
4750	23
4751	34
4752	37
4753	20
4754	21
4755	29
4756	42
4757	25
4758	25
4759	31
4760	19
4761	32
4762	33
4763	22
4764	25
4765	19
4766	21
4767	34
4768	21
4769	37
4770	30
4771	29
4772	18
4773	25
4774	33
4775	28
4776	27
4777	28
4778	20
4779	17
4780	14
4781	19
4782	15
4783	25
4784	26
4785	24
4786	22
4787	23
4788	31
4789	27
4790	28
4791	17
4792	27
4793	23
4794	18
4795	22
4796	26
4797	20
4798	19
4799	34
4800	21
4801	30
4802	26
4803	27
4804	20
4805	27
4806	22
4807	27
4808	26
4809	23
4810	23
4811	27
4812	22
4813	22
4814	19
4815	25
4816	18
4817	16
4818	16
4819	16
4820	13
4821	23
4822	22
4823	27
4824	22
4825	20
4826	23
4827	23
4828	18
4829	25
4830	26
4831	15
4832	18
4833	26
4834	18
4835	14
4836	17
4837	15
4838	22
4839	20
4840	17
4841	22
4842	15
4843	21
4844	17
4845	11
4846	15
4847	14
4848	12
4849	17
4850	20
4851	19
4852	20
4853	21
4854	18
4855	19
4856	8
4857	13
4858	12
4859	12
4860	12
4861	14
4862	9
4863	18
4864	11
4865	8
4866	17
4867	21
4868	22
4869	21
4870	12
4871	15
4872	10
4873	13
4874	10
4875	18
4876	14
4877	15
4878	16
4879	19
4880	12
4881	12
4882	14
4883	12
4884	17
4885	13
4886	11
4887	11
4888	18
4889	15
4890	15
4891	12
4892	9
4893	13
4894	11
4895	11
4896	9
4897	8
4898	7
4899	13
4900	15
4901	10
4902	8
4903	8
4904	16
4905	8
4906	10
4907	7
4908	14
4909	10
4910	15
4911	7
4912	12
4913	9
4914	7
4915	7
4916	13
4917	12
4918	10
4919	9
4920	9
4921	11
4922	7
4923	9
4924	11
4925	12
4926	10
4927	15
4928	3
4929	15
4930	6
4931	5
4932	9
4933	6
4934	10
4935	12
4936	7
4937	7
4938	6
4939	9
4940	8
4941	7
4942	11
4943	7
4944	6
4945	7
4946	3
4947	12
4948	8
4949	9
4950	7
4951	7
4952	13
4953	6
4954	6
4955	8
4956	7
4957	5
4958	5
4959	6
4960	8
4961	5
4962	3
4963	4
4964	8
4965	6
4966	6
4967	7
4968	5
4969	9
4970	8
4971	4
4972	6
4973	6
4974	7
4975	7
4976	2
4977	5
4978	5
4979	3
4980	9
4981	3
4982	11
4983	1
4984	5
4985	5
4986	4
4987	7
4988	3
4989	0
4990	5
4991	2
4992	1
4993	5
4994	5
4995	0
4996	9
4997	8
4998	3
4999	6
5000	2
5001	2
5002	3
5003	4
5004	1
5005	1
5006	3
5007	1
5008	4
5009	2
5010	3
5011	5
5012	2
5013	3
5014	3
5015	1
5016	3
5017	2
5018	3
5019	6
5020	3
5021	2
5022	2
5023	2
5024	3
5025	3
5026	1
5027	2
5028	2
5029	3
5030	4
5031	1
5032	2
5033	4
5034	2
5035	3
5036	3
5037	0
5038	1
5039	0
5040	4
5041	2
5042	1
5043	3
5044	4
5045	0
5046	2
5047	1
5048	1
5049	4
5050	1
5051	2
5052	2
5053	0
5054	1
5055	0
5056	4
5057	3
5058	1
5059	1
5060	2
5061	1
5062	1
5063	2
5064	0
5065	5
5066	1
5067	2
5068	3
5069	0
5070	1
5071	0
5072	0
5073	4
5074	1
5075	1
5076	2
5077	5
5078	2
5079	0
5080	0
5081	2
5082	7
5083	1
5084	1
5085	0
5086	0
5087	3
5088	1
5089	0
5090	1
5091	0
5092	1
5093	1
5094	0
5095	1
5096	1
5097	3
5098	1
5099	1
5100	0
5101	1
5102	0
5103	2
5104	2
5105	1
5106	1
5107	0
5108	3
5109	2
5110	1
5111	3
5112	1
5113	2
5114	1
5115	0
5116	1
5117	0
5118	0
5119	2
5120	2
5121	0
5122	1
5123	0
5124	2
5125	3
5126	0
5127	0
5128	2
5129	1
5130	0
5131	0
5132	0
5133	2
5134	1
5135	0
5136	0
5137	1
5138	0
5139	0
5140	2
5141	0
5142	0
5143	1
5144	1
5145	0
5146	0
5147	0
5148	0
5149	0
5150	0
5151	1
5152	0
5153	3
5154	0
5155	2
5156	0
5157	2
5158	1
5159	0
5160	1
5161	1
5162	0
5163	0
5164	3
5165	0
5166	0
5167	3
5168	1
5169	0
5170	0
5171	0
5172	0
5173	0
5174	3
5175	0
5176	1
5177	2
5178	0
5179	0
5180	0
5181	0
5182	0
5183	1
5184	0
5185	0
5186	0
5187	0
5188	3
5189	1
5190	1
5191	1
5192	1
5193	0
5194	1
5195	0
5196	1
5197	0
5198	1
5199	2
5200	0
5201	1
5202	0
5203	1
5204	1
5205	0
5206	0
5207	0
5208	0
5209	0
5210	1
5211	0
5212	1
5213	0
5214	2
5215	0
5216	0
5217	1
5218	2
5219	1
5220	1
5221	0
5222	0
5223	1
5224	0
5225	1
5226	0
5227	1
5228	0
5229	0
5230	0
5231	0
5232	1
5233	1
5234	0
5235	0
5236	0
5237	0
5238	0
5239	2
5240	2
5241	1
5242	1
5243	0
5244	0
5245	1
5246	1
5247	0
5248	3
5249	1
5250	0
5251	0
5252	0
5253	1
5254	1
5255	3
5256	1
5257	0
5258	0
5259	1
5260	1
5261	0
5262	2
5263	1
5264	0
5265	1
5266	0
5267	1
5268	0
5269	2
5270	0
5271	0
5272	0
5273	0
5274	1
5275	0
5276	0
5277	1
5278	0
5279	0
5280	0
5281	0
5282	0
5283	2
5284	0
5285	0
5286	0
5287	0
5288	2
5289	0
5290	0
5291	1
5292	0
5293	0
5294	1
5295	0
5296	1
5297	0
5298	0
5299	0
5300	1
5301	1
5302	0
5303	1
5304	1
5305	0
5306	2
5307	0
5308	0
5309	1
5310	1
5311	1
5312	0
5313	1
5314	0
5315	3
5316	0
5317	1
5318	0
5319	2
5320	0
5321	0
5322	2
5323	0
5324	1
5325	1
5326	1
5327	1
5328	0
5329	1
5330	1
5331	0
5332	0
5333	0
5334	2
5335	0
5336	0
5337	1
5338	2
5339	0
5340	1
5341	1
5342	1
5343	2
5344	1
5345	1
5346	1
5347	0
5348	0
5349	0
5350	2
5351	0
5352	3
5353	1
5354	0
5355	0
5356	0
5357	0
5358	0
5359	1
5360	0
5361	1
5362	0
5363	1
5364	0
5365	1
5366	0
5367	0
5368	1
5369	0
5370	1
5371	0
5372	0
5373	2
5374	0
5375	0
5376	0
5377	0
5378	0
5379	1
5380	0
5381	0
5382	0
5383	2
5384	1
5385	0
5386	0
5387	1
5388	0
5389	0
5390	0
5391	1
5392	1
5393	1
5394	0
5395	1
5396	1
5397	0
5398	0
5399	0
5400	3
5401	2
5402	0
5403	2
5404	0
5405	3
5406	0
5407	1
5408	0
5409	0
5410	0
5411	2
5412	0
5413	0
5414	1
5415	0
5416	0
5417	0
5418	1
5419	2
5420	1
5421	0
5422	1
5423	0
5424	1
5425	1
5426	0
5427	0
5428	0
5429	0
5430	0
5431	2
5432	0
5433	1
5434	2
5435	0
5436	0
5437	0
5438	0
5439	1
5440	1
5441	0
5442	0
5443	0
5444	0
5445	0
5446	0
5447	0
5448	0
5449	1
5450	1
5451	0
5452	0
5453	1
5454	0
5455	1
5456	3
5457	1
5458	0
5459	1
5460	0
5461	0
5462	0
5463	0
5464	0
5465	0
5466	0
5467	0
5468	0
5469	0
5470	1
5471	1
5472	1
5473	1
5474	1
5475	1
5476	1
5477	0
5478	0
5479	0
5480	0
5481	1
5482	0
5483	0
5484	0
5485	1
5486	0
5487	2
5488	0
5489	2
5490	0
5491	0
5492	0
5493	0
5494	0
5495	2
5496	3
5497	0
5498	0
5499	1
5500	1
5501	0
5502	0
5503	0
5504	0
5505	0
5506	0
5507	0
5508	0
5509	1
5510	0
5511	0
5512	2
5513	0
5514	0
5515	1
5516	0
5517	1
5518	1
5519	0
5520	1
5521	0
5522	1
5523	1
5524	0
5525	0
5526	0
5527	1
5528	0
5529	0
5530	0
5531	1
5532	1
5533	0
5534	1
5535	0
5536	1
5537	2
5538	0
5539	1
5540	0
5541	0
5542	1
5543	0
5544	1
5545	0
5546	1
5547	0
5548	0
5549	1
5550	4
5551	0
5552	1
5553	1
5554	0
5555	0
5556	0
5557	0
5558	2
5559	1
5560	1
5561	0
5562	1
5563	1
5564	0
5565	0
5566	1
5567	0
5568	0
5569	0
5570	1
5571	1
5572	1
5573	0
5574	0
5575	0
5576	1
5577	1
5578	0
5579	0
5580	0
5581	0
5582	0
5583	0
5584	0
5585	0
5586	0
5587	1
5588	0
5589	0
5590	1
5591	0
5592	0
5593	1
5594	0
5595	0
5596	1
5597	0
5598	1
5599	2
5600	0
5601	2
5602	1
5603	0
5604	0
5605	1
5606	0
5607	0
5608	1
5609	0
5610	0
5611	1
5612	0
5613	1
5614	0
5615	0
5616	2
5617	1
5618	0
5619	0
5620	0
5621	2
5622	0
5623	3
5624	0
5625	0
5626	1
5627	0
5628	0
5629	0
5630	1
5631	0
5632	1
5633	0
5634	1
5635	0
5636	0
5637	0
5638	0
5639	0
5640	0
5641	0
5642	0
5643	0
5644	1
5645	1
5646	1
5647	0
5648	0
5649	1
5650	1
5651	0
5652	0
5653	1
5654	1
5655	0
5656	1
5657	0
5658	0
5659	0
5660	0
5661	0
5662	1
5663	0
5664	0
5665	0
5666	1
5667	0
5668	0
5669	0
5670	1
5671	1
5672	1
5673	0
5674	1
5675	0
5676	0
5677	0
5678	1
5679	1
5680	1
5681	0
5682	1
5683	0
5684	1
5685	1
5686	0
5687	0
5688	1
5689	0
5690	0
5691	0
5692	0
5693	0
5694	0
5695	0
5696	0
5697	1
5698	3
5699	2
5700	0
5701	0
5702	0
5703	0
5704	1
5705	0
5706	1
5707	1
5708	0
5709	0
5710	0
5711	0
5712	1
5713	0
5714	0
5715	1
5716	1
5717	0
5718	0
5719	1
5720	0
5721	1
5722	0
5723	1
5724	3
5725	1
5726	1
5727	0
5728	0
5729	0
5730	0
5731	1
5732	1
5733	1
5734	0
5735	2
5736	1
5737	1
5738	0
5739	0
5740	2
5741	0
5742	0
5743	0
5744	0
5745	0
5746	0
5747	0
5748	3
5749	0
5750	0
5751	1
5752	1
5753	1
5754	1
5755	2
5756	0
5757	1
5758	0
5759	0
5760	0
5761	0
5762	1
5763	1
5764	1
5765	0
5766	0
5767	0
5768	0
5769	0
5770	0
5771	0
5772	0
5773	1
5774	1
5775	3
5776	0
5777	3
5778	0
5779	0
5780	0
5781	1
5782	0
5783	0
5784	2
5785	0
5786	1
5787	0
5788	0
5789	0
5790	0
5791	0
5792	0
5793	0
5794	0
5795	0
5796	3
5797	1
5798	0
5799	1
5800	1
5801	1
5802	0
5803	0
5804	0
5805	0
5806	1
5807	0
5808	0
5809	1
5810	0
5811	0
5812	0
5813	0
5814	0
5815	0
5816	0
5817	0
5818	0
5819	0
5820	0
5821	0
5822	0
5823	0
5824	0
5825	0
5826	0
5827	0
5828	0
5829	1
5830	1
5831	0
5832	0
5833	0
5834	1
5835	0
5836	0
5837	1
5838	0
5839	0
5840	1
5841	2
5842	0
5843	1
5844	1
5845	0
5846	1
5847	0
5848	1
5849	0
5850	2
5851	1
5852	1
5853	1
5854	0
5855	0
5856	0
5857	0
5858	0
5859	0
5860	1
5861	0
5862	0
5863	0
5864	0
5865	0
5866	2
5867	0
5868	0
5869	0
5870	0
5871	1
5872	0
5873	0
5874	0
5875	0
5876	0
5877	1
5878	0
5879	0
5880	0
5881	0
5882	0
5883	1
5884	0
5885	1
5886	0
5887	0
5888	0
5889	1
5890	0
5891	0
5892	0
5893	0
5894	0
5895	0
5896	2
5897	1
5898	0
5899	0
5900	1
5901	0
5902	1
5903	0
5904	0
5905	0
5906	0
5907	1
5908	1
5909	0
5910	2
5911	0
5912	0
5913	0
5914	0
5915	1
5916	0
5917	0
5918	0
5919	0
5920	0
5921	0
5922	0
5923	0
5924	0
5925	1
5926	0
5927	1
5928	2
5929	0
5930	1
5931	0
5932	0
5933	1
5934	0
5935	1
5936	1
5937	0
5938	0
5939	0
5940	0
5941	0
5942	0
5943	3
5944	2
5945	0
5946	1
5947	0
5948	0
5949	1
5950	0
5951	0
5952	0
5953	1
5954	0
5955	0
5956	0
5957	0
5958	0
5959	1
5960	0
5961	0
5962	1
5963	1
5964	0
5965	1
5966	0
5967	1
5968	1
5969	2
5970	1
5971	0
5972	2
5973	0
5974	0
5975	1
5976	0
5977	1
5978	0
5979	0
5980	1
5981	0
5982	0
5983	0
5984	0
5985	1
5986	0
5987	0
5988	1
5989	0
5990	0
5991	0
5992	1
5993	1
5994	1
5995	1
5996	1
5997	1
5998	0
5999	0
6000	0
6001	1
6002	0
6003	0
6004	1
6005	1
6006	0
6007	0
6008	1
6009	0
6010	0
6011	0
6012	0
6013	0
6014	0
6015	0
6016	1
6017	0
6018	0
6019	0
6020	1
6021	1
6022	0
6023	0
6024	1
6025	1
6026	0
6027	0
6028	0
6029	0
6030	0
6031	1
6032	0
6033	1
6034	2
6035	0
6036	0
6037	0
6038	1
6039	0
6040	0
6041	0
6042	0
6043	1
6044	0
6045	1
6046	0
6047	1
6048	0
6049	1
6050	0
6051	0
6052	0
6053	0
6054	2
6055	1
6056	0
6057	1
6058	1
6059	1
6060	0
6061	0
6062	2
6063	0
6064	0
6065	2
6066	0
6067	1
6068	0
6069	0
6070	1
6071	0
6072	0
6073	0
6074	0
6075	1
6076	1
6077	1
6078	1
6079	0
6080	1
6081	0
6082	0
6083	0
6084	2
6085	0
6086	0
6087	0
6088	0
6089	1
6090	1
6091	0
6092	0
6093	0
6094	0
6095	0
6096	0
6097	1
6098	1
6099	1
6100	1
6101	1
6102	0
6103	0
6104	0
6105	0
6106	1
6107	0
6108	1
6109	0
6110	0
6111	1
6112	0
6113	1
6114	0
6115	1
6116	0
6117	0
6118	0
6119	2
6120	0
6121	0
6122	1
6123	1
6124	1
6125	0
6126	1
6127	0
6128	1
6129	0
6130	0
6131	0
6132	0
6133	2
6134	1
6135	1
6136	1
6137	1
6138	1
6139	0
6140	2
6141	0
6142	0
6143	0
6144	1
6145	1
6146	0
6147	0
6148	1
6149	0
6150	0
6151	1
6152	0
6153	0
6154	0
6155	0
6156	0
6157	0
6158	1
6159	0
6160	0
6161	0
6162	0
6163	1
6164	0
6165	0
6166	0
6167	0
6168	0
6169	0
6170	1
6171	0
6172	1
6173	0
6174	0
6175	0
6176	0
6177	1
6178	1
6179	0
6180	0
6181	0
6182	1
6183	1
6184	0
6185	0
6186	1
6187	0
6188	0
6189	1
6190	0
6191	0
6192	0
6193	0
6194	0
6195	0
6196	1
6197	0
6198	2
6199	0
6200	1
6201	0
6202	2
6203	1
6204	1
6205	1
6206	1
6207	1
6208	0
6209	0
6210	0
6211	2
6212	1
6213	0
6214	1
6215	0
6216	0
6217	0
6218	1
6219	0
6220	0
6221	0
6222	0
6223	0
6224	1
6225	1
6226	1
6227	1
6228	1
6229	1
6230	0
6231	0
6232	1
6233	0
6234	3
6235	1
6236	2
6237	0
6238	1
6239	0
6240	0
6241	1
6242	0
6243	1
6244	0
6245	0
6246	0
6247	1
6248	1
6249	1
6250	0
6251	0
6252	1
6253	1
6254	0
6255	0
6256	1
6257	0
6258	1
6259	0
6260	0
6261	1
6262	1
6263	0
6264	0
6265	0
6266	1
6267	0
6268	0
6269	0
6270	0
6271	0
6272	0
6273	0
6274	1
6275	1
6276	0
6277	1
6278	0
6279	1
6280	0
6281	3
6282	0
6283	1
6284	0
6285	0
6286	0
6287	0
6288	0
6289	1
6290	0
6291	1
6292	2
6293	0
6294	1
6295	1
6296	0
6297	3
6298	1
6299	1
6300	0
6301	1
6302	0
6303	0
6304	1
6305	0
6306	1
6307	0
6308	1
6309	2
6310	1
6311	0
6312	0
6313	0
6314	0
6315	2
6316	0
6317	0
6318	1
6319	1
6320	0
6321	1
6322	0
6323	1
6324	0
6325	0
6326	0
6327	0
6328	0
6329	0
6330	0
6331	0
6332	0
6333	1
6334	0
6335	0
6336	0
6337	0
6338	0
6339	1
6340	1
6341	0
6342	1
6343	0
6344	0
6345	0
6346	1
6347	1
6348	0
6349	2
6350	0
6351	1
6352	0
6353	0
6354	0
6355	0
6356	0
6357	0
6358	1
6359	0
6360	2
6361	0
6362	0
6363	0
6364	0
6365	0
6366	1
6367	1
6368	1
6369	0
6370	1
6371	1
6372	1
6373	1
6374	1
6375	0
6376	0
6377	0
6378	0
6379	0
6380	0
6381	0
6382	1
6383	0
6384	0
6385	1
6386	1
6387	0
6388	0
6389	0
6390	0
6391	1
6392	0
6393	1
6394	0
6395	0
6396	1
6397	0
6398	1
6399	0
6400	0
6401	2
6402	0
6403	1
6404	0
6405	0
6406	1
6407	0
6408	0
6409	1
6410	0
6411	0
6412	0
6413	0
6414	0
6415	0
6416	0
6417	1
6418	0
6419	1
6420	1
6421	0
6422	0
6423	0
6424	1
6425	0
6426	0
6427	1
6428	1
6429	0
6430	1
6431	1
6432	0
6433	0
6434	0
6435	0
6436	1
6437	0
6438	0
6439	0
6440	0
6441	1
6442	0
6443	1
6444	1
6445	0
6446	0
6447	0
6448	0
6449	1
6450	0
6451	1
6452	1
6453	1
6454	0
6455	1
6456	2
6457	0
6458	0
6459	0
6460	0
6461	0
6462	0
6463	0
6464	0
6465	0
6466	0
6467	0
6468	2
6469	0
6470	0
6471	0
6472	1
6473	0
6474	0
6475	0
6476	0
6477	0
6478	0
6479	0
6480	0
6481	1
6482	0
6483	1
6484	0
6485	0
6486	1
6487	1
6488	1
6489	0
6490	0
6491	0
6492	1
6493	0
6494	3
6495	1
6496	0
6497	0
6498	0
6499	0
6500	0
6501	0
6502	0
6503	2
6504	0
6505	1
6506	0
6507	0
6508	0
6509	1
6510	1
6511	0
6512	0
6513	1
6514	1
6515	0
6516	0
6517	1
6518	0
6519	0
6520	1
6521	1
6522	0
6523	1
6524	0
6525	1
6526	0
6527	0
6528	0
6529	2
6530	1
6531	0
6532	0
6533	1
6534	0
6535	0
6536	1
6537	0
6538	0
6539	1
6540	1
6541	0
6542	0
6543	1
6544	0
6545	0
6546	1
6547	0
6548	0
6549	0
6550	1
6551	2
6552	0
6553	0
6554	0
6555	1
6556	1
6557	1
6558	2
6559	0
6560	0
6561	1
6562	0
6563	1
6564	0
6565	0
6566	0
6567	0
6568	1
6569	0
6570	0
6571	0
6572	1
6573	0
6574	0
6575	1
6576	0
6577	1
6578	0
6579	0
6580	0
6581	1
6582	0
6583	1
6584	0
6585	1
6586	0
6587	0
6588	0
6589	0
6590	0
6591	0
6592	0
6593	1
6594	0
6595	0
6596	0
6597	0
6598	0
6599	1
6600	0
6601	0
6602	0
6603	0
6604	0
6605	0
6606	0
6607	0
6608	0
6609	0
6610	0
6611	1
6612	0
6613	0
6614	0
6615	2
6616	0
6617	0
6618	1
6619	1
6620	0
6621	1
6622	0
6623	1
6624	0
6625	0
6626	1
6627	0
6628	0
6629	1
6630	0
6631	2
6632	2
6633	0
6634	0
6635	1
6636	1
6637	0
6638	0
6639	2
6640	1
6641	0
6642	0
6643	1
6644	1
6645	1
6646	1
6647	0
6648	0
6649	0
6650	1
6651	1
6652	0
6653	1
6654	1
6655	0
6656	0
6657	0
6658	0
6659	0
6660	0
6661	0
6662	0
6663	1
6664	0
6665	0
6666	0
6667	0
6668	1
6669	0
6670	0
6671	1
6672	0
6673	1
6674	0
6675	0
6676	0
6677	1
6678	0
6679	0
6680	0
6681	1
6682	0
6683	0
6684	1
6685	0
6686	0
6687	0
6688	1
6689	0
6690	0
6691	0
6692	0
6693	0
6694	0
6695	1
6696	0
6697	1
6698	2
6699	0
6700	0
6701	0
6702	0
6703	2
6704	0
6705	1
6706	0
6707	0
6708	0
6709	0
6710	1
6711	0
6712	0
6713	1
6714	0
6715	0
6716	1
6717	0
6718	3
6719	1
6720	1
6721	0
6722	0
6723	0
6724	0
6725	0
6726	0
6727	0
6728	1
6729	1
6730	0
6731	0
6732	0
6733	1
6734	0
6735	0
6736	1
6737	1
6738	0
6739	0
6740	0
6741	0
6742	0
6743	1
6744	0
6745	0
6746	1
6747	0
6748	0
6749	0
6750	1
6751	0
6752	0
6753	1
6754	1
6755	1
6756	0
6757	0
6758	0
6759	0
6760	0
6761	1
6762	0
6763	1
6764	0
6765	0
6766	1
6767	0
6768	0
6769	0
6770	0
6771	0
6772	0
6773	0
6774	1
6775	0
6776	0
6777	0
6778	0
6779	0
6780	0
6781	0
6782	0
6783	1
6784	0
6785	1
6786	0
6787	1
6788	0
6789	0
6790	0
6791	1
6792	0
6793	1
6794	0
6795	1
6796	0
6797	0
6798	3
6799	0
6800	0
6801	1
6802	0
6803	0
6804	0
6805	1
6806	0
6807	0
6808	0
6809	0
6810	0
6811	1
6812	0
6813	1
6814	0
6815	1
6816	0
6817	2
6818	1
6819	1
6820	0
6821	1
6822	0
6823	0
6824	0
6825	0
6826	0
6827	0
6828	0
6829	0
6830	0
6831	0
6832	0
6833	0
6834	0
6835	1
6836	1
6837	0
6838	0
6839	0
6840	1
6841	0
6842	0
6843	2
6844	0
6845	0
6846	0
6847	0
6848	0
6849	0
6850	0
6851	0
6852	1
6853	0
6854	0
6855	0
6856	1
6857	0
6858	0
6859	1
6860	0
6861	1
6862	0
6863	0
6864	1
6865	0
6866	1
6867	0
6868	0
6869	0
6870	0
6871	0
6872	0
6873	1
6874	0
6875	0
6876	1
6877	0
6878	0
6879	0
6880	0
6881	0
6882	0
6883	0
6884	0
6885	2
6886	0
6887	1
6888	0
6889	1
6890	0
6891	0
6892	1
6893	0
6894	0
6895	0
6896	1
6897	0
6898	0
6899	0
6900	0
6901	0
6902	0
6903	0
6904	0
6905	0
6906	0
6907	1
6908	0
6909	1
6910	0
6911	0
6912	0
6913	0
6914	0
6915	0
6916	1
6917	2
6918	1
6919	0
6920	1
6921	0
6922	0
6923	1
6924	0
6925	1
6926	0
6927	0
6928	1
6929	0
6930	0
6931	1
6932	0
6933	1
6934	2
6935	0
6936	0
6937	1
6938	1
6939	0
6940	1
6941	1
6942	1
6943	0
6944	0
6945	1
6946	1
6947	2
6948	1
6949	1
6950	1
6951	1
6952	1
6953	0
6954	0
6955	0
6956	1
6957	0
6958	0
6959	1
6960	0
6961	1
6962	0
6963	1
6964	0
6965	0
6966	0
6967	0
6968	1
6969	0
6970	0
6971	1
6972	0
6973	1
6974	0
6975	0
6976	1
6977	2
6978	0
6979	0
6980	1
6981	1
6982	0
6983	0
6984	0
6985	0
6986	1
6987	1
6988	0
6989	0
6990	1
6991	0
6992	0
6993	0
6994	1
6995	0
6996	0
6997	0
6998	1
6999	0
7000	1
7001	0
7002	1
7003	1
7004	0
7005	0
7006	1
7007	0
7008	1
7009	0
7010	1
7011	0
7012	1
7013	1
7014	1
7015	0
7016	0
7017	0
7018	1
7019	2
7020	1
7021	0
7022	0
7023	0
7024	1
7025	0
7026	0
7027	0
7028	0
7029	1
7030	0
7031	0
7032	0
7033	0
7034	0
7035	0
7036	0
7037	1
7038	0
7039	0
7040	0
7041	0
7042	0
7043	0
7044	1
7045	1
7046	0
7047	0
7048	0
7049	1
7050	0
7051	0
7052	1
7053	0
7054	0
7055	0
7056	0
7057	0
7058	0
7059	0
7060	0
7061	0
7062	0
7063	0
7064	0
7065	1
7066	1
7067	1
7068	0
7069	0
7070	1
7071	0
7072	0
7073	0
7074	0
7075	0
7076	0
7077	1
7078	0
7079	0
7080	0
7081	0
7082	2
7083	0
7084	0
7085	1
7086	0
7087	0
7088	1
7089	0
7090	1
7091	2
7092	0
7093	1
7094	0
7095	0
7096	0
7097	0
7098	0
7099	1
7100	0
7101	1
7102	0
7103	0
7104	0
7105	0
7106	0
7107	1
7108	0
7109	0
7110	0
7111	1
7112	0
7113	0
7114	0
7115	0
7116	0
7117	1
7118	0
7119	1
7120	0
7121	0
7122	0
7123	1
7124	0
7125	0
7126	0
7127	0
7128	0
7129	0
7130	0
7131	0
7132	0
7133	1
7134	0
7135	0
7136	0
7137	1
7138	1
7139	0
7140	0
7141	0
7142	0
7143	0
7144	0
7145	0
7146	1
7147	1
7148	0
7149	0
7150	1
7151	0
7152	0
7153	0
7154	0
7155	0
7156	1
7157	0
7158	0
7159	1
7160	0
7161	0
7162	0
7163	1
7164	0
7165	0
7166	0
7167	0
7168	1
7169	1
7170	0
7171	0
7172	0
7173	0
7174	0
7175	0
7176	1
7177	0
7178	1
7179	0
7180	0
7181	2
7182	1
7183	0
7184	0
7185	0
7186	0
7187	0
7188	0
7189	0
7190	0
7191	0
7192	1
7193	0
7194	0
7195	0
7196	0
7197	0
7198	1
7199	1
7200	0
7201	0
7202	0
7203	0
7204	0
7205	0
7206	0
7207	3
7208	0
7209	0
7210	0
7211	0
7212	0
7213	1
7214	0
7215	0
7216	0
7217	0
7218	0
7219	0
7220	1
7221	0
7222	0
7223	0
7224	0
7225	0
7226	0
7227	0
7228	0
7229	0
7230	0
7231	0
7232	0
7233	0
7234	1
7235	0
7236	0
7237	0
7238	0
7239	0
7240	0
7241	0
7242	1
7243	0
7244	0
7245	0
7246	0
7247	1
7248	0
7249	0
7250	0
7251	1
7252	0
7253	0
7254	2
7255	1
7256	0
7257	1
7258	0
7259	0
7260	1
7261	0
7262	1
7263	0
7264	1
7265	0
7266	0
7267	0
7268	0
7269	0
7270	0
7271	0
7272	0
7273	1
7274	0
7275	0
7276	1
7277	0
7278	0
7279	0
7280	1
7281	0
7282	0
7283	0
7284	0
7285	0
7286	0
7287	2
7288	0
7289	0
7290	0
7291	0
7292	0
7293	0
7294	2
7295	1
7296	0
7297	0
7298	0
7299	0
7300	0
7301	0
7302	0
7303	0
7304	0
7305	0
7306	2
7307	1
7308	0
7309	0
7310	0
7311	0
7312	0
7313	0
7314	0
7315	1
7316	1
7317	0
7318	0
7319	0
7320	0
7321	0
7322	0
7323	0
7324	0
7325	0
7326	1
7327	0
7328	1
7329	0
7330	0
7331	0
7332	0
7333	0
7334	0
7335	1
7336	1
7337	0
7338	0
7339	0
7340	0
7341	1
7342	0
7343	0
7344	0
7345	0
7346	0
7347	0
7348	0
7349	0
7350	1
7351	0
7352	0
7353	0
7354	0
7355	0
7356	0
7357	1
7358	0
7359	0
7360	0
7361	0
7362	1
7363	1
7364	0
7365	0
7366	1
7367	0
7368	0
7369	0
7370	0
7371	0
7372	0
7373	0
7374	0
7375	0
7376	1
7377	0
7378	0
7379	2
7380	0
7381	0
7382	0
7383	0
7384	1
7385	0
7386	1
7387	0
7388	0
7389	0
7390	0
7391	1
7392	0
7393	1
7394	0
7395	0
7396	0
7397	0
7398	0
7399	1
7400	0
7401	0
7402	0
7403	0
7404	0
7405	0
7406	0
7407	0
7408	0
7409	0
7410	1
7411	0
7412	0
7413	0
7414	0
7415	1
7416	0
7417	0
7418	0
7419	0
7420	0
7421	0
7422	0
7423	0
7424	0
7425	2
7426	0
7427	0
7428	0
7429	0
7430	0
7431	0
7432	1
7433	0
7434	0
7435	0
7436	0
7437	2
7438	0
7439	0
7440	0
7441	0
7442	0
7443	0
7444	1
7445	0
7446	1
7447	0
7448	1
7449	0
7450	0
7451	1
7452	1
7453	0
7454	1
7455	0
7456	0
7457	0
7458	1
7459	0
7460	0
7461	0
7462	0
7463	0
7464	0
7465	0
7466	0
7467	0
7468	0
7469	1
7470	0
7471	1
7472	0
7473	0
7474	1
7475	0
7476	1
7477	0
7478	0
7479	0
7480	0
7481	0
7482	0
7483	0
7484	0
7485	0
7486	0
7487	1
7488	1
7489	0
7490	0
7491	0
7492	1
7493	0
7494	0
7495	1
7496	2
7497	0
7498	1
7499	0
7500	1
7501	0
7502	3
7503	0
7504	1
7505	0
7506	0
7507	0
7508	1
7509	0
7510	0
7511	0
7512	2
7513	0
7514	0
7515	0
7516	1
7517	2
7518	0
7519	0
7520	0
7521	0
7522	0
7523	0
7524	0
7525	1
7526	0
7527	1
7528	0
7529	0
7530	1
7531	0
7532	1
7533	0
7534	1
7535	0
7536	0
7537	0
7538	0
7539	0
7540	1
7541	0
7542	0
7543	0
7544	0
7545	0
7546	0
7547	0
7548	0
7549	0
7550	0
7551	0
7552	0
7553	0
7554	0
7555	0
7556	0
7557	0
7558	0
7559	0
7560	1
7561	0
7562	0
7563	1
7564	0
7565	0
7566	0
7567	1
7568	0
7569	0
7570	1
7571	1
7572	0
7573	0
7574	0
7575	0
7576	0
7577	0
7578	0
7579	0
7580	0
7581	0
7582	0
7583	0
7584	1
7585	0
7586	0
7587	1
7588	0
7589	0
7590	1
7591	0
7592	0
7593	1
7594	0
7595	0
7596	0
7597	0
7598	1
7599	0
7600	0
7601	0
7602	1
7603	1
7604	0
7605	0
7606	0
7607	0
7608	0
7609	0
7610	0
7611	0
7612	0
7613	0
7614	0
7615	0
7616	0
7617	0
7618	0
7619	1
7620	0
7621	0
7622	1
7623	0
7624	0
7625	0
7626	1
7627	0
7628	0
7629	0
7630	1
7631	0
7632	1
7633	2
7634	1
7635	0
7636	0
7637	2
7638	0
7639	1
7640	0
7641	0
7642	1
7643	0
7644	1
7645	1
7646	0
7647	0
7648	0
7649	0
7650	0
7651	1
7652	0
7653	0
7654	0
7655	1
7656	0
7657	1
7658	0
7659	0
7660	1
7661	0
7662	0
7663	0
7664	0
7665	0
7666	0
7667	1
7668	0
7669	1
7670	1
7671	0
7672	0
7673	0
7674	1
7675	0
7676	0
7677	0
7678	0
7679	1
7680	1
7681	0
7682	0
7683	0
7684	0
7685	1
7686	0
7687	0
7688	0
7689	0
7690	0
7691	0
7692	0
7693	0
7694	2
7695	1
7696	1
7697	2
7698	0
7699	1
7700	0
7701	0
7702	0
7703	0
7704	0
7705	0
7706	0
7707	0
7708	1
7709	1
7710	0
7711	0
7712	1
7713	0
7714	0
7715	0
7716	0
7717	0
7718	0
7719	0
7720	0
7721	0
7722	0
7723	0
7724	0
7725	1
7726	0
7727	0
7728	0
7729	0
7730	0
7731	0
7732	1
7733	0
7734	0
7735	0
7736	0
7737	0
7738	1
7739	0
7740	1
7741	1
7742	0
7743	0
7744	1
7745	0
7746	1
7747	0
7748	0
7749	0
7750	0
7751	0
7752	0
7753	0
7754	0
7755	0
7756	1
7757	0
7758	0
7759	0
7760	0
7761	0
7762	1
7763	1
7764	0
7765	0
7766	0
7767	0
7768	1
7769	0
7770	1
7771	0
7772	0
7773	0
7774	3
7775	0
7776	0
7777	1
7778	0
7779	0
7780	0
7781	1
7782	0
7783	1
7784	0
7785	0
7786	1
7787	0
7788	0
7789	0
7790	1
7791	0
7792	0
7793	0
7794	0
7795	1
7796	0
7797	0
7798	0
7799	0
7800	0
7801	0
7802	0
7803	0
7804	0
7805	0
7806	0
7807	0
7808	0
7809	1
7810	3
7811	0
7812	0
7813	1
7814	0
7815	0
7816	0
7817	1
7818	0
7819	1
7820	0
7821	0
7822	0
7823	0
7824	0
7825	2
7826	0
7827	0
7828	1
7829	0
7830	0
7831	0
7832	1
7833	1
7834	0
7835	0
7836	1
7837	0
7838	0
7839	0
7840	0
7841	1
7842	0
7843	1
7844	0
7845	0
7846	0
7847	0
7848	0
7849	1
7850	0
7851	0
7852	0
7853	3
7854	2
7855	1
7856	0
7857	1
7858	0
7859	0
7860	1
7861	0
7862	0
7863	0
7864	0
7865	0
7866	0
7867	0
7868	0
7869	0
7870	1
7871	0
7872	0
7873	0
7874	0
7875	0
7876	0
7877	0
7878	0
7879	1
7880	0
7881	0
7882	0
7883	1
7884	0
7885	1
7886	0
7887	1
7888	0
7889	0
7890	0
7891	2
7892	0
7893	0
7894	0
7895	0
7896	0
7897	0
7898	0
7899	0
7900	0
7901	0
7902	0
7903	0
7904	0
7905	0
7906	0
7907	0
7908	1
7909	0
7910	1
7911	0
7912	0
7913	2
7914	1
7915	0
7916	0
7917	0
7918	2
7919	1
7920	0
7921	0
7922	0
7923	0
7924	1
7925	1
7926	1
7927	0
7928	0
7929	0
7930	0
7931	0
7932	0
7933	1
7934	0
7935	0
7936	0
7937	0
7938	0
7939	0
7940	0
7941	0
7942	0
7943	1
7944	0
7945	0
7946	0
7947	0
7948	0
7949	0
7950	1
7951	1
7952	0
7953	0
7954	0
7955	0
7956	0
7957	0
7958	2
7959	1
7960	0
7961	0
7962	0
7963	0
7964	0
7965	1
7966	0
7967	0
7968	1
7969	0
7970	0
7971	1
7972	0
7973	2
7974	0
7975	2
7976	0
7977	1
7978	2
7979	0
7980	0
7981	1
7982	0
7983	0
7984	0
7985	0
7986	0
7987	1
7988	1
7989	0
7990	1
7991	0
7992	0
7993	1
7994	0
7995	0
7996	0
7997	0
7998	0
7999	0
8000	0
8001	1
8002	1
8003	0
8004	1
8005	2
8006	0
8007	0
8008	1
8009	2
8010	0
8011	0
8012	0
8013	0
8014	2
8015	0
8016	0
8017	0
8018	0
8019	1
8020	0
8021	0
8022	0
8023	0
8024	0
8025	0
8026	0
8027	0
8028	0
8029	2
8030	1
8031	0
8032	0
8033	1
8034	0
8035	0
8036	1
8037	0
8038	0
8039	1
8040	0
8041	0
8042	0
8043	0
8044	0
8045	0
8046	0
8047	0
8048	0
8049	1
8050	0
8051	0
8052	0
8053	1
8054	0
8055	0
8056	0
8057	0
8058	0
8059	0
8060	0
8061	0
8062	0
8063	0
8064	1
8065	3
8066	1
8067	0
8068	1
8069	1
8070	0
8071	1
8072	1
8073	0
8074	1
8075	0
8076	0
8077	0
8078	0
8079	0
8080	0
8081	0
8082	0
8083	0
8084	0
8085	0
8086	0
8087	0
8088	0
8089	0
8090	0
8091	0
8092	0
8093	0
8094	0
8095	0
8096	0
8097	0
8098	0
8099	0
8100	0
8101	0
8102	0
8103	0
8104	0
8105	0
8106	0
8107	0
8108	0
8109	0
8110	0
8111	0
8112	0
8113	0
8114	0
8115	0
8116	0
8117	0
8118	0
8119	0
8120	0
8121	0
8122	0
8123	0
8124	0
8125	0
8126	0
8127	0
8128	0
8129	0
8130	0
8131	0
8132	0
8133	0
8134	0
8135	0
8136	0
8137	0
8138	0
8139	0
8140	0
8141	0
8142	0
8143	0
8144	0
8145	0
8146	0
8147	0
8148	0
8149	0
8150	0
8151	0
8152	0
8153	0
8154	0
8155	0
8156	0
8157	0
8158	0
8159	0
8160	0
8161	0
8162	0
8163	0
8164	0
8165	0
8166	0
8167	0
8168	0
8169	0
8170	0
8171	0
8172	0
8173	0
8174	0
8175	0
8176	0
8177	0
8178	0
8179	0
8180	0
8181	0
8182	0
8183	0
8184	0
8185	0
8186	0
8187	0
8188	0
8189	0
8190	0
8191	0
