0	0
1	0
2	0
3	0
4	0
5	0
6	0
7	0
8	0
9	0
10	0
11	0
12	0
13	0
14	0
15	0
16	0
17	0
18	0
19	0
20	0
21	0
22	0
23	0
24	0
25	0
26	0
27	0
28	0
29	0
30	0
31	0
32	0
33	0
34	0
35	0
36	0
37	0
38	0
39	0
40	0
41	0
42	0
43	0
44	0
45	0
46	0
47	0
48	0
49	0
50	0
51	0
52	0
53	0
54	0
55	0
56	0
57	0
58	0
59	0
60	0
61	0
62	0
63	0
64	0
65	0
66	0
67	0
68	0
69	0
70	0
71	0
72	0
73	0
74	0
75	0
76	0
77	0
78	0
79	0
80	0
81	0
82	0
83	0
84	0
85	0
86	4
87	22
88	16
89	6
90	14
91	16
92	14
93	15
94	14
95	8
96	12
97	20
98	10
99	13
100	12
101	15
102	15
103	12
104	13
105	9
106	14
107	12
108	18
109	12
110	13
111	11
112	3
113	9
114	11
115	13
116	13
117	17
118	9
119	13
120	10
121	18
122	16
123	15
124	12
125	12
126	25
127	19
128	14
129	19
130	10
131	16
132	12
133	13
134	12
135	16
136	10
137	18
138	17
139	18
140	11
141	15
142	15
143	15
144	12
145	11
146	17
147	13
148	13
149	16
150	9
151	21
152	17
153	15
154	18
155	13
156	10
157	14
158	14
159	17
160	19
161	13
162	15
163	8
164	17
165	15
166	18
167	15
168	12
169	11
170	11
171	15
172	11
173	12
174	16
175	11
176	9
177	13
178	15
179	19
180	11
181	14
182	11
183	19
184	12
185	22
186	14
187	21
188	13
189	17
190	15
191	18
192	12
193	13
194	23
195	11
196	7
197	15
198	11
199	11
200	11
201	10
202	10
203	26
204	13
205	14
206	14
207	14
208	10
209	18
210	16
211	20
212	11
213	12
214	10
215	16
216	15
217	16
218	14
219	23
220	26
221	19
222	15
223	10
224	16
225	17
226	18
227	20
228	17
229	14
230	13
231	10
232	19
233	13
234	15
235	14
236	14
237	19
238	14
239	14
240	13
241	13
242	9
243	12
244	13
245	17
246	14
247	15
248	16
249	25
250	16
251	16
252	10
253	26
254	17
255	24
256	16
257	20
258	17
259	13
260	12
261	11
262	13
263	11
264	7
265	25
266	9
267	15
268	17
269	16
270	13
271	15
272	18
273	15
274	13
275	12
276	16
277	19
278	14
279	10
280	19
281	19
282	14
283	19
284	14
285	17
286	13
287	8
288	13
289	6
290	13
291	16
292	11
293	12
294	18
295	15
296	12
297	16
298	17
299	15
300	15
301	16
302	20
303	17
304	17
305	19
306	12
307	20
308	8
309	17
310	13
311	17
312	18
313	11
314	9
315	15
316	12
317	20
318	9
319	17
320	14
321	13
322	16
323	9
324	17
325	15
326	25
327	18
328	18
329	14
330	17
331	19
332	19
333	17
334	18
335	14
336	17
337	16
338	19
339	20
340	19
341	12
342	18
343	23
344	31
345	13
346	15
347	13
348	22
349	20
350	13
351	18
352	14
353	20
354	17
355	19
356	17
357	20
358	13
359	23
360	14
361	25
362	17
363	18
364	22
365	12
366	15
367	19
368	17
369	18
370	16
371	28
372	21
373	12
374	10
375	15
376	11
377	10
378	19
379	12
380	27
381	13
382	20
383	11
384	10
385	15
386	16
387	27
388	13
389	17
390	14
391	21
392	10
393	18
394	11
395	25
396	18
397	20
398	18
399	19
400	17
401	17
402	21
403	16
404	18
405	16
406	19
407	11
408	17
409	13
410	22
411	16
412	12
413	15
414	13
415	20
416	15
417	15
418	19
419	17
420	21
421	24
422	18
423	11
424	6
425	20
426	15
427	14
428	18
429	20
430	16
431	13
432	10
433	15
434	19
435	15
436	15
437	21
438	15
439	17
440	17
441	19
442	16
443	16
444	14
445	20
446	19
447	12
448	15
449	19
450	17
451	18
452	18
453	22
454	14
455	19
456	18
457	13
458	17
459	14
460	20
461	17
462	20
463	21
464	14
465	11
466	14
467	20
468	18
469	25
470	12
471	17
472	22
473	23
474	18
475	14
476	14
477	21
478	14
479	16
480	20
481	19
482	22
483	22
484	19
485	17
486	18
487	19
488	15
489	20
490	13
491	17
492	25
493	19
494	11
495	12
496	19
497	18
498	21
499	19
500	12
501	22
502	14
503	18
504	20
505	16
506	20
507	11
508	18
509	24
510	29
511	22
512	23
513	16
514	14
515	18
516	10
517	18
518	18
519	17
520	29
521	20
522	24
523	18
524	28
525	23
526	23
527	24
528	30
529	14
530	24
531	22
532	28
533	21
534	23
535	19
536	17
537	25
538	20
539	19
540	31
541	27
542	22
543	24
544	18
545	28
546	20
547	23
548	21
549	26
550	14
551	22
552	31
553	28
554	22
555	23
556	30
557	19
558	23
559	14
560	34
561	22
562	26
563	24
564	23
565	31
566	20
567	23
568	19
569	27
570	34
571	29
572	32
573	19
574	33
575	24
576	24
577	22
578	27
579	32
580	30
581	34
582	31
583	25
584	22
585	28
586	28
587	37
588	37
589	23
590	28
591	30
592	29
593	29
594	33
595	32
596	18
597	21
598	26
599	20
600	31
601	28
602	31
603	18
604	36
605	23
606	25
607	29
608	19
609	36
610	26
611	26
612	24
613	24
614	24
615	28
616	36
617	20
618	34
619	23
620	26
621	24
622	28
623	22
624	31
625	35
626	27
627	31
628	27
629	31
630	36
631	20
632	31
633	23
634	24
635	16
636	30
637	21
638	24
639	22
640	24
641	20
642	34
643	20
644	35
645	18
646	27
647	17
648	19
649	30
650	22
651	20
652	22
653	34
654	23
655	25
656	31
657	20
658	17
659	27
660	29
661	26
662	22
663	21
664	27
665	18
666	39
667	35
668	27
669	21
670	24
671	30
672	28
673	31
674	26
675	25
676	25
677	24
678	23
679	17
680	23
681	18
682	18
683	27
684	23
685	30
686	18
687	27
688	27
689	25
690	21
691	18
692	31
693	19
694	18
695	20
696	29
697	25
698	22
699	19
700	24
701	19
702	21
703	26
704	25
705	22
706	25
707	18
708	20
709	26
710	16
711	24
712	15
713	25
714	25
715	18
716	22
717	20
718	21
719	15
720	20
721	23
722	20
723	15
724	15
725	22
726	29
727	17
728	21
729	25
730	15
731	18
732	23
733	20
734	21
735	18
736	18
737	20
738	20
739	27
740	17
741	27
742	16
743	24
744	16
745	17
746	19
747	21
748	15
749	26
750	18
751	28
752	24
753	26
754	14
755	22
756	24
757	23
758	24
759	19
760	20
761	26
762	26
763	19
764	24
765	28
766	23
767	25
768	34
769	28
770	16
771	21
772	20
773	16
774	17
775	25
776	23
777	31
778	31
779	24
780	16
781	23
782	21
783	21
784	22
785	23
786	24
787	22
788	22
789	21
790	25
791	23
792	24
793	16
794	28
795	26
796	24
797	19
798	21
799	21
800	26
801	18
802	24
803	17
804	21
805	26
806	18
807	21
808	27
809	26
810	27
811	31
812	30
813	20
814	27
815	24
816	27
817	19
818	31
819	23
820	22
821	29
822	24
823	17
824	23
825	19
826	26
827	17
828	23
829	16
830	33
831	27
832	33
833	23
834	18
835	33
836	20
837	26
838	24
839	30
840	19
841	23
842	28
843	26
844	37
845	27
846	24
847	27
848	20
849	15
850	18
851	28
852	31
853	33
854	22
855	32
856	31
857	33
858	33
859	32
860	24
861	30
862	29
863	18
864	29
865	25
866	15
867	31
868	29
869	20
870	24
871	26
872	33
873	26
874	23
875	30
876	28
877	31
878	29
879	33
880	25
881	20
882	26
883	24
884	21
885	36
886	25
887	23
888	21
889	31
890	22
891	21
892	30
893	23
894	36
895	22
896	24
897	22
898	34
899	30
900	29
901	39
902	21
903	31
904	31
905	24
906	27
907	27
908	29
909	20
910	22
911	29
912	36
913	34
914	28
915	24
916	26
917	27
918	33
919	23
920	29
921	25
922	23
923	27
924	34
925	21
926	28
927	29
928	25
929	29
930	19
931	26
932	22
933	29
934	29
935	31
936	28
937	28
938	25
939	30
940	24
941	35
942	22
943	46
944	32
945	25
946	23
947	33
948	33
949	30
950	26
951	26
952	28
953	28
954	23
955	20
956	35
957	28
958	26
959	24
960	28
961	25
962	24
963	27
964	25
965	29
966	25
967	38
968	26
969	31
970	26
971	32
972	37
973	22
974	33
975	34
976	38
977	24
978	25
979	25
980	28
981	22
982	35
983	24
984	32
985	24
986	26
987	38
988	32
989	25
990	38
991	41
992	23
993	25
994	30
995	25
996	35
997	21
998	25
999	30
1000	29
1001	32
1002	25
1003	25
1004	31
1005	30
1006	24
1007	32
1008	24
1009	31
1010	21
1011	33
1012	28
1013	24
1014	28
1015	31
1016	28
1017	25
1018	26
1019	33
1020	26
1021	34
1022	28
1023	21
1024	24
1025	22
1026	34
1027	32
1028	21
1029	27
1030	38
1031	22
1032	26
1033	22
1034	29
1035	29
1036	18
1037	32
1038	28
1039	32
1040	33
1041	26
1042	28
1043	22
1044	29
1045	22
1046	26
1047	34
1048	32
1049	30
1050	25
1051	24
1052	30
1053	28
1054	29
1055	28
1056	23
1057	34
1058	35
1059	20
1060	26
1061	17
1062	35
1063	37
1064	33
1065	37
1066	23
1067	33
1068	25
1069	33
1070	29
1071	31
1072	25
1073	31
1074	28
1075	34
1076	26
1077	24
1078	17
1079	22
1080	41
1081	32
1082	32
1083	24
1084	27
1085	33
1086	29
1087	29
1088	27
1089	33
1090	28
1091	22
1092	25
1093	39
1094	28
1095	31
1096	31
1097	37
1098	26
1099	39
1100	35
1101	34
1102	43
1103	26
1104	31
1105	26
1106	29
1107	28
1108	21
1109	27
1110	30
1111	29
1112	27
1113	21
1114	33
1115	32
1116	40
1117	33
1118	36
1119	29
1120	38
1121	22
1122	36
1123	26
1124	37
1125	25
1126	34
1127	48
1128	31
1129	34
1130	34
1131	38
1132	34
1133	28
1134	35
1135	28
1136	50
1137	39
1138	40
1139	31
1140	31
1141	33
1142	29
1143	29
1144	46
1145	32
1146	42
1147	28
1148	27
1149	33
1150	47
1151	28
1152	40
1153	30
1154	28
1155	27
1156	35
1157	39
1158	30
1159	28
1160	39
1161	28
1162	30
1163	35
1164	29
1165	33
1166	27
1167	26
1168	37
1169	33
1170	38
1171	29
1172	26
1173	33
1174	26
1175	32
1176	33
1177	21
1178	39
1179	26
1180	36
1181	24
1182	29
1183	25
1184	28
1185	26
1186	26
1187	28
1188	34
1189	35
1190	35
1191	33
1192	27
1193	41
1194	41
1195	31
1196	18
1197	36
1198	42
1199	38
1200	23
1201	29
1202	34
1203	30
1204	44
1205	29
1206	23
1207	30
1208	31
1209	29
1210	38
1211	30
1212	30
1213	31
1214	38
1215	25
1216	25
1217	29
1218	34
1219	27
1220	33
1221	33
1222	33
1223	25
1224	26
1225	46
1226	28
1227	34
1228	35
1229	38
1230	31
1231	29
1232	44
1233	33
1234	25
1235	26
1236	31
1237	32
1238	36
1239	50
1240	40
1241	40
1242	40
1243	21
1244	26
1245	38
1246	38
1247	31
1248	34
1249	24
1250	29
1251	33
1252	37
1253	34
1254	24
1255	32
1256	36
1257	22
1258	35
1259	33
1260	36
1261	27
1262	44
1263	28
1264	44
1265	32
1266	33
1267	36
1268	29
1269	35
1270	35
1271	41
1272	34
1273	27
1274	36
1275	26
1276	33
1277	39
1278	29
1279	32
1280	27
1281	30
1282	40
1283	28
1284	27
1285	27
1286	37
1287	26
1288	26
1289	25
1290	30
1291	38
1292	45
1293	36
1294	37
1295	27
1296	42
1297	26
1298	34
1299	24
1300	41
1301	34
1302	40
1303	33
1304	30
1305	40
1306	29
1307	28
1308	39
1309	31
1310	29
1311	45
1312	36
1313	33
1314	32
1315	37
1316	33
1317	22
1318	39
1319	34
1320	40
1321	38
1322	32
1323	34
1324	36
1325	42
1326	38
1327	29
1328	41
1329	32
1330	28
1331	42
1332	29
1333	35
1334	35
1335	35
1336	27
1337	33
1338	38
1339	32
1340	46
1341	38
1342	38
1343	39
1344	26
1345	44
1346	35
1347	31
1348	41
1349	30
1350	31
1351	28
1352	40
1353	34
1354	36
1355	35
1356	26
1357	41
1358	34
1359	23
1360	32
1361	29
1362	39
1363	38
1364	42
1365	35
1366	41
1367	47
1368	37
1369	29
1370	44
1371	41
1372	36
1373	38
1374	34
1375	39
1376	43
1377	27
1378	44
1379	31
1380	33
1381	26
1382	47
1383	35
1384	27
1385	29
1386	29
1387	41
1388	38
1389	41
1390	35
1391	41
1392	38
1393	37
1394	40
1395	48
1396	38
1397	40
1398	29
1399	32
1400	44
1401	34
1402	37
1403	33
1404	38
1405	33
1406	32
1407	37
1408	38
1409	45
1410	36
1411	41
1412	35
1413	38
1414	27
1415	30
1416	33
1417	32
1418	32
1419	34
1420	36
1421	36
1422	32
1423	37
1424	25
1425	33
1426	39
1427	36
1428	36
1429	35
1430	34
1431	33
1432	34
1433	23
1434	34
1435	32
1436	33
1437	39
1438	37
1439	47
1440	36
1441	36
1442	33
1443	26
1444	32
1445	36
1446	39
1447	37
1448	34
1449	39
1450	38
1451	37
1452	40
1453	43
1454	36
1455	35
1456	39
1457	29
1458	36
1459	29
1460	37
1461	41
1462	30
1463	40
1464	36
1465	40
1466	30
1467	37
1468	38
1469	40
1470	40
1471	40
1472	34
1473	40
1474	36
1475	37
1476	33
1477	31
1478	35
1479	33
1480	29
1481	28
1482	30
1483	31
1484	36
1485	24
1486	32
1487	29
1488	30
1489	51
1490	40
1491	38
1492	33
1493	34
1494	38
1495	38
1496	34
1497	27
1498	36
1499	33
1500	33
1501	28
1502	24
1503	35
1504	31
1505	33
1506	28
1507	31
1508	31
1509	33
1510	38
1511	32
1512	30
1513	29
1514	36
1515	39
1516	24
1517	28
1518	23
1519	27
1520	46
1521	33
1522	33
1523	24
1524	39
1525	29
1526	39
1527	23
1528	35
1529	38
1530	38
1531	39
1532	42
1533	25
1534	47
1535	41
1536	36
1537	43
1538	25
1539	28
1540	34
1541	40
1542	29
1543	29
1544	38
1545	25
1546	34
1547	28
1548	31
1549	32
1550	33
1551	35
1552	37
1553	34
1554	34
1555	38
1556	27
1557	36
1558	47
1559	34
1560	29
1561	38
1562	29
1563	37
1564	37
1565	31
1566	31
1567	29
1568	39
1569	28
1570	24
1571	26
1572	37
1573	28
1574	37
1575	36
1576	30
1577	35
1578	26
1579	32
1580	28
1581	39
1582	42
1583	33
1584	26
1585	32
1586	39
1587	35
1588	30
1589	32
1590	35
1591	32
1592	33
1593	29
1594	27
1595	23
1596	32
1597	31
1598	41
1599	26
1600	30
1601	29
1602	27
1603	30
1604	32
1605	31
1606	26
1607	28
1608	26
1609	33
1610	35
1611	30
1612	33
1613	35
1614	22
1615	38
1616	33
1617	36
1618	21
1619	32
1620	35
1621	32
1622	34
1623	28
1624	45
1625	30
1626	34
1627	29
1628	37
1629	19
1630	29
1631	32
1632	24
1633	41
1634	41
1635	27
1636	31
1637	28
1638	28
1639	37
1640	31
1641	31
1642	21
1643	36
1644	22
1645	29
1646	41
1647	33
1648	26
1649	25
1650	30
1651	30
1652	34
1653	33
1654	39
1655	37
1656	23
1657	26
1658	36
1659	27
1660	26
1661	34
1662	41
1663	22
1664	30
1665	28
1666	25
1667	24
1668	33
1669	36
1670	34
1671	32
1672	29
1673	33
1674	24
1675	20
1676	29
1677	34
1678	23
1679	28
1680	32
1681	27
1682	26
1683	26
1684	22
1685	33
1686	30
1687	28
1688	25
1689	32
1690	30
1691	21
1692	26
1693	20
1694	33
1695	34
1696	31
1697	30
1698	25
1699	22
1700	21
1701	34
1702	34
1703	33
1704	25
1705	27
1706	32
1707	22
1708	35
1709	32
1710	32
1711	22
1712	39
1713	28
1714	21
1715	34
1716	23
1717	29
1718	30
1719	36
1720	35
1721	33
1722	22
1723	22
1724	25
1725	31
1726	25
1727	20
1728	24
1729	36
1730	26
1731	20
1732	22
1733	35
1734	24
1735	40
1736	33
1737	28
1738	31
1739	41
1740	28
1741	29
1742	39
1743	29
1744	32
1745	28
1746	29
1747	24
1748	35
1749	32
1750	24
1751	33
1752	26
1753	43
1754	33
1755	30
1756	38
1757	26
1758	26
1759	22
1760	27
1761	30
1762	31
1763	36
1764	28
1765	24
1766	29
1767	34
1768	30
1769	19
1770	26
1771	21
1772	17
1773	30
1774	35
1775	35
1776	24
1777	27
1778	24
1779	34
1780	31
1781	25
1782	28
1783	34
1784	24
1785	21
1786	35
1787	32
1788	39
1789	27
1790	28
1791	19
1792	25
1793	26
1794	26
1795	22
1796	33
1797	31
1798	24
1799	26
1800	31
1801	36
1802	26
1803	25
1804	21
1805	26
1806	32
1807	33
1808	27
1809	30
1810	23
1811	25
1812	30
1813	24
1814	23
1815	27
1816	39
1817	24
1818	29
1819	25
1820	33
1821	23
1822	37
1823	33
1824	38
1825	24
1826	30
1827	25
1828	26
1829	19
1830	35
1831	26
1832	30
1833	32
1834	20
1835	24
1836	25
1837	22
1838	26
1839	24
1840	21
1841	29
1842	25
1843	35
1844	30
1845	21
1846	30
1847	34
1848	28
1849	27
1850	24
1851	19
1852	30
1853	29
1854	25
1855	29
1856	22
1857	28
1858	19
1859	31
1860	26
1861	36
1862	22
1863	33
1864	33
1865	32
1866	33
1867	27
1868	22
1869	25
1870	29
1871	29
1872	26
1873	27
1874	30
1875	20
1876	27
1877	24
1878	32
1879	17
1880	26
1881	36
1882	23
1883	28
1884	33
1885	20
1886	30
1887	37
1888	22
1889	27
1890	32
1891	24
1892	33
1893	30
1894	27
1895	21
1896	28
1897	37
1898	30
1899	23
1900	24
1901	22
1902	27
1903	16
1904	25
1905	31
1906	22
1907	23
1908	26
1909	22
1910	33
1911	23
1912	19
1913	25
1914	26
1915	22
1916	24
1917	15
1918	23
1919	12
1920	23
1921	25
1922	36
1923	32
1924	24
1925	27
1926	32
1927	21
1928	20
1929	20
1930	15
1931	22
1932	23
1933	23
1934	17
1935	23
1936	26
1937	31
1938	34
1939	18
1940	25
1941	30
1942	20
1943	31
1944	20
1945	21
1946	20
1947	22
1948	28
1949	26
1950	16
1951	21
1952	29
1953	26
1954	22
1955	24
1956	24
1957	22
1958	25
1959	22
1960	26
1961	18
1962	21
1963	25
1964	23
1965	36
1966	24
1967	33
1968	21
1969	24
1970	27
1971	27
1972	30
1973	25
1974	17
1975	20
1976	24
1977	22
1978	23
1979	19
1980	23
1981	25
1982	28
1983	27
1984	30
1985	23
1986	26
1987	28
1988	25
1989	24
1990	23
1991	23
1992	23
1993	18
1994	25
1995	26
1996	26
1997	31
1998	39
1999	31
2000	26
2001	24
2002	24
2003	22
2004	32
2005	27
2006	27
2007	36
2008	16
2009	25
2010	20
2011	29
2012	23
2013	32
2014	25
2015	22
2016	15
2017	24
2018	26
2019	19
2020	20
2021	29
2022	21
2023	26
2024	29
2025	17
2026	12
2027	26
2028	17
2029	26
2030	23
2031	29
2032	26
2033	28
2034	22
2035	37
2036	24
2037	25
2038	26
2039	26
2040	26
2041	26
2042	23
2043	20
2044	21
2045	30
2046	15
2047	20
2048	25
2049	20
2050	20
2051	26
2052	27
2053	29
2054	28
2055	24
2056	20
2057	25
2058	25
2059	26
2060	32
2061	17
2062	24
2063	20
2064	25
2065	22
2066	27
2067	17
2068	26
2069	15
2070	26
2071	19
2072	27
2073	30
2074	28
2075	34
2076	11
2077	14
2078	24
2079	32
2080	17
2081	23
2082	20
2083	33
2084	27
2085	18
2086	18
2087	22
2088	28
2089	17
2090	19
2091	26
2092	30
2093	18
2094	23
2095	25
2096	24
2097	14
2098	24
2099	25
2100	27
2101	16
2102	29
2103	33
2104	28
2105	21
2106	25
2107	15
2108	19
2109	23
2110	15
2111	22
2112	22
2113	25
2114	16
2115	20
2116	26
2117	12
2118	17
2119	26
2120	23
2121	20
2122	22
2123	23
2124	24
2125	16
2126	18
2127	24
2128	24
2129	13
2130	16
2131	23
2132	19
2133	21
2134	30
2135	35
2136	31
2137	21
2138	26
2139	24
2140	24
2141	27
2142	35
2143	19
2144	24
2145	21
2146	17
2147	29
2148	23
2149	31
2150	21
2151	21
2152	23
2153	20
2154	15
2155	22
2156	27
2157	31
2158	26
2159	27
2160	24
2161	26
2162	22
2163	35
2164	22
2165	29
2166	23
2167	26
2168	24
2169	23
2170	32
2171	24
2172	21
2173	16
2174	30
2175	26
2176	17
2177	27
2178	15
2179	23
2180	24
2181	27
2182	21
2183	23
2184	20
2185	25
2186	24
2187	19
2188	24
2189	32
2190	30
2191	26
2192	24
2193	25
2194	16
2195	20
2196	21
2197	22
2198	18
2199	20
2200	19
2201	26
2202	25
2203	24
2204	23
2205	24
2206	26
2207	18
2208	25
2209	27
2210	29
2211	19
2212	22
2213	32
2214	23
2215	21
2216	20
2217	25
2218	22
2219	28
2220	27
2221	17
2222	29
2223	24
2224	26
2225	21
2226	22
2227	21
2228	20
2229	23
2230	19
2231	23
2232	30
2233	20
2234	23
2235	21
2236	20
2237	21
2238	23
2239	28
2240	22
2241	16
2242	22
2243	21
2244	23
2245	22
2246	24
2247	19
2248	18
2249	15
2250	26
2251	21
2252	26
2253	28
2254	15
2255	24
2256	15
2257	26
2258	22
2259	22
2260	25
2261	27
2262	30
2263	30
2264	19
2265	22
2266	14
2267	25
2268	25
2269	30
2270	28
2271	28
2272	24
2273	29
2274	23
2275	22
2276	34
2277	19
2278	20
2279	26
2280	20
2281	24
2282	25
2283	22
2284	26
2285	28
2286	14
2287	23
2288	31
2289	15
2290	24
2291	27
2292	23
2293	35
2294	18
2295	16
2296	15
2297	21
2298	31
2299	25
2300	27
2301	23
2302	16
2303	32
2304	28
2305	22
2306	26
2307	24
2308	17
2309	19
2310	23
2311	16
2312	26
2313	22
2314	21
2315	20
2316	29
2317	24
2318	16
2319	26
2320	27
2321	25
2322	26
2323	26
2324	22
2325	22
2326	25
2327	16
2328	25
2329	23
2330	15
2331	17
2332	23
2333	20
2334	17
2335	22
2336	18
2337	27
2338	13
2339	20
2340	23
2341	26
2342	17
2343	23
2344	25
2345	19
2346	22
2347	21
2348	14
2349	17
2350	25
2351	21
2352	23
2353	17
2354	29
2355	20
2356	22
2357	20
2358	21
2359	18
2360	26
2361	18
2362	15
2363	19
2364	24
2365	25
2366	19
2367	21
2368	14
2369	14
2370	24
2371	20
2372	20
2373	18
2374	19
2375	16
2376	13
2377	20
2378	22
2379	16
2380	22
2381	21
2382	15
2383	22
2384	26
2385	14
2386	19
2387	20
2388	28
2389	21
2390	29
2391	20
2392	14
2393	16
2394	20
2395	26
2396	23
2397	29
2398	21
2399	25
2400	24
2401	21
2402	25
2403	23
2404	16
2405	15
2406	21
2407	21
2408	19
2409	19
2410	24
2411	25
2412	24
2413	24
2414	28
2415	22
2416	21
2417	23
2418	17
2419	20
2420	10
2421	20
2422	14
2423	15
2424	16
2425	20
2426	25
2427	21
2428	29
2429	20
2430	26
2431	15
2432	21
2433	25
2434	30
2435	23
2436	21
2437	28
2438	27
2439	29
2440	15
2441	25
2442	20
2443	24
2444	24
2445	18
2446	21
2447	19
2448	24
2449	24
2450	17
2451	25
2452	16
2453	17
2454	24
2455	17
2456	17
2457	24
2458	20
2459	22
2460	14
2461	20
2462	10
2463	23
2464	19
2465	28
2466	23
2467	24
2468	20
2469	19
2470	23
2471	25
2472	19
2473	21
2474	22
2475	15
2476	19
2477	22
2478	29
2479	24
2480	20
2481	19
2482	16
2483	23
2484	23
2485	16
2486	20
2487	11
2488	15
2489	22
2490	20
2491	25
2492	25
2493	18
2494	16
2495	16
2496	22
2497	17
2498	24
2499	22
2500	21
2501	18
2502	22
2503	22
2504	25
2505	26
2506	16
2507	19
2508	20
2509	18
2510	20
2511	20
2512	19
2513	20
2514	25
2515	19
2516	16
2517	17
2518	20
2519	23
2520	24
2521	15
2522	24
2523	23
2524	18
2525	21
2526	21
2527	18
2528	14
2529	16
2530	13
2531	25
2532	23
2533	14
2534	18
2535	21
2536	22
2537	18
2538	25
2539	31
2540	21
2541	17
2542	19
2543	19
2544	20
2545	19
2546	21
2547	18
2548	26
2549	18
2550	21
2551	18
2552	28
2553	27
2554	15
2555	17
2556	18
2557	25
2558	19
2559	18
2560	17
2561	20
2562	15
2563	30
2564	29
2565	21
2566	25
2567	16
2568	22
2569	21
2570	28
2571	25
2572	28
2573	26
2574	16
2575	24
2576	16
2577	27
2578	12
2579	21
2580	17
2581	25
2582	22
2583	17
2584	21
2585	16
2586	22
2587	26
2588	36
2589	19
2590	23
2591	26
2592	17
2593	21
2594	21
2595	23
2596	25
2597	27
2598	20
2599	22
2600	18
2601	22
2602	20
2603	17
2604	13
2605	14
2606	17
2607	13
2608	22
2609	24
2610	27
2611	20
2612	17
2613	29
2614	26
2615	23
2616	21
2617	17
2618	15
2619	20
2620	20
2621	22
2622	15
2623	25
2624	14
2625	21
2626	17
2627	24
2628	30
2629	20
2630	18
2631	22
2632	16
2633	30
2634	16
2635	17
2636	26
2637	20
2638	26
2639	20
2640	14
2641	18
2642	14
2643	19
2644	20
2645	22
2646	19
2647	19
2648	24
2649	23
2650	11
2651	19
2652	21
2653	26
2654	18
2655	19
2656	18
2657	17
2658	20
2659	32
2660	17
2661	22
2662	14
2663	19
2664	19
2665	17
2666	15
2667	26
2668	16
2669	17
2670	17
2671	31
2672	16
2673	15
2674	20
2675	19
2676	19
2677	14
2678	15
2679	24
2680	21
2681	24
2682	25
2683	19
2684	16
2685	20
2686	17
2687	21
2688	21
2689	16
2690	21
2691	18
2692	22
2693	23
2694	23
2695	12
2696	34
2697	20
2698	20
2699	27
2700	17
2701	20
2702	20
2703	28
2704	24
2705	30
2706	21
2707	16
2708	13
2709	13
2710	12
2711	26
2712	16
2713	13
2714	20
2715	19
2716	16
2717	21
2718	17
2719	20
2720	15
2721	17
2722	16
2723	15
2724	20
2725	20
2726	18
2727	29
2728	16
2729	16
2730	28
2731	12
2732	24
2733	13
2734	8
2735	17
2736	18
2737	21
2738	16
2739	19
2740	9
2741	15
2742	19
2743	23
2744	10
2745	21
2746	21
2747	15
2748	28
2749	24
2750	22
2751	17
2752	17
2753	17
2754	20
2755	12
2756	16
2757	16
2758	24
2759	17
2760	20
2761	19
2762	23
2763	19
2764	17
2765	20
2766	20
2767	17
2768	17
2769	14
2770	18
2771	14
2772	15
2773	12
2774	18
2775	18
2776	20
2777	9
2778	19
2779	26
2780	18
2781	28
2782	18
2783	22
2784	29
2785	28
2786	11
2787	15
2788	16
2789	20
2790	18
2791	22
2792	21
2793	24
2794	19
2795	16
2796	25
2797	13
2798	17
2799	13
2800	18
2801	22
2802	17
2803	16
2804	29
2805	22
2806	22
2807	12
2808	24
2809	18
2810	18
2811	15
2812	24
2813	22
2814	21
2815	22
2816	21
2817	17
2818	14
2819	15
2820	17
2821	10
2822	24
2823	26
2824	25
2825	21
2826	23
2827	14
2828	13
2829	13
2830	22
2831	21
2832	21
2833	20
2834	27
2835	22
2836	23
2837	24
2838	25
2839	25
2840	13
2841	15
2842	20
2843	26
2844	25
2845	15
2846	27
2847	14
2848	13
2849	20
2850	18
2851	15
2852	26
2853	12
2854	18
2855	21
2856	18
2857	23
2858	13
2859	22
2860	22
2861	13
2862	11
2863	15
2864	21
2865	25
2866	16
2867	21
2868	13
2869	16
2870	12
2871	13
2872	20
2873	17
2874	23
2875	14
2876	15
2877	23
2878	21
2879	18
2880	26
2881	20
2882	14
2883	15
2884	18
2885	21
2886	16
2887	13
2888	20
2889	26
2890	13
2891	17
2892	21
2893	18
2894	11
2895	23
2896	23
2897	19
2898	28
2899	18
2900	25
2901	13
2902	21
2903	25
2904	22
2905	29
2906	23
2907	17
2908	23
2909	19
2910	31
2911	17
2912	23
2913	16
2914	22
2915	18
2916	13
2917	23
2918	28
2919	19
2920	16
2921	18
2922	14
2923	18
2924	18
2925	18
2926	16
2927	19
2928	13
2929	18
2930	18
2931	14
2932	16
2933	25
2934	12
2935	17
2936	11
2937	22
2938	15
2939	14
2940	15
2941	19
2942	18
2943	18
2944	14
2945	16
2946	21
2947	13
2948	18
2949	18
2950	16
2951	9
2952	21
2953	19
2954	20
2955	29
2956	17
2957	16
2958	15
2959	21
2960	21
2961	14
2962	18
2963	12
2964	12
2965	24
2966	19
2967	20
2968	15
2969	23
2970	13
2971	19
2972	18
2973	21
2974	14
2975	20
2976	12
2977	18
2978	19
2979	13
2980	20
2981	12
2982	19
2983	14
2984	12
2985	23
2986	12
2987	26
2988	22
2989	16
2990	16
2991	19
2992	16
2993	16
2994	18
2995	15
2996	16
2997	20
2998	24
2999	24
3000	16
3001	14
3002	20
3003	16
3004	22
3005	12
3006	10
3007	15
3008	21
3009	15
3010	20
3011	20
3012	22
3013	19
3014	21
3015	17
3016	17
3017	22
3018	18
3019	18
3020	16
3021	15
3022	16
3023	21
3024	16
3025	17
3026	21
3027	22
3028	19
3029	19
3030	12
3031	24
3032	16
3033	21
3034	20
3035	21
3036	22
3037	18
3038	16
3039	14
3040	15
3041	25
3042	17
3043	16
3044	14
3045	17
3046	15
3047	20
3048	16
3049	20
3050	20
3051	22
3052	19
3053	27
3054	21
3055	17
3056	21
3057	18
3058	11
3059	13
3060	11
3061	14
3062	12
3063	16
3064	16
3065	18
3066	13
3067	18
3068	14
3069	20
3070	14
3071	19
3072	15
3073	16
3074	14
3075	13
3076	9
3077	14
3078	12
3079	25
3080	16
3081	12
3082	20
3083	23
3084	14
3085	15
3086	19
3087	19
3088	13
3089	22
3090	24
3091	14
3092	11
3093	16
3094	33
3095	24
3096	20
3097	18
3098	20
3099	17
3100	18
3101	22
3102	14
3103	20
3104	19
3105	15
3106	18
3107	13
3108	14
3109	21
3110	24
3111	21
3112	13
3113	15
3114	23
3115	26
3116	12
3117	18
3118	18
3119	17
3120	12
3121	15
3122	13
3123	23
3124	15
3125	15
3126	25
3127	29
3128	20
3129	13
3130	24
3131	21
3132	16
3133	12
3134	13
3135	29
3136	17
3137	11
3138	14
3139	22
3140	18
3141	16
3142	9
3143	16
3144	18
3145	18
3146	15
3147	23
3148	21
3149	17
3150	12
3151	11
3152	11
3153	11
3154	19
3155	18
3156	17
3157	18
3158	15
3159	18
3160	12
3161	17
3162	11
3163	12
3164	16
3165	24
3166	20
3167	20
3168	19
3169	22
3170	16
3171	14
3172	20
3173	17
3174	15
3175	15
3176	14
3177	8
3178	18
3179	17
3180	17
3181	6
3182	14
3183	16
3184	19
3185	23
3186	16
3187	13
3188	18
3189	14
3190	16
3191	22
3192	22
3193	20
3194	11
3195	13
3196	20
3197	21
3198	21
3199	19
3200	25
3201	11
3202	23
3203	13
3204	21
3205	17
3206	17
3207	14
3208	14
3209	22
3210	20
3211	8
3212	17
3213	16
3214	20
3215	19
3216	12
3217	14
3218	18
3219	15
3220	16
3221	19
3222	10
3223	12
3224	11
3225	18
3226	10
3227	8
3228	18
3229	16
3230	16
3231	22
3232	15
3233	13
3234	15
3235	14
3236	20
3237	18
3238	16
3239	21
3240	17
3241	13
3242	11
3243	12
3244	16
3245	18
3246	12
3247	21
3248	15
3249	23
3250	25
3251	15
3252	19
3253	5
3254	22
3255	13
3256	17
3257	16
3258	14
3259	8
3260	17
3261	12
3262	14
3263	10
3264	16
3265	13
3266	19
3267	15
3268	11
3269	9
3270	19
3271	20
3272	17
3273	17
3274	15
3275	10
3276	20
3277	19
3278	12
3279	11
3280	20
3281	16
3282	13
3283	17
3284	16
3285	9
3286	13
3287	12
3288	17
3289	20
3290	13
3291	13
3292	11
3293	17
3294	14
3295	14
3296	13
3297	18
3298	15
3299	14
3300	22
3301	18
3302	11
3303	6
3304	22
3305	14
3306	15
3307	20
3308	18
3309	18
3310	13
3311	17
3312	13
3313	12
3314	10
3315	13
3316	18
3317	18
3318	14
3319	11
3320	14
3321	15
3322	15
3323	19
3324	13
3325	17
3326	16
3327	10
3328	14
3329	12
3330	20
3331	10
3332	19
3333	13
3334	11
3335	16
3336	13
3337	10
3338	15
3339	13
3340	16
3341	21
3342	21
3343	17
3344	15
3345	17
3346	16
3347	12
3348	17
3349	6
3350	16
3351	7
3352	16
3353	21
3354	11
3355	10
3356	22
3357	10
3358	15
3359	11
3360	25
3361	11
3362	21
3363	13
3364	9
3365	12
3366	19
3367	17
3368	15
3369	21
3370	13
3371	18
3372	16
3373	11
3374	13
3375	16
3376	8
3377	18
3378	17
3379	11
3380	14
3381	13
3382	13
3383	12
3384	17
3385	14
3386	11
3387	12
3388	11
3389	16
3390	15
3391	16
3392	12
3393	19
3394	18
3395	13
3396	12
3397	12
3398	10
3399	16
3400	9
3401	15
3402	8
3403	19
3404	12
3405	10
3406	12
3407	16
3408	12
3409	13
3410	16
3411	12
3412	16
3413	17
3414	16
3415	8
3416	15
3417	14
3418	16
3419	8
3420	16
3421	18
3422	16
3423	16
3424	16
3425	12
3426	11
3427	19
3428	10
3429	9
3430	14
3431	14
3432	18
3433	9
3434	15
3435	18
3436	13
3437	16
3438	18
3439	18
3440	18
3441	16
3442	14
3443	17
3444	19
3445	10
3446	17
3447	14
3448	11
3449	15
3450	11
3451	11
3452	10
3453	12
3454	9
3455	12
3456	7
3457	18
3458	19
3459	16
3460	14
3461	21
3462	16
3463	18
3464	14
3465	6
3466	13
3467	14
3468	10
3469	8
3470	12
3471	19
3472	8
3473	14
3474	15
3475	13
3476	14
3477	21
3478	16
3479	15
3480	15
3481	18
3482	17
3483	16
3484	14
3485	17
3486	13
3487	11
3488	11
3489	13
3490	20
3491	19
3492	19
3493	15
3494	11
3495	18
3496	19
3497	12
3498	10
3499	12
3500	14
3501	16
3502	6
3503	10
3504	15
3505	13
3506	4
3507	17
3508	11
3509	15
3510	20
3511	13
3512	8
3513	10
3514	12
3515	13
3516	10
3517	12
3518	7
3519	14
3520	15
3521	9
3522	11
3523	12
3524	12
3525	6
3526	11
3527	14
3528	8
3529	11
3530	13
3531	16
3532	12
3533	11
3534	13
3535	16
3536	12
3537	12
3538	10
3539	9
3540	17
3541	16
3542	14
3543	17
3544	14
3545	13
3546	13
3547	14
3548	12
3549	7
3550	11
3551	18
3552	13
3553	18
3554	16
3555	15
3556	21
3557	23
3558	15
3559	15
3560	16
3561	15
3562	16
3563	13
3564	17
3565	13
3566	20
3567	11
3568	19
3569	21
3570	8
3571	13
3572	12
3573	12
3574	12
3575	14
3576	18
3577	11
3578	14
3579	12
3580	18
3581	11
3582	15
3583	21
3584	12
3585	13
3586	18
3587	27
3588	12
3589	12
3590	17
3591	18
3592	15
3593	22
3594	12
3595	14
3596	14
3597	15
3598	19
3599	17
3600	13
3601	10
3602	16
3603	20
3604	15
3605	17
3606	17
3607	11
3608	15
3609	13
3610	11
3611	10
3612	19
3613	13
3614	11
3615	17
3616	16
3617	13
3618	11
3619	19
3620	13
3621	16
3622	10
3623	13
3624	12
3625	8
3626	21
3627	15
3628	12
3629	19
3630	10
3631	12
3632	22
3633	11
3634	19
3635	12
3636	19
3637	14
3638	15
3639	13
3640	14
3641	16
3642	17
3643	18
3644	10
3645	9
3646	15
3647	11
3648	14
3649	9
3650	8
3651	12
3652	18
3653	13
3654	19
3655	12
3656	12
3657	10
3658	9
3659	15
3660	13
3661	17
3662	18
3663	16
3664	21
3665	14
3666	14
3667	12
3668	13
3669	9
3670	20
3671	19
3672	17
3673	23
3674	8
3675	11
3676	13
3677	18
3678	28
3679	14
3680	22
3681	15
3682	12
3683	9
3684	8
3685	16
3686	7
3687	15
3688	12
3689	15
3690	21
3691	14
3692	12
3693	16
3694	16
3695	10
3696	18
3697	19
3698	12
3699	12
3700	22
3701	12
3702	13
3703	12
3704	13
3705	11
3706	11
3707	9
3708	12
3709	15
3710	11
3711	13
3712	11
3713	14
3714	13
3715	17
3716	15
3717	16
3718	8
3719	17
3720	7
3721	16
3722	18
3723	14
3724	11
3725	14
3726	15
3727	12
3728	17
3729	18
3730	19
3731	13
3732	21
3733	18
3734	8
3735	11
3736	14
3737	14
3738	20
3739	17
3740	11
3741	15
3742	14
3743	14
3744	20
3745	12
3746	17
3747	11
3748	8
3749	12
3750	11
3751	13
3752	15
3753	22
3754	12
3755	17
3756	16
3757	21
3758	14
3759	15
3760	16
3761	10
3762	10
3763	17
3764	12
3765	6
3766	6
3767	13
3768	16
3769	16
3770	15
3771	16
3772	13
3773	17
3774	11
3775	16
3776	9
3777	15
3778	13
3779	10
3780	14
3781	14
3782	10
3783	17
3784	14
3785	21
3786	13
3787	16
3788	20
3789	11
3790	15
3791	13
3792	12
3793	13
3794	17
3795	16
3796	17
3797	16
3798	15
3799	20
3800	15
3801	12
3802	7
3803	15
3804	11
3805	5
3806	14
3807	15
3808	17
3809	18
3810	7
3811	17
3812	14
3813	10
3814	6
3815	13
3816	13
3817	11
3818	9
3819	15
3820	20
3821	17
3822	17
3823	16
3824	12
3825	11
3826	15
3827	11
3828	14
3829	14
3830	12
3831	20
3832	10
3833	10
3834	13
3835	15
3836	12
3837	16
3838	15
3839	12
3840	14
3841	13
3842	11
3843	13
3844	23
3845	21
3846	15
3847	12
3848	28
3849	8
3850	18
3851	12
3852	4
3853	20
3854	13
3855	12
3856	15
3857	14
3858	13
3859	15
3860	14
3861	8
3862	12
3863	11
3864	14
3865	14
3866	11
3867	14
3868	20
3869	16
3870	13
3871	18
3872	9
3873	16
3874	17
3875	12
3876	12
3877	15
3878	13
3879	11
3880	22
3881	11
3882	14
3883	14
3884	14
3885	18
3886	16
3887	16
3888	10
3889	14
3890	10
3891	9
3892	14
3893	12
3894	6
3895	15
3896	13
3897	11
3898	12
3899	12
3900	12
3901	14
3902	14
3903	12
3904	16
3905	15
3906	14
3907	19
3908	15
3909	14
3910	11
3911	16
3912	12
3913	12
3914	11
3915	16
3916	20
3917	18
3918	13
3919	14
3920	10
3921	15
3922	14
3923	18
3924	26
3925	11
3926	19
3927	10
3928	11
3929	8
3930	8
3931	15
3932	11
3933	7
3934	17
3935	19
3936	8
3937	14
3938	8
3939	13
3940	15
3941	10
3942	17
3943	14
3944	13
3945	13
3946	13
3947	12
3948	4
3949	17
3950	15
3951	15
3952	17
3953	20
3954	23
3955	12
3956	10
3957	15
3958	20
3959	12
3960	12
3961	12
3962	20
3963	11
3964	20
3965	12
3966	8
3967	20
3968	15
3969	15
3970	17
3971	11
3972	13
3973	16
3974	11
3975	9
3976	16
3977	20
3978	16
3979	16
3980	20
3981	20
3982	14
3983	14
3984	18
3985	25
3986	16
3987	16
3988	11
3989	14
3990	14
3991	19
3992	13
3993	11
3994	10
3995	19
3996	13
3997	13
3998	14
3999	18
4000	14
4001	14
4002	10
4003	14
4004	14
4005	14
4006	13
4007	19
4008	15
4009	18
4010	13
4011	10
4012	11
4013	14
4014	12
4015	14
4016	19
4017	12
4018	17
4019	12
4020	11
4021	14
4022	12
4023	11
4024	16
4025	19
4026	18
4027	14
4028	13
4029	11
4030	15
4031	16
4032	12
4033	10
4034	15
4035	17
4036	13
4037	14
4038	18
4039	12
4040	19
4041	18
4042	15
4043	18
4044	20
4045	15
4046	15
4047	13
4048	14
4049	17
4050	17
4051	17
4052	17
4053	16
4054	14
4055	12
4056	11
4057	13
4058	17
4059	20
4060	25
4061	11
4062	13
4063	13
4064	13
4065	12
4066	19
4067	17
4068	15
4069	11
4070	14
4071	17
4072	10
4073	15
4074	11
4075	12
4076	15
4077	17
4078	21
4079	14
4080	19
4081	13
4082	18
4083	16
4084	14
4085	19
4086	20
4087	18
4088	21
4089	19
4090	17
4091	15
4092	13
4093	12
4094	12
4095	2
4096	17
4097	18
4098	17
4099	19
4100	14
4101	10
4102	20
4103	14
4104	19
4105	11
4106	15
4107	18
4108	13
4109	11
4110	21
4111	23
4112	12
4113	10
4114	18
4115	14
4116	8
4117	19
4118	13
4119	12
4120	13
4121	16
4122	14
4123	19
4124	14
4125	19
4126	20
4127	13
4128	23
4129	13
4130	13
4131	14
4132	19
4133	15
4134	16
4135	15
4136	12
4137	17
4138	16
4139	8
4140	21
4141	8
4142	14
4143	17
4144	16
4145	17
4146	17
4147	18
4148	13
4149	22
4150	26
4151	11
4152	15
4153	18
4154	14
4155	15
4156	15
4157	10
4158	11
4159	15
4160	9
4161	17
4162	12
4163	18
4164	19
4165	12
4166	15
4167	9
4168	17
4169	18
4170	16
4171	17
4172	17
4173	18
4174	17
4175	17
4176	21
4177	12
4178	13
4179	13
4180	17
4181	20
4182	15
4183	15
4184	15
4185	14
4186	21
4187	17
4188	15
4189	17
4190	22
4191	14
4192	18
4193	14
4194	16
4195	23
4196	21
4197	12
4198	16
4199	18
4200	17
4201	19
4202	9
4203	15
4204	25
4205	8
4206	21
4207	16
4208	12
4209	20
4210	11
4211	14
4212	16
4213	18
4214	9
4215	15
4216	13
4217	13
4218	15
4219	14
4220	10
4221	15
4222	14
4223	24
4224	14
4225	21
4226	11
4227	20
4228	17
4229	15
4230	12
4231	11
4232	19
4233	7
4234	19
4235	17
4236	13
4237	16
4238	13
4239	14
4240	14
4241	17
4242	21
4243	16
4244	19
4245	17
4246	17
4247	15
4248	15
4249	14
4250	23
4251	16
4252	16
4253	11
4254	17
4255	15
4256	23
4257	19
4258	21
4259	15
4260	12
4261	17
4262	23
4263	12
4264	26
4265	14
4266	13
4267	13
4268	9
4269	21
4270	13
4271	12
4272	19
4273	11
4274	23
4275	14
4276	7
4277	22
4278	17
4279	16
4280	14
4281	17
4282	17
4283	13
4284	20
4285	15
4286	19
4287	15
4288	16
4289	19
4290	24
4291	24
4292	16
4293	13
4294	14
4295	15
4296	19
4297	15
4298	16
4299	17
4300	25
4301	21
4302	17
4303	19
4304	16
4305	14
4306	17
4307	26
4308	15
4309	16
4310	22
4311	13
4312	16
4313	14
4314	18
4315	28
4316	16
4317	18
4318	18
4319	19
4320	12
4321	16
4322	17
4323	13
4324	11
4325	20
4326	17
4327	22
4328	18
4329	18
4330	21
4331	17
4332	18
4333	20
4334	17
4335	15
4336	21
4337	20
4338	16
4339	16
4340	22
4341	17
4342	24
4343	18
4344	18
4345	17
4346	8
4347	18
4348	15
4349	17
4350	22
4351	19
4352	13
4353	14
4354	23
4355	16
4356	13
4357	14
4358	12
4359	16
4360	17
4361	16
4362	13
4363	19
4364	14
4365	19
4366	16
4367	20
4368	16
4369	10
4370	15
4371	15
4372	19
4373	19
4374	16
4375	14
4376	14
4377	23
4378	14
4379	19
4380	23
4381	11
4382	27
4383	27
4384	19
4385	13
4386	16
4387	20
4388	17
4389	16
4390	19
4391	18
4392	30
4393	26
4394	21
4395	18
4396	23
4397	13
4398	21
4399	16
4400	17
4401	14
4402	18
4403	17
4404	16
4405	23
4406	26
4407	17
4408	16
4409	13
4410	15
4411	19
4412	17
4413	14
4414	21
4415	16
4416	12
4417	8
4418	24
4419	24
4420	19
4421	19
4422	17
4423	24
4424	19
4425	18
4426	19
4427	30
4428	16
4429	24
4430	30
4431	23
4432	19
4433	25
4434	19
4435	25
4436	20
4437	19
4438	22
4439	20
4440	19
4441	23
4442	16
4443	17
4444	26
4445	16
4446	20
4447	18
4448	24
4449	24
4450	24
4451	20
4452	33
4453	16
4454	16
4455	10
4456	21
4457	17
4458	30
4459	18
4460	16
4461	22
4462	17
4463	25
4464	19
4465	30
4466	21
4467	21
4468	25
4469	21
4470	22
4471	21
4472	13
4473	24
4474	21
4475	26
4476	25
4477	30
4478	28
4479	15
4480	29
4481	22
4482	31
4483	26
4484	13
4485	20
4486	12
4487	19
4488	20
4489	23
4490	25
4491	22
4492	30
4493	20
4494	38
4495	23
4496	24
4497	19
4498	23
4499	26
4500	32
4501	23
4502	26
4503	28
4504	31
4505	22
4506	21
4507	26
4508	19
4509	24
4510	27
4511	28
4512	27
4513	15
4514	27
4515	20
4516	22
4517	15
4518	19
4519	26
4520	22
4521	14
4522	28
4523	28
4524	20
4525	22
4526	21
4527	29
4528	28
4529	21
4530	16
4531	26
4532	22
4533	19
4534	30
4535	25
4536	20
4537	18
4538	24
4539	25
4540	26
4541	25
4542	32
4543	21
4544	25
4545	20
4546	25
4547	26
4548	24
4549	31
4550	37
4551	20
4552	21
4553	24
4554	26
4555	28
4556	30
4557	22
4558	24
4559	28
4560	36
4561	23
4562	29
4563	28
4564	34
4565	25
4566	31
4567	22
4568	35
4569	23
4570	24
4571	28
4572	23
4573	28
4574	31
4575	22
4576	20
4577	22
4578	30
4579	31
4580	30
4581	29
4582	31
4583	36
4584	28
4585	23
4586	29
4587	29
4588	30
4589	30
4590	20
4591	32
4592	24
4593	39
4594	23
4595	35
4596	33
4597	24
4598	20
4599	28
4600	28
4601	25
4602	29
4603	29
4604	26
4605	21
4606	23
4607	32
4608	19
4609	25
4610	20
4611	28
4612	20
4613	26
4614	35
4615	25
4616	32
4617	25
4618	34
4619	34
4620	38
4621	27
4622	38
4623	28
4624	33
4625	32
4626	41
4627	30
4628	36
4629	25
4630	33
4631	22
4632	34
4633	26
4634	28
4635	25
4636	18
4637	32
4638	36
4639	38
4640	31
4641	18
4642	24
4643	27
4644	34
4645	30
4646	27
4647	29
4648	24
4649	27
4650	20
4651	31
4652	26
4653	39
4654	26
4655	36
4656	32
4657	35
4658	28
4659	24
4660	35
4661	22
4662	25
4663	44
4664	26
4665	36
4666	28
4667	29
4668	35
4669	33
4670	35
4671	27
4672	30
4673	23
4674	29
4675	31
4676	29
4677	30
4678	25
4679	23
4680	35
4681	21
4682	28
4683	32
4684	30
4685	30
4686	22
4687	22
4688	23
4689	23
4690	29
4691	31
4692	25
4693	29
4694	27
4695	35
4696	31
4697	32
4698	29
4699	26
4700	45
4701	30
4702	41
4703	22
4704	23
4705	27
4706	32
4707	32
4708	25
4709	26
4710	33
4711	26
4712	25
4713	27
4714	27
4715	28
4716	24
4717	27
4718	30
4719	28
4720	28
4721	27
4722	20
4723	34
4724	17
4725	21
4726	23
4727	22
4728	37
4729	27
4730	35
4731	38
4732	27
4733	28
4734	24
4735	25
4736	26
4737	27
4738	35
4739	28
4740	30
4741	31
4742	28
4743	36
4744	25
4745	20
4746	29
4747	25
4748	25
4749	22
4750	29
4751	35
4752	31
4753	26
4754	29
4755	27
4756	25
4757	35
4758	26
4759	34
4760	40
4761	32
4762	27
4763	29
4764	22
4765	33
4766	23
4767	28
4768	38
4769	20
4770	24
4771	23
4772	23
4773	24
4774	23
4775	31
4776	27
4777	21
4778	26
4779	25
4780	20
4781	26
4782	19
4783	24
4784	24
4785	18
4786	19
4787	24
4788	26
4789	18
4790	22
4791	26
4792	25
4793	19
4794	18
4795	31
4796	15
4797	24
4798	25
4799	23
4800	19
4801	23
4802	21
4803	15
4804	27
4805	19
4806	24
4807	27
4808	35
4809	18
4810	20
4811	23
4812	21
4813	21
4814	20
4815	31
4816	14
4817	21
4818	15
4819	14
4820	18
4821	20
4822	23
4823	27
4824	11
4825	14
4826	25
4827	19
4828	21
4829	21
4830	14
4831	26
4832	23
4833	13
4834	18
4835	20
4836	15
4837	26
4838	17
4839	15
4840	13
4841	15
4842	24
4843	15
4844	17
4845	12
4846	22
4847	14
4848	21
4849	17
4850	23
4851	18
4852	22
4853	17
4854	19
4855	18
4856	21
4857	20
4858	15
4859	15
4860	12
4861	16
4862	20
4863	16
4864	10
4865	11
4866	12
4867	18
4868	17
4869	22
4870	17
4871	14
4872	10
4873	13
4874	14
4875	16
4876	10
4877	15
4878	10
4879	13
4880	19
4881	12
4882	9
4883	14
4884	12
4885	14
4886	15
4887	13
4888	19
4889	13
4890	7
4891	8
4892	18
4893	11
4894	14
4895	16
4896	10
4897	10
4898	11
4899	13
4900	6
4901	6
4902	16
4903	13
4904	11
4905	9
4906	16
4907	8
4908	11
4909	4
4910	10
4911	11
4912	8
4913	13
4914	17
4915	11
4916	15
4917	9
4918	9
4919	10
4920	8
4921	10
4922	7
4923	8
4924	8
4925	7
4926	8
4927	12
4928	5
4929	7
4930	17
4931	10
4932	2
4933	11
4934	5
4935	8
4936	8
4937	5
4938	6
4939	8
4940	7
4941	5
4942	1
4943	5
4944	5
4945	8
4946	11
4947	7
4948	3
4949	9
4950	6
4951	6
4952	8
4953	7
4954	3
4955	7
4956	7
4957	7
4958	13
4959	9
4960	9
4961	12
4962	5
4963	5
4964	8
4965	5
4966	5
4967	6
4968	2
4969	11
4970	6
4971	5
4972	7
4973	7
4974	3
4975	3
4976	6
4977	8
4978	4
4979	5
4980	6
4981	6
4982	3
4983	5
4984	2
4985	3
4986	8
4987	4
4988	6
4989	10
4990	5
4991	8
4992	3
4993	2
4994	6
4995	2
4996	5
4997	1
4998	4
4999	4
5000	3
5001	5
5002	4
5003	4
5004	2
5005	6
5006	3
5007	5
5008	5
5009	1
5010	3
5011	2
5012	3
5013	4
5014	3
5015	2
5016	3
5017	3
5018	5
5019	4
5020	3
5021	2
5022	1
5023	4
5024	2
5025	1
5026	1
5027	3
5028	4
5029	2
5030	0
5031	3
5032	1
5033	1
5034	2
5035	3
5036	3
5037	1
5038	4
5039	2
5040	2
5041	1
5042	1
5043	2
5044	4
5045	1
5046	1
5047	3
5048	1
5049	1
5050	1
5051	1
5052	4
5053	2
5054	3
5055	0
5056	2
5057	1
5058	2
5059	0
5060	5
5061	4
5062	2
5063	2
5064	1
5065	0
5066	1
5067	1
5068	3
5069	5
5070	1
5071	2
5072	3
5073	0
5074	1
5075	1
5076	3
5077	0
5078	0
5079	2
5080	1
5081	1
5082	3
5083	2
5084	1
5085	1
5086	4
5087	2
5088	1
5089	4
5090	1
5091	1
5092	0
5093	2
5094	1
5095	0
5096	0
5097	0
5098	2
5099	0
5100	4
5101	0
5102	1
5103	1
5104	1
5105	2
5106	2
5107	1
5108	1
5109	0
5110	0
5111	1
5112	0
5113	1
5114	1
5115	1
5116	1
5117	1
5118	1
5119	1
5120	0
5121	0
5122	0
5123	0
5124	0
5125	1
5126	0
5127	0
5128	0
5129	1
5130	0
5131	2
5132	0
5133	1
5134	2
5135	0
5136	1
5137	0
5138	1
5139	0
5140	0
5141	1
5142	0
5143	2
5144	0
5145	0
5146	1
5147	0
5148	0
5149	1
5150	2
5151	0
5152	0
5153	1
5154	3
5155	2
5156	0
5157	1
5158	0
5159	1
5160	1
5161	0
5162	0
5163	0
5164	0
5165	2
5166	0
5167	1
5168	0
5169	0
5170	0
5171	0
5172	1
5173	0
5174	0
5175	0
5176	0
5177	2
5178	0
5179	0
5180	1
5181	1
5182	0
5183	1
5184	2
5185	0
5186	0
5187	0
5188	0
5189	0
5190	1
5191	1
5192	1
5193	0
5194	0
5195	1
5196	0
5197	1
5198	1
5199	1
5200	3
5201	1
5202	0
5203	1
5204	1
5205	0
5206	1
5207	0
5208	0
5209	1
5210	0
5211	0
5212	0
5213	1
5214	0
5215	2
5216	1
5217	0
5218	2
5219	2
5220	1
5221	1
5222	0
5223	2
5224	1
5225	0
5226	1
5227	0
5228	2
5229	0
5230	1
5231	1
5232	2
5233	1
5234	0
5235	0
5236	2
5237	0
5238	0
5239	0
5240	0
5241	0
5242	0
5243	0
5244	0
5245	0
5246	0
5247	0
5248	0
5249	2
5250	0
5251	0
5252	1
5253	1
5254	2
5255	0
5256	1
5257	1
5258	0
5259	1
5260	1
5261	0
5262	1
5263	0
5264	2
5265	0
5266	0
5267	0
5268	2
5269	2
5270	2
5271	0
5272	0
5273	1
5274	1
5275	1
5276	0
5277	0
5278	0
5279	1
5280	1
5281	1
5282	0
5283	0
5284	0
5285	2
5286	0
5287	0
5288	0
5289	1
5290	0
5291	1
5292	1
5293	0
5294	0
5295	2
5296	0
5297	1
5298	1
5299	0
5300	1
5301	0
5302	1
5303	1
5304	0
5305	2
5306	0
5307	0
5308	1
5309	0
5310	0
5311	0
5312	0
5313	1
5314	1
5315	1
5316	0
5317	2
5318	0
5319	2
5320	1
5321	1
5322	0
5323	1
5324	1
5325	2
5326	0
5327	2
5328	2
5329	0
5330	0
5331	0
5332	0
5333	1
5334	1
5335	1
5336	0
5337	1
5338	0
5339	0
5340	1
5341	0
5342	0
5343	2
5344	1
5345	0
5346	0
5347	0
5348	0
5349	1
5350	0
5351	1
5352	1
5353	1
5354	1
5355	0
5356	0
5357	0
5358	1
5359	1
5360	1
5361	0
5362	1
5363	0
5364	1
5365	0
5366	1
5367	1
5368	1
5369	3
5370	3
5371	0
5372	1
5373	0
5374	1
5375	0
5376	2
5377	0
5378	0
5379	2
5380	1
5381	1
5382	0
5383	0
5384	0
5385	1
5386	0
5387	0
5388	0
5389	0
5390	1
5391	1
5392	1
5393	0
5394	0
5395	1
5396	1
5397	0
5398	1
5399	0
5400	2
5401	1
5402	1
5403	0
5404	0
5405	1
5406	0
5407	1
5408	0
5409	0
5410	0
5411	1
5412	0
5413	1
5414	0
5415	0
5416	1
5417	1
5418	2
5419	2
5420	0
5421	0
5422	1
5423	1
5424	1
5425	0
5426	0
5427	0
5428	2
5429	1
5430	0
5431	0
5432	3
5433	1
5434	0
5435	1
5436	1
5437	0
5438	1
5439	1
5440	0
5441	0
5442	2
5443	0
5444	2
5445	0
5446	2
5447	1
5448	1
5449	1
5450	0
5451	0
5452	0
5453	0
5454	0
5455	0
5456	0
5457	0
5458	0
5459	0
5460	0
5461	0
5462	0
5463	1
5464	0
5465	1
5466	0
5467	0
5468	0
5469	0
5470	1
5471	2
5472	1
5473	1
5474	1
5475	1
5476	0
5477	0
5478	0
5479	0
5480	0
5481	0
5482	0
5483	0
5484	0
5485	1
5486	2
5487	0
5488	0
5489	0
5490	1
5491	1
5492	0
5493	0
5494	0
5495	1
5496	0
5497	0
5498	1
5499	0
5500	1
5501	1
5502	1
5503	0
5504	1
5505	0
5506	0
5507	1
5508	0
5509	2
5510	0
5511	0
5512	1
5513	1
5514	0
5515	0
5516	0
5517	0
5518	0
5519	0
5520	0
5521	2
5522	0
5523	0
5524	3
5525	0
5526	1
5527	1
5528	0
5529	0
5530	1
5531	0
5532	0
5533	0
5534	1
5535	1
5536	1
5537	0
5538	1
5539	1
5540	3
5541	1
5542	1
5543	0
5544	0
5545	0
5546	0
5547	1
5548	1
5549	0
5550	1
5551	0
5552	3
5553	0
5554	0
5555	1
5556	0
5557	1
5558	0
5559	1
5560	1
5561	0
5562	0
5563	1
5564	0
5565	0
5566	0
5567	1
5568	0
5569	1
5570	0
5571	0
5572	0
5573	0
5574	0
5575	1
5576	1
5577	1
5578	0
5579	0
5580	1
5581	1
5582	1
5583	0
5584	0
5585	0
5586	0
5587	0
5588	0
5589	0
5590	0
5591	0
5592	0
5593	0
5594	1
5595	1
5596	2
5597	0
5598	0
5599	0
5600	0
5601	0
5602	0
5603	2
5604	0
5605	0
5606	0
5607	0
5608	1
5609	1
5610	0
5611	0
5612	0
5613	0
5614	1
5615	1
5616	0
5617	0
5618	1
5619	3
5620	2
5621	0
5622	0
5623	0
5624	0
5625	0
5626	4
5627	0
5628	0
5629	0
5630	0
5631	0
5632	1
5633	0
5634	0
5635	1
5636	0
5637	0
5638	1
5639	1
5640	0
5641	2
5642	0
5643	0
5644	0
5645	0
5646	0
5647	2
5648	0
5649	0
5650	0
5651	1
5652	1
5653	0
5654	2
5655	0
5656	0
5657	0
5658	1
5659	2
5660	0
5661	2
5662	0
5663	0
5664	0
5665	1
5666	1
5667	0
5668	0
5669	1
5670	1
5671	0
5672	0
5673	0
5674	0
5675	0
5676	1
5677	1
5678	0
5679	0
5680	0
5681	0
5682	0
5683	0
5684	0
5685	0
5686	0
5687	1
5688	0
5689	0
5690	0
5691	0
5692	0
5693	1
5694	1
5695	2
5696	0
5697	1
5698	0
5699	1
5700	0
5701	1
5702	1
5703	0
5704	0
5705	1
5706	1
5707	1
5708	1
5709	0
5710	0
5711	0
5712	1
5713	1
5714	0
5715	0
5716	0
5717	0
5718	1
5719	0
5720	1
5721	0
5722	0
5723	0
5724	2
5725	0
5726	0
5727	1
5728	1
5729	0
5730	1
5731	1
5732	0
5733	1
5734	0
5735	1
5736	0
5737	1
5738	0
5739	1
5740	0
5741	1
5742	1
5743	0
5744	1
5745	1
5746	1
5747	0
5748	0
5749	1
5750	0
5751	0
5752	0
5753	1
5754	1
5755	1
5756	0
5757	1
5758	0
5759	1
5760	0
5761	0
5762	1
5763	0
5764	1
5765	0
5766	1
5767	0
5768	1
5769	1
5770	0
5771	0
5772	1
5773	2
5774	0
5775	0
5776	0
5777	1
5778	0
5779	1
5780	0
5781	1
5782	1
5783	1
5784	2
5785	0
5786	0
5787	2
5788	0
5789	0
5790	2
5791	2
5792	2
5793	1
5794	1
5795	1
5796	2
5797	0
5798	0
5799	0
5800	0
5801	0
5802	0
5803	0
5804	1
5805	0
5806	0
5807	1
5808	0
5809	1
5810	0
5811	0
5812	1
5813	0
5814	1
5815	2
5816	1
5817	0
5818	0
5819	0
5820	0
5821	1
5822	1
5823	0
5824	1
5825	1
5826	0
5827	0
5828	2
5829	0
5830	0
5831	0
5832	0
5833	0
5834	0
5835	0
5836	1
5837	0
5838	0
5839	0
5840	2
5841	2
5842	1
5843	0
5844	0
5845	1
5846	1
5847	0
5848	0
5849	0
5850	1
5851	0
5852	0
5853	1
5854	0
5855	0
5856	1
5857	1
5858	0
5859	0
5860	0
5861	1
5862	0
5863	0
5864	0
5865	0
5866	1
5867	0
5868	1
5869	0
5870	0
5871	0
5872	0
5873	1
5874	0
5875	0
5876	0
5877	0
5878	0
5879	1
5880	1
5881	0
5882	2
5883	0
5884	0
5885	0
5886	0
5887	0
5888	1
5889	0
5890	0
5891	1
5892	1
5893	0
5894	1
5895	0
5896	0
5897	2
5898	2
5899	2
5900	2
5901	0
5902	0
5903	1
5904	3
5905	0
5906	1
5907	0
5908	1
5909	0
5910	0
5911	0
5912	0
5913	0
5914	0
5915	1
5916	0
5917	0
5918	0
5919	2
5920	0
5921	0
5922	0
5923	0
5924	1
5925	1
5926	0
5927	1
5928	0
5929	0
5930	1
5931	0
5932	0
5933	2
5934	0
5935	4
5936	0
5937	0
5938	0
5939	2
5940	0
5941	1
5942	0
5943	1
5944	0
5945	0
5946	0
5947	0
5948	0
5949	0
5950	0
5951	0
5952	1
5953	1
5954	0
5955	0
5956	0
5957	0
5958	1
5959	0
5960	2
5961	0
5962	0
5963	0
5964	0
5965	0
5966	0
5967	0
5968	0
5969	0
5970	0
5971	0
5972	0
5973	0
5974	0
5975	0
5976	1
5977	0
5978	0
5979	0
5980	1
5981	1
5982	1
5983	1
5984	0
5985	2
5986	0
5987	0
5988	0
5989	0
5990	0
5991	0
5992	0
5993	0
5994	0
5995	0
5996	0
5997	0
5998	0
5999	0
6000	0
6001	0
6002	1
6003	0
6004	1
6005	0
6006	1
6007	0
6008	1
6009	0
6010	0
6011	1
6012	0
6013	1
6014	1
6015	0
6016	1
6017	0
6018	0
6019	0
6020	0
6021	0
6022	0
6023	0
6024	3
6025	0
6026	0
6027	0
6028	1
6029	0
6030	0
6031	1
6032	0
6033	0
6034	0
6035	0
6036	0
6037	1
6038	0
6039	0
6040	0
6041	0
6042	0
6043	0
6044	0
6045	1
6046	0
6047	1
6048	1
6049	1
6050	1
6051	1
6052	0
6053	0
6054	0
6055	0
6056	0
6057	0
6058	0
6059	1
6060	0
6061	0
6062	0
6063	1
6064	0
6065	0
6066	0
6067	0
6068	0
6069	0
6070	0
6071	0
6072	0
6073	1
6074	0
6075	0
6076	1
6077	0
6078	0
6079	4
6080	0
6081	0
6082	0
6083	0
6084	0
6085	0
6086	0
6087	0
6088	0
6089	0
6090	0
6091	1
6092	0
6093	1
6094	0
6095	0
6096	0
6097	0
6098	0
6099	0
6100	0
6101	0
6102	0
6103	0
6104	1
6105	0
6106	0
6107	0
6108	0
6109	0
6110	1
6111	1
6112	3
6113	1
6114	1
6115	0
6116	1
6117	0
6118	2
6119	0
6120	0
6121	1
6122	0
6123	0
6124	0
6125	0
6126	1
6127	0
6128	0
6129	0
6130	1
6131	0
6132	1
6133	1
6134	1
6135	1
6136	1
6137	1
6138	0
6139	2
6140	0
6141	0
6142	0
6143	1
6144	0
6145	0
6146	0
6147	0
6148	0
6149	3
6150	0
6151	0
6152	2
6153	0
6154	0
6155	0
6156	1
6157	1
6158	1
6159	1
6160	1
6161	0
6162	1
6163	1
6164	0
6165	2
6166	0
6167	0
6168	0
6169	1
6170	0
6171	1
6172	0
6173	1
6174	0
6175	1
6176	1
6177	0
6178	2
6179	1
6180	0
6181	0
6182	0
6183	0
6184	1
6185	1
6186	0
6187	0
6188	0
6189	0
6190	1
6191	1
6192	0
6193	1
6194	0
6195	0
6196	1
6197	0
6198	0
6199	0
6200	0
6201	0
6202	1
6203	1
6204	0
6205	1
6206	1
6207	0
6208	1
6209	1
6210	1
6211	0
6212	1
6213	1
6214	0
6215	1
6216	2
6217	0
6218	0
6219	0
6220	1
6221	0
6222	1
6223	0
6224	0
6225	1
6226	0
6227	0
6228	0
6229	2
6230	0
6231	1
6232	0
6233	0
6234	0
6235	1
6236	0
6237	1
6238	1
6239	1
6240	0
6241	1
6242	0
6243	0
6244	1
6245	0
6246	0
6247	0
6248	2
6249	0
6250	1
6251	1
6252	0
6253	1
6254	0
6255	1
6256	0
6257	1
6258	0
6259	2
6260	0
6261	1
6262	0
6263	0
6264	1
6265	0
6266	0
6267	1
6268	1
6269	0
6270	1
6271	2
6272	1
6273	0
6274	0
6275	2
6276	1
6277	1
6278	3
6279	0
6280	0
6281	1
6282	2
6283	2
6284	1
6285	0
6286	0
6287	1
6288	0
6289	0
6290	0
6291	0
6292	0
6293	2
6294	1
6295	0
6296	0
6297	0
6298	1
6299	0
6300	0
6301	0
6302	0
6303	0
6304	1
6305	0
6306	0
6307	1
6308	0
6309	1
6310	0
6311	1
6312	0
6313	0
6314	1
6315	1
6316	0
6317	0
6318	2
6319	0
6320	0
6321	0
6322	3
6323	2
6324	1
6325	0
6326	1
6327	0
6328	0
6329	1
6330	0
6331	0
6332	0
6333	0
6334	4
6335	0
6336	0
6337	1
6338	1
6339	0
6340	0
6341	0
6342	0
6343	0
6344	0
6345	2
6346	0
6347	0
6348	0
6349	1
6350	1
6351	0
6352	2
6353	0
6354	1
6355	0
6356	1
6357	0
6358	2
6359	0
6360	2
6361	1
6362	0
6363	0
6364	1
6365	0
6366	0
6367	0
6368	0
6369	0
6370	0
6371	0
6372	0
6373	0
6374	0
6375	0
6376	0
6377	1
6378	0
6379	0
6380	0
6381	0
6382	0
6383	1
6384	0
6385	0
6386	2
6387	0
6388	0
6389	0
6390	0
6391	1
6392	0
6393	0
6394	1
6395	0
6396	0
6397	1
6398	0
6399	0
6400	0
6401	1
6402	0
6403	0
6404	3
6405	1
6406	0
6407	0
6408	1
6409	0
6410	1
6411	0
6412	0
6413	2
6414	1
6415	0
6416	1
6417	0
6418	0
6419	0
6420	0
6421	0
6422	0
6423	0
6424	0
6425	0
6426	1
6427	1
6428	0
6429	1
6430	0
6431	2
6432	0
6433	0
6434	1
6435	0
6436	0
6437	0
6438	0
6439	0
6440	0
6441	0
6442	1
6443	1
6444	0
6445	1
6446	0
6447	0
6448	0
6449	0
6450	0
6451	0
6452	1
6453	0
6454	1
6455	1
6456	0
6457	0
6458	0
6459	0
6460	0
6461	0
6462	1
6463	0
6464	0
6465	1
6466	0
6467	0
6468	1
6469	0
6470	0
6471	1
6472	1
6473	2
6474	1
6475	0
6476	2
6477	0
6478	0
6479	0
6480	0
6481	0
6482	1
6483	0
6484	0
6485	0
6486	0
6487	1
6488	0
6489	0
6490	0
6491	0
6492	0
6493	0
6494	0
6495	1
6496	0
6497	0
6498	1
6499	2
6500	1
6501	0
6502	0
6503	1
6504	1
6505	0
6506	0
6507	0
6508	1
6509	1
6510	0
6511	0
6512	1
6513	0
6514	1
6515	0
6516	0
6517	0
6518	0
6519	0
6520	0
6521	0
6522	2
6523	0
6524	1
6525	0
6526	1
6527	0
6528	0
6529	1
6530	0
6531	0
6532	0
6533	0
6534	0
6535	1
6536	1
6537	0
6538	3
6539	0
6540	1
6541	0
6542	0
6543	0
6544	0
6545	1
6546	0
6547	0
6548	1
6549	1
6550	0
6551	0
6552	0
6553	0
6554	1
6555	1
6556	0
6557	0
6558	0
6559	0
6560	0
6561	1
6562	1
6563	0
6564	0
6565	0
6566	0
6567	0
6568	0
6569	0
6570	0
6571	1
6572	0
6573	0
6574	2
6575	0
6576	0
6577	0
6578	0
6579	1
6580	0
6581	0
6582	1
6583	0
6584	1
6585	0
6586	2
6587	0
6588	0
6589	1
6590	0
6591	1
6592	1
6593	1
6594	0
6595	1
6596	0
6597	0
6598	2
6599	1
6600	1
6601	0
6602	0
6603	0
6604	0
6605	1
6606	0
6607	1
6608	0
6609	0
6610	0
6611	1
6612	0
6613	1
6614	0
6615	0
6616	0
6617	2
6618	0
6619	1
6620	0
6621	0
6622	0
6623	0
6624	2
6625	0
6626	1
6627	0
6628	0
6629	3
6630	0
6631	1
6632	1
6633	1
6634	0
6635	1
6636	0
6637	1
6638	0
6639	0
6640	0
6641	0
6642	0
6643	0
6644	1
6645	0
6646	1
6647	0
6648	1
6649	0
6650	2
6651	0
6652	1
6653	0
6654	1
6655	1
6656	1
6657	1
6658	0
6659	1
6660	1
6661	1
6662	1
6663	0
6664	0
6665	1
6666	0
6667	0
6668	0
6669	0
6670	0
6671	0
6672	0
6673	1
6674	1
6675	0
6676	0
6677	0
6678	0
6679	0
6680	0
6681	1
6682	1
6683	2
6684	1
6685	0
6686	0
6687	0
6688	0
6689	0
6690	1
6691	1
6692	0
6693	0
6694	1
6695	0
6696	0
6697	1
6698	1
6699	0
6700	0
6701	1
6702	0
6703	0
6704	0
6705	0
6706	0
6707	0
6708	0
6709	0
6710	1
6711	0
6712	0
6713	0
6714	1
6715	0
6716	0
6717	0
6718	0
6719	2
6720	0
6721	1
6722	0
6723	2
6724	0
6725	1
6726	0
6727	0
6728	0
6729	0
6730	0
6731	0
6732	0
6733	0
6734	0
6735	1
6736	0
6737	0
6738	0
6739	0
6740	0
6741	0
6742	1
6743	0
6744	0
6745	0
6746	0
6747	1
6748	1
6749	1
6750	1
6751	0
6752	0
6753	0
6754	0
6755	1
6756	0
6757	0
6758	1
6759	0
6760	0
6761	0
6762	0
6763	0
6764	2
6765	1
6766	3
6767	0
6768	1
6769	0
6770	1
6771	1
6772	2
6773	0
6774	0
6775	0
6776	1
6777	1
6778	0
6779	0
6780	1
6781	1
6782	0
6783	0
6784	1
6785	0
6786	1
6787	0
6788	0
6789	0
6790	0
6791	3
6792	1
6793	1
6794	0
6795	1
6796	0
6797	0
6798	0
6799	1
6800	0
6801	0
6802	0
6803	1
6804	0
6805	0
6806	0
6807	0
6808	0
6809	1
6810	0
6811	0
6812	0
6813	1
6814	0
6815	0
6816	0
6817	0
6818	1
6819	0
6820	0
6821	1
6822	1
6823	0
6824	1
6825	2
6826	1
6827	0
6828	0
6829	0
6830	0
6831	0
6832	0
6833	0
6834	0
6835	1
6836	0
6837	0
6838	0
6839	2
6840	0
6841	0
6842	0
6843	0
6844	1
6845	0
6846	0
6847	0
6848	0
6849	0
6850	1
6851	0
6852	0
6853	0
6854	1
6855	0
6856	0
6857	0
6858	2
6859	0
6860	0
6861	0
6862	0
6863	1
6864	0
6865	0
6866	1
6867	0
6868	0
6869	1
6870	1
6871	1
6872	1
6873	1
6874	0
6875	1
6876	0
6877	1
6878	2
6879	0
6880	0
6881	2
6882	0
6883	0
6884	1
6885	0
6886	0
6887	0
6888	3
6889	0
6890	0
6891	0
6892	1
6893	0
6894	1
6895	0
6896	0
6897	0
6898	0
6899	1
6900	1
6901	0
6902	1
6903	0
6904	0
6905	1
6906	1
6907	1
6908	1
6909	0
6910	1
6911	0
6912	1
6913	0
6914	1
6915	0
6916	0
6917	1
6918	0
6919	1
6920	0
6921	1
6922	0
6923	0
6924	0
6925	0
6926	0
6927	0
6928	1
6929	1
6930	0
6931	0
6932	0
6933	1
6934	0
6935	0
6936	0
6937	0
6938	0
6939	0
6940	1
6941	0
6942	0
6943	1
6944	0
6945	1
6946	1
6947	0
6948	0
6949	1
6950	0
6951	0
6952	1
6953	0
6954	0
6955	1
6956	0
6957	0
6958	0
6959	0
6960	0
6961	0
6962	0
6963	2
6964	0
6965	0
6966	0
6967	0
6968	0
6969	0
6970	0
6971	0
6972	0
6973	0
6974	0
6975	3
6976	1
6977	1
6978	1
6979	1
6980	1
6981	0
6982	1
6983	0
6984	1
6985	0
6986	0
6987	0
6988	0
6989	0
6990	0
6991	0
6992	0
6993	0
6994	1
6995	0
6996	0
6997	0
6998	0
6999	0
7000	0
7001	0
7002	0
7003	0
7004	0
7005	0
7006	1
7007	0
7008	0
7009	1
7010	0
7011	0
7012	0
7013	0
7014	0
7015	1
7016	0
7017	1
7018	0
7019	0
7020	0
7021	0
7022	0
7023	0
7024	0
7025	1
7026	0
7027	0
7028	0
7029	1
7030	0
7031	0
7032	1
7033	0
7034	0
7035	2
7036	0
7037	0
7038	0
7039	0
7040	1
7041	0
7042	0
7043	0
7044	0
7045	1
7046	0
7047	1
7048	1
7049	0
7050	0
7051	0
7052	0
7053	1
7054	0
7055	0
7056	0
7057	3
7058	0
7059	1
7060	1
7061	0
7062	1
7063	0
7064	0
7065	0
7066	0
7067	0
7068	1
7069	0
7070	0
7071	0
7072	0
7073	0
7074	0
7075	2
7076	0
7077	0
7078	0
7079	0
7080	0
7081	1
7082	0
7083	1
7084	0
7085	3
7086	1
7087	0
7088	0
7089	0
7090	0
7091	0
7092	1
7093	0
7094	0
7095	0
7096	0
7097	0
7098	0
7099	0
7100	0
7101	0
7102	0
7103	1
7104	0
7105	1
7106	0
7107	0
7108	0
7109	0
7110	0
7111	0
7112	0
7113	0
7114	2
7115	0
7116	0
7117	0
7118	1
7119	1
7120	0
7121	0
7122	0
7123	0
7124	0
7125	0
7126	0
7127	0
7128	0
7129	0
7130	1
7131	1
7132	1
7133	0
7134	0
7135	1
7136	1
7137	0
7138	0
7139	0
7140	0
7141	0
7142	0
7143	0
7144	0
7145	0
7146	0
7147	0
7148	0
7149	1
7150	0
7151	0
7152	0
7153	2
7154	1
7155	0
7156	1
7157	0
7158	0
7159	0
7160	0
7161	0
7162	0
7163	0
7164	1
7165	1
7166	0
7167	0
7168	0
7169	0
7170	0
7171	0
7172	0
7173	0
7174	0
7175	1
7176	0
7177	0
7178	1
7179	0
7180	0
7181	0
7182	0
7183	0
7184	0
7185	0
7186	0
7187	0
7188	0
7189	0
7190	0
7191	0
7192	0
7193	0
7194	0
7195	1
7196	0
7197	0
7198	0
7199	0
7200	0
7201	0
7202	1
7203	1
7204	0
7205	0
7206	0
7207	1
7208	0
7209	0
7210	1
7211	0
7212	0
7213	0
7214	1
7215	0
7216	0
7217	0
7218	0
7219	1
7220	0
7221	1
7222	0
7223	0
7224	0
7225	0
7226	1
7227	0
7228	0
7229	0
7230	0
7231	1
7232	0
7233	0
7234	0
7235	0
7236	0
7237	0
7238	0
7239	0
7240	0
7241	0
7242	0
7243	1
7244	0
7245	0
7246	0
7247	0
7248	0
7249	1
7250	1
7251	1
7252	0
7253	0
7254	0
7255	0
7256	1
7257	0
7258	0
7259	0
7260	0
7261	2
7262	1
7263	0
7264	0
7265	0
7266	0
7267	0
7268	0
7269	0
7270	0
7271	1
7272	1
7273	2
7274	0
7275	0
7276	1
7277	0
7278	0
7279	0
7280	1
7281	0
7282	1
7283	0
7284	0
7285	0
7286	0
7287	0
7288	0
7289	0
7290	0
7291	1
7292	0
7293	1
7294	0
7295	0
7296	0
7297	0
7298	0
7299	1
7300	0
7301	1
7302	0
7303	1
7304	1
7305	0
7306	0
7307	0
7308	0
7309	1
7310	0
7311	0
7312	1
7313	0
7314	0
7315	0
7316	0
7317	0
7318	0
7319	0
7320	0
7321	0
7322	0
7323	0
7324	0
7325	1
7326	0
7327	0
7328	0
7329	0
7330	1
7331	0
7332	0
7333	1
7334	0
7335	0
7336	1
7337	0
7338	1
7339	1
7340	0
7341	1
7342	0
7343	0
7344	0
7345	0
7346	0
7347	0
7348	0
7349	0
7350	0
7351	0
7352	0
7353	0
7354	0
7355	0
7356	0
7357	0
7358	0
7359	1
7360	1
7361	0
7362	0
7363	0
7364	0
7365	0
7366	0
7367	0
7368	0
7369	0
7370	1
7371	1
7372	0
7373	0
7374	0
7375	0
7376	1
7377	0
7378	0
7379	0
7380	1
7381	0
7382	1
7383	0
7384	0
7385	0
7386	0
7387	0
7388	0
7389	1
7390	0
7391	0
7392	0
7393	0
7394	0
7395	0
7396	0
7397	0
7398	0
7399	0
7400	2
7401	1
7402	0
7403	0
7404	0
7405	0
7406	0
7407	0
7408	1
7409	0
7410	0
7411	2
7412	0
7413	2
7414	0
7415	0
7416	0
7417	0
7418	0
7419	0
7420	0
7421	0
7422	0
7423	0
7424	0
7425	0
7426	0
7427	0
7428	0
7429	0
7430	0
7431	0
7432	0
7433	0
7434	1
7435	0
7436	0
7437	0
7438	0
7439	1
7440	2
7441	0
7442	1
7443	0
7444	0
7445	1
7446	0
7447	0
7448	0
7449	0
7450	1
7451	0
7452	1
7453	0
7454	1
7455	1
7456	2
7457	0
7458	0
7459	0
7460	1
7461	0
7462	0
7463	0
7464	0
7465	0
7466	0
7467	1
7468	0
7469	0
7470	2
7471	0
7472	1
7473	0
7474	0
7475	0
7476	0
7477	0
7478	1
7479	1
7480	0
7481	1
7482	1
7483	0
7484	1
7485	0
7486	1
7487	0
7488	0
7489	0
7490	0
7491	0
7492	1
7493	0
7494	1
7495	0
7496	0
7497	0
7498	0
7499	0
7500	0
7501	0
7502	0
7503	0
7504	0
7505	0
7506	0
7507	0
7508	1
7509	0
7510	0
7511	0
7512	0
7513	0
7514	0
7515	1
7516	0
7517	0
7518	0
7519	0
7520	0
7521	0
7522	0
7523	0
7524	0
7525	0
7526	0
7527	0
7528	0
7529	0
7530	0
7531	1
7532	0
7533	0
7534	0
7535	0
7536	2
7537	1
7538	0
7539	0
7540	0
7541	0
7542	0
7543	0
7544	0
7545	0
7546	0
7547	0
7548	0
7549	1
7550	0
7551	2
7552	0
7553	0
7554	0
7555	0
7556	0
7557	0
7558	0
7559	0
7560	0
7561	0
7562	0
7563	0
7564	1
7565	0
7566	0
7567	0
7568	0
7569	0
7570	2
7571	0
7572	0
7573	1
7574	2
7575	2
7576	0
7577	0
7578	0
7579	0
7580	1
7581	0
7582	0
7583	0
7584	0
7585	0
7586	0
7587	0
7588	2
7589	0
7590	1
7591	0
7592	0
7593	1
7594	1
7595	0
7596	0
7597	0
7598	0
7599	0
7600	0
7601	0
7602	0
7603	0
7604	0
7605	0
7606	1
7607	0
7608	0
7609	0
7610	0
7611	1
7612	0
7613	1
7614	0
7615	0
7616	0
7617	0
7618	0
7619	0
7620	0
7621	0
7622	0
7623	0
7624	0
7625	1
7626	0
7627	0
7628	0
7629	0
7630	0
7631	0
7632	0
7633	0
7634	1
7635	1
7636	0
7637	0
7638	1
7639	2
7640	0
7641	1
7642	0
7643	0
7644	1
7645	1
7646	0
7647	0
7648	0
7649	0
7650	0
7651	0
7652	0
7653	0
7654	0
7655	0
7656	1
7657	0
7658	0
7659	0
7660	0
7661	0
7662	0
7663	0
7664	2
7665	0
7666	1
7667	0
7668	0
7669	0
7670	0
7671	0
7672	2
7673	0
7674	0
7675	2
7676	0
7677	0
7678	1
7679	0
7680	0
7681	0
7682	0
7683	0
7684	1
7685	0
7686	0
7687	0
7688	0
7689	1
7690	0
7691	0
7692	0
7693	0
7694	1
7695	0
7696	0
7697	0
7698	1
7699	1
7700	1
7701	1
7702	1
7703	0
7704	1
7705	1
7706	0
7707	0
7708	1
7709	0
7710	0
7711	2
7712	0
7713	0
7714	0
7715	1
7716	1
7717	0
7718	1
7719	1
7720	0
7721	0
7722	0
7723	1
7724	0
7725	0
7726	0
7727	0
7728	1
7729	0
7730	0
7731	0
7732	1
7733	0
7734	0
7735	0
7736	0
7737	0
7738	0
7739	1
7740	0
7741	0
7742	0
7743	0
7744	1
7745	0
7746	1
7747	0
7748	1
7749	3
7750	0
7751	1
7752	1
7753	1
7754	0
7755	0
7756	0
7757	0
7758	1
7759	0
7760	0
7761	1
7762	0
7763	1
7764	0
7765	0
7766	1
7767	1
7768	0
7769	0
7770	1
7771	0
7772	0
7773	0
7774	1
7775	0
7776	0
7777	0
7778	0
7779	1
7780	0
7781	0
7782	1
7783	0
7784	0
7785	0
7786	1
7787	1
7788	0
7789	0
7790	0
7791	0
7792	0
7793	0
7794	0
7795	0
7796	1
7797	0
7798	0
7799	0
7800	0
7801	0
7802	0
7803	0
7804	1
7805	1
7806	0
7807	0
7808	0
7809	0
7810	0
7811	0
7812	0
7813	0
7814	1
7815	0
7816	1
7817	0
7818	2
7819	0
7820	1
7821	0
7822	0
7823	0
7824	2
7825	0
7826	0
7827	0
7828	0
7829	1
7830	0
7831	0
7832	0
7833	0
7834	0
7835	1
7836	1
7837	0
7838	0
7839	0
7840	0
7841	0
7842	0
7843	1
7844	1
7845	1
7846	1
7847	1
7848	0
7849	0
7850	0
7851	0
7852	0
7853	0
7854	0
7855	0
7856	1
7857	0
7858	0
7859	0
7860	0
7861	0
7862	0
7863	1
7864	0
7865	0
7866	0
7867	0
7868	0
7869	0
7870	0
7871	1
7872	0
7873	0
7874	0
7875	0
7876	0
7877	1
7878	0
7879	0
7880	0
7881	1
7882	0
7883	0
7884	0
7885	0
7886	0
7887	1
7888	1
7889	0
7890	0
7891	0
7892	0
7893	0
7894	0
7895	0
7896	0
7897	0
7898	2
7899	0
7900	0
7901	0
7902	0
7903	1
7904	0
7905	0
7906	0
7907	1
7908	0
7909	1
7910	0
7911	0
7912	0
7913	0
7914	0
7915	0
7916	1
7917	0
7918	0
7919	0
7920	1
7921	0
7922	0
7923	1
7924	0
7925	0
7926	0
7927	1
7928	0
7929	0
7930	0
7931	0
7932	0
7933	1
7934	0
7935	0
7936	0
7937	0
7938	0
7939	1
7940	0
7941	0
7942	0
7943	0
7944	0
7945	0
7946	0
7947	1
7948	0
7949	0
7950	0
7951	1
7952	0
7953	0
7954	0
7955	0
7956	0
7957	1
7958	1
7959	0
7960	0
7961	1
7962	0
7963	0
7964	0
7965	1
7966	0
7967	0
7968	0
7969	0
7970	0
7971	0
7972	0
7973	0
7974	0
7975	0
7976	2
7977	0
7978	1
7979	0
7980	1
7981	0
7982	0
7983	0
7984	0
7985	0
7986	1
7987	0
7988	1
7989	0
7990	0
7991	2
7992	0
7993	0
7994	0
7995	0
7996	0
7997	0
7998	0
7999	0
8000	0
8001	1
8002	1
8003	0
8004	0
8005	1
8006	1
8007	0
8008	0
8009	0
8010	0
8011	0
8012	0
8013	0
8014	0
8015	0
8016	0
8017	0
8018	0
8019	0
8020	0
8021	0
8022	0
8023	0
8024	0
8025	0
8026	0
8027	0
8028	0
8029	0
8030	0
8031	2
8032	1
8033	0
8034	0
8035	0
8036	0
8037	0
8038	2
8039	0
8040	0
8041	0
8042	2
8043	0
8044	0
8045	0
8046	0
8047	0
8048	0
8049	0
8050	0
8051	0
8052	0
8053	1
8054	0
8055	0
8056	1
8057	0
8058	0
8059	0
8060	0
8061	0
8062	0
8063	0
8064	0
8065	1
8066	0
8067	0
8068	0
8069	0
8070	1
8071	0
8072	0
8073	0
8074	1
8075	0
8076	0
8077	1
8078	1
8079	0
8080	1
8081	0
8082	0
8083	0
8084	0
8085	0
8086	0
8087	0
8088	0
8089	0
8090	0
8091	0
8092	0
8093	0
8094	0
8095	0
8096	0
8097	0
8098	0
8099	0
8100	0
8101	0
8102	0
8103	0
8104	0
8105	0
8106	0
8107	0
8108	0
8109	0
8110	0
8111	0
8112	0
8113	0
8114	0
8115	0
8116	0
8117	0
8118	0
8119	0
8120	0
8121	0
8122	0
8123	0
8124	0
8125	0
8126	0
8127	0
8128	0
8129	0
8130	0
8131	0
8132	0
8133	0
8134	0
8135	0
8136	0
8137	0
8138	0
8139	0
8140	0
8141	0
8142	0
8143	0
8144	0
8145	0
8146	0
8147	0
8148	0
8149	0
8150	0
8151	0
8152	0
8153	0
8154	0
8155	0
8156	0
8157	0
8158	0
8159	0
8160	0
8161	0
8162	0
8163	0
8164	0
8165	0
8166	0
8167	0
8168	0
8169	0
8170	0
8171	0
8172	0
8173	0
8174	0
8175	0
8176	0
8177	0
8178	0
8179	0
8180	0
8181	0
8182	0
8183	0
8184	0
8185	0
8186	0
8187	0
8188	0
8189	0
8190	0
8191	0
