0	0
1	0
2	0
3	0
4	0
5	0
6	0
7	0
8	0
9	0
10	0
11	0
12	0
13	0
14	0
15	0
16	0
17	0
18	0
19	0
20	0
21	0
22	0
23	0
24	0
25	0
26	0
27	0
28	0
29	0
30	0
31	0
32	0
33	0
34	0
35	0
36	0
37	0
38	0
39	0
40	0
41	0
42	0
43	0
44	0
45	0
46	0
47	0
48	0
49	0
50	0
51	0
52	0
53	0
54	0
55	0
56	0
57	0
58	0
59	0
60	0
61	0
62	0
63	0
64	0
65	0
66	0
67	0
68	0
69	0
70	0
71	0
72	0
73	0
74	0
75	0
76	0
77	0
78	0
79	0
80	0
81	0
82	0
83	0
84	0
85	4
86	10
87	14
88	16
89	7
90	17
91	14
92	12
93	18
94	19
95	20
96	13
97	14
98	15
99	14
100	22
101	19
102	9
103	13
104	22
105	17
106	16
107	16
108	24
109	14
110	14
111	11
112	16
113	14
114	11
115	16
116	15
117	24
118	8
119	14
120	14
121	15
122	14
123	19
124	15
125	20
126	19
127	20
128	26
129	19
130	10
131	16
132	22
133	16
134	20
135	12
136	16
137	19
138	15
139	23
140	9
141	12
142	19
143	13
144	15
145	12
146	6
147	18
148	14
149	17
150	15
151	17
152	16
153	13
154	21
155	15
156	12
157	12
158	15
159	15
160	20
161	19
162	9
163	22
164	8
165	20
166	15
167	7
168	17
169	11
170	13
171	15
172	23
173	17
174	12
175	5
176	16
177	14
178	19
179	16
180	13
181	27
182	14
183	16
184	13
185	18
186	25
187	15
188	15
189	25
190	13
191	21
192	12
193	15
194	18
195	15
196	10
197	22
198	15
199	12
200	14
201	15
202	16
203	24
204	22
205	21
206	18
207	13
208	25
209	13
210	18
211	15
212	16
213	23
214	14
215	18
216	17
217	15
218	16
219	17
220	16
221	18
222	12
223	15
224	10
225	7
226	20
227	15
228	12
229	23
230	12
231	17
232	15
233	13
234	20
235	17
236	19
237	16
238	24
239	13
240	19
241	15
242	23
243	15
244	18
245	18
246	19
247	21
248	15
249	23
250	18
251	16
252	22
253	19
254	19
255	16
256	15
257	20
258	21
259	15
260	16
261	16
262	16
263	22
264	21
265	18
266	8
267	21
268	27
269	15
270	16
271	19
272	28
273	17
274	18
275	17
276	19
277	16
278	17
279	16
280	18
281	18
282	9
283	16
284	11
285	22
286	18
287	13
288	13
289	11
290	18
291	22
292	15
293	18
294	20
295	19
296	17
297	15
298	16
299	21
300	20
301	15
302	12
303	12
304	13
305	23
306	22
307	24
308	18
309	23
310	18
311	18
312	26
313	10
314	25
315	18
316	16
317	18
318	20
319	25
320	19
321	20
322	15
323	16
324	16
325	24
326	15
327	17
328	24
329	16
330	14
331	17
332	24
333	19
334	18
335	28
336	16
337	20
338	14
339	24
340	24
341	15
342	27
343	18
344	20
345	21
346	19
347	14
348	22
349	15
350	18
351	32
352	30
353	20
354	17
355	18
356	19
357	20
358	14
359	17
360	30
361	24
362	15
363	15
364	17
365	19
366	15
367	13
368	20
369	13
370	22
371	10
372	23
373	9
374	24
375	24
376	16
377	24
378	20
379	29
380	15
381	18
382	21
383	21
384	23
385	16
386	14
387	24
388	21
389	20
390	10
391	19
392	27
393	12
394	23
395	12
396	17
397	22
398	15
399	18
400	9
401	14
402	19
403	14
404	13
405	15
406	32
407	14
408	17
409	18
410	13
411	18
412	31
413	16
414	25
415	15
416	21
417	17
418	15
419	23
420	28
421	16
422	20
423	15
424	22
425	24
426	16
427	18
428	18
429	17
430	27
431	17
432	13
433	20
434	23
435	12
436	16
437	15
438	20
439	18
440	28
441	24
442	24
443	23
444	17
445	18
446	17
447	21
448	16
449	13
450	13
451	14
452	17
453	22
454	27
455	21
456	22
457	16
458	18
459	14
460	23
461	20
462	20
463	22
464	27
465	14
466	14
467	22
468	22
469	19
470	16
471	20
472	16
473	18
474	30
475	27
476	19
477	21
478	16
479	17
480	21
481	24
482	15
483	21
484	20
485	18
486	18
487	15
488	19
489	21
490	15
491	23
492	10
493	26
494	10
495	15
496	19
497	15
498	24
499	33
500	23
501	20
502	22
503	28
504	25
505	25
506	25
507	22
508	21
509	20
510	23
511	22
512	17
513	27
514	20
515	25
516	19
517	24
518	29
519	15
520	21
521	20
522	22
523	28
524	24
525	19
526	27
527	25
528	30
529	22
530	35
531	24
532	31
533	31
534	22
535	25
536	19
537	15
538	28
539	30
540	22
541	19
542	30
543	29
544	23
545	29
546	21
547	36
548	20
549	21
550	31
551	30
552	25
553	33
554	28
555	18
556	24
557	24
558	19
559	24
560	25
561	28
562	26
563	22
564	32
565	25
566	30
567	25
568	29
569	38
570	26
571	39
572	31
573	30
574	27
575	29
576	33
577	27
578	38
579	26
580	27
581	41
582	29
583	41
584	31
585	38
586	27
587	24
588	36
589	28
590	35
591	35
592	37
593	36
594	30
595	44
596	32
597	41
598	39
599	43
600	29
601	25
602	24
603	28
604	39
605	32
606	30
607	31
608	34
609	39
610	44
611	37
612	44
613	33
614	37
615	36
616	23
617	30
618	28
619	24
620	31
621	34
622	36
623	32
624	31
625	23
626	27
627	23
628	23
629	35
630	29
631	28
632	33
633	30
634	32
635	31
636	34
637	40
638	26
639	27
640	29
641	33
642	25
643	26
644	20
645	27
646	31
647	26
648	36
649	32
650	30
651	27
652	30
653	37
654	20
655	32
656	24
657	35
658	33
659	36
660	26
661	21
662	22
663	29
664	34
665	32
666	23
667	20
668	29
669	22
670	28
671	35
672	31
673	29
674	33
675	47
676	29
677	24
678	28
679	14
680	28
681	19
682	22
683	23
684	29
685	23
686	30
687	29
688	28
689	31
690	21
691	29
692	22
693	23
694	37
695	37
696	34
697	29
698	24
699	26
700	28
701	36
702	18
703	16
704	36
705	36
706	29
707	21
708	30
709	28
710	28
711	17
712	25
713	24
714	31
715	32
716	18
717	23
718	31
719	29
720	26
721	22
722	19
723	13
724	24
725	29
726	22
727	23
728	34
729	24
730	23
731	32
732	20
733	29
734	23
735	25
736	20
737	31
738	26
739	22
740	34
741	22
742	17
743	22
744	23
745	27
746	30
747	28
748	24
749	22
750	28
751	35
752	23
753	33
754	25
755	22
756	22
757	23
758	25
759	25
760	25
761	23
762	25
763	31
764	26
765	24
766	29
767	22
768	25
769	20
770	17
771	21
772	26
773	22
774	35
775	17
776	27
777	19
778	24
779	26
780	24
781	24
782	19
783	24
784	26
785	23
786	19
787	35
788	20
789	36
790	27
791	23
792	34
793	34
794	28
795	24
796	16
797	21
798	33
799	23
800	22
801	15
802	31
803	41
804	27
805	25
806	31
807	24
808	27
809	18
810	33
811	19
812	23
813	22
814	27
815	25
816	23
817	24
818	24
819	36
820	22
821	27
822	22
823	25
824	32
825	24
826	35
827	27
828	33
829	30
830	21
831	24
832	29
833	25
834	22
835	25
836	19
837	24
838	31
839	23
840	30
841	15
842	21
843	23
844	26
845	37
846	24
847	18
848	30
849	35
850	32
851	26
852	29
853	21
854	33
855	21
856	22
857	22
858	24
859	38
860	27
861	27
862	19
863	23
864	37
865	22
866	30
867	30
868	24
869	34
870	27
871	24
872	28
873	25
874	25
875	31
876	37
877	32
878	38
879	26
880	26
881	29
882	32
883	25
884	33
885	32
886	30
887	30
888	24
889	23
890	27
891	29
892	33
893	34
894	27
895	30
896	28
897	24
898	31
899	24
900	37
901	25
902	41
903	32
904	23
905	40
906	28
907	29
908	32
909	20
910	30
911	28
912	34
913	37
914	35
915	31
916	38
917	26
918	30
919	21
920	29
921	32
922	21
923	28
924	25
925	28
926	37
927	26
928	28
929	31
930	32
931	27
932	36
933	24
934	37
935	22
936	37
937	36
938	34
939	42
940	27
941	28
942	37
943	19
944	29
945	38
946	28
947	27
948	30
949	23
950	28
951	31
952	30
953	41
954	37
955	25
956	27
957	26
958	25
959	42
960	29
961	36
962	33
963	25
964	34
965	28
966	28
967	33
968	36
969	38
970	28
971	35
972	22
973	33
974	27
975	24
976	20
977	24
978	32
979	33
980	26
981	35
982	40
983	28
984	32
985	24
986	23
987	36
988	22
989	29
990	34
991	25
992	28
993	42
994	31
995	24
996	37
997	41
998	23
999	29
1000	35
1001	31
1002	28
1003	20
1004	30
1005	37
1006	30
1007	35
1008	34
1009	26
1010	35
1011	32
1012	36
1013	23
1014	33
1015	42
1016	21
1017	34
1018	19
1019	36
1020	32
1021	32
1022	34
1023	31
1024	31
1025	28
1026	39
1027	25
1028	35
1029	47
1030	30
1031	34
1032	34
1033	30
1034	29
1035	31
1036	34
1037	25
1038	41
1039	35
1040	34
1041	38
1042	34
1043	30
1044	34
1045	35
1046	33
1047	29
1048	35
1049	31
1050	36
1051	46
1052	27
1053	36
1054	32
1055	27
1056	37
1057	40
1058	46
1059	36
1060	36
1061	33
1062	34
1063	34
1064	30
1065	35
1066	28
1067	31
1068	34
1069	35
1070	35
1071	29
1072	40
1073	28
1074	33
1075	16
1076	34
1077	37
1078	31
1079	32
1080	28
1081	19
1082	37
1083	34
1084	42
1085	21
1086	41
1087	36
1088	32
1089	28
1090	29
1091	28
1092	38
1093	34
1094	42
1095	36
1096	38
1097	40
1098	27
1099	36
1100	34
1101	48
1102	26
1103	36
1104	26
1105	47
1106	34
1107	28
1108	30
1109	36
1110	30
1111	44
1112	31
1113	26
1114	34
1115	32
1116	23
1117	29
1118	47
1119	35
1120	43
1121	28
1122	31
1123	29
1124	33
1125	45
1126	26
1127	27
1128	43
1129	31
1130	22
1131	32
1132	44
1133	35
1134	38
1135	37
1136	46
1137	36
1138	44
1139	46
1140	37
1141	38
1142	40
1143	33
1144	39
1145	34
1146	41
1147	26
1148	33
1149	36
1150	40
1151	30
1152	47
1153	41
1154	29
1155	33
1156	39
1157	34
1158	39
1159	42
1160	34
1161	26
1162	34
1163	39
1164	24
1165	39
1166	28
1167	24
1168	40
1169	28
1170	41
1171	32
1172	22
1173	41
1174	45
1175	30
1176	25
1177	35
1178	35
1179	40
1180	28
1181	42
1182	30
1183	25
1184	31
1185	35
1186	34
1187	39
1188	35
1189	27
1190	49
1191	37
1192	34
1193	32
1194	28
1195	39
1196	50
1197	45
1198	39
1199	41
1200	38
1201	26
1202	30
1203	30
1204	43
1205	24
1206	31
1207	38
1208	37
1209	40
1210	39
1211	38
1212	39
1213	32
1214	30
1215	29
1216	26
1217	44
1218	31
1219	28
1220	25
1221	25
1222	43
1223	38
1224	34
1225	37
1226	49
1227	35
1228	35
1229	36
1230	34
1231	35
1232	37
1233	35
1234	38
1235	32
1236	36
1237	33
1238	39
1239	30
1240	36
1241	42
1242	38
1243	30
1244	28
1245	41
1246	38
1247	38
1248	30
1249	29
1250	42
1251	41
1252	34
1253	43
1254	31
1255	50
1256	31
1257	27
1258	39
1259	36
1260	32
1261	36
1262	33
1263	37
1264	43
1265	36
1266	37
1267	39
1268	55
1269	40
1270	41
1271	26
1272	42
1273	30
1274	36
1275	38
1276	49
1277	37
1278	41
1279	48
1280	47
1281	24
1282	41
1283	44
1284	38
1285	24
1286	41
1287	28
1288	45
1289	33
1290	33
1291	45
1292	32
1293	39
1294	35
1295	30
1296	35
1297	35
1298	34
1299	43
1300	35
1301	37
1302	42
1303	39
1304	41
1305	39
1306	29
1307	32
1308	37
1309	48
1310	34
1311	36
1312	37
1313	45
1314	44
1315	37
1316	24
1317	32
1318	39
1319	38
1320	38
1321	32
1322	37
1323	44
1324	40
1325	40
1326	44
1327	46
1328	36
1329	29
1330	43
1331	34
1332	36
1333	45
1334	31
1335	34
1336	34
1337	45
1338	43
1339	39
1340	41
1341	25
1342	45
1343	39
1344	35
1345	27
1346	42
1347	43
1348	41
1349	35
1350	34
1351	35
1352	26
1353	41
1354	35
1355	37
1356	42
1357	27
1358	27
1359	33
1360	39
1361	29
1362	43
1363	28
1364	31
1365	47
1366	34
1367	40
1368	40
1369	38
1370	46
1371	40
1372	49
1373	38
1374	38
1375	34
1376	41
1377	33
1378	36
1379	37
1380	36
1381	38
1382	34
1383	32
1384	41
1385	39
1386	37
1387	58
1388	36
1389	38
1390	35
1391	42
1392	38
1393	36
1394	42
1395	37
1396	47
1397	46
1398	42
1399	34
1400	38
1401	32
1402	43
1403	48
1404	33
1405	33
1406	32
1407	42
1408	36
1409	33
1410	39
1411	35
1412	34
1413	37
1414	36
1415	41
1416	33
1417	41
1418	42
1419	38
1420	39
1421	32
1422	43
1423	47
1424	41
1425	37
1426	32
1427	36
1428	40
1429	39
1430	35
1431	41
1432	50
1433	39
1434	40
1435	44
1436	30
1437	19
1438	44
1439	43
1440	40
1441	41
1442	34
1443	47
1444	46
1445	36
1446	49
1447	31
1448	42
1449	35
1450	44
1451	42
1452	39
1453	38
1454	38
1455	45
1456	36
1457	58
1458	44
1459	43
1460	48
1461	34
1462	28
1463	39
1464	43
1465	39
1466	45
1467	44
1468	43
1469	30
1470	38
1471	36
1472	46
1473	44
1474	52
1475	54
1476	34
1477	24
1478	43
1479	31
1480	32
1481	38
1482	32
1483	33
1484	36
1485	39
1486	46
1487	39
1488	47
1489	35
1490	42
1491	41
1492	38
1493	36
1494	34
1495	37
1496	44
1497	31
1498	37
1499	41
1500	47
1501	35
1502	44
1503	41
1504	39
1505	53
1506	43
1507	36
1508	42
1509	35
1510	47
1511	46
1512	36
1513	35
1514	41
1515	40
1516	37
1517	37
1518	57
1519	41
1520	44
1521	41
1522	45
1523	34
1524	39
1525	46
1526	43
1527	46
1528	38
1529	47
1530	40
1531	55
1532	37
1533	44
1534	45
1535	56
1536	44
1537	41
1538	44
1539	44
1540	52
1541	49
1542	64
1543	36
1544	44
1545	40
1546	47
1547	51
1548	47
1549	37
1550	41
1551	54
1552	56
1553	52
1554	55
1555	50
1556	44
1557	56
1558	49
1559	45
1560	52
1561	38
1562	53
1563	51
1564	44
1565	57
1566	40
1567	45
1568	52
1569	50
1570	53
1571	53
1572	42
1573	48
1574	49
1575	47
1576	53
1577	49
1578	45
1579	60
1580	49
1581	53
1582	50
1583	49
1584	44
1585	48
1586	48
1587	37
1588	53
1589	45
1590	56
1591	62
1592	49
1593	63
1594	58
1595	58
1596	53
1597	68
1598	60
1599	52
1600	49
1601	50
1602	46
1603	45
1604	62
1605	42
1606	54
1607	55
1608	53
1609	42
1610	54
1611	51
1612	64
1613	56
1614	48
1615	48
1616	45
1617	59
1618	47
1619	62
1620	46
1621	63
1622	61
1623	54
1624	64
1625	60
1626	73
1627	47
1628	47
1629	54
1630	74
1631	62
1632	61
1633	51
1634	61
1635	60
1636	48
1637	56
1638	53
1639	72
1640	75
1641	60
1642	56
1643	52
1644	55
1645	48
1646	39
1647	63
1648	63
1649	63
1650	61
1651	54
1652	66
1653	60
1654	55
1655	56
1656	78
1657	64
1658	45
1659	46
1660	54
1661	62
1662	54
1663	45
1664	56
1665	59
1666	47
1667	63
1668	62
1669	54
1670	56
1671	67
1672	69
1673	62
1674	39
1675	63
1676	52
1677	49
1678	56
1679	51
1680	54
1681	77
1682	51
1683	48
1684	50
1685	52
1686	60
1687	68
1688	65
1689	61
1690	60
1691	50
1692	61
1693	63
1694	50
1695	65
1696	51
1697	49
1698	64
1699	54
1700	58
1701	63
1702	52
1703	57
1704	57
1705	59
1706	54
1707	63
1708	60
1709	65
1710	41
1711	67
1712	44
1713	61
1714	63
1715	46
1716	47
1717	62
1718	55
1719	59
1720	54
1721	47
1722	59
1723	64
1724	56
1725	48
1726	49
1727	63
1728	49
1729	57
1730	46
1731	42
1732	52
1733	48
1734	55
1735	62
1736	37
1737	57
1738	45
1739	58
1740	50
1741	43
1742	47
1743	69
1744	46
1745	56
1746	48
1747	68
1748	53
1749	45
1750	49
1751	51
1752	56
1753	44
1754	54
1755	47
1756	46
1757	59
1758	50
1759	49
1760	47
1761	46
1762	49
1763	45
1764	41
1765	44
1766	34
1767	50
1768	49
1769	51
1770	47
1771	41
1772	42
1773	52
1774	43
1775	53
1776	49
1777	43
1778	41
1779	39
1780	45
1781	36
1782	56
1783	49
1784	42
1785	34
1786	47
1787	49
1788	41
1789	45
1790	35
1791	41
1792	54
1793	44
1794	34
1795	40
1796	43
1797	38
1798	34
1799	39
1800	44
1801	45
1802	40
1803	47
1804	54
1805	52
1806	43
1807	35
1808	33
1809	41
1810	33
1811	33
1812	37
1813	30
1814	35
1815	42
1816	45
1817	30
1818	31
1819	36
1820	35
1821	42
1822	41
1823	48
1824	40
1825	42
1826	43
1827	37
1828	36
1829	34
1830	34
1831	21
1832	33
1833	31
1834	24
1835	44
1836	37
1837	35
1838	38
1839	46
1840	40
1841	26
1842	40
1843	27
1844	40
1845	42
1846	37
1847	39
1848	28
1849	25
1850	33
1851	32
1852	27
1853	37
1854	38
1855	30
1856	29
1857	34
1858	30
1859	33
1860	30
1861	33
1862	33
1863	38
1864	30
1865	38
1866	28
1867	25
1868	36
1869	35
1870	33
1871	34
1872	33
1873	29
1874	40
1875	30
1876	29
1877	39
1878	24
1879	33
1880	32
1881	33
1882	31
1883	31
1884	32
1885	39
1886	32
1887	34
1888	32
1889	34
1890	28
1891	32
1892	28
1893	27
1894	26
1895	23
1896	27
1897	35
1898	38
1899	29
1900	23
1901	30
1902	32
1903	27
1904	30
1905	33
1906	29
1907	29
1908	29
1909	31
1910	30
1911	30
1912	38
1913	23
1914	37
1915	33
1916	30
1917	23
1918	31
1919	25
1920	31
1921	34
1922	30
1923	44
1924	26
1925	23
1926	27
1927	28
1928	29
1929	31
1930	23
1931	24
1932	34
1933	29
1934	35
1935	30
1936	31
1937	29
1938	36
1939	38
1940	24
1941	27
1942	36
1943	36
1944	31
1945	39
1946	29
1947	31
1948	39
1949	21
1950	25
1951	24
1952	30
1953	21
1954	32
1955	28
1956	23
1957	35
1958	25
1959	29
1960	23
1961	27
1962	31
1963	27
1964	27
1965	18
1966	26
1967	23
1968	35
1969	30
1970	29
1971	37
1972	24
1973	27
1974	29
1975	15
1976	14
1977	25
1978	22
1979	19
1980	24
1981	20
1982	35
1983	19
1984	27
1985	33
1986	26
1987	30
1988	34
1989	27
1990	31
1991	21
1992	25
1993	29
1994	33
1995	19
1996	47
1997	28
1998	36
1999	24
2000	25
2001	27
2002	23
2003	10
2004	29
2005	32
2006	24
2007	29
2008	17
2009	24
2010	27
2011	37
2012	27
2013	29
2014	26
2015	31
2016	30
2017	27
2018	32
2019	29
2020	29
2021	30
2022	23
2023	26
2024	22
2025	28
2026	32
2027	37
2028	17
2029	24
2030	18
2031	24
2032	30
2033	28
2034	17
2035	34
2036	25
2037	26
2038	21
2039	28
2040	22
2041	31
2042	30
2043	25
2044	24
2045	29
2046	22
2047	28
2048	25
2049	21
2050	23
2051	14
2052	30
2053	32
2054	25
2055	24
2056	21
2057	19
2058	25
2059	27
2060	27
2061	41
2062	24
2063	21
2064	29
2065	23
2066	23
2067	24
2068	29
2069	31
2070	35
2071	21
2072	24
2073	26
2074	21
2075	26
2076	19
2077	30
2078	38
2079	33
2080	35
2081	24
2082	29
2083	30
2084	21
2085	24
2086	28
2087	28
2088	26
2089	22
2090	31
2091	25
2092	30
2093	23
2094	29
2095	25
2096	20
2097	27
2098	22
2099	25
2100	33
2101	25
2102	26
2103	17
2104	28
2105	27
2106	19
2107	26
2108	20
2109	24
2110	29
2111	27
2112	30
2113	34
2114	25
2115	28
2116	29
2117	29
2118	29
2119	30
2120	24
2121	18
2122	19
2123	25
2124	27
2125	32
2126	33
2127	36
2128	25
2129	25
2130	24
2131	26
2132	26
2133	27
2134	31
2135	28
2136	31
2137	25
2138	18
2139	37
2140	21
2141	25
2142	21
2143	32
2144	14
2145	34
2146	30
2147	23
2148	27
2149	23
2150	26
2151	28
2152	38
2153	23
2154	26
2155	35
2156	26
2157	27
2158	29
2159	24
2160	23
2161	23
2162	24
2163	28
2164	18
2165	21
2166	22
2167	28
2168	36
2169	18
2170	24
2171	33
2172	25
2173	27
2174	33
2175	26
2176	33
2177	22
2178	23
2179	18
2180	34
2181	22
2182	25
2183	22
2184	26
2185	33
2186	24
2187	32
2188	34
2189	17
2190	28
2191	20
2192	22
2193	17
2194	28
2195	40
2196	20
2197	23
2198	32
2199	19
2200	22
2201	26
2202	17
2203	20
2204	31
2205	30
2206	28
2207	18
2208	20
2209	18
2210	26
2211	22
2212	31
2213	19
2214	23
2215	25
2216	25
2217	30
2218	19
2219	32
2220	21
2221	15
2222	24
2223	22
2224	28
2225	24
2226	28
2227	20
2228	25
2229	21
2230	19
2231	23
2232	30
2233	26
2234	23
2235	32
2236	24
2237	25
2238	21
2239	34
2240	29
2241	21
2242	22
2243	16
2244	23
2245	26
2246	19
2247	24
2248	22
2249	34
2250	29
2251	30
2252	25
2253	19
2254	30
2255	29
2256	22
2257	24
2258	19
2259	28
2260	27
2261	21
2262	27
2263	28
2264	24
2265	23
2266	25
2267	37
2268	29
2269	19
2270	24
2271	29
2272	18
2273	36
2274	25
2275	21
2276	30
2277	25
2278	20
2279	20
2280	23
2281	33
2282	35
2283	32
2284	21
2285	23
2286	15
2287	21
2288	34
2289	20
2290	24
2291	27
2292	27
2293	26
2294	31
2295	30
2296	22
2297	28
2298	18
2299	25
2300	26
2301	15
2302	20
2303	25
2304	18
2305	19
2306	23
2307	26
2308	14
2309	22
2310	26
2311	34
2312	23
2313	27
2314	19
2315	23
2316	26
2317	17
2318	25
2319	31
2320	18
2321	12
2322	24
2323	24
2324	21
2325	16
2326	33
2327	31
2328	26
2329	21
2330	22
2331	20
2332	28
2333	21
2334	29
2335	22
2336	24
2337	22
2338	20
2339	17
2340	28
2341	16
2342	31
2343	22
2344	21
2345	21
2346	28
2347	16
2348	30
2349	24
2350	29
2351	26
2352	22
2353	24
2354	21
2355	32
2356	12
2357	26
2358	27
2359	20
2360	17
2361	24
2362	28
2363	22
2364	23
2365	22
2366	23
2367	23
2368	22
2369	20
2370	26
2371	25
2372	19
2373	16
2374	22
2375	23
2376	29
2377	18
2378	14
2379	31
2380	21
2381	16
2382	20
2383	24
2384	23
2385	10
2386	17
2387	24
2388	26
2389	21
2390	24
2391	27
2392	25
2393	17
2394	22
2395	21
2396	21
2397	21
2398	25
2399	26
2400	18
2401	20
2402	21
2403	16
2404	33
2405	15
2406	24
2407	25
2408	21
2409	17
2410	27
2411	14
2412	20
2413	27
2414	18
2415	22
2416	29
2417	25
2418	22
2419	23
2420	23
2421	29
2422	23
2423	20
2424	26
2425	21
2426	23
2427	23
2428	25
2429	16
2430	19
2431	27
2432	25
2433	21
2434	20
2435	23
2436	21
2437	20
2438	23
2439	25
2440	29
2441	21
2442	22
2443	20
2444	30
2445	28
2446	28
2447	17
2448	12
2449	22
2450	26
2451	25
2452	24
2453	22
2454	32
2455	22
2456	14
2457	24
2458	18
2459	16
2460	21
2461	21
2462	19
2463	31
2464	21
2465	21
2466	22
2467	23
2468	22
2469	24
2470	19
2471	22
2472	32
2473	22
2474	22
2475	18
2476	29
2477	20
2478	25
2479	24
2480	24
2481	18
2482	22
2483	25
2484	25
2485	26
2486	34
2487	19
2488	18
2489	24
2490	22
2491	23
2492	33
2493	13
2494	20
2495	13
2496	22
2497	22
2498	30
2499	30
2500	26
2501	22
2502	31
2503	19
2504	28
2505	18
2506	19
2507	23
2508	24
2509	22
2510	23
2511	26
2512	27
2513	28
2514	18
2515	26
2516	30
2517	23
2518	16
2519	30
2520	17
2521	22
2522	16
2523	28
2524	26
2525	26
2526	24
2527	24
2528	26
2529	17
2530	31
2531	30
2532	21
2533	23
2534	20
2535	19
2536	29
2537	23
2538	21
2539	22
2540	20
2541	26
2542	20
2543	23
2544	25
2545	22
2546	22
2547	26
2548	30
2549	26
2550	18
2551	17
2552	20
2553	23
2554	21
2555	26
2556	19
2557	19
2558	15
2559	22
2560	24
2561	22
2562	20
2563	23
2564	32
2565	20
2566	20
2567	23
2568	18
2569	20
2570	20
2571	21
2572	21
2573	20
2574	22
2575	30
2576	27
2577	22
2578	16
2579	20
2580	23
2581	15
2582	21
2583	26
2584	24
2585	21
2586	11
2587	12
2588	15
2589	20
2590	31
2591	29
2592	17
2593	31
2594	33
2595	29
2596	18
2597	25
2598	30
2599	18
2600	25
2601	29
2602	17
2603	31
2604	33
2605	22
2606	18
2607	16
2608	22
2609	20
2610	24
2611	19
2612	15
2613	22
2614	17
2615	18
2616	25
2617	23
2618	22
2619	27
2620	20
2621	25
2622	25
2623	22
2624	18
2625	24
2626	33
2627	23
2628	19
2629	19
2630	16
2631	20
2632	20
2633	25
2634	17
2635	16
2636	25
2637	24
2638	20
2639	22
2640	16
2641	21
2642	23
2643	28
2644	30
2645	25
2646	22
2647	18
2648	25
2649	23
2650	24
2651	12
2652	18
2653	17
2654	25
2655	22
2656	18
2657	29
2658	29
2659	23
2660	17
2661	16
2662	18
2663	25
2664	26
2665	14
2666	18
2667	20
2668	21
2669	22
2670	25
2671	22
2672	16
2673	21
2674	22
2675	21
2676	25
2677	24
2678	25
2679	28
2680	26
2681	14
2682	17
2683	16
2684	25
2685	22
2686	19
2687	19
2688	20
2689	23
2690	18
2691	20
2692	23
2693	23
2694	25
2695	26
2696	25
2697	24
2698	21
2699	24
2700	22
2701	15
2702	28
2703	26
2704	25
2705	25
2706	16
2707	21
2708	21
2709	22
2710	33
2711	25
2712	20
2713	22
2714	21
2715	19
2716	28
2717	21
2718	26
2719	26
2720	22
2721	19
2722	26
2723	15
2724	15
2725	27
2726	10
2727	20
2728	19
2729	26
2730	16
2731	21
2732	19
2733	22
2734	21
2735	20
2736	22
2737	19
2738	18
2739	17
2740	15
2741	20
2742	19
2743	17
2744	24
2745	20
2746	25
2747	17
2748	33
2749	23
2750	19
2751	22
2752	22
2753	17
2754	24
2755	21
2756	28
2757	31
2758	18
2759	28
2760	24
2761	18
2762	21
2763	24
2764	18
2765	23
2766	22
2767	29
2768	19
2769	28
2770	17
2771	14
2772	14
2773	23
2774	22
2775	21
2776	24
2777	15
2778	26
2779	20
2780	28
2781	17
2782	33
2783	22
2784	13
2785	20
2786	10
2787	28
2788	12
2789	21
2790	25
2791	16
2792	22
2793	21
2794	17
2795	28
2796	20
2797	24
2798	19
2799	18
2800	18
2801	19
2802	19
2803	20
2804	31
2805	19
2806	16
2807	27
2808	21
2809	15
2810	13
2811	21
2812	23
2813	19
2814	22
2815	24
2816	20
2817	15
2818	18
2819	17
2820	17
2821	20
2822	17
2823	25
2824	19
2825	22
2826	19
2827	17
2828	16
2829	18
2830	26
2831	22
2832	18
2833	31
2834	25
2835	27
2836	30
2837	22
2838	25
2839	19
2840	26
2841	27
2842	19
2843	16
2844	15
2845	23
2846	22
2847	20
2848	20
2849	17
2850	29
2851	15
2852	15
2853	20
2854	27
2855	17
2856	19
2857	22
2858	16
2859	14
2860	19
2861	12
2862	22
2863	15
2864	17
2865	25
2866	17
2867	12
2868	20
2869	19
2870	26
2871	26
2872	20
2873	25
2874	18
2875	20
2876	18
2877	20
2878	20
2879	26
2880	19
2881	22
2882	26
2883	16
2884	14
2885	19
2886	12
2887	20
2888	23
2889	13
2890	24
2891	18
2892	17
2893	20
2894	17
2895	17
2896	16
2897	23
2898	15
2899	26
2900	17
2901	26
2902	15
2903	16
2904	14
2905	19
2906	21
2907	15
2908	18
2909	23
2910	9
2911	17
2912	24
2913	24
2914	27
2915	19
2916	19
2917	22
2918	24
2919	19
2920	24
2921	18
2922	17
2923	18
2924	19
2925	17
2926	18
2927	22
2928	17
2929	23
2930	23
2931	19
2932	25
2933	18
2934	25
2935	21
2936	20
2937	23
2938	14
2939	18
2940	17
2941	22
2942	21
2943	17
2944	25
2945	25
2946	27
2947	18
2948	18
2949	25
2950	20
2951	24
2952	24
2953	17
2954	19
2955	23
2956	18
2957	18
2958	24
2959	28
2960	25
2961	21
2962	16
2963	19
2964	19
2965	21
2966	14
2967	15
2968	33
2969	21
2970	25
2971	29
2972	15
2973	22
2974	13
2975	18
2976	24
2977	17
2978	20
2979	22
2980	14
2981	17
2982	20
2983	20
2984	17
2985	28
2986	24
2987	20
2988	23
2989	21
2990	24
2991	18
2992	19
2993	19
2994	18
2995	27
2996	26
2997	16
2998	16
2999	11
3000	23
3001	14
3002	10
3003	15
3004	20
3005	24
3006	20
3007	24
3008	19
3009	16
3010	16
3011	24
3012	24
3013	19
3014	21
3015	16
3016	24
3017	23
3018	17
3019	13
3020	21
3021	13
3022	29
3023	17
3024	25
3025	24
3026	19
3027	13
3028	18
3029	9
3030	23
3031	18
3032	20
3033	17
3034	18
3035	19
3036	31
3037	18
3038	19
3039	24
3040	16
3041	23
3042	15
3043	25
3044	17
3045	22
3046	25
3047	22
3048	18
3049	27
3050	21
3051	17
3052	11
3053	26
3054	13
3055	17
3056	17
3057	23
3058	22
3059	23
3060	18
3061	19
3062	18
3063	24
3064	24
3065	21
3066	15
3067	20
3068	19
3069	19
3070	16
3071	24
3072	17
3073	21
3074	20
3075	27
3076	15
3077	27
3078	19
3079	20
3080	16
3081	23
3082	20
3083	20
3084	19
3085	22
3086	14
3087	19
3088	15
3089	16
3090	21
3091	13
3092	17
3093	19
3094	15
3095	20
3096	25
3097	22
3098	23
3099	22
3100	19
3101	20
3102	20
3103	14
3104	25
3105	18
3106	22
3107	19
3108	13
3109	16
3110	18
3111	19
3112	21
3113	18
3114	15
3115	19
3116	21
3117	25
3118	18
3119	23
3120	16
3121	25
3122	21
3123	26
3124	18
3125	15
3126	17
3127	18
3128	22
3129	23
3130	21
3131	16
3132	21
3133	16
3134	18
3135	12
3136	19
3137	14
3138	25
3139	20
3140	23
3141	21
3142	16
3143	22
3144	14
3145	21
3146	20
3147	20
3148	19
3149	23
3150	17
3151	17
3152	14
3153	19
3154	21
3155	17
3156	18
3157	22
3158	27
3159	23
3160	13
3161	19
3162	18
3163	15
3164	18
3165	21
3166	18
3167	21
3168	21
3169	18
3170	14
3171	13
3172	20
3173	13
3174	12
3175	23
3176	22
3177	21
3178	16
3179	18
3180	17
3181	23
3182	24
3183	18
3184	20
3185	12
3186	17
3187	21
3188	19
3189	26
3190	17
3191	20
3192	16
3193	16
3194	10
3195	19
3196	18
3197	14
3198	14
3199	22
3200	20
3201	11
3202	17
3203	25
3204	17
3205	21
3206	16
3207	14
3208	10
3209	18
3210	26
3211	21
3212	19
3213	13
3214	12
3215	16
3216	15
3217	23
3218	22
3219	11
3220	16
3221	13
3222	12
3223	14
3224	19
3225	16
3226	34
3227	19
3228	14
3229	16
3230	19
3231	20
3232	21
3233	16
3234	13
3235	18
3236	15
3237	20
3238	26
3239	16
3240	15
3241	13
3242	21
3243	21
3244	28
3245	14
3246	16
3247	19
3248	22
3249	18
3250	13
3251	19
3252	16
3253	17
3254	20
3255	20
3256	11
3257	24
3258	14
3259	15
3260	24
3261	24
3262	20
3263	20
3264	20
3265	26
3266	11
3267	17
3268	15
3269	14
3270	19
3271	12
3272	11
3273	15
3274	17
3275	19
3276	12
3277	15
3278	14
3279	15
3280	20
3281	12
3282	21
3283	20
3284	28
3285	22
3286	23
3287	24
3288	11
3289	20
3290	25
3291	18
3292	20
3293	15
3294	24
3295	17
3296	17
3297	14
3298	27
3299	19
3300	17
3301	16
3302	23
3303	17
3304	16
3305	16
3306	22
3307	19
3308	21
3309	21
3310	16
3311	17
3312	14
3313	16
3314	22
3315	16
3316	14
3317	14
3318	17
3319	15
3320	16
3321	21
3322	14
3323	18
3324	25
3325	20
3326	15
3327	19
3328	14
3329	20
3330	17
3331	13
3332	17
3333	14
3334	6
3335	19
3336	21
3337	29
3338	13
3339	18
3340	23
3341	9
3342	13
3343	12
3344	21
3345	22
3346	13
3347	17
3348	19
3349	11
3350	17
3351	12
3352	15
3353	7
3354	11
3355	15
3356	12
3357	12
3358	20
3359	16
3360	13
3361	9
3362	11
3363	17
3364	19
3365	18
3366	18
3367	20
3368	12
3369	11
3370	17
3371	16
3372	13
3373	20
3374	18
3375	14
3376	21
3377	19
3378	17
3379	14
3380	19
3381	16
3382	14
3383	16
3384	13
3385	22
3386	20
3387	27
3388	16
3389	23
3390	11
3391	22
3392	15
3393	19
3394	16
3395	16
3396	16
3397	22
3398	11
3399	19
3400	14
3401	20
3402	14
3403	16
3404	15
3405	22
3406	21
3407	16
3408	14
3409	14
3410	8
3411	6
3412	14
3413	18
3414	14
3415	20
3416	13
3417	12
3418	14
3419	17
3420	21
3421	22
3422	12
3423	15
3424	24
3425	13
3426	11
3427	9
3428	13
3429	15
3430	16
3431	16
3432	24
3433	19
3434	15
3435	12
3436	18
3437	19
3438	12
3439	13
3440	11
3441	19
3442	20
3443	14
3444	14
3445	14
3446	10
3447	17
3448	13
3449	24
3450	13
3451	15
3452	23
3453	19
3454	15
3455	17
3456	8
3457	13
3458	21
3459	12
3460	19
3461	15
3462	10
3463	15
3464	24
3465	16
3466	14
3467	14
3468	17
3469	17
3470	15
3471	10
3472	15
3473	15
3474	14
3475	16
3476	18
3477	15
3478	19
3479	13
3480	13
3481	14
3482	13
3483	15
3484	19
3485	17
3486	14
3487	15
3488	25
3489	15
3490	10
3491	14
3492	12
3493	14
3494	16
3495	12
3496	14
3497	15
3498	14
3499	14
3500	18
3501	17
3502	14
3503	23
3504	15
3505	22
3506	16
3507	16
3508	16
3509	13
3510	16
3511	12
3512	18
3513	15
3514	18
3515	8
3516	9
3517	11
3518	15
3519	14
3520	16
3521	12
3522	14
3523	10
3524	14
3525	10
3526	15
3527	12
3528	13
3529	17
3530	12
3531	12
3532	10
3533	14
3534	15
3535	15
3536	11
3537	10
3538	11
3539	16
3540	18
3541	17
3542	16
3543	11
3544	13
3545	28
3546	14
3547	8
3548	15
3549	11
3550	17
3551	18
3552	9
3553	17
3554	12
3555	17
3556	18
3557	17
3558	9
3559	12
3560	12
3561	23
3562	15
3563	12
3564	18
3565	19
3566	16
3567	7
3568	14
3569	11
3570	15
3571	13
3572	14
3573	13
3574	15
3575	15
3576	26
3577	11
3578	14
3579	20
3580	15
3581	16
3582	13
3583	16
3584	31
3585	21
3586	23
3587	14
3588	13
3589	17
3590	14
3591	18
3592	14
3593	15
3594	13
3595	14
3596	18
3597	16
3598	13
3599	14
3600	19
3601	12
3602	20
3603	12
3604	20
3605	20
3606	21
3607	15
3608	17
3609	16
3610	18
3611	19
3612	11
3613	21
3614	17
3615	20
3616	11
3617	13
3618	17
3619	12
3620	23
3621	25
3622	10
3623	14
3624	17
3625	13
3626	11
3627	13
3628	12
3629	18
3630	20
3631	17
3632	16
3633	15
3634	16
3635	10
3636	14
3637	13
3638	15
3639	22
3640	14
3641	13
3642	11
3643	15
3644	21
3645	16
3646	20
3647	20
3648	14
3649	16
3650	22
3651	17
3652	14
3653	15
3654	13
3655	14
3656	17
3657	15
3658	30
3659	19
3660	17
3661	11
3662	19
3663	21
3664	19
3665	14
3666	14
3667	11
3668	12
3669	19
3670	22
3671	15
3672	16
3673	9
3674	11
3675	14
3676	18
3677	15
3678	12
3679	5
3680	21
3681	15
3682	19
3683	17
3684	11
3685	16
3686	13
3687	13
3688	15
3689	15
3690	17
3691	11
3692	14
3693	18
3694	12
3695	16
3696	14
3697	13
3698	12
3699	13
3700	11
3701	15
3702	16
3703	17
3704	17
3705	17
3706	12
3707	12
3708	15
3709	13
3710	13
3711	14
3712	20
3713	14
3714	20
3715	17
3716	16
3717	13
3718	19
3719	16
3720	22
3721	17
3722	22
3723	22
3724	16
3725	14
3726	12
3727	17
3728	12
3729	18
3730	12
3731	20
3732	19
3733	13
3734	15
3735	15
3736	13
3737	21
3738	10
3739	17
3740	20
3741	8
3742	15
3743	14
3744	17
3745	16
3746	12
3747	13
3748	24
3749	20
3750	13
3751	10
3752	17
3753	19
3754	17
3755	18
3756	23
3757	13
3758	19
3759	13
3760	18
3761	16
3762	10
3763	14
3764	13
3765	17
3766	18
3767	20
3768	16
3769	18
3770	16
3771	19
3772	19
3773	15
3774	13
3775	16
3776	12
3777	17
3778	16
3779	24
3780	10
3781	8
3782	10
3783	10
3784	23
3785	12
3786	16
3787	12
3788	11
3789	18
3790	13
3791	18
3792	16
3793	7
3794	7
3795	19
3796	15
3797	17
3798	9
3799	14
3800	15
3801	15
3802	9
3803	18
3804	18
3805	20
3806	17
3807	18
3808	11
3809	17
3810	16
3811	19
3812	9
3813	11
3814	21
3815	9
3816	14
3817	11
3818	20
3819	12
3820	20
3821	20
3822	11
3823	14
3824	17
3825	21
3826	14
3827	15
3828	18
3829	18
3830	17
3831	18
3832	15
3833	19
3834	16
3835	13
3836	15
3837	19
3838	19
3839	19
3840	14
3841	13
3842	14
3843	19
3844	12
3845	13
3846	17
3847	21
3848	12
3849	18
3850	19
3851	18
3852	16
3853	15
3854	17
3855	14
3856	22
3857	12
3858	15
3859	22
3860	21
3861	20
3862	18
3863	18
3864	15
3865	12
3866	17
3867	25
3868	9
3869	20
3870	20
3871	9
3872	10
3873	15
3874	20
3875	18
3876	13
3877	14
3878	19
3879	9
3880	19
3881	13
3882	21
3883	10
3884	11
3885	19
3886	18
3887	12
3888	13
3889	18
3890	17
3891	10
3892	15
3893	12
3894	21
3895	15
3896	9
3897	16
3898	22
3899	17
3900	19
3901	13
3902	20
3903	23
3904	17
3905	24
3906	21
3907	16
3908	14
3909	11
3910	14
3911	20
3912	21
3913	11
3914	17
3915	11
3916	14
3917	13
3918	15
3919	17
3920	18
3921	19
3922	21
3923	9
3924	5
3925	19
3926	23
3927	17
3928	14
3929	14
3930	21
3931	12
3932	17
3933	20
3934	17
3935	14
3936	12
3937	16
3938	17
3939	22
3940	17
3941	11
3942	16
3943	15
3944	16
3945	25
3946	11
3947	14
3948	12
3949	21
3950	15
3951	20
3952	18
3953	12
3954	24
3955	15
3956	19
3957	14
3958	16
3959	11
3960	15
3961	19
3962	15
3963	12
3964	14
3965	22
3966	12
3967	14
3968	16
3969	11
3970	15
3971	11
3972	17
3973	19
3974	17
3975	14
3976	15
3977	16
3978	13
3979	14
3980	13
3981	12
3982	18
3983	13
3984	17
3985	14
3986	24
3987	16
3988	16
3989	18
3990	17
3991	13
3992	21
3993	12
3994	25
3995	11
3996	16
3997	17
3998	17
3999	15
4000	17
4001	14
4002	15
4003	23
4004	19
4005	16
4006	14
4007	22
4008	15
4009	18
4010	13
4011	14
4012	12
4013	11
4014	10
4015	8
4016	15
4017	20
4018	19
4019	21
4020	14
4021	17
4022	7
4023	24
4024	16
4025	27
4026	15
4027	12
4028	12
4029	14
4030	15
4031	17
4032	14
4033	13
4034	12
4035	12
4036	26
4037	19
4038	18
4039	11
4040	21
4041	17
4042	13
4043	18
4044	15
4045	14
4046	18
4047	12
4048	11
4049	11
4050	7
4051	13
4052	13
4053	24
4054	13
4055	12
4056	13
4057	21
4058	20
4059	13
4060	13
4061	18
4062	19
4063	24
4064	17
4065	12
4066	24
4067	14
4068	16
4069	15
4070	12
4071	21
4072	18
4073	15
4074	20
4075	16
4076	14
4077	17
4078	22
4079	17
4080	14
4081	18
4082	21
4083	15
4084	16
4085	18
4086	20
4087	15
4088	18
4089	27
4090	18
4091	17
4092	18
4093	11
4094	18
4095	19
4096	19
4097	13
4098	13
4099	15
4100	18
4101	22
4102	13
4103	11
4104	14
4105	20
4106	20
4107	18
4108	10
4109	20
4110	15
4111	13
4112	15
4113	17
4114	21
4115	19
4116	10
4117	17
4118	12
4119	17
4120	15
4121	14
4122	13
4123	17
4124	15
4125	15
4126	17
4127	14
4128	20
4129	14
4130	13
4131	18
4132	23
4133	18
4134	20
4135	24
4136	15
4137	12
4138	19
4139	14
4140	19
4141	14
4142	12
4143	16
4144	11
4145	21
4146	17
4147	15
4148	17
4149	21
4150	18
4151	11
4152	23
4153	14
4154	14
4155	24
4156	18
4157	18
4158	23
4159	14
4160	19
4161	17
4162	21
4163	16
4164	18
4165	17
4166	14
4167	20
4168	15
4169	20
4170	20
4171	17
4172	20
4173	13
4174	19
4175	14
4176	14
4177	28
4178	12
4179	25
4180	13
4181	14
4182	15
4183	17
4184	22
4185	9
4186	19
4187	16
4188	21
4189	13
4190	19
4191	17
4192	28
4193	13
4194	17
4195	26
4196	13
4197	21
4198	15
4199	14
4200	19
4201	21
4202	13
4203	10
4204	21
4205	17
4206	17
4207	18
4208	20
4209	20
4210	21
4211	15
4212	20
4213	14
4214	21
4215	13
4216	20
4217	21
4218	16
4219	17
4220	23
4221	14
4222	18
4223	26
4224	12
4225	17
4226	19
4227	22
4228	12
4229	23
4230	13
4231	13
4232	24
4233	12
4234	20
4235	13
4236	24
4237	21
4238	14
4239	15
4240	25
4241	17
4242	13
4243	18
4244	15
4245	23
4246	23
4247	16
4248	15
4249	14
4250	14
4251	18
4252	10
4253	18
4254	18
4255	15
4256	16
4257	18
4258	15
4259	21
4260	19
4261	19
4262	20
4263	22
4264	10
4265	16
4266	21
4267	20
4268	11
4269	18
4270	17
4271	23
4272	13
4273	16
4274	19
4275	9
4276	19
4277	17
4278	14
4279	20
4280	15
4281	18
4282	20
4283	17
4284	22
4285	20
4286	17
4287	16
4288	22
4289	24
4290	22
4291	26
4292	17
4293	17
4294	22
4295	10
4296	13
4297	18
4298	19
4299	19
4300	23
4301	19
4302	21
4303	20
4304	20
4305	15
4306	14
4307	23
4308	16
4309	16
4310	22
4311	16
4312	22
4313	15
4314	19
4315	30
4316	20
4317	25
4318	14
4319	19
4320	28
4321	17
4322	22
4323	24
4324	19
4325	30
4326	11
4327	22
4328	23
4329	26
4330	21
4331	27
4332	15
4333	27
4334	16
4335	15
4336	24
4337	22
4338	19
4339	14
4340	18
4341	18
4342	15
4343	22
4344	14
4345	13
4346	22
4347	22
4348	32
4349	21
4350	14
4351	23
4352	13
4353	24
4354	23
4355	22
4356	20
4357	22
4358	25
4359	20
4360	18
4361	22
4362	18
4363	16
4364	19
4365	20
4366	14
4367	16
4368	19
4369	23
4370	31
4371	21
4372	23
4373	26
4374	26
4375	26
4376	28
4377	20
4378	20
4379	17
4380	15
4381	23
4382	21
4383	19
4384	18
4385	21
4386	26
4387	19
4388	15
4389	20
4390	15
4391	25
4392	22
4393	28
4394	24
4395	19
4396	18
4397	15
4398	24
4399	18
4400	21
4401	20
4402	21
4403	17
4404	28
4405	18
4406	21
4407	25
4408	21
4409	19
4410	19
4411	20
4412	20
4413	12
4414	21
4415	29
4416	23
4417	20
4418	20
4419	21
4420	18
4421	17
4422	28
4423	17
4424	20
4425	22
4426	18
4427	22
4428	17
4429	24
4430	20
4431	35
4432	26
4433	15
4434	21
4435	23
4436	24
4437	18
4438	32
4439	22
4440	24
4441	15
4442	29
4443	23
4444	31
4445	28
4446	23
4447	25
4448	22
4449	26
4450	26
4451	20
4452	19
4453	18
4454	14
4455	18
4456	29
4457	31
4458	18
4459	23
4460	27
4461	22
4462	21
4463	25
4464	24
4465	19
4466	20
4467	21
4468	21
4469	34
4470	26
4471	24
4472	27
4473	28
4474	16
4475	19
4476	27
4477	22
4478	24
4479	15
4480	22
4481	12
4482	27
4483	25
4484	19
4485	25
4486	27
4487	28
4488	20
4489	28
4490	33
4491	24
4492	20
4493	21
4494	20
4495	23
4496	17
4497	19
4498	20
4499	17
4500	20
4501	20
4502	23
4503	22
4504	30
4505	28
4506	21
4507	21
4508	20
4509	19
4510	19
4511	27
4512	29
4513	29
4514	16
4515	31
4516	27
4517	22
4518	21
4519	32
4520	24
4521	28
4522	23
4523	27
4524	29
4525	22
4526	23
4527	33
4528	25
4529	26
4530	20
4531	31
4532	26
4533	25
4534	23
4535	34
4536	35
4537	31
4538	28
4539	26
4540	26
4541	21
4542	27
4543	29
4544	30
4545	28
4546	31
4547	24
4548	26
4549	27
4550	36
4551	27
4552	32
4553	34
4554	15
4555	31
4556	27
4557	26
4558	32
4559	24
4560	26
4561	42
4562	39
4563	31
4564	25
4565	31
4566	29
4567	26
4568	23
4569	24
4570	22
4571	36
4572	23
4573	31
4574	37
4575	23
4576	34
4577	29
4578	17
4579	28
4580	31
4581	38
4582	29
4583	32
4584	28
4585	27
4586	37
4587	21
4588	28
4589	36
4590	29
4591	33
4592	36
4593	25
4594	33
4595	41
4596	33
4597	32
4598	33
4599	35
4600	30
4601	34
4602	33
4603	29
4604	39
4605	36
4606	32
4607	40
4608	29
4609	29
4610	31
4611	43
4612	27
4613	33
4614	32
4615	32
4616	28
4617	34
4618	23
4619	41
4620	28
4621	27
4622	35
4623	27
4624	41
4625	30
4626	23
4627	27
4628	30
4629	35
4630	31
4631	32
4632	26
4633	29
4634	34
4635	28
4636	36
4637	34
4638	27
4639	39
4640	29
4641	37
4642	50
4643	34
4644	43
4645	29
4646	28
4647	32
4648	32
4649	34
4650	48
4651	28
4652	30
4653	34
4654	26
4655	33
4656	40
4657	41
4658	34
4659	22
4660	35
4661	36
4662	32
4663	39
4664	37
4665	38
4666	35
4667	27
4668	30
4669	36
4670	25
4671	38
4672	38
4673	23
4674	36
4675	34
4676	42
4677	30
4678	29
4679	37
4680	36
4681	34
4682	33
4683	40
4684	33
4685	37
4686	33
4687	40
4688	31
4689	30
4690	33
4691	46
4692	42
4693	34
4694	24
4695	26
4696	30
4697	33
4698	25
4699	25
4700	37
4701	26
4702	26
4703	37
4704	34
4705	38
4706	25
4707	28
4708	40
4709	29
4710	37
4711	31
4712	38
4713	22
4714	35
4715	34
4716	25
4717	29
4718	35
4719	35
4720	29
4721	28
4722	37
4723	29
4724	36
4725	26
4726	34
4727	24
4728	39
4729	38
4730	30
4731	28
4732	33
4733	42
4734	29
4735	22
4736	43
4737	32
4738	26
4739	23
4740	27
4741	30
4742	24
4743	35
4744	28
4745	30
4746	31
4747	23
4748	28
4749	31
4750	28
4751	29
4752	40
4753	30
4754	37
4755	35
4756	31
4757	25
4758	24
4759	40
4760	31
4761	25
4762	29
4763	28
4764	31
4765	38
4766	39
4767	35
4768	30
4769	31
4770	34
4771	33
4772	32
4773	23
4774	30
4775	25
4776	29
4777	24
4778	25
4779	22
4780	25
4781	29
4782	21
4783	30
4784	21
4785	33
4786	16
4787	24
4788	29
4789	20
4790	22
4791	34
4792	28
4793	22
4794	26
4795	29
4796	23
4797	23
4798	29
4799	26
4800	22
4801	20
4802	27
4803	30
4804	24
4805	37
4806	24
4807	19
4808	19
4809	25
4810	18
4811	31
4812	23
4813	20
4814	25
4815	17
4816	32
4817	24
4818	23
4819	26
4820	23
4821	19
4822	27
4823	30
4824	29
4825	24
4826	20
4827	26
4828	15
4829	25
4830	22
4831	22
4832	23
4833	14
4834	17
4835	25
4836	22
4837	16
4838	18
4839	21
4840	17
4841	25
4842	29
4843	14
4844	22
4845	22
4846	22
4847	22
4848	18
4849	14
4850	15
4851	22
4852	15
4853	16
4854	16
4855	16
4856	17
4857	16
4858	17
4859	24
4860	17
4861	18
4862	14
4863	21
4864	16
4865	11
4866	17
4867	17
4868	15
4869	21
4870	7
4871	19
4872	12
4873	20
4874	19
4875	12
4876	18
4877	20
4878	8
4879	19
4880	15
4881	15
4882	19
4883	17
4884	10
4885	10
4886	11
4887	24
4888	16
4889	14
4890	13
4891	15
4892	9
4893	12
4894	8
4895	14
4896	18
4897	12
4898	9
4899	18
4900	17
4901	10
4902	13
4903	13
4904	7
4905	11
4906	12
4907	11
4908	9
4909	12
4910	14
4911	13
4912	13
4913	15
4914	14
4915	12
4916	9
4917	12
4918	8
4919	10
4920	8
4921	7
4922	9
4923	17
4924	14
4925	8
4926	8
4927	10
4928	6
4929	15
4930	9
4931	10
4932	8
4933	7
4934	10
4935	6
4936	12
4937	4
4938	10
4939	7
4940	11
4941	10
4942	5
4943	8
4944	10
4945	6
4946	5
4947	9
4948	6
4949	8
4950	5
4951	6
4952	7
4953	5
4954	8
4955	6
4956	7
4957	4
4958	5
4959	9
4960	7
4961	2
4962	6
4963	7
4964	10
4965	7
4966	6
4967	14
4968	3
4969	3
4970	8
4971	4
4972	7
4973	6
4974	2
4975	4
4976	3
4977	7
4978	5
4979	4
4980	4
4981	7
4982	5
4983	9
4984	7
4985	11
4986	3
4987	5
4988	3
4989	2
4990	8
4991	6
4992	3
4993	3
4994	2
4995	4
4996	6
4997	10
4998	5
4999	2
5000	3
5001	8
5002	1
5003	4
5004	2
5005	2
5006	5
5007	4
5008	3
5009	5
5010	5
5011	2
5012	2
5013	0
5014	3
5015	2
5016	2
5017	5
5018	3
5019	4
5020	8
5021	2
5022	2
5023	2
5024	4
5025	2
5026	4
5027	2
5028	3
5029	3
5030	3
5031	0
5032	6
5033	1
5034	3
5035	4
5036	2
5037	2
5038	3
5039	0
5040	1
5041	1
5042	2
5043	2
5044	2
5045	3
5046	3
5047	4
5048	1
5049	1
5050	0
5051	2
5052	4
5053	6
5054	4
5055	0
5056	0
5057	2
5058	3
5059	3
5060	1
5061	0
5062	3
5063	3
5064	1
5065	4
5066	2
5067	2
5068	1
5069	1
5070	4
5071	0
5072	0
5073	1
5074	0
5075	2
5076	0
5077	0
5078	2
5079	3
5080	1
5081	2
5082	0
5083	3
5084	2
5085	2
5086	0
5087	1
5088	1
5089	1
5090	0
5091	0
5092	0
5093	0
5094	1
5095	1
5096	2
5097	2
5098	0
5099	1
5100	1
5101	2
5102	2
5103	1
5104	1
5105	2
5106	0
5107	0
5108	1
5109	0
5110	0
5111	0
5112	1
5113	1
5114	0
5115	1
5116	1
5117	0
5118	0
5119	0
5120	1
5121	1
5122	1
5123	1
5124	2
5125	0
5126	1
5127	1
5128	4
5129	0
5130	0
5131	1
5132	0
5133	1
5134	1
5135	1
5136	0
5137	0
5138	2
5139	0
5140	1
5141	1
5142	0
5143	1
5144	0
5145	0
5146	2
5147	0
5148	1
5149	2
5150	0
5151	0
5152	2
5153	0
5154	0
5155	0
5156	1
5157	1
5158	1
5159	1
5160	0
5161	1
5162	1
5163	1
5164	3
5165	2
5166	0
5167	1
5168	0
5169	1
5170	0
5171	1
5172	0
5173	1
5174	1
5175	0
5176	0
5177	1
5178	0
5179	2
5180	1
5181	3
5182	3
5183	0
5184	0
5185	0
5186	1
5187	0
5188	1
5189	0
5190	1
5191	0
5192	1
5193	2
5194	0
5195	0
5196	1
5197	0
5198	2
5199	0
5200	0
5201	1
5202	0
5203	0
5204	0
5205	1
5206	2
5207	0
5208	0
5209	0
5210	0
5211	1
5212	2
5213	1
5214	1
5215	1
5216	0
5217	3
5218	1
5219	0
5220	0
5221	1
5222	0
5223	1
5224	0
5225	1
5226	0
5227	0
5228	3
5229	0
5230	0
5231	1
5232	0
5233	0
5234	0
5235	2
5236	1
5237	0
5238	0
5239	0
5240	1
5241	0
5242	1
5243	0
5244	0
5245	0
5246	0
5247	0
5248	0
5249	1
5250	0
5251	0
5252	0
5253	1
5254	0
5255	0
5256	0
5257	0
5258	0
5259	1
5260	0
5261	0
5262	0
5263	0
5264	0
5265	1
5266	0
5267	0
5268	0
5269	0
5270	0
5271	0
5272	1
5273	0
5274	1
5275	0
5276	0
5277	0
5278	0
5279	0
5280	0
5281	2
5282	1
5283	0
5284	0
5285	1
5286	0
5287	1
5288	0
5289	0
5290	2
5291	0
5292	0
5293	0
5294	0
5295	0
5296	0
5297	0
5298	0
5299	1
5300	0
5301	1
5302	0
5303	0
5304	2
5305	0
5306	0
5307	1
5308	0
5309	0
5310	0
5311	0
5312	1
5313	1
5314	1
5315	3
5316	0
5317	0
5318	1
5319	0
5320	0
5321	2
5322	1
5323	0
5324	0
5325	3
5326	0
5327	1
5328	1
5329	1
5330	2
5331	0
5332	2
5333	0
5334	0
5335	1
5336	0
5337	0
5338	1
5339	0
5340	0
5341	0
5342	0
5343	0
5344	1
5345	2
5346	1
5347	0
5348	0
5349	1
5350	1
5351	0
5352	2
5353	0
5354	0
5355	1
5356	0
5357	0
5358	1
5359	0
5360	0
5361	1
5362	1
5363	0
5364	2
5365	3
5366	0
5367	1
5368	0
5369	0
5370	1
5371	1
5372	0
5373	0
5374	0
5375	2
5376	0
5377	0
5378	0
5379	2
5380	1
5381	0
5382	1
5383	0
5384	0
5385	0
5386	3
5387	3
5388	1
5389	1
5390	0
5391	1
5392	0
5393	0
5394	0
5395	0
5396	0
5397	1
5398	0
5399	0
5400	1
5401	1
5402	1
5403	0
5404	1
5405	2
5406	0
5407	0
5408	0
5409	0
5410	0
5411	0
5412	1
5413	0
5414	1
5415	1
5416	0
5417	1
5418	0
5419	0
5420	0
5421	2
5422	1
5423	2
5424	0
5425	1
5426	0
5427	0
5428	1
5429	5
5430	1
5431	0
5432	0
5433	0
5434	0
5435	0
5436	0
5437	0
5438	1
5439	1
5440	1
5441	0
5442	1
5443	0
5444	0
5445	1
5446	0
5447	0
5448	0
5449	0
5450	1
5451	0
5452	0
5453	0
5454	1
5455	0
5456	0
5457	0
5458	0
5459	0
5460	0
5461	0
5462	0
5463	0
5464	1
5465	0
5466	0
5467	1
5468	0
5469	0
5470	1
5471	0
5472	0
5473	1
5474	0
5475	1
5476	0
5477	2
5478	0
5479	1
5480	2
5481	2
5482	2
5483	0
5484	1
5485	4
5486	0
5487	0
5488	0
5489	1
5490	0
5491	1
5492	1
5493	1
5494	0
5495	0
5496	1
5497	2
5498	0
5499	0
5500	2
5501	0
5502	0
5503	0
5504	0
5505	0
5506	0
5507	1
5508	0
5509	0
5510	1
5511	1
5512	0
5513	3
5514	1
5515	0
5516	2
5517	3
5518	0
5519	1
5520	0
5521	0
5522	1
5523	2
5524	0
5525	2
5526	0
5527	0
5528	0
5529	1
5530	0
5531	0
5532	0
5533	1
5534	0
5535	0
5536	0
5537	1
5538	0
5539	1
5540	0
5541	1
5542	1
5543	0
5544	1
5545	1
5546	1
5547	1
5548	0
5549	0
5550	0
5551	2
5552	0
5553	0
5554	2
5555	0
5556	1
5557	0
5558	0
5559	0
5560	0
5561	0
5562	1
5563	0
5564	0
5565	0
5566	1
5567	0
5568	0
5569	0
5570	1
5571	1
5572	0
5573	1
5574	2
5575	0
5576	3
5577	0
5578	1
5579	0
5580	1
5581	0
5582	0
5583	1
5584	0
5585	0
5586	0
5587	0
5588	2
5589	0
5590	0
5591	1
5592	0
5593	0
5594	0
5595	1
5596	1
5597	1
5598	1
5599	0
5600	0
5601	0
5602	0
5603	1
5604	1
5605	1
5606	0
5607	0
5608	0
5609	0
5610	0
5611	1
5612	0
5613	0
5614	0
5615	0
5616	2
5617	0
5618	2
5619	0
5620	2
5621	0
5622	0
5623	1
5624	1
5625	0
5626	0
5627	0
5628	0
5629	0
5630	0
5631	0
5632	0
5633	1
5634	1
5635	1
5636	0
5637	1
5638	1
5639	3
5640	0
5641	0
5642	0
5643	0
5644	0
5645	0
5646	0
5647	0
5648	0
5649	0
5650	0
5651	1
5652	1
5653	1
5654	3
5655	0
5656	0
5657	0
5658	0
5659	2
5660	0
5661	2
5662	0
5663	0
5664	2
5665	1
5666	1
5667	0
5668	3
5669	1
5670	1
5671	0
5672	1
5673	0
5674	1
5675	0
5676	0
5677	1
5678	1
5679	0
5680	0
5681	2
5682	0
5683	2
5684	0
5685	0
5686	1
5687	1
5688	1
5689	2
5690	0
5691	1
5692	1
5693	0
5694	0
5695	0
5696	0
5697	1
5698	0
5699	2
5700	0
5701	0
5702	1
5703	0
5704	1
5705	0
5706	1
5707	2
5708	0
5709	0
5710	0
5711	0
5712	0
5713	0
5714	0
5715	0
5716	0
5717	0
5718	0
5719	0
5720	1
5721	0
5722	0
5723	0
5724	0
5725	2
5726	0
5727	1
5728	1
5729	0
5730	0
5731	1
5732	1
5733	0
5734	0
5735	1
5736	0
5737	1
5738	0
5739	0
5740	0
5741	1
5742	1
5743	2
5744	2
5745	0
5746	0
5747	1
5748	0
5749	1
5750	0
5751	0
5752	0
5753	1
5754	0
5755	0
5756	0
5757	0
5758	1
5759	0
5760	0
5761	1
5762	1
5763	1
5764	0
5765	1
5766	0
5767	0
5768	0
5769	1
5770	0
5771	0
5772	1
5773	0
5774	0
5775	0
5776	0
5777	0
5778	0
5779	1
5780	0
5781	1
5782	0
5783	0
5784	2
5785	0
5786	0
5787	0
5788	1
5789	3
5790	0
5791	3
5792	0
5793	2
5794	1
5795	0
5796	0
5797	0
5798	0
5799	0
5800	0
5801	2
5802	0
5803	2
5804	0
5805	0
5806	1
5807	0
5808	1
5809	1
5810	1
5811	1
5812	0
5813	0
5814	0
5815	0
5816	1
5817	1
5818	0
5819	0
5820	0
5821	1
5822	0
5823	0
5824	0
5825	1
5826	0
5827	0
5828	0
5829	0
5830	0
5831	1
5832	0
5833	0
5834	0
5835	1
5836	0
5837	0
5838	0
5839	0
5840	0
5841	0
5842	1
5843	0
5844	1
5845	1
5846	1
5847	1
5848	0
5849	0
5850	0
5851	1
5852	1
5853	0
5854	0
5855	0
5856	0
5857	0
5858	1
5859	0
5860	0
5861	0
5862	0
5863	1
5864	0
5865	0
5866	0
5867	1
5868	0
5869	0
5870	0
5871	0
5872	0
5873	0
5874	0
5875	0
5876	0
5877	1
5878	1
5879	1
5880	2
5881	0
5882	0
5883	0
5884	0
5885	0
5886	0
5887	0
5888	0
5889	1
5890	0
5891	1
5892	0
5893	0
5894	4
5895	0
5896	1
5897	0
5898	0
5899	0
5900	0
5901	0
5902	0
5903	0
5904	1
5905	0
5906	1
5907	2
5908	0
5909	0
5910	0
5911	0
5912	0
5913	0
5914	1
5915	2
5916	2
5917	0
5918	1
5919	0
5920	0
5921	0
5922	2
5923	0
5924	0
5925	1
5926	0
5927	0
5928	0
5929	1
5930	0
5931	1
5932	0
5933	0
5934	1
5935	1
5936	1
5937	0
5938	0
5939	0
5940	2
5941	0
5942	0
5943	0
5944	0
5945	1
5946	0
5947	2
5948	0
5949	0
5950	1
5951	0
5952	1
5953	0
5954	1
5955	0
5956	0
5957	1
5958	0
5959	0
5960	1
5961	1
5962	0
5963	1
5964	0
5965	1
5966	0
5967	0
5968	0
5969	0
5970	1
5971	1
5972	0
5973	0
5974	0
5975	0
5976	0
5977	1
5978	2
5979	0
5980	2
5981	2
5982	0
5983	0
5984	0
5985	1
5986	0
5987	0
5988	0
5989	1
5990	0
5991	0
5992	0
5993	0
5994	3
5995	1
5996	0
5997	0
5998	0
5999	1
6000	0
6001	1
6002	1
6003	0
6004	1
6005	0
6006	0
6007	0
6008	1
6009	1
6010	0
6011	0
6012	0
6013	1
6014	0
6015	0
6016	0
6017	0
6018	0
6019	0
6020	1
6021	1
6022	0
6023	0
6024	0
6025	0
6026	0
6027	0
6028	0
6029	0
6030	0
6031	1
6032	0
6033	0
6034	0
6035	0
6036	1
6037	0
6038	0
6039	0
6040	1
6041	0
6042	1
6043	1
6044	0
6045	0
6046	0
6047	0
6048	0
6049	0
6050	0
6051	1
6052	0
6053	1
6054	0
6055	0
6056	0
6057	0
6058	0
6059	2
6060	0
6061	0
6062	3
6063	0
6064	0
6065	2
6066	2
6067	0
6068	0
6069	0
6070	0
6071	1
6072	1
6073	0
6074	0
6075	0
6076	0
6077	1
6078	0
6079	0
6080	0
6081	0
6082	1
6083	0
6084	1
6085	0
6086	0
6087	0
6088	1
6089	0
6090	0
6091	0
6092	2
6093	0
6094	1
6095	1
6096	0
6097	0
6098	1
6099	0
6100	0
6101	0
6102	1
6103	1
6104	0
6105	0
6106	0
6107	0
6108	1
6109	0
6110	0
6111	1
6112	0
6113	0
6114	0
6115	0
6116	0
6117	2
6118	2
6119	0
6120	0
6121	0
6122	0
6123	0
6124	1
6125	0
6126	1
6127	0
6128	1
6129	0
6130	0
6131	0
6132	0
6133	1
6134	0
6135	0
6136	0
6137	0
6138	0
6139	1
6140	0
6141	0
6142	1
6143	2
6144	0
6145	0
6146	0
6147	0
6148	0
6149	2
6150	0
6151	1
6152	2
6153	0
6154	0
6155	0
6156	0
6157	0
6158	0
6159	0
6160	1
6161	0
6162	1
6163	0
6164	1
6165	1
6166	1
6167	3
6168	0
6169	0
6170	0
6171	0
6172	0
6173	0
6174	0
6175	0
6176	0
6177	1
6178	0
6179	0
6180	0
6181	0
6182	0
6183	1
6184	1
6185	0
6186	0
6187	0
6188	0
6189	0
6190	2
6191	0
6192	0
6193	0
6194	0
6195	0
6196	1
6197	0
6198	0
6199	1
6200	0
6201	0
6202	0
6203	0
6204	0
6205	0
6206	0
6207	0
6208	0
6209	0
6210	0
6211	1
6212	0
6213	0
6214	2
6215	0
6216	0
6217	1
6218	0
6219	1
6220	0
6221	0
6222	0
6223	0
6224	0
6225	2
6226	0
6227	1
6228	0
6229	1
6230	1
6231	1
6232	0
6233	1
6234	0
6235	1
6236	1
6237	2
6238	0
6239	0
6240	0
6241	1
6242	0
6243	0
6244	1
6245	0
6246	0
6247	0
6248	1
6249	0
6250	1
6251	1
6252	0
6253	0
6254	0
6255	1
6256	1
6257	0
6258	1
6259	0
6260	0
6261	0
6262	0
6263	2
6264	1
6265	0
6266	0
6267	0
6268	1
6269	0
6270	0
6271	1
6272	0
6273	0
6274	0
6275	0
6276	0
6277	0
6278	0
6279	0
6280	0
6281	0
6282	0
6283	1
6284	1
6285	0
6286	1
6287	0
6288	0
6289	1
6290	0
6291	0
6292	1
6293	2
6294	0
6295	0
6296	1
6297	0
6298	0
6299	1
6300	2
6301	0
6302	0
6303	0
6304	0
6305	1
6306	0
6307	2
6308	1
6309	0
6310	0
6311	1
6312	0
6313	0
6314	1
6315	0
6316	0
6317	0
6318	1
6319	0
6320	1
6321	0
6322	1
6323	0
6324	0
6325	1
6326	0
6327	0
6328	1
6329	0
6330	0
6331	0
6332	2
6333	0
6334	0
6335	0
6336	0
6337	2
6338	1
6339	0
6340	0
6341	0
6342	1
6343	0
6344	0
6345	0
6346	0
6347	0
6348	0
6349	2
6350	1
6351	1
6352	0
6353	0
6354	1
6355	0
6356	2
6357	0
6358	0
6359	0
6360	0
6361	0
6362	0
6363	0
6364	1
6365	0
6366	1
6367	1
6368	0
6369	1
6370	0
6371	0
6372	3
6373	0
6374	0
6375	1
6376	1
6377	0
6378	0
6379	0
6380	0
6381	1
6382	1
6383	0
6384	0
6385	0
6386	0
6387	1
6388	0
6389	0
6390	1
6391	0
6392	1
6393	1
6394	0
6395	0
6396	1
6397	0
6398	0
6399	0
6400	0
6401	1
6402	0
6403	0
6404	0
6405	1
6406	0
6407	0
6408	0
6409	0
6410	0
6411	0
6412	1
6413	0
6414	0
6415	2
6416	2
6417	0
6418	2
6419	0
6420	0
6421	1
6422	0
6423	1
6424	0
6425	0
6426	0
6427	0
6428	0
6429	1
6430	1
6431	0
6432	0
6433	0
6434	0
6435	1
6436	0
6437	0
6438	0
6439	0
6440	0
6441	0
6442	0
6443	0
6444	1
6445	0
6446	0
6447	0
6448	0
6449	0
6450	0
6451	0
6452	1
6453	0
6454	0
6455	0
6456	1
6457	1
6458	1
6459	1
6460	0
6461	0
6462	0
6463	0
6464	0
6465	0
6466	0
6467	0
6468	0
6469	0
6470	0
6471	0
6472	1
6473	0
6474	0
6475	0
6476	0
6477	0
6478	1
6479	0
6480	0
6481	0
6482	1
6483	1
6484	0
6485	0
6486	0
6487	0
6488	1
6489	0
6490	0
6491	0
6492	0
6493	0
6494	0
6495	1
6496	0
6497	0
6498	0
6499	1
6500	1
6501	0
6502	0
6503	0
6504	0
6505	1
6506	1
6507	0
6508	0
6509	0
6510	1
6511	0
6512	0
6513	3
6514	0
6515	0
6516	1
6517	0
6518	0
6519	0
6520	0
6521	0
6522	1
6523	0
6524	1
6525	0
6526	0
6527	0
6528	1
6529	0
6530	0
6531	0
6532	1
6533	0
6534	0
6535	0
6536	1
6537	0
6538	0
6539	0
6540	0
6541	0
6542	0
6543	0
6544	0
6545	0
6546	0
6547	0
6548	0
6549	0
6550	1
6551	0
6552	0
6553	0
6554	0
6555	1
6556	0
6557	0
6558	1
6559	0
6560	0
6561	1
6562	0
6563	1
6564	0
6565	1
6566	0
6567	1
6568	0
6569	1
6570	1
6571	1
6572	0
6573	2
6574	0
6575	0
6576	0
6577	1
6578	2
6579	0
6580	0
6581	0
6582	1
6583	1
6584	0
6585	0
6586	0
6587	2
6588	0
6589	1
6590	1
6591	1
6592	1
6593	0
6594	0
6595	0
6596	0
6597	0
6598	0
6599	0
6600	1
6601	0
6602	0
6603	1
6604	0
6605	0
6606	1
6607	0
6608	0
6609	1
6610	1
6611	0
6612	0
6613	1
6614	0
6615	1
6616	0
6617	2
6618	0
6619	0
6620	1
6621	0
6622	0
6623	1
6624	0
6625	0
6626	1
6627	0
6628	0
6629	0
6630	1
6631	0
6632	0
6633	0
6634	1
6635	0
6636	2
6637	0
6638	0
6639	0
6640	0
6641	1
6642	0
6643	0
6644	0
6645	0
6646	2
6647	0
6648	0
6649	0
6650	0
6651	1
6652	0
6653	0
6654	0
6655	0
6656	0
6657	2
6658	1
6659	0
6660	0
6661	1
6662	0
6663	0
6664	0
6665	0
6666	1
6667	0
6668	1
6669	0
6670	0
6671	1
6672	0
6673	0
6674	0
6675	0
6676	1
6677	1
6678	0
6679	0
6680	0
6681	1
6682	1
6683	0
6684	1
6685	0
6686	2
6687	0
6688	0
6689	0
6690	1
6691	0
6692	0
6693	0
6694	0
6695	0
6696	0
6697	0
6698	0
6699	0
6700	1
6701	0
6702	1
6703	0
6704	0
6705	0
6706	2
6707	1
6708	0
6709	0
6710	1
6711	1
6712	2
6713	0
6714	0
6715	0
6716	0
6717	1
6718	0
6719	1
6720	2
6721	0
6722	2
6723	0
6724	1
6725	0
6726	2
6727	0
6728	0
6729	0
6730	1
6731	2
6732	0
6733	0
6734	0
6735	1
6736	0
6737	0
6738	1
6739	0
6740	1
6741	1
6742	0
6743	1
6744	1
6745	0
6746	0
6747	2
6748	1
6749	0
6750	0
6751	0
6752	1
6753	1
6754	0
6755	1
6756	0
6757	0
6758	0
6759	1
6760	0
6761	1
6762	0
6763	0
6764	0
6765	1
6766	0
6767	1
6768	0
6769	0
6770	1
6771	0
6772	0
6773	1
6774	0
6775	0
6776	0
6777	0
6778	0
6779	2
6780	0
6781	0
6782	1
6783	1
6784	0
6785	0
6786	1
6787	0
6788	0
6789	0
6790	1
6791	2
6792	0
6793	1
6794	0
6795	0
6796	0
6797	0
6798	0
6799	0
6800	1
6801	0
6802	0
6803	2
6804	0
6805	0
6806	1
6807	0
6808	0
6809	0
6810	0
6811	1
6812	0
6813	0
6814	0
6815	1
6816	0
6817	1
6818	0
6819	0
6820	1
6821	0
6822	0
6823	0
6824	0
6825	0
6826	0
6827	0
6828	1
6829	0
6830	1
6831	1
6832	0
6833	0
6834	0
6835	0
6836	1
6837	0
6838	0
6839	0
6840	0
6841	1
6842	1
6843	0
6844	0
6845	2
6846	1
6847	1
6848	0
6849	1
6850	1
6851	0
6852	0
6853	0
6854	0
6855	1
6856	0
6857	1
6858	0
6859	0
6860	1
6861	0
6862	0
6863	0
6864	1
6865	0
6866	1
6867	0
6868	0
6869	0
6870	0
6871	0
6872	0
6873	0
6874	0
6875	0
6876	0
6877	0
6878	0
6879	0
6880	1
6881	0
6882	0
6883	0
6884	0
6885	0
6886	0
6887	1
6888	0
6889	0
6890	0
6891	0
6892	1
6893	0
6894	1
6895	0
6896	1
6897	0
6898	1
6899	0
6900	0
6901	0
6902	1
6903	0
6904	0
6905	0
6906	0
6907	0
6908	0
6909	0
6910	1
6911	1
6912	0
6913	0
6914	1
6915	0
6916	1
6917	0
6918	0
6919	0
6920	0
6921	0
6922	0
6923	1
6924	0
6925	0
6926	0
6927	0
6928	0
6929	0
6930	0
6931	0
6932	0
6933	0
6934	1
6935	1
6936	1
6937	0
6938	1
6939	0
6940	0
6941	0
6942	0
6943	0
6944	1
6945	1
6946	0
6947	0
6948	0
6949	0
6950	1
6951	0
6952	0
6953	0
6954	0
6955	0
6956	1
6957	0
6958	2
6959	0
6960	0
6961	1
6962	1
6963	0
6964	0
6965	0
6966	0
6967	0
6968	0
6969	1
6970	0
6971	0
6972	2
6973	0
6974	0
6975	0
6976	1
6977	1
6978	0
6979	1
6980	0
6981	1
6982	0
6983	0
6984	0
6985	0
6986	0
6987	0
6988	0
6989	0
6990	1
6991	0
6992	0
6993	0
6994	1
6995	2
6996	0
6997	0
6998	0
6999	0
7000	1
7001	1
7002	0
7003	1
7004	0
7005	0
7006	0
7007	0
7008	0
7009	0
7010	1
7011	0
7012	0
7013	0
7014	1
7015	0
7016	0
7017	2
7018	1
7019	0
7020	0
7021	0
7022	0
7023	0
7024	0
7025	0
7026	1
7027	0
7028	0
7029	0
7030	0
7031	0
7032	0
7033	0
7034	0
7035	0
7036	0
7037	0
7038	2
7039	1
7040	0
7041	0
7042	0
7043	0
7044	1
7045	0
7046	1
7047	0
7048	0
7049	0
7050	0
7051	0
7052	1
7053	0
7054	0
7055	0
7056	0
7057	0
7058	0
7059	0
7060	1
7061	0
7062	0
7063	0
7064	0
7065	0
7066	2
7067	0
7068	0
7069	0
7070	0
7071	0
7072	2
7073	0
7074	0
7075	0
7076	0
7077	0
7078	1
7079	0
7080	0
7081	1
7082	0
7083	0
7084	0
7085	0
7086	0
7087	0
7088	0
7089	0
7090	0
7091	0
7092	0
7093	1
7094	3
7095	0
7096	1
7097	0
7098	1
7099	1
7100	1
7101	0
7102	0
7103	0
7104	0
7105	0
7106	0
7107	1
7108	0
7109	0
7110	0
7111	0
7112	0
7113	0
7114	0
7115	1
7116	0
7117	0
7118	0
7119	0
7120	0
7121	0
7122	0
7123	0
7124	0
7125	0
7126	0
7127	0
7128	0
7129	0
7130	0
7131	0
7132	0
7133	1
7134	2
7135	0
7136	0
7137	0
7138	0
7139	2
7140	0
7141	0
7142	0
7143	0
7144	0
7145	1
7146	0
7147	1
7148	0
7149	0
7150	0
7151	0
7152	1
7153	0
7154	0
7155	0
7156	0
7157	1
7158	0
7159	1
7160	0
7161	0
7162	0
7163	0
7164	0
7165	0
7166	0
7167	0
7168	0
7169	1
7170	1
7171	1
7172	0
7173	0
7174	1
7175	1
7176	0
7177	0
7178	1
7179	0
7180	0
7181	0
7182	1
7183	0
7184	0
7185	0
7186	0
7187	1
7188	1
7189	1
7190	0
7191	0
7192	0
7193	0
7194	0
7195	0
7196	0
7197	0
7198	0
7199	0
7200	0
7201	0
7202	0
7203	0
7204	0
7205	0
7206	1
7207	0
7208	0
7209	1
7210	0
7211	0
7212	0
7213	0
7214	1
7215	0
7216	0
7217	0
7218	0
7219	0
7220	0
7221	0
7222	2
7223	1
7224	0
7225	0
7226	0
7227	0
7228	1
7229	0
7230	0
7231	1
7232	1
7233	0
7234	0
7235	2
7236	0
7237	0
7238	1
7239	0
7240	0
7241	0
7242	0
7243	0
7244	0
7245	1
7246	1
7247	0
7248	0
7249	1
7250	0
7251	0
7252	0
7253	0
7254	0
7255	1
7256	0
7257	1
7258	1
7259	0
7260	2
7261	0
7262	0
7263	0
7264	0
7265	1
7266	1
7267	0
7268	0
7269	0
7270	1
7271	1
7272	0
7273	0
7274	1
7275	0
7276	0
7277	0
7278	0
7279	0
7280	0
7281	0
7282	0
7283	1
7284	0
7285	1
7286	0
7287	0
7288	0
7289	0
7290	1
7291	0
7292	0
7293	0
7294	0
7295	0
7296	1
7297	0
7298	0
7299	1
7300	1
7301	1
7302	0
7303	0
7304	0
7305	0
7306	0
7307	0
7308	0
7309	1
7310	0
7311	0
7312	0
7313	0
7314	0
7315	0
7316	0
7317	1
7318	0
7319	1
7320	1
7321	0
7322	0
7323	2
7324	0
7325	0
7326	0
7327	0
7328	1
7329	0
7330	0
7331	0
7332	1
7333	1
7334	2
7335	0
7336	0
7337	0
7338	0
7339	0
7340	0
7341	1
7342	1
7343	0
7344	0
7345	0
7346	1
7347	1
7348	1
7349	0
7350	0
7351	0
7352	0
7353	0
7354	0
7355	1
7356	0
7357	1
7358	0
7359	0
7360	1
7361	0
7362	1
7363	0
7364	0
7365	0
7366	0
7367	0
7368	1
7369	0
7370	1
7371	0
7372	0
7373	2
7374	0
7375	1
7376	0
7377	0
7378	1
7379	0
7380	1
7381	0
7382	1
7383	0
7384	0
7385	0
7386	1
7387	0
7388	1
7389	1
7390	0
7391	0
7392	0
7393	1
7394	0
7395	0
7396	0
7397	0
7398	0
7399	0
7400	0
7401	1
7402	0
7403	0
7404	1
7405	0
7406	0
7407	1
7408	0
7409	0
7410	0
7411	0
7412	0
7413	0
7414	1
7415	0
7416	0
7417	0
7418	0
7419	0
7420	1
7421	1
7422	0
7423	0
7424	0
7425	0
7426	0
7427	0
7428	1
7429	0
7430	2
7431	0
7432	0
7433	1
7434	0
7435	1
7436	2
7437	0
7438	0
7439	0
7440	0
7441	0
7442	0
7443	0
7444	1
7445	0
7446	0
7447	0
7448	0
7449	1
7450	0
7451	1
7452	0
7453	0
7454	0
7455	0
7456	0
7457	1
7458	0
7459	0
7460	0
7461	0
7462	0
7463	0
7464	1
7465	0
7466	1
7467	0
7468	0
7469	0
7470	0
7471	0
7472	1
7473	0
7474	0
7475	0
7476	0
7477	0
7478	0
7479	0
7480	2
7481	1
7482	0
7483	0
7484	0
7485	1
7486	0
7487	0
7488	0
7489	0
7490	0
7491	0
7492	0
7493	0
7494	0
7495	0
7496	0
7497	1
7498	0
7499	0
7500	0
7501	0
7502	1
7503	0
7504	0
7505	1
7506	0
7507	1
7508	2
7509	0
7510	0
7511	0
7512	0
7513	0
7514	2
7515	0
7516	0
7517	0
7518	0
7519	0
7520	0
7521	0
7522	2
7523	1
7524	0
7525	0
7526	0
7527	0
7528	0
7529	0
7530	0
7531	0
7532	2
7533	0
7534	1
7535	0
7536	0
7537	0
7538	0
7539	1
7540	0
7541	0
7542	0
7543	0
7544	0
7545	0
7546	0
7547	0
7548	1
7549	1
7550	1
7551	0
7552	0
7553	0
7554	0
7555	1
7556	0
7557	2
7558	0
7559	0
7560	0
7561	0
7562	0
7563	0
7564	0
7565	0
7566	1
7567	0
7568	0
7569	0
7570	0
7571	0
7572	0
7573	1
7574	0
7575	0
7576	0
7577	0
7578	0
7579	1
7580	0
7581	0
7582	0
7583	0
7584	0
7585	1
7586	0
7587	0
7588	0
7589	0
7590	0
7591	0
7592	1
7593	0
7594	0
7595	1
7596	0
7597	1
7598	1
7599	0
7600	0
7601	0
7602	0
7603	0
7604	2
7605	1
7606	1
7607	0
7608	0
7609	0
7610	1
7611	0
7612	0
7613	0
7614	0
7615	0
7616	0
7617	0
7618	0
7619	0
7620	1
7621	0
7622	0
7623	0
7624	0
7625	1
7626	0
7627	0
7628	1
7629	0
7630	0
7631	0
7632	0
7633	1
7634	0
7635	0
7636	0
7637	0
7638	0
7639	1
7640	0
7641	1
7642	0
7643	1
7644	0
7645	0
7646	0
7647	0
7648	0
7649	0
7650	1
7651	1
7652	0
7653	0
7654	1
7655	0
7656	1
7657	1
7658	2
7659	0
7660	0
7661	0
7662	0
7663	1
7664	0
7665	0
7666	0
7667	0
7668	0
7669	0
7670	0
7671	2
7672	1
7673	1
7674	1
7675	0
7676	0
7677	0
7678	0
7679	0
7680	0
7681	0
7682	1
7683	0
7684	0
7685	0
7686	0
7687	0
7688	1
7689	0
7690	0
7691	0
7692	0
7693	1
7694	1
7695	0
7696	0
7697	0
7698	0
7699	0
7700	0
7701	0
7702	1
7703	0
7704	0
7705	0
7706	0
7707	0
7708	0
7709	1
7710	0
7711	0
7712	0
7713	0
7714	0
7715	0
7716	0
7717	0
7718	0
7719	1
7720	0
7721	0
7722	0
7723	1
7724	0
7725	0
7726	0
7727	1
7728	0
7729	2
7730	0
7731	0
7732	0
7733	0
7734	0
7735	0
7736	0
7737	1
7738	0
7739	1
7740	0
7741	1
7742	0
7743	1
7744	0
7745	0
7746	0
7747	1
7748	1
7749	0
7750	0
7751	0
7752	0
7753	1
7754	1
7755	1
7756	0
7757	0
7758	0
7759	0
7760	0
7761	0
7762	1
7763	0
7764	1
7765	0
7766	0
7767	1
7768	0
7769	0
7770	1
7771	0
7772	1
7773	0
7774	0
7775	0
7776	3
7777	1
7778	1
7779	1
7780	0
7781	0
7782	0
7783	0
7784	0
7785	0
7786	0
7787	0
7788	0
7789	1
7790	1
7791	0
7792	0
7793	0
7794	0
7795	1
7796	1
7797	0
7798	0
7799	0
7800	0
7801	1
7802	0
7803	1
7804	0
7805	0
7806	1
7807	0
7808	0
7809	0
7810	0
7811	0
7812	0
7813	0
7814	0
7815	0
7816	0
7817	0
7818	0
7819	1
7820	0
7821	1
7822	1
7823	0
7824	0
7825	0
7826	0
7827	1
7828	0
7829	0
7830	1
7831	0
7832	0
7833	0
7834	0
7835	0
7836	0
7837	1
7838	1
7839	0
7840	0
7841	0
7842	0
7843	0
7844	0
7845	0
7846	0
7847	0
7848	0
7849	0
7850	0
7851	1
7852	0
7853	0
7854	0
7855	0
7856	0
7857	1
7858	0
7859	1
7860	0
7861	0
7862	0
7863	0
7864	0
7865	2
7866	1
7867	0
7868	0
7869	1
7870	0
7871	0
7872	0
7873	0
7874	0
7875	0
7876	0
7877	1
7878	2
7879	0
7880	0
7881	1
7882	0
7883	1
7884	0
7885	0
7886	0
7887	1
7888	1
7889	0
7890	0
7891	0
7892	0
7893	0
7894	0
7895	0
7896	1
7897	0
7898	0
7899	0
7900	0
7901	1
7902	0
7903	0
7904	0
7905	1
7906	0
7907	0
7908	1
7909	1
7910	0
7911	0
7912	1
7913	0
7914	0
7915	0
7916	0
7917	2
7918	0
7919	0
7920	2
7921	0
7922	0
7923	1
7924	0
7925	0
7926	0
7927	1
7928	0
7929	0
7930	0
7931	0
7932	0
7933	0
7934	0
7935	0
7936	0
7937	0
7938	0
7939	0
7940	0
7941	1
7942	0
7943	0
7944	0
7945	0
7946	0
7947	0
7948	0
7949	0
7950	0
7951	0
7952	1
7953	0
7954	1
7955	1
7956	0
7957	0
7958	0
7959	0
7960	1
7961	0
7962	0
7963	1
7964	1
7965	1
7966	0
7967	1
7968	0
7969	1
7970	0
7971	0
7972	0
7973	0
7974	2
7975	0
7976	0
7977	1
7978	0
7979	0
7980	1
7981	0
7982	1
7983	0
7984	0
7985	0
7986	1
7987	0
7988	2
7989	0
7990	0
7991	0
7992	0
7993	0
7994	0
7995	0
7996	0
7997	0
7998	0
7999	0
8000	0
8001	0
8002	0
8003	0
8004	0
8005	0
8006	0
8007	0
8008	0
8009	0
8010	1
8011	0
8012	0
8013	0
8014	1
8015	1
8016	1
8017	0
8018	0
8019	0
8020	0
8021	0
8022	0
8023	0
8024	0
8025	1
8026	0
8027	0
8028	1
8029	0
8030	0
8031	0
8032	0
8033	0
8034	1
8035	0
8036	0
8037	0
8038	0
8039	0
8040	0
8041	1
8042	0
8043	0
8044	1
8045	0
8046	0
8047	0
8048	0
8049	0
8050	0
8051	0
8052	0
8053	0
8054	0
8055	0
8056	0
8057	0
8058	0
8059	0
8060	1
8061	0
8062	1
8063	0
8064	0
8065	1
8066	0
8067	1
8068	0
8069	0
8070	0
8071	0
8072	0
8073	1
8074	1
8075	0
8076	0
8077	0
8078	0
8079	0
8080	0
8081	0
8082	0
8083	0
8084	0
8085	0
8086	0
8087	0
8088	0
8089	0
8090	0
8091	0
8092	0
8093	0
8094	0
8095	0
8096	0
8097	0
8098	0
8099	0
8100	0
8101	0
8102	0
8103	0
8104	0
8105	0
8106	0
8107	0
8108	0
8109	0
8110	0
8111	0
8112	0
8113	0
8114	0
8115	0
8116	0
8117	0
8118	0
8119	0
8120	0
8121	0
8122	0
8123	0
8124	0
8125	0
8126	0
8127	0
8128	0
8129	0
8130	0
8131	0
8132	0
8133	0
8134	0
8135	0
8136	0
8137	0
8138	0
8139	0
8140	0
8141	0
8142	0
8143	0
8144	0
8145	0
8146	0
8147	0
8148	0
8149	0
8150	0
8151	0
8152	0
8153	0
8154	0
8155	0
8156	0
8157	0
8158	0
8159	0
8160	0
8161	0
8162	0
8163	0
8164	0
8165	0
8166	0
8167	0
8168	0
8169	0
8170	0
8171	0
8172	0
8173	0
8174	0
8175	0
8176	0
8177	0
8178	0
8179	0
8180	0
8181	0
8182	0
8183	0
8184	0
8185	0
8186	0
8187	0
8188	0
8189	0
8190	0
8191	0
