0	0
1	0
2	0
3	0
4	0
5	0
6	0
7	0
8	0
9	0
10	0
11	0
12	0
13	0
14	0
15	0
16	0
17	0
18	0
19	0
20	0
21	0
22	0
23	0
24	0
25	0
26	0
27	0
28	0
29	0
30	0
31	0
32	0
33	0
34	0
35	0
36	0
37	0
38	0
39	0
40	0
41	0
42	0
43	0
44	0
45	0
46	0
47	0
48	0
49	0
50	0
51	0
52	0
53	0
54	0
55	0
56	0
57	0
58	0
59	0
60	0
61	0
62	0
63	0
64	0
65	0
66	0
67	0
68	0
69	0
70	0
71	0
72	0
73	0
74	0
75	0
76	0
77	0
78	0
79	0
80	0
81	0
82	0
83	0
84	0
85	2
86	9
87	11
88	24
89	14
90	15
91	15
92	22
93	21
94	10
95	15
96	15
97	15
98	24
99	22
100	14
101	14
102	12
103	13
104	12
105	20
106	14
107	22
108	14
109	12
110	15
111	16
112	14
113	11
114	22
115	14
116	19
117	21
118	22
119	18
120	19
121	14
122	17
123	16
124	18
125	13
126	19
127	18
128	14
129	16
130	13
131	13
132	13
133	11
134	23
135	8
136	19
137	12
138	11
139	17
140	19
141	27
142	16
143	15
144	12
145	23
146	16
147	15
148	16
149	15
150	20
151	12
152	19
153	11
154	16
155	9
156	12
157	10
158	16
159	13
160	14
161	25
162	15
163	8
164	17
165	17
166	11
167	19
168	20
169	12
170	17
171	19
172	15
173	15
174	28
175	12
176	15
177	18
178	13
179	13
180	16
181	27
182	13
183	17
184	17
185	21
186	14
187	18
188	6
189	12
190	16
191	18
192	13
193	11
194	13
195	14
196	19
197	16
198	20
199	17
200	25
201	21
202	14
203	18
204	5
205	22
206	20
207	16
208	19
209	17
210	14
211	18
212	14
213	21
214	25
215	11
216	14
217	19
218	16
219	11
220	19
221	23
222	18
223	21
224	19
225	12
226	13
227	11
228	17
229	13
230	10
231	19
232	21
233	15
234	20
235	19
236	21
237	19
238	13
239	17
240	24
241	22
242	24
243	11
244	18
245	20
246	21
247	19
248	18
249	25
250	15
251	15
252	14
253	25
254	11
255	15
256	12
257	22
258	12
259	14
260	26
261	14
262	12
263	9
264	19
265	14
266	22
267	19
268	22
269	19
270	18
271	13
272	13
273	13
274	17
275	17
276	22
277	24
278	20
279	13
280	17
281	21
282	18
283	25
284	25
285	16
286	16
287	21
288	15
289	17
290	22
291	20
292	19
293	17
294	16
295	24
296	10
297	15
298	16
299	19
300	16
301	29
302	14
303	19
304	19
305	15
306	20
307	17
308	20
309	20
310	22
311	18
312	16
313	12
314	23
315	21
316	28
317	14
318	14
319	7
320	17
321	25
322	22
323	19
324	27
325	16
326	16
327	13
328	14
329	21
330	14
331	19
332	27
333	15
334	23
335	18
336	24
337	17
338	22
339	12
340	19
341	13
342	15
343	18
344	14
345	13
346	19
347	13
348	15
349	15
350	15
351	14
352	21
353	18
354	23
355	12
356	9
357	13
358	21
359	13
360	11
361	13
362	16
363	25
364	14
365	24
366	16
367	19
368	13
369	19
370	10
371	16
372	20
373	24
374	20
375	8
376	20
377	15
378	13
379	16
380	25
381	19
382	23
383	14
384	21
385	14
386	18
387	19
388	18
389	17
390	20
391	16
392	20
393	16
394	19
395	29
396	19
397	19
398	8
399	23
400	11
401	20
402	20
403	21
404	16
405	16
406	12
407	23
408	13
409	21
410	20
411	22
412	19
413	13
414	12
415	26
416	16
417	24
418	23
419	21
420	16
421	19
422	11
423	17
424	27
425	20
426	17
427	12
428	22
429	19
430	20
431	19
432	16
433	25
434	22
435	15
436	16
437	20
438	23
439	15
440	15
441	28
442	15
443	17
444	15
445	23
446	15
447	14
448	24
449	14
450	18
451	16
452	18
453	11
454	37
455	22
456	13
457	23
458	14
459	18
460	20
461	29
462	17
463	14
464	15
465	16
466	21
467	22
468	27
469	19
470	21
471	18
472	14
473	17
474	16
475	21
476	19
477	15
478	27
479	23
480	21
481	26
482	14
483	11
484	22
485	16
486	18
487	19
488	25
489	15
490	12
491	26
492	23
493	21
494	27
495	17
496	20
497	20
498	26
499	28
500	21
501	21
502	21
503	16
504	12
505	22
506	18
507	19
508	15
509	18
510	17
511	12
512	16
513	21
514	15
515	25
516	12
517	18
518	17
519	30
520	29
521	24
522	22
523	22
524	21
525	21
526	26
527	31
528	20
529	17
530	26
531	18
532	18
533	18
534	26
535	19
536	21
537	33
538	18
539	21
540	24
541	17
542	22
543	9
544	25
545	20
546	24
547	20
548	19
549	20
550	28
551	19
552	29
553	21
554	22
555	33
556	23
557	25
558	30
559	28
560	27
561	26
562	28
563	22
564	39
565	25
566	28
567	33
568	25
569	26
570	25
571	25
572	32
573	27
574	28
575	33
576	43
577	18
578	29
579	20
580	25
581	36
582	27
583	25
584	17
585	27
586	26
587	26
588	30
589	28
590	20
591	36
592	25
593	24
594	43
595	23
596	37
597	33
598	26
599	24
600	26
601	25
602	25
603	27
604	30
605	42
606	27
607	28
608	35
609	18
610	27
611	33
612	26
613	30
614	39
615	28
616	24
617	25
618	32
619	33
620	35
621	36
622	26
623	31
624	35
625	28
626	34
627	34
628	33
629	31
630	24
631	36
632	26
633	24
634	32
635	25
636	29
637	35
638	25
639	19
640	22
641	29
642	27
643	28
644	25
645	32
646	31
647	24
648	39
649	22
650	32
651	23
652	30
653	28
654	24
655	32
656	23
657	30
658	21
659	31
660	34
661	24
662	29
663	21
664	27
665	36
666	24
667	21
668	25
669	29
670	36
671	31
672	22
673	37
674	19
675	26
676	29
677	25
678	27
679	20
680	24
681	34
682	27
683	24
684	24
685	24
686	25
687	30
688	30
689	26
690	34
691	26
692	30
693	33
694	28
695	23
696	28
697	22
698	31
699	32
700	14
701	30
702	18
703	31
704	30
705	25
706	27
707	23
708	27
709	27
710	22
711	16
712	25
713	22
714	15
715	22
716	22
717	27
718	21
719	18
720	21
721	26
722	25
723	27
724	15
725	18
726	27
727	28
728	17
729	27
730	31
731	26
732	20
733	24
734	20
735	20
736	22
737	21
738	26
739	21
740	16
741	28
742	24
743	22
744	29
745	21
746	26
747	18
748	22
749	22
750	25
751	32
752	19
753	25
754	24
755	26
756	26
757	17
758	19
759	16
760	24
761	19
762	25
763	26
764	18
765	17
766	19
767	35
768	32
769	25
770	31
771	17
772	24
773	27
774	27
775	23
776	18
777	21
778	20
779	20
780	24
781	19
782	37
783	29
784	20
785	34
786	31
787	16
788	20
789	27
790	30
791	19
792	16
793	23
794	33
795	14
796	17
797	21
798	13
799	21
800	20
801	25
802	23
803	12
804	27
805	22
806	22
807	24
808	25
809	23
810	25
811	24
812	24
813	29
814	28
815	25
816	27
817	23
818	18
819	29
820	23
821	20
822	26
823	20
824	29
825	26
826	19
827	34
828	30
829	29
830	32
831	29
832	29
833	33
834	27
835	20
836	24
837	29
838	33
839	26
840	29
841	29
842	31
843	26
844	26
845	19
846	15
847	30
848	19
849	19
850	25
851	27
852	22
853	35
854	22
855	27
856	31
857	29
858	27
859	33
860	22
861	24
862	26
863	31
864	19
865	31
866	26
867	24
868	28
869	18
870	28
871	24
872	23
873	24
874	25
875	27
876	20
877	25
878	31
879	25
880	24
881	28
882	25
883	36
884	25
885	21
886	27
887	28
888	18
889	25
890	24
891	22
892	28
893	33
894	25
895	28
896	34
897	34
898	37
899	31
900	36
901	28
902	35
903	33
904	32
905	28
906	32
907	25
908	28
909	28
910	24
911	24
912	24
913	31
914	26
915	31
916	25
917	23
918	18
919	36
920	33
921	30
922	33
923	22
924	23
925	35
926	29
927	20
928	29
929	22
930	27
931	23
932	30
933	32
934	31
935	30
936	20
937	27
938	29
939	36
940	27
941	30
942	35
943	31
944	28
945	32
946	33
947	32
948	24
949	22
950	31
951	37
952	25
953	28
954	36
955	30
956	33
957	23
958	31
959	27
960	34
961	22
962	33
963	39
964	23
965	33
966	30
967	31
968	33
969	29
970	30
971	25
972	37
973	33
974	33
975	22
976	30
977	30
978	42
979	37
980	22
981	25
982	38
983	33
984	35
985	43
986	34
987	29
988	25
989	28
990	37
991	23
992	28
993	38
994	36
995	27
996	27
997	30
998	39
999	25
1000	28
1001	32
1002	27
1003	20
1004	29
1005	39
1006	30
1007	23
1008	32
1009	31
1010	28
1011	31
1012	25
1013	33
1014	32
1015	39
1016	37
1017	36
1018	33
1019	21
1020	29
1021	45
1022	39
1023	30
1024	47
1025	36
1026	33
1027	27
1028	32
1029	31
1030	26
1031	41
1032	29
1033	30
1034	33
1035	34
1036	28
1037	24
1038	33
1039	48
1040	41
1041	31
1042	34
1043	21
1044	39
1045	31
1046	33
1047	31
1048	35
1049	32
1050	23
1051	35
1052	27
1053	43
1054	34
1055	29
1056	47
1057	36
1058	25
1059	36
1060	26
1061	43
1062	36
1063	39
1064	36
1065	29
1066	27
1067	34
1068	36
1069	28
1070	34
1071	32
1072	39
1073	43
1074	33
1075	29
1076	29
1077	33
1078	31
1079	45
1080	42
1081	31
1082	35
1083	31
1084	43
1085	30
1086	27
1087	34
1088	28
1089	35
1090	33
1091	35
1092	29
1093	44
1094	43
1095	28
1096	36
1097	34
1098	44
1099	32
1100	25
1101	48
1102	27
1103	36
1104	36
1105	31
1106	30
1107	38
1108	30
1109	30
1110	39
1111	23
1112	27
1113	30
1114	44
1115	26
1116	29
1117	42
1118	28
1119	31
1120	37
1121	41
1122	40
1123	28
1124	39
1125	32
1126	36
1127	29
1128	32
1129	39
1130	28
1131	34
1132	21
1133	37
1134	31
1135	25
1136	30
1137	29
1138	31
1139	34
1140	45
1141	35
1142	39
1143	33
1144	35
1145	36
1146	33
1147	30
1148	38
1149	31
1150	34
1151	30
1152	26
1153	42
1154	31
1155	38
1156	33
1157	31
1158	30
1159	40
1160	28
1161	27
1162	32
1163	44
1164	41
1165	43
1166	34
1167	32
1168	44
1169	35
1170	31
1171	29
1172	33
1173	32
1174	47
1175	31
1176	26
1177	45
1178	33
1179	26
1180	31
1181	20
1182	31
1183	41
1184	38
1185	40
1186	29
1187	34
1188	29
1189	26
1190	20
1191	38
1192	41
1193	46
1194	44
1195	38
1196	34
1197	30
1198	36
1199	31
1200	42
1201	34
1202	42
1203	40
1204	35
1205	31
1206	29
1207	33
1208	32
1209	28
1210	35
1211	37
1212	39
1213	23
1214	34
1215	28
1216	44
1217	32
1218	36
1219	21
1220	39
1221	35
1222	40
1223	29
1224	34
1225	33
1226	30
1227	42
1228	35
1229	34
1230	33
1231	41
1232	35
1233	31
1234	30
1235	36
1236	38
1237	35
1238	42
1239	42
1240	33
1241	49
1242	27
1243	38
1244	36
1245	35
1246	38
1247	28
1248	28
1249	36
1250	41
1251	39
1252	44
1253	31
1254	34
1255	44
1256	40
1257	32
1258	30
1259	33
1260	36
1261	38
1262	25
1263	32
1264	29
1265	32
1266	36
1267	30
1268	36
1269	44
1270	27
1271	40
1272	34
1273	34
1274	43
1275	37
1276	28
1277	26
1278	44
1279	27
1280	44
1281	44
1282	40
1283	36
1284	34
1285	31
1286	37
1287	45
1288	34
1289	34
1290	33
1291	33
1292	28
1293	37
1294	41
1295	35
1296	36
1297	31
1298	36
1299	29
1300	34
1301	34
1302	32
1303	38
1304	39
1305	38
1306	35
1307	37
1308	35
1309	49
1310	33
1311	34
1312	41
1313	30
1314	27
1315	27
1316	34
1317	38
1318	34
1319	28
1320	34
1321	33
1322	39
1323	35
1324	37
1325	33
1326	40
1327	42
1328	31
1329	40
1330	38
1331	37
1332	47
1333	40
1334	30
1335	31
1336	40
1337	47
1338	41
1339	43
1340	35
1341	26
1342	25
1343	33
1344	37
1345	37
1346	43
1347	40
1348	37
1349	35
1350	43
1351	28
1352	33
1353	33
1354	58
1355	40
1356	41
1357	36
1358	42
1359	27
1360	49
1361	48
1362	45
1363	31
1364	46
1365	37
1366	42
1367	38
1368	48
1369	26
1370	50
1371	25
1372	31
1373	38
1374	36
1375	35
1376	42
1377	30
1378	33
1379	38
1380	44
1381	40
1382	37
1383	25
1384	37
1385	32
1386	38
1387	39
1388	30
1389	57
1390	44
1391	29
1392	41
1393	30
1394	36
1395	46
1396	45
1397	39
1398	30
1399	34
1400	32
1401	27
1402	47
1403	38
1404	47
1405	56
1406	38
1407	39
1408	41
1409	32
1410	37
1411	41
1412	41
1413	37
1414	39
1415	33
1416	36
1417	32
1418	49
1419	33
1420	32
1421	36
1422	38
1423	42
1424	45
1425	43
1426	43
1427	45
1428	29
1429	35
1430	39
1431	48
1432	49
1433	37
1434	39
1435	34
1436	41
1437	37
1438	31
1439	37
1440	41
1441	45
1442	41
1443	35
1444	35
1445	35
1446	23
1447	44
1448	38
1449	38
1450	40
1451	48
1452	39
1453	43
1454	41
1455	39
1456	41
1457	33
1458	42
1459	46
1460	33
1461	44
1462	42
1463	42
1464	42
1465	32
1466	32
1467	25
1468	36
1469	43
1470	37
1471	48
1472	43
1473	45
1474	29
1475	27
1476	41
1477	32
1478	35
1479	45
1480	39
1481	33
1482	26
1483	30
1484	31
1485	33
1486	40
1487	38
1488	49
1489	30
1490	31
1491	34
1492	34
1493	40
1494	35
1495	34
1496	36
1497	45
1498	44
1499	36
1500	41
1501	35
1502	32
1503	36
1504	35
1505	32
1506	39
1507	40
1508	44
1509	37
1510	30
1511	42
1512	27
1513	32
1514	34
1515	26
1516	43
1517	37
1518	34
1519	42
1520	34
1521	35
1522	44
1523	25
1524	38
1525	45
1526	34
1527	37
1528	32
1529	44
1530	37
1531	36
1532	40
1533	40
1534	38
1535	42
1536	31
1537	33
1538	28
1539	46
1540	32
1541	26
1542	35
1543	35
1544	43
1545	40
1546	34
1547	32
1548	28
1549	32
1550	34
1551	29
1552	30
1553	43
1554	36
1555	28
1556	34
1557	29
1558	40
1559	50
1560	26
1561	34
1562	28
1563	36
1564	34
1565	41
1566	39
1567	42
1568	35
1569	32
1570	37
1571	47
1572	33
1573	27
1574	34
1575	41
1576	33
1577	43
1578	43
1579	28
1580	44
1581	32
1582	38
1583	33
1584	29
1585	18
1586	30
1587	31
1588	31
1589	44
1590	29
1591	32
1592	46
1593	26
1594	45
1595	30
1596	32
1597	31
1598	27
1599	37
1600	44
1601	44
1602	32
1603	33
1604	31
1605	23
1606	27
1607	45
1608	37
1609	38
1610	26
1611	25
1612	37
1613	39
1614	29
1615	43
1616	39
1617	25
1618	39
1619	29
1620	33
1621	38
1622	28
1623	25
1624	35
1625	26
1626	39
1627	39
1628	23
1629	37
1630	40
1631	31
1632	29
1633	39
1634	39
1635	27
1636	33
1637	35
1638	23
1639	36
1640	32
1641	27
1642	29
1643	40
1644	38
1645	28
1646	29
1647	35
1648	41
1649	30
1650	30
1651	34
1652	32
1653	33
1654	36
1655	39
1656	27
1657	33
1658	42
1659	24
1660	35
1661	35
1662	29
1663	26
1664	42
1665	29
1666	28
1667	34
1668	40
1669	41
1670	41
1671	29
1672	42
1673	32
1674	30
1675	40
1676	34
1677	30
1678	25
1679	30
1680	28
1681	34
1682	36
1683	37
1684	28
1685	29
1686	32
1687	38
1688	29
1689	33
1690	39
1691	37
1692	42
1693	33
1694	33
1695	46
1696	23
1697	30
1698	32
1699	25
1700	32
1701	52
1702	31
1703	20
1704	38
1705	40
1706	29
1707	30
1708	29
1709	37
1710	35
1711	32
1712	31
1713	30
1714	29
1715	24
1716	25
1717	29
1718	43
1719	28
1720	38
1721	19
1722	29
1723	26
1724	44
1725	46
1726	34
1727	25
1728	25
1729	39
1730	33
1731	26
1732	40
1733	26
1734	41
1735	47
1736	30
1737	38
1738	34
1739	40
1740	34
1741	22
1742	29
1743	22
1744	36
1745	23
1746	33
1747	27
1748	31
1749	44
1750	29
1751	27
1752	29
1753	27
1754	28
1755	43
1756	44
1757	25
1758	35
1759	32
1760	31
1761	31
1762	33
1763	37
1764	32
1765	30
1766	31
1767	33
1768	35
1769	26
1770	35
1771	23
1772	25
1773	38
1774	31
1775	23
1776	33
1777	34
1778	29
1779	30
1780	25
1781	31
1782	32
1783	30
1784	29
1785	29
1786	32
1787	36
1788	28
1789	27
1790	27
1791	28
1792	31
1793	35
1794	32
1795	29
1796	25
1797	32
1798	32
1799	28
1800	32
1801	18
1802	34
1803	34
1804	22
1805	30
1806	35
1807	31
1808	31
1809	29
1810	32
1811	28
1812	34
1813	22
1814	25
1815	26
1816	28
1817	29
1818	32
1819	23
1820	33
1821	32
1822	20
1823	22
1824	33
1825	27
1826	25
1827	32
1828	34
1829	39
1830	26
1831	29
1832	29
1833	23
1834	30
1835	35
1836	31
1837	39
1838	19
1839	31
1840	28
1841	33
1842	35
1843	25
1844	39
1845	33
1846	30
1847	27
1848	25
1849	23
1850	30
1851	30
1852	34
1853	30
1854	17
1855	34
1856	39
1857	31
1858	27
1859	30
1860	24
1861	26
1862	22
1863	22
1864	37
1865	32
1866	28
1867	21
1868	36
1869	28
1870	31
1871	31
1872	31
1873	22
1874	34
1875	21
1876	37
1877	26
1878	36
1879	30
1880	21
1881	40
1882	30
1883	23
1884	29
1885	32
1886	32
1887	25
1888	36
1889	37
1890	31
1891	23
1892	29
1893	22
1894	27
1895	20
1896	34
1897	28
1898	27
1899	36
1900	27
1901	31
1902	17
1903	34
1904	30
1905	31
1906	24
1907	31
1908	23
1909	32
1910	29
1911	32
1912	30
1913	22
1914	27
1915	34
1916	29
1917	27
1918	26
1919	28
1920	32
1921	35
1922	38
1923	32
1924	28
1925	26
1926	29
1927	27
1928	32
1929	28
1930	37
1931	26
1932	26
1933	22
1934	24
1935	12
1936	28
1937	31
1938	37
1939	26
1940	31
1941	32
1942	32
1943	39
1944	23
1945	29
1946	19
1947	32
1948	36
1949	26
1950	22
1951	27
1952	37
1953	30
1954	25
1955	29
1956	24
1957	21
1958	36
1959	34
1960	36
1961	31
1962	28
1963	24
1964	21
1965	29
1966	27
1967	30
1968	24
1969	23
1970	29
1971	20
1972	26
1973	29
1974	27
1975	35
1976	25
1977	26
1978	17
1979	24
1980	41
1981	25
1982	18
1983	28
1984	26
1985	31
1986	27
1987	39
1988	22
1989	28
1990	35
1991	24
1992	31
1993	20
1994	27
1995	22
1996	23
1997	22
1998	34
1999	21
2000	23
2001	18
2002	18
2003	29
2004	17
2005	21
2006	17
2007	24
2008	28
2009	36
2010	38
2011	23
2012	21
2013	31
2014	28
2015	21
2016	29
2017	27
2018	26
2019	32
2020	22
2021	32
2022	20
2023	31
2024	24
2025	35
2026	19
2027	41
2028	24
2029	28
2030	27
2031	24
2032	21
2033	20
2034	16
2035	19
2036	24
2037	30
2038	25
2039	35
2040	19
2041	28
2042	33
2043	28
2044	27
2045	28
2046	32
2047	24
2048	39
2049	27
2050	24
2051	28
2052	31
2053	14
2054	27
2055	26
2056	39
2057	21
2058	23
2059	25
2060	28
2061	21
2062	33
2063	29
2064	25
2065	28
2066	34
2067	12
2068	33
2069	27
2070	25
2071	32
2072	19
2073	32
2074	19
2075	25
2076	29
2077	28
2078	19
2079	24
2080	29
2081	19
2082	31
2083	20
2084	30
2085	19
2086	17
2087	33
2088	21
2089	24
2090	27
2091	21
2092	23
2093	27
2094	24
2095	21
2096	21
2097	25
2098	24
2099	28
2100	16
2101	25
2102	24
2103	25
2104	23
2105	37
2106	29
2107	26
2108	22
2109	38
2110	28
2111	20
2112	27
2113	25
2114	25
2115	23
2116	33
2117	24
2118	34
2119	20
2120	22
2121	22
2122	24
2123	30
2124	35
2125	29
2126	26
2127	20
2128	29
2129	26
2130	28
2131	18
2132	24
2133	35
2134	27
2135	25
2136	26
2137	19
2138	30
2139	38
2140	24
2141	23
2142	18
2143	26
2144	25
2145	20
2146	32
2147	26
2148	21
2149	31
2150	22
2151	25
2152	19
2153	30
2154	30
2155	34
2156	27
2157	28
2158	24
2159	19
2160	27
2161	22
2162	28
2163	24
2164	29
2165	21
2166	24
2167	19
2168	31
2169	39
2170	26
2171	20
2172	25
2173	28
2174	26
2175	23
2176	26
2177	26
2178	28
2179	29
2180	23
2181	24
2182	30
2183	20
2184	22
2185	17
2186	29
2187	26
2188	33
2189	21
2190	23
2191	17
2192	32
2193	41
2194	27
2195	25
2196	30
2197	25
2198	26
2199	24
2200	20
2201	37
2202	23
2203	15
2204	29
2205	21
2206	26
2207	34
2208	25
2209	28
2210	25
2211	28
2212	37
2213	32
2214	25
2215	26
2216	32
2217	34
2218	19
2219	14
2220	30
2221	27
2222	23
2223	26
2224	27
2225	32
2226	21
2227	25
2228	18
2229	29
2230	30
2231	26
2232	32
2233	26
2234	26
2235	29
2236	15
2237	25
2238	20
2239	26
2240	19
2241	34
2242	28
2243	35
2244	24
2245	19
2246	31
2247	22
2248	31
2249	19
2250	22
2251	30
2252	21
2253	23
2254	21
2255	19
2256	28
2257	23
2258	23
2259	15
2260	23
2261	40
2262	25
2263	25
2264	20
2265	14
2266	23
2267	28
2268	19
2269	19
2270	26
2271	17
2272	27
2273	25
2274	11
2275	26
2276	19
2277	22
2278	23
2279	23
2280	25
2281	24
2282	21
2283	23
2284	22
2285	14
2286	21
2287	18
2288	26
2289	22
2290	25
2291	23
2292	28
2293	24
2294	28
2295	21
2296	18
2297	26
2298	30
2299	21
2300	28
2301	27
2302	23
2303	35
2304	32
2305	19
2306	34
2307	26
2308	20
2309	30
2310	23
2311	28
2312	33
2313	32
2314	17
2315	18
2316	29
2317	20
2318	19
2319	19
2320	29
2321	20
2322	23
2323	24
2324	33
2325	25
2326	19
2327	26
2328	24
2329	27
2330	25
2331	25
2332	19
2333	34
2334	18
2335	29
2336	20
2337	24
2338	24
2339	16
2340	13
2341	35
2342	26
2343	12
2344	27
2345	30
2346	19
2347	18
2348	19
2349	24
2350	19
2351	24
2352	22
2353	20
2354	23
2355	29
2356	30
2357	17
2358	35
2359	23
2360	19
2361	28
2362	25
2363	22
2364	30
2365	27
2366	22
2367	18
2368	22
2369	15
2370	27
2371	20
2372	24
2373	15
2374	25
2375	22
2376	23
2377	33
2378	25
2379	21
2380	19
2381	24
2382	26
2383	27
2384	20
2385	25
2386	19
2387	21
2388	26
2389	24
2390	21
2391	19
2392	17
2393	22
2394	23
2395	25
2396	24
2397	21
2398	23
2399	19
2400	24
2401	20
2402	21
2403	24
2404	12
2405	22
2406	24
2407	22
2408	18
2409	29
2410	22
2411	28
2412	17
2413	23
2414	17
2415	27
2416	27
2417	17
2418	19
2419	20
2420	27
2421	18
2422	21
2423	18
2424	24
2425	23
2426	19
2427	20
2428	25
2429	19
2430	29
2431	20
2432	30
2433	29
2434	27
2435	25
2436	28
2437	23
2438	18
2439	26
2440	24
2441	20
2442	25
2443	29
2444	23
2445	40
2446	24
2447	25
2448	33
2449	25
2450	28
2451	17
2452	20
2453	11
2454	21
2455	29
2456	27
2457	24
2458	27
2459	25
2460	19
2461	19
2462	14
2463	15
2464	23
2465	19
2466	20
2467	23
2468	25
2469	24
2470	29
2471	20
2472	16
2473	26
2474	18
2475	22
2476	25
2477	21
2478	23
2479	33
2480	26
2481	20
2482	20
2483	25
2484	22
2485	25
2486	25
2487	24
2488	16
2489	31
2490	18
2491	18
2492	21
2493	16
2494	18
2495	22
2496	27
2497	25
2498	22
2499	20
2500	18
2501	19
2502	24
2503	23
2504	23
2505	19
2506	27
2507	24
2508	23
2509	23
2510	31
2511	24
2512	16
2513	18
2514	27
2515	31
2516	25
2517	18
2518	32
2519	22
2520	23
2521	24
2522	25
2523	19
2524	27
2525	40
2526	22
2527	26
2528	15
2529	22
2530	17
2531	16
2532	22
2533	12
2534	24
2535	20
2536	24
2537	23
2538	19
2539	34
2540	26
2541	24
2542	18
2543	16
2544	23
2545	17
2546	28
2547	26
2548	18
2549	24
2550	24
2551	22
2552	15
2553	26
2554	30
2555	24
2556	33
2557	24
2558	24
2559	21
2560	32
2561	26
2562	24
2563	24
2564	22
2565	21
2566	19
2567	20
2568	19
2569	22
2570	12
2571	19
2572	34
2573	12
2574	23
2575	28
2576	15
2577	27
2578	12
2579	24
2580	21
2581	17
2582	19
2583	15
2584	24
2585	23
2586	26
2587	20
2588	25
2589	21
2590	17
2591	24
2592	27
2593	27
2594	29
2595	26
2596	22
2597	22
2598	23
2599	24
2600	15
2601	32
2602	20
2603	12
2604	29
2605	25
2606	24
2607	14
2608	20
2609	14
2610	17
2611	22
2612	26
2613	33
2614	14
2615	20
2616	20
2617	21
2618	19
2619	24
2620	20
2621	29
2622	30
2623	23
2624	17
2625	19
2626	22
2627	25
2628	16
2629	25
2630	26
2631	13
2632	27
2633	25
2634	15
2635	12
2636	22
2637	27
2638	20
2639	20
2640	24
2641	19
2642	30
2643	27
2644	24
2645	18
2646	24
2647	22
2648	22
2649	27
2650	25
2651	20
2652	26
2653	11
2654	24
2655	25
2656	18
2657	20
2658	20
2659	12
2660	17
2661	16
2662	15
2663	20
2664	26
2665	20
2666	27
2667	24
2668	13
2669	23
2670	19
2671	21
2672	13
2673	14
2674	18
2675	30
2676	24
2677	20
2678	20
2679	24
2680	26
2681	19
2682	24
2683	34
2684	10
2685	22
2686	30
2687	20
2688	18
2689	25
2690	16
2691	20
2692	19
2693	20
2694	18
2695	33
2696	31
2697	20
2698	16
2699	23
2700	33
2701	25
2702	29
2703	27
2704	10
2705	18
2706	22
2707	26
2708	22
2709	30
2710	19
2711	18
2712	23
2713	21
2714	22
2715	22
2716	19
2717	32
2718	26
2719	16
2720	25
2721	14
2722	24
2723	22
2724	22
2725	18
2726	27
2727	25
2728	22
2729	20
2730	25
2731	21
2732	23
2733	25
2734	18
2735	15
2736	19
2737	23
2738	18
2739	22
2740	19
2741	18
2742	19
2743	21
2744	23
2745	16
2746	18
2747	22
2748	16
2749	24
2750	23
2751	15
2752	23
2753	26
2754	25
2755	18
2756	21
2757	13
2758	15
2759	23
2760	18
2761	18
2762	25
2763	20
2764	27
2765	21
2766	26
2767	28
2768	16
2769	14
2770	19
2771	13
2772	29
2773	23
2774	21
2775	19
2776	23
2777	18
2778	16
2779	21
2780	20
2781	26
2782	30
2783	16
2784	19
2785	17
2786	26
2787	12
2788	21
2789	19
2790	23
2791	20
2792	24
2793	22
2794	19
2795	26
2796	22
2797	21
2798	23
2799	17
2800	20
2801	19
2802	17
2803	32
2804	19
2805	30
2806	18
2807	24
2808	25
2809	25
2810	19
2811	15
2812	21
2813	19
2814	28
2815	16
2816	20
2817	19
2818	20
2819	12
2820	23
2821	18
2822	22
2823	9
2824	26
2825	15
2826	24
2827	23
2828	17
2829	22
2830	24
2831	16
2832	23
2833	25
2834	16
2835	12
2836	25
2837	18
2838	19
2839	16
2840	15
2841	16
2842	23
2843	15
2844	24
2845	30
2846	25
2847	24
2848	24
2849	23
2850	25
2851	18
2852	29
2853	32
2854	22
2855	18
2856	18
2857	15
2858	19
2859	23
2860	21
2861	20
2862	24
2863	17
2864	12
2865	19
2866	15
2867	11
2868	12
2869	19
2870	22
2871	26
2872	14
2873	16
2874	16
2875	22
2876	15
2877	17
2878	21
2879	22
2880	19
2881	22
2882	15
2883	32
2884	21
2885	19
2886	16
2887	18
2888	26
2889	26
2890	24
2891	22
2892	14
2893	16
2894	20
2895	9
2896	15
2897	22
2898	22
2899	11
2900	30
2901	24
2902	29
2903	19
2904	23
2905	19
2906	22
2907	23
2908	27
2909	27
2910	19
2911	26
2912	20
2913	17
2914	19
2915	17
2916	29
2917	14
2918	23
2919	13
2920	22
2921	19
2922	15
2923	17
2924	22
2925	18
2926	15
2927	31
2928	20
2929	20
2930	17
2931	19
2932	21
2933	15
2934	22
2935	26
2936	19
2937	22
2938	23
2939	20
2940	13
2941	16
2942	22
2943	19
2944	26
2945	18
2946	19
2947	22
2948	26
2949	21
2950	22
2951	21
2952	21
2953	23
2954	17
2955	15
2956	24
2957	18
2958	23
2959	18
2960	21
2961	25
2962	20
2963	20
2964	16
2965	22
2966	22
2967	25
2968	18
2969	16
2970	17
2971	23
2972	24
2973	14
2974	13
2975	23
2976	14
2977	21
2978	16
2979	25
2980	25
2981	15
2982	19
2983	20
2984	20
2985	22
2986	19
2987	19
2988	23
2989	21
2990	25
2991	24
2992	28
2993	20
2994	10
2995	14
2996	17
2997	22
2998	12
2999	23
3000	17
3001	14
3002	16
3003	13
3004	16
3005	16
3006	17
3007	21
3008	20
3009	16
3010	21
3011	18
3012	19
3013	15
3014	16
3015	27
3016	21
3017	22
3018	23
3019	26
3020	18
3021	28
3022	13
3023	17
3024	18
3025	23
3026	26
3027	20
3028	22
3029	23
3030	18
3031	19
3032	17
3033	13
3034	14
3035	19
3036	24
3037	24
3038	13
3039	23
3040	17
3041	21
3042	21
3043	12
3044	14
3045	17
3046	23
3047	20
3048	22
3049	20
3050	25
3051	14
3052	18
3053	16
3054	27
3055	25
3056	24
3057	22
3058	11
3059	18
3060	22
3061	11
3062	19
3063	16
3064	19
3065	19
3066	16
3067	13
3068	21
3069	24
3070	14
3071	23
3072	18
3073	18
3074	26
3075	26
3076	26
3077	10
3078	14
3079	20
3080	25
3081	17
3082	16
3083	20
3084	21
3085	17
3086	25
3087	15
3088	14
3089	16
3090	25
3091	15
3092	23
3093	19
3094	17
3095	17
3096	12
3097	24
3098	18
3099	19
3100	17
3101	12
3102	20
3103	19
3104	14
3105	16
3106	24
3107	28
3108	17
3109	28
3110	29
3111	20
3112	15
3113	16
3114	18
3115	22
3116	16
3117	22
3118	14
3119	22
3120	22
3121	25
3122	18
3123	27
3124	16
3125	23
3126	25
3127	22
3128	16
3129	14
3130	16
3131	14
3132	23
3133	21
3134	23
3135	18
3136	16
3137	21
3138	21
3139	27
3140	15
3141	18
3142	29
3143	17
3144	27
3145	17
3146	21
3147	13
3148	27
3149	24
3150	21
3151	24
3152	15
3153	21
3154	16
3155	14
3156	16
3157	14
3158	15
3159	22
3160	13
3161	22
3162	17
3163	9
3164	18
3165	26
3166	8
3167	18
3168	23
3169	12
3170	24
3171	13
3172	23
3173	20
3174	19
3175	21
3176	16
3177	21
3178	23
3179	16
3180	14
3181	17
3182	18
3183	19
3184	18
3185	14
3186	18
3187	22
3188	20
3189	24
3190	15
3191	19
3192	11
3193	15
3194	21
3195	19
3196	24
3197	13
3198	20
3199	17
3200	19
3201	24
3202	19
3203	21
3204	16
3205	19
3206	20
3207	18
3208	8
3209	26
3210	16
3211	17
3212	25
3213	15
3214	22
3215	17
3216	20
3217	18
3218	19
3219	18
3220	14
3221	14
3222	20
3223	13
3224	19
3225	14
3226	26
3227	15
3228	17
3229	17
3230	22
3231	17
3232	15
3233	17
3234	21
3235	14
3236	15
3237	12
3238	16
3239	14
3240	19
3241	19
3242	27
3243	14
3244	15
3245	22
3246	21
3247	14
3248	18
3249	18
3250	14
3251	14
3252	18
3253	14
3254	17
3255	25
3256	22
3257	22
3258	17
3259	15
3260	17
3261	15
3262	23
3263	14
3264	19
3265	19
3266	20
3267	17
3268	24
3269	19
3270	24
3271	22
3272	22
3273	13
3274	22
3275	16
3276	19
3277	15
3278	19
3279	17
3280	18
3281	17
3282	22
3283	20
3284	23
3285	20
3286	18
3287	16
3288	18
3289	16
3290	24
3291	17
3292	9
3293	13
3294	17
3295	14
3296	18
3297	8
3298	13
3299	13
3300	16
3301	13
3302	21
3303	13
3304	14
3305	17
3306	19
3307	16
3308	21
3309	18
3310	18
3311	23
3312	13
3313	19
3314	16
3315	18
3316	18
3317	19
3318	12
3319	18
3320	22
3321	14
3322	22
3323	22
3324	17
3325	11
3326	19
3327	17
3328	13
3329	13
3330	16
3331	10
3332	16
3333	20
3334	22
3335	15
3336	21
3337	16
3338	18
3339	16
3340	13
3341	10
3342	23
3343	15
3344	15
3345	16
3346	15
3347	12
3348	13
3349	14
3350	17
3351	23
3352	17
3353	16
3354	19
3355	15
3356	16
3357	16
3358	25
3359	15
3360	17
3361	19
3362	15
3363	21
3364	10
3365	14
3366	22
3367	13
3368	19
3369	22
3370	22
3371	18
3372	14
3373	24
3374	19
3375	16
3376	21
3377	17
3378	16
3379	16
3380	10
3381	14
3382	18
3383	21
3384	15
3385	14
3386	16
3387	18
3388	23
3389	9
3390	25
3391	18
3392	10
3393	17
3394	10
3395	11
3396	15
3397	17
3398	10
3399	18
3400	12
3401	21
3402	11
3403	15
3404	12
3405	19
3406	12
3407	10
3408	13
3409	20
3410	16
3411	8
3412	16
3413	11
3414	12
3415	21
3416	16
3417	8
3418	18
3419	11
3420	17
3421	20
3422	11
3423	18
3424	11
3425	22
3426	15
3427	22
3428	8
3429	22
3430	14
3431	19
3432	16
3433	11
3434	15
3435	17
3436	15
3437	17
3438	13
3439	11
3440	12
3441	12
3442	15
3443	15
3444	10
3445	15
3446	19
3447	13
3448	12
3449	18
3450	22
3451	11
3452	14
3453	11
3454	21
3455	14
3456	22
3457	19
3458	11
3459	19
3460	14
3461	17
3462	13
3463	10
3464	13
3465	13
3466	14
3467	22
3468	24
3469	14
3470	10
3471	19
3472	23
3473	12
3474	15
3475	21
3476	20
3477	21
3478	18
3479	11
3480	13
3481	13
3482	10
3483	23
3484	15
3485	16
3486	13
3487	12
3488	15
3489	12
3490	18
3491	16
3492	21
3493	13
3494	22
3495	15
3496	16
3497	10
3498	16
3499	18
3500	21
3501	15
3502	19
3503	10
3504	11
3505	17
3506	14
3507	25
3508	14
3509	9
3510	22
3511	18
3512	14
3513	17
3514	19
3515	12
3516	15
3517	22
3518	18
3519	19
3520	15
3521	15
3522	21
3523	11
3524	15
3525	18
3526	19
3527	11
3528	18
3529	14
3530	16
3531	19
3532	13
3533	6
3534	17
3535	20
3536	18
3537	13
3538	17
3539	11
3540	14
3541	13
3542	16
3543	9
3544	17
3545	13
3546	11
3547	29
3548	16
3549	15
3550	19
3551	10
3552	17
3553	13
3554	12
3555	14
3556	18
3557	20
3558	22
3559	13
3560	11
3561	8
3562	29
3563	10
3564	20
3565	16
3566	11
3567	11
3568	9
3569	13
3570	14
3571	18
3572	18
3573	15
3574	16
3575	20
3576	16
3577	9
3578	14
3579	12
3580	20
3581	12
3582	11
3583	11
3584	18
3585	10
3586	10
3587	22
3588	14
3589	17
3590	20
3591	19
3592	17
3593	11
3594	16
3595	20
3596	12
3597	16
3598	13
3599	13
3600	16
3601	11
3602	18
3603	10
3604	10
3605	18
3606	10
3607	19
3608	9
3609	10
3610	10
3611	11
3612	16
3613	13
3614	17
3615	23
3616	23
3617	15
3618	15
3619	16
3620	16
3621	16
3622	15
3623	20
3624	22
3625	14
3626	13
3627	20
3628	10
3629	16
3630	13
3631	14
3632	9
3633	19
3634	9
3635	14
3636	19
3637	13
3638	13
3639	14
3640	13
3641	19
3642	14
3643	15
3644	18
3645	13
3646	17
3647	13
3648	19
3649	13
3650	10
3651	11
3652	19
3653	14
3654	11
3655	19
3656	19
3657	4
3658	16
3659	13
3660	11
3661	17
3662	17
3663	9
3664	18
3665	17
3666	15
3667	14
3668	15
3669	18
3670	15
3671	13
3672	16
3673	8
3674	16
3675	11
3676	20
3677	18
3678	10
3679	17
3680	10
3681	17
3682	19
3683	16
3684	14
3685	17
3686	23
3687	18
3688	15
3689	22
3690	11
3691	12
3692	16
3693	20
3694	20
3695	8
3696	13
3697	17
3698	16
3699	18
3700	13
3701	17
3702	20
3703	10
3704	18
3705	18
3706	19
3707	11
3708	22
3709	16
3710	11
3711	18
3712	13
3713	10
3714	11
3715	12
3716	16
3717	13
3718	14
3719	17
3720	16
3721	15
3722	13
3723	16
3724	29
3725	13
3726	20
3727	7
3728	11
3729	15
3730	12
3731	20
3732	25
3733	11
3734	8
3735	17
3736	17
3737	14
3738	7
3739	13
3740	17
3741	22
3742	21
3743	20
3744	6
3745	17
3746	14
3747	17
3748	26
3749	20
3750	10
3751	10
3752	16
3753	19
3754	18
3755	18
3756	14
3757	19
3758	15
3759	10
3760	20
3761	11
3762	12
3763	21
3764	15
3765	13
3766	12
3767	15
3768	16
3769	19
3770	10
3771	16
3772	16
3773	23
3774	15
3775	14
3776	13
3777	8
3778	17
3779	17
3780	14
3781	17
3782	14
3783	13
3784	22
3785	18
3786	13
3787	9
3788	10
3789	23
3790	13
3791	18
3792	16
3793	19
3794	10
3795	15
3796	24
3797	9
3798	15
3799	17
3800	12
3801	12
3802	19
3803	15
3804	16
3805	19
3806	16
3807	20
3808	17
3809	14
3810	19
3811	15
3812	17
3813	10
3814	13
3815	18
3816	13
3817	10
3818	22
3819	19
3820	19
3821	9
3822	16
3823	11
3824	19
3825	15
3826	12
3827	13
3828	13
3829	12
3830	15
3831	19
3832	17
3833	16
3834	15
3835	29
3836	13
3837	20
3838	17
3839	10
3840	8
3841	12
3842	13
3843	18
3844	23
3845	14
3846	11
3847	16
3848	15
3849	16
3850	15
3851	15
3852	11
3853	15
3854	12
3855	16
3856	14
3857	17
3858	19
3859	12
3860	13
3861	12
3862	24
3863	9
3864	17
3865	24
3866	16
3867	11
3868	11
3869	13
3870	12
3871	18
3872	12
3873	20
3874	16
3875	16
3876	11
3877	17
3878	15
3879	21
3880	9
3881	13
3882	13
3883	18
3884	18
3885	21
3886	20
3887	13
3888	19
3889	13
3890	15
3891	20
3892	12
3893	12
3894	8
3895	14
3896	18
3897	15
3898	15
3899	18
3900	15
3901	15
3902	22
3903	18
3904	21
3905	12
3906	14
3907	13
3908	18
3909	19
3910	17
3911	19
3912	10
3913	14
3914	14
3915	11
3916	9
3917	19
3918	14
3919	22
3920	19
3921	17
3922	11
3923	16
3924	18
3925	12
3926	15
3927	11
3928	12
3929	16
3930	12
3931	18
3932	14
3933	8
3934	12
3935	12
3936	11
3937	19
3938	14
3939	11
3940	21
3941	8
3942	17
3943	16
3944	17
3945	20
3946	13
3947	19
3948	16
3949	23
3950	14
3951	14
3952	21
3953	23
3954	12
3955	16
3956	16
3957	14
3958	19
3959	16
3960	14
3961	15
3962	23
3963	11
3964	22
3965	17
3966	16
3967	16
3968	14
3969	13
3970	20
3971	18
3972	25
3973	11
3974	16
3975	16
3976	15
3977	13
3978	17
3979	15
3980	16
3981	18
3982	24
3983	5
3984	9
3985	22
3986	11
3987	14
3988	17
3989	17
3990	13
3991	15
3992	13
3993	16
3994	15
3995	14
3996	16
3997	13
3998	18
3999	19
4000	15
4001	20
4002	22
4003	18
4004	19
4005	22
4006	21
4007	15
4008	22
4009	18
4010	21
4011	13
4012	18
4013	12
4014	18
4015	17
4016	17
4017	18
4018	16
4019	20
4020	16
4021	24
4022	16
4023	6
4024	20
4025	13
4026	13
4027	12
4028	15
4029	15
4030	18
4031	17
4032	21
4033	20
4034	11
4035	15
4036	25
4037	13
4038	20
4039	17
4040	8
4041	13
4042	17
4043	7
4044	24
4045	22
4046	23
4047	14
4048	14
4049	12
4050	21
4051	11
4052	14
4053	17
4054	14
4055	19
4056	21
4057	13
4058	19
4059	19
4060	16
4061	11
4062	15
4063	15
4064	18
4065	25
4066	15
4067	15
4068	21
4069	25
4070	18
4071	16
4072	20
4073	16
4074	14
4075	15
4076	11
4077	23
4078	16
4079	16
4080	18
4081	23
4082	19
4083	16
4084	15
4085	12
4086	18
4087	12
4088	13
4089	27
4090	13
4091	21
4092	19
4093	15
4094	28
4095	15
4096	13
4097	22
4098	15
4099	20
4100	19
4101	19
4102	17
4103	16
4104	18
4105	13
4106	18
4107	20
4108	11
4109	9
4110	16
4111	18
4112	15
4113	17
4114	14
4115	19
4116	16
4117	19
4118	18
4119	14
4120	16
4121	24
4122	13
4123	16
4124	17
4125	23
4126	14
4127	13
4128	21
4129	26
4130	18
4131	13
4132	8
4133	21
4134	13
4135	13
4136	18
4137	19
4138	14
4139	19
4140	14
4141	16
4142	27
4143	14
4144	12
4145	18
4146	13
4147	11
4148	10
4149	13
4150	15
4151	19
4152	10
4153	28
4154	22
4155	12
4156	16
4157	18
4158	18
4159	20
4160	18
4161	22
4162	9
4163	18
4164	14
4165	14
4166	13
4167	19
4168	15
4169	12
4170	12
4171	15
4172	18
4173	20
4174	16
4175	16
4176	21
4177	18
4178	11
4179	22
4180	25
4181	15
4182	23
4183	25
4184	17
4185	22
4186	19
4187	20
4188	11
4189	17
4190	16
4191	14
4192	19
4193	19
4194	14
4195	24
4196	13
4197	14
4198	12
4199	21
4200	16
4201	24
4202	10
4203	21
4204	13
4205	15
4206	21
4207	15
4208	16
4209	17
4210	16
4211	11
4212	11
4213	17
4214	14
4215	26
4216	12
4217	15
4218	21
4219	23
4220	16
4221	22
4222	13
4223	22
4224	24
4225	17
4226	22
4227	12
4228	15
4229	14
4230	18
4231	18
4232	21
4233	18
4234	18
4235	14
4236	13
4237	22
4238	22
4239	17
4240	19
4241	15
4242	25
4243	26
4244	10
4245	23
4246	14
4247	25
4248	14
4249	14
4250	15
4251	17
4252	17
4253	14
4254	14
4255	14
4256	20
4257	10
4258	17
4259	16
4260	18
4261	20
4262	17
4263	21
4264	12
4265	20
4266	22
4267	15
4268	14
4269	10
4270	16
4271	22
4272	15
4273	20
4274	21
4275	14
4276	17
4277	22
4278	14
4279	15
4280	22
4281	21
4282	25
4283	17
4284	14
4285	15
4286	22
4287	17
4288	18
4289	23
4290	25
4291	14
4292	21
4293	17
4294	18
4295	19
4296	16
4297	21
4298	18
4299	23
4300	20
4301	16
4302	13
4303	13
4304	20
4305	12
4306	16
4307	15
4308	22
4309	14
4310	14
4311	22
4312	17
4313	14
4314	20
4315	20
4316	16
4317	22
4318	15
4319	17
4320	17
4321	21
4322	21
4323	25
4324	20
4325	16
4326	28
4327	14
4328	20
4329	24
4330	17
4331	21
4332	23
4333	23
4334	16
4335	24
4336	18
4337	24
4338	18
4339	15
4340	16
4341	26
4342	24
4343	19
4344	19
4345	21
4346	26
4347	15
4348	24
4349	23
4350	14
4351	26
4352	20
4353	21
4354	21
4355	15
4356	17
4357	22
4358	16
4359	27
4360	14
4361	23
4362	24
4363	18
4364	24
4365	13
4366	27
4367	14
4368	22
4369	17
4370	18
4371	18
4372	16
4373	12
4374	30
4375	21
4376	15
4377	25
4378	15
4379	14
4380	14
4381	23
4382	22
4383	19
4384	10
4385	16
4386	26
4387	18
4388	12
4389	23
4390	22
4391	24
4392	16
4393	22
4394	23
4395	24
4396	19
4397	21
4398	14
4399	22
4400	17
4401	24
4402	16
4403	18
4404	24
4405	26
4406	15
4407	26
4408	22
4409	27
4410	18
4411	21
4412	23
4413	16
4414	25
4415	25
4416	14
4417	13
4418	19
4419	28
4420	16
4421	18
4422	18
4423	17
4424	18
4425	19
4426	17
4427	23
4428	24
4429	21
4430	25
4431	33
4432	27
4433	20
4434	12
4435	17
4436	13
4437	26
4438	22
4439	26
4440	25
4441	21
4442	22
4443	25
4444	24
4445	27
4446	22
4447	19
4448	20
4449	26
4450	24
4451	20
4452	21
4453	19
4454	28
4455	20
4456	19
4457	23
4458	29
4459	28
4460	18
4461	21
4462	21
4463	27
4464	28
4465	40
4466	23
4467	26
4468	30
4469	18
4470	31
4471	19
4472	19
4473	33
4474	22
4475	15
4476	22
4477	21
4478	20
4479	28
4480	24
4481	23
4482	24
4483	31
4484	23
4485	26
4486	22
4487	28
4488	19
4489	25
4490	29
4491	22
4492	19
4493	22
4494	25
4495	26
4496	30
4497	22
4498	32
4499	32
4500	28
4501	30
4502	35
4503	28
4504	32
4505	28
4506	19
4507	26
4508	25
4509	28
4510	20
4511	22
4512	30
4513	20
4514	21
4515	22
4516	26
4517	27
4518	24
4519	27
4520	27
4521	32
4522	16
4523	29
4524	34
4525	33
4526	28
4527	29
4528	27
4529	38
4530	22
4531	39
4532	25
4533	28
4534	22
4535	27
4536	23
4537	42
4538	21
4539	26
4540	16
4541	25
4542	31
4543	21
4544	26
4545	29
4546	34
4547	21
4548	17
4549	19
4550	34
4551	16
4552	33
4553	24
4554	30
4555	26
4556	30
4557	40
4558	39
4559	25
4560	27
4561	24
4562	30
4563	25
4564	29
4565	32
4566	47
4567	29
4568	32
4569	35
4570	30
4571	46
4572	30
4573	21
4574	28
4575	32
4576	23
4577	35
4578	24
4579	19
4580	29
4581	41
4582	34
4583	35
4584	26
4585	34
4586	31
4587	33
4588	30
4589	38
4590	32
4591	25
4592	30
4593	26
4594	41
4595	37
4596	28
4597	25
4598	35
4599	40
4600	27
4601	37
4602	34
4603	31
4604	36
4605	26
4606	34
4607	40
4608	42
4609	32
4610	21
4611	35
4612	20
4613	35
4614	23
4615	33
4616	30
4617	34
4618	32
4619	37
4620	28
4621	37
4622	24
4623	37
4624	36
4625	28
4626	33
4627	38
4628	39
4629	30
4630	29
4631	26
4632	33
4633	23
4634	30
4635	34
4636	44
4637	28
4638	29
4639	43
4640	33
4641	32
4642	34
4643	30
4644	32
4645	35
4646	47
4647	33
4648	30
4649	37
4650	16
4651	31
4652	40
4653	30
4654	26
4655	30
4656	38
4657	38
4658	35
4659	34
4660	45
4661	36
4662	37
4663	49
4664	36
4665	28
4666	38
4667	31
4668	28
4669	37
4670	37
4671	27
4672	34
4673	30
4674	47
4675	40
4676	35
4677	26
4678	36
4679	25
4680	37
4681	31
4682	42
4683	36
4684	45
4685	31
4686	30
4687	25
4688	26
4689	33
4690	31
4691	38
4692	29
4693	29
4694	37
4695	34
4696	29
4697	34
4698	28
4699	34
4700	32
4701	41
4702	31
4703	36
4704	36
4705	29
4706	30
4707	36
4708	33
4709	39
4710	28
4711	31
4712	30
4713	18
4714	30
4715	29
4716	32
4717	25
4718	34
4719	32
4720	37
4721	35
4722	25
4723	44
4724	20
4725	45
4726	31
4727	34
4728	29
4729	38
4730	32
4731	29
4732	35
4733	28
4734	32
4735	34
4736	28
4737	23
4738	29
4739	32
4740	31
4741	32
4742	35
4743	26
4744	26
4745	35
4746	37
4747	31
4748	36
4749	28
4750	33
4751	22
4752	30
4753	32
4754	41
4755	31
4756	24
4757	17
4758	32
4759	25
4760	27
4761	23
4762	32
4763	29
4764	30
4765	31
4766	23
4767	29
4768	29
4769	26
4770	39
4771	28
4772	26
4773	20
4774	26
4775	29
4776	30
4777	24
4778	23
4779	30
4780	24
4781	38
4782	29
4783	22
4784	37
4785	27
4786	35
4787	30
4788	24
4789	24
4790	22
4791	24
4792	25
4793	30
4794	25
4795	25
4796	30
4797	40
4798	18
4799	23
4800	23
4801	19
4802	21
4803	23
4804	23
4805	24
4806	27
4807	30
4808	21
4809	20
4810	16
4811	24
4812	22
4813	25
4814	22
4815	21
4816	18
4817	18
4818	25
4819	23
4820	16
4821	32
4822	14
4823	23
4824	16
4825	19
4826	20
4827	30
4828	24
4829	29
4830	22
4831	15
4832	18
4833	24
4834	11
4835	24
4836	15
4837	18
4838	22
4839	26
4840	20
4841	17
4842	27
4843	17
4844	19
4845	6
4846	10
4847	26
4848	16
4849	22
4850	15
4851	24
4852	17
4853	19
4854	11
4855	20
4856	20
4857	14
4858	13
4859	23
4860	23
4861	22
4862	21
4863	20
4864	27
4865	19
4866	17
4867	12
4868	18
4869	13
4870	19
4871	8
4872	15
4873	14
4874	14
4875	11
4876	18
4877	8
4878	12
4879	10
4880	15
4881	11
4882	8
4883	17
4884	17
4885	8
4886	15
4887	17
4888	8
4889	17
4890	12
4891	20
4892	9
4893	12
4894	7
4895	16
4896	16
4897	6
4898	12
4899	9
4900	12
4901	13
4902	10
4903	13
4904	8
4905	11
4906	13
4907	13
4908	14
4909	8
4910	13
4911	7
4912	12
4913	17
4914	15
4915	6
4916	11
4917	10
4918	6
4919	10
4920	8
4921	11
4922	7
4923	10
4924	14
4925	10
4926	9
4927	11
4928	6
4929	8
4930	6
4931	6
4932	13
4933	8
4934	6
4935	5
4936	9
4937	6
4938	11
4939	7
4940	8
4941	8
4942	6
4943	8
4944	6
4945	9
4946	8
4947	6
4948	10
4949	8
4950	7
4951	7
4952	5
4953	11
4954	11
4955	2
4956	6
4957	7
4958	6
4959	5
4960	5
4961	7
4962	7
4963	1
4964	2
4965	7
4966	4
4967	5
4968	8
4969	7
4970	3
4971	2
4972	5
4973	9
4974	4
4975	12
4976	7
4977	8
4978	2
4979	6
4980	4
4981	2
4982	5
4983	1
4984	6
4985	5
4986	5
4987	6
4988	4
4989	4
4990	0
4991	6
4992	1
4993	5
4994	4
4995	7
4996	4
4997	8
4998	4
4999	6
5000	1
5001	2
5002	4
5003	3
5004	2
5005	4
5006	1
5007	5
5008	4
5009	2
5010	1
5011	2
5012	1
5013	4
5014	2
5015	3
5016	1
5017	6
5018	2
5019	3
5020	3
5021	1
5022	3
5023	5
5024	3
5025	6
5026	0
5027	6
5028	1
5029	5
5030	2
5031	2
5032	3
5033	4
5034	1
5035	3
5036	3
5037	4
5038	4
5039	2
5040	2
5041	1
5042	0
5043	1
5044	0
5045	2
5046	4
5047	1
5048	0
5049	0
5050	4
5051	3
5052	1
5053	4
5054	0
5055	0
5056	1
5057	2
5058	3
5059	0
5060	0
5061	1
5062	1
5063	2
5064	2
5065	4
5066	1
5067	1
5068	0
5069	1
5070	0
5071	1
5072	1
5073	0
5074	2
5075	1
5076	0
5077	2
5078	2
5079	2
5080	1
5081	1
5082	3
5083	2
5084	0
5085	0
5086	0
5087	0
5088	1
5089	1
5090	0
5091	0
5092	2
5093	0
5094	2
5095	2
5096	0
5097	1
5098	0
5099	0
5100	2
5101	0
5102	0
5103	2
5104	1
5105	0
5106	1
5107	1
5108	0
5109	2
5110	1
5111	1
5112	2
5113	1
5114	1
5115	0
5116	1
5117	4
5118	1
5119	2
5120	0
5121	1
5122	1
5123	0
5124	0
5125	0
5126	3
5127	1
5128	1
5129	1
5130	1
5131	0
5132	2
5133	0
5134	1
5135	0
5136	0
5137	3
5138	2
5139	2
5140	0
5141	0
5142	0
5143	1
5144	1
5145	0
5146	2
5147	1
5148	1
5149	0
5150	0
5151	0
5152	1
5153	1
5154	1
5155	1
5156	1
5157	0
5158	1
5159	0
5160	0
5161	0
5162	0
5163	1
5164	2
5165	2
5166	1
5167	1
5168	1
5169	2
5170	1
5171	0
5172	0
5173	0
5174	0
5175	0
5176	0
5177	1
5178	0
5179	0
5180	1
5181	0
5182	1
5183	0
5184	1
5185	0
5186	2
5187	2
5188	0
5189	3
5190	0
5191	0
5192	0
5193	0
5194	1
5195	0
5196	0
5197	1
5198	3
5199	2
5200	0
5201	0
5202	0
5203	0
5204	0
5205	0
5206	0
5207	0
5208	0
5209	0
5210	0
5211	0
5212	2
5213	0
5214	0
5215	0
5216	0
5217	0
5218	2
5219	1
5220	3
5221	0
5222	0
5223	0
5224	0
5225	1
5226	0
5227	0
5228	0
5229	1
5230	0
5231	0
5232	0
5233	0
5234	1
5235	0
5236	0
5237	0
5238	1
5239	0
5240	1
5241	0
5242	0
5243	0
5244	0
5245	1
5246	2
5247	1
5248	1
5249	0
5250	1
5251	0
5252	0
5253	2
5254	0
5255	1
5256	0
5257	2
5258	1
5259	0
5260	0
5261	2
5262	0
5263	1
5264	0
5265	0
5266	0
5267	0
5268	0
5269	0
5270	1
5271	0
5272	1
5273	0
5274	1
5275	1
5276	1
5277	0
5278	0
5279	0
5280	1
5281	0
5282	0
5283	1
5284	0
5285	0
5286	0
5287	1
5288	0
5289	2
5290	1
5291	0
5292	0
5293	0
5294	2
5295	0
5296	1
5297	0
5298	0
5299	0
5300	0
5301	0
5302	0
5303	0
5304	0
5305	0
5306	1
5307	2
5308	1
5309	0
5310	1
5311	0
5312	2
5313	2
5314	0
5315	0
5316	0
5317	0
5318	1
5319	1
5320	0
5321	1
5322	0
5323	0
5324	3
5325	0
5326	0
5327	3
5328	0
5329	0
5330	2
5331	2
5332	0
5333	0
5334	1
5335	1
5336	1
5337	0
5338	0
5339	0
5340	0
5341	0
5342	0
5343	0
5344	0
5345	2
5346	2
5347	2
5348	0
5349	1
5350	2
5351	0
5352	0
5353	0
5354	0
5355	0
5356	0
5357	1
5358	0
5359	0
5360	1
5361	0
5362	0
5363	0
5364	0
5365	0
5366	0
5367	1
5368	0
5369	0
5370	2
5371	0
5372	2
5373	0
5374	0
5375	1
5376	0
5377	1
5378	0
5379	0
5380	0
5381	3
5382	0
5383	2
5384	0
5385	2
5386	0
5387	0
5388	0
5389	1
5390	0
5391	0
5392	0
5393	1
5394	0
5395	0
5396	0
5397	0
5398	0
5399	3
5400	1
5401	1
5402	1
5403	0
5404	1
5405	0
5406	0
5407	0
5408	0
5409	1
5410	0
5411	0
5412	0
5413	1
5414	0
5415	1
5416	0
5417	0
5418	1
5419	0
5420	0
5421	1
5422	1
5423	0
5424	0
5425	0
5426	0
5427	0
5428	0
5429	3
5430	1
5431	0
5432	0
5433	1
5434	0
5435	0
5436	0
5437	0
5438	2
5439	0
5440	1
5441	2
5442	0
5443	1
5444	0
5445	2
5446	0
5447	0
5448	1
5449	1
5450	0
5451	2
5452	0
5453	1
5454	0
5455	1
5456	0
5457	0
5458	0
5459	0
5460	2
5461	1
5462	0
5463	0
5464	1
5465	0
5466	1
5467	0
5468	0
5469	0
5470	0
5471	1
5472	0
5473	0
5474	0
5475	1
5476	0
5477	1
5478	0
5479	0
5480	0
5481	0
5482	0
5483	0
5484	1
5485	0
5486	2
5487	0
5488	0
5489	0
5490	0
5491	0
5492	1
5493	1
5494	0
5495	1
5496	0
5497	0
5498	0
5499	1
5500	0
5501	1
5502	0
5503	0
5504	1
5505	0
5506	0
5507	0
5508	1
5509	0
5510	0
5511	0
5512	0
5513	1
5514	0
5515	0
5516	1
5517	0
5518	0
5519	0
5520	0
5521	0
5522	0
5523	0
5524	0
5525	1
5526	1
5527	1
5528	0
5529	0
5530	1
5531	0
5532	1
5533	0
5534	0
5535	3
5536	2
5537	0
5538	0
5539	1
5540	0
5541	0
5542	0
5543	1
5544	0
5545	1
5546	0
5547	0
5548	0
5549	0
5550	1
5551	0
5552	3
5553	0
5554	1
5555	2
5556	0
5557	0
5558	0
5559	1
5560	1
5561	0
5562	1
5563	0
5564	3
5565	0
5566	1
5567	1
5568	0
5569	0
5570	0
5571	0
5572	0
5573	1
5574	0
5575	2
5576	1
5577	0
5578	1
5579	1
5580	0
5581	0
5582	1
5583	1
5584	0
5585	0
5586	0
5587	0
5588	0
5589	0
5590	2
5591	0
5592	0
5593	1
5594	1
5595	1
5596	0
5597	0
5598	0
5599	0
5600	0
5601	0
5602	2
5603	0
5604	0
5605	0
5606	0
5607	1
5608	0
5609	0
5610	0
5611	0
5612	0
5613	0
5614	2
5615	0
5616	0
5617	0
5618	1
5619	0
5620	1
5621	0
5622	1
5623	1
5624	0
5625	0
5626	0
5627	1
5628	1
5629	0
5630	1
5631	0
5632	1
5633	1
5634	2
5635	0
5636	1
5637	0
5638	0
5639	0
5640	0
5641	1
5642	0
5643	0
5644	1
5645	0
5646	0
5647	1
5648	1
5649	2
5650	1
5651	0
5652	0
5653	0
5654	0
5655	1
5656	2
5657	0
5658	0
5659	0
5660	0
5661	0
5662	1
5663	0
5664	0
5665	0
5666	1
5667	2
5668	0
5669	0
5670	0
5671	2
5672	0
5673	0
5674	0
5675	0
5676	0
5677	1
5678	0
5679	1
5680	0
5681	0
5682	1
5683	1
5684	0
5685	0
5686	1
5687	0
5688	0
5689	1
5690	0
5691	1
5692	2
5693	1
5694	0
5695	1
5696	0
5697	1
5698	1
5699	0
5700	0
5701	0
5702	1
5703	0
5704	0
5705	1
5706	0
5707	0
5708	0
5709	0
5710	1
5711	0
5712	1
5713	2
5714	0
5715	1
5716	1
5717	0
5718	0
5719	1
5720	1
5721	0
5722	0
5723	0
5724	0
5725	1
5726	0
5727	0
5728	0
5729	0
5730	0
5731	0
5732	0
5733	1
5734	1
5735	0
5736	0
5737	0
5738	0
5739	1
5740	1
5741	0
5742	0
5743	0
5744	0
5745	0
5746	0
5747	0
5748	1
5749	0
5750	1
5751	1
5752	0
5753	1
5754	0
5755	0
5756	2
5757	0
5758	0
5759	1
5760	0
5761	0
5762	1
5763	0
5764	0
5765	1
5766	0
5767	0
5768	0
5769	1
5770	1
5771	1
5772	1
5773	1
5774	0
5775	2
5776	1
5777	0
5778	2
5779	0
5780	0
5781	0
5782	0
5783	1
5784	1
5785	0
5786	0
5787	0
5788	1
5789	0
5790	0
5791	1
5792	0
5793	0
5794	0
5795	0
5796	0
5797	0
5798	0
5799	0
5800	0
5801	0
5802	0
5803	0
5804	0
5805	1
5806	0
5807	1
5808	1
5809	0
5810	1
5811	0
5812	1
5813	0
5814	1
5815	1
5816	0
5817	0
5818	0
5819	0
5820	0
5821	0
5822	1
5823	1
5824	0
5825	0
5826	0
5827	2
5828	1
5829	0
5830	1
5831	0
5832	0
5833	0
5834	0
5835	0
5836	0
5837	0
5838	1
5839	0
5840	0
5841	0
5842	0
5843	0
5844	0
5845	1
5846	1
5847	0
5848	0
5849	0
5850	0
5851	1
5852	1
5853	0
5854	2
5855	0
5856	0
5857	0
5858	0
5859	0
5860	0
5861	1
5862	0
5863	0
5864	3
5865	0
5866	0
5867	0
5868	2
5869	0
5870	0
5871	0
5872	0
5873	0
5874	0
5875	0
5876	0
5877	0
5878	0
5879	0
5880	1
5881	0
5882	0
5883	1
5884	0
5885	0
5886	0
5887	0
5888	0
5889	0
5890	1
5891	1
5892	3
5893	0
5894	0
5895	0
5896	0
5897	0
5898	1
5899	1
5900	1
5901	1
5902	0
5903	0
5904	1
5905	0
5906	1
5907	0
5908	0
5909	0
5910	0
5911	0
5912	0
5913	0
5914	0
5915	1
5916	0
5917	0
5918	0
5919	0
5920	2
5921	0
5922	0
5923	0
5924	1
5925	0
5926	0
5927	1
5928	0
5929	0
5930	1
5931	1
5932	0
5933	0
5934	0
5935	1
5936	1
5937	0
5938	0
5939	0
5940	0
5941	0
5942	0
5943	1
5944	0
5945	0
5946	1
5947	0
5948	1
5949	2
5950	0
5951	0
5952	0
5953	0
5954	1
5955	0
5956	0
5957	0
5958	0
5959	0
5960	1
5961	1
5962	0
5963	0
5964	0
5965	0
5966	0
5967	0
5968	0
5969	0
5970	0
5971	0
5972	0
5973	0
5974	0
5975	0
5976	0
5977	0
5978	1
5979	0
5980	1
5981	1
5982	0
5983	0
5984	0
5985	0
5986	0
5987	0
5988	0
5989	1
5990	0
5991	1
5992	0
5993	0
5994	1
5995	2
5996	0
5997	0
5998	0
5999	0
6000	1
6001	0
6002	0
6003	0
6004	0
6005	0
6006	0
6007	0
6008	1
6009	1
6010	0
6011	1
6012	1
6013	0
6014	0
6015	1
6016	0
6017	0
6018	2
6019	0
6020	0
6021	1
6022	0
6023	0
6024	0
6025	0
6026	0
6027	0
6028	0
6029	1
6030	0
6031	1
6032	0
6033	0
6034	0
6035	0
6036	0
6037	0
6038	0
6039	0
6040	0
6041	0
6042	0
6043	0
6044	1
6045	0
6046	0
6047	1
6048	1
6049	1
6050	0
6051	0
6052	0
6053	0
6054	0
6055	0
6056	1
6057	1
6058	0
6059	0
6060	1
6061	0
6062	0
6063	1
6064	1
6065	0
6066	0
6067	0
6068	0
6069	0
6070	0
6071	0
6072	0
6073	0
6074	0
6075	0
6076	0
6077	1
6078	0
6079	0
6080	1
6081	1
6082	0
6083	0
6084	0
6085	1
6086	1
6087	0
6088	1
6089	1
6090	0
6091	1
6092	0
6093	0
6094	1
6095	1
6096	0
6097	0
6098	1
6099	2
6100	0
6101	0
6102	0
6103	0
6104	0
6105	0
6106	0
6107	1
6108	0
6109	0
6110	0
6111	0
6112	0
6113	0
6114	0
6115	1
6116	0
6117	0
6118	0
6119	0
6120	0
6121	1
6122	0
6123	0
6124	0
6125	0
6126	0
6127	0
6128	1
6129	0
6130	3
6131	1
6132	0
6133	0
6134	1
6135	1
6136	3
6137	0
6138	0
6139	0
6140	1
6141	1
6142	2
6143	0
6144	1
6145	1
6146	0
6147	0
6148	0
6149	1
6150	0
6151	0
6152	0
6153	1
6154	2
6155	0
6156	0
6157	0
6158	0
6159	0
6160	0
6161	1
6162	0
6163	0
6164	0
6165	0
6166	0
6167	1
6168	2
6169	0
6170	0
6171	0
6172	0
6173	0
6174	1
6175	0
6176	0
6177	0
6178	1
6179	2
6180	0
6181	0
6182	0
6183	0
6184	1
6185	1
6186	1
6187	0
6188	0
6189	0
6190	0
6191	1
6192	0
6193	1
6194	1
6195	1
6196	1
6197	0
6198	0
6199	0
6200	1
6201	1
6202	0
6203	0
6204	1
6205	1
6206	0
6207	0
6208	0
6209	0
6210	0
6211	0
6212	0
6213	0
6214	0
6215	0
6216	0
6217	1
6218	0
6219	1
6220	0
6221	1
6222	0
6223	1
6224	0
6225	1
6226	0
6227	0
6228	1
6229	0
6230	0
6231	1
6232	1
6233	0
6234	1
6235	1
6236	0
6237	1
6238	1
6239	2
6240	1
6241	1
6242	0
6243	0
6244	0
6245	1
6246	1
6247	0
6248	0
6249	0
6250	1
6251	0
6252	0
6253	0
6254	1
6255	0
6256	0
6257	0
6258	0
6259	0
6260	2
6261	0
6262	0
6263	0
6264	1
6265	1
6266	0
6267	0
6268	1
6269	0
6270	0
6271	0
6272	0
6273	0
6274	0
6275	0
6276	0
6277	0
6278	1
6279	0
6280	0
6281	0
6282	1
6283	1
6284	2
6285	0
6286	0
6287	0
6288	1
6289	0
6290	0
6291	0
6292	0
6293	0
6294	1
6295	0
6296	1
6297	1
6298	0
6299	2
6300	2
6301	1
6302	1
6303	0
6304	0
6305	0
6306	2
6307	0
6308	1
6309	2
6310	0
6311	0
6312	0
6313	0
6314	1
6315	0
6316	0
6317	0
6318	0
6319	1
6320	0
6321	1
6322	1
6323	0
6324	2
6325	1
6326	3
6327	0
6328	0
6329	0
6330	0
6331	2
6332	0
6333	1
6334	1
6335	0
6336	1
6337	2
6338	1
6339	3
6340	0
6341	0
6342	0
6343	0
6344	0
6345	1
6346	0
6347	0
6348	1
6349	0
6350	0
6351	0
6352	0
6353	0
6354	0
6355	0
6356	1
6357	1
6358	0
6359	0
6360	0
6361	1
6362	0
6363	0
6364	0
6365	2
6366	0
6367	0
6368	1
6369	0
6370	0
6371	0
6372	0
6373	1
6374	0
6375	0
6376	0
6377	0
6378	0
6379	0
6380	1
6381	0
6382	0
6383	0
6384	1
6385	0
6386	1
6387	1
6388	0
6389	0
6390	1
6391	0
6392	0
6393	1
6394	0
6395	1
6396	1
6397	1
6398	0
6399	1
6400	2
6401	0
6402	0
6403	0
6404	1
6405	1
6406	1
6407	1
6408	1
6409	2
6410	1
6411	0
6412	1
6413	0
6414	1
6415	0
6416	2
6417	0
6418	0
6419	0
6420	1
6421	1
6422	0
6423	0
6424	0
6425	0
6426	0
6427	0
6428	0
6429	1
6430	0
6431	0
6432	1
6433	0
6434	0
6435	0
6436	2
6437	0
6438	1
6439	1
6440	1
6441	0
6442	0
6443	1
6444	0
6445	0
6446	0
6447	0
6448	0
6449	1
6450	0
6451	0
6452	0
6453	0
6454	0
6455	0
6456	2
6457	0
6458	1
6459	0
6460	0
6461	0
6462	1
6463	0
6464	1
6465	1
6466	0
6467	0
6468	1
6469	0
6470	0
6471	1
6472	0
6473	1
6474	0
6475	2
6476	0
6477	0
6478	0
6479	0
6480	1
6481	0
6482	0
6483	2
6484	1
6485	0
6486	0
6487	0
6488	0
6489	0
6490	1
6491	2
6492	1
6493	0
6494	0
6495	1
6496	0
6497	1
6498	0
6499	2
6500	0
6501	0
6502	1
6503	0
6504	0
6505	1
6506	0
6507	0
6508	0
6509	0
6510	0
6511	1
6512	0
6513	1
6514	0
6515	1
6516	0
6517	0
6518	3
6519	0
6520	0
6521	0
6522	0
6523	0
6524	0
6525	1
6526	1
6527	3
6528	0
6529	1
6530	0
6531	1
6532	1
6533	0
6534	0
6535	0
6536	0
6537	1
6538	0
6539	1
6540	0
6541	0
6542	0
6543	0
6544	0
6545	0
6546	1
6547	0
6548	1
6549	1
6550	0
6551	2
6552	0
6553	0
6554	0
6555	0
6556	0
6557	0
6558	1
6559	0
6560	0
6561	0
6562	0
6563	1
6564	0
6565	0
6566	1
6567	0
6568	0
6569	0
6570	0
6571	1
6572	0
6573	0
6574	1
6575	0
6576	0
6577	1
6578	0
6579	1
6580	0
6581	0
6582	0
6583	0
6584	0
6585	1
6586	1
6587	0
6588	0
6589	1
6590	0
6591	1
6592	0
6593	1
6594	2
6595	0
6596	2
6597	0
6598	0
6599	1
6600	1
6601	0
6602	0
6603	1
6604	1
6605	1
6606	1
6607	1
6608	0
6609	0
6610	0
6611	2
6612	0
6613	0
6614	0
6615	0
6616	1
6617	2
6618	0
6619	1
6620	0
6621	0
6622	0
6623	2
6624	0
6625	1
6626	0
6627	0
6628	1
6629	0
6630	0
6631	1
6632	0
6633	0
6634	0
6635	1
6636	0
6637	0
6638	1
6639	0
6640	0
6641	2
6642	0
6643	0
6644	0
6645	1
6646	0
6647	0
6648	0
6649	0
6650	0
6651	1
6652	0
6653	0
6654	0
6655	0
6656	0
6657	0
6658	0
6659	1
6660	1
6661	1
6662	0
6663	0
6664	0
6665	0
6666	2
6667	0
6668	0
6669	1
6670	0
6671	1
6672	1
6673	0
6674	0
6675	0
6676	1
6677	1
6678	0
6679	0
6680	0
6681	0
6682	1
6683	2
6684	0
6685	1
6686	1
6687	1
6688	0
6689	0
6690	0
6691	3
6692	0
6693	1
6694	0
6695	0
6696	1
6697	0
6698	1
6699	0
6700	0
6701	1
6702	0
6703	1
6704	0
6705	0
6706	0
6707	0
6708	0
6709	0
6710	0
6711	0
6712	0
6713	0
6714	0
6715	0
6716	1
6717	1
6718	0
6719	0
6720	0
6721	3
6722	0
6723	1
6724	2
6725	0
6726	0
6727	0
6728	0
6729	0
6730	1
6731	0
6732	0
6733	0
6734	0
6735	0
6736	1
6737	2
6738	0
6739	0
6740	1
6741	1
6742	1
6743	2
6744	1
6745	1
6746	0
6747	2
6748	0
6749	1
6750	0
6751	1
6752	0
6753	0
6754	1
6755	0
6756	0
6757	0
6758	0
6759	0
6760	0
6761	1
6762	0
6763	0
6764	1
6765	0
6766	1
6767	0
6768	1
6769	0
6770	2
6771	1
6772	1
6773	0
6774	0
6775	0
6776	1
6777	1
6778	0
6779	0
6780	1
6781	1
6782	1
6783	0
6784	0
6785	0
6786	0
6787	1
6788	0
6789	0
6790	0
6791	0
6792	0
6793	0
6794	0
6795	0
6796	0
6797	0
6798	0
6799	1
6800	0
6801	0
6802	0
6803	0
6804	1
6805	0
6806	2
6807	0
6808	1
6809	0
6810	1
6811	0
6812	1
6813	0
6814	0
6815	1
6816	0
6817	0
6818	0
6819	0
6820	0
6821	0
6822	0
6823	0
6824	0
6825	0
6826	0
6827	0
6828	0
6829	0
6830	0
6831	0
6832	0
6833	0
6834	0
6835	0
6836	1
6837	0
6838	0
6839	0
6840	1
6841	0
6842	2
6843	0
6844	0
6845	0
6846	0
6847	0
6848	0
6849	0
6850	0
6851	0
6852	1
6853	0
6854	0
6855	0
6856	0
6857	1
6858	1
6859	0
6860	0
6861	0
6862	1
6863	0
6864	0
6865	1
6866	0
6867	0
6868	1
6869	2
6870	1
6871	1
6872	0
6873	1
6874	0
6875	0
6876	1
6877	0
6878	0
6879	2
6880	0
6881	0
6882	0
6883	0
6884	1
6885	0
6886	0
6887	0
6888	0
6889	0
6890	1
6891	0
6892	1
6893	1
6894	0
6895	0
6896	0
6897	0
6898	0
6899	0
6900	0
6901	0
6902	1
6903	1
6904	0
6905	1
6906	0
6907	0
6908	1
6909	0
6910	1
6911	0
6912	1
6913	0
6914	1
6915	2
6916	1
6917	0
6918	0
6919	0
6920	2
6921	0
6922	1
6923	1
6924	0
6925	0
6926	1
6927	0
6928	0
6929	0
6930	0
6931	1
6932	1
6933	0
6934	0
6935	0
6936	1
6937	0
6938	2
6939	0
6940	0
6941	0
6942	0
6943	0
6944	0
6945	0
6946	0
6947	0
6948	0
6949	0
6950	0
6951	0
6952	1
6953	1
6954	0
6955	0
6956	0
6957	0
6958	0
6959	1
6960	0
6961	1
6962	1
6963	0
6964	0
6965	0
6966	1
6967	1
6968	1
6969	2
6970	0
6971	0
6972	0
6973	2
6974	0
6975	0
6976	0
6977	0
6978	1
6979	0
6980	0
6981	1
6982	0
6983	2
6984	2
6985	0
6986	1
6987	0
6988	0
6989	0
6990	0
6991	1
6992	1
6993	0
6994	2
6995	0
6996	0
6997	1
6998	0
6999	1
7000	0
7001	0
7002	0
7003	0
7004	0
7005	1
7006	1
7007	2
7008	0
7009	0
7010	0
7011	0
7012	0
7013	0
7014	0
7015	1
7016	0
7017	0
7018	0
7019	0
7020	0
7021	1
7022	0
7023	0
7024	0
7025	0
7026	1
7027	0
7028	0
7029	0
7030	0
7031	1
7032	0
7033	0
7034	1
7035	1
7036	1
7037	0
7038	0
7039	0
7040	1
7041	0
7042	0
7043	0
7044	1
7045	1
7046	0
7047	2
7048	0
7049	0
7050	0
7051	0
7052	1
7053	2
7054	0
7055	0
7056	0
7057	0
7058	0
7059	1
7060	1
7061	0
7062	0
7063	1
7064	0
7065	1
7066	0
7067	0
7068	0
7069	1
7070	0
7071	0
7072	0
7073	1
7074	2
7075	0
7076	0
7077	0
7078	0
7079	1
7080	0
7081	0
7082	1
7083	0
7084	1
7085	0
7086	1
7087	1
7088	0
7089	0
7090	0
7091	1
7092	0
7093	1
7094	0
7095	0
7096	1
7097	1
7098	1
7099	0
7100	0
7101	0
7102	0
7103	0
7104	0
7105	0
7106	0
7107	1
7108	0
7109	0
7110	0
7111	0
7112	1
7113	0
7114	0
7115	0
7116	0
7117	1
7118	2
7119	1
7120	0
7121	1
7122	0
7123	1
7124	0
7125	0
7126	0
7127	1
7128	0
7129	0
7130	0
7131	0
7132	0
7133	0
7134	0
7135	0
7136	0
7137	1
7138	0
7139	0
7140	0
7141	1
7142	0
7143	0
7144	0
7145	0
7146	0
7147	0
7148	0
7149	0
7150	0
7151	1
7152	0
7153	0
7154	1
7155	1
7156	0
7157	1
7158	0
7159	0
7160	0
7161	2
7162	0
7163	2
7164	0
7165	0
7166	0
7167	0
7168	1
7169	0
7170	0
7171	0
7172	1
7173	1
7174	0
7175	0
7176	0
7177	0
7178	0
7179	0
7180	0
7181	0
7182	0
7183	0
7184	0
7185	0
7186	1
7187	0
7188	0
7189	0
7190	1
7191	0
7192	0
7193	0
7194	0
7195	0
7196	1
7197	0
7198	0
7199	0
7200	0
7201	1
7202	0
7203	0
7204	1
7205	0
7206	1
7207	1
7208	0
7209	1
7210	0
7211	0
7212	0
7213	0
7214	0
7215	0
7216	0
7217	2
7218	0
7219	0
7220	0
7221	0
7222	2
7223	0
7224	0
7225	0
7226	0
7227	1
7228	1
7229	0
7230	0
7231	0
7232	0
7233	0
7234	0
7235	0
7236	0
7237	0
7238	1
7239	0
7240	2
7241	0
7242	0
7243	0
7244	0
7245	0
7246	1
7247	0
7248	0
7249	0
7250	2
7251	1
7252	0
7253	0
7254	0
7255	0
7256	0
7257	0
7258	0
7259	0
7260	0
7261	0
7262	0
7263	0
7264	0
7265	0
7266	0
7267	0
7268	0
7269	0
7270	0
7271	1
7272	2
7273	0
7274	0
7275	0
7276	0
7277	0
7278	1
7279	1
7280	1
7281	0
7282	0
7283	0
7284	0
7285	0
7286	1
7287	1
7288	0
7289	1
7290	1
7291	1
7292	0
7293	1
7294	0
7295	0
7296	0
7297	0
7298	0
7299	1
7300	0
7301	1
7302	2
7303	0
7304	2
7305	0
7306	0
7307	0
7308	0
7309	0
7310	0
7311	1
7312	1
7313	0
7314	0
7315	1
7316	0
7317	1
7318	0
7319	1
7320	0
7321	0
7322	0
7323	0
7324	0
7325	1
7326	0
7327	0
7328	0
7329	1
7330	0
7331	0
7332	0
7333	0
7334	0
7335	0
7336	0
7337	0
7338	1
7339	1
7340	0
7341	0
7342	1
7343	0
7344	0
7345	0
7346	1
7347	0
7348	0
7349	1
7350	0
7351	1
7352	1
7353	0
7354	0
7355	0
7356	0
7357	0
7358	2
7359	0
7360	0
7361	0
7362	0
7363	0
7364	2
7365	1
7366	1
7367	0
7368	0
7369	1
7370	0
7371	0
7372	0
7373	0
7374	1
7375	1
7376	0
7377	1
7378	0
7379	0
7380	0
7381	0
7382	0
7383	0
7384	0
7385	0
7386	0
7387	0
7388	1
7389	0
7390	0
7391	0
7392	0
7393	0
7394	0
7395	0
7396	0
7397	0
7398	0
7399	0
7400	0
7401	0
7402	0
7403	1
7404	0
7405	0
7406	0
7407	0
7408	0
7409	0
7410	0
7411	0
7412	0
7413	0
7414	0
7415	0
7416	0
7417	0
7418	1
7419	0
7420	0
7421	0
7422	0
7423	0
7424	2
7425	1
7426	0
7427	1
7428	0
7429	0
7430	0
7431	0
7432	1
7433	0
7434	1
7435	0
7436	0
7437	0
7438	1
7439	0
7440	0
7441	0
7442	1
7443	0
7444	0
7445	1
7446	0
7447	0
7448	1
7449	0
7450	1
7451	0
7452	0
7453	0
7454	1
7455	0
7456	0
7457	0
7458	0
7459	0
7460	1
7461	1
7462	0
7463	1
7464	0
7465	0
7466	0
7467	0
7468	0
7469	0
7470	0
7471	0
7472	1
7473	0
7474	0
7475	1
7476	1
7477	0
7478	0
7479	0
7480	0
7481	0
7482	0
7483	0
7484	0
7485	1
7486	1
7487	0
7488	1
7489	0
7490	0
7491	2
7492	0
7493	0
7494	1
7495	0
7496	2
7497	1
7498	0
7499	0
7500	0
7501	0
7502	0
7503	0
7504	0
7505	0
7506	1
7507	0
7508	0
7509	0
7510	1
7511	0
7512	1
7513	0
7514	0
7515	1
7516	0
7517	0
7518	0
7519	1
7520	0
7521	0
7522	0
7523	1
7524	0
7525	0
7526	1
7527	0
7528	0
7529	0
7530	0
7531	1
7532	0
7533	0
7534	1
7535	0
7536	0
7537	0
7538	0
7539	1
7540	0
7541	0
7542	0
7543	1
7544	1
7545	0
7546	0
7547	1
7548	0
7549	0
7550	0
7551	0
7552	1
7553	0
7554	0
7555	0
7556	0
7557	0
7558	0
7559	1
7560	0
7561	0
7562	0
7563	0
7564	0
7565	0
7566	2
7567	0
7568	1
7569	0
7570	0
7571	0
7572	0
7573	0
7574	0
7575	0
7576	2
7577	0
7578	0
7579	1
7580	1
7581	0
7582	0
7583	0
7584	0
7585	0
7586	1
7587	0
7588	1
7589	0
7590	0
7591	1
7592	0
7593	1
7594	0
7595	0
7596	0
7597	0
7598	0
7599	0
7600	0
7601	0
7602	1
7603	0
7604	0
7605	0
7606	0
7607	0
7608	1
7609	1
7610	1
7611	0
7612	0
7613	0
7614	0
7615	0
7616	0
7617	0
7618	0
7619	0
7620	1
7621	0
7622	0
7623	0
7624	0
7625	0
7626	0
7627	0
7628	0
7629	1
7630	0
7631	0
7632	0
7633	0
7634	0
7635	0
7636	0
7637	0
7638	0
7639	0
7640	0
7641	0
7642	0
7643	0
7644	0
7645	0
7646	1
7647	0
7648	0
7649	1
7650	0
7651	0
7652	1
7653	0
7654	0
7655	0
7656	0
7657	0
7658	0
7659	1
7660	0
7661	0
7662	0
7663	0
7664	0
7665	0
7666	0
7667	0
7668	1
7669	0
7670	2
7671	0
7672	1
7673	0
7674	0
7675	0
7676	0
7677	0
7678	0
7679	1
7680	1
7681	1
7682	0
7683	0
7684	1
7685	0
7686	0
7687	0
7688	1
7689	0
7690	0
7691	0
7692	0
7693	0
7694	0
7695	0
7696	0
7697	1
7698	0
7699	1
7700	0
7701	0
7702	0
7703	0
7704	0
7705	0
7706	1
7707	0
7708	0
7709	1
7710	0
7711	1
7712	1
7713	0
7714	0
7715	0
7716	0
7717	0
7718	0
7719	0
7720	0
7721	1
7722	0
7723	0
7724	0
7725	0
7726	0
7727	0
7728	0
7729	0
7730	0
7731	0
7732	0
7733	1
7734	0
7735	0
7736	0
7737	0
7738	0
7739	0
7740	0
7741	0
7742	0
7743	1
7744	0
7745	1
7746	0
7747	0
7748	0
7749	0
7750	0
7751	0
7752	0
7753	1
7754	0
7755	0
7756	0
7757	0
7758	1
7759	0
7760	0
7761	0
7762	3
7763	0
7764	0
7765	0
7766	0
7767	0
7768	0
7769	0
7770	0
7771	0
7772	0
7773	0
7774	1
7775	0
7776	2
7777	0
7778	1
7779	0
7780	1
7781	0
7782	2
7783	1
7784	0
7785	0
7786	1
7787	0
7788	0
7789	0
7790	0
7791	0
7792	1
7793	1
7794	1
7795	0
7796	0
7797	1
7798	0
7799	0
7800	0
7801	0
7802	1
7803	0
7804	1
7805	0
7806	0
7807	0
7808	2
7809	0
7810	0
7811	0
7812	0
7813	0
7814	1
7815	0
7816	0
7817	0
7818	0
7819	0
7820	0
7821	0
7822	0
7823	0
7824	0
7825	0
7826	0
7827	1
7828	1
7829	0
7830	0
7831	0
7832	1
7833	0
7834	0
7835	0
7836	0
7837	0
7838	2
7839	0
7840	0
7841	0
7842	1
7843	0
7844	0
7845	0
7846	0
7847	2
7848	0
7849	0
7850	0
7851	0
7852	0
7853	1
7854	0
7855	0
7856	0
7857	0
7858	1
7859	0
7860	0
7861	1
7862	0
7863	1
7864	0
7865	0
7866	1
7867	0
7868	0
7869	0
7870	1
7871	0
7872	1
7873	0
7874	0
7875	0
7876	1
7877	0
7878	0
7879	1
7880	0
7881	1
7882	0
7883	0
7884	0
7885	0
7886	0
7887	0
7888	0
7889	0
7890	0
7891	1
7892	0
7893	0
7894	0
7895	0
7896	0
7897	1
7898	0
7899	0
7900	0
7901	0
7902	0
7903	0
7904	0
7905	0
7906	1
7907	0
7908	0
7909	1
7910	1
7911	1
7912	1
7913	0
7914	1
7915	1
7916	0
7917	0
7918	0
7919	0
7920	1
7921	0
7922	0
7923	0
7924	1
7925	0
7926	1
7927	0
7928	1
7929	0
7930	0
7931	1
7932	0
7933	0
7934	1
7935	0
7936	0
7937	0
7938	1
7939	0
7940	0
7941	0
7942	1
7943	0
7944	2
7945	0
7946	0
7947	2
7948	0
7949	0
7950	0
7951	0
7952	1
7953	0
7954	0
7955	0
7956	1
7957	0
7958	0
7959	0
7960	1
7961	0
7962	0
7963	0
7964	0
7965	1
7966	0
7967	0
7968	0
7969	0
7970	1
7971	0
7972	0
7973	2
7974	0
7975	1
7976	0
7977	1
7978	0
7979	0
7980	1
7981	0
7982	0
7983	0
7984	0
7985	1
7986	0
7987	0
7988	0
7989	0
7990	0
7991	0
7992	0
7993	0
7994	0
7995	0
7996	0
7997	0
7998	0
7999	1
8000	1
8001	0
8002	0
8003	0
8004	0
8005	0
8006	0
8007	0
8008	0
8009	0
8010	1
8011	2
8012	0
8013	0
8014	2
8015	0
8016	0
8017	0
8018	2
8019	0
8020	0
8021	1
8022	0
8023	0
8024	0
8025	1
8026	1
8027	0
8028	0
8029	0
8030	1
8031	0
8032	0
8033	0
8034	0
8035	0
8036	1
8037	0
8038	0
8039	1
8040	0
8041	0
8042	1
8043	1
8044	0
8045	0
8046	0
8047	0
8048	0
8049	1
8050	0
8051	0
8052	1
8053	1
8054	0
8055	0
8056	0
8057	2
8058	0
8059	0
8060	1
8061	0
8062	0
8063	0
8064	0
8065	0
8066	0
8067	1
8068	1
8069	0
8070	0
8071	0
8072	0
8073	0
8074	0
8075	0
8076	0
8077	0
8078	0
8079	0
8080	1
8081	0
8082	0
8083	0
8084	0
8085	0
8086	0
8087	0
8088	0
8089	0
8090	0
8091	0
8092	0
8093	0
8094	0
8095	0
8096	0
8097	0
8098	0
8099	0
8100	0
8101	0
8102	0
8103	0
8104	0
8105	0
8106	0
8107	0
8108	0
8109	0
8110	0
8111	0
8112	0
8113	0
8114	0
8115	0
8116	0
8117	0
8118	0
8119	0
8120	0
8121	0
8122	0
8123	0
8124	0
8125	0
8126	0
8127	0
8128	0
8129	0
8130	0
8131	0
8132	0
8133	0
8134	0
8135	0
8136	0
8137	0
8138	0
8139	0
8140	0
8141	0
8142	0
8143	0
8144	0
8145	0
8146	0
8147	0
8148	0
8149	0
8150	0
8151	0
8152	0
8153	0
8154	0
8155	0
8156	0
8157	0
8158	0
8159	0
8160	0
8161	0
8162	0
8163	0
8164	0
8165	0
8166	0
8167	0
8168	0
8169	0
8170	0
8171	0
8172	0
8173	0
8174	0
8175	0
8176	0
8177	0
8178	0
8179	0
8180	0
8181	0
8182	0
8183	0
8184	0
8185	0
8186	0
8187	0
8188	0
8189	0
8190	0
8191	0
